NAME moment_estimation_cluster
ASSETS 10
BENCHMARKS 0.1 0.1 0.1 0.1 0.1 0.1 0.1 0.1 0.1 0.1 
COVARIANCES
0 0 0.00479134
1 0 0.0012989
1 1 0.00222441
2 0 0.00467231
2 1 0.00246218
2 2 0.00610665
3 0 0.00310939
3 1 0.00127774
3 2 0.00303024
3 3 0.0025929
4 0 0.00126387
4 1 0.000509649
4 2 0.00150413
4 3 0.000561507
4 4 0.000990702
5 0 0.00734851
5 1 0.00208187
5 2 0.00747937
5 3 0.00495621
5 4 0.00186361
5 5 0.0126287
6 0 0.00156112
6 1 0.000567903
6 2 0.00133826
6 3 0.00127718
6 4 0.000339372
6 5 0.00240285
6 6 0.000981457
7 0 -0.00608298
7 1 -0.00222216
7 2 -0.0086459
7 3 -0.00326579
7 4 -0.00207736
7 5 -0.0106087
7 6 -0.000832379
7 7 0.0183944
8 0 0.00478708
8 1 0.0015433
8 2 0.00515827
8 3 0.0030347
8 4 0.00136944
8 5 0.00766412
8 6 0.00149494
8 7 -0.0075922
8 8 0.00535964
9 0 0.000710268
9 1 -0.000243619
9 2 0.000126298
9 3 0.000454169
9 4 0.000135176
9 5 0.000732318
9 6 0.000408782
9 7 0.000424193
9 8 0.000563537
9 9 0.000534517
SCENARIOS
0 0.49601	1.05493 1.02342 1.06842 1.04545 1.00739 1.1032 1.03103 0.919646 1.0626 1.00069 
1 0.50399	0.971764 0.988906 0.943931 0.96943 0.990938 0.935628 0.986018 1.06516 0.960099 0.995403 
00 0.766981	1.04477 1.01961 1.04723 1.02172 1.02374 1.06262 0.996765 0.987874 1.07828 1.00993 
01 0.233019	0.909874 0.964391 0.905215 0.935831 0.969274 0.877859 0.957912 1.15004 0.900116 0.991094 
10 0.185857	1.10866 1.02151 1.15659 1.04163 1.05341 1.15829 1.02963 0.787421 1.12093 1.01417 
11 0.814143	0.986173 1.00007 0.98703 0.983938 0.993185 0.985512 0.972804 1.05549 0.996066 0.993028 
000 0.337303	0.906886 0.988904 0.919149 0.964749 0.976415 0.881302 1.0031 1.05453 0.914678 0.997538 
001 0.124307	1.14317 1.07581 1.1741 1.10922 1.03781 1.25237 1.03162 0.790361 1.10967 1.03246 
002 0.101359	1.0529 0.947247 0.961119 1.03502 0.972934 1.08215 1.03431 0.941513 0.986716 1.02014 
003 0.0702363	1.02657 1.05508 1.04601 1.11724 0.965237 1.10368 1.0459 0.955051 1.01582 1.00212 
004 0.0929737	0.963378 1.09327 1.07019 0.976881 1.02866 0.978167 0.981938 0.927386 0.967281 0.957601 
005 0.0846674	0.894812 0.945225 0.826978 0.92847 0.957534 0.778908 0.972125 1.36609 0.819584 1.0186 
006 0.0777541	1.06353 1.0414 1.11565 1.01369 1.0455 1.06464 1.03917 0.762368 1.0935 0.989268 
007 0.1114	1.06097 0.978809 1.02887 1.03054 1.02964 1.09716 1.01495 0.913541 0.982428 0.99942 
010 0.0928361	0.97793 0.971706 0.979651 1.00668 0.944893 0.965962 1.00607 0.966638 0.980199 0.99776 
011 0.157121	0.972661 1.07803 1.04726 1.00817 1.00627 0.969993 1.00429 0.967169 1.02417 0.979593 
012 0.132895	1.01748 0.90273 0.932378 1.0054 0.990962 0.999135 1.04145 1.20862 1.01921 1.06126 
013 0.0582281	1.20398 1.02555 1.13375 1.1114 1.00969 1.23579 1.02281 0.849312 1.1301 1.02116 
014 0.177539	0.950421 0.991515 0.968061 0.956988 1.00884 0.92032 0.940923 0.9433 0.980637 0.986595 
015 0.139557	1.06721 0.957379 1.05011 1.00892 1.05445 1.07639 1.02882 0.915206 1.08753 1.01448 
016 0.101229	1.1255 1.04539 1.0827 1.07095 1.03992 1.10197 1.0211 0.956487 1.10172 1.04509 
017 0.140595	0.872776 0.961585 0.850829 0.922672 0.990176 0.809956 0.984094 1.27749 0.855518 0.988587 
100 0.216398	0.979675 1.04326 1.00875 0.972364 1.02371 0.961414 0.948493 0.987012 0.982558 0.968632 
101 0.0634141	1.11128 0.98431 1.06267 1.08664 1.03038 1.16426 1.00097 0.938618 1.14609 1.05183 
102 0.100886	1.11378 1.06936 1.16104 1.08306 1.05808 1.22711 1.03832 0.771357 1.15654 0.987814 
103 0.134942	0.952787 0.946104 0.87681 0.963772 0.988749 0.939338 0.975991 1.26867 0.936679 1.02411 
104 0.201345	1.00484 0.972207 0.984987 1.01609 0.984015 1.0218 1.00276 0.953806 1.0256 1.02056 
105 0.0958685	0.872571 0.945301 0.889843 0.891009 0.968402 0.78569 0.94099 1.18342 0.885366 0.949648 
106 0.0548735	0.906943 0.917267 0.877673 0.933385 0.993243 0.886063 0.951308 1.04516 0.940963 1.00291 
107 0.132273	1.04216 1.06613 1.03329 1.09976 0.992449 1.10364 1.07065 1.2053 1.06773 1.00919 
110 0.133603	0.952543 1.03189 0.990648 1.051 0.996927 0.992951 1.04076 1.10334 0.933213 1.01549 
111 0.110231	1.06742 0.976584 1.03366 1.05537 0.967575 1.13349 1.04426 0.921369 1.03666 1.00794 
112 0.0681176	0.886246 0.911245 0.857808 0.95036 0.925964 0.851414 0.99221 1.28478 0.859927 0.996248 
113 0.0677764	0.890677 1.03999 0.952431 0.972882 0.93204 0.862044 0.966236 1.07801 0.902186 0.961517 
114 0.243371	1.11675 1.03363 1.14408 1.08253 1.04177 1.15574 1.04857 0.848526 1.12745 1.00813 
115 0.177593	0.938915 0.950779 0.971788 0.968496 0.986915 0.965758 0.974384 0.962971 0.924465 0.984475 
116 0.0762088	0.848313 0.94068 0.853838 0.894165 0.984141 0.811114 0.966631 1.33795 0.818336 0.992331 
117 0.123099	0.996694 1.01831 1.04886 0.963643 1.05352 1.0141 1.01294 0.872491 1.00287 0.991089 
0000 0.155003	1.08795 1.00117 1.13129 0.994765 1.05363 1.0942 0.979061 0.890733 1.05356 0.980711 
0001 0.135754	0.969636 0.930204 0.881889 0.972619 0.96464 0.965538 1.00108 1.20076 0.926216 0.987088 
0002 0.1988	1.06529 1.00765 1.05686 1.03915 0.992602 1.08125 1.02033 1.02616 0.992806 0.997836 
0003 0.109102	0.991841 1.06911 1.03644 0.981479 1.01489 0.969217 0.990244 0.995879 0.985564 0.980031 
0004 0.128585	1.08432 1.00394 0.987344 1.06758 0.953843 1.09343 0.976595 1.09865 1.01634 1.03251 
0005 0.0728647	1.19111 1.08733 1.16808 1.10756 0.994124 1.24315 1.00206 0.946662 1.13259 0.995959 
0006 0.0600842	0.9483 1.02624 0.967051 0.960254 0.946541 0.87962 0.957448 1.13618 0.862586 0.934197 
0007 0.139807	0.959689 0.954244 0.959051 0.909364 1.00547 0.908011 0.941387 0.973675 0.955419 0.962691 
0010 0.160499	0.92308 0.995334 0.976304 0.983377 0.960482 0.896516 1.01188 1.0364 0.948832 0.947887 
0011 0.207021	0.987306 0.934417 0.922832 0.924542 0.993251 0.90341 0.975922 1.14217 0.939402 0.961223 
0012 0.142736	1.00523 1.03688 1.03096 1.01725 1.02102 1.03266 1.01686 1.02586 1.00953 0.972551 
0013 0.0979065	1.05571 1.0089 1.08961 1.06825 0.974057 1.18969 1.10008 0.787645 1.15962 0.985623 
0014 0.0769719	1.1669 1.02641 1.16389 1.02274 1.09706 1.15367 0.991265 0.734477 1.15626 0.980589 
0015 0.0691478	1.08282 1.06725 1.18102 1.07475 1.03986 1.24669 1.02648 0.741972 1.11719 0.99476 
0016 0.0680905	0.964331 1.02475 0.920591 0.973494 1.01544 0.894448 0.993269 1.33148 0.909926 0.97912 
0017 0.177627	1.11341 0.937147 0.997571 1.05474 1.01307 1.10932 1.10408 1.12333 1.06408 1.05016 
0020 0.112552	1.0117 0.997105 1.11721 0.988801 1.05492 1.08737 1.00703 0.735339 1.03247 0.975583 
0021 0.141598	0.999925 1.00844 1.11785 1.04715 0.988913 1.10383 1.00493 0.844312 1.04453 0.963235 
0022 0.158714	0.976812 0.963452 0.978135 0.960666 1.02749 0.928599 0.951036 1.07547 0.984582 1.02262 
0023 0.137707	0.85669 0.9105 0.901173 0.92512 0.960428 0.848045 0.935642 1.213 0.864087 0.970743 
0024 0.10166	0.958938 0.973224 0.923278 0.997265 1.00584 0.927657 0.987553 1.29823 0.930145 1.03049 
0025 0.0635373	0.928754 1.0472 1.05345 0.938235 1.00271 0.882625 0.953626 0.835829 0.993638 0.938731 
0026 0.100882	1.08427 1.02562 1.11865 1.08509 1.02134 1.18054 0.996836 0.859303 1.13718 1.0315 
0027 0.183351	0.927001 0.993495 0.973513 1.01013 0.973677 0.94824 1.01523 1.10795 0.973593 1.0237 
0030 0.107036	0.928541 0.973984 0.916055 0.90806 0.960856 0.808048 0.918533 1.10002 0.892688 0.978154 
0031 0.0991766	0.983065 0.914543 0.869402 0.952511 0.991248 0.864758 0.97483 1.2981 0.923709 1.06012 
0032 0.0965569	1.00254 0.981884 0.962172 0.987544 0.955617 0.887848 0.978819 1.17374 0.958217 1.00692 
0033 0.114147	1.08756 1.03854 1.06915 1.00813 1.03627 1.15922 1.04276 0.936815 1.07983 1.02461 
0034 0.133608	1.06194 1.07942 1.1187 1.03217 1.00825 1.08657 1.04405 0.904454 1.07981 1.00609 
0035 0.183757	1.07622 1.02076 1.00082 1.01068 1.00813 1.06753 1.03915 1.164 1.01616 1.05159 
0036 0.169536	0.981158 1.02902 1.02103 0.961541 1.01372 0.958488 1.00021 0.93444 1.00577 0.968499 
0037 0.0961826	1.17697 1.0753 1.17347 1.10689 1.0417 1.3001 1.05591 0.988547 1.12733 1.03458 
0040 0.15974	0.883939 0.947545 0.879894 0.934846 0.976039 0.798557 0.969058 1.06185 0.894954 1.00058 
0041 0.123551	1.02965 0.964898 0.982069 0.963749 1.05022 1.0319 1.01379 0.969524 1.0591 1.02075 
0042 0.166525	0.968766 0.980726 0.96485 0.99839 0.972875 1.022 0.968053 0.957242 0.96328 0.995934 
0043 0.0800113	1.13278 1.01509 1.13068 1.0587 1.01405 1.10819 1.03847 0.754854 1.06621 1.00011 
0044 0.117897	1.02716 1.02265 0.943 1.02261 1.00537 0.945876 1.00404 1.2238 0.986508 1.04252 
0045 0.0904722	1.09549 1.0691 1.06051 1.09435 0.964468 1.03021 1.0557 0.943564 1.05125 1.01854 
0046 0.213458	1.06538 1.02044 1.04274 1.06483 1.03045 1.0606 1.02379 1.01669 1.03049 1.01431 
0047 0.0483461	0.958689 0.939188 0.918285 0.909324 1.03152 0.857256 0.993456 1.07579 0.910116 1.0183 
0050 0.1276	0.933517 1.02175 1.00024 0.963934 1.0235 0.901663 0.951653 1.01261 0.939227 0.958476 
0051 0.110214	1.04184 1.01101 1.108 1.04208 1.00907 1.20539 1.00998 0.760225 1.13749 0.966224 
0052 0.14064	0.967976 0.99581 0.975301 1.00495 0.929291 1.00824 0.991984 1.022 1.00625 0.981799 
0053 0.0788575	1.05832 1.11377 1.09766 1.09343 1.01115 1.18523 1.03619 1.03496 1.11667 1.00889 
0054 0.243713	1.00386 0.92188 0.972318 1.02307 1.00532 1.06096 1.01895 0.956992 1.04849 1.0312 
0055 0.0605402	0.841898 0.96134 0.864633 0.925496 0.934923 0.811662 0.950622 1.31128 0.881253 0.973298 
0056 0.150885	0.879232 0.99444 0.988554 0.894098 0.978393 0.867271 0.962862 0.896802 0.934501 0.9573 
0057 0.0875505	1.07345 1.00222 1.09596 1.04103 1.08099 1.1759 1.0385 0.794955 1.15633 1.00089 
0060 0.208249	0.93619 0.984772 0.9367 0.976872 0.964044 0.899652 0.969492 1.12549 0.906813 0.997191 
0061 0.128465	0.99551 1.05192 1.0122 1.00549 1.00474 0.976991 1.00839 0.960118 0.981127 0.966475 
0062 0.0807978	0.989792 0.936868 0.963519 0.964229 1.074 1.04482 0.962815 0.941244 0.95373 1.01889 
0063 0.0824882	1.08632 0.954421 1.04085 1.03841 1.06644 1.16974 0.982524 0.850992 1.03406 1.02631 
0064 0.0882353	0.992237 0.960827 1.01524 0.973391 0.981381 1.07269 0.906869 0.964762 0.950654 0.968495 
0065 0.20284	1.10738 1.00191 1.09514 1.06318 1.02279 1.22425 1.02894 0.865983 1.04477 1.02528 
0066 0.106829	1.07262 1.00539 1.01235 1.07088 0.955453 1.11794 0.974811 0.950581 1.02691 1.01956 
0067 0.102096	0.929277 0.924013 0.887849 0.895551 0.998649 0.903791 0.902862 0.938025 0.913024 1.00257 
0070 0.138981	0.934994 0.966123 0.942001 0.931978 1.01295 0.881536 0.984089 1.06739 0.99838 0.994622 
0071 0.117272	1.10189 0.987682 1.02463 1.09751 0.994659 1.08697 1.0758 1.06462 1.08195 1.06386 
0072 0.0601699	0.860596 0.90941 0.847878 0.900039 0.975318 0.797997 0.950835 1.29935 0.855459 1.03332 
0073 0.0488438	0.939591 1.00512 0.928404 0.989467 0.995444 0.880961 0.994704 1.11631 0.969416 1.01757 
0074 0.113733	1.11187 1.02742 1.11991 1.08208 1.02626 1.1587 1.05667 0.796601 1.22712 1.04806 
0075 0.231477	1.02726 1.0044 1.03846 1.0115 1.02801 1.06591 1.01835 0.939202 1.09007 1.01539 
0076 0.174139	0.987407 0.966368 0.939145 1.01827 0.965352 0.945516 1.02568 1.298 1.03214 1.0403 
0077 0.115385	0.931578 0.979466 0.978714 0.97934 0.969821 0.929131 1.00361 0.959922 1.00997 0.997985 
0100 0.120224	0.943621 0.974775 0.908098 0.968204 0.965206 0.866029 0.956569 1.24373 0.954967 0.985569 
0101 0.158434	1.1753 1.06441 1.12057 1.11832 1.01384 1.24287 1.06874 0.967013 1.17049 1.04994 
0102 0.0493942	0.93844 1.00913 0.973069 0.952057 1.0584 0.865587 0.974491 1.22908 0.911675 1.00668 
0103 0.100652	1.00471 1.06218 0.95314 1.0075 0.987607 0.928684 0.973249 1.21972 0.947768 0.998386 
0104 0.0605778	0.992182 0.977663 0.996453 0.953542 0.974479 0.907283 0.916828 1.04014 0.959891 0.969562 
0105 0.239515	1.02249 1.05082 1.06652 1.00226 1.03769 1.1099 0.993759 0.928571 1.03387 0.988983 
0106 0.144455	1.07077 1.05277 1.10491 1.05191 0.997509 1.0855 0.988053 0.858948 1.04882 0.999147 
0107 0.126747	1.02517 0.950544 0.977048 0.991744 1.00712 1.05716 0.963619 1.00799 0.987004 0.969241 
0110 0.146476	1.14063 1.04745 1.14056 1.06864 1.05578 1.16782 1.03833 0.748799 1.12259 0.972347 
0111 0.0930617	0.976412 0.984472 0.952125 0.916569 1.05343 0.923261 0.983349 1.0841 0.933905 1.00296 
0112 0.061674	1.09804 1.03267 1.0265 1.11096 0.959122 1.11941 1.02401 0.972763 1.04137 1.03673 
0113 0.0726872	1.04862 1.00283 1.01853 1.04071 0.946111 1.01734 1.0135 1.05584 0.938687 0.99998 
0114 0.0561674	1.05335 0.999464 0.982034 1.06177 1.00725 1.0379 1.02158 1.21334 0.95683 1.02654 
0115 0.186123	1.01497 0.955027 0.917437 1.00203 1.00572 0.94918 1.0058 1.33101 0.934864 1.04738 
0116 0.227974	0.966893 0.999127 0.960823 0.959014 0.994116 0.972459 0.978843 1.03954 0.927984 0.960423 
0117 0.155837	1.05351 0.970579 1.05564 1.03936 1.01401 1.01789 1.01735 0.929965 1.02328 1.03433 
0120 0.0729167	0.989086 0.943088 0.947132 0.940337 0.986722 0.9301 0.927111 0.979996 0.946936 0.992958 
0121 0.182292	0.980269 1.09145 1.01871 0.995298 1.05014 0.894079 1.01659 0.984028 0.963601 0.965193 
0122 0.154948	1.00296 1.01133 1.0172 1.00674 0.997993 1.01148 0.984216 0.898936 0.966424 0.954031 
0123 0.127604	1.02425 1.01795 1.1113 0.998888 1.03078 1.10805 0.969245 0.719275 1.08755 0.991177 
0124 0.144531	0.956848 1.05387 0.928031 1.01715 0.949818 0.894963 0.954335 1.19797 0.892799 0.982985 
0125 0.19987	1.0607 0.99897 1.00238 1.08189 1.01121 1.11217 1.01512 0.947156 1.03639 1.01675 
0126 0.0729167	0.887676 0.994768 0.872455 0.897925 0.941404 0.772478 0.954041 1.23054 0.87404 0.991395 
0127 0.0449219	0.926042 0.915503 0.875662 0.971357 0.94343 0.902101 0.933597 0.889042 0.930606 1.00006 
0130 0.0505201	1.05058 0.994665 1.08875 1.0617 1.04474 1.14253 1.07489 0.9318 1.14263 1.04044 
0131 0.129272	1.02352 0.903915 0.927046 1.05877 0.979162 0.997474 1.06467 1.1161 1.09149 1.07585 
0132 0.132244	0.968673 1.02203 1.05915 1.01349 0.994327 1.02359 0.989173 0.932767 1.05839 0.985861 
0133 0.0624071	1.06542 1.04893 1.13981 1.09761 1.01414 1.16646 1.04571 0.804431 1.0952 0.983774 
0134 0.187221	0.928162 0.939553 0.886088 0.980851 0.951237 0.941205 1.03644 1.26022 0.992755 1.02941 
0135 0.15156	1.01605 1.02759 1.10438 0.98674 1.02311 1.04891 0.985246 0.864071 1.07321 0.97515 
0136 0.175334	0.896062 0.934956 0.918677 0.931102 0.9837 0.88008 0.970568 0.958855 1.02767 1.00824 
0137 0.111441	1.09986 0.933697 1.02175 1.02935 1.04195 1.11507 1.04615 0.887867 1.12627 1.05488 
0140 0.128168	1.06697 1.00756 1.09929 1.01481 1.00879 1.01815 1.05877 0.934126 1.04626 0.98989 
0141 0.110136	0.991253 0.953799 1.06453 0.954871 1.00394 1.06506 0.983245 0.816961 1.05183 0.961321 
0142 0.0555556	1.17815 1.06681 1.20901 1.07405 1.07035 1.22227 1.07781 0.853675 1.14854 1.00947 
0143 0.084308	1.07125 1.07745 1.14784 1.04154 0.997509 1.18574 1.04301 0.891107 1.11949 0.967201 
0144 0.115984	0.903784 1.02336 0.951063 0.950405 1.02909 0.940462 1.00401 1.13732 0.943324 0.972857 
0145 0.259747	1.0397 0.962305 0.983388 0.998131 0.95941 1.04603 1.04873 1.03686 1.02835 0.998991 
0146 0.0716374	1.09826 0.992044 1.07618 1.04591 1.06551 1.04381 1.01883 0.928474 1.02702 1.008 
0147 0.174464	0.977483 0.944589 0.886682 0.967554 0.959782 0.914054 1.03161 1.26409 0.940861 1.00277 
0150 0.0886547	1.16294 1.04541 1.13293 1.073 1.06934 1.22081 1.03326 0.756881 1.16627 1.04912 
0151 0.120273	1.01974 1.07033 1.05522 1.03661 0.9951 1.05954 1.02621 0.835327 1.0746 1.0038 
0152 0.137632	1.01176 0.933977 0.942957 1.05109 0.973615 1.08257 1.00295 1.07464 1.03964 1.03991 
0153 0.103534	1.1325 1.03941 1.16629 1.0661 1.02052 1.17635 1.01093 0.738505 1.13166 1.02832 
0154 0.0688159	1.00498 1.09366 1.07846 0.975806 0.997555 1.02583 0.922895 0.742994 1.0027 0.953143 
0155 0.0619963	1.05323 0.976691 1.04663 1.05012 0.969675 1.14764 0.97902 0.798131 1.07953 0.974675 
0156 0.281463	0.912147 1.0122 0.930773 0.949968 0.977338 0.905165 0.981982 1.00776 0.955551 0.977482 
0157 0.137632	0.986945 1.00651 1.04815 0.961638 1.08181 0.929678 0.949931 0.863432 0.986313 1.00324 
0160 0.174359	1.06127 1.00887 1.06391 1.0825 1.04489 1.15448 1.07852 0.850745 1.06893 0.993595 
0161 0.0521368	0.930995 1.06614 1.00395 1.00045 0.940047 0.913313 1.01172 0.964487 0.971646 0.966102 
0162 0.0991453	1.0184 0.967397 0.960221 1.04387 0.984279 1.05284 1.07009 1.10224 1.00101 1.0073 
0163 0.123932	0.905408 0.9684 0.845782 0.959326 0.958434 0.853513 0.979099 1.23057 0.874146 0.94706 
0164 0.091453	0.948594 1.04969 1.07038 1.00167 1.05332 0.984891 1.03215 0.936516 1.01957 0.946508 
0165 0.173504	0.94398 0.981789 0.98697 1.01526 0.956267 0.955725 1.04169 1.03874 0.952722 0.977604 
0166 0.112821	1.04121 1.05528 1.10284 1.06334 1.00719 1.0477 0.995553 0.839091 1.08851 0.972836 
0167 0.17265	0.9191 0.992983 0.980461 0.956308 0.993351 0.891671 0.990031 0.919471 0.982126 0.936287 
0170 0.118154	0.940263 0.988111 0.939304 0.954227 0.955437 0.936407 0.938189 0.947102 0.947197 0.960271 
0171 0.0855385	1.00964 0.944423 0.985149 0.955385 1.05334 0.950113 0.978276 1.04371 0.987996 1.00895 
0172 0.0455385	1.1695 1.07783 1.2102 1.06295 1.06527 1.20325 1.01611 0.769745 1.11654 1.01661 
0173 0.192615	0.960429 0.9587 0.903415 0.984433 0.93463 0.865942 0.974286 1.30239 0.935454 1.01596 
0174 0.178462	1.13166 1.01695 1.08799 1.07916 1.01242 1.12379 1.02749 0.907269 1.1647 1.03732 
0175 0.0966154	1.02003 0.991265 1.01726 0.974446 0.993422 0.959477 1.01527 0.937794 1.02876 1.01894 
0176 0.0935385	1.07627 1.02005 1.10387 0.995537 1.07546 1.04814 0.906812 0.79654 1.08056 0.972688 
0177 0.189538	1.06102 1.0584 1.03997 1.04406 0.967238 1.07391 1.01409 1.01019 1.05367 0.974496 
1000 0.148989	1.07325 0.936369 1.05813 1.0051 1.05108 1.04009 1.03279 0.909721 1.0681 1.03991 
1001 0.104588	0.894895 0.94938 0.933138 0.939311 0.958854 0.85918 0.967469 0.992122 0.938084 0.991893 
1002 0.109521	0.952535 0.919155 0.929778 0.928767 1.02268 0.93174 1.00506 1.16285 0.950213 1.0303 
1003 0.133202	0.951448 0.993715 0.96376 0.987755 0.957527 0.914204 1.04118 1.35948 0.955516 1.01716 
1004 0.0912679	1.10088 1.07052 1.14073 1.09382 1.01499 1.23444 1.08359 0.859997 1.06293 1.00667 
1005 0.162802	0.998432 1.01306 1.05937 0.986872 1 0.94718 0.965703 0.845951 1.05657 0.980124 
1006 0.0804144	0.892775 0.910197 0.859325 0.929666 0.972857 0.838947 1.01876 1.16954 0.917117 1.0242 
1007 0.169216	1.03912 1.01616 1.00053 1.04467 1.00081 1.08255 1.01441 1.14472 0.988189 0.997879 
1010 0.190236	0.984296 1.01416 1.01035 0.987888 0.972839 1.06478 1.04672 1.05079 1.00638 0.962266 
1011 0.159933	0.963916 0.989223 0.983074 0.959736 1.02044 0.932957 1.00657 0.972346 0.934381 0.979774 
1012 0.12963	0.949977 0.958558 0.933544 1.00601 0.949466 0.953254 1.03678 1.0378 0.886298 0.992496 
1013 0.0521886	0.847464 0.959655 0.842984 0.901655 0.935589 0.831882 1.00651 1.25518 0.862956 0.973808 
1014 0.0606061	1.05691 0.99585 0.997235 1.0208 1.0386 1.15843 1.08341 1.02002 0.998098 1.03447 
1015 0.144781	1.18716 1.0597 1.1632 1.04564 1.05075 1.22097 1.06984 0.943143 1.13599 1.03891 
1016 0.0690236	0.954113 0.983384 0.931964 0.965106 1.04166 0.904327 1.05918 1.12521 0.896106 1.01178 
1017 0.193603	1.10309 0.969736 1.03059 1.06321 0.980986 1.16068 1.0637 0.876883 1.03525 1.01679 
1020 0.112169	1.01841 0.997394 1.05797 0.99781 1.05458 0.977125 1.00458 0.860056 1.07247 1.06066 
1021 0.164021	1.06659 1.06195 1.06467 1.05934 0.995964 1.10067 1.0078 1.01396 1.05147 1.02584 
1022 0.141799	0.935388 1.04023 0.963009 0.997192 0.961447 0.888546 0.969984 1.19899 0.893623 0.969018 
1023 0.216931	0.933207 0.959891 0.927119 0.917556 0.984625 0.889113 0.886171 0.900572 0.969515 0.997649 
1024 0.0656085	1.07548 0.906945 1.03122 1.00168 1.01674 1.13728 0.999946 0.932333 1.06516 1.01063 
1025 0.156614	0.961506 0.947779 0.953462 0.96659 0.956371 0.947859 0.977865 1.08637 0.974117 1.00965 
1026 0.0486772	1.09627 0.954812 1.03998 1.02091 0.982184 1.04004 1.00687 1.13132 1.0521 1.03825 
1027 0.0941799	1.16594 1.02354 1.10676 1.12 1.02142 1.27676 1.0576 1.01499 1.1815 1.06558 
1030 0.114715	1.0587 1.07615 1.12455 1.10844 1.01695 1.05622 1.05805 0.99266 1.03598 1.00179 
1031 0.11788	0.981119 1.03343 1.05016 1.07415 0.969538 1.04617 1.05641 0.888964 1.04443 0.994602 
1032 0.193829	1.00188 1.04376 1.09461 1.02725 1.04869 1.02584 1.01796 0.972586 1.07022 0.97331 
1033 0.119462	1.04097 0.974126 1.05766 1.02822 0.998133 1.05496 1.03988 0.859911 1.02032 0.984296 
1034 0.15269	0.945682 0.936388 0.9086 0.943847 0.979959 0.904148 0.990961 1.01021 0.944131 0.974103 
1035 0.106013	0.912245 1.00093 0.968825 1.0147 0.953865 0.919022 1.01635 1.18305 0.941159 1.00355 
1036 0.139241	0.99686 0.970636 0.986968 1.00889 1.01838 0.985891 1.01859 1.13908 1.01654 1.02739 
1037 0.0561709	0.85005 0.966195 0.899053 0.935866 0.955306 0.750011 0.938982 1.13801 0.850591 0.947023 
1040 0.0657476	0.900864 1.06514 0.957228 0.977933 0.963683 0.871157 1.02522 1.30233 0.907369 0.965703 
1041 0.0768823	0.992365 0.884856 0.944885 0.945713 1.01237 1.01373 0.998936 1.10251 0.982246 1.01181 
1042 0.179745	1.00339 1.03465 1.0458 1.02535 0.99318 0.993072 0.988769 1.04822 1.01058 0.985832 
1043 0.170201	0.944306 0.967668 0.943233 0.951837 0.969891 0.934951 0.939754 1.17452 0.967929 0.974085 
1044 0.0816543	1.03543 0.980375 0.952752 1.06236 1.00188 1.12196 1.06183 1.18524 1.04823 1.01754 
1045 0.123542	1.10802 1.09154 1.15009 1.08168 1.01108 1.2467 1.0248 0.766606 1.13278 0.977513 
1046 0.218452	1.05768 0.989762 1.0866 0.999708 1.0492 1.06488 0.956824 0.970315 1.01251 0.962731 
1047 0.0837752	0.948314 1.00015 0.976131 1.02809 0.955614 0.988103 0.989454 1.05904 0.922314 0.982451 
1050 0.224944	1.03346 1.0418 1.09169 1.04055 1.04957 1.24568 1.02365 0.885781 1.05716 0.999196 
1051 0.193764	1.0375 1.05226 1.07118 1.07141 0.99048 1.16569 1.02286 0.849832 1.03436 1.02639 
1052 0.0668151	0.902037 0.984681 0.884254 0.892554 1.01715 0.840569 0.944414 1.22001 0.866122 1.01229 
1053 0.0790646	0.898031 1.05764 0.954824 0.977096 0.951927 0.883079 0.95068 1.01937 0.972547 1.00192 
1054 0.0579065	0.909538 1.04461 0.911265 1.02974 1.01797 0.950026 0.98105 1.32666 0.902095 0.992734 
1055 0.23608	0.948562 0.948733 0.919132 0.974462 0.979946 0.985976 1.03611 1.07272 0.952154 1.0528 
1056 0.0723831	1.06927 1.01399 1.10853 1.09971 0.940787 1.23577 1.01673 0.775564 1.10779 1.00441 
1057 0.0690423	0.927623 0.91958 0.917054 0.931086 0.982591 0.975723 0.991744 0.931205 0.954009 0.999122 
1060 0.136187	1.00985 0.953812 1.0055 0.919148 1.01295 0.926181 0.957642 0.961442 1.00451 1.01852 
1061 0.198444	0.963535 0.982056 0.963195 0.966285 0.972551 0.929134 0.986539 1.19155 0.911617 1.00395 
1062 0.0661479	1.04656 1.02998 1.11641 1.01534 1.00564 1.13118 0.993404 0.92668 1.09977 0.968818 
1063 0.126459	1.05785 0.961345 1.0071 1.00731 1.05386 1.07363 0.979918 1.07182 1.02628 1.05097 
1064 0.14786	1.10435 1.07865 1.12609 1.07446 0.990947 1.06965 0.999958 0.92709 1.08467 1.00234 
1065 0.0642023	1.12993 0.942138 1.14298 1.03757 1.00125 1.31743 1.02094 0.8368 1.12863 1.00684 
1066 0.0894942	1.0153 1.04701 1.09891 1.01292 1.074 0.995367 1.0114 0.941638 1.0396 1.00301 
1067 0.171206	0.941643 0.9622 1.00816 0.943878 0.940439 0.938821 0.955348 1.09462 0.978262 0.952223 
1070 0.0920097	1.16133 1.0427 1.1634 1.09398 1.06578 1.26083 1.04307 0.855694 1.1708 1.03312 
1071 0.0976594	0.916635 0.988015 0.962094 0.899271 0.998097 0.893544 0.919903 0.799703 0.944019 0.963734 
1072 0.165456	0.929627 0.923181 0.918635 0.934793 0.980695 0.887121 1.02641 1.07198 0.868801 1.01542 
1073 0.268765	1.03023 1.00502 1.01728 0.977883 1.01322 1.07 1.00513 0.925289 1.00134 1.01295 
1074 0.0645682	0.976293 0.990047 0.988236 1.02928 0.937943 0.990545 1.02968 1.02663 0.979564 1.0013 
1075 0.0718321	1.01652 1.03779 1.00113 0.981043 1.10111 0.945715 0.955769 0.964337 0.972767 1.00476 
1076 0.164649	1.04773 1.0003 1.1314 1.03435 1.02548 1.10202 0.955446 0.79953 0.997136 0.969758 
1077 0.0750605	0.970853 1.10755 1.08613 1.03595 0.96845 0.99935 0.967549 0.899971 0.997407 0.969176 
1100 0.157424	1.0897 1.04147 1.10168 0.978621 1.0451 1.04816 0.961837 0.911513 1.07077 0.971275 
1101 0.114009	0.994097 0.94269 0.928901 0.925856 1.0229 0.894379 0.946089 1.18432 0.980368 0.980259 
1102 0.121671	0.983595 1.02042 0.985053 0.991915 0.962509 0.973025 1.00673 1.17832 0.981315 0.97635 
1103 0.176031	1.09538 1.02154 1.04916 1.02574 1.01038 1.02896 1.05229 1.06155 1.11907 1.02556 
1104 0.160525	1.17643 1.06177 1.15641 1.07709 0.996242 1.2318 1.03669 0.861768 1.19281 0.999899 
1105 0.107078	0.946363 0.947354 0.869977 0.968629 0.947219 0.856443 1.05366 1.25176 0.988532 1.04 
1106 0.0829989	1.00845 1.0278 1.08549 1.00406 0.97202 1.06399 0.963888 0.853922 1.06363 0.95109 
1107 0.0802627	0.98485 0.980647 0.978652 0.913218 0.991653 0.893332 0.989826 0.974081 0.953783 0.96635 
1110 0.129118	0.886213 0.925234 0.865081 0.949191 0.999418 0.784138 0.951398 1.17457 0.911914 1.03795 
1111 0.116073	1.01325 0.934546 1.04924 0.970547 1.04961 0.991608 0.997202 0.868933 1.02724 0.99572 
1112 0.0778245	1.06376 0.925174 1.04058 1.01489 1.0347 1.10752 1.00706 0.853434 1.11273 1.03468 
1113 0.110767	0.9981 1.06134 1.1163 1.02633 0.98624 1.03154 1.03643 0.966373 1.06586 1.0106 
1114 0.169357	1.07127 1.01017 1.10684 1.09122 1.02032 1.11894 1.0556 0.807445 1.1033 1.04198 
1115 0.124033	0.893911 0.971082 0.935767 0.968146 0.946778 0.892964 0.975455 1.16176 0.937489 1.00108 
1116 0.0729604	0.969272 0.916964 0.935679 0.993668 0.997572 0.957467 1.03042 0.981384 1.00473 1.04057 
1117 0.199867	0.926007 1.0138 1.01706 0.976028 0.992463 0.917338 0.990587 0.925882 0.951935 0.970265 
1120 0.0797853	0.97976 1.01598 0.992393 0.950157 1.04875 0.923328 0.970096 1.06785 1.01058 1.02772 
1121 0.0991055	1.13374 0.979269 1.06472 1.08221 1.01759 1.21432 1.07789 0.998061 1.09316 1.06554 
1122 0.196064	0.896488 0.942317 0.940511 0.913495 0.975288 0.850888 0.949451 0.915284 0.947214 0.968447 
1123 0.132021	0.926154 1.04114 0.889659 0.974077 0.96413 0.827251 1.02076 1.33763 0.864161 1.02201 
1124 0.110555	1.06338 1.05873 1.14141 1.01509 1.04018 1.13121 1.03389 0.733721 1.08061 1.0152 
1125 0.121646	0.954895 0.954629 0.908565 0.971017 0.986469 0.888638 0.957438 1.08374 0.971105 1.0093 
1126 0.0865832	1.03312 0.96898 0.999368 1.00393 1.02461 1.05786 1.00933 0.912631 1.09119 1.05469 
1127 0.17424	1.02504 1.06767 1.06942 1.06338 0.985114 0.998474 1.06752 0.969195 1.03871 1.02028 
1130 0.108954	0.903107 0.989479 0.902194 0.973192 0.965967 0.882529 1.02335 1.24002 0.858146 0.972219 
1131 0.119741	1.0037 0.904008 0.936826 0.96116 0.967009 0.95004 1.01677 1.08635 0.972869 1.02789 
1132 0.212154	1.07565 0.99139 1.12628 0.999036 1.04493 1.13195 1.08457 0.884872 1.09496 1.01066 
1133 0.119741	1.10722 0.951999 1.01484 1.05594 1.02017 1.18029 1.06904 1.01016 1.04505 1.04508 
1134 0.113988	0.997948 0.981823 0.960826 0.974666 1.04465 0.938858 0.970572 1.12398 0.95214 1.03064 
1135 0.118662	1.01519 0.971033 1.01116 1.03754 0.975409 1.04062 1.04267 0.893891 1.05517 0.998977 
1136 0.0978065	0.88095 0.992126 0.970108 0.903735 1.00495 0.872826 0.989779 0.857321 0.949407 0.959845 
1137 0.108954	1.12669 1.0179 1.09336 1.10731 1.00508 1.25526 1.06467 0.96346 1.07016 1.00067 
1140 0.120569	1.08893 1.03243 1.13448 1.1336 1.01757 1.34741 1.08342 0.735413 1.14327 1.01249 
1141 0.191368	0.918368 0.982626 0.9542 0.943071 0.98818 0.88369 0.959931 1.03004 0.935172 0.994533 
1142 0.168736	1.0207 1.04729 1.0428 1.03019 0.977382 1.0483 1.02304 0.896243 1.02187 1.03055 
1143 0.17885	0.951196 0.934644 0.91566 0.995698 0.992942 1.00264 1.0583 1.16667 0.941093 1.05504 
1144 0.0727018	1.07627 1.09793 1.15039 1.04262 1.08045 1.08144 1.05748 0.909122 1.05753 0.989115 
1145 0.0404566	0.996017 1.00367 0.937304 1.06627 0.925432 1.10487 1.01177 1.02744 1.01036 1.03475 
1146 0.163229	1.03722 1.00773 1.0133 1.03874 1.02849 1.1372 1.10535 1.0639 1.02971 1.04792 
1147 0.0640897	0.851231 0.99935 0.832806 0.930084 0.993631 0.861007 1.01301 1.48066 0.864879 1.00976 
1150 0.127625	1.04079 0.928248 0.974104 0.988702 1.00708 1.01566 1.00248 0.963437 1.0356 1.01684 
1151 0.138877	0.912545 1.01523 0.9109 0.926065 0.983537 0.791034 0.980282 1.27999 0.943825 1.01502 
1152 0.16303	1.1 1.06657 1.09275 1.06187 1.03248 1.02893 1.07708 1.0234 1.11214 1.02762 
1153 0.112804	1.07585 1.05373 1.13498 1.07521 1.02716 1.20302 1.07527 0.843971 1.16149 0.999924 
1154 0.152875	0.962578 0.958989 0.927252 0.961091 0.97503 0.967395 1.03701 1.11252 0.971391 1.01955 
1155 0.0967476	0.996635 0.993086 1.0094 0.977491 1.07321 0.941685 0.989125 0.925552 1.04631 1.01833 
1156 0.066008	1.06416 0.987204 1.04042 1.0597 0.963904 1.01071 1.03272 1.02655 1.05415 1.02072 
1157 0.142034	0.97761 1.04333 1.06065 0.965617 0.996219 0.999799 0.955901 0.803942 1.07253 0.974825 
1160 0.10937	0.953462 0.962753 0.967381 0.942559 1.02926 0.897986 0.994581 0.942323 1.02534 1.01378 
1161 0.106172	1.1036 1.01733 1.10411 1.08567 1.03091 1.09439 1.11543 0.756534 1.11209 1.01689 
1162 0.174608	1.03003 1.02077 1.05846 1.00711 0.993903 1.01408 1.01806 0.821011 1.03311 0.983076 
1163 0.129517	1.1052 1.05902 1.05575 1.06727 1.01915 0.966141 1.05638 1.1441 1.07717 1.06588 
1164 0.0815478	0.957946 1.01934 1.04912 0.934186 0.977048 0.849942 0.914577 0.826569 1.03657 0.955445 
1165 0.137192	0.934681 1.00427 0.889304 0.989928 0.987399 0.841473 0.975206 1.21693 0.937138 1.00726 
1166 0.130476	0.900326 0.906556 0.858028 0.925018 0.960678 0.753621 0.981402 1.11754 0.950288 1.02597 
1167 0.131116	1.03037 1.06798 1.10837 1.00772 1.02819 1.00568 1.01657 0.920221 1.08211 0.983539 
1170 0.0631558	1.09789 0.997404 1.04882 1.04187 1.058 1.08356 0.998342 0.894877 1.10138 1.03141 
1171 0.248268	0.950774 1.01991 1.02293 1.00793 1.01677 0.973136 0.979633 0.989906 0.979989 0.976813 
1172 0.178381	1.04818 0.991164 1.06754 1.06135 1.00815 1.06255 1.04821 1.02734 1.05016 1.00939 
1173 0.132845	0.861341 0.948113 0.896794 0.903786 0.959418 0.837344 0.976984 1.08109 0.853033 0.967433 
1174 0.138982	0.941114 0.909078 0.899092 0.977582 0.996259 0.887353 1.00766 1.31867 0.935033 1.04039 
1175 0.109879	0.945622 0.978416 0.957047 0.993779 0.952701 0.8102 0.987274 1.20586 0.940458 0.994311 
1176 0.0768165	1.08616 1.05907 1.17463 1.10582 0.994306 1.14501 1.0453 0.85637 1.0897 0.995243 
1177 0.0516729	0.944368 0.897748 0.983625 0.97677 0.942412 0.947264 0.92298 0.868422 0.965722 0.990866 
BOUNDS
LWPS R    0.0  0.0  0.0  0.0  0.0  0.0  0.0  0.0  0.0  0.0
UWPS R    0.5  0.5  0.5  0.5  0.5  0.5  0.5  0.5  0.5  0.5
LXAS R   -0.5 -0.5 -0.5 -0.5 -0.5 -0.5 -0.5 -0.5 -0.5 -0.5
UXAS R    0.5  0.5  0.5  0.5  0.5  0.5  0.5  0.5  0.5  0.5
END
