NAME moment_estimation_cluster
ASSETS 10
BENCHMARKS 0.1 0.1 0.1 0.1 0.1 0.1 0.1 0.1 0.1 0.1 
COVARIANCES
0 0 0.00479134
1 0 0.0012989
1 1 0.00222441
2 0 0.00467231
2 1 0.00246218
2 2 0.00610665
3 0 0.00310939
3 1 0.00127774
3 2 0.00303024
3 3 0.0025929
4 0 0.00126387
4 1 0.000509649
4 2 0.00150413
4 3 0.000561507
4 4 0.000990702
5 0 0.00734851
5 1 0.00208187
5 2 0.00747937
5 3 0.00495621
5 4 0.00186361
5 5 0.0126287
6 0 0.00156112
6 1 0.000567903
6 2 0.00133826
6 3 0.00127718
6 4 0.000339372
6 5 0.00240285
6 6 0.000981457
7 0 -0.00608298
7 1 -0.00222216
7 2 -0.0086459
7 3 -0.00326579
7 4 -0.00207736
7 5 -0.0106087
7 6 -0.000832379
7 7 0.0183944
8 0 0.00478708
8 1 0.0015433
8 2 0.00515827
8 3 0.0030347
8 4 0.00136944
8 5 0.00766412
8 6 0.00149494
8 7 -0.0075922
8 8 0.00535964
9 0 0.000710268
9 1 -0.000243619
9 2 0.000126298
9 3 0.000454169
9 4 0.000135176
9 5 0.000732318
9 6 0.000408782
9 7 0.000424193
9 8 0.000563537
9 9 0.000534517
SCENARIOS
0 0.33781	1.07643 1.02602 1.08723 1.04815 1.02456 1.12105 1.02925 0.895209 1.0925 1.00777 
1 0.66219	0.97751 0.988282 0.966953 0.980504 0.988076 0.954396 0.984521 1.04286 0.967644 0.994341 
00 0.699269	0.96847 1.01213 0.984126 0.978646 1.00519 0.961906 0.97497 1.05394 0.974149 0.993375 
01 0.300731	1.10868 1.02512 1.10165 1.05439 0.992989 1.14179 1.02646 0.868371 1.05842 1.00478 
10 0.672194	1.02324 1.00949 1.05142 1.03992 1.00612 1.09249 1.01964 0.973078 1.04549 1.01119 
11 0.327806	0.929758 0.956087 0.91753 0.934277 0.990583 0.86896 0.955026 1.06465 0.94075 1.00221 
000 0.0747608	0.960684 0.95806 0.975987 0.943105 0.995702 0.926431 0.993851 0.99764 0.975031 0.980659 
001 0.197189	1.12842 0.988613 1.08438 1.05286 1.04725 1.13678 1.02337 0.850874 1.06515 1.01435 
002 0.218059	0.989633 0.953109 0.951509 1.01303 0.968887 0.955592 1.01184 1.08771 0.94448 1.01998 
003 0.0767505	1.12595 1.05892 1.09004 1.14107 1.03207 1.22879 1.068 0.908247 1.11787 1.05008 
004 0.160317	0.885445 0.930836 0.860447 0.913963 0.96352 0.812248 0.980956 1.24412 0.854832 0.956896 
005 0.0795445	1.09946 1.13427 1.15323 1.06532 1.03434 1.14244 1.01917 0.821754 1.10027 0.972208 
006 0.0668021	0.989312 0.963669 0.968366 0.95371 1.0473 0.909145 0.9775 1.02629 0.982316 1.01348 
007 0.126577	0.989614 1.0291 1.0193 1.02314 0.987136 0.99813 1.01099 1.01805 0.983405 0.985479 
010 0.102569	0.960417 0.952131 0.941773 0.995065 0.962571 0.975585 1.00835 1.09298 1.00453 1.01905 
011 0.132001	1.04232 0.968396 0.970853 1.07495 0.998646 1.078 1.02448 1.09582 1.07475 1.02378 
012 0.073334	0.831028 0.910797 0.786908 0.905955 0.929926 0.806544 0.958707 1.35676 0.839478 1.00034 
013 0.158775	0.893143 0.954315 0.901849 0.944382 0.971462 0.87537 0.944997 1.08927 0.962408 0.997111 
014 0.120484	0.983099 1.0461 1.07108 0.996082 1.02177 1.04269 0.95752 0.869366 1.06394 0.987878 
015 0.141352	1.15786 1.05358 1.16048 1.09305 1.06632 1.26567 1.01351 0.853801 1.17441 1.00569 
016 0.122847	1.00756 1.00816 1.00757 1.04203 1.01893 1.13141 0.999842 0.999408 1.06967 1.00368 
017 0.148637	0.954017 1.06072 0.968235 1.0223 0.988402 0.914863 0.949843 1.15006 0.973037 0.992241 
100 0.159238	0.949687 0.983567 0.866727 0.969442 0.94435 0.889148 0.992806 1.39815 0.869172 0.993483 
101 0.131875	1.14799 1.08431 1.15032 1.106 1.0547 1.19001 1.06574 0.902189 1.12025 1.02957 
102 0.0531991	1.13117 0.998274 1.12471 1.08241 0.999793 1.23292 1.04465 0.703595 1.15294 1.01461 
103 0.139535	0.925521 0.966123 0.910203 0.918584 0.980278 0.887091 0.981917 1.09476 0.947815 0.976808 
104 0.234094	0.994094 1.00804 1.00484 1.01261 0.97726 0.998921 0.999445 0.946133 1.00323 0.968418 
105 0.068431	1.10589 1.00189 1.09336 0.994008 1.07303 1.06999 1.02817 0.880235 1.09657 1.02647 
106 0.0962662	0.974576 1.03374 0.987447 0.954131 1.04414 0.908391 0.991443 1.02756 0.915814 0.994121 
107 0.117362	1.0487 1.10019 1.07799 1.02863 1.01585 1.05142 1.016 0.833157 1.06628 0.9793 
110 0.0919519	0.8942 0.950434 0.882322 0.895714 0.980878 0.882482 0.955076 1.14351 0.881092 0.968223 
111 0.183213	0.979323 0.986553 0.990022 1.02598 0.953337 1.03807 1.02861 1.06075 0.959734 0.993344 
112 0.0834754	0.871962 0.956491 0.891782 0.950789 0.926852 0.815658 1.01107 1.29611 0.833984 0.987061 
113 0.0509513	1.08261 0.973745 1.0193 1.06978 0.992789 1.188 1.07682 0.955719 1.11995 1.03171 
114 0.128392	1.13374 1.04206 1.17967 1.08709 1.05688 1.28673 1.0651 0.7359 1.15362 0.972565 
115 0.211084	1.02154 1.03188 1.01875 0.986665 1.04087 1.03356 1.06593 1.02118 0.966654 0.99929 
116 0.169392	1.03499 1.07292 1.13203 1.03821 1.00833 1.12904 1.0044 0.840198 1.05276 0.964389 
117 0.0815405	0.915643 1.00494 0.898878 0.975193 0.988373 0.905769 1.03388 1.32807 0.903323 0.99645 
0000 0.219139	1.04016 0.999498 1.0178 1.03144 0.976591 1.11614 0.961759 0.792167 1.01458 0.984357 
0001 0.0826727	0.985464 0.993108 0.986372 0.971329 1.01034 0.976424 0.983051 1.01935 0.976279 1.01326 
0002 0.0730464	0.91322 0.913825 0.933771 0.938986 0.95045 0.964041 0.977928 0.97387 0.930747 0.982438 
0003 0.199887	1.06836 1.0551 1.1422 1.02736 1.04824 1.08641 0.990496 0.751979 1.08146 1.00261 
0004 0.0906002	0.913825 0.931331 0.909913 0.911374 0.969268 0.849145 0.970534 1.04784 0.874286 1.00686 
0005 0.143828	1.08369 0.978946 1.07471 1.05052 1.03087 1.13591 1.04455 0.92401 1.08433 1.03129 
0006 0.108154	0.938582 1.0073 0.962647 0.936982 1.00281 0.91235 0.94135 0.932651 0.916947 0.957408 
0007 0.0826727	0.961874 1.02515 0.93018 0.994354 0.948095 0.942412 1.00434 1.09909 0.921296 1.00882 
0010 0.113997	0.892002 0.972278 0.914492 0.916058 0.984156 0.82863 0.978377 1.20862 0.933014 0.980614 
0011 0.145985	1.10704 1.05807 1.10525 1.09039 1.03726 1.25321 1.05138 0.980129 1.17971 1.05238 
0012 0.0734221	0.886262 0.959487 0.955438 0.900396 1.04957 0.884063 0.98143 1.07875 0.96392 1.00241 
0013 0.133963	0.993842 0.986686 1.04739 0.967063 1.03404 1.04688 0.96156 0.835396 1.0694 0.959795 
0014 0.0573207	1.03574 1.08023 1.16616 1.00116 1.07277 1.20804 1.02434 0.829777 1.14255 0.974662 
0015 0.11872	0.982941 0.971803 0.959991 1.01697 1.02353 1.04714 1.04369 1.07613 1.02027 1.03766 
0016 0.100043	1.10894 1.0002 1.07385 1.06874 0.989552 1.16791 0.99141 0.936955 1.13676 1.02128 
0017 0.256548	0.986884 0.986606 0.946202 0.986308 0.965431 1.00152 1.01172 1.06888 1.00101 1.02993 
0020 0.0844496	0.983902 0.991024 0.902759 0.972461 0.966053 0.88968 1.00586 1.40267 0.937884 1.01441 
0021 0.10794	1.11245 1.02894 1.13136 1.06746 1.07595 1.21464 1.01675 0.752951 1.13516 1.00491 
0022 0.200349	1.01312 0.972432 0.983377 0.978027 1.01968 1.08133 1.00497 0.923805 1.08117 1.02725 
0023 0.0766841	1.1158 0.951098 1.01534 1.04985 1.05347 1.24164 1.05877 1.07186 1.05997 1.06435 
0024 0.0797903	0.896895 0.919384 0.851194 0.90257 0.97337 0.894291 0.967803 1.13192 0.908157 0.99374 
0025 0.117065	1.07368 1.08516 1.11898 1.05512 0.996625 1.14561 1.01592 0.892588 1.12954 0.987039 
0026 0.104252	0.976346 0.966909 0.924306 0.977572 0.943608 0.939589 1.02248 1.1391 0.971779 1.03245 
0027 0.22947	1.00954 1.01374 1.01149 0.974994 1.00771 0.942398 1.02129 1.05943 0.999925 0.983693 
0030 0.116382	1.00578 1.06038 1.05957 1.00955 0.992074 1.06241 1.0387 0.985145 1.00624 0.957767 
0031 0.103144	0.926328 0.9985 0.919299 0.945401 0.991081 0.810138 1.02416 1.2232 0.877053 0.97402 
0032 0.0546056	0.900801 0.925428 0.87435 0.917306 0.923 0.841741 1.00153 1.21143 0.869703 0.970325 
0033 0.100386	1.04552 0.966057 1.02659 0.974601 1.02482 1.01703 0.995959 0.941829 0.993798 0.959453 
0034 0.209597	1.10642 0.962757 1.0269 1.05854 0.98989 1.10866 1.02198 1.00513 1.09787 0.999576 
0035 0.0998345	0.947614 1.00107 0.943139 0.9701 0.95067 0.840165 0.999725 1.20965 0.939852 0.960941 
0036 0.260342	1.12512 1.03652 1.14536 1.0328 1.07461 1.11498 1.03316 0.881466 1.07171 1.02103 
0037 0.0557088	1.01653 0.903164 0.950538 0.994949 0.993542 1.04921 1.04857 1.05998 0.95888 0.993847 
0040 0.135727	1.06288 0.947146 1.00769 0.983209 1.06091 1.01945 0.973244 0.864289 1.06807 1.03635 
0041 0.132295	1.03481 1.12665 1.13015 1.00149 1.05163 1.01668 1.01948 0.834508 1.05472 0.995795 
0042 0.06892	1.18803 1.0257 1.09718 1.10824 1.0471 1.19749 1.0399 1.03804 1.1415 1.09245 
0043 0.051756	1.05008 1.13641 1.11751 1.0673 0.980081 1.02206 0.975996 1.02018 1.03168 1.03165 
0044 0.0831793	0.914302 0.872253 0.866858 0.929182 0.974378 0.875511 0.978497 1.0947 0.933017 1.05233 
0045 0.14497	1.05158 1.02178 1.06727 1.03183 1.02417 1.08159 1.02084 0.909535 1.0638 1.06114 
0046 0.210721	0.877279 0.998561 0.90486 0.955232 0.962216 0.891643 0.943962 1.07747 0.936369 1.02565 
0047 0.172432	0.979871 1.01108 0.940818 1.03526 0.986413 0.936951 1.00524 1.17375 0.957021 1.04225 
0050 0.141032	0.85517 0.94563 0.954598 0.903954 0.983689 0.841661 0.961704 0.959912 0.886913 0.959566 
0051 0.166046	1.01033 0.93086 1.00644 1.00541 0.993612 1.06631 0.995497 0.99693 0.978914 1.01266 
0052 0.102182	0.925449 0.935902 0.890179 0.979596 0.965285 0.878165 1.07214 1.24817 0.915721 1.00403 
0053 0.155934	0.966858 1.03369 1.05735 0.970315 1.00993 0.984982 0.962195 0.809989 1.01556 0.996842 
0054 0.101118	1.08958 1.01866 1.09758 1.09654 0.998071 1.2352 1.04256 0.777905 1.09225 0.998482 
0055 0.0691857	1.16881 1.06162 1.24933 1.08453 1.09364 1.20056 1.0818 0.72004 1.19748 1.03771 
0056 0.127728	1.03206 1.06388 1.07444 1.04104 1.01066 1.0467 1.01052 1.02347 0.997054 0.983485 
0057 0.136775	0.977871 0.979786 0.994806 0.979668 1.0445 0.947936 1.05866 0.952629 0.977134 1.04221 
0060 0.0525982	0.993216 1.00428 1.00873 0.956415 1.03477 1.01095 0.997373 0.954135 1.02265 0.991317 
0061 0.0918885	1.04784 1.09426 1.09292 1.09947 1.01243 1.17555 1.07787 0.885321 1.05347 0.98762 
0062 0.150824	0.932994 0.975475 0.966942 0.947828 0.994017 1.0488 1.01059 0.906961 0.978124 0.956665 
0063 0.124208	0.962813 0.96126 0.937649 0.991706 0.94609 0.943267 1.04539 1.18373 0.92234 0.997966 
0064 0.147022	1.03615 1.00709 1.06071 1.01659 0.994305 1.06124 1.03112 0.803905 1.00054 0.989541 
0065 0.205957	1.06927 1.00878 1.0587 1.04379 1.0348 1.20492 1.03567 0.894683 1.11066 1.01047 
0066 0.0716096	0.946991 1.06753 1.01155 0.97831 1.02357 0.99808 1.01652 0.9093 0.896843 0.960501 
0067 0.155894	0.925704 0.938001 0.895808 0.947765 0.985023 0.914546 0.993428 1.10562 0.955659 1.01729 
0070 0.17291	1.03577 1.08968 1.07496 1.01779 1.00404 1.04182 1.03642 0.921832 1.06081 0.999616 
0071 0.140803	0.995166 1.04862 0.979005 0.947479 1.04274 0.932705 0.966662 0.936378 0.947195 0.996457 
0072 0.0575251	0.967106 0.958219 1.0072 0.938335 0.968027 0.9239 0.981545 0.840763 0.98178 0.952259 
0073 0.100334	1.09351 1.06001 1.10107 1.11096 1.003 1.20252 1.06029 0.924376 1.10267 0.999875 
0074 0.113378	0.954682 0.974206 0.889187 0.997937 0.953857 0.929534 1.00372 1.23487 0.952339 1.01962 
0075 0.077592	0.868345 0.973948 0.839605 0.926342 0.95058 0.73029 0.942464 1.33303 0.84752 0.994953 
0076 0.194314	1.05489 1.01293 1.03377 1.00318 1.00852 1.02477 1.00916 0.977069 1.02366 1.0044 
0077 0.143144	1.0602 0.990459 0.965742 1.0802 0.968949 1.10066 1.06615 1.06147 1.02306 1.05307 
0100 0.205374	1.00954 0.982298 0.987889 1.0223 0.977674 1.03109 0.986638 0.992953 0.971117 0.993408 
0101 0.0854127	1.0798 1.08623 1.10614 1.06057 1.03145 1.12797 0.99467 0.943492 1.05042 0.989925 
0102 0.0825336	1.07923 1.00202 1.10826 1.00884 1.0258 1.14179 1.00389 0.653134 1.07833 0.99175 
0103 0.160269	0.913229 0.968917 0.912998 0.950852 0.98511 0.85023 0.964236 1.2019 0.901882 1.00072 
0104 0.15643	0.932621 0.939386 0.927548 0.94888 0.961029 0.97621 0.995139 1.12621 0.895018 0.979743 
0105 0.175624	1.01302 1.02337 1.02157 0.980416 1.05357 1.04122 0.973066 0.9126 1.00819 1.01692 
0106 0.0921305	1.05138 0.949693 1.02276 1.0293 1.06256 1.12978 0.967931 0.875121 1.02165 0.995003 
0107 0.0422265	1.14612 1.03881 1.1906 1.08048 1.02024 1.32369 1.04831 0.66445 1.20576 1.0063 
0110 0.12006	1.08725 1.02881 1.08842 1.00171 1.05659 1.12113 1.03625 0.816342 1.07105 1.01065 
0111 0.0708427	1.01739 1.01625 0.942233 1.02565 0.982358 0.971334 1.00506 1.19424 1.00552 1.03089 
0112 0.245339	1.04154 1.07112 1.07504 1.04614 0.992949 1.07373 1.0251 0.924516 1.02813 1.01189 
0113 0.173005	0.965223 1.00904 0.946572 0.971353 1.00994 0.936316 0.977487 1.0211 0.956149 1.0333 
0114 0.208054	0.891052 0.931872 0.891076 0.910842 0.979801 0.933117 0.965395 1.03073 0.92353 0.992986 
0115 0.0521999	1.15481 1.06378 1.19422 1.11697 1.03707 1.32062 1.06532 0.736527 1.17714 1.04782 
0116 0.0745712	0.960452 0.957925 1.01714 0.930847 1.03463 0.955394 0.979766 0.810369 0.983288 1.00249 
0117 0.0559284	1.02632 1.00967 1.07289 0.972635 1.04716 1.0245 0.972835 0.896227 0.984404 1.01907 
0120 0.144966	1.07381 0.937375 1.02473 1.0335 1.01172 1.01889 0.974009 0.96151 1.00052 1.02648 
0121 0.0577181	0.932802 0.993533 0.885552 0.998462 0.921516 0.832653 0.972125 1.14584 0.930374 0.980825 
0122 0.177181	0.993004 1.05569 1.08843 1.03849 0.970487 1.02272 0.99281 0.958678 1.03023 1.01329 
0123 0.232215	1.09734 1.00261 1.17219 1.05599 1.0468 1.05931 1.00546 0.762943 1.11368 1.01579 
0124 0.0751678	0.917332 0.882286 0.90465 0.906509 0.97902 0.879868 0.877426 0.956675 0.865115 0.950537 
0125 0.0550336	1.10432 1.11725 1.19892 1.08785 1.02144 1.02854 1.02629 0.762157 1.08309 0.965588 
0126 0.0604027	1.01272 0.93402 0.994511 0.949399 1.06702 0.906723 0.973083 0.824592 1.03811 0.985863 
0127 0.197315	1.00112 0.997155 1.00512 0.962412 1.0071 0.871349 0.932213 1.0804 0.955549 0.975451 
0130 0.149411	1.02075 0.944921 1.03368 1.00002 1.06297 1.11772 1.02814 0.896331 1.0284 0.996472 
0131 0.16367	1.05873 0.996597 1.03919 1.08028 1.03054 1.19205 1.12521 0.949355 1.03686 1.00577 
0132 0.0477371	1.00276 1.01376 1.00271 0.943858 1.07308 1.01725 1.01134 1.07153 1.00488 1.00818 
0133 0.0694358	1.03079 1.0318 1.14109 0.9816 0.987741 1.10909 0.978798 0.771032 1.02612 0.931822 
0134 0.17235	0.95863 0.918517 0.911631 0.94875 1.00753 0.85698 1.02574 1.08827 0.929616 1.00093 
0135 0.105394	0.969885 0.986533 0.897941 1.00142 0.961924 0.924623 1.02588 1.31142 0.925551 1.00911 
0136 0.16987	0.889197 1.03177 0.950454 0.943736 1.01601 0.875468 0.974803 1.07239 0.864407 0.941807 
0137 0.122133	1.0249 1.10179 1.09732 1.02565 1.03339 1.04068 1.01227 0.88879 1.0708 0.971922 
0140 0.0792484	0.967498 0.907297 0.932244 0.939841 1.04099 0.879165 0.983228 0.991423 0.924926 1.01307 
0141 0.144608	0.98065 0.933323 0.920648 0.965215 0.960433 0.902449 1.00296 0.95828 0.967374 0.986813 
0142 0.120098	1.02705 0.953945 1.00162 0.995302 1.03399 1.0191 0.97434 1.05689 1.04878 1.00414 
0143 0.169935	1.06774 1.02134 1.05746 1.00538 1.05796 1.03436 1.03403 0.953877 1.06383 1.00929 
0144 0.106209	1.15887 1.0388 1.167 1.09499 1.04029 1.24515 1.09127 0.831968 1.13588 1.01031 
0145 0.124183	1.02711 1.01718 1.01016 1.03355 0.986078 1.0036 1.04136 1.03045 0.976328 0.981743 
0146 0.193627	0.911174 0.982322 0.92124 0.93343 1.00887 0.862104 0.966089 0.935848 0.925883 0.952318 
0147 0.0620915	1.01345 1.10278 1.10912 1.04668 0.989831 1.02776 1.04333 0.83805 1.04394 0.97021 
0150 0.04039	1.03034 0.915128 0.991456 0.996403 1.06307 1.01484 1.01149 0.93577 1.09047 1.05323 
0151 0.158078	0.995272 1.00629 1.03822 1.00198 1.06561 1.02855 1.05727 0.934789 1.05151 0.991006 
0152 0.200557	1.06896 1.04472 1.06935 1.10289 0.982271 1.06654 1.07352 1.00027 1.04562 1.05412 
0153 0.12117	0.870123 1.0307 0.908683 0.931789 1.02738 0.737147 0.979375 1.16934 0.896545 1.03287 
0154 0.0800836	0.938859 0.911609 0.958069 1.0134 0.989239 0.981959 1.0287 1.00687 0.958588 1.03406 
0155 0.14624	0.936359 1.06079 0.999201 0.985584 0.97761 0.91633 0.994719 0.915928 0.978586 0.988497 
0156 0.109331	1.08797 1.11308 1.19875 1.08544 1.07543 1.30712 1.09748 0.790183 1.12131 1.01225 
0157 0.14415	0.895445 0.908055 0.894935 0.943934 0.983204 0.861886 0.991266 1.09743 0.937591 1.00274 
0160 0.129808	0.91695 0.958921 0.915208 0.916752 0.969052 0.779002 1.00086 1.13099 0.93017 0.986766 
0161 0.159455	1.08956 1.07228 1.17067 1.0704 1.0175 1.15048 1.02534 0.868613 1.08633 1.00122 
0162 0.0689103	1.15785 1.03782 1.15733 1.10217 1.04278 1.14225 1.06033 0.825311 1.14031 1.02592 
0163 0.0817308	0.961678 1.01175 0.977712 0.982325 1.04183 0.935255 1.02418 1.12073 0.973707 1.03524 
0164 0.0809295	0.937888 1.03902 1.00031 0.984941 0.938964 0.885107 0.974751 0.884981 0.913195 0.952907 
0165 0.170673	0.997944 1.0047 1.05742 0.981392 1.02862 0.944185 0.960408 0.872306 0.982116 0.961479 
0166 0.184295	1.08552 1.01316 1.04995 1.0009 1.03676 1.00495 1.03682 1.00452 1.05691 1.05386 
0167 0.124199	0.967672 1.03143 0.972672 1.02033 0.97799 0.974815 0.996281 1.08129 0.953267 0.978436 
0170 0.124503	1.02823 0.974957 1.01157 0.93505 1.03491 0.953736 1.01156 0.961823 1.02502 1.01392 
0171 0.152318	1.0594 0.985874 1.014 1.05197 0.970757 1.15013 1.07862 1.03651 1.01741 1.01743 
0172 0.178146	1.09648 1.10091 1.16869 1.09743 1.02081 1.21417 1.08147 0.77199 1.13547 0.983024 
0173 0.0754967	0.936615 1.04777 1.02875 0.951489 1.03817 1.02475 0.98502 0.852836 0.974803 0.946056 
0174 0.0735099	0.974849 1.05612 1.01675 1.00778 0.968556 1.00173 1.07445 1.02198 0.94718 0.980808 
0175 0.0602649	0.937027 0.916975 0.828254 0.976575 0.982461 0.962034 1.09344 1.50753 0.926983 1.04357 
0176 0.218543	0.955949 0.991041 0.989262 0.987042 0.998123 1.07983 1.09222 0.9186 1.038 0.968635 
0177 0.117219	0.875541 0.959812 0.900643 0.910013 0.987649 0.873849 1.01537 1.18356 0.918355 0.983064 
1000 0.10807	0.905673 1.00617 0.950342 0.980712 0.946246 0.784705 0.973602 0.9817 0.907743 0.987062 
1001 0.0616535	0.884805 0.986312 0.90694 0.937551 1.02389 0.827359 0.986048 1.20971 0.946991 1.04402 
1002 0.115406	0.93167 1.03696 1.00299 0.949004 1.01909 0.852745 1.02206 0.914079 1.00765 0.990664 
1003 0.0727991	0.804432 0.939438 0.852477 0.897284 0.951233 0.739876 0.952214 1.16632 0.89178 0.982146 
1004 0.136005	1.01247 0.932551 0.966955 0.976381 0.993372 0.918671 1.01474 0.950244 1.04821 1.02964 
1005 0.264249	1.06641 1.04018 1.14321 1.0696 1.00283 1.04364 1.05497 0.79386 1.12602 1.01802 
1006 0.17706	0.982229 1.0746 1.08075 1.04066 1.03472 0.985403 0.999949 0.916991 1.06896 0.992201 
1007 0.0647573	0.991135 1.01041 0.981319 1.02794 1.06194 0.901015 1.00576 1.13387 1.00692 1.0392 
1010 0.16184	0.931493 1.01138 0.953772 0.94917 0.965666 0.902803 0.986583 1.04886 0.947335 0.960028 
1011 0.0529813	1.02684 1.02573 0.974592 1.07493 0.961852 1.04524 1.05702 1.01321 1.00486 0.99654 
1012 0.0712095	0.956686 1.0626 0.929242 1.01207 0.97325 0.859896 1.01791 1.33258 0.962843 0.979051 
1013 0.177172	1.07204 1.02209 1.1042 1.01036 1.05238 1.1284 0.983006 0.754758 1.07066 0.949356 
1014 0.126235	0.94887 0.93016 0.907171 0.932619 1.0103 0.892746 0.948302 1.00197 0.963197 0.975917 
1015 0.0548552	0.977305 0.947114 0.884174 1.02392 0.952007 0.958279 0.991431 1.26355 0.932872 1.01354 
1016 0.115673	0.948848 0.951092 0.898944 0.959743 0.998458 0.924118 0.962876 1.22298 0.961501 1.01427 
1017 0.240034	1.07866 1.02299 1.08411 1.08931 1.0093 1.16916 1.05499 0.900323 1.10587 1.00642 
1020 0.182432	0.923826 0.975021 0.899992 0.93747 0.986094 0.879044 0.95095 1.13817 0.892289 0.992581 
1021 0.0629223	1.05319 0.967054 0.988228 0.954035 1.05298 1.00598 0.947142 0.978712 1.02309 1.01138 
1022 0.127534	1.10915 1.02218 1.01912 1.07622 1.01084 1.13683 1.01684 1.09896 1.07204 1.00479 
1023 0.225507	0.979918 1.02636 1.00218 0.994851 0.99962 0.986613 1.00686 1.0167 1.01539 0.964479 
1024 0.170186	1.10671 1.08572 1.1451 1.03931 1.06213 1.11866 1.04198 0.926741 1.11222 1.01231 
1025 0.0625	1.02448 1.00662 0.972071 1.05235 0.992701 1.00753 1.01024 1.32628 1.00258 1.0342 
1026 0.0485642	0.978537 0.935124 0.880631 0.989731 0.97233 0.961964 1.03505 1.38978 0.935261 1.01255 
1027 0.120355	1.00719 1.07083 1.04271 1.06449 0.967788 0.99771 0.999498 1.03565 0.972958 0.966196 
1030 0.0574787	1.09284 0.949539 0.989901 1.02356 1.03204 0.988356 1.03593 1.17287 0.989202 1.07868 
1031 0.126872	0.969689 0.971396 0.951821 0.999447 0.991607 0.92377 1.0072 0.968703 0.931808 1.01781 
1032 0.159717	0.965258 1.00309 0.928488 0.982813 0.992416 0.89497 0.9836 1.19271 0.932973 1.03942 
1033 0.170665	1.04262 0.970208 1.04908 0.989885 1.03413 1.03914 0.984513 0.836651 1.04937 1.03614 
1034 0.0553856	0.855902 1.01683 0.913061 0.886713 0.97591 0.697997 0.906229 1.23791 0.839513 0.966083 
1035 0.162615	0.901126 0.972502 0.938151 0.95873 0.952588 0.875971 0.958589 0.937182 0.924909 0.995048 
1036 0.129609	1.16673 1.01267 1.13063 1.08589 1.0536 1.21893 1.00116 0.796183 1.14812 1.01297 
1037 0.137659	1.00457 1.06268 1.09641 1.02498 0.982781 1.0145 1.02787 0.777472 1.00223 0.989103 
1040 0.198177	0.934034 0.995558 0.899815 0.936072 0.974619 0.911527 0.984981 1.11343 0.906709 1.01451 
1041 0.0926104	0.965712 1.01355 0.942363 0.958868 1.02353 0.890113 1.00595 1.2327 0.957219 1.04095 
1042 0.16737	1.07755 1.04931 1.09115 1.02436 1.01182 1.09958 1.01027 0.877639 1.04392 1.01099 
1043 0.130326	1.09628 1.037 1.08146 1.02102 1.05168 1.08687 1.0345 0.977966 1.07846 1.03995 
1044 0.0678503	1.18163 1.03525 1.10338 1.13331 0.988081 1.2674 1.05483 0.990502 1.17392 1.04299 
1045 0.0503839	1.16345 0.925249 1.06129 1.07578 1.05594 1.16862 1.07685 1.03515 1.12814 1.08043 
1046 0.0991363	0.974204 1.03916 1.00934 1.00686 0.957404 1.01098 1.03292 0.889972 0.958345 0.991654 
1047 0.194146	1.07349 0.941541 0.966906 1.00694 0.984845 0.98649 1.00016 1.1301 1.03883 1.0684 
1050 0.170716	1.08307 1.06064 1.14829 1.04195 1.05681 1.17851 0.985054 0.773905 1.1094 0.981711 
1051 0.0755089	1.04244 0.953349 1.00877 0.992886 1.01051 1.03874 0.96901 0.906483 1.05238 0.995199 
1052 0.0466185	1.09872 0.96185 1.00934 1.1056 0.988832 1.23064 1.06829 0.9739 1.07605 1.05853 
1053 0.14675	0.940413 0.976384 0.921713 1.00665 0.996722 0.959662 0.993962 1.20391 0.927653 0.992797 
1054 0.100788	0.975781 0.954267 0.964661 0.975104 1.02472 0.973082 1.00347 0.903921 0.994707 0.969431 
1055 0.174984	0.927713 0.990883 0.960709 0.940014 0.966981 0.897558 0.965536 0.979455 0.944796 0.965988 
1056 0.155286	0.996247 1.00131 0.962464 1.0364 0.999227 1.06826 1.05826 0.96789 1.00645 0.991501 
1057 0.12935	1.02932 1.10314 1.09849 1.0595 1.0018 1.05185 1.01085 0.879214 1.03263 0.95368 
1060 0.0774796	1.1671 0.972463 1.08221 1.09042 1.0407 1.16504 1.05546 0.935726 1.25588 1.04649 
1061 0.264644	1.08009 1.06004 1.09749 1.03758 0.993144 1.12351 1.04642 0.98681 1.13251 0.995207 
1062 0.15986	0.978628 0.9495 0.939934 0.996487 1.01603 1.00303 1.0246 1.02609 1.06418 1.03119 
1063 0.0611435	1.0184 1.05276 1.05565 0.961282 0.991157 1.05477 0.938498 0.78733 1.08822 0.940023 
1064 0.0592765	0.828595 0.974574 0.880541 0.898251 0.993494 0.701891 0.970941 1.26918 0.870732 0.947494 
1065 0.0980163	0.976628 1.00049 0.904463 1.00722 0.955384 0.95503 1.04494 1.35913 0.933947 1.01102 
1066 0.0968495	0.921348 0.974499 0.935912 0.932093 0.952326 0.899577 0.984234 1.05291 1.05052 1.01048 
1067 0.18273	1.01419 1.00134 1.05386 0.995593 1.04817 1.03817 0.95585 0.845126 1.09253 0.982899 
1070 0.198507	0.992345 0.989106 1.01127 0.995319 1.03597 0.964693 0.968541 1.13837 1.01913 0.980306 
1071 0.173622	1.05319 1.0644 1.07299 1.04272 0.998148 1.1048 0.970531 0.937471 1.0268 0.978307 
1072 0.0434533	0.952527 1.11667 1.07691 0.980191 0.978813 0.891458 0.978957 1.00326 0.932804 0.959969 
1073 0.102603	0.88129 0.937844 0.871272 0.919352 0.980843 0.819876 0.927758 1.19872 0.858871 1.00125 
1074 0.0826953	0.958316 0.967064 1.07777 0.950676 1.01426 0.991539 0.958745 0.82455 0.973463 0.974794 
1075 0.205015	0.998158 0.9616 0.970814 0.965427 0.978923 0.963517 0.975247 1.19287 0.936994 0.997032 
1076 0.113515	1.1186 1.07247 1.19509 1.09238 1.055 1.22202 1.06939 0.903577 1.10372 0.997943 
1077 0.0805896	0.986685 0.960778 0.953108 1.03578 0.997554 0.937419 1.06467 1.35916 0.928402 1.0238 
1100 0.0596192	0.926452 0.963364 0.858127 1.00718 0.973274 0.903757 0.989943 1.43005 0.89872 1.0059 
1101 0.20491	1.10523 0.999446 1.11279 1.10375 1.01614 1.23875 1.04777 0.899807 1.13848 1.03778 
1102 0.11523	0.96578 0.985556 1.03345 0.96741 1.00474 0.932984 0.94213 0.870344 1.03178 0.967967 
1103 0.165331	1.04685 1.06498 1.10942 1.05182 1.01453 1.06213 1.00518 0.913285 1.02904 1.01146 
1104 0.0861723	0.949727 0.955979 0.925714 1.00346 1.04715 0.880949 0.997392 1.17108 0.948693 1.04203 
1105 0.210421	0.97622 0.958481 0.970018 1.03915 0.985506 0.893743 1.0114 1.08821 0.960122 1.00779 
1106 0.0996994	0.855224 1.00124 0.889691 0.922255 0.97789 0.805932 0.945047 1.1926 0.866273 0.973613 
1107 0.0586172	0.982727 1.0341 1.17147 0.971474 1.05619 1.07728 0.975698 0.792414 1.04233 0.963001 
1110 0.157154	0.988858 0.940775 0.950352 0.936541 1.04923 0.972233 0.972839 1.0094 1.00837 1.0229 
1111 0.149862	1.00482 1.01554 1.04483 0.983344 1.00268 1.00429 0.993076 0.903776 1.01664 0.974398 
1112 0.121197	1.01344 1.0507 0.984118 1.02565 1.01376 1.03052 1.00798 1.21742 0.998969 0.991174 
1113 0.0523007	1.20077 1.07769 1.15346 1.05616 1.09776 1.20192 1.01178 0.805183 1.18288 1.03007 
1114 0.0965552	1.04922 1.08799 1.0919 1.01988 1.03229 1.1138 1.0297 0.907424 1.0385 0.996544 
1115 0.195625	1.07232 1.0075 1.06512 1.05441 1.03735 1.21458 1.04313 0.933414 1.12442 1.02769 
1116 0.169223	0.93583 0.974659 0.931369 0.947513 0.974547 0.881949 0.995763 1.08723 0.935321 0.984739 
1117 0.058084	1.07911 0.924191 0.952837 1.05712 0.992906 1.08174 0.989754 1.03935 1.06743 1.03586 
1120 0.0480132	1.05746 0.950207 0.93934 1.05893 0.984615 1.12295 1.0272 1.23894 1.04264 1.04131 
1121 0.122517	0.959589 0.969622 0.961377 0.933515 0.993034 0.874247 0.925383 1.05355 0.947061 0.976241 
1122 0.181015	0.993288 0.984564 0.91129 1.01159 0.965928 1.04787 0.980308 1.16685 0.989749 0.993397 
1123 0.177152	1.01311 1.07216 1.06193 1.01177 1.01594 1.09623 1.0235 0.87815 1.05203 0.960969 
1124 0.12638	1.146 0.937201 1.00324 1.04446 0.978867 1.2206 0.950143 0.914312 1.11548 1.02512 
1125 0.139073	1.04218 1.03089 1.07636 0.994657 0.990527 1.10353 0.945252 0.762085 1.08099 0.941156 
1126 0.137417	1.19098 1.01892 1.12487 1.11376 1.03985 1.29335 1.04523 0.796421 1.23951 1.03375 
1127 0.0684327	0.888005 0.898126 0.846961 0.885166 0.960527 0.832924 0.978285 1.14031 0.925882 0.999658 
1130 0.0976492	1.06506 0.969657 1.02108 1.05642 1.00697 1.09239 1.01723 1.11017 1.0334 1.04115 
1131 0.0605787	0.902221 0.899217 0.906926 0.937263 0.98387 0.877391 0.986896 1.24984 0.882147 0.995488 
1132 0.213382	0.991294 1.00724 1.02935 1.00173 0.9538 0.978653 0.985403 0.982885 0.950113 0.98598 
1133 0.0461121	0.967683 0.915748 0.914515 0.96494 1.03572 0.869805 0.959167 1.17717 0.888349 1.02558 
1134 0.108499	0.992911 0.88796 0.966294 0.953023 1.00861 0.992518 0.956059 0.889206 0.957974 1.00528 
1135 0.198011	0.968665 1.0233 0.996511 1.04027 1.01008 1.0236 0.986236 1.14009 0.910329 0.99387 
1136 0.0949367	1.07773 0.924138 1.07757 0.985459 1.06939 1.09204 1.00888 1.00697 1.02824 1.01838 
1137 0.180832	1.12603 1.06657 1.1483 1.10056 1.02316 1.22087 0.986765 0.873671 1.04689 0.975171 
1140 0.142088	0.980307 0.977362 1.00574 0.969367 1.01252 0.949831 0.962881 1.17057 0.980446 1.0348 
1141 0.0710441	1.02692 0.970567 1.07021 0.966553 1.0347 1.10723 0.980747 0.869106 1.06837 1.03457 
1142 0.0635091	1.01028 1.06287 1.07477 0.984072 1.08442 0.995247 0.991557 1.00197 1.02988 1.01179 
1143 0.10836	1.15385 1.03011 1.13974 1.06466 1.05821 1.21709 1.04243 0.972045 1.14953 1.05608 
1144 0.197704	0.993997 0.911469 0.97521 0.99773 0.98535 0.988704 0.975071 1.03146 1.00099 1.03053 
1145 0.0753498	0.909644 0.917396 0.874856 0.879538 1.001 0.856722 0.925354 1.12569 0.909073 1.00359 
1146 0.112666	1.13112 1.03463 1.11622 1.10752 0.971658 1.23497 1.03014 0.958487 1.13054 1.04648 
1147 0.229279	0.985786 0.971501 0.948402 1.01111 0.968284 0.967207 0.970173 1.17807 0.934269 1.02464 
1150 0.205151	0.947355 0.957375 0.893189 0.980751 0.970568 0.833819 0.950648 1.30761 0.963706 1.0161 
1151 0.172196	0.991447 1.00261 1.06362 0.986576 1.03976 1.00432 0.896041 0.812058 1.04254 0.959879 
1152 0.0842427	1.07435 0.958434 0.985592 1.07043 1.00415 1.08372 1.00133 1.1914 1.05809 1.04526 
1153 0.163029	1.084 0.944914 1.05506 1.02461 1.00787 1.0884 0.976707 0.963506 1.11713 1.03209 
1154 0.0678743	1.06276 1.0152 1.07029 1.06175 1.05641 1.09136 0.971103 1.05162 1.13231 1.01744 
1155 0.0434308	1.10293 1.0671 1.1623 1.09281 1.08245 1.23926 1.01731 0.939074 1.13055 1.007 
1156 0.0748581	0.873404 0.9495 0.944521 0.901991 0.977968 0.797539 0.921864 0.981264 0.940036 0.942774 
1157 0.189219	0.949491 1.01198 1.00379 1.01099 0.96385 0.918542 0.971924 1.05418 1.02442 1.00156 
1160 0.132989	1.01621 0.94734 0.933152 0.997147 1.0233 0.971526 1.00676 1.04715 0.996071 1.02279 
1161 0.102257	1.0324 0.995985 0.967302 1.02591 0.95905 1.0012 1.03707 1.01713 0.997939 1.00958 
1162 0.120479	0.965628 1.04842 0.955337 0.993363 1.00993 0.908016 1.01604 1.19854 0.994886 1.01032 
1163 0.0965461	1.02197 1.02895 0.98847 1.06437 1.02066 1.06392 1.06731 1.18124 0.971685 1.02885 
1164 0.0715257	1.14008 1.06847 1.13976 1.11568 1.07059 1.23187 1.08557 0.854704 1.19078 1.04211 
1165 0.0592875	0.898035 1.00437 0.863238 0.948761 0.931669 0.775823 0.964392 1.34578 0.886967 0.998141 
1166 0.218928	1.07675 1.07019 1.06197 1.02518 1.06029 1.03252 1.02769 0.856377 1.11032 1.01853 
1167 0.197987	0.908109 0.962768 0.935369 0.929498 1.01344 0.857016 0.985675 1.0363 0.921884 1.00561 
1170 0.100565	1.12821 1.01992 1.06182 1.08627 0.993645 1.15521 0.982388 0.918581 1.09951 1.02043 
1171 0.171751	0.933646 0.963036 0.965857 0.94223 1.02557 0.900585 0.974523 1.00403 0.92514 0.985426 
1172 0.142938	0.98791 1.04334 1.09546 1.00611 0.977171 0.97312 0.988585 0.913574 0.99639 0.948319 
1173 0.153672	1.0791 0.958977 1.0332 0.996087 1.03329 1.0042 0.958224 0.905681 1.00663 1.01317 
1174 0.0824859	1.04259 1.09025 1.04904 1.02747 1.01285 1.0688 0.972852 0.99757 1.01283 0.97284 
1175 0.229379	0.919416 0.975233 0.899978 0.94732 0.976035 0.945104 1.01814 1.26497 0.911333 1.01301 
1176 0.0700565	1.06235 1.01783 0.990704 1.0672 0.962709 0.999159 1.01839 1.19862 1.0393 1.01349 
1177 0.0491525	1.10046 1.08891 1.13886 1.03355 1.06604 1.13652 1.01758 0.945796 1.08161 1.01749 
BOUNDS
LWPS R    0.0  0.0  0.0  0.0  0.0  0.0  0.0  0.0  0.0  0.0
UWPS R    0.5  0.5  0.5  0.5  0.5  0.5  0.5  0.5  0.5  0.5
LXAS R   -0.5 -0.5 -0.5 -0.5 -0.5 -0.5 -0.5 -0.5 -0.5 -0.5
UXAS R    0.5  0.5  0.5  0.5  0.5  0.5  0.5  0.5  0.5  0.5
END
