NAME moment_estimations_cluster
ASSETS 10
BENCHMARKS 0.1 0.1 0.1 0.1 0.1 0.1 0.1 0.1 0.1 0.1 
COVARIANCES
0 0 0.293069
1 0 0.0795129
1 1 0.0273852
2 0 0.0231301
2 1 0.0109416
2 2 0.0234096
3 0 -0.0189685
3 1 0.00355443
3 2 0.0141358
3 3 0.0319333
4 0 -0.0123693
4 1 0.000542588
4 2 0.00548265
4 3 0.0180701
4 4 0.0138802
5 0 -0.0562171
5 1 -0.00664922
5 2 0.0195327
5 3 0.0348828
5 4 0.0203078
5 5 0.0542311
6 0 0.064289
6 1 0.0201324
6 2 0.0123343
6 3 0.00589083
6 4 0.00447365
6 5 0.000837773
6 6 0.0248943
7 0 -0.0539057
7 1 -0.000909308
7 2 0.0262088
7 3 0.050118
7 4 0.0256115
7 5 0.062718
7 6 0.00208981
7 7 0.094787
8 0 0.0723603
8 1 0.0148163
8 2 0.000129423
8 3 -0.016312
8 4 -0.00819578
8 5 -0.0271916
8 6 0.0152534
8 7 -0.0341006
8 8 0.0279735
9 0 -0.0111973
9 1 -0.00256315
9 2 0.00706045
9 3 0.0119035
9 4 0.010272
9 5 0.0167033
9 6 0.0071211
9 7 0.0176704
9 8 -0.00141484
9 9 0.0188184
SCENARIOS
0 0.54991	1.56902 1.13865 1.03082 1.03113 1.01911 0.878839 1.09995 0.955729 1.12329 1.03624 
1 0.45009	0.6557 0.885392 0.959428 1.03279 1.06408 1.1299 0.907412 1.10723 0.905363 1.00745 
00 0.329163	0.910176 1.03836 1.21904 1.21645 1.06322 1.51997 0.989902 1.59687 0.813705 1.03199 
01 0.670837	1.28419 0.902635 0.965359 0.850842 0.889621 1.0232 1.03786 0.782068 1.09097 0.943898 
10 0.82619	1.07041 1.00669 0.950879 0.946367 0.928419 0.851658 0.947914 0.919586 1.03036 0.977147 
11 0.17381	1.59806 1.22087 1.39311 1.23882 1.06243 1.31355 1.1568 1.41813 0.991731 1.07783 
000 0.158168	0.696144 0.990434 1.12306 1.30813 1.17311 1.32366 1.07353 1.45815 0.900833 1.04134 
001 0.0891111	1.82021 1.03416 1.06166 1.03562 1.16465 0.993712 1.3932 0.947768 1.22917 1.04496 
002 0.0744158	1.20298 0.998526 0.767765 0.846472 1.01065 0.682539 1.12229 0.517943 1.26287 0.96939 
003 0.0676206	1.26606 0.921407 0.944407 0.761189 0.854041 0.715669 0.910958 0.686828 1.11609 0.782548 
004 0.176068	0.907891 0.919899 0.953944 1.01072 1.10554 1.03768 1.05221 0.992534 1.03573 1.1137 
005 0.0973979	0.274736 0.739592 0.964398 1.27455 1.25847 1.55108 0.929879 1.54135 0.732326 1.28624 
006 0.213635	0.40648 0.76544 0.724897 0.885022 0.951932 0.909976 0.765765 0.771718 0.855145 0.915911 
007 0.123584	3.90932 1.39817 1.13307 0.968876 0.895817 0.74268 1.43521 0.804324 1.40465 0.747137 
010 0.105259	1.23465 1.12011 0.847173 0.86083 0.994534 0.792706 0.920729 0.832653 1.04081 0.895069 
011 0.159339	0.386296 0.83161 0.921057 1.09099 1.17763 1.07854 0.764023 1.57749 0.73226 1.00998 
012 0.117186	0.44001 0.973433 0.908153 0.856759 0.878353 0.768012 0.744749 0.774002 0.883805 0.773457 
013 0.137951	1.36598 1.33869 1.2127 1.30319 1.0854 1.16304 1.17242 1.32246 1.03837 1.07325 
014 0.165763	3.25968 1.60421 1.11412 1.00302 1.08529 0.822997 1.31082 0.904542 1.3347 1.00566 
015 0.180401	0.760331 1.11648 1.19238 1.10567 1.07735 1.1246 1.03831 1.3688 0.953098 1.25173 
016 0.0416102	0.373777 0.817828 0.940238 0.87493 0.99943 0.807063 0.830681 0.921951 1.00025 1.10984 
017 0.0924912	0.989078 0.925145 0.856704 0.68549 0.801859 0.558873 0.954683 0.665667 1.25053 1.06275 
100 0.147045	0.480638 0.872574 1.10378 1.53478 1.26898 1.94818 0.970547 2.22176 0.67348 1.08909 
101 0.0603722	1.31518 0.99524 1.10649 0.859509 0.988609 0.820525 1.24609 0.790639 1.29367 1.2125 
102 0.143871	0.403046 0.751904 0.734181 0.839506 0.932114 0.941508 0.75941 0.759917 0.843007 0.957985 
103 0.156564	1.26708 0.968635 0.840705 0.675261 0.83916 0.632433 0.98421 0.558154 1.24483 0.946284 
104 0.0805142	1.03259 1.05755 1.14164 1.193 1.17582 1.43989 1.19303 1.4342 0.880299 1.20262 
105 0.125558	1.42579 1.12768 0.998431 1.15437 1.04676 1.03634 1.16429 1.02631 0.997043 1.05404 
106 0.115312	3.45111 1.40795 0.971495 0.911027 0.924167 0.777224 1.18549 0.819127 1.2418 0.850204 
107 0.170763	0.868683 0.979825 1.10944 1.11541 1.00557 1.11626 0.942411 1.35421 0.872748 0.99532 
110 0.160297	0.311886 0.870113 1.06428 1.44654 1.21013 1.71479 0.832961 2.00885 0.640638 1.18428 
111 0.0749073	0.922089 0.977094 0.867679 0.938816 0.981089 0.723143 1.04262 0.757898 1.26081 1.16301 
112 0.0945929	3.62911 1.33805 0.953283 0.795025 0.840185 0.553899 1.39225 0.577543 1.63885 1.04595 
113 0.0835996	1.97436 1.20526 0.98485 0.952617 0.951358 0.835946 1.13199 0.930739 1.13184 0.997424 
114 0.0700499	1.80359 1.12446 0.871337 0.639023 0.933574 0.607338 1.08836 0.507193 1.40319 1.03243 
115 0.132302	0.446062 0.790974 0.879311 0.895903 0.810131 0.84829 0.872961 0.690954 1.00493 0.989293 
116 0.0773361	1.91544 1.31394 1.09711 1.31566 1.14621 1.23957 1.43091 1.45117 0.988181 1.2285 
117 0.306916	0.845137 0.967499 0.972343 1.02017 1.1049 0.992777 0.941106 1.03894 0.937856 0.965351 
0000 0.256025	1.22347 0.970261 0.779812 0.998334 1.05083 0.905529 0.982378 0.903584 1.12329 1.10633 
0001 0.143206	0.884695 0.816242 0.855985 0.678969 0.765163 0.583054 0.784546 0.756212 0.961899 0.870476 
0002 0.0995459	1.15041 1.057 0.999279 1.31772 1.10742 1.17493 1.1552 1.58863 0.945296 1.15598 
0003 0.0736989	1.41961 1.06366 1.02811 1.06932 1.02021 0.806855 0.887073 1.1847 1.07383 0.828352 
0004 0.194202	1.17033 1.09894 1.18169 0.939562 0.874278 1.07308 1.05043 1.0867 0.949662 1.07336 
0005 0.0723018	0.374533 0.796635 0.92886 1.00019 1.01587 1.18446 0.78629 1.50158 0.797367 1.08057 
0006 0.0642683	2.7075 1.23294 1.36571 1.05252 1.08816 0.884335 1.11135 0.995508 1.19743 1.01222 
0007 0.0967517	3.20253 1.3127 1.37851 1.08718 1.05756 1.00297 1.57575 1.40627 1.1019 0.950583 
0010 0.0533168	1.03086 1.01691 0.841407 1.06638 0.997233 0.889365 1.04724 1.06358 1.06685 1.14563 
0011 0.148791	0.678371 1.16525 1.04753 1.15842 0.911914 1.18967 0.916335 1.56461 0.892367 1.09815 
0012 0.0520769	3.30817 1.93497 1.36517 0.995733 0.882541 1.02779 1.21382 0.813523 1.35981 0.774238 
0013 0.206448	1.21004 1.28339 0.933147 0.852675 0.902775 0.905233 0.954301 0.629334 1.13254 0.967801 
0014 0.127092	1.95523 1.50457 1.12081 1.02774 0.888521 0.906839 1.12511 0.950799 1.18058 1.1553 
0015 0.212027	1.08878 1.2786 1.25324 1.19555 1.12135 1.10294 1.13139 1.49279 0.961658 1.03646 
0016 0.0849349	0.978179 0.99514 0.96709 1.29309 1.12 1.07296 0.875802 1.43046 0.942107 1.28136 
0017 0.115313	0.50512 0.890711 0.86763 1.3503 1.11622 1.15802 0.845664 1.31536 0.807515 1.22625 
0020 0.11804	0.925869 1.09415 1.24064 1.30417 0.997242 1.6667 0.941596 2.08481 0.801267 1.08302 
0021 0.244989	1.41245 1.15887 0.962949 1.12311 1.04293 1.08788 1.09726 1.18188 0.935559 0.941407 
0022 0.12101	1.31866 0.872207 0.979529 0.715969 0.826371 0.746998 0.976321 0.765468 1.21918 0.970804 
0023 0.0890869	0.664804 0.784978 0.784391 0.947896 0.994192 0.949911 0.832873 1.0714 0.824759 0.869872 
0024 0.142539	2.61878 1.33665 1.06505 0.888617 0.904637 0.882805 1.24838 0.96506 1.24789 1.00836 
0025 0.0853749	0.513091 0.675934 0.82091 0.909744 0.930604 0.944268 0.846073 1.14511 0.916705 0.967217 
0026 0.074239	0.369523 0.878893 1.03405 1.03442 0.926782 1.21809 0.88772 1.72335 0.757864 1.02134 
0027 0.124722	0.897008 1.00868 1.12527 0.884469 0.940644 1.07494 0.931572 0.90158 1.06352 1.06532 
0030 0.0800654	0.369794 0.855762 0.892338 1.36463 1.23062 1.6393 0.832694 1.3855 0.758738 1.52844 
0031 0.133987	1.30407 1.06699 0.867728 0.835236 0.909595 0.837741 1.03668 0.818807 1.24876 1.12285 
0032 0.147059	2.64674 1.48508 1.04812 0.905143 0.986559 0.923904 1.22331 0.949783 1.15773 1.22541 
0033 0.0718954	0.765054 0.965051 1.21477 1.40031 1.12206 1.44626 1.03007 2.055 0.703146 1.06688 
0034 0.125817	1.25899 1.24687 1.04192 1.20112 1.08731 1.12082 0.983902 1.12334 0.877632 0.969088 
0035 0.147059	0.692911 0.901955 0.847269 1.14112 1.08042 0.909023 0.799017 1.1422 0.85495 0.871339 
0036 0.227124	0.762829 0.88313 0.833543 0.884478 0.936328 0.872857 0.930668 0.803039 1.05962 1.21931 
0037 0.0669935	0.791418 1.00428 1.19001 1.25311 1.1237 1.43769 1.12541 0.892672 1.03667 1.3161 
0040 0.117979	1.43263 1.06052 1.23675 0.845086 0.885934 1.00156 1.28101 0.772367 1.10759 1.02635 
0041 0.167556	0.830692 0.913161 0.8428 0.750409 0.874118 0.776474 0.897738 0.61057 1.06739 0.851665 
0042 0.115783	0.770864 1.14182 1.28681 1.36306 1.1031 1.28034 1.21192 1.40419 1.05647 1.34582 
0043 0.0837778	1.2581 1.29314 1.3214 1.24397 1.11765 1.24001 1.07272 1.42978 0.858482 0.856769 
0044 0.0693442	1.76856 1.20178 0.82695 0.734818 0.922208 0.726851 1.11401 0.536855 1.36722 0.914342 
0045 0.0944462	2.93871 1.46592 1.13393 1.11205 0.968563 0.82876 1.37151 1.05873 1.2451 1.05032 
0046 0.27518	0.680443 1.02777 0.996447 1.08044 1.02403 0.940434 0.883525 1.06889 0.906661 0.944144 
0047 0.0759335	1.86062 1.31377 0.933308 0.839996 0.829929 0.728588 1.06559 0.715105 1.01297 0.750242 
0050 0.177538	1.39678 1.01421 0.899098 0.788913 0.828989 0.736864 0.883869 0.701571 1.14328 0.828227 
0051 0.124787	1.39239 0.99086 0.902124 0.955873 0.960909 0.834992 1.18451 0.886771 1.23111 1.11646 
0052 0.0947249	0.73427 0.689077 0.902621 1.10974 1.05268 0.999826 0.721663 1.19266 0.890238 0.911168 
0053 0.159387	0.839558 1.21821 1.2234 1.66467 1.20083 1.56807 1.10877 2.08475 0.83715 1.18928 
0054 0.153715	0.827576 0.930911 0.980635 0.99313 0.933863 1.00094 0.817335 0.954106 0.934745 1.00347 
0055 0.0862167	2.78289 1.62552 1.48781 1.08602 1.04429 0.951279 1.2748 1.03195 1.14466 0.798139 
0056 0.127056	0.761841 0.89296 1.19187 0.955777 0.886025 0.983841 0.901016 1.04097 0.983298 0.841072 
0057 0.076574	1.44658 1.09588 1.41964 1.09326 0.91912 1.07406 1.08063 1.34091 0.910083 0.777193 
0060 0.0581846	1.1674 1.02585 1.34643 1.45777 1.32548 1.21654 1.32588 1.791 0.971786 1.26511 
0061 0.198345	2.33316 1.25494 1.11944 0.797044 0.958153 0.818033 1.19757 0.930918 1.23318 0.805346 
0062 0.0770623	0.606873 0.881423 0.879256 1.15483 1.0698 1.01983 0.793149 1.2059 0.787755 0.86705 
0063 0.189294	0.938733 0.923503 0.753616 0.876223 0.920116 0.649443 0.885638 0.75864 1.18977 0.82806 
0064 0.123351	0.376072 0.73919 1.18357 1.13477 1.02608 1.24419 0.836715 1.45789 0.851338 1.06523 
0065 0.101888	0.716018 0.904004 0.983895 0.859421 0.964171 0.948973 0.87828 0.90341 0.952074 0.933306 
0066 0.173002	0.86761 0.91007 1.20107 1.03034 1.00662 1.1707 1.11708 1.1043 1.14934 1.25876 
0067 0.0788725	1.57972 0.998369 1.01955 1.03164 1.24283 1.09847 1.37209 0.872638 1.28291 1.22501 
0070 0.257488	0.779493 1.00023 1.04374 1.35538 1.19831 1.20725 0.987855 1.47892 0.868157 1.21195 
0071 0.119803	1.22225 1.0407 1.03491 0.992059 1.13368 1.17195 1.1037 1.12498 1.0861 1.30797 
0072 0.0889584	1.61803 1.16618 1.11928 1.04272 1.03087 0.943231 1.26588 1.19565 1.07835 1.23162 
0073 0.219043	0.387514 0.805905 0.706528 0.936293 1.11473 0.913652 0.773204 0.99414 0.815109 1.34336 
0074 0.121591	3.38597 1.55222 1.15155 0.880295 0.823767 0.698896 1.35305 0.819813 1.4214 1.01353 
0075 0.0540903	0.672122 0.885681 0.775849 0.683911 0.951094 0.853027 0.736314 0.617999 0.945537 1.21919 
0076 0.0710773	0.979885 0.981719 0.717979 0.736479 0.944516 0.702458 0.912418 0.530517 1.20038 0.918859 
0077 0.0679481	1.84189 1.0545 1.00426 0.775325 0.845154 0.846719 1.02273 0.7603 1.18666 1.09183 
0100 0.0803502	1.73034 1.08863 1.05245 0.940044 0.913663 0.754302 1.12483 1.09158 1.34987 0.97546 
0101 0.110224	0.843161 0.90056 0.777148 0.894024 1.07253 0.776813 0.958635 0.620007 1.05196 1.18135 
0102 0.113572	0.601993 0.98495 1.20362 1.10613 0.950751 1.11409 0.873489 1.38885 0.797106 0.813566 
0103 0.192377	2.1501 1.41951 1.08201 0.857635 0.973544 0.817166 1.11488 0.776696 1.15203 0.938754 
0104 0.209632	1.02137 1.11896 1.13297 1.05011 0.98453 0.976244 1.08101 1.45878 1.05588 0.985348 
0105 0.123616	0.56069 0.97571 1.04159 0.83404 0.852243 0.916395 0.854289 1.06111 0.946601 0.999639 
0106 0.0883338	0.373216 0.827421 0.841845 1.0046 0.933029 0.992394 0.818114 1.12828 0.758355 0.802429 
0107 0.0818954	1.05969 1.0949 0.971691 1.21843 1.03785 0.988864 1.06116 1.29335 0.862829 0.946208 
0110 0.118237	1.97964 1.46061 1.08175 1.0611 1.04077 1.159 1.20447 0.797626 1.15313 1.08806 
0111 0.118918	0.809997 0.86401 0.688209 0.796333 0.90409 0.785531 0.907352 0.634648 1.10875 0.979019 
0112 0.119258	0.970785 1.08356 1.28524 1.38397 1.18343 1.45044 1.14241 1.57255 0.991331 1.28586 
0113 0.129126	0.368854 0.94778 0.951013 1.24123 1.16586 1.5085 0.893921 1.28686 0.709707 1.14747 
0114 0.0910174	0.857738 1.13568 1.3408 1.19226 0.892304 1.63697 0.926167 1.30119 0.856364 0.993481 
0115 0.132698	1.80082 1.21645 0.938986 0.885988 0.878981 0.772982 1.14063 0.408776 1.3305 0.891256 
0116 0.192242	0.681422 0.854403 0.913866 0.897741 0.882956 1.05793 1.00831 0.744757 1.01604 1.05234 
0117 0.0985029	0.492614 0.825619 0.854198 0.915269 0.827658 0.842238 0.748866 0.809731 0.83913 0.8499 
0120 0.153134	1.40596 0.858538 0.82937 0.748278 0.799216 0.705314 0.92054 0.667294 1.14164 1.03075 
0121 0.180893	0.946759 0.944774 1.01994 1.19412 1.18828 1.34044 0.972223 1.59281 0.809747 1.09578 
0122 0.173028	2.57554 1.11467 1.07678 0.9114 1.04793 0.96374 1.14173 1.05233 1.24283 1.2082 
0123 0.129077	0.528739 0.699937 0.690769 0.797699 0.918711 0.852833 0.753818 0.919403 0.854086 0.91299 
0124 0.120981	1.12886 0.838644 0.936601 0.845551 0.901494 0.885417 0.950245 0.869279 1.01276 1.03594 
0125 0.0393245	1.12801 0.981422 1.13068 1.24317 1.21965 1.48664 1.22384 1.59577 0.882783 1.23581 
0126 0.14365	0.985337 0.889377 0.899535 0.975749 1.03862 1.09643 1.03201 1.21426 0.921744 1.11618 
0127 0.0599121	1.86158 1.06124 0.897137 0.832977 0.948293 0.786476 1.34413 0.869055 1.37558 1.21375 
0130 0.14777	0.854609 0.96325 1.23534 1.36925 1.26681 1.40254 1.17117 1.51914 0.908604 1.30299 
0131 0.0646492	0.443156 0.89464 1.04752 1.23168 1.18419 1.4957 0.864042 2.0831 0.636422 0.992353 
0132 0.127923	1.29126 1.11204 1.20674 0.986234 1.01595 0.937444 1.09406 1.23834 1.1164 1.02627 
0133 0.121438	0.825798 0.879483 0.812545 0.704883 0.995027 0.660509 0.957068 0.687733 1.09272 1.04399 
0134 0.216152	0.648382 0.884712 0.820382 0.852195 1.01323 0.809477 0.847634 1.02481 0.854578 1.02835 
0135 0.0679898	0.471692 0.884349 1.13777 1.15576 1.29704 1.36162 1.04217 1.39771 0.882917 1.42849 
0136 0.145608	1.592 1.04427 0.935585 0.790795 0.95463 0.66039 1.06267 0.875945 1.21238 0.959752 
0137 0.108469	2.65785 1.32154 1.25308 0.946236 1.00113 0.967078 1.35587 0.910599 1.32046 1.07766 
0140 0.102862	1.1199 1.03595 1.2013 1.2992 1.14679 1.0009 1.15571 1.43821 0.951587 0.94708 
0141 0.264922	0.4999 0.814743 0.995984 1.22444 0.995982 1.17163 0.821197 1.44787 0.774796 1.0212 
0142 0.0958299	1.54762 0.988833 1.04565 0.664787 0.84843 0.651491 1.18892 0.588258 1.18123 0.81944 
0143 0.0591987	1.9651 1.19027 1.16047 1.11058 0.968556 0.946053 1.19122 0.889569 1.33236 1.12338 
0144 0.15094	1.05796 0.909009 0.730854 0.646768 0.802041 0.541553 0.901761 0.529317 1.13697 0.830833 
0145 0.0919052	0.820426 0.929836 1.35782 1.12512 1.09813 1.40782 1.12449 1.08885 1.00805 1.07482 
0146 0.142927	0.520933 0.737353 0.845918 0.641064 0.689761 0.7476 0.801222 0.615794 1.05666 1.00648 
0147 0.0914146	3.37114 1.36495 1.09712 0.719697 0.838372 0.567787 1.39427 0.498382 1.44766 0.726196 
0150 0.126672	0.68609 0.847464 0.856525 0.981731 0.87265 0.827218 0.869697 0.738638 1.03105 0.811773 
0151 0.13704	0.910186 0.950672 1.02952 1.08485 0.978612 1.05238 0.933 1.07439 0.88078 0.777948 
0152 0.20556	1.11226 0.867268 0.960463 1.0837 1.06101 1.08386 1.11049 0.97399 1.13338 0.8772 
0153 0.141698	0.617634 0.955711 0.954537 1.08296 1.12502 1.34688 1.03998 1.02242 0.847418 0.973788 
0154 0.103982	1.82661 1.09561 1.20946 0.940769 0.921677 0.978681 1.1317 0.91676 1.33208 0.960667 
0155 0.0864012	1.80638 1.3124 1.00832 1.13743 0.934797 0.882235 1.1108 1.1074 0.992644 0.817432 
0156 0.125019	0.354799 0.790932 1.09534 1.19261 1.13657 1.3683 0.755824 1.52202 0.741638 1.0219 
0157 0.0736289	3.19454 1.2739 0.961625 0.920833 0.957677 0.843974 1.23883 0.649928 1.18185 0.830962 
0160 0.0469055	0.481403 0.805047 0.71534 0.72857 0.885026 0.916454 0.878122 0.52844 1.03303 1.13726 
0161 0.0684039	0.810487 0.756059 0.774268 0.564197 0.69347 0.921632 0.738717 0.711594 0.933518 0.756309 
0162 0.17329	1.10567 0.931719 0.979148 1.23656 1.0967 1.15716 1.15943 0.993481 1.0389 1.10944 
0163 0.057329	0.54403 0.76304 1.22091 1.02652 1.02689 1.49568 0.838057 1.3951 0.785384 1.10782 
0164 0.218893	0.603638 0.843803 0.866372 1.05452 1.17666 1.33781 0.98944 1.22911 0.881657 1.23653 
0165 0.158958	2.05373 1.15931 1.36248 1.12473 0.976038 1.17709 1.28142 0.90884 1.09964 0.971099 
0166 0.194788	1.52028 0.963116 0.931924 0.894594 0.903925 0.747959 1.08834 0.754888 1.22403 0.967606 
0167 0.0814332	0.730506 0.91936 1.1108 1.44248 1.30453 1.78875 0.94199 1.64569 0.734581 1.32374 
0170 0.0644783	2.59831 1.24564 1.10073 0.9915 1.03291 0.934179 1.07797 0.735656 1.24202 0.83221 
0171 0.0553927	2.82127 1.2659 0.945362 0.844896 1.03977 0.672247 1.1765 0.40148 1.52309 0.775557 
0172 0.154162	0.885029 0.940753 0.885364 0.886846 0.809959 0.927314 0.799563 0.677887 0.989246 0.687926 
0173 0.0841149	0.760116 0.9238 0.829096 0.757549 0.888285 0.772163 0.865445 0.720466 1.18422 0.851897 
0174 0.12075	0.853278 1.13181 0.96358 1.22202 1.28357 1.4197 1.18494 0.920901 0.977388 1.03151 
0175 0.130422	1.54502 1.29429 1.14672 1.25899 1.19446 1.03935 1.105 1.12043 1.23247 1.01415 
0176 0.243552	0.460762 0.944029 1.00793 1.354 1.1026 1.24631 0.839359 1.47696 0.810551 0.858682 
0177 0.147128	1.32336 1.27191 1.19745 1.2314 1.15384 1.49425 1.0425 1.11328 0.979137 0.807081 
1000 0.154535	0.498904 0.768812 1.07722 1.1733 1.11006 1.37776 0.975678 1.47866 0.808448 1.215 
1001 0.0956474	0.763235 1.03064 1.42069 1.28546 1.21677 1.32637 1.29718 1.68533 1.0033 1.39151 
1002 0.0762619	1.0031 0.788365 0.70505 0.694048 0.925027 0.637778 0.85558 0.48001 1.19504 1.00681 
1003 0.0804682	3.50244 1.55114 1.08647 1.17636 1.16373 0.969591 1.45217 0.906819 1.31138 1.05311 
1004 0.0868691	1.06703 0.947104 1.05517 1.05473 0.977951 0.84869 0.853864 1.10317 0.965858 1.09348 
1005 0.244331	1.06884 1.03548 1.12773 0.969799 0.989416 0.927074 1.07222 0.752427 1.08869 1.09253 
1006 0.0504755	2.53485 1.19557 1.03831 0.81185 0.885773 0.713406 1.16831 0.533344 1.44342 1.07512 
1007 0.211412	0.598688 0.72309 0.909642 0.86269 0.972355 0.827069 0.821699 0.72765 0.909258 0.931767 
1010 0.235189	1.14849 1.04445 0.873204 0.805658 0.909892 0.95159 0.998539 0.708111 1.10941 1.08727 
1011 0.142539	0.500602 0.807659 0.96741 1.13765 0.930303 1.21467 0.762889 1.20287 0.832418 0.775225 
1012 0.0708241	0.554228 0.942165 0.712782 1.10982 0.98179 1.03483 0.872541 0.988208 0.852242 0.972136 
1013 0.129176	1.34258 1.14512 0.936074 1.19502 1.0702 1.19608 1.02029 1.08928 0.94078 0.973586 
1014 0.0868597	1.1322 1.08905 1.04183 1.17828 1.21149 1.25904 1.15741 1.13213 1.05915 1.26835 
1015 0.142094	3.34735 1.48456 1.12077 1.00804 1.03992 0.925212 1.3361 0.784465 1.43467 0.853386 
1016 0.12294	0.677345 1.05674 1.18008 1.39887 1.13683 1.68312 0.92504 1.6659 0.820194 1.14984 
1017 0.0703786	1.68514 1.00209 1.17871 1.11142 1.0661 1.14472 1.01901 1.04343 1.04181 0.922697 
1020 0.0829907	2.24822 1.16587 0.951168 0.894032 0.94441 0.858197 1.32622 0.763474 1.47584 0.956211 
1021 0.0624299	3.21624 1.14225 0.896121 0.728594 0.754541 0.455154 1.07483 0.46786 1.50054 0.726025 
1022 0.151402	1.3147 0.952374 0.938949 0.794665 0.828682 0.816004 0.912547 0.668846 1.11719 0.836552 
1023 0.0646729	0.357136 0.749349 1.13203 1.08419 0.932028 1.31421 0.798673 1.31088 0.795687 1.02137 
1024 0.191589	0.82557 0.97465 0.947144 0.965917 0.989901 0.839709 0.850676 0.837273 0.921493 0.926607 
1025 0.241869	1.717 1.17839 1.14883 1.21013 1.22057 0.992971 1.14748 1.36406 1.08713 1.12652 
1026 0.0581308	0.340818 0.803869 1.14636 1.21991 1.02311 1.41369 0.953917 1.32684 0.87934 1.29495 
1027 0.146916	0.423605 0.964121 1.14364 1.2816 1.10781 1.37996 0.901362 1.58549 0.719674 0.963686 
1030 0.182755	0.95398 0.979915 1.11586 1.0202 0.855724 1.14174 0.958975 0.91275 0.996152 0.920513 
1031 0.104603	2.2272 1.07129 1.30676 1.07451 1.03223 1.5048 1.32216 1.10661 1.14146 1.24457 
1032 0.170388	2.3752 1.16446 0.865628 0.769503 0.847366 0.786596 0.991852 0.475709 1.29881 0.808908 
1033 0.180179	1.00545 0.992233 0.873263 1.13994 1.15901 0.961614 1.12424 1.07031 1.07154 1.04072 
1034 0.0750601	0.423515 0.90791 1.21795 1.59074 1.1038 1.62789 0.847378 2.08401 0.674503 0.921232 
1035 0.0549639	0.647229 0.817413 0.802876 0.777821 0.881684 0.815177 0.75601 0.729275 0.976251 0.819217 
1036 0.160598	0.529349 0.907475 1.02465 1.17646 0.991109 1.32867 0.781726 1.34756 0.759156 0.994963 
1037 0.0714531	1.12869 1.15253 1.22056 1.72099 1.17751 1.88758 1.17528 1.77788 0.812359 1.05705 
1040 0.0444222	0.718557 0.741364 0.967986 1.07552 1.13601 0.844671 1.09813 0.967057 1.22641 1.33172 
1041 0.174683	1.99784 1.39104 1.21998 1.18829 0.958662 1.05025 1.24029 1.1829 1.10231 0.988262 
1042 0.151303	0.952123 0.983016 0.983913 0.919726 0.842255 0.926613 0.897904 0.781673 1.049 0.916992 
1043 0.168337	0.558964 0.813577 0.881585 1.05342 1.04669 1.0291 0.92801 0.767485 0.883252 0.984148 
1044 0.0718103	1.48654 1.21156 1.20925 1.61667 1.24798 1.36734 1.34201 1.74547 1.03305 1.14978 
1045 0.121242	2.62128 1.41645 1.01432 1.1511 0.993132 0.766236 1.39472 0.776666 1.4285 1.02524 
1046 0.100534	0.598719 0.931217 1.24575 1.31233 0.915021 1.54554 0.900873 1.44158 0.790451 0.891732 
1047 0.167669	0.462152 0.895801 0.992254 1.24967 0.93487 1.17234 0.958462 1.36692 0.897799 1.07031 
1050 0.301564	0.448044 0.853352 0.987786 1.05079 1.0637 1.18758 0.872815 1.14577 0.87591 0.95432 
1051 0.129578	1.00326 0.914762 1.25438 0.938353 1.04122 1.41353 1.11583 1.29024 1.00181 0.972446 
1052 0.0700364	2.85466 1.35568 1.19484 1.1638 1.10643 1.27701 1.51333 1.25054 1.23203 0.985902 
1053 0.0698222	1.63945 1.1615 1.01648 0.822125 0.971453 0.995813 1.10949 0.818079 1.05831 0.885307 
1054 0.101735	3.12496 1.15284 1.00768 0.800682 0.949473 0.835033 1.23812 0.945167 1.47989 0.975849 
1055 0.0974513	1.33771 1.03411 0.844058 0.834462 0.996567 0.772262 0.971918 0.736706 1.23742 0.861701 
1056 0.147783	0.922826 0.911303 0.951951 0.824607 0.903297 0.960493 0.939676 0.822344 1.09404 0.922413 
1057 0.0820304	0.246621 0.748372 0.880668 0.746864 0.926884 1.42726 0.693733 0.893585 0.765142 0.947544 
1060 0.122201	2.41467 1.41393 1.21246 1.06241 1.06877 0.73814 1.4112 1.0804 1.40831 1.32688 
1061 0.0799907	0.608101 0.928989 0.948858 1.29506 1.30018 1.29523 0.983731 1.39319 0.860297 1.27075 
1062 0.20639	1.03325 1.01767 0.973346 0.89906 0.931724 0.956139 0.996349 0.857486 1.05862 0.898165 
1063 0.203358	0.526942 0.836107 0.893678 0.920946 0.870881 0.904916 0.881822 0.898216 0.944742 0.894905 
1064 0.0452425	0.499005 1.03221 1.12498 1.64867 1.20327 1.90403 0.911371 2.05854 0.684952 1.19961 
1065 0.188666	1.80308 1.00776 1.06815 0.754711 0.740754 0.720244 1.06012 0.586962 1.31958 0.805381 
1066 0.0611007	0.202066 0.599383 0.837715 1.09378 1.01959 1.2009 0.68508 1.06033 0.668532 0.877193 
1067 0.0930504	0.394217 0.81815 1.01982 0.992671 1.01022 1.33719 0.782234 1.08276 0.740967 0.816471 
1070 0.0587402	0.912746 0.874057 1.0323 0.977602 1.07801 1.07614 1.2179 0.86528 1.14256 1.24565 
1071 0.156378	0.679373 0.864839 0.905553 1.09715 1.2532 1.27243 0.928114 1.08882 0.900206 1.1376 
1072 0.0979528	1.08072 1.02597 1.20265 1.01044 0.924589 1.23885 1.04963 0.906436 1.0428 1.04016 
1073 0.260157	0.509129 0.880839 0.973697 1.03005 1.02172 1.30191 0.857101 1.35344 0.791336 0.889419 
1074 0.183465	1.17805 0.907705 1.04013 0.772438 0.84635 0.860023 0.982482 0.744678 1.20605 0.889144 
1075 0.0554331	2.53092 1.11677 0.907636 0.939228 0.899406 0.786401 1.08114 0.706636 1.3903 0.858691 
1076 0.0749606	4.08133 1.22084 1.29784 1.08589 1.05729 0.939371 1.47621 1.15291 1.50113 1.24935 
1077 0.112913	1.80668 1.30858 1.04699 1.12096 1.07452 1.26001 1.12819 1.18514 1.01253 0.966181 
1100 0.267943	2.26473 1.26626 1.21591 0.943484 1.00045 0.871532 1.50516 0.760319 1.46034 0.929539 
1101 0.104466	1.53512 0.939702 0.954053 1.18972 1.18132 1.15764 1.08863 1.28333 0.971185 1.08244 
1102 0.0733652	0.47909 0.668438 1.19057 1.02483 0.987339 1.47731 0.806819 1.31598 0.761342 0.979396 
1103 0.113238	1.73786 0.764605 0.757882 0.722804 0.840984 0.691682 1.06461 0.537934 1.22569 0.749315 
1104 0.189793	0.548275 0.614907 0.892499 0.938489 0.938653 0.922666 0.915137 0.906238 0.877837 0.948601 
1105 0.0661882	1.86015 1.1231 1.35315 1.2889 1.07899 1.29726 1.34058 1.76789 1.04574 1.06366 
1106 0.0893142	0.968283 0.892978 1.08048 1.20928 1.15227 1.21797 1.14804 1.82847 0.839395 1.02619 
1107 0.0956938	1.24893 0.912654 0.899157 0.862839 0.796192 0.629413 0.919785 0.904563 1.21388 0.745337 
1110 0.182594	1.61466 1.12928 1.17566 1.04347 1.00269 1.19596 1.12886 1.13108 1.24516 1.25061 
1111 0.170648	0.459373 0.799958 1.01992 1.39653 1.20751 1.38115 1.02047 1.67407 0.802989 1.33319 
1112 0.167235	1.75071 1.18169 0.977071 0.79814 0.886558 0.762607 1.10921 0.625875 1.10439 0.808372 
1113 0.0699659	2.00244 1.1929 1.22809 1.15338 1.04494 1.50982 1.35326 1.42643 0.897458 1.0357 
1114 0.0477816	0.551309 0.791756 0.80142 0.812964 1.0083 0.986079 0.852485 0.839641 1.07976 1.06793 
1115 0.139932	0.563927 0.680393 0.948786 0.6972 0.884499 0.783566 0.891342 0.783108 0.994863 0.960176 
1116 0.0477816	3.23098 1.37895 1.28407 0.78412 0.823102 0.862242 1.48756 0.920197 1.35574 0.899633 
1117 0.174061	1.06906 0.830506 0.91725 0.907303 1.01656 1.15133 0.838967 1.06323 0.874643 0.854247 
1120 0.0702703	0.98086 0.993602 1.20923 1.14294 1.32032 1.19806 1.33816 1.18419 1.07848 1.1217 
1121 0.0783784	0.24583 0.598989 0.9845 1.02556 0.94408 1.2449 0.795297 1.10663 0.795345 0.954573 
1122 0.0743243	0.312768 0.747357 1.17548 1.46464 1.16834 1.89165 0.883482 2.03453 0.7215 1.17662 
1123 0.298649	0.744694 0.903239 0.944093 0.912599 0.952532 1.051 0.955813 1.04803 0.869103 0.931406 
1124 0.12973	0.554154 0.73884 0.797921 0.895551 0.954079 0.957929 0.827218 0.685315 0.993113 1.03755 
1125 0.0702703	3.95064 1.39497 0.95153 1.0971 1.17711 1.08768 1.0618 1.11522 1.26035 0.903088 
1126 0.0837838	1.43642 1.1946 1.13286 1.01554 1.144 1.31965 0.947969 1.50193 0.87537 0.903061 
1127 0.194595	1.84151 1.06887 0.921093 0.88077 0.960531 0.702704 1.05704 0.724702 1.20081 0.851627 
1130 0.059633	1.28317 1.19044 1.21775 0.910968 0.918426 0.891344 1.03687 0.732357 1.10513 0.634996 
1131 0.102446	0.488753 0.826137 0.79585 0.712915 0.859414 0.773605 0.794356 0.692212 0.933516 0.863617 
1132 0.168196	1.53729 1.12224 1.05539 1.01315 0.932472 0.914993 1.33779 1.03636 1.12974 0.933457 
1133 0.059633	3.06729 1.33472 0.842718 0.947713 0.849968 0.570987 0.911401 0.628412 1.32643 0.711263 
1134 0.0749235	1.28412 1.00804 0.81344 0.692155 0.663639 0.676657 0.930124 0.535642 1.15762 0.711161 
1135 0.0657492	2.22288 1.33155 1.15006 1.23011 1.02221 0.862542 1.12214 1.33664 1.08042 0.808189 
1136 0.221713	0.694517 0.858618 0.776824 1.00373 0.967852 1.06255 0.855911 1.19191 0.798976 0.782832 
1137 0.247706	0.876485 0.876001 1.0357 0.850339 0.982135 1.1845 0.900009 0.934099 0.906533 0.87291 
1140 0.166058	0.702667 0.946332 0.933039 1.14783 1.00759 1.15767 0.942428 1.07669 0.8638 0.893769 
1141 0.0839416	0.871591 1.01235 1.14244 1.59369 1.16644 1.41687 1.13673 2.06556 0.826771 0.856814 
1142 0.0766423	1.56259 1.09398 0.983329 0.983885 0.841671 0.858905 0.955256 0.880818 1.00539 0.885816 
1143 0.113139	2.53516 1.32799 1.14429 1.13679 0.852183 0.991598 1.27909 0.941309 1.14544 0.825256 
1144 0.149635	1.4931 1.1811 0.866347 1.12173 0.908689 0.917196 1.09513 1.2205 1.04468 0.959171 
1145 0.195255	0.779637 1.04869 0.909335 1.15607 0.893088 1.08391 0.962559 1.27084 1.01352 1.05823 
1146 0.0948905	1.99658 1.1409 0.939372 0.946027 0.780983 0.517285 1.10067 0.631014 1.3658 0.774695 
1147 0.120438	0.688472 0.771635 0.874099 0.836769 0.7639 0.706133 0.694047 0.666843 1.05662 0.742643 
1150 0.110145	0.475977 0.729637 0.785373 0.787426 1.06396 0.996782 0.782913 1.1393 0.767994 1.0372 
1151 0.154589	1.46604 0.923934 1.16613 0.841942 0.999499 0.979378 0.972648 1.06973 1.01857 1.11694 
1152 0.0608696	1.00371 0.959181 0.759133 0.980737 1.24746 1.00218 0.931913 0.871328 0.897885 1.18402 
1153 0.0811594	3.3587 1.16222 1.05453 0.551973 0.857251 0.727992 1.38131 0.513973 1.43914 1.00954 
1154 0.170048	0.796319 0.760333 0.957583 0.663642 0.886947 0.877633 0.875562 0.785733 1.10266 0.879267 
1155 0.174879	1.69197 1.20913 1.00247 0.803795 1.01426 0.932904 0.960521 1.00116 1.10616 0.862406 
1156 0.161353	1.62991 1.12937 1.06439 1.12638 1.00967 1.2411 1.22607 1.3226 1.07905 1.17476 
1157 0.0869565	0.812335 0.964007 1.22372 1.10503 1.28676 1.60091 1.06556 1.72784 0.908342 1.38728 
1160 0.0942149	2.05663 1.22514 0.952884 0.783558 0.878996 0.695415 1.29097 0.626677 1.34996 0.905143 
1161 0.130579	0.372892 0.677992 0.899619 0.931164 0.956848 0.939287 0.866379 0.886377 0.916798 0.844462 
1162 0.203306	0.681972 0.929026 1.06436 1.39648 1.21987 1.31366 0.9187 1.79824 0.809666 0.983145 
1163 0.175207	1.05173 1.04847 1.19262 1.01431 1.05386 0.969138 0.985284 0.988279 1.20264 0.961819 
1164 0.0991736	0.686735 0.898662 0.836484 1.28376 1.22204 1.11887 1.01542 1.19831 0.944117 1.26498 
1165 0.0628099	0.653936 0.788139 1.26894 0.987097 1.06047 1.03525 1.01759 1.03669 1.13406 1.25079 
1166 0.0743802	3.02491 1.47222 1.13822 1.24225 1.29811 1.05562 1.2608 1.25255 1.13038 0.787532 
1167 0.160331	0.709366 0.899151 0.700938 0.904177 0.958086 0.78687 0.82365 0.816779 0.931676 0.799914 
1170 0.162432	1.16472 1.06395 0.986898 0.740628 0.833464 0.823859 0.997005 0.710329 1.15575 1.08101 
1171 0.0503957	1.03391 0.881887 1.22939 0.979588 0.935799 1.27557 1.31451 1.06084 1.16232 1.61359 
1172 0.169513	1.46188 0.954848 1.07546 1.11993 0.89009 0.971478 1.17537 1.06607 1.06229 0.841045 
1173 0.16035	0.349253 0.755666 0.820818 0.958232 0.903016 0.91785 0.721844 0.975875 0.810852 0.904812 
1174 0.0653894	2.64509 1.27061 1.19279 0.983626 0.83328 0.845603 1.46243 1.03108 1.36336 1.05797 
1175 0.117868	0.549967 0.830233 0.925966 0.989031 0.942404 1.10955 1.03133 0.998505 1.00675 1.27976 
1176 0.119534	0.48055 0.923925 1.06881 1.40514 1.06399 1.65778 1.00831 2.03131 0.703859 1.24002 
1177 0.154519	0.67271 0.841909 1.15499 1.1567 0.92883 1.14924 0.963236 1.44088 0.859093 1.01682 
BOUNDS
LWPS R    0.0  0.0  0.0  0.0  0.0  0.0  0.0  0.0  0.0  0.0
UWPS R    0.5  0.5  0.5  0.5  0.5  0.5  0.5  0.5  0.5  0.5
LXAS R   -0.5 -0.5 -0.5 -0.5 -0.5 -0.5 -0.5 -0.5 -0.5 -0.5
UXAS R    0.5  0.5  0.5  0.5  0.5  0.5  0.5  0.5  0.5  0.5
END
