ASSETS 10
STAGES 4
COVARIANCE
46.86271248244611
8.735655195252983 6.3793442714442765
15.220358111376914 2.449363451938204 36.81860783012383
-16.810427813406665 3.0579149036445457 -4.927598573825836 33.010047343253675
-14.800620550805824 0.9415293864987566 -9.289245191657072 26.217986134310436 25.399985455862147
-17.585429830964895 0.6426842987331555 2.069085493358334 23.183877988365698 17.79499976231153 21.5081798737689
-8.286833884540055 0.3765852916815569 6.559624542169957 11.429532440728732 6.2702403926221955 12.436592515107298 19.42903032262014
-21.02470135215435 2.9590205790461575 -4.537298164689568 35.82095895629421 28.602056456304243 28.104058086357877 12.370005550400034 45.81228071323402
31.822927259946415 -7.537563200029535 18.41997150618375 -41.86110544229941 -31.105833915399877 -34.08294864622549 -10.445030843917944 -56.148413496869814 110.80947611946695
-20.0118017865922 -7.076488734482871 -1.0931045475664203 9.010220192968312 11.247244540816087 10.824298966887966 7.059470632687671 10.516602598409518 0.1792359146489916 22.033431132746934
INITIAL
43.41 31.3 77.47 34.73 40.11 39.54 77.15 38.17 84.46 31.79
GROWTH
0.003861666124532259 0.00037971229244177304 0.00043645131222798655 -0.0039561617744379276 -0.0031987295225720147 -0.002982821731766171 -0.0007018837928732142 -0.00446581147524206 0.003464188717519513 -0.002324890908586287
BRANCHING
2 2 8 8
END
