ASSETS 10
STAGES 4
COVARIANCE
34.142574504762194
7.716761536787653 6.801331108251938
36.449063359668024 26.36911830024198 159.25311761941458
8.167249818817483 11.043776462034272 56.476585525484815 29.98344894207694
5.432038691584451 5.171870392653537 23.338152970729826 13.501597093630933 8.13025555573772
15.037950632467151 16.7331399548248 79.43877224972867 35.340240190017184 14.609334229144226 50.116866821677604
11.440308095456697 12.744455781634395 64.73429445658249 26.54973243860253 9.96170081005829 38.34439163426099 45.85531624267647
17.033492502210816 18.673250731762536 94.97526643293381 46.507761864598024 20.736594480336922 59.25422187051589 43.34075691993666 80.13227260438285
2.3568824573177896 -14.53104194922838 -48.02328861367479 -30.033883151065282 -11.56691552853134 -45.25896318028785 -20.26049031798982 -57.746308338657975 94.02076027090588
4.369985036838458 2.474611614507208 17.57387873035049 5.447318113872301 2.388210272258231 7.59028083376247 9.175335906707128 8.279333316852998 3.3996401836563668 4.231857059911285
INITIAL
26.77 29.09 58.2 33.24 41.33 30.14 68.7 28.96 94.17 29.66
GROWTH
-0.0020367692693270367 -0.0024496133619294437 -0.005063487395687847 -0.004426381054376739 -0.001652104706780252 -0.005697256140045793 -0.001962371574946196 -0.007601290526447163 0.0033163647440489115 -0.0007743722744363256
BRANCHING
2 2 8 8
END
