NAME moment_estimations_cluster
ASSETS 10
BENCHMARKS 0.1 0.1 0.1 0.1 0.1 0.1 0.1 0.1 0.1 0.1 
COVARIANCES
0 0 0.047643
1 0 0.0099093
1 1 0.00803723
2 0 0.0233946
2 1 0.015575
2 2 0.0470156
3 0 0.00917839
3 1 0.0114212
3 2 0.0291934
3 3 0.0271369
4 0 0.00490963
4 1 0.00430168
4 2 0.00970238
4 3 0.00982785
4 4 0.00475963
5 0 0.0186379
5 1 0.0190849
5 2 0.0452862
5 3 0.0352749
5 4 0.0117279
5 5 0.0551693
6 0 0.0062206
6 1 0.00637706
6 2 0.0161903
6 3 0.0116263
6 4 0.00350842
6 5 0.0185183
6 6 0.00971575
7 0 0.0219714
7 1 0.0221655
7 2 0.0563494
7 3 0.0483132
7 4 0.017325
7 5 0.0678856
7 6 0.0217842
7 7 0.0955455
8 0 0.000934925
8 1 -0.00530445
8 2 -0.00876226
8 3 -0.00959484
8 4 -0.00297194
8 5 -0.0159459
8 6 -0.0031317
8 7 -0.0211745
8 8 0.0106023
9 0 0.00550377
9 1 0.00286809
9 2 0.0101806
9 3 0.00552523
9 4 0.00194821
9 5 0.0084907
9 6 0.00450292
9 7 0.00963886
9 8 0.00121716
9 9 0.00481048
SCENARIOS
0 0.44959	1.12622 1.09837 1.20989 1.12455 1.06687 1.21873 1.08841 1.28104 0.948116 1.04728 
1 0.55041	0.943974 0.940331 0.890614 0.915896 0.976009 0.858643 0.940721 0.87716 1.06006 0.983624 
00 0.471919	0.859276 0.927933 0.7943 0.91599 0.948133 0.862515 0.911087 0.810139 1.03224 0.911996 
01 0.528081	1.18262 1.01239 1.18044 1.12172 0.98536 1.21801 1.05135 1.23687 1.03234 1.0713 
10 0.551552	0.957889 0.978916 0.926447 0.96476 0.98375 0.970007 0.952792 0.967038 0.910965 0.933303 
11 0.448448	1.09827 0.956166 1.0274 1.04002 1.02252 0.993805 1.06472 0.971908 1.10638 1.00245 
000 0.0665033	1.15911 0.897953 0.830274 0.740425 0.934351 0.624086 0.943125 0.502494 1.32341 1.13382 
001 0.106424	0.749794 0.977874 0.800813 0.839729 1.01991 0.884387 0.910648 0.894247 0.863913 0.913448 
002 0.0887967	1.05144 1.01921 1.1517 1.03533 1.00065 1.07214 1.08784 1.02136 1.11027 1.14777 
003 0.219258	0.890415 1.02519 1.12676 1.11157 1.03824 1.03384 1.07272 1.23337 0.960445 0.977053 
004 0.124853	0.934075 1.09859 1.21431 1.25533 1.05277 1.34822 1.04338 1.70743 0.809476 0.993114 
005 0.0861573	1.07083 1.12104 1.65787 1.42516 1.09402 1.57431 1.19838 2.11837 0.79527 1.14759 
006 0.171419	1.0404 0.921447 0.938919 0.913143 0.930712 0.886797 0.978279 0.847433 0.999337 0.986641 
007 0.136589	0.705789 0.893865 0.718318 0.750398 0.944656 0.668522 0.908368 0.590711 1.12395 1.02736 
010 0.230562	1.09792 1.06727 1.14007 1.01762 1.02771 1.11228 1.0849 1.02145 0.992367 1.01333 
011 0.145481	0.774304 0.934949 0.864152 1.00657 1.07206 0.894387 1.07614 0.804801 1.02943 0.924882 
012 0.0859237	0.874407 1.09193 1.06059 1.1936 1.09529 1.21975 1.07927 1.49395 0.79871 0.882082 
013 0.0632213	1.16783 0.927012 0.771749 0.714058 0.993602 0.607193 0.888993 0.585559 1.33162 1.00593 
014 0.0637688	1.1247 1.10663 1.34322 1.42751 1.16725 1.49516 1.03251 1.86701 0.762334 0.901096 
015 0.135372	0.809281 1.02048 0.901268 0.917041 0.961047 0.89122 0.865147 0.859889 0.9098 0.881929 
016 0.0788897	1.30572 1.18065 1.65037 1.29189 1.13217 1.50258 1.22067 1.75726 0.880678 1.0554 
017 0.196782	0.951933 0.885998 0.727718 0.785434 0.934841 0.633228 0.840055 0.628357 1.13358 0.932965 
100 0.0876869	0.846284 1.09622 1.20059 1.28224 1.03445 1.37487 1.21266 1.47222 0.839855 0.96135 
101 0.0846235	1.06284 1.06019 1.04236 1.10617 1.02442 1.03109 1.03398 1.13066 1.09629 1.0224 
102 0.0661111	0.784413 1.03716 0.859478 1.11231 1.05599 1.08496 0.976147 1.24468 0.873663 0.891536 
103 0.0983925	0.751833 0.957352 0.779379 0.894692 0.915077 0.864677 0.969817 0.785354 0.948446 0.939146 
104 0.26955	0.902669 0.826654 0.688159 0.78205 0.889858 0.705215 0.899574 0.591329 1.15985 0.977816 
105 0.182324	1.30843 1.21774 1.56273 1.36613 1.12849 1.75173 1.18148 1.77445 0.947866 1.13244 
106 0.0789248	1.69271 1.12913 1.15422 0.949022 1.04989 1.13427 1.04568 0.992568 1.07151 1.08844 
107 0.132387	0.881978 1.03005 1.05119 0.958979 0.984531 1.00242 1.01072 0.956756 0.996738 0.979621 
110 0.165863	0.851542 1.16789 1.09735 1.09387 1.02772 1.30941 1.10648 1.25056 0.860844 1.07164 
111 0.129036	1.31394 1.01281 1.23151 1.00245 0.979457 1.07728 1.12426 0.942048 1.04181 1.14216 
112 0.237937	0.960298 0.958302 0.683466 0.765633 0.897069 0.640494 0.848505 0.527803 1.16611 0.968574 
113 0.0680225	0.657905 0.940701 0.663943 0.834833 0.892263 0.6948 0.871409 0.586593 1.0274 0.948075 
114 0.0733298	1.58091 1.12587 1.39987 1.21179 1.00104 1.31019 1.00003 1.29114 0.891848 1.05261 
115 0.129198	0.908633 1.0097 1.03298 0.866395 0.959531 0.853424 0.986175 0.871591 1.07733 1.09922 
116 0.101122	0.740256 1.00156 0.794829 0.923373 0.965186 0.868864 0.913348 0.906182 0.900956 0.917561 
117 0.0954908	1.26488 1.31593 1.67766 1.42777 1.16783 1.79534 1.20688 1.9565 0.876852 1.24666 
0000 0.11056	1.6164 0.986394 1.14754 1.06265 0.946609 1.17314 1.15588 1.58236 1.04855 1.00102 
0001 0.100638	0.997233 1.13393 1.49003 1.37383 1.11426 1.63676 1.13737 1.68955 0.947241 1.01424 
0002 0.104181	0.87308 1.03787 1.05749 1.32614 1.07407 1.42804 1.04669 1.7757 0.936878 0.906967 
0003 0.136074	0.848527 0.987363 1.09007 1.07356 1.03418 1.088 1.09183 1.04074 1.07369 1.00283 
0004 0.143161	1.21034 1.06335 1.06465 1.07908 1.10911 1.11196 0.900561 1.1345 0.919665 0.882954 
0005 0.280652	0.778987 0.846142 0.8022 0.835326 0.961021 0.797571 0.885386 0.667197 1.12067 0.934079 
0006 0.0574061	0.858964 1.01201 0.996538 1.29097 1.04846 1.32637 1.18913 1.87137 0.938443 0.987749 
0007 0.0673281	0.595079 0.927822 0.862806 1.00781 0.996073 0.895166 0.883771 1.06001 0.915592 0.889065 
0010 0.0606732	0.713958 1.07889 1.27233 1.41505 0.998347 1.31388 1.04572 1.55138 0.86153 0.999179 
0011 0.275465	1.07873 0.948006 1.11691 1.16177 0.913154 0.986061 1.00113 1.14298 1.00192 0.882051 
0012 0.178477	0.900333 0.806084 0.742448 0.909259 0.910942 0.675259 0.81593 0.611057 1.0994 0.915625 
0013 0.085031	1.27474 1.06285 1.11507 1.08517 0.859929 1.2441 1.12602 1.12067 0.956293 1.01899 
0014 0.144376	1.27603 0.976785 1.50164 1.41722 0.966335 1.47237 1.22682 1.60597 0.878081 0.980642 
0015 0.133304	1.12643 0.953653 0.91664 0.95669 0.945409 0.882833 1.02739 0.731379 1.13362 1.06856 
0016 0.0566873	1.65739 0.91289 0.834471 0.782879 0.804726 0.813928 0.908925 0.632455 1.10156 0.908413 
0017 0.0659876	0.809577 0.955105 0.801065 1.06846 0.993234 0.91111 0.928166 0.956496 0.911909 0.892378 
0020 0.14172	1.34727 0.952955 1.10537 1.08674 1.04861 0.849499 0.98256 1.15378 1.02523 0.937588 
0021 0.144904	0.78995 0.875325 0.773369 0.845974 0.989032 0.794152 0.915444 0.782348 1.06441 0.940551 
0022 0.154989	0.803858 1.04024 0.946048 0.933726 1.03888 0.922519 1.11212 1.03586 0.926861 0.957334 
0023 0.0912951	0.863891 0.768227 0.678422 0.781391 0.974848 0.549944 0.878884 0.544706 1.13757 0.901661 
0024 0.127389	1.62673 1.10943 1.51579 1.24416 1.07469 1.36481 1.20857 1.55126 0.984474 1.13857 
0025 0.0605096	0.913191 1.05384 0.924893 1.12639 1.05734 1.02501 0.929032 0.974358 0.899997 0.874908 
0026 0.191083	1.45325 0.948555 0.89535 0.830069 0.990554 0.78872 1.06065 0.804056 1.11521 1.03556 
0027 0.0881104	0.796806 1.06835 1.18293 1.21308 1.07027 1.40795 1.11883 1.35259 0.849671 1.06307 
0030 0.0576096	1.08832 1.09471 1.24327 1.34256 1.11301 1.38175 1.097 1.54943 0.932969 1.15624 
0031 0.121023	1.47246 1.19612 1.45116 1.1982 1.07102 1.60825 1.04609 1.6526 0.926273 1.2216 
0032 0.178633	1.63668 0.948426 0.962055 0.962038 1.08077 0.928154 0.906265 0.905354 1.08765 1.10266 
0033 0.202923	0.90418 0.819536 0.735309 0.804553 0.918928 0.761194 0.870533 0.706148 1.081 1.17303 
0034 0.148753	1.33981 1.08159 1.15806 1.13459 1.05147 1.08352 1.05339 1.14842 1.07018 1.20171 
0035 0.13822	0.773517 0.921991 0.784527 0.964229 0.994486 0.978568 1.01096 0.958842 0.931498 1.10133 
0036 0.0533104	0.96869 0.922395 1.16188 1.02322 0.926952 1.19312 0.916645 1.07088 0.873789 1.03436 
0037 0.0995271	0.926474 0.993557 1.02234 1.00929 0.99316 1.23505 1.08792 1.09017 0.874599 1.0619 
0040 0.108343	0.810506 0.853487 0.760256 0.823873 0.888596 0.746768 1.00248 0.607935 1.20421 0.994484 
0041 0.141563	1.04432 1.04763 1.31865 1.13658 1.05845 1.18869 1.12933 1.27443 1.05502 1.06684 
0042 0.0437901	1.33002 1.016 1.27825 1.04748 0.967581 1.18816 1.33357 0.967181 1.07485 1.1189 
0043 0.210268	1.01059 1.08284 1.10554 0.924979 0.985369 1.12697 1.11222 1.04348 0.947939 0.993068 
0044 0.18724	0.839694 0.98227 0.839122 1.01412 1.03232 0.873916 1.02514 0.927853 0.928761 0.931453 
0045 0.0645527	0.749204 0.942254 0.896296 1.2047 1.10765 1.02632 1.00202 1.23651 0.956164 0.975454 
0046 0.164968	0.987448 0.889591 0.876811 0.770505 0.955447 0.806568 0.877478 0.693869 1.02996 0.97135 
0047 0.0792752	1.26522 1.15887 1.36756 1.27772 1.05336 1.53644 1.15616 1.76515 0.793527 0.990851 
0050 0.140044	0.9975 1.03421 1.1127 1.07752 1.03963 1.22057 1.01526 1.01831 1.01781 1.01202 
0051 0.160832	1.25837 1.13078 1.30281 1.52609 1.13289 1.57558 1.02212 1.80168 0.871376 0.883557 
0052 0.154814	1.15159 0.990916 0.882892 0.828271 0.970673 0.910235 0.995728 0.713889 1.12363 1.04943 
0053 0.0705689	1.28637 1.18048 1.33753 1.08985 1.08924 1.23185 1.14641 0.899711 1.23262 1.16973 
0054 0.0634573	0.670944 0.982695 0.816809 0.918692 0.959772 0.975904 0.905377 0.908383 0.869621 0.834417 
0055 0.115974	0.865877 0.973053 0.946608 1.12831 1.0729 1.05897 0.957428 1.21864 1.00151 0.868514 
0056 0.193107	1.02265 0.951901 0.728266 0.893122 1.0002 0.859825 1.02997 0.646588 1.21195 0.840245 
0057 0.101204	1.40068 1.06544 0.852771 0.93547 1.07059 0.914233 0.930937 0.947472 1.0856 0.948228 
0060 0.0651636	1.53981 1.12323 1.44839 1.12561 1.09976 1.30958 1.05144 1.56429 0.917812 1.04601 
0061 0.117954	0.893401 1.05383 1.07912 1.04549 1.03348 0.916438 0.866866 1.10067 0.954851 0.952888 
0062 0.148749	0.790685 1.0094 1.09901 0.875507 0.957453 0.876949 0.940391 0.907793 1.04749 1.04812 
0063 0.167996	0.984529 1.04249 1.08021 0.972642 0.942762 1.07252 1.10693 1.05098 0.981911 1.00995 
0064 0.110531	1.69341 0.993129 1.01038 0.907401 0.959404 0.981395 0.921343 0.834336 1.14367 1.03348 
0065 0.233709	0.719912 0.913022 0.753889 0.723011 0.909453 0.653643 0.882372 0.669855 1.09969 0.966573 
0066 0.0624141	1.03013 1.14523 1.49599 1.1703 1.01417 1.43276 1.14073 1.9347 0.799821 1.04058 
0067 0.0934836	1.34996 1.03388 0.943871 0.903028 0.984972 1.054 0.927976 1.02208 0.976121 1.00862 
0070 0.118012	1.11705 0.892212 0.776076 0.947328 0.952645 0.726405 0.920125 0.675337 1.23446 0.903073 
0071 0.134576	1.23263 1.02618 1.08478 1.16452 1.0714 1.09137 1.02073 1.23552 0.872847 0.972971 
0072 0.297447	0.896001 0.876164 0.916887 0.87426 0.845466 0.789536 0.914395 0.885388 1.00333 0.940095 
0073 0.0890269	1.71042 0.949952 0.976066 0.926109 0.988914 0.954293 0.980474 0.943076 1.04446 0.983015 
0074 0.0876467	1.0023 1.02406 1.04052 1.35789 1.04225 1.21307 1.02249 1.43038 0.964 1.05342 
0075 0.10766	1.24326 1.10912 1.4246 1.35855 1.02834 1.42508 1.12286 1.6287 0.866943 0.946108 
0076 0.0976536	0.750167 0.978916 1.2023 1.18936 0.97179 1.05272 1.15063 1.10865 1.04978 1.09027 
0077 0.0679779	1.349 1.20956 1.48598 1.30312 1.05857 1.46288 1.25732 1.65999 1.03859 1.13995 
0100 0.113628	1.22971 1.04692 1.03523 0.969554 1.04353 0.917506 1.01469 0.803092 1.15041 1.14292 
0101 0.154183	0.768099 1.00882 1.14277 1.1853 1.01244 1.06002 1.03487 1.35107 0.881592 1.02818 
0102 0.219035	0.9718 0.881541 0.853612 0.761223 0.910478 0.76695 0.875648 0.689497 1.08717 0.998416 
0103 0.0606503	0.908818 1.11422 1.59878 1.26624 1.03109 1.45082 1.22256 1.74729 0.908313 1.21556 
0104 0.133906	1.23416 0.966049 1.26307 1.13784 1.04306 0.948739 1.02124 1.24707 1.05421 1.07728 
0105 0.17574	0.705132 0.926368 0.930179 1.07937 0.992835 0.871329 0.992272 1.01037 1.01433 0.946301 
0106 0.0946292	1.43265 1.12077 1.31267 1.26402 1.07643 1.29337 0.952346 1.53454 0.896203 1.00307 
0107 0.048228	1.10214 0.842585 0.739424 0.774889 0.921412 0.572971 0.800281 0.510745 1.24478 0.935189 
0110 0.115229	1.1597 1.13387 1.14477 1.13654 0.994128 1.26289 1.14416 1.75348 0.913375 1.03791 
0111 0.096989	0.701488 0.949833 0.884757 0.884521 0.909914 0.854615 0.913038 0.86035 1.01276 1.04794 
0112 0.119572	1.05693 1.04545 0.893563 0.963541 0.974464 0.989879 0.980465 1.07974 0.859368 0.893984 
0113 0.219745	1.28996 1.02678 1.22967 1.01626 0.937886 1.00321 0.967586 1.11628 1.06995 1.14382 
0114 0.165605	1.16054 0.955334 0.919919 0.874363 0.92876 0.832708 0.933826 0.785554 1.15868 0.987377 
0115 0.103069	1.22872 1.27845 1.48811 1.26048 1.00945 1.46245 1.09542 1.95559 0.926386 1.20456 
0116 0.0830921	1.17855 1.00074 0.839087 0.956947 0.973373 0.858986 0.869606 1.0703 0.944201 1.02506 
0117 0.0966995	0.756676 0.803618 0.702196 0.767335 0.928578 0.577723 0.85776 0.694246 1.10882 0.901496 
0120 0.168627	1.1241 1.00329 1.17593 1.2742 1.03381 1.19372 1.11201 1.2593 1.01624 1.09837 
0121 0.0921569	1.39045 0.980136 0.895056 0.849752 0.995566 0.804936 0.798425 0.7718 1.05681 1.00273 
0122 0.221569	0.693967 0.97217 0.820648 0.924149 0.876771 0.955048 0.979377 0.892009 0.937208 0.903411 
0123 0.159804	1.65537 1.07685 1.20215 1.05058 1.03166 1.13008 0.981962 1.11155 1.03545 1.0718 
0124 0.0916667	1.22082 1.07686 0.918948 0.967417 1.07343 0.907901 1.03161 0.93364 1.17242 1.08565 
0125 0.0490196	1.58778 1.14015 1.67573 1.21891 1.02021 1.71793 1.25919 1.71453 0.882858 1.22012 
0126 0.109804	0.992225 1.18412 1.29514 1.23886 1.06164 1.34302 1.01032 1.57687 0.921583 1.07373 
0127 0.107353	1.05757 0.89277 0.721903 0.763781 1.01023 0.60302 0.874941 0.653109 1.20533 0.961836 
0130 0.173218	0.865454 1.01864 1.01232 0.97897 0.931288 1.07639 1.00463 0.859087 0.939983 0.950924 
0131 0.0559627	0.621703 0.691595 0.662501 0.805137 0.856823 0.575901 0.871082 0.45151 1.19627 0.96812 
0132 0.0739507	1.70271 1.22689 1.47955 1.36956 1.08742 1.63901 1.20082 1.55894 0.835557 1.17825 
0133 0.181879	0.922648 0.897565 0.685617 0.756057 0.873313 0.742537 0.885307 0.621367 1.00392 0.823068 
0134 0.0946036	1.32249 1.06068 1.25271 1.1298 0.98016 1.22387 1.02008 1.06104 1.04129 1.13265 
0135 0.217855	0.813461 0.994388 1.17598 1.30692 1.06063 1.22113 1.21365 1.23064 1.00584 1.13962 
0136 0.126582	0.945299 0.857073 0.87565 1.02613 0.910455 0.74577 0.852816 0.664543 1.14508 0.842123 
0137 0.0759494	0.810317 0.757551 0.72975 0.839131 0.860244 0.619574 1.00706 0.505315 1.27401 0.926947 
0140 0.165125	0.934693 0.986099 0.764857 0.721106 0.973742 0.586478 0.832631 0.548353 1.22621 0.997255 
0141 0.221929	1.04979 1.23214 1.30114 1.26145 1.1321 1.37008 1.20667 1.61494 0.946543 1.19578 
0142 0.137384	0.588684 0.987994 0.897555 0.835601 0.922259 0.799164 1.00968 0.707763 1.11093 1.14155 
0143 0.0693527	0.773026 1.0518 0.84153 1.06881 1.05246 0.912261 0.900768 1.10591 0.900842 1.02218 
0144 0.0898283	1.18811 1.06156 0.890838 0.84716 0.913531 0.849868 1.02184 0.813717 1.00191 1.01042 
0145 0.0561427	1.52862 1.05523 1.16299 1.06876 1.04887 1.11171 1.05107 1.36585 1.05788 1.18934 
0146 0.208058	0.796217 1.03876 1.0742 0.959298 0.935892 1.02109 1.08593 1.00841 1.04037 1.07503 
0147 0.0521797	1.82836 1.11306 1.03625 0.92059 1.00843 0.945424 1.0265 0.841619 1.14004 1.0775 
0150 0.218419	0.987581 1.02033 1.17162 1.16589 1.09093 1.26339 1.10774 1.35978 0.957537 0.998982 
0151 0.0482265	0.897245 0.89571 0.702858 0.737423 0.937636 0.700441 0.879107 0.675875 0.989092 1.0051 
0152 0.138768	1.57578 0.985894 1.08068 1.05725 1.16038 1.00138 1.05615 1.10485 1.05605 1.05755 
0153 0.13659	1.01755 0.868408 0.844611 0.77607 0.96701 0.765362 0.97762 0.704253 1.21506 1.03424 
0154 0.181083	0.845457 0.983434 0.840828 1.10382 1.06321 0.899784 1.02669 1.06587 0.939187 0.889816 
0155 0.0659614	0.781837 1.07561 1.00381 1.07473 1.00688 1.21552 1.16591 1.02845 0.951631 1.09905 
0156 0.0886745	0.709503 0.88883 0.823974 0.850884 0.944405 0.860123 0.979088 0.774485 0.964674 0.912269 
0157 0.122278	1.16473 1.1604 1.51976 1.2761 1.15919 1.38254 1.10223 1.64512 0.867416 1.0107 
0160 0.054992	1.47207 0.902424 1.11262 0.977254 0.990684 0.847844 0.911967 0.831641 1.27084 1.23559 
0161 0.0704752	0.927443 0.889034 0.828631 0.830592 0.905324 0.709312 0.807478 0.628026 1.20036 1.02177 
0162 0.269087	0.869847 1.00975 1.00723 1.15878 0.981834 1.05781 0.949037 1.12702 0.998327 1.02957 
0163 0.172985	0.980355 1.13686 1.22611 1.42254 1.14845 1.36467 1.13604 1.58236 0.97735 1.14034 
0164 0.0838227	1.25857 1.28379 1.59253 1.29846 1.10799 1.80005 1.14833 1.98552 0.866323 1.05268 
0165 0.066204	1.39343 0.989611 0.863584 0.910167 0.986304 0.844154 1.03068 0.812542 1.11491 0.995144 
0166 0.108916	0.798282 0.905884 0.959071 0.913336 0.966394 0.797148 1.01898 0.751542 1.1381 1.12564 
0167 0.173518	0.821893 0.884126 0.722713 0.968901 0.948575 0.801192 0.973334 0.764071 1.17117 1.03782 
0170 0.0607877	1.11529 0.899828 1.03565 0.840481 0.982012 0.778304 1.03137 0.861227 1.23521 1.0651 
0171 0.228382	0.916025 0.949761 0.824827 0.916975 1.0023 0.837042 0.984935 0.830781 0.98213 0.942104 
0172 0.14726	0.83411 1.04188 1.1044 0.975877 1.01472 0.962923 1.14611 0.951579 1.022 0.982345 
0173 0.0982449	1.58297 1.13437 1.0238 0.924748 1.15547 1.01495 1.03129 1.01997 0.970537 0.981299 
0174 0.100599	0.93981 0.885689 0.744141 0.686831 0.860896 0.63425 0.89463 0.523136 1.1581 0.962049 
0175 0.0541524	1.22236 1.08093 0.892707 1.00591 1.06196 1.15225 1.02249 1.19527 0.83139 0.940258 
0176 0.098887	0.73969 1.10244 0.97672 0.990662 1.0249 1.09579 1.09881 1.08458 0.773877 0.852811 
0177 0.211687	1.0935 1.19621 1.46217 1.13551 1.1211 1.46404 1.15987 1.46319 0.933865 1.1044 
1000 0.0950413	1.04932 1.13662 1.46263 1.377 1.19234 1.65304 1.05958 1.79513 0.880848 1.16084 
1001 0.0773854	1.23416 1.17408 1.06718 0.879097 0.980396 1.07458 1.03823 0.80563 1.08508 1.15821 
1002 0.163035	1.0534 0.979818 1.01765 1.01178 0.998203 1.06379 0.849287 1.07488 0.982427 1.09523 
1003 0.209992	0.879552 0.978527 1.17855 1.12978 0.950004 1.17451 0.979697 1.22518 0.972241 1.07956 
1004 0.0728775	0.977881 1.06673 0.963905 1.26297 1.25504 1.12759 1.06006 1.44394 1.046 1.0613 
1005 0.215627	0.93592 0.894802 0.819646 0.84712 0.914724 0.880798 0.869518 0.770149 0.997426 1.0128 
1006 0.055973	1.13707 0.887264 0.569707 0.710202 0.953443 0.654115 0.86394 0.529811 1.2227 0.995052 
1007 0.110068	1.04579 0.907854 0.832557 0.805201 0.89141 0.716402 0.914726 0.608736 1.19366 0.991397 
1010 0.219151	0.898247 0.95473 1.00349 0.969262 1.04241 0.86887 0.94252 0.869015 1.04407 1.02817 
1011 0.0646166	0.892583 0.886561 0.644478 0.876151 1.05728 0.684527 0.890313 0.837078 0.93074 0.840389 
1012 0.112106	0.823834 0.86755 0.716864 0.822085 0.945072 0.7285 0.923816 0.592403 1.19671 1.00389 
1013 0.0552744	1.59674 1.08242 1.05251 0.89283 1.08831 0.999276 0.874652 0.822301 1.04073 0.995528 
1014 0.0794083	0.993424 1.03999 0.956056 1.12067 1.06829 1.09274 1.06143 1.32433 0.90096 0.980263 
1015 0.144025	0.955385 1.02751 1.27508 1.14497 1.02931 1.10382 1.12889 1.07675 1.07887 1.08937 
1016 0.191903	1.19914 1.07406 1.3196 1.22459 1.03321 1.36934 1.07747 1.39557 0.885453 1.12072 
1017 0.133515	1.10252 1.05735 1.03956 0.860152 0.97125 1.02042 1.13578 0.874958 1.12339 1.23405 
1020 0.118087	1.14179 1.16097 1.46706 1.21565 1.17492 1.41048 1.0793 1.66828 0.883622 1.10921 
1021 0.0901844	0.864235 0.908436 1.06069 1.10497 0.917006 1.07373 0.959525 0.936149 0.981931 1.03307 
1022 0.137519	0.892031 0.87606 0.980968 1.13924 1.0062 1.01768 1.01941 1.07583 1.0324 1.08173 
1023 0.238665	0.802749 0.866376 0.817116 0.834332 0.925655 0.699322 0.931243 0.631278 1.15534 1.11905 
1024 0.124066	1.40384 1.11845 1.12329 0.997506 1.03211 1.1539 1.01605 0.851937 1.00448 1.17454 
1025 0.077728	1.12196 1.07351 1.13071 1.09334 1.08493 1.18868 1.01566 1.40117 0.814917 1.03299 
1026 0.0712506	1.4239 1.00973 1.19804 1.04916 1.11295 0.920636 0.985986 1.04719 1.13833 1.03948 
1027 0.142501	0.993312 0.982333 0.919857 0.845144 0.896308 0.999673 0.947375 0.774795 0.940984 1.00151 
1030 0.071309	0.968234 0.959386 0.765041 0.923358 0.943121 0.803858 0.80027 0.797509 0.968132 0.933307 
1031 0.204218	0.980346 1.2151 1.41105 1.26758 1.09242 1.60642 1.1729 1.56535 0.895484 1.16559 
1032 0.0746568	0.849244 0.950954 0.649411 0.746693 0.925139 0.699806 0.864967 0.623623 1.18155 0.96283 
1033 0.103113	0.774341 0.984764 0.757771 0.79509 0.930167 0.832832 0.948314 0.74009 0.986258 0.926759 
1034 0.0662872	0.910887 0.91628 0.854146 0.827795 1.00168 0.810858 1.02333 0.78268 1.15001 1.08641 
1035 0.211918	0.763209 0.996964 0.915379 1.01449 1.04696 1.07634 1.0766 1.08514 0.915678 1.01703 
1036 0.195514	1.00785 1.00584 1.07949 0.999727 1.04438 0.937736 1.08615 0.994023 1.08207 1.02636 
1037 0.0729829	1.49258 1.12085 0.968425 0.911858 1.06042 1.13113 1.00876 1.0136 0.998051 0.981484 
1040 0.0751558	0.829282 0.933043 0.662443 0.719598 0.975003 0.541729 0.820793 0.407602 1.14217 0.968533 
1041 0.178174	0.867115 0.995033 0.952778 0.968738 1.01005 0.911256 0.959396 0.870664 1.08191 1.00881 
1042 0.0727117	0.646556 0.902716 0.712108 0.863074 0.883939 0.770102 0.848854 0.605881 0.949623 0.84307 
1043 0.287792	0.931896 1.14664 1.06955 0.997582 1.03786 1.06687 1.03905 1.01135 0.90582 0.954181 
1044 0.149334	1.30308 1.17167 1.12616 0.915527 1.04461 1.02451 1.10903 0.944432 1.09644 1.05582 
1045 0.0797996	1.26371 0.952087 0.971769 0.808695 1.00489 0.767265 0.916789 0.727171 1.28446 1.09345 
1046 0.0871319	1.57412 1.2051 1.52765 1.32558 1.15616 1.36619 1.07858 1.50543 1.07096 1.17351 
1047 0.069901	1.21918 1.22613 1.50722 1.14729 1.06373 1.51609 1.08465 1.75889 0.839108 1.01912 
1050 0.106956	1.21642 0.930391 0.867038 0.901815 0.927791 0.865015 1.01767 0.837857 0.940258 0.866672 
1051 0.0630533	0.779825 1.06183 1.34683 1.1787 0.940402 1.12765 1.12262 1.4101 0.87362 1.02073 
1052 0.249142	0.907485 0.992204 1.02614 1.06094 1.07061 1.0086 1.05942 1.16688 0.886694 0.924714 
1053 0.0995483	0.864579 0.870126 0.658122 0.749284 0.889074 0.567583 0.802175 0.491574 1.08362 0.973319 
1054 0.0876242	0.876843 1.0071 1.15451 1.08107 1.09189 0.903108 1.03449 1.06186 1.06327 1.02325 
1055 0.104426	1.35438 0.965932 1.16764 0.826308 0.910123 0.907977 1.02018 0.900891 1.0441 1.07427 
1056 0.114905	1.21914 1.17413 1.66733 1.32236 1.05194 1.5855 1.15352 1.92396 0.847637 1.10072 
1057 0.174345	0.892119 0.931267 0.812221 0.846697 0.866985 0.77924 0.97238 0.692367 1.07981 0.962212 
1060 0.201586	0.824087 1.0137 0.993059 1.04595 0.95521 1.03027 1.07064 1.10062 0.937854 0.902655 
1061 0.105175	0.982354 1.14533 1.15592 1.17446 1.03041 1.39087 1.20711 1.68826 0.834727 1.12108 
1062 0.123539	0.880517 0.926424 0.902318 1.03911 0.949336 0.872667 0.894062 1.02978 0.893045 0.890287 
1063 0.0655259	1.00382 1.09565 1.74074 1.4162 1.08311 1.39189 1.06816 1.79883 0.962546 1.21332 
1064 0.133556	0.989386 0.825168 0.730566 0.829144 0.878433 0.681773 0.798364 0.599332 1.09064 0.851551 
1065 0.194073	1.00604 0.943806 0.90754 0.861027 0.984185 0.794003 1.00477 0.818623 1.18181 1.03345 
1066 0.0696995	1.45411 0.974008 1.41459 1.35174 1.0409 1.31826 1.04896 1.82606 1.03683 1.13564 
1067 0.106845	1.53763 0.93235 1.19923 1.26899 1.01374 1.04851 0.941267 1.31242 1.04138 1.0025 
1070 0.150535	0.934427 0.850862 0.77953 0.753309 0.850831 0.687661 0.876855 0.571526 1.18772 1.07899 
1071 0.0731525	1.33675 1.08061 1.14571 1.07043 1.00404 1.11293 1.11776 0.993817 1.07936 1.05994 
1072 0.296342	1.19931 1.0089 0.816491 0.902587 0.942944 0.823623 0.913227 0.812077 0.999221 0.914536 
1073 0.118437	1.25806 1.13743 1.17671 1.11005 1.00169 1.41775 0.986549 1.36731 0.881979 1.02969 
1074 0.0977855	1.28179 0.978649 1.09107 0.977595 0.969628 0.910568 0.986211 0.710516 1.19537 0.983997 
1075 0.0646927	1.03087 1.06246 1.18954 1.16001 1.01199 1.40265 1.16579 1.36134 0.997299 1.10699 
1076 0.0724061	1.16152 1.09738 1.54226 1.38707 1.09482 1.73047 1.18452 1.5769 0.976202 1.16427 
1077 0.126648	0.9274 1.03768 1.02926 1.04698 0.943196 1.00849 1.05928 0.985327 1.00413 1.01202 
1100 0.0698583	1.16837 1.13007 1.32676 1.20035 1.0392 1.26815 1.16044 1.18568 1.01196 1.02936 
1101 0.160967	0.917378 0.857269 0.858284 0.823103 0.923512 0.611774 0.812513 0.687727 1.17976 0.882601 
1102 0.26893	0.893949 0.855232 0.975636 1.03131 0.991084 0.991821 0.940184 1.02548 0.958864 0.974324 
1103 0.086468	1.46375 1.07827 1.38151 1.13402 1.02503 1.22606 1.0897 1.33361 0.957495 0.967341 
1104 0.124573	1.02348 1.07098 1.29131 1.27211 1.00542 1.40774 1.06042 1.69689 0.776816 0.897422 
1105 0.170982	1.09849 0.876664 0.793337 0.87627 0.927119 0.751479 0.936553 0.776185 1.05134 0.914758 
1106 0.0632633	0.77835 0.88197 1.19948 0.953536 0.925643 0.96763 1.04814 1.07089 1.04774 1.08453 
1107 0.0549585	1.03472 1.05598 1.30956 1.50502 1.20875 1.29627 0.987085 1.67349 0.921557 1.11417 
1110 0.0700157	1.0085 1.08417 0.775644 1.0353 0.992831 0.941667 0.955093 1.14739 0.958723 0.959893 
1111 0.157614	0.811028 0.930414 0.697718 0.839473 0.92808 0.839949 0.845578 0.741213 0.980949 0.907554 
1112 0.184615	0.964238 1.16993 1.2644 1.11492 1.02798 1.35465 1.04963 1.78648 0.910737 1.0977 
1113 0.0800628	0.730857 1.02687 0.938955 1.05173 0.976662 1.13895 0.931763 1.33822 0.864455 0.953361 
1114 0.175196	1.35648 1.13962 0.983283 0.839159 0.956731 1.04193 0.859542 0.980894 1.15088 1.02536 
1115 0.235793	0.903267 1.11598 0.875839 0.959394 0.983492 0.994715 1.01116 0.926149 1.07578 0.96212 
1116 0.0477237	1.67275 1.31557 1.54461 1.18724 1.14326 1.41996 1.08575 1.69373 0.982512 1.14708 
1117 0.0489796	0.908216 1.0762 0.98695 0.943108 0.95458 1.0022 0.926277 0.988314 0.872745 0.934309 
1120 0.149157	0.819318 1.00123 0.905166 0.857628 0.940503 0.95398 1.01563 0.884338 0.841387 0.944516 
1121 0.21403	0.959598 1.02034 1.05171 0.882169 1.04115 1.01842 1.05616 1.06693 0.980703 1.0962 
1122 0.169249	0.874734 0.832324 0.775842 0.787063 0.912862 0.778964 0.915016 0.716879 1.10328 0.999407 
1123 0.0941597	0.828595 1.12266 1.31389 1.09159 1.08421 1.32953 1.01253 1.27861 0.823466 1.01933 
1124 0.109144	1.36981 0.964985 1.36493 0.857696 1.07376 0.937079 1.13126 1.01111 1.21421 1.20091 
1125 0.108803	1.29991 1.06383 1.49025 1.16647 1.09917 1.5826 1.19284 1.5873 0.925296 1.08519 
1126 0.0710029	0.611835 0.698854 0.704438 0.712156 0.88309 0.508724 0.847439 0.489759 1.26866 1.02545 
1127 0.0844543	1.50736 1.04635 1.11361 0.897122 1.00703 0.890639 1.02181 1.2292 1.01918 0.937546 
1130 0.132222	0.731037 0.77118 0.630182 0.68755 0.890471 0.709865 0.798411 0.558262 1.04066 0.958482 
1131 0.101846	1.17212 0.895057 0.884374 0.820283 0.943948 0.776464 0.964447 0.835218 1.18913 1.00869 
1132 0.0708755	1.39566 1.01734 1.22177 1.1114 1.0298 1.17351 1.08281 1.20584 1.08023 1.15148 
1133 0.185229	0.844993 0.985077 0.876921 0.904983 1.07087 0.972891 1.00854 1.10333 0.900241 0.951587 
1134 0.0792138	1.22384 1.09485 1.46989 1.47437 1.19638 1.39266 1.12048 1.79594 0.971642 1.17211 
1135 0.226325	1.1179 1.08949 1.10185 1.09862 1.07195 1.14891 1.08548 1.19037 0.948152 1.02612 
1136 0.154854	0.78505 0.93423 0.891228 0.953457 1.0671 0.90244 0.920907 0.828462 1.08185 0.980507 
1137 0.0494342	1.14922 1.1206 1.38367 1.43613 1.21237 1.63639 1.2678 2.1303 0.866911 1.07107 
1140 0.0657459	1.20857 1.05194 1.23998 0.854973 1.05599 0.909465 0.929932 1.00979 1.1564 0.978674 
1141 0.175691	1.02444 1.10961 1.38696 1.18584 1.06256 1.30678 1.23148 1.57405 0.96309 1.19493 
1142 0.135359	0.726187 1.04331 0.967146 0.994364 1.09572 1.10379 1.03005 1.35841 0.917635 1.07015 
1143 0.0867403	1.36686 0.918372 0.735246 0.679833 0.876916 0.709271 0.852651 0.734411 1.12484 0.994167 
1144 0.146409	0.62037 0.902076 0.777969 0.759519 0.954976 0.769007 0.931262 0.75858 1.08809 0.958484 
1145 0.166298	1.52781 1.30416 1.12541 1.13361 1.05986 1.26295 1.16536 1.46302 0.96213 1.07692 
1146 0.0723757	0.965229 0.938475 0.973364 0.843789 1.00296 0.879167 1.0067 0.958388 1.15757 1.05205 
1147 0.151381	0.912037 1.04469 0.853461 0.849625 1.1279 0.873378 0.929351 0.916711 1.0581 1.00212 
1150 0.0815303	1.29724 0.834899 0.857722 0.807049 0.926021 0.66627 0.820381 0.642923 1.24285 0.911197 
1151 0.0595798	1.34956 0.986598 1.011 1.1803 1.04503 0.953658 0.999272 0.893104 1.26401 1.11458 
1152 0.125118	0.97329 1.13115 1.30716 1.34438 1.04484 1.43333 1.01659 1.37499 0.846071 0.898799 
1153 0.114456	1.14994 1.05016 1.13117 1.08215 1.02185 1.11781 1.06434 1.09384 1.08363 1.04293 
1154 0.263719	0.726197 0.959092 0.794684 0.961428 0.960026 0.907072 0.872873 0.706012 1.01829 0.969893 
1155 0.137661	0.944982 1.01948 1.27664 1.32592 1.0802 1.35681 1.1222 1.23801 0.935847 1.03154 
1156 0.137034	1.05361 0.955205 0.918559 1.15363 1.09664 1.02833 0.919868 1.16354 0.867123 0.86336 
1157 0.0809031	1.33109 1.0378 0.983757 1.00314 0.958353 1.07559 0.935546 0.851581 0.981979 0.911387 
1160 0.183093	1.02534 1.04096 1.15304 0.966015 0.961364 1.12753 1.09098 0.869319 0.9939 1.09268 
1161 0.103365	0.911027 0.944402 0.869174 0.978436 1.03689 1.01018 0.990366 0.93911 0.931646 1.06933 
1162 0.133814	1.02468 0.95904 0.967067 0.967323 0.985375 1.05913 1.06678 1.05399 1.08154 1.15003 
1163 0.0472756	1.00994 0.945815 0.715289 0.79186 0.893982 0.803662 0.928075 0.614258 0.895556 0.877425 
1164 0.16226	1.20491 1.08005 1.26456 1.379 1.09299 1.54209 1.05134 1.53129 0.90517 1.06972 
1165 0.0877404	0.836351 0.835903 0.767425 0.779563 0.941351 0.692519 0.934535 0.546379 1.08897 1.01585 
1166 0.131811	1.30581 0.90041 0.803127 0.754682 0.990376 0.604776 0.91272 0.651481 1.18675 1.00551 
1167 0.150641	1.90251 1.10086 1.30329 1.05214 1.0368 1.23178 1.0595 1.32828 1.06808 1.07586 
1170 0.192193	1.13038 1.08004 1.45469 1.30346 1.08443 1.48094 1.31212 1.83145 0.833075 0.948455 
1171 0.0517607	1.16869 0.956121 0.913961 0.993908 1.00707 0.87554 1.06707 0.809053 1.20034 1.10316 
1172 0.165465	0.775005 0.973865 0.76444 1.01535 0.974785 0.916187 0.996684 1.01295 0.889166 0.829936 
1173 0.0742469	1.11533 1.06469 1.13539 1.00034 0.93068 1.02323 1.03745 1.01959 0.972365 0.988593 
1174 0.148918	0.899819 0.92729 1.06665 1.05958 1.01588 0.978191 1.05147 1.10885 0.9599 1.03621 
1175 0.0555791	1.16537 0.936173 0.810096 0.978158 1.08509 0.878925 0.857579 1.08216 0.891798 0.861219 
1176 0.0538821	0.995528 0.980584 1.21458 1.01266 0.911153 0.994371 1.014 0.832768 1.20557 1.04072 
1177 0.257955	0.883865 0.935011 0.749369 0.74241 0.93849 0.689455 0.906198 0.627327 1.15116 0.904051 
BOUNDS
LWPS R    0.0  0.0  0.0  0.0  0.0  0.0  0.0  0.0  0.0  0.0
UWPS R    0.5  0.5  0.5  0.5  0.5  0.5  0.5  0.5  0.5  0.5
LXAS R   -0.5 -0.5 -0.5 -0.5 -0.5 -0.5 -0.5 -0.5 -0.5 -0.5
UXAS R    0.5  0.5  0.5  0.5  0.5  0.5  0.5  0.5  0.5  0.5
END
