NAME moment_estimations_cluster
ASSETS 10
BENCHMARKS 0.1 0.1 0.1 0.1 0.1 0.1 0.1 0.1 0.1 0.1 
COVARIANCES
0 0 0.100083
1 0 0.0428055
1 1 0.022002
2 0 0.0232133
2 1 0.0106605
2 2 0.00909634
3 0 0.0113644
3 1 0.00683201
3 2 0.00219157
3 3 0.00827105
4 0 0.0122142
4 1 0.00659034
4 2 0.0032101
4 3 0.00534971
4 4 0.00881049
5 0 0.0136726
5 1 0.00625972
5 2 0.00723113
5 3 0.00427469
5 4 0.00574145
5 5 0.0128328
6 0 0.0507386
6 1 0.0238941
6 2 0.0152859
6 3 0.00944051
6 4 0.0116682
6 5 0.0132456
6 6 0.0365473
7 0 0.000371663
7 1 -0.000618514
7 2 -0.00102894
7 3 0.00611914
7 4 -0.00365648
7 5 0.00183712
7 6 -0.00173969
7 7 0.0266208
8 0 0.0402976
8 1 0.019087
8 2 0.0137753
8 3 0.00472623
8 4 0.0114674
8 5 0.0106501
8 6 0.0295117
8 7 -0.0125944
8 8 0.0321604
9 0 0.00710974
9 1 0.00193953
9 2 0.00318534
9 3 0.0031753
9 4 0.00662586
9 5 0.00535169
9 6 0.00996486
9 7 -0.00170824
9 8 0.010536
9 9 0.0130407
SCENARIOS
0 0.41261	1.37725 1.09647 1.07095 1.06071 1.06327 1.05404 1.18825 0.963259 1.16123 1.05176 
1 0.58739	0.844025 0.944372 0.945513 0.985144 0.935977 0.964163 0.89446 1.0037 0.887072 0.988451 
00 0.52529	1.31109 1.23393 1.10122 1.05258 1.06398 1.06754 1.17532 1.03442 1.19324 1.10858 
01 0.47471	0.752389 0.853848 0.951366 0.940034 0.934248 0.960694 0.869718 1.11039 0.907285 0.919805 
10 0.378062	0.968565 0.894088 0.938512 0.949829 0.940363 0.926034 0.866034 0.993851 0.890204 0.947502 
11 0.621938	1.13268 1.08309 1.02497 1.03617 1.12082 1.041 1.1216 1.056 1.1746 1.0176 
000 0.0940297	2.073 1.24716 1.16932 0.996992 0.982981 1.11098 1.49087 0.980612 1.29451 1.03895 
001 0.246655	1.08545 1.01203 1.04536 1.01614 1.04996 1.02185 1.13864 0.923967 1.11476 1.04315 
002 0.160192	0.650129 0.794406 0.89196 0.874015 0.826602 0.84328 0.730741 0.838174 0.78442 0.83207 
003 0.139522	0.718505 0.868742 0.933753 0.990978 0.9464 1.0214 0.903342 1.14025 0.85783 0.985982 
004 0.072437	1.13905 1.10217 1.13467 1.0163 1.16055 1.11986 1.27371 0.755492 1.36706 0.99943 
005 0.0782504	0.583731 0.839804 0.963328 0.829305 1.00467 0.958692 0.862217 0.681496 1.02418 0.990682 
006 0.145197	1.18422 0.989075 0.999963 0.993181 0.935749 1.0038 1.03906 1.16379 0.841883 0.862172 
007 0.0637169	1.57154 1.12099 1.06068 0.990345 1.0187 1.11595 1.18837 0.818343 1.19377 0.979777 
010 0.0831164	1.49244 1.28452 1.07356 1.03811 1.06761 1.04648 1.28615 0.707915 1.3255 1.05899 
011 0.0971052	1.93165 1.42951 1.10281 1.03925 1.05485 1.03171 1.20482 0.963628 1.08406 0.881524 
012 0.0730076	1.50112 1.38901 1.097 1.18593 1.1833 1.10899 1.29312 0.937424 1.2519 0.960145 
013 0.12544	0.916915 0.973721 0.92149 1.01039 0.91087 0.948684 0.806152 1.31717 0.71488 1.08897 
014 0.222495	0.744125 0.951395 0.946382 0.941871 1.09322 1.01345 0.862961 0.703681 0.978148 1.04495 
015 0.248992	1.05222 1.15429 1.04871 1.09046 1.13517 1.04364 1.11166 0.909434 1.01502 1.0972 
016 0.0765814	0.713891 0.908795 0.855039 0.863667 0.799429 0.80133 0.675331 0.987856 0.699378 0.86965 
017 0.0732629	0.605335 0.849905 0.915327 0.999171 1.01988 0.948421 0.880586 1.05223 0.855622 1.20062 
100 0.0743009	1.16703 1.13862 1.12933 1.15606 0.940274 1.04415 1.08872 1.46281 0.945479 0.93616 
101 0.0501193	1.17056 1.14832 0.919925 1.08651 0.96045 0.833234 0.94907 1.00945 0.998649 0.820347 
102 0.21867	1.63809 1.33744 1.12717 1.03633 1.11801 1.07296 1.22047 0.986235 1.14357 0.883728 
103 0.118701	0.43513 0.779247 0.82713 0.971246 0.882037 0.850793 0.718834 1.30149 0.649412 0.813767 
104 0.0841176	1.02329 0.976438 1.04192 0.995048 1.03178 1.08872 1.09961 0.902561 1.15561 0.998453 
105 0.0937542	2.11465 1.35316 1.24604 0.883585 1.05516 1.11003 1.4644 0.730672 1.55304 0.954668 
106 0.131355	0.673788 1.01239 1.03375 0.968306 0.993344 1.05802 0.987548 0.818822 1.10172 0.952269 
107 0.228982	0.688176 0.857954 0.910478 0.932138 0.948755 0.897533 0.775007 0.975288 0.851516 0.957872 
110 0.132049	0.604911 0.743563 0.876964 1.01869 0.980068 1.07244 0.79526 1.16345 0.704728 1.09404 
111 0.180527	1.71256 1.1666 1.13312 0.959346 0.976273 0.993426 1.18424 1.08159 1.06326 1.15422 
112 0.103882	0.928149 0.879267 1.05961 0.96905 1.05919 1.01304 1.06818 0.727936 1.05653 1.15507 
113 0.146584	0.77222 0.87619 0.956219 0.939372 0.781385 0.96056 0.816238 1.40622 0.654584 0.998869 
114 0.0551845	0.477566 0.662711 0.80595 0.888708 0.931454 0.905887 0.663564 0.793614 0.753124 1.04295 
115 0.177488	1.54539 1.23961 1.23737 1.09941 1.05907 1.14427 1.36106 0.920259 1.34296 1.05305 
116 0.112258	1.04719 0.997784 0.948764 0.978339 0.929597 0.978016 0.928476 1.00457 0.877686 0.976513 
117 0.0920289	0.650819 0.787917 1.0422 0.920153 0.944811 1.05388 0.953138 0.952022 0.989456 1.15741 
0000 0.112856	0.690247 0.86752 1.05915 1.01193 0.972936 0.950846 0.821755 0.987408 0.98999 0.913033 
0001 0.0824338	0.569425 0.676902 0.870733 1.07291 0.988409 1.06717 0.70757 1.39091 0.690819 0.990671 
0002 0.18106	0.895126 1.13585 1.13532 1.12792 1.23148 1.27749 1.10837 0.854897 1.31649 1.02867 
0003 0.205594	1.35285 1.11014 1.07632 1.1753 1.11421 1.03043 1.20885 1.0805 1.16947 0.941708 
0004 0.153582	1.85799 1.30548 1.07441 1.19725 1.08945 0.985048 1.08868 0.902157 1.10912 0.915948 
0005 0.0598626	0.841803 0.870387 0.87502 0.908409 0.919785 0.781998 0.636324 0.988042 0.67032 0.761191 
0006 0.0794897	1.07996 1.14622 1.03736 1.04908 1.06923 1.12025 1.00854 1.49259 0.822861 0.953816 
0007 0.125123	0.940165 0.97995 0.868243 1.04504 0.968514 0.951804 0.852415 1.1037 0.778992 0.978149 
0010 0.0650954	0.806688 0.890834 1.06894 0.979895 0.91345 1.0818 0.938161 1.27895 0.821905 1.00927 
0011 0.126076	0.568842 0.737613 0.909166 0.773988 0.747637 0.897527 0.668772 0.93143 0.781191 0.729037 
0012 0.231575	0.979355 0.885644 0.961258 0.938197 0.918451 1.07207 0.965334 0.862936 1.04339 1.01359 
0013 0.0976431	0.726422 0.907684 0.846876 0.980578 0.991573 0.910053 0.832215 0.972512 0.79459 0.970262 
0014 0.0523756	0.610688 0.805476 0.944118 0.960834 1.12605 1.13296 0.96423 0.788328 1.00377 0.976992 
0015 0.145529	1.63195 0.992758 1.13717 1.09757 1.15018 1.2709 1.38774 0.975128 1.23356 1.02995 
0016 0.0909091	1.43454 1.04772 0.923134 0.9007 0.882765 0.819815 0.947747 1.21135 0.906887 1.00139 
0017 0.190797	1.15959 1.00493 1.09019 0.952859 0.903033 1.12551 1.14051 1.14882 1.01821 0.999527 
0020 0.0823733	0.752797 0.9037 0.89574 1.08452 1.12893 1.01415 1.00591 1.34097 0.918072 1.08418 
0021 0.0748848	2.03182 1.28135 1.0002 0.985382 1.08312 0.946167 1.23804 0.98419 1.14065 1.13977 
0022 0.231855	0.941979 0.892473 0.986338 0.967855 1.00064 1.01096 0.901548 0.990833 1.00362 1.10373 
0023 0.120104	1.69467 1.17465 1.13444 1.01436 0.966814 1.13093 1.28081 1.07976 1.26601 0.987774 
0024 0.118952	1.27134 1.18214 1.00371 1.20414 1.2116 1.08421 1.12336 1.24167 1.0759 1.08615 
0025 0.105991	1.11703 1.11661 1.07424 0.877563 1.03198 1.17235 1.18389 0.868474 1.4094 1.13968 
0026 0.0656682	0.945213 0.962586 0.868156 1.08229 1.13155 0.852958 1.017 1.03874 1.06174 1.18116 
0027 0.200173	0.738054 0.829189 0.85539 0.910115 0.953732 0.956546 0.823788 1.23883 0.764463 0.956857 
0030 0.0717593	1.45981 1.07821 0.96582 1.05582 1.03829 0.905946 1.19785 0.948771 1.04158 1.05126 
0031 0.0916005	1.53092 1.06096 0.95658 1.13126 1.14474 1.04552 0.979804 1.12045 0.951115 0.81298 
0032 0.0882937	0.748153 0.68908 0.905676 0.861356 0.868826 0.930238 0.777267 1.18321 0.692241 0.858353 
0033 0.14881	1.12536 1.23247 1.12676 1.07883 1.12865 1.27114 1.22167 0.774558 1.27835 1.09463 
0034 0.16336	0.906386 0.909144 1.02883 0.880414 1.03264 1.03634 0.93092 0.834896 1.04275 0.925436 
0035 0.198743	0.80082 0.765543 0.898693 1.0438 1.02257 1.0893 0.820429 1.19073 0.805755 1.04338 
0036 0.149471	1.01551 0.997783 1.06882 1.06157 0.9711 1.03059 1.08508 1.15446 0.971337 0.969844 
0037 0.087963	1.87942 1.14719 1.13269 1.00096 1.04223 1.079 1.3692 0.982744 1.25186 1.14229 
0040 0.0598726	1.36163 1.29676 0.993531 1.25537 1.21155 1.03943 1.33419 0.821874 1.34059 1.28704 
0041 0.0923567	0.946887 0.93043 1.05853 0.999096 1.03871 1.08675 1.11383 0.980522 1.26047 1.48819 
0042 0.156051	1.38525 1.07281 1.11995 0.888778 1.05105 1.0924 1.22414 1.10255 1.1634 1.11311 
0043 0.0796178	0.812466 0.855908 0.926879 0.996958 0.96434 0.922678 1.05537 0.987207 0.949356 1.23268 
0044 0.105096	1.04055 0.953845 1.01611 0.746132 0.958951 0.919283 0.953225 0.761245 1.13081 1.24149 
0045 0.0541401	2.12218 1.58623 1.27838 0.910301 1.0635 1.12364 1.49392 0.965799 1.5319 0.901459 
0046 0.205732	0.7081 0.702229 0.944484 0.839531 0.963311 1.07818 0.804538 0.77808 0.986317 1.1603 
0047 0.247134	0.921564 0.957668 0.926028 0.934053 0.962505 0.920572 0.818803 1.03018 0.807552 0.953329 
0050 0.0430425	1.00727 0.850152 1.08366 0.969528 1.0011 1.17036 0.853087 0.979479 1.04948 0.936381 
0051 0.168042	0.770765 0.746053 0.947424 1.18008 1.04893 1.14352 1.0636 1.16644 1.02903 1.17595 
0052 0.100825	1.77969 1.05271 1.19488 1.13114 1.09243 1.15586 1.41861 1.1069 1.48604 1.24356 
0053 0.0742925	1.31328 0.922957 0.999104 1.02342 1.0151 0.991461 0.976658 1.21418 0.895931 1.02404 
0054 0.162736	1.33821 1.00039 1.02703 1.04888 1.14957 1.07852 1.17082 0.990706 1.10482 1.03183 
0055 0.122642	0.738508 0.811816 0.834574 1.01545 0.890765 0.811004 0.752384 1.08964 0.899238 0.944787 
0056 0.176297	0.712184 0.690598 0.862244 1.05587 0.986953 0.972384 0.842724 1.24915 0.781832 0.974182 
0057 0.152123	1.05191 1.04782 0.926762 1.0793 1.10619 1.04805 0.935078 0.716754 1.07169 1.15043 
0060 0.162059	0.664576 0.815965 0.87944 0.836089 0.874239 0.833147 0.712557 0.940537 0.826073 0.868336 
0061 0.0746743	0.944767 1.08278 0.956089 1.26041 1.0151 1.04237 1.05859 1.668 0.851316 1.08404 
0062 0.200508	1.12482 1.09522 1.05361 0.930725 0.917435 0.883213 0.998221 0.887102 1.13093 0.967143 
0063 0.149666	1.58165 1.25339 1.08919 1.13896 1.14588 1.09047 1.31153 1.08003 1.25484 1.1878 
0064 0.132189	0.876927 1.06524 0.840901 0.967416 1.00121 0.816799 0.829769 0.863923 0.946392 1.00429 
0065 0.0880203	1.30751 1.11169 0.951487 1.03267 1.00472 0.906751 1.00732 1.1306 0.946185 1.0071 
0066 0.0629171	1.32149 0.953096 0.933566 0.745745 0.853217 0.6702 0.843942 0.924472 1.03971 1.04864 
0067 0.129965	0.759775 0.957211 1.00284 1.0325 1.03593 0.997266 0.961626 1.00017 1.00622 0.979379 
0070 0.0861694	0.626475 0.921009 0.924023 1.01827 1.15253 0.950036 0.900046 0.97791 0.9309 0.918788 
0071 0.189718	1.02761 1.0193 0.980032 1.11343 1.09434 0.919892 1.10096 1.33005 0.965948 1.21184 
0072 0.0745836	0.947883 0.902336 0.900405 0.97912 1.05799 0.836717 0.885499 0.95165 0.955198 0.97306 
0073 0.185373	1.12613 1.14682 1.16175 0.975667 1.04299 1.10031 1.33328 0.989991 1.33297 1.23072 
0074 0.102824	0.63224 0.849726 0.897449 0.914277 0.903093 0.780549 0.711754 1.19603 0.738182 0.812528 
0075 0.193338	1.65614 1.32055 1.10207 0.894801 0.995701 0.861653 1.27256 0.956778 1.12053 1.01266 
0076 0.0999276	1.05983 0.960413 1.01234 0.994174 0.86402 0.868748 0.901813 1.38278 0.806716 0.919852 
0077 0.0680666	0.853401 0.968688 0.993726 0.856347 1.069 0.816246 0.937654 0.918315 0.995426 1.03675 
0100 0.0423833	2.17167 1.36695 1.20892 1.13665 1.32743 1.2934 1.67507 0.953624 1.51592 1.25345 
0101 0.159091	1.20653 1.31848 1.27115 1.05489 1.08521 1.24363 1.28434 1.00521 1.27568 1.26291 
0102 0.154791	0.954992 1.0004 1.05828 1.00789 1.02719 0.898389 1.0339 1.28073 0.92942 1.2257 
0103 0.162162	1.00988 1.03874 0.989767 0.900521 1.08163 0.944609 1.05617 0.835567 1.21064 1.04984 
0104 0.101966	0.796339 0.855903 1.07104 1.08291 0.863451 0.993583 0.898943 1.38526 0.83042 0.885471 
0105 0.0939803	1.12235 0.941844 1.07522 0.897593 0.873773 0.879148 0.910443 0.966049 0.990916 0.963441 
0106 0.0939803	1.39505 1.16332 1.07336 1.17249 1.06654 1.11513 1.17703 1.49071 1.00513 0.991893 
0107 0.191646	0.650784 0.833235 0.983638 0.903533 0.9942 0.856471 0.763109 0.912142 0.860873 0.943801 
0110 0.156151	0.580869 0.762702 0.871451 0.96554 0.940581 0.873578 0.679188 1.08678 0.711315 1.06167 
0111 0.122503	1.70189 1.42104 1.14135 1.3639 1.02892 1.00851 1.59955 1.34391 1.23905 1.37889 
0112 0.205573	0.838806 0.877239 0.932805 1.01957 0.898083 0.955611 0.841177 1.36872 0.80191 1.0461 
0113 0.0788644	1.07081 1.07287 1.01798 1.07989 1.09272 0.978354 1.12068 0.932774 1.24273 1.31498 
0114 0.123554	1.54762 1.12593 1.09671 1.05996 0.948434 0.925115 1.16108 0.964651 1.02732 0.888184 
0115 0.149317	1.02279 1.02778 1.03231 0.903028 0.860567 0.960263 0.899312 0.91316 0.972193 1.13342 
0116 0.0672976	0.973522 0.840537 1.16664 1.06755 0.865768 1.16816 1.11029 1.37734 1.05011 1.16604 
0117 0.0967403	1.22441 1.05626 1.15091 0.979801 1.12806 1.35791 1.25702 0.932346 1.20384 1.42938 
0120 0.176923	1.10743 1.0115 0.996353 1.08324 1.17283 1.08879 1.03362 0.862809 1.03891 0.952766 
0121 0.131469	1.12897 0.881401 1.02837 0.790641 0.824657 0.909674 0.939828 0.72832 1.04459 1.09903 
0122 0.123776	1.72236 1.23163 1.02734 1.1131 1.28633 0.959532 1.33788 0.979709 1.29456 1.48853 
0123 0.0965035	0.744564 0.783705 0.87011 0.836237 0.88055 0.92258 0.67411 0.915991 0.738082 1.04226 
0124 0.0440559	1.66442 1.22434 1.39285 0.983302 1.09319 1.65753 1.49693 1.19096 1.33903 1.36583 
0125 0.199301	0.757551 0.897955 0.91725 0.961748 1.11463 1.00349 0.939987 1.07233 0.881789 1.14933 
0126 0.0944056	0.81657 0.851766 1.07023 0.837139 0.793348 1.16388 0.732923 0.922325 0.881028 1.06083 
0127 0.133566	1.10064 1.13327 1.12884 0.992068 0.887446 1.181 1.22229 1.27261 1.0805 1.12575 
0130 0.0512821	1.23594 1.14819 0.938041 0.878684 1.06099 0.9608 0.901746 0.759965 0.999423 0.739179 
0131 0.0895401	1.32163 1.16762 0.894711 1.1305 1.02923 0.940237 1.08788 1.08313 0.900673 0.77173 
0132 0.103785	1.34599 1.2743 1.11962 0.966555 0.996658 1.00017 1.29345 0.854799 1.27024 1.00244 
0133 0.181115	0.60776 0.952912 0.878054 0.99037 0.966567 1.01197 0.846692 1.02723 0.799753 0.744906 
0134 0.0891331	1.45633 1.18743 1.02164 1.11021 1.08954 1.30028 1.3951 1.31103 1.05537 0.940543 
0135 0.18722	0.956757 1.01626 1.05264 0.927555 0.95871 0.916776 1.12981 0.860654 1.16648 0.865523 
0136 0.0980871	1.86281 1.26341 1.13382 1.04958 1.05461 0.930286 1.45109 0.696292 1.43156 0.966768 
0137 0.199837	0.67576 0.965079 0.961541 1.05813 1.05868 0.895163 0.951826 0.972171 0.970961 0.811098 
0140 0.159477	1.07818 1.00001 0.991749 1.12418 0.983382 1.15076 1.07168 1.25584 0.993822 1.17592 
0141 0.127352	0.901973 1.1608 1.04111 1.0268 1.01702 1.02013 1.19161 0.776851 1.29204 1.18731 
0142 0.0456631	1.92091 1.14066 1.15949 0.910385 1.16922 1.11028 1.55298 0.856371 1.49798 1.36698 
0143 0.162001	1.6956 1.11695 1.06572 0.939489 0.877301 1.05992 1.20565 1.06456 1.16004 0.974949 
0144 0.155576	0.726189 0.955646 0.874898 1.04685 1.04604 0.859814 0.938764 1.12871 0.921477 1.16589 
0145 0.17531	1.19636 0.983313 1.00331 0.878979 0.929402 0.861427 0.996925 1.03747 1.05224 0.92962 
0146 0.0481872	0.621853 0.744463 0.814136 0.874752 0.806955 0.637173 0.720082 0.875911 0.793153 0.924904 
0147 0.126434	0.677947 0.805223 0.934702 0.891567 0.740926 0.83595 0.788465 1.08099 0.778485 0.946579 
0150 0.060283	1.51467 1.1627 0.960078 0.987264 0.973475 0.926087 0.954766 0.984037 0.977858 0.966919 
0151 0.155834	0.930936 0.911767 0.964704 0.932382 0.952547 1.02869 0.991032 0.886578 1.1559 1.08538 
0152 0.103957	1.32343 1.02772 1.0642 0.881023 0.957894 1.06733 1.17656 0.749357 1.39967 0.998042 
0153 0.206479	0.91015 0.89914 0.885886 0.927378 0.927263 0.982282 0.881112 1.06664 0.904439 0.883838 
0154 0.0434693	1.59542 1.0435 0.9842 1.03444 0.883824 1.13017 1.1991 1.45225 0.933936 1.0544 
0155 0.0840681	0.600605 0.787988 0.811512 1.01308 0.874641 0.85683 0.723886 0.970329 0.780595 1.02123 
0156 0.206069	1.05111 1.02611 0.960503 1.05138 0.922833 1.03634 1.01609 1.3079 0.869892 1.03494 
0157 0.13984	1.43278 1.10235 1.08526 1.24037 1.16161 1.2898 1.30102 1.02559 1.32601 1.26471 
0160 0.0613333	0.578072 0.806993 0.77507 0.904997 0.966658 0.762222 0.620342 1.07894 0.626442 0.76426 
0161 0.100667	1.13318 0.943082 0.924231 1.0992 0.935974 0.921061 0.873863 1.28658 0.72822 0.976917 
0162 0.153333	1.77072 1.27784 1.19673 0.995701 1.09155 0.948694 1.20708 0.769192 1.32135 0.818388 
0163 0.206667	1.09029 0.950081 1.00412 1.0392 1.10975 1.00157 1.07484 1.07501 1.04838 1.05815 
0164 0.0886667	1.0789 0.940758 1.14593 0.971177 0.986338 1.17743 1.18904 0.910409 1.20611 1.04481 
0165 0.120667	0.435971 0.633489 0.910506 0.868622 0.941205 0.931376 0.752271 0.702986 0.915285 0.994851 
0166 0.188667	0.796485 0.842648 0.976591 0.845056 1.01212 1.08838 0.844592 0.954947 0.91072 1.08368 
0167 0.08	1.11094 0.907071 1.12783 0.819035 1.082 1.20532 0.929266 0.770725 1.1161 1.06202 
0170 0.0696864	1.22894 1.10976 0.97239 1.03859 0.912839 0.72908 0.99599 0.889247 0.95189 0.929967 
0171 0.0592334	1.57972 1.25268 1.02611 1.11598 1.05813 1.15382 1.31029 0.997768 1.05006 0.864818 
0172 0.0801394	1.30444 1.24308 1.05131 0.998658 0.952899 0.955507 1.02603 0.892161 1.14247 1.0009 
0173 0.280836	0.90465 0.853236 0.867554 1.05775 0.954682 0.934648 0.830827 0.979419 0.838681 0.809479 
0174 0.167247	0.965264 0.966147 1.05056 0.98963 0.962786 1.26954 1.02521 0.914185 1.06007 0.920853 
0175 0.121254	1.86498 1.38726 1.17879 1.03254 1.14366 1.19341 1.35151 0.836892 1.3542 1.00599 
0176 0.103833	0.806433 0.964381 0.962223 1.14507 0.982798 1.28966 0.844629 1.38208 0.787987 0.888911 
0177 0.11777	1.4108 1.07879 1.03092 1.2322 1.19961 1.29663 1.20227 1.25307 1.03478 1.08655 
1000 0.0557576	0.770564 0.882502 0.955379 0.944265 0.947504 1.02371 0.870708 1.37567 0.847682 0.846745 
1001 0.10303	0.700181 0.922467 0.816766 0.952674 0.938004 0.989225 0.815679 1.17621 0.712633 0.869455 
1002 0.115758	0.623264 0.929789 0.895708 0.877307 0.952397 1.07455 0.848341 0.952367 0.891071 0.8576 
1003 0.222424	1.16694 0.992297 0.931253 1.12096 1.08582 1.00834 0.967675 1.1041 1.01444 0.973757 
1004 0.138182	1.74623 1.29404 1.17279 1.27901 1.30313 1.19746 1.5712 0.976267 1.37001 1.16333 
1005 0.0618182	0.749597 0.795253 0.993624 0.867066 1.07503 1.20355 1.00083 0.757671 1.0758 1.0301 
1006 0.0975758	1.63349 1.26391 1.0069 0.9678 1.1993 1.03511 1.21098 1.13583 1.08991 0.850919 
1007 0.205455	1.01299 1.06294 0.999808 0.923944 1.04153 1.12285 1.0801 0.904955 1.07462 0.989368 
1010 0.0808625	0.980314 0.924867 0.895415 1.11719 1.16482 0.897097 0.899345 1.18235 0.83813 1.08183 
1011 0.161725	1.1822 1.15339 1.09624 1.02613 1.10056 1.06459 1.17122 1.17229 0.967592 1.10299 
1012 0.0592992	0.930757 0.862788 0.960138 1.05157 1.13361 1.07993 1.19702 1.29909 0.924358 1.12957 
1013 0.115903	1.37926 1.19268 0.986238 0.982859 1.23472 0.968579 1.23958 0.80785 1.37045 1.18446 
1014 0.0521114	1.89538 1.26873 1.2022 1.20741 1.1783 1.26251 1.32981 1.36939 1.10629 1.07701 
1015 0.238095	0.856174 0.967028 1.0645 1.02242 1.13179 1.11004 1.05754 0.928718 1.01352 0.958161 
1016 0.177898	0.710078 0.851007 0.97384 0.797708 1.01975 0.903217 0.780144 0.901805 0.860294 0.849117 
1017 0.114106	0.658657 0.835589 0.896844 1.03132 0.997839 0.958447 0.771249 1.56608 0.725334 1.03818 
1020 0.169069	1.16753 0.935089 1.00497 1.07201 0.879302 0.916365 0.96161 1.12908 1.04128 1.02112 
1021 0.062397	0.713919 0.861157 0.951186 0.980188 0.884536 0.933506 0.869525 1.49422 0.915007 1.11529 
1022 0.166186	0.684876 0.865751 0.895501 0.916805 0.791201 0.752789 0.725928 0.966431 0.778024 0.894839 
1023 0.0897858	1.74787 1.3554 1.11501 1.12989 0.922677 1.06058 1.40889 1.16808 1.17612 1.15869 
1024 0.198105	0.877568 0.853119 0.888369 1.0303 0.833741 0.801819 0.882082 1.20599 0.837066 0.911367 
1025 0.0990527	0.832801 0.879934 1.07782 0.850408 0.881587 1.07319 1.01597 0.824619 1.12047 1.13282 
1026 0.145593	1.1244 0.997165 1.05508 1.01962 1.11583 1.08354 1.24169 0.952258 1.2037 1.10436 
1027 0.0698105	1.94996 1.30305 1.23796 0.910204 0.942409 1.06672 1.42689 1.05845 1.33874 1.10687 
1030 0.117602	2.03985 1.248 1.11512 1.10852 1.09649 1.14322 1.26751 1.18291 1.09446 1.10794 
1031 0.106601	0.943239 0.832968 1.00978 1.02092 1.20888 1.22391 1.02632 0.802864 1.18073 1.27168 
1032 0.147951	1.02145 0.957449 0.953703 0.937304 0.972551 0.897514 0.897354 0.949939 0.930593 0.927606 
1033 0.157056	0.686692 0.747246 0.874456 0.784029 0.922365 0.911755 0.691493 0.843108 0.855296 1.00881 
1034 0.100152	1.01155 0.905175 1.02316 0.937994 0.863034 1.06076 0.841504 1.10505 0.927234 0.954418 
1035 0.117602	1.28928 1.03028 1.00426 0.982356 0.993576 1.13835 0.877981 1.34688 0.909399 0.996441 
1036 0.136191	1.83068 1.24304 1.23206 0.987691 0.900143 1.22403 1.21741 0.946536 1.26278 1.09188 
1037 0.116844	1.02257 0.935873 0.953104 0.787674 0.94472 0.865551 0.864476 0.638612 1.12226 1.04933 
1040 0.0894004	0.682147 0.737829 0.908484 0.876329 1.07433 0.926319 0.856283 0.753855 0.936838 1.14354 
1041 0.0990364	1.24323 1.23166 1.0915 0.856378 1.1109 1.01791 1.21989 0.965343 1.25289 1.17004 
1042 0.11242	0.735203 0.951183 0.960531 0.849593 0.895379 0.89874 0.77307 0.69384 0.85257 0.87058 
1043 0.148822	1.71453 1.36448 1.17051 1.23466 1.26445 1.1296 1.44734 0.867271 1.33695 1.28049 
1044 0.0701285	1.14862 1.15164 0.965163 1.01336 1.23861 0.860221 1.1913 0.723715 1.26924 1.12288 
1045 0.224304	0.98105 1.07711 1.01961 1.05276 1.07089 1.04393 1.03873 1.05385 1.0212 1.09994 
1046 0.0894004	1.35809 1.07378 1.044 0.882723 0.920315 0.981072 1.01318 0.999943 0.991148 1.18843 
1047 0.166488	0.879832 1.00022 0.941394 0.972762 0.98191 0.788159 0.899858 1.1818 0.85169 1.17792 
1050 0.133525	0.59343 0.799261 0.853539 1.00254 0.941776 0.830185 0.707773 0.843178 0.821566 1.02568 
1051 0.0802113	2.4358 1.45759 1.18948 1.06757 1.08658 1.02793 1.60106 1.12382 1.41018 1.16683 
1052 0.0706052	1.13061 0.990215 1.16772 1.05148 1.13239 1.05692 1.13399 0.814199 1.27833 1.16447 
1053 0.106148	1.26111 1.09961 0.995112 1.0102 0.908344 0.894679 0.977833 1.34012 0.900812 1.01988 
1054 0.103746	1.6069 1.36424 1.04903 1.34052 1.12769 1.13587 1.33484 1.32132 1.09712 1.02136 
1055 0.151777	1.02746 1.22729 1.01245 1.34402 1.1276 1.08585 1.18652 1.23838 0.959126 1.10467 
1056 0.178674	0.817008 1.0251 0.994878 1.02801 1.08748 0.972642 1.05447 1.09852 1.07305 1.20575 
1057 0.175312	0.736281 0.830247 0.857562 1.14534 0.995919 0.904516 0.758028 1.10359 0.781911 1.03877 
1060 0.148097	1.14831 0.920103 0.964736 0.975781 1.00372 0.98943 0.999823 1.30276 0.888994 1.02513 
1061 0.0781625	1.61259 1.21471 1.00516 1.07981 1.16013 0.999031 1.13444 1.28269 1.03446 1.03909 
1062 0.125129	0.515833 0.720129 0.829693 0.838226 0.953596 0.826853 0.66616 0.834765 0.873964 0.982769 
1063 0.128214	1.10884 0.917946 0.953912 0.976516 0.873221 0.857683 0.765542 1.11776 0.784161 0.853719 
1064 0.220089	0.913904 0.86709 0.985664 0.891552 1.02063 1.07571 0.889761 0.956057 0.984114 1.06234 
1065 0.15324	1.81053 1.36631 1.13623 1.21743 1.23717 1.1049 1.3283 1.08563 1.34748 1.08134 
1066 0.067878	1.49394 1.04739 1.0334 0.811614 1.00179 0.952219 1.04013 0.974193 1.14177 1.02963 
1067 0.0791909	1.69806 1.10293 1.26034 0.839464 1.11404 1.16389 1.26864 0.881977 1.28023 1.09583 
1070 0.146509	0.980301 0.961426 0.95524 0.999268 0.981061 1.02724 0.972371 1.32319 0.797203 0.921095 
1071 0.0764995	1.3767 1.22534 1.10811 0.83054 0.910065 1.11291 1.10108 1.12272 0.947308 0.707881 
1072 0.174828	0.706513 0.867428 0.879889 1.02303 1.11437 0.997408 0.949449 0.910061 0.997549 1.053 
1073 0.0412979	1.03063 1.08951 1.03064 1.04694 1.22583 1.12191 1.23838 0.920032 1.13274 1.22744 
1074 0.102065	1.36137 1.20414 1.10662 0.9017 1.07106 1.1116 1.28479 0.75931 1.30091 1.025 
1075 0.119371	1.02205 1.03006 0.984414 1.18906 1.04213 1.2284 1.09554 1.20057 0.987175 1.22019 
1076 0.154376	0.63487 0.940211 0.912432 0.85719 0.918856 0.951246 0.832429 0.890893 0.891983 0.874245 
1077 0.185054	1.55467 1.16358 1.12846 1.07783 1.06346 1.09804 1.23182 1.16309 1.1676 1.02313 
1100 0.0810531	0.880196 0.92391 1.05006 0.794493 0.88198 0.912198 0.845228 0.883193 1.04181 0.891984 
1101 0.109453	1.32405 1.22729 1.17901 1.10214 1.00204 1.15783 1.3755 0.976509 1.30856 1.17717 
1102 0.0860282	0.96855 1.05857 1.03911 1.11165 1.09831 1.04324 1.14272 0.894335 1.1912 1.13795 
1103 0.0706882	2.00535 1.41283 1.23378 1.30845 1.17936 1.22297 1.54827 1.10963 1.4842 1.09601 
1104 0.170605	1.37819 1.23005 1.02721 1.071 1.00866 0.837079 1.14198 1.08985 1.06522 0.821878 
1105 0.147181	0.740329 0.798133 1.06264 0.988748 0.971374 1.08833 0.914257 1.21305 0.95541 0.957556 
1106 0.0936982	0.941665 0.95646 1.08256 0.984365 1.04035 0.995516 1.02876 0.670919 1.34322 0.907639 
1107 0.241294	0.775138 0.854895 0.956575 0.939977 0.851719 0.883895 0.768861 0.970376 0.88979 0.801054 
1110 0.0597422	0.477592 0.665508 0.882827 0.95235 0.904577 0.983275 0.719047 0.916293 0.925951 0.9857 
1111 0.0694466	0.576226 0.766523 0.890631 0.950552 0.906869 0.918578 0.664256 0.925447 0.785197 0.753616 
1112 0.12934	0.907017 1.00284 1.07616 0.950971 0.97142 1.08106 0.98208 0.891933 1.08649 0.734636 
1113 0.0849128	1.44942 1.22895 1.14745 1.08748 1.10461 1.10927 1.33324 0.900565 1.36439 1.03306 
1114 0.0677786	2.30952 1.3641 1.13163 1.07148 0.99854 1.00279 1.39859 1.15317 1.31096 0.950734 
1115 0.267475	1.16849 0.937015 0.999949 1.16969 0.997196 1.09609 1.1781 1.17791 1.04348 0.968023 
1116 0.169674	0.746081 0.972396 0.932298 0.91883 1.02169 0.977851 0.86795 0.69151 1.02615 0.929504 
1117 0.15163	0.857532 0.896682 0.854795 1.16882 1.06157 0.923878 0.8591 1.32594 0.751867 0.852587 
1120 0.20975	1.10837 1.04838 0.918264 1.0669 1.01339 0.896985 0.995985 1.03947 1.05122 0.908065 
1121 0.0750988	1.08696 1.01575 1.01242 0.978795 0.854691 1.02853 1.01902 1.57701 0.850609 0.989063 
1122 0.177866	0.577152 0.81928 0.789822 0.92435 0.914353 0.897101 0.69467 1.08263 0.803714 0.882905 
1123 0.133597	1.56196 1.22915 1.15426 1.11797 1.06153 1.12244 1.3525 1.17011 1.33407 1.0843 
1124 0.107773	0.967589 1.09428 1.00049 1.05603 1.00529 1.14065 1.08287 1.31336 1.0095 0.953349 
1125 0.0911726	1.44396 1.26459 1.09185 1.01675 0.861008 1.05636 1.24165 1.33493 1.11084 0.95875 
1126 0.084585	1.08915 1.03304 1.04206 0.978384 1.03495 0.97475 1.07193 0.927936 1.32477 1.03092 
1127 0.120158	0.786548 1.03277 1.02544 0.753735 0.933799 0.992203 0.835526 0.896744 1.08278 0.999089 
1130 0.0629318	0.882302 0.944183 0.941502 1.0952 1.03682 0.806016 0.875839 0.818583 0.97157 0.791094 
1131 0.143044	0.801607 0.864856 0.929141 1.14917 1.07572 1.1075 0.936143 1.13998 0.935296 0.971263 
1132 0.0614379	0.84155 0.951817 1.03778 0.880809 1.04314 1.09576 0.874312 0.647781 1.12323 0.91234 
1133 0.0659197	0.914732 0.85854 0.968497 0.932898 1.03915 0.959579 0.862124 0.870302 1.02805 0.806554 
1134 0.135574	0.894073 0.92659 0.872417 1.16522 1.00558 0.751959 0.83538 1.35915 0.827893 0.894155 
1135 0.106816	0.599357 0.744515 0.78363 0.860935 1.07325 0.855586 0.674179 0.706947 0.853886 0.87923 
1136 0.14099	1.68247 1.17556 1.08454 1.10866 1.15729 1.0057 1.23712 0.957854 1.16394 0.963243 
1137 0.283287	1.38649 1.1471 1.14106 1.12234 1.16966 1.18066 1.30412 0.985996 1.28871 1.10906 
1140 0.194444	1.26107 1.18747 1.06664 1.05191 1.04693 1.00269 1.05796 0.996637 1.07531 1.0641 
1141 0.0758929	1.02841 0.94584 1.10451 0.749098 0.847731 0.936017 0.953411 0.851356 1.03035 1.02901 
1142 0.0491071	1.803 1.22745 1.21252 0.88286 0.951974 0.951959 1.32417 0.85379 1.29961 0.912544 
1143 0.15625	1.28532 1.35047 1.20547 1.16639 1.15935 1.06782 1.30405 0.960774 1.31973 1.15408 
1144 0.0555556	0.938754 0.895734 0.929139 0.745012 0.854015 0.795003 0.798159 0.867067 0.767001 0.68542 
1145 0.135913	0.703211 0.959599 0.952633 1.01597 1.14809 0.859487 1.02222 0.860816 1.17936 1.08717 
1146 0.178571	0.61139 0.744066 0.887947 1.03826 0.972108 1.00769 0.758187 1.30878 0.745248 1.11668 
1147 0.154266	0.617525 0.844191 0.935869 0.945254 0.931163 0.846162 0.842006 1.0363 0.929862 1.09749 
1150 0.112431	2.1629 1.19607 1.16386 0.98121 1.01149 1.14847 1.58913 0.942664 1.37605 1.18988 
1151 0.215145	1.15173 1.04908 1.02899 1.05604 1.17063 1.05276 1.23836 1.19222 1.10969 1.09355 
1152 0.0868291	0.739921 0.842951 0.941707 0.998695 1.10232 1.02197 0.926872 0.66696 1.10579 1.13226 
1153 0.11644	0.585103 0.722643 0.89783 0.836588 0.924997 1.0808 0.828063 0.980179 0.839613 0.991755 
1154 0.0660086	0.807826 0.849438 0.816345 1.00008 1.02823 0.845201 0.89275 1.22844 0.780483 1.14563 
1155 0.0913017	0.57626 0.868402 0.812554 0.96809 0.965322 0.726709 0.718123 0.844425 0.77801 1.05054 
1156 0.12261	1.08027 1.00949 0.872853 1.08575 0.99603 0.937683 0.949745 1.08109 0.814093 1.05871 
1157 0.189235	1.26038 1.01421 1.03985 0.923249 1.02586 0.906103 1.08688 0.633374 1.22868 1.17371 
1160 0.100463	1.16117 1.09937 1.08338 1.01865 1.20706 0.972995 1.11867 0.751178 1.34394 1.12289 
1161 0.278225	0.984176 0.923152 1.0205 1.04711 1.04861 0.914674 1.00065 1.07393 0.981062 0.959074 
1162 0.182395	0.754633 0.862658 0.992808 0.930576 0.949996 0.945788 0.967647 0.787037 1.04146 1.0736 
1163 0.0790051	1.52827 1.06187 1.03762 1.03703 1.02972 1.03211 1.13037 1.01919 1.11029 1.09568 
1164 0.142892	0.707773 0.749959 0.899155 0.853516 0.937513 0.888176 0.63918 0.782636 0.873632 0.9147 
1165 0.0709583	0.616731 0.801875 0.888213 0.984839 0.911529 0.88266 0.785434 1.10447 0.837951 0.956261 
1166 0.0736406	1.73217 1.35539 1.18419 1.18831 1.22393 1.21675 1.57628 1.0562 1.40249 1.12322 
1167 0.0724214	1.06335 1.0068 0.913223 1.29263 1.27025 0.995573 1.11422 1.07234 0.946357 1.22257 
1170 0.106782	0.863787 0.906181 0.923756 1.07972 1.07342 0.983528 0.913453 0.897172 1.04861 1.16036 
1171 0.159429	0.717781 0.881824 0.946852 0.937641 0.959577 1.02961 0.808815 1.04137 0.835536 0.99058 
1172 0.0580012	1.62553 1.21331 1.07801 1.2077 1.07225 1.27152 1.48974 1.21442 1.11869 1.05202 
1173 0.110946	1.24157 1.15606 1.01141 1.22127 1.0578 1.0615 1.07709 1.34541 0.984031 0.878631 
1174 0.149316	0.880054 1.04761 0.871342 1.02576 1.01934 0.932726 0.861662 0.790991 0.882452 0.860413 
1175 0.193635	1.27256 1.01904 0.985234 1.00335 1.07543 1.08551 0.895178 0.855535 1.0413 0.955042 
1176 0.0785247	2.10623 1.24111 1.19841 1.03809 1.06334 1.23295 1.34299 1.10612 1.30626 1.05108 
1177 0.143367	1.483 1.14615 0.971981 1.22865 1.2589 1.04065 1.05133 0.982234 1.15077 1.07515 
BOUNDS
LWPS R    0.0  0.0  0.0  0.0  0.0  0.0  0.0  0.0  0.0  0.0
UWPS R    0.5  0.5  0.5  0.5  0.5  0.5  0.5  0.5  0.5  0.5
LXAS R   -0.5 -0.5 -0.5 -0.5 -0.5 -0.5 -0.5 -0.5 -0.5 -0.5
UXAS R    0.5  0.5  0.5  0.5  0.5  0.5  0.5  0.5  0.5  0.5
END
