NAME moment_estimation_cluster
ASSETS 10
BENCHMARKS 0.1 0.1 0.1 0.1 0.1 0.1 0.1 0.1 0.1 0.1 
COVARIANCES
0 0 0.00828438
1 0 0.00352392
1 1 0.00416151
2 0 -0.000525523
2 1 0.000988535
2 2 0.00155037
3 0 0.00607342
3 1 0.0038686
3 2 5.85124e-05
3 3 0.00690176
4 0 0.00572114
4 1 0.00295301
4 2 -0.000109182
4 3 0.00505668
4 4 0.00501548
5 0 0.00465259
5 1 0.00276238
5 2 -0.000689422
5 3 0.0038764
5 4 0.00368989
5 5 0.00534532
6 0 -0.000481805
6 1 -0.000686372
6 2 0.000586587
6 3 -0.000442848
6 4 6.60915e-05
6 5 -0.0011145
6 6 0.0014926
7 0 0.00270968
7 1 -5.76686e-05
7 2 -0.000372253
7 3 0.00225166
7 4 0.00260852
7 5 0.000607641
7 6 0.00127061
7 7 0.00461176
8 0 0.00308683
8 1 0.00231533
8 2 -0.000572252
8 3 0.00325611
8 4 0.00238861
8 5 0.00329475
8 6 -0.0010938
8 7 0.000720162
8 8 0.00324671
9 0 0.00252622
9 1 0.000353742
9 2 -0.000831748
9 3 0.00175249
9 4 0.001861
9 5 0.00200203
9 6 -0.000138655
9 7 0.00143939
9 8 0.00122384
9 9 0.00145895
SCENARIOS
0 0.39921	1.06747 1.04665 1.0106 1.08545 1.06736 1.0376 0.999204 1.04409 1.03703 1.01056 
1 0.60079	0.953084 0.97012 0.996563 0.96073 0.962967 0.959547 0.993194 0.987236 0.967257 1.00059 
00 0.795221	1.05775 1.03428 0.987996 1.04206 1.03893 1.02015 1.00007 1.01008 0.995739 1.01657 
01 0.204779	0.93382 0.914234 0.973098 0.879214 0.91298 0.944272 0.990963 0.970285 0.967183 1.00277 
10 0.562726	1.07513 1.03495 1.01736 1.07041 1.05753 1.0634 1.00096 0.987989 1.02849 0.989709 
11 0.437274	0.914744 0.969157 0.993345 0.911257 0.934508 0.928024 0.981713 0.985497 0.978625 0.963963 
000 0.141593	0.851843 0.975748 1.04085 0.890618 0.870069 0.949985 0.985539 0.939271 0.979081 0.943313 
001 0.147483	1.22584 1.08602 0.992137 1.18792 1.14645 1.13391 0.970443 1.0633 1.1125 1.07355 
002 0.194387	1.08162 1.01337 0.996841 1.06936 1.06251 1.08353 0.983739 0.986433 1.08017 1.04356 
003 0.164241	0.939774 1.01103 1.03951 0.979474 0.973901 0.974607 1.05221 1.04351 1.01772 0.981907 
004 0.0699616	0.914577 0.908484 0.971611 0.83292 0.912508 0.980894 1.01188 0.94544 0.94912 0.987976 
005 0.0724816	1.00227 1.05221 1.06705 1.10347 1.00505 0.972487 0.983728 1.00357 1.02606 0.943977 
006 0.0422415	1.02131 1.02899 1.00643 0.993009 0.950385 1.08209 0.931351 0.855358 1.1001 0.984407 
007 0.167612	0.962899 0.921376 0.935929 0.959484 0.973571 1.02103 0.994674 1.01646 0.99155 1.02261 
010 0.126116	0.877673 0.972633 1.00936 0.905027 0.946081 0.96407 1.04922 0.904945 0.958261 0.953358 
011 0.176636	0.97736 1.04452 0.995877 0.980302 1.00138 1.0388 0.938319 0.923177 0.989075 0.962454 
012 0.0861162	1.13523 1.09675 0.949659 1.19291 1.15394 1.11632 1.00541 1.07289 1.07506 1.0663 
013 0.121835	0.926965 0.889362 0.96501 0.991759 1.01005 0.98199 1.05047 1.0685 0.915211 1.02422 
014 0.111437	0.870809 0.938319 1.00235 0.911329 0.870806 0.926433 1.00589 0.953966 0.914002 0.943255 
015 0.183486	1.0256 1.00912 0.958263 1.09738 1.05304 1.00425 0.966513 1.01544 0.992453 1.00705 
016 0.0643425	1.00741 1.12646 1.0809 1.04986 1.09183 1.03893 1.10769 1.04567 0.961275 0.952278 
017 0.130031	0.967278 1.09113 1.07173 1.07431 0.995627 1.05155 0.982816 0.982435 1.0304 0.962824 
100 0.194954	0.913414 0.957311 0.980194 0.954389 0.950268 1.00058 1.00584 0.994124 0.98312 1.02193 
101 0.0659311	0.82724 0.913058 0.99265 0.869053 0.862878 0.925938 0.968243 0.933436 0.934896 0.940502 
102 0.0519995	1.33631 1.06567 0.946409 1.1835 1.22216 1.19339 1.01664 1.23046 1.13411 1.12402 
103 0.203413	1.08636 1.09729 1.00195 1.13881 1.09038 1.09808 1.02808 1.1151 1.10223 1.04208 
104 0.11447	0.878388 0.901291 0.987299 0.886253 0.919459 0.922373 1.05839 1.03069 0.924174 1.00115 
105 0.135116	0.986941 1.00018 0.952109 1.03347 0.973689 0.974797 1.01155 1.00578 1.05687 1.01869 
106 0.0878195	1.07771 1.08719 1.05173 1.05478 1.04082 1.01891 1.03193 1.06054 1.00964 0.996317 
107 0.146297	1.03417 1.00858 0.973022 0.974062 1.04448 1.01752 1.01899 1.05198 1.04636 1.02817 
110 0.187774	0.968927 1.00137 1.02714 0.95013 0.957572 1.03508 1.0098 0.977544 1.0136 0.978628 
111 0.165734	1.02171 1.04683 1.09686 1.07141 1.01765 1.00475 0.995023 1.00012 1.02771 0.938985 
112 0.0676411	1.03501 0.942231 0.930837 0.976519 0.974094 1.04772 1.02718 1.01214 1.05415 1.04069 
113 0.220395	1.10145 1.04741 1.01715 1.03143 1.06818 1.15784 1.00926 0.983155 0.98876 1.02624 
114 0.118458	0.880327 0.852758 0.989634 0.860575 0.900853 0.958097 1.08791 0.927492 0.91778 0.987815 
115 0.0691637	1.06699 0.936681 0.912753 1.08286 1.0139 1.04189 0.997331 1.00972 1.02867 1.05624 
116 0.114309	1.18633 1.06891 0.984965 1.17263 1.14995 1.09128 1.0229 1.06533 1.11086 1.06326 
117 0.0565262	0.916041 0.963703 1.04598 0.90277 0.875638 0.938427 1.03118 0.930108 0.932905 0.922059 
0000 0.14505	0.906315 0.869418 0.933083 0.95462 0.942685 0.91051 0.995247 0.976121 0.924826 1.03844 
0001 0.122136	1.04498 0.958692 0.993031 1.0045 1.04564 1.02742 1.01468 1.04598 1.0162 1.04323 
0002 0.057842	0.92831 0.928542 0.947229 1.01466 0.915308 0.925514 0.962779 1.00681 1.05393 0.981588 
0003 0.131702	1.01483 1.02149 1.07908 1.03626 1.06182 0.985406 1.04956 0.960433 0.940815 0.979427 
0004 0.0994438	1.08912 0.982547 0.976761 1.17358 1.07356 1.07265 0.981159 1.04513 1.00179 1.06112 
0005 0.072525	1.10427 1.14056 1.04079 1.13845 1.15463 1.03112 0.958916 0.867327 1.06829 0.98492 
0006 0.120801	1.04942 1.01328 0.974556 1.05886 1.00281 0.998772 0.918415 0.953143 1.08275 0.989943 
0007 0.250501	0.904095 0.928863 1.02405 0.890233 0.926951 0.875929 1.03468 0.963896 0.926336 0.952914 
0010 0.0664246	1.00021 1.03052 1.08136 0.976956 1.01568 0.91811 1.07896 0.935464 0.964866 0.969843 
0011 0.176634	0.871736 0.996331 1.02209 1.02163 0.95647 1.01635 1.00183 1.00114 1.00377 0.949833 
0012 0.175566	0.884139 0.906937 1.00474 0.887937 0.927846 0.924323 1.03793 0.972667 0.928681 0.973091 
0013 0.0642888	1.18551 1.13872 0.987859 1.21805 1.18835 1.17 1.03117 1.05008 1.11978 1.07968 
0014 0.257796	0.983541 0.96252 0.943796 0.984204 1.03378 1.0005 1.00521 1.10738 1.04483 1.04043 
0015 0.139043	1.06154 1.11159 1.03338 1.08028 1.06325 1.08555 1.00182 0.919465 1.09551 0.982655 
0016 0.0583084	1.13977 1.12539 1.05768 1.1325 1.10516 1.01615 1.01605 1.10388 1.03836 0.98961 
0017 0.0619393	1.09733 0.990271 0.928729 1.11514 1.0967 1.09974 0.966342 1.08412 1.13691 1.08023 
0020 0.111489	0.848358 0.958311 0.980235 0.87954 0.895985 0.913362 0.995891 0.918686 0.932012 0.950835 
0021 0.0730838	0.982896 1.09543 0.99085 1.00742 0.974185 1.09783 0.926536 0.934094 1.02942 0.977987 
0022 0.16772	1.08799 1.01276 0.939634 1.08032 1.03456 1.04024 0.939503 1.0651 1.12586 1.04334 
0023 0.144709	0.923327 0.983084 0.971502 0.983814 0.911485 0.866517 0.987566 0.991571 0.961576 0.989348 
0024 0.0886404	0.96662 1.06996 1.08893 0.977738 0.987187 0.972654 0.975764 0.927623 0.911396 0.936459 
0025 0.142116	1.03392 0.995742 0.976723 0.916448 0.98845 1.01566 1.03359 1.04903 0.946738 1.02187 
0026 0.118457	1.14865 1.11308 1.01149 1.15208 1.13172 1.11641 1.02236 1.08667 1.0743 1.0497 
0027 0.153784	1.05197 0.958332 0.985587 1.01634 1.08982 1.01244 1.08367 1.11707 0.965623 1.01442 
0030 0.184311	1.04751 0.999436 1.01353 0.991901 1.07326 1.06271 0.935725 1.01659 1.03046 1.06345 
0031 0.102992	0.941125 0.898044 0.937741 0.922163 0.951407 0.977054 0.98727 0.945701 0.963299 0.98903 
0032 0.0784427	1.1666 1.05381 0.979805 1.17316 1.12246 1.17414 1.01047 1.05329 1.10739 1.08698 
0033 0.125815	0.986145 0.975122 0.979524 0.905863 0.961938 0.976249 0.955472 0.895348 0.935119 1.00368 
0034 0.0870733	0.893759 0.994429 1.04875 0.905183 0.893692 0.888055 0.970541 0.86014 0.919156 0.922308 
0035 0.103759	1.10811 1.10147 0.958194 1.10446 1.10423 1.07911 0.931647 0.917061 1.0786 1.00869 
0036 0.201764	1.04981 1.03323 1.06279 1.0554 1.02738 0.950725 0.948283 0.949753 0.976811 0.955695 
0037 0.115842	0.949483 0.96011 0.963963 1.05476 0.95986 1.03853 0.973325 0.877723 1.0501 1.01234 
0040 0.238181	1.06504 1.00982 1.05643 1.08909 1.07109 0.97647 1.03628 1.05551 0.96377 1.00938 
0041 0.121117	0.911654 0.872678 0.951284 0.943255 0.903351 0.908787 1.05643 1.00966 0.933444 1.00725 
0042 0.0531292	0.808474 0.876771 1.04764 0.854582 0.865818 0.852986 1.03474 0.917167 0.925523 0.955421 
0043 0.056281	1.09274 1.07774 1.045 0.988245 1.02959 1.06995 0.916405 0.914632 1.03798 1.02708 
0044 0.108059	1.18265 0.997062 0.969771 1.12276 1.11884 1.07607 0.946975 1.09404 1.13397 1.03829 
0045 0.167492	0.953665 0.931047 1.06059 0.976471 0.989803 0.925336 1.05176 1.01225 0.93806 0.976345 
0046 0.0657362	0.827609 0.886542 1.06167 0.907408 0.92059 0.931502 1.06352 1.02462 0.900954 0.990279 
0047 0.190005	1.009 0.968793 0.945328 1.02558 0.993489 0.999778 0.984077 1.03984 1.00411 1.04517 
0050 0.129074	0.839871 1.05748 1.07082 0.897862 0.929165 0.912672 1.02334 0.911633 0.947725 0.95397 
0051 0.0938722	0.845532 0.919264 0.940187 0.914944 0.868197 0.854703 1.01243 0.939061 1.00416 0.958088 
0052 0.0738809	1.00784 0.978761 0.94313 1.12764 1.06653 1.05322 1.02652 1.14226 1.05006 1.08458 
0053 0.146458	1.03904 1.07936 1.00703 1.07483 1.0751 1.06261 1.00282 1.05081 1.07977 1.02948 
0054 0.170361	0.91285 0.916724 0.977178 0.930632 0.97679 1.00179 1.09334 0.986496 0.961844 1.04413 
0055 0.0621469	1.10922 1.17587 1.03825 1.16651 1.13982 1.11885 1.00525 1.06889 1.14351 1.03597 
0056 0.158192	1.04507 1.03092 1.07204 1.0197 1.03591 1.02874 1.09764 1.10967 0.979871 1.02475 
0057 0.166015	1.02093 1.08291 0.990826 0.995623 0.994612 1.04775 0.969172 0.961438 1.06665 1.03123 
0060 0.175988	0.942425 1.09456 1.00587 1.03763 1.03205 1.1658 0.95661 0.980767 1.10075 1.00726 
0061 0.0760626	1.16522 1.10171 0.984872 1.14316 1.15417 1.18673 1.00745 1.12097 1.10012 1.09078 
0062 0.0909769	0.88448 0.953872 0.991908 0.933796 0.88749 0.928848 0.917409 0.946063 0.947681 0.956566 
0063 0.240865	0.963582 1.01624 1.04831 0.947478 0.935813 0.948292 1.01703 1.00908 0.973377 0.938845 
0064 0.114094	0.987061 1.00408 0.947807 0.937469 0.970859 1.03205 0.969241 1.04823 1.02515 1.03381 
0065 0.0865026	1.0414 1.15645 1.06557 1.08707 1.01191 0.920894 1.00691 1.02702 1.00925 0.970635 
0066 0.16182	1.0019 1.02015 0.960701 1.04946 1.02005 0.95119 0.983071 1.13334 1.03696 1.04843 
0067 0.0536913	1.11535 1.12755 1.00451 1.19652 1.09219 1.08057 1.04722 0.950463 1.11349 1.04311 
0070 0.15655	1.26606 1.10662 0.971943 1.11213 1.14942 1.08615 1.00169 1.12017 1.11943 1.07457 
0071 0.102236	0.994552 1.05986 0.994043 1.08067 1.00707 1.0921 0.98473 0.961785 1.09432 1.03307 
0072 0.119151	0.935327 0.978431 1.04802 0.928965 0.933462 0.916179 1.00267 1.01144 0.993657 0.972475 
0073 0.181733	1.04548 1.07025 1.04468 1.0427 1.03769 0.960106 1.05563 1.03653 0.982675 0.979121 
0074 0.0802481	0.882614 0.93769 1.05701 0.84585 0.910072 0.897272 1.07478 0.859886 0.930307 0.934903 
0075 0.181357	1.05654 0.957117 0.995553 0.951632 0.984297 0.966319 1.03742 1.07454 0.966885 1.01783 
0076 0.111069	1.09575 0.970512 1.02447 0.947717 1.04838 0.969445 1.03152 1.02011 1.00742 0.999718 
0077 0.0676565	0.982588 1.01558 1.05644 1.00493 0.938228 0.941874 1.00845 0.985533 1.05146 0.962346 
0100 0.169738	1.00213 0.994865 1.01036 0.975295 1.01822 1.02808 1.05801 1.06779 0.944429 1.00586 
0101 0.150339	1.02781 0.981688 0.991577 0.983889 0.982065 1.04882 0.998326 0.895362 0.972885 0.994374 
0102 0.071775	0.955646 1.03911 1.08507 0.987477 0.890875 0.902 0.991092 0.978244 0.896122 0.952271 
0103 0.158099	1.02043 1.05217 1.02286 1.10921 1.01621 0.978835 1.08696 1.04505 0.976488 0.990756 
0104 0.0581959	0.850804 0.877737 0.911329 0.850529 0.880955 0.964364 0.952092 0.923831 0.927811 0.9808 
0105 0.099903	0.856707 0.958983 1.08406 0.852798 0.92796 0.8239 1.05664 1.0812 0.865169 0.947729 
0106 0.0843841	0.935082 0.907159 0.932477 0.98226 0.970918 1.04634 0.943358 1.0608 0.990512 1.03877 
0107 0.207565	1.16459 1.05862 1.00858 1.13019 1.099 1.13985 0.967536 1.00582 0.979635 1.02808 
0110 0.101801	1.07176 0.984182 1.01466 0.943805 1.02815 1.11822 1.06997 0.915133 0.981669 1.03596 
0111 0.0789474	0.923169 0.960521 0.937648 0.963272 0.877656 0.921388 0.98638 0.926013 0.987139 1.02331 
0112 0.0734072	1.00212 0.9894 1.01206 0.996399 0.93162 0.965162 1.11532 1.05651 1.05448 1.03791 
0113 0.180748	1.07881 1.01966 1.04367 1.07335 1.01724 1.08295 1.00815 1.00312 1.04691 1.03372 
0114 0.138504	0.916037 0.975487 1.03935 0.89907 0.880512 0.974773 1.02797 0.935063 0.991394 1.00071 
0115 0.110111	1.05925 0.979349 0.929714 1.03784 1.02352 1.17095 0.986746 0.963386 1.11212 1.07088 
0116 0.128116	0.951268 0.999548 1.08912 0.9733 0.971678 0.92086 1.15319 1.00738 0.961052 0.967628 
0117 0.188366	1.14736 1.06057 1.01653 1.08166 1.10545 1.09266 1.10126 1.04399 1.00505 1.04775 
0120 0.117898	1.08426 0.944572 0.955278 0.923977 0.950836 1.07387 0.966481 1.03655 1.04834 1.04362 
0121 0.178977	0.974597 0.990244 1.0755 0.868727 0.971759 0.962704 1.04663 1.00378 0.9377 0.935872 
0122 0.0426136	1.12972 1.16185 1.04859 1.21612 1.15411 1.01969 0.96867 1.12808 1.12301 1.01485 
0123 0.0994318	1.16002 1.0061 0.966481 1.01821 1.09082 1.09686 1.03094 1.07829 1.03593 1.05619 
0124 0.18892	1.14777 1.05059 1.06384 1.10156 1.06736 1.0724 1.02104 0.994291 1.0075 1.00786 
0125 0.15767	0.966911 1.05944 1.06172 0.993949 0.994406 1.08604 1.04837 0.992725 1.05922 0.971855 
0126 0.150568	0.964365 0.977977 1.01079 0.997731 0.912111 1.02505 0.949612 0.983551 1.06035 0.969832 
0127 0.0639205	1.11052 1.15467 1.10006 0.948278 1.07017 1.07465 0.954951 0.944811 1.0256 0.953134 
0130 0.0763052	1.18086 1.18638 1.01771 1.20291 1.11248 1.19584 0.981391 0.995366 1.1353 1.0391 
0131 0.179719	1.00355 0.964486 1.00723 0.949715 0.940567 0.932642 0.954079 1.01668 1.01931 0.991015 
0132 0.121486	1.15847 1.08792 0.950731 1.10005 1.05097 1.18233 0.929612 0.996025 1.18901 1.06848 
0133 0.129518	1.19045 1.04841 0.968365 0.968164 1.07172 1.02336 1.02924 1.05933 1.00975 1.03882 
0134 0.125502	1.06194 1.10988 1.03791 1.06663 1.04922 1.02477 1.06518 0.955075 1.00242 0.979699 
0135 0.0953815	0.939623 1.04203 1.02472 0.984565 0.956453 0.853882 1.01066 0.919347 0.888146 0.925065 
0136 0.12249	0.863456 0.944646 1.0019 0.861564 0.874867 0.868072 0.995865 0.891873 0.955418 0.965621 
0137 0.149598	0.999331 1.07933 0.991135 1.02537 0.980023 1.08417 0.916844 0.991502 1.07006 0.986225 
0140 0.141603	0.844319 0.896541 0.991962 0.834145 0.895094 0.886286 0.978943 0.893423 0.984233 0.948221 
0141 0.0592755	0.88625 0.977563 0.97508 1.03849 0.932143 0.977742 0.911326 0.915495 1.11415 0.977087 
0142 0.0669594	1.15319 0.995875 0.982726 1.10749 1.13098 1.11085 0.939979 0.908432 1.01406 1.04102 
0143 0.139407	0.980164 1.05596 1.00995 1.09871 1.06624 0.994737 1.03 1.06558 1.00553 0.998408 
0144 0.196487	0.979159 0.975812 1.03128 0.936793 0.988421 0.888331 1.06655 0.975648 0.957943 0.974856 
0145 0.188804	1.00395 0.976539 1.02832 1.04087 0.987192 0.995812 1.00321 0.959311 0.976182 0.99177 
0146 0.0965971	1.09751 1.21221 1.05431 1.20597 1.06821 1.05781 0.906374 0.86432 1.14958 0.989969 
0147 0.110867	1.00337 1.07871 1.03981 0.972316 0.996258 1.03648 0.962724 0.829334 0.981149 0.946911 
0150 0.054	1.13196 1.04429 0.991551 1.143 1.08224 1.118 0.934207 0.94473 1.12022 1.04716 
0151 0.163333	0.947934 0.990467 0.970937 0.930501 0.912938 0.953683 0.975186 0.893814 0.993973 0.989147 
0152 0.0893333	1.10494 0.983317 1.01683 0.967075 1.06239 1.09855 1.10228 1.03256 1.00466 1.05078 
0153 0.094	1.0353 1.00556 0.972108 1.02422 0.996813 1.01513 0.995905 0.994388 1.02758 1.02699 
0154 0.129333	1.12664 1.08038 0.989809 1.03374 1.045 1.07573 1.00461 0.982058 1.06985 1.03006 
0155 0.111333	1.26753 1.04078 1.02642 1.14301 1.15742 1.14895 1.03963 1.12384 1.05511 1.11442 
0156 0.11	0.954387 1.04441 1.0967 1.02762 1.02832 0.985645 1.12523 1.00498 0.933311 0.964494 
0157 0.248667	0.895743 0.959786 1.01693 0.907873 0.963073 0.976541 1.08233 1.0389 0.901563 1.00616 
0160 0.0798479	0.978939 0.932577 1.01399 0.900306 0.957495 0.929105 1.01517 1.00953 0.886337 1.03614 
0161 0.0703422	0.879194 0.945352 1.02764 0.85564 0.869313 0.95089 0.922435 0.923835 0.974082 0.961676 
0162 0.1673	1.12041 0.924317 0.979021 1.04614 1.00768 0.891474 0.987764 1.09708 1.00077 1.02468 
0163 0.0893536	0.948347 0.898781 0.986021 0.93949 0.909739 0.883773 0.969995 0.983108 0.95082 0.991126 
0164 0.0836502	1.011 1.02419 1.0896 0.987616 0.995319 0.900522 0.967198 0.934587 0.894073 0.95107 
0165 0.262357	1.20208 1.0647 1.02948 1.13029 1.08118 1.02421 0.961788 0.972292 1.08401 1.06083 
0166 0.0684411	1.21442 0.956262 0.971346 1.00331 1.10175 1.23503 1.01337 1.09228 1.02878 1.13196 
0167 0.178707	1.09987 0.981225 0.962133 0.969257 0.983718 1.12927 0.861688 0.840022 1.07435 1.01815 
0170 0.168391	0.929631 0.982486 0.980458 0.950698 0.894854 0.980098 0.957278 0.794465 0.960913 0.939821 
0171 0.184384	1.00703 1.07107 0.996852 1.01811 1.00594 0.922775 0.951705 0.930391 0.949241 0.969783 
0172 0.0385701	1.12484 1.09952 0.97539 1.06238 1.06082 1.17111 0.931016 0.889132 1.05265 1.03284 
0173 0.147695	1.27536 1.1537 0.972594 1.19967 1.1377 1.0604 1.01318 1.02154 1.02202 1.04884 
0174 0.126999	0.899329 1.01113 0.992754 0.88118 0.936908 0.857574 1.00659 0.858503 0.920714 0.953838 
0175 0.150517	1.06024 1.06828 0.959108 1.08126 1.06952 1.05438 0.997848 0.876138 0.98617 1.03509 
0176 0.0686736	0.968712 0.991295 0.878741 1.06035 1.02775 1.00099 1.03186 1.02472 1.04751 1.06858 
0177 0.11477	1.16141 1.04906 0.925229 0.99782 1.10441 1.12041 1.01829 1.00656 1.06099 1.08603 
1000 0.168867	1.08174 1.08897 1.00081 1.10582 1.0492 0.967111 0.973669 0.945146 1.07289 0.979787 
1001 0.105143	1.08216 1.12732 1.07045 1.07535 1.07626 0.885805 1.01292 1.04881 0.984508 0.905118 
1002 0.112123	0.977638 0.899339 1.00378 0.956684 0.954296 0.877868 1.04769 1.04194 0.898404 0.957282 
1003 0.0928539	0.907974 0.970405 0.928285 0.877011 0.932476 0.958613 0.925084 1.0143 0.962687 0.978375 
1004 0.119254	0.952551 1.06697 1.06856 0.994817 0.956139 0.971634 0.980737 0.900539 0.996782 0.933512 
1005 0.206039	1.08896 0.993626 0.943403 0.98697 1.03723 1.05196 0.963182 1.07239 1.02432 1.02762 
1006 0.114398	1.18234 0.955085 0.927022 1.09368 1.1512 1.1122 1.02501 1.13154 1.0404 1.0613 
1007 0.081323	0.988096 1.04207 1.03076 0.929144 0.989836 0.944161 1.05347 0.95817 0.938802 0.980947 
1010 0.128309	0.954177 1.05724 1.07096 0.956952 0.970387 0.943208 1.06333 0.941492 0.965594 0.975871 
1011 0.122476	0.837166 0.943703 1.02977 0.843271 0.867626 0.867244 1.02458 1.07191 0.918485 0.980516 
1012 0.179901	0.985065 1.0159 0.95066 0.979262 0.934545 1.05237 0.974615 0.989023 1.04643 1.02572 
1013 0.125168	1.02501 0.91413 0.9216 0.895787 0.964527 0.900355 1.07248 1.0388 0.974192 1.05466 
1014 0.167788	1.06461 1.12737 1.06366 1.09547 1.0676 0.98095 1.02874 1.03927 1.06171 0.979394 
1015 0.136384	0.957821 0.982299 1.00987 1.03169 1.01101 0.981778 1.04577 0.99829 1.03344 1.01184 
1016 0.0394796	1.0903 1.19398 1.11295 1.20465 1.1024 0.96737 1.02667 1.07196 1.09774 1.00366 
1017 0.100493	1.0916 1.05958 0.965133 1.07594 1.08079 1.09961 0.994562 0.966999 1.09044 1.04582 
1020 0.209898	0.992187 1.01034 1.02379 1.05555 1.00291 1.00388 1.01455 0.945269 0.99902 0.988543 
1021 0.069397	1.06819 1.16159 1.02181 1.18273 1.05321 1.05404 0.923384 0.898061 1.10133 1.01901 
1022 0.138225	0.914286 0.965103 1.0081 0.965931 1.02395 0.991217 1.0203 0.959537 0.886954 0.987829 
1023 0.0989761	1.11675 1.10988 0.954318 1.1027 1.09506 1.07103 0.928478 0.942877 1.06406 1.05079 
1024 0.0665529	1.0631 1.12619 1.04592 1.208 1.14152 0.985007 1.04159 1.08245 1.01613 0.993081 
1025 0.113766	1.02194 1.10747 1.08573 0.95563 1.04733 1.05422 1.12608 0.95355 0.956476 0.992957 
1026 0.056314	0.935827 0.950329 0.966222 1.0084 0.952874 0.881395 0.993467 1.08746 0.960686 1.03283 
1027 0.246871	0.874875 0.92866 0.982382 0.866029 0.924205 0.905441 1.00928 0.854307 0.916855 0.977389 
1030 0.188454	1.08851 1.0605 1.04788 1.02529 1.06998 1.02088 1.00511 1.00002 0.997524 0.98356 
1031 0.0802676	1.13435 1.08791 1.01039 1.19602 1.14974 1.08384 0.891466 0.979192 1.02297 1.03404 
1032 0.120256	1.08053 0.939486 0.91354 0.970553 1.07902 1.04584 0.928848 0.974909 0.98488 1.04216 
1033 0.111095	1.12772 1.1023 0.960206 1.07356 1.03795 0.992217 0.898328 0.941967 1.0246 1.0218 
1034 0.118366	0.872645 0.93504 0.99783 0.869937 0.889601 0.87369 0.959737 0.823889 0.887912 0.955382 
1035 0.227425	1.0043 0.946982 0.996581 0.946162 0.948759 0.954263 0.978549 0.930089 0.96458 1.00355 
1036 0.0648539	1.05548 0.97777 0.928498 1.00608 0.998311 0.985282 0.970677 0.950781 1.03723 1.05043 
1037 0.0892831	1.02891 0.959428 0.944648 1.06479 0.998192 1.01827 0.915666 0.973506 1.00582 1.06879 
1040 0.176227	1.05811 1.0932 1.03516 0.944517 0.986972 1.03423 0.902115 0.870597 1.03235 0.964854 
1041 0.112403	1.03937 1.03393 1.04644 1.02637 1.00119 1.01053 0.990635 0.91219 0.928901 0.95975 
1042 0.151163	1.20865 1.02998 0.935925 1.07618 1.10618 1.08735 0.921986 1.06783 1.10758 1.09118 
1043 0.0984496	1.07907 1.08415 1.0156 1.08575 1.01629 0.943824 0.928799 0.94499 1.02517 0.981246 
1044 0.148579	0.892191 0.915823 0.93706 0.884092 0.925327 1.02631 0.965843 0.991184 1.00085 0.992068 
1045 0.109302	1.16047 1.14942 1.059 1.10536 1.11598 1.09637 0.969781 1.0346 1.02614 1.01003 
1046 0.0891473	1.02048 0.944551 1.00742 0.929062 0.986528 0.903495 1.06962 1.05834 0.867502 0.958632 
1047 0.114729	0.991641 0.918121 0.933048 0.999894 0.967843 0.931552 0.943217 0.983448 1.03655 1.03201 
1050 0.186515	0.934578 0.995118 1.01889 0.986816 0.926086 0.954094 0.926864 0.93658 0.913269 0.985352 
1051 0.081655	1.21367 1.05758 0.961092 1.18354 1.17547 1.145 0.975625 1.13235 1.10409 1.06969 
1052 0.0718039	1.04563 1.11595 1.03584 1.03185 0.998203 1.20215 0.873798 0.823234 1.05163 0.959851 
1053 0.133319	1.05727 0.966957 0.95729 0.995202 1.07022 1.03915 0.966201 1.10574 0.983227 1.08353 
1054 0.157618	1.0876 1.00116 0.961984 1.10984 1.06484 1.10823 0.924924 0.987709 1.07126 1.0787 
1055 0.0799037	0.899213 0.993454 1.11004 0.98502 0.962886 0.94285 1.01831 1.02817 0.943405 0.951037 
1056 0.0525394	1.07866 1.11415 1.0671 1.09514 1.06934 0.957007 0.992617 1.04582 0.951521 0.985846 
1057 0.236646	1.00695 0.916527 0.952797 0.917127 0.966432 1.03061 0.929906 1.05359 0.981501 1.0382 
1060 0.109464	0.838231 1.02027 1.04787 0.938596 0.937856 0.925851 1.02295 0.920943 0.972443 0.938106 
1061 0.0815089	1.01494 1.02024 1.01223 0.932277 1.0424 0.984835 0.979329 1.10116 0.995538 0.993887 
1062 0.236443	1.10916 1.05314 0.992321 1.13819 1.10806 1.04778 1.03872 1.0245 1.06418 1.05326 
1063 0.048838	0.820635 0.906822 1.05323 0.839608 0.933789 0.841814 1.06587 1.08148 0.895683 0.997568 
1064 0.0916133	0.916383 1.02687 1.04298 0.993806 0.895853 0.872043 0.979163 0.914313 0.978075 0.933471 
1065 0.142809	0.865908 0.969876 1.00572 0.999369 1.02341 0.954961 1.04694 1.08575 0.95552 0.992449 
1066 0.0653419	0.914762 0.97848 0.9815 0.891494 0.877421 0.93529 0.914152 0.841313 0.983306 0.9695 
1067 0.223981	1.07566 1.03287 0.994337 0.991418 1.01529 0.945479 0.976381 1.05019 1.05827 1.01428 
1070 0.165184	1.16836 1.12581 1.011 1.13194 1.10659 1.14521 1.03261 1.02786 0.985268 1.07891 
1071 0.131622	1.01966 1.0378 1.04437 0.993732 1.02083 1.03138 1.01439 1.01234 0.934338 0.974051 
1072 0.0600485	1.08142 0.902857 0.970931 0.96594 1.00909 0.995567 1.12471 1.22404 0.921155 1.05535 
1073 0.0454913	1.02371 1.20312 1.0956 1.05533 0.996645 1.09671 0.948824 0.882617 1.06692 0.966065 
1074 0.131622	1.16506 1.00303 0.92356 1.10748 1.05673 1.05593 0.939618 1.07337 1.03957 1.05653 
1075 0.0976547	1.01969 0.978854 0.944682 0.898526 0.949474 1.11636 0.935376 1.01593 1.03696 1.04424 
1076 0.171249	1.00484 0.982729 0.970964 1.0093 0.961333 1.02364 1.01819 1.04183 0.986786 1.03278 
1077 0.197129	0.926007 0.996963 1.02079 0.942793 0.90166 1.01247 0.980011 0.899308 0.978894 0.969917 
1100 0.103994	0.885505 0.916862 1.00032 0.850157 0.904144 0.976357 1.0044 0.847553 0.925386 1.00412 
1101 0.0823029	0.941875 0.928569 0.988756 0.922582 1.02069 0.889675 1.08276 1.08132 0.866826 0.998484 
1102 0.0938577	1.16221 1.00752 0.971789 0.999874 1.11415 1.08038 1.0251 0.975311 0.994608 1.05882 
1103 0.242652	0.966418 0.953629 0.983624 0.953152 0.961205 0.934803 0.981798 0.838982 0.950453 0.991605 
1104 0.108859	1.03893 0.936664 0.972168 1.12075 1.04938 0.96816 0.986065 0.993425 0.973465 0.986812 
1105 0.107642	1.02317 1.05068 1.06966 1.03621 1.04772 0.929226 1.03892 0.983921 0.932843 0.936592 
1106 0.15001	1.1775 1.01921 0.965899 1.11231 1.09914 1.04816 1.0138 1.03969 1.05003 1.05521 
1107 0.110683	0.896611 0.974904 1.01443 1.00757 0.95737 0.998678 1.00869 0.892554 0.991521 0.966023 
1110 0.0927882	1.01052 1.06121 0.978072 1.08398 1.00679 0.981632 1.02765 1.02092 0.997443 1.02542 
1111 0.104731	1.05848 1.01026 0.97003 1.03707 1.08895 1.07199 1.05827 1.01163 0.973251 1.05341 
1112 0.158475	1.00308 0.997374 0.966063 0.99172 0.964987 0.984103 0.976396 0.974576 0.998676 1.04836 
1113 0.276068	0.886583 0.963807 0.984041 0.920288 0.923701 0.940346 1.03161 0.888356 0.910729 0.98765 
1114 0.0985301	1.07622 1.09578 1.06087 1.00756 1.01749 1.10143 1.02593 0.880651 1.00683 0.991362 
1115 0.130914	0.995382 0.970959 0.948665 1.04418 1.04227 1.00414 1.07361 1.0576 0.955808 1.04675 
1116 0.0684428	1.16306 1.06266 0.912869 1.16825 1.08899 1.13578 0.988993 0.917744 1.02782 1.0894 
1117 0.0700505	1.08823 1.19163 1.004 1.17277 1.14374 1.11546 1.00301 1.05334 1.11533 1.03295 
1120 0.0635903	1.09846 1.06675 1.04634 1.19804 1.05783 1.07434 0.938439 0.949943 1.1014 0.99304 
1121 0.0956669	0.891396 0.861284 0.985093 0.883761 0.924283 1.00166 0.980704 1.02582 0.923836 0.995543 
1122 0.075408	0.845908 0.924533 1.0427 0.956392 0.865864 0.96614 0.966175 0.879163 0.940051 0.94404 
1123 0.296567	0.941883 0.96119 0.992535 0.972383 1.01833 1.05479 1.0038 1.01361 0.980132 1.03224 
1124 0.0827237	0.839491 0.942764 1.0645 0.907399 0.92249 0.968989 0.990717 1.02423 0.887869 0.941679 
1125 0.129432	1.1677 1.03445 1.0232 1.13721 1.08818 1.02595 0.982731 1.04141 1.01209 1.03681 
1126 0.136185	1.06237 0.989995 0.978615 1.05493 1.11892 1.16016 1.00666 1.12774 1.07065 1.06077 
1127 0.120428	0.956239 0.966832 0.961636 1.06322 0.999816 1.04653 0.927199 0.987732 1.02745 1.00002 
1130 0.195164	1.04913 1.03903 1.03566 0.986168 1.03977 1.0557 1.01934 0.996261 1.03043 1.00548 
1131 0.195164	0.951495 0.911257 0.977017 0.911271 0.936548 0.881325 1.06758 1.03377 0.960807 0.989874 
1132 0.160276	1.04096 0.944819 1.00036 1.02999 1.02052 0.912074 1.047 1.04319 1.02726 0.977033 
1133 0.121071	0.993653 0.999195 0.991324 0.98321 0.936571 0.978661 1.01082 0.983006 1.05093 0.971868 
1134 0.0744387	1.10279 1.03563 0.968158 1.15737 1.08007 1.06187 0.991492 1.02157 1.11493 1.03083 
1135 0.0440415	1.21152 1.06228 0.940102 1.16877 1.19374 1.06854 1.06598 1.2169 1.16189 1.10269 
1136 0.119171	1.19967 1.11844 1.03231 1.14537 1.09377 1.01749 1.04818 1.06123 1.1193 0.989163 
1137 0.0906736	0.931092 1.04299 0.985227 1.02516 0.922385 0.909451 0.9195 0.914152 1.10631 0.947252 
1140 0.195373	1.11912 1.02661 0.960972 1.15093 1.1305 1.0192 0.976152 1.177 1.03972 1.05896 
1141 0.0874036	0.943769 1.07384 1.09416 0.986344 0.92849 0.948408 0.983866 0.954279 0.969578 0.917996 
1142 0.133997	0.853889 0.946386 1.00676 0.856617 0.865768 0.894209 1.00316 0.982993 0.940125 0.926742 
1143 0.138817	1.05548 0.919024 0.964411 1.01483 1.06034 1.04288 1.00886 1.03156 0.972105 1.07655 
1144 0.0992931	0.997958 1.02043 1.03545 0.955382 1.0458 0.897359 1.08244 1.03808 0.93024 0.95868 
1145 0.0729434	0.967778 1.02078 0.950692 0.976754 0.977529 1.07795 0.916507 0.947024 1.06588 0.994767 
1146 0.16581	0.947679 0.961971 0.979716 0.970272 0.944369 0.981702 0.93338 0.987859 0.974609 0.970218 
1147 0.106362	1.07362 1.1109 0.996191 1.05575 1.04948 1.01538 0.953171 1.09016 1.04666 1.02228 
1150 0.121079	1.02012 1.00451 0.952653 0.978873 0.970419 1.07391 0.919121 0.932574 1.02841 1.01127 
1151 0.132086	0.934017 1.00421 1.02382 0.944667 1.02202 1.02552 0.988913 1.03664 0.955248 0.99007 
1152 0.096863	0.952355 0.98685 1.08472 0.949869 0.956276 0.904466 1.0775 0.993507 0.955536 0.961968 
1153 0.0660429	1.02342 0.913263 0.96082 0.872414 0.963317 0.99303 0.987257 1.03128 0.959541 1.01339 
1154 0.140341	0.925059 1.06847 1.04957 1.02078 0.985523 1.00123 0.979986 0.972042 0.988623 0.953805 
1155 0.243258	1.13853 1.01824 1.04714 1.08976 1.14172 1.1597 1.01415 1.09943 0.996503 1.06426 
1156 0.128784	1.13835 0.947228 0.986097 1.01349 1.04765 1.02498 1.05216 1.15162 1.00405 1.07011 
1157 0.0715465	0.907172 0.9324 1.03978 0.856767 0.888425 0.933794 0.957348 0.964307 0.882221 0.916001 
1160 0.190143	0.952563 0.978157 0.985664 1.01553 0.983889 1.09287 0.980826 0.998427 0.983105 0.988345 
1161 0.141192	0.860002 0.930048 0.964044 0.930986 0.882244 1.01404 0.989279 0.933293 0.951674 0.989868 
1162 0.157176	1.02018 1.10134 1.02065 1.09364 1.04925 1.1103 0.988136 1.09656 1.02832 0.991332 
1163 0.0509491	0.902877 0.858394 0.992234 0.846622 0.953927 1.01414 1.05895 1.07163 0.856355 1.01314 
1164 0.101898	1.22981 1.1146 0.979507 1.17674 1.14442 1.15017 0.966428 1.08896 1.10797 1.05263 
1165 0.0915751	0.933387 1.01995 1.07542 0.996838 0.965159 1.11758 0.996819 0.958921 0.918803 0.965603 
1166 0.0805861	0.970825 1.00706 1.03715 1.06463 1.01879 0.902431 1.02447 1.10025 0.920553 0.945625 
1167 0.18648	1.03549 0.999958 0.93856 1.00288 1.05753 1.11845 1.02888 1.04587 0.97346 1.07123 
1170 0.162963	0.810399 0.938972 1.03751 0.926169 0.909925 0.911597 1.03347 0.9522 0.965347 0.982601 
1171 0.212121	0.976999 0.992051 0.942108 0.969607 0.971637 1.00973 0.934577 0.885755 1.03638 1.01342 
1172 0.0774411	1.00302 1.09428 1.12347 1.0047 1.0504 0.968598 1.04008 0.932071 0.918607 0.946953 
1173 0.0848485	1.02149 1.12813 1.05121 1.15439 1.08331 1.01811 0.944857 0.857655 1.03543 0.981791 
1174 0.108418	0.955788 1.06408 1.06769 0.908757 0.989031 0.975264 1.00246 0.891306 0.976161 0.964566 
1175 0.143434	0.927521 1.0737 1.01629 1.06017 1.00369 0.987159 0.987673 0.90778 1.04081 0.983069 
1176 0.0814815	1.09927 1.03613 0.933544 1.17598 1.08954 1.0905 0.958546 0.987821 1.13503 1.06379 
1177 0.129293	1.13181 1.05071 0.980912 1.05138 1.0957 1.12971 0.981959 0.900906 1.03772 1.07402 
BOUNDS
LWPS R    0.0  0.0  0.0  0.0  0.0  0.0  0.0  0.0  0.0  0.0
UWPS R    0.5  0.5  0.5  0.5  0.5  0.5  0.5  0.5  0.5  0.5
LXAS R   -0.5 -0.5 -0.5 -0.5 -0.5 -0.5 -0.5 -0.5 -0.5 -0.5
UXAS R    0.5  0.5  0.5  0.5  0.5  0.5  0.5  0.5  0.5  0.5
END
