NAME moment_estimation_cluster
ASSETS 10
BENCHMARKS 0.1 0.1 0.1 0.1 0.1 0.1 0.1 0.1 0.1 0.1 
COVARIANCES
0 0 0.00581118
1 0 0.00300476
1 1 0.00296
2 0 0.0026467
2 1 0.00329048
2 2 0.00464936
3 0 0.00263304
3 1 0.00246262
3 2 0.00279721
3 3 0.00479132
4 0 0.00145495
4 1 0.00123876
4 2 0.00153085
4 3 0.000972929
4 4 0.00145394
5 0 7.87565e-05
5 1 -0.00124116
5 2 -0.00278395
5 3 -0.00293363
5 4 -0.000567113
5 5 0.00917798
6 0 0.00118565
6 1 0.00139073
6 2 0.00163752
6 3 0.000355184
6 4 0.000627079
6 5 0.000746566
6 6 0.00128153
7 0 0.00298102
7 1 0.00375964
7 2 0.00521612
7 3 0.00361902
7 4 0.00167869
7 5 -0.00447422
7 6 0.00163816
7 7 0.00655663
8 0 0.000350627
8 1 0.000250004
8 2 0.000207501
8 3 -0.00114612
8 4 0.000344001
8 5 0.00313814
8 6 0.000804521
8 7 -0.000484243
8 8 0.00198944
9 0 0.00280326
9 1 0.00326622
9 2 0.00459981
9 3 0.00345391
9 4 0.00160022
9 5 -0.00432915
9 6 0.00128103
9 7 0.00564961
9 8 -0.000636215
9 9 0.00532431
SCENARIOS
0 0.37891	1.05791 1.0556 1.05833 1.0567 1.03227 0.943143 1.00797 1.06947 1.00405 1.06616 
1 0.62109	0.973228 0.975107 0.985285 0.96909 0.980606 1.00721 0.982206 0.967449 0.998791 0.976094 
00 0.426407	1.07821 1.05741 1.08058 1.06672 1.04029 0.953361 1.04436 1.08106 1.00729 1.09749 
01 0.573593	0.975068 0.946135 0.963352 0.967241 0.977653 1.05516 1.00349 0.963639 1.03204 0.966353 
10 0.636639	0.991796 0.993935 0.961992 0.973309 1.00559 1.03218 0.995095 0.950327 1.03474 0.958142 
11 0.363361	1.03416 1.04664 1.04075 1.09876 1.00619 0.916086 0.988386 1.07625 0.980627 1.05096 
000 0.197933	1.02272 0.977581 0.975037 1.01845 1.0152 1.11978 0.994557 0.965424 1.02889 0.945335 
001 0.084174	1.03833 1.08582 1.13858 1.09777 0.992224 0.82445 1.05297 1.25514 0.927325 1.18185 
002 0.0511852	0.967359 0.964625 0.985354 1.11902 0.945082 0.91146 0.951001 1.02629 0.866085 0.983213 
003 0.100576	1.11397 1.08926 1.07426 1.14266 1.0586 0.926925 1.01385 1.13889 0.960926 1.1265 
004 0.218048	0.993652 0.989105 1.01306 0.978124 0.96298 1.00433 0.981565 1.00821 1.00705 0.985855 
005 0.0688247	0.935167 0.904009 0.875299 0.966376 0.94477 1.15584 0.940285 0.865092 0.979206 0.845313 
006 0.151266	1.00257 1.05045 1.04454 0.967297 1.05533 1.0416 0.989163 1.02134 1.0333 1.01722 
007 0.127994	0.909359 0.9317 0.923583 0.887345 0.990295 1.0845 0.942921 0.922202 1.04474 0.88562 
010 0.158093	0.985088 0.992899 0.937551 1.03291 0.97697 0.995119 0.953973 0.937131 0.909718 0.958083 
011 0.197479	1.04624 1.08143 1.06138 0.957852 1.0215 1.06259 1.04636 1.01334 1.01329 1.01036 
012 0.0779884	0.994586 1.01302 1.03348 1.01696 0.934519 0.90559 0.998042 1.05188 0.918917 1.03342 
013 0.241097	0.950631 0.937483 0.91526 0.920744 0.970331 1.04764 0.971175 0.882481 0.952334 0.891443 
014 0.0623447	1.05085 1.08825 1.11541 1.06011 1.09428 0.976787 1.07493 1.10732 1.05351 1.09191 
015 0.123079	1.0444 1.10634 1.08933 1.13623 0.997645 0.869859 1.02426 1.08811 0.882749 1.11437 
016 0.0736634	1.02184 1.11984 1.1599 0.999535 1.02588 0.862416 1.06207 1.16915 0.956412 1.13501 
017 0.0662556	1.06828 1.05725 1.0132 1.08676 1.06282 0.987235 0.966594 0.987423 0.955249 1.03043 
100 0.0567006	1.11251 1.13325 1.18913 1.13198 1.06156 0.884812 1.07942 1.27444 0.979809 1.21117 
101 0.173137	1.04955 1.01472 1.03625 1.0819 1.03016 0.964524 1.00822 1.0779 0.93147 1.07791 
102 0.152601	0.983288 0.940875 0.917956 0.917211 1.01104 1.17149 1.01438 0.925273 1.01639 0.899334 
103 0.181584	0.990469 0.985319 1.0063 1.03397 0.957303 0.96464 0.992251 1.06143 0.947018 1.00905 
104 0.161099	1.06275 1.02038 1.06697 0.940697 1.02367 0.995191 1.04436 1.0511 1.03544 1.05866 
105 0.0691434	1.06027 1.06387 1.10608 1.02151 1.08342 0.991219 1.05781 1.14793 0.99643 1.09769 
106 0.1024	0.836084 0.874091 0.887245 0.913668 0.906058 1.08594 0.97177 0.882577 0.960305 0.867374 
107 0.103336	1.01467 0.955442 0.927791 0.934594 0.959364 1.1058 0.984683 0.918463 0.963599 0.918196 
110 0.103199	0.999041 1.04745 1.07808 0.973937 1.00446 0.988486 1.05931 1.04891 1.01849 1.054 
111 0.164348	1.01779 1.03963 1.06082 1.06854 1.02655 0.890445 1.01256 1.11482 0.956003 1.11584 
112 0.242113	0.994402 1.00744 0.96558 0.994628 0.971132 0.98768 1.03676 0.995036 0.920104 1.00688 
113 0.0601294	1.20409 1.14943 1.18413 1.12229 1.0863 0.906652 1.05349 1.22553 0.990171 1.22344 
114 0.0735555	0.945886 0.91424 0.849916 0.924538 0.970513 1.12355 0.956323 0.80498 0.985485 0.843479 
115 0.0549451	0.846962 0.925762 0.873875 1.00206 0.893752 0.984424 0.934359 0.872896 0.950695 0.920378 
116 0.14587	0.981751 0.937393 0.914403 0.916712 0.956991 1.18268 1.0173 0.923622 0.994158 0.927307 
117 0.15584	1.05797 1.0665 1.05152 0.997317 1.0628 1.08554 1.0331 1.01619 1.03534 1.03987 
0000 0.141338	0.907065 0.922842 0.910361 1.01015 0.95664 0.971382 0.954761 0.979048 0.90737 0.96392 
0001 0.0631645	1.12196 1.14438 1.14038 1.18495 1.02844 0.883597 1.02939 1.171 0.927442 1.15039 
0002 0.201689	1.05571 1.05078 1.07359 1.01744 0.99286 0.892388 1.00248 1.14738 0.939616 1.09066 
0003 0.0753596	1.00548 1.04676 1.08875 0.970863 1.06129 1.10185 1.08362 1.07574 1.0461 1.02512 
0004 0.115385	0.952624 0.94741 0.958898 0.887533 1.00881 1.16005 1.00979 0.936959 0.999053 0.939341 
0005 0.0634772	0.911392 0.931226 0.87996 0.876883 0.929069 1.08854 0.940243 0.85718 0.998156 0.915389 
0006 0.158537	0.945309 0.984711 0.970336 1.04971 1.01942 0.993605 1.00158 0.990276 0.982002 0.960866 
0007 0.181051	0.932681 1.00411 1.04051 0.89473 0.97909 0.935465 0.994406 1.05178 1.00676 1.05553 
0010 0.0889706	0.902511 0.970024 0.984131 1.04208 0.963614 0.856357 0.933621 0.997142 0.950604 0.982322 
0011 0.118382	1.00147 1.02957 1.11195 0.91268 1.05114 1.30048 1.05517 1.04082 1.21828 1.01063 
0012 0.1625	1.01805 1.02072 1.0253 1.05384 1.01921 0.938962 0.960825 0.990885 1.01608 0.998106 
0013 0.0897059	1.14942 1.10641 1.14905 1.11738 1.0693 1.07166 1.05525 1.18697 1.01855 1.16527 
0014 0.173529	0.944678 0.978314 0.99003 0.902982 1.00191 1.1502 1.01273 0.919364 1.05743 0.953629 
0015 0.177941	0.813677 0.935294 0.936677 0.938178 0.93603 0.996031 0.917725 0.861805 0.979813 0.896177 
0016 0.0970588	0.945381 0.997904 0.963653 0.973375 0.961615 1.16271 0.978351 0.935267 1.03936 0.905612 
0017 0.0919118	1.09569 1.03819 1.11472 1.11993 0.996517 0.909813 0.994139 1.05286 1.00172 1.06965 
0020 0.0580411	0.821382 0.956466 0.921685 0.993861 0.902559 1.02863 0.969357 0.907669 1.03105 0.915567 
0021 0.111245	1.12783 1.13953 1.0753 1.11063 1.0159 0.906759 1.02898 1.09979 1.02592 1.07455 
0022 0.137848	0.904047 1.00432 1.00503 0.962406 0.965285 1.03 0.956879 0.910332 1.11466 0.996375 
0023 0.116082	0.969345 1.01623 0.922452 1.07279 1.01269 1.18934 0.989973 0.984709 1.08203 0.957999 
0024 0.175333	0.884434 0.963388 0.990156 1.0006 1.0005 0.816214 0.965142 0.9996 0.932531 1.0698 
0025 0.175333	1.07379 1.04908 0.970343 1.03184 1.04484 0.981692 1.01416 0.992556 0.974719 1.05876 
0026 0.145103	0.896275 0.910303 0.890017 0.940778 0.997497 1.09062 0.970834 0.8556 1.0843 0.91076 
0027 0.0810157	1.04769 1.07324 1.10443 1.11817 1.07757 0.815196 0.9894 1.09066 0.950379 1.16807 
0030 0.101538	1.18515 1.05814 1.05641 1.02541 1.02543 1.16798 1.04002 0.999649 1.0855 0.956793 
0031 0.0486154	0.868299 1.02179 1.17502 1.226 1.02019 0.757129 0.973386 1.17432 0.918311 1.16342 
0032 0.107077	0.968833 0.962873 0.971048 0.893959 1.00419 1.06822 0.944962 0.888192 1.06739 0.928253 
0033 0.145231	1.01908 1.03838 1.05707 0.989979 0.969857 1.17457 1.01432 1.00083 1.12022 0.96415 
0034 0.0535385	0.903753 0.900133 0.89674 0.898242 0.940783 1.20693 0.959351 0.828377 1.04884 0.804669 
0035 0.232615	0.934275 0.940372 0.979237 1.00322 0.996968 0.977312 0.93921 0.959191 0.9458 0.959267 
0036 0.0873846	0.886024 0.898702 0.896791 1.01705 0.972164 1.0165 0.928761 0.871076 0.89946 0.867311 
0037 0.224	0.992771 1.04382 1.14912 1.05198 1.03909 1.01507 1.06626 1.15656 1.047 1.08262 
0040 0.117513	0.883161 1.00593 1.01504 0.966186 0.993007 0.919062 1.0099 1.01952 0.943603 1.01837 
0041 0.0984956	0.898995 1.02624 1.06971 1.06042 1.01222 0.809114 1.02763 1.17536 0.85705 1.13128 
0042 0.173148	1.03826 1.089 1.06738 1.12368 1.03783 1.02609 1.05079 1.13142 1.00796 1.11811 
0043 0.170309	0.992737 1.02596 0.984119 1.01758 1.03336 0.960931 1.02117 1.00834 0.981585 0.998916 
0044 0.105024	0.980067 0.994038 1.03656 0.911805 1.00633 0.951973 1.05397 1.04217 0.965502 1.02541 
0045 0.13568	0.986675 1.05171 0.981007 1.07859 0.974625 1.00579 1.04476 1.01433 0.931828 1.00281 
0046 0.0837355	0.906094 0.934644 0.864638 0.955402 0.939862 1.05308 0.937161 0.905344 0.924958 0.895713 
0047 0.116094	0.915195 0.967138 0.95368 0.947894 0.963038 1.21572 1.00562 0.907585 1.02266 0.891696 
0050 0.103417	1.02893 1.00421 0.983142 0.989595 1.04757 1.25018 1.0362 0.980583 1.11533 0.983848 
0051 0.110612	1.15182 1.09561 1.06121 1.06229 1.0277 1.0275 1.07094 1.08125 1.00224 1.07587 
0052 0.188849	1.09641 1.00712 0.969986 0.96732 0.997718 1.10654 0.986869 0.944223 1.0491 1.01434 
0053 0.0656475	1.12863 1.0591 1.05299 1.13106 0.971539 0.9728 1.00672 1.07267 0.97352 1.07497 
0054 0.194245	0.894888 0.937646 0.971085 0.95663 0.933119 0.848394 0.945055 0.984555 0.905121 1.00199 
0055 0.116007	0.95002 1.0164 1.00877 1.07394 0.978126 0.849049 0.946159 1.06502 0.93375 1.03561 
0056 0.073741	1.03677 1.08875 1.0896 1.11786 1.06128 0.833833 0.976938 1.13158 0.926517 1.16818 
0057 0.147482	1.02582 0.916468 0.91799 0.951399 1.00254 1.04101 0.927558 0.864942 1.01055 0.908453 
0060 0.0936989	0.930554 0.890085 0.987867 1.06531 0.991554 0.795748 0.975659 1.04871 0.84037 1.04376 
0061 0.181669	1.019 1.03989 1.02596 0.987633 1.06401 1.0622 1.06299 1.0875 1.01799 0.986425 
0062 0.133388	1.08962 0.952545 0.901885 1.02507 1.00557 0.925607 0.948025 0.9642 0.888926 0.960396 
0063 0.109656	0.948222 0.84849 0.831263 0.895534 0.96298 1.1058 0.937605 0.880129 0.987631 0.844242 
0064 0.100655	1.16012 1.03825 1.00478 1.04729 0.964315 1.10841 1.06115 1.08385 1.03721 1.01101 
0065 0.15671	1.03348 0.936721 0.947279 0.951757 1.00714 1.00395 1.04249 1.00185 1.02421 0.968941 
0066 0.183715	1.13906 1.02576 1.12272 1.06148 1.06262 0.84588 1.02709 1.18522 0.973673 1.12837 
0067 0.0405074	1.06272 1.00019 1.04357 0.884064 0.953267 1.10464 1.12359 1.12738 1.04946 1.009 
0070 0.124758	1.10753 1.00025 0.96824 0.92554 1.07302 1.14583 1.06316 0.893631 1.01388 0.98143 
0071 0.0812379	0.873452 0.919825 0.993845 0.939004 0.964712 0.918753 1.0057 0.988522 0.956528 1.02381 
0072 0.102031	0.933949 0.975179 0.978831 1.03281 0.923708 0.886045 0.948732 0.953692 0.92421 1.03183 
0073 0.128627	1.05438 1.01336 1.05899 0.90164 1.00883 1.08207 1.10327 1.02974 0.985769 1.06847 
0074 0.0802708	0.925843 0.9284 0.900282 0.90523 0.930395 1.20683 1.03902 0.881044 1.0315 0.927244 
0075 0.146035	0.950391 0.945111 1.0196 0.959241 1.03104 0.959904 1.02312 1.0175 0.99317 1.03091 
0076 0.101547	0.965615 0.88929 0.853197 0.944702 0.98853 1.21832 1.02689 0.843464 0.941408 0.91671 
0077 0.235493	1.10227 1.02118 1.005 1.06128 1.01364 1.06029 1.00228 1.04639 1.00974 1.02328 
0100 0.10943	1.12374 1.05426 1.05418 1.04458 1.09931 0.962015 1.03037 1.07756 1.00068 1.08935 
0101 0.140279	1.10258 1.07879 1.10601 1.02019 1.03601 1.11045 1.06944 1.02375 1.06632 1.03994 
0102 0.110594	0.986171 0.999786 1.00255 1.11794 1.01951 1.00481 0.942631 0.9824 1.02921 0.958249 
0103 0.116997	0.89618 0.978802 1.01871 0.909846 0.972579 1.18794 1.0553 1.00914 1.12814 0.982752 
0104 0.152794	0.942351 0.932896 0.991393 1.00447 0.96758 0.921818 0.989601 1.02784 0.983727 0.989899 
0105 0.0768335	0.936289 0.990641 0.984706 1.09247 0.935453 1.02478 1.01187 0.969876 1.04745 0.959315 
0106 0.236903	0.970732 1.00996 1.0574 1.02933 1.03234 0.92041 1.00026 1.06319 1.00995 1.04636 
0107 0.05617	1.02309 0.968198 0.919818 0.904941 1.01695 1.28075 1.02163 0.913555 1.15692 0.903349 
0110 0.0759553	1.06379 1.03729 1.02505 1.15765 0.976731 0.84304 0.965813 1.06982 0.890379 1.05555 
0111 0.0773532	1.06989 1.04638 1.06832 1.10618 1.06964 1.03656 1.00413 1.05334 1.04652 1.06417 
0112 0.0915657	0.973426 0.960934 0.920549 0.949059 0.947554 1.1312 0.998913 0.911691 1.05833 0.879229 
0113 0.133504	0.888361 0.936634 1.00525 1.0178 0.999233 0.839095 0.965264 1.04621 0.90908 1.0768 
0114 0.16589	1.01976 0.96085 0.902209 0.991246 1.00525 1.19963 0.959463 0.900043 1.0572 0.92116 
0115 0.17521	0.919206 0.984661 1.01944 0.976436 1.06032 1.05825 1.03059 1.03366 1.06254 0.998437 
0116 0.192917	0.82061 0.920142 0.942653 0.990536 0.959036 0.88907 0.994381 0.988069 0.950658 0.98194 
0117 0.0876048	1.00796 1.07136 1.13528 1.05507 1.00568 0.845376 1.03251 1.19553 0.992672 1.10108 
0120 0.166372	0.944581 0.92628 0.892823 0.977695 0.967919 1.10679 0.930862 0.863974 1.00098 0.904573 
0121 0.130383	1.08584 1.09109 1.07718 1.10805 1.06475 0.855623 0.99234 1.13743 0.93047 1.13202 
0122 0.099115	1.05859 1.06191 1.06377 1.10649 0.979862 0.939302 0.97537 1.06171 0.995897 1.05487 
0123 0.134513	1.04447 1.0189 0.959966 1.10179 1.00143 0.981078 0.941415 0.963094 0.972376 0.954404 
0124 0.235398	1.02274 1.04429 1.01628 0.989945 1.01032 0.987628 0.987771 1.02623 1.00391 1.04632 
0125 0.0702065	0.902848 1.01544 1.02879 0.933589 1.06508 0.864253 1.0264 1.08036 0.94012 1.07957 
0126 0.0483776	0.890752 0.949905 0.927613 0.897342 0.942923 0.969135 0.960466 0.887412 0.952132 0.910304 
0127 0.115634	1.004 1.02649 1.03199 0.962492 1.0596 1.07839 1.00184 0.978032 1.01358 0.978098 
0130 0.071374	0.859592 0.892066 0.836184 0.843138 0.981106 1.28664 0.945616 0.83318 1.07657 0.842461 
0131 0.139122	0.956973 1.03747 1.03856 1.02113 0.98631 1.11608 1.01193 1.02054 1.05321 1.0434 
0132 0.151908	0.99434 0.994669 0.958885 0.959565 1.03155 1.11297 0.97501 0.944063 1.04347 0.947902 
0133 0.0751908	0.989095 1.13267 1.17876 1.04202 1.06897 0.872518 1.04737 1.23743 0.995296 1.17567 
0134 0.12958	0.814672 0.976089 0.970762 0.871368 0.933146 1.00963 0.993898 1.00132 1.04063 0.979816 
0135 0.147328	0.978343 1.03241 1.02491 1.03455 1.06267 0.905932 0.965014 1.04523 1.04041 1.04922 
0136 0.169656	0.991077 1.0163 0.964664 1.08455 0.968909 0.94041 0.933639 0.998008 0.965082 0.986087 
0137 0.11584	0.920999 1.0221 1.05464 0.995202 1.00937 0.948374 0.999825 1.05774 1.03168 1.09203 
0140 0.101845	1.02495 1.04863 1.01793 1.11315 0.977135 0.879385 0.933462 1.04082 0.889268 1.03036 
0141 0.127675	1.21631 1.03408 1.00525 0.962235 1.02528 1.07962 1.03845 1.0367 0.990379 1.0415 
0142 0.107749	1.02308 0.949766 0.923118 0.931649 0.940458 1.06347 0.951414 0.887776 0.910725 0.958539 
0143 0.116605	1.13101 1.04703 0.999687 0.969966 1.05243 1.11521 0.973204 0.984179 0.994033 0.967598 
0144 0.24059	1.18149 1.09133 1.11612 1.1026 1.01232 0.993348 0.965547 1.12028 0.986279 1.12717 
0145 0.120295	1.10379 1.02096 0.922637 1.01364 0.986888 1.18078 1.01094 0.891413 0.926328 0.955448 
0146 0.135055	0.883728 0.959926 0.972032 0.868323 0.993012 1.1506 0.971049 0.914292 1.05816 0.940341 
0147 0.0501845	1.05942 1.04498 1.00461 0.955719 0.925128 1.07318 0.985804 1.03835 0.951599 1.00503 
0150 0.159626	0.997992 1.07833 1.14698 1.01214 1.03743 0.912784 1.02034 1.21086 1.09371 1.13118 
0151 0.136075	1.03971 1.0016 0.966847 0.99781 1.00897 1.08326 0.975038 0.946635 1.08259 0.966727 
0152 0.113271	0.826726 0.943528 0.971258 1.00708 0.963576 0.925356 0.903256 0.980256 0.968514 0.958007 
0153 0.201121	1.06174 1.03811 1.04298 1.02613 0.963597 0.986298 0.970559 1.09742 1.02498 1.04416 
0154 0.0923364	0.975314 0.885273 0.879288 0.940027 0.973606 1.18471 0.920002 0.863207 1.05188 0.864871 
0155 0.0923364	0.883075 0.896359 0.963233 0.915729 0.926027 0.990499 0.966558 0.990274 1.03067 0.908322 
0156 0.10243	1.04415 0.993266 1.03817 1.06947 1.05376 0.846339 0.926297 1.01039 0.927035 1.06036 
0157 0.102804	1.0128 1.02828 1.00578 1.18031 0.995087 1.13467 0.986558 1.05521 1.12049 0.996749 
0160 0.114928	1.0232 1.01249 1.00837 0.975002 0.972382 1.00938 1.00766 0.985426 1.05293 1.00129 
0161 0.065584	0.979414 0.970681 1.02043 1.07269 0.974472 0.797083 0.956217 1.00686 0.893363 1.08482 
0162 0.171768	0.965131 0.90246 0.909473 0.900606 1.00606 1.05566 0.939434 0.902915 1.01104 0.920663 
0163 0.0824485	0.950382 0.990393 0.97355 1.04521 0.9912 1.10761 1.00564 0.993601 1.01917 0.996848 
0164 0.150531	1.10483 1.08637 1.11373 1.12908 1.03747 1.04516 1.02862 1.11373 1.06059 1.10659 
0165 0.0705809	1.01983 0.998394 0.912323 1.04538 0.940863 1.12541 1.03347 1.00539 0.945751 0.97365 
0166 0.0637102	1.01077 0.908293 0.903055 0.954612 0.931496 1.15998 0.940199 0.848346 1.12202 0.869478 
0167 0.28045	1.05555 1.00707 1.05578 1.04051 1.03798 0.974201 1.02493 1.02468 0.998265 1.03644 
0170 0.104861	0.942371 0.937325 0.971874 0.92548 1.06599 0.974597 1.0119 1.05093 1.03661 1.01886 
0171 0.208333	0.965841 1.00263 0.993294 1.02111 0.980207 0.924486 1.00139 1.02053 0.95884 1.03108 
0172 0.204861	1.13398 1.01229 0.985178 1.00479 1.04964 1.08713 1.06654 0.993375 1.02886 0.975955 
0173 0.0840278	0.849348 0.911669 0.980306 1.06816 0.959041 0.823403 0.932417 1.02445 0.897532 0.988682 
0174 0.163194	0.886187 0.906159 0.902469 0.915325 0.977861 1.08808 1.02756 0.91478 1.01313 0.892638 
0175 0.05	0.823333 0.872085 0.892601 0.90182 1.01064 1.05745 0.956998 0.870581 1.00913 0.943994 
0176 0.0513889	0.944192 1.05052 1.03288 1.11622 0.985385 0.788761 1.01932 1.11701 0.904101 1.11785 
0177 0.133333	1.06297 1.05466 1.10048 1.11992 1.03286 0.893281 1.0628 1.17102 0.922553 1.11664 
1000 0.166815	0.974898 1.01725 1.03336 0.951155 1.04571 0.900376 1.01223 1.04183 0.94556 1.07574 
1001 0.106601	0.971775 0.94113 0.953702 0.954866 0.927518 0.919698 0.918185 0.955236 0.972278 0.953057 
1002 0.100357	1.02278 0.996926 0.998234 1.0073 0.95409 0.843593 0.979842 1.07346 0.87586 1.03775 
1003 0.0981267	1.02283 0.93946 0.92016 0.933887 0.961223 1.13139 0.95171 0.874575 1.0009 0.892984 
1004 0.0700268	1.15567 1.08538 1.14157 1.09564 1.11886 1.07795 1.04387 1.10688 1.01692 1.09985 
1005 0.17306	1.14384 1.03396 1.0213 0.977811 1.06049 1.14728 1.04275 0.987766 1.07599 1.00081 
1006 0.208742	0.949162 1.01418 1.05844 1.09447 1.01393 0.937293 0.996721 1.06204 0.97084 1.076 
1007 0.0762712	0.997153 0.951554 0.875611 0.941576 1.00081 1.04611 0.940304 0.90367 0.908839 0.934564 
1010 0.0787321	0.896886 0.923776 0.948436 0.932636 0.936137 0.876504 0.92012 0.967684 1.04029 0.924478 
1011 0.111306	0.93518 0.993265 1.03417 0.959749 0.978819 0.824718 0.981238 1.08524 0.990033 1.03474 
1012 0.14052	0.891058 0.944624 0.94862 0.928265 0.976188 0.979151 0.98038 0.942168 1.04646 0.967166 
1013 0.262343	0.995518 1.10386 1.11207 1.09079 1.01638 0.893647 1.02918 1.12644 1.00841 1.06914 
1014 0.147239	0.992639 1.01305 0.946765 1.0087 1.02786 0.998502 0.938278 0.964872 1.05119 0.951934 
1015 0.0801928	0.930049 0.997349 1.0598 0.982652 1.08412 1.00364 1.04878 1.02986 1.06202 1.05418 
1016 0.102396	1.11216 1.05817 1.01176 0.984753 1.02968 1.10193 1.0253 0.979052 1.11384 0.972131 
1017 0.0772714	0.966955 0.946256 0.866796 0.981084 0.962039 1.22478 1.0023 0.842449 1.02639 0.829459 
1020 0.0825323	1.0134 1.00879 1.03985 0.952306 1.05301 0.980362 0.96927 0.983985 1.10542 1.02034 
1021 0.170865	1.11046 1.08556 1.07154 1.06594 1.05934 0.810399 0.975169 1.12623 0.93296 1.16486 
1022 0.203016	0.97694 1.00426 1.0572 0.96034 0.953667 0.898212 0.98833 1.02793 0.993337 1.06435 
1023 0.0714286	0.845153 0.879421 0.931907 0.89498 0.934003 0.974467 0.940188 0.891916 1.00834 0.908161 
1024 0.0548558	0.979587 0.937539 0.899655 0.863144 0.965451 1.0647 0.986518 0.866367 1.02359 0.924094 
1025 0.15943	0.884095 0.948706 0.948135 0.956399 0.989892 0.986398 0.981697 0.951623 1.01825 0.939276 
1026 0.184952	1.04352 1.03571 1.06798 1.03062 1.00332 1.03797 1.01661 1.02799 1.05613 1.05106 
1027 0.0729201	0.959145 0.936018 0.928229 1.05082 0.950195 0.994406 0.930049 0.912462 0.961187 0.997801 
1030 0.118942	0.935712 1.0052 1.02589 0.929493 1.00833 0.898989 1.04127 1.02875 0.986739 1.03777 
1031 0.159749	1.09117 1.09556 1.1131 1.11444 1.02296 0.901265 0.981881 1.10446 0.952964 1.11417 
1032 0.128412	0.992131 1.03671 1.00429 0.983714 1.04553 1.00427 1.02164 1.00091 0.998944 1.03842 
1033 0.193593	0.931828 0.976303 0.942946 0.905888 0.969309 1.24905 0.98533 0.874268 1.09366 0.903145 
1034 0.140111	0.993815 1.00595 1.01682 0.965442 0.974615 0.869956 0.96436 1.00185 0.977871 1.0225 
1035 0.0947075	0.952263 0.958774 0.957683 1.01544 0.921901 0.847414 0.979016 0.945911 0.896746 0.988934 
1036 0.113788	1.04036 1.00469 0.969623 1.09346 0.990951 1.0717 0.926808 0.910502 0.970573 0.984946 
1037 0.0506964	0.937257 1.05301 1.07611 1.01187 1.02641 0.839496 1.04497 1.11987 0.971717 1.13481 
1040 0.243956	1.03312 1.10299 1.11498 1.05907 1.04284 1.10878 1.0947 1.16925 1.04314 1.10562 
1041 0.0637363	0.941917 0.950894 0.969135 0.97068 1.04948 1.11544 1.00735 0.9547 1.01665 0.936504 
1042 0.116797	0.930011 0.926012 0.9228 0.921648 0.954601 1.20326 1.00484 0.925422 1.02165 0.875307 
1043 0.0976452	0.989153 1.01374 0.963921 1.06021 1.02283 1.1008 0.985997 1.04404 0.99344 0.974351 
1044 0.0725275	1.05894 1.00199 0.927306 0.98704 1.02702 1.28676 1.03676 0.912664 0.996316 0.927914 
1045 0.144427	0.893534 0.964356 0.963877 0.945487 0.958102 0.973215 0.996047 1.03025 0.970061 0.968463 
1046 0.15102	0.974771 1.04498 1.0259 1.0794 0.969922 1.04508 1.01843 1.05625 0.909113 1.01385 
1047 0.10989	0.918678 1.04738 1.04163 0.993686 1.02208 1.02506 1.07289 1.09425 0.974299 1.03556 
1050 0.174104	0.938063 0.936815 0.959885 1.02579 0.990763 1.16027 0.989157 0.958798 0.987949 0.975139 
1051 0.159839	0.973068 1.02404 1.05031 1.03122 0.959158 0.854814 0.991702 1.03242 0.960762 1.05742 
1052 0.106437	0.923104 0.970225 1.05682 0.940172 0.978999 0.89978 1.00356 1.02336 1.03405 1.05078 
1053 0.0768105	0.95208 1.03814 1.08369 1.07981 1.06831 0.790798 0.970608 1.12031 0.937414 1.12099 
1054 0.1218	0.973408 1.01023 1.05846 1.06693 1.03905 0.910238 1.00753 1.06592 0.972494 1.06178 
1055 0.0811997	1.04684 1.12021 1.1603 1.07202 1.01548 0.991422 1.14787 1.19729 0.996697 1.16979 
1056 0.215801	0.959167 0.953266 0.923172 0.928895 0.99325 1.01598 0.970648 0.9235 1.00165 0.943878 
1057 0.0640088	1.09248 1.0526 1.08828 0.945528 1.0936 0.965174 1.05885 1.04441 1.07676 1.1024 
1060 0.260805	1.00351 1.03521 1.03357 0.994648 0.954218 0.96518 0.995978 1.03171 1.01155 1.01274 
1061 0.0568041	0.991054 0.967613 0.959312 1.06921 1.01264 0.815029 0.911292 0.993312 0.938162 0.999742 
1062 0.149667	1.07815 1.09375 1.04466 1.14074 0.991407 0.836154 0.952289 1.09825 0.939767 1.10763 
1063 0.13386	0.969717 0.962972 0.916708 0.838783 0.979488 1.07592 0.986624 0.89371 1.00181 0.899368 
1064 0.163003	1.06008 0.993161 0.912961 0.966583 0.982522 1.10841 0.929874 0.881256 1.02507 0.886484 
1065 0.0879229	1.06377 1.06028 1.0317 1.08645 1.0642 0.884228 0.982826 1.04051 0.991327 1.03991 
1066 0.0587799	1.08029 1.08927 1.14005 1.1662 1.04841 0.850509 1.00735 1.22514 0.984771 1.19704 
1067 0.0891578	0.969546 0.991496 0.948094 0.951404 1.04182 0.917643 0.984733 1.01188 0.991114 0.999558 
1070 0.150759	0.96935 0.951209 0.904483 0.96008 0.957783 0.964683 0.928504 0.941141 0.994227 0.934163 
1071 0.0469897	0.826997 0.902315 0.919129 0.890305 0.982485 1.12225 1.00979 0.946328 1.05078 0.903918 
1072 0.231522	1.01069 1.0397 1.07951 1.06681 1.01835 0.896551 0.991116 1.1411 1.01753 1.10078 
1073 0.123103	0.880926 0.952955 0.953806 0.923598 0.958858 1.08941 1.05045 0.974249 1.05567 0.959469 
1074 0.0535977	1.02545 1.05279 1.02767 1.15224 1.04404 0.991179 1.04545 1.02501 1.06848 1.03127 
1075 0.19114	0.928816 0.953058 0.966628 1.02384 1.01171 0.908877 0.962879 0.970275 0.977665 1.00004 
1076 0.120901	1.03056 1.00812 1.07547 0.940136 0.994305 0.954788 1.06439 1.11859 1.02433 1.08744 
1077 0.0819873	1.12573 0.988705 0.962358 1.00907 0.984331 1.23947 1.00385 1.02155 1.09058 0.936055 
1100 0.213826	0.983884 0.972225 0.953548 1.01382 1.00545 1.01972 0.995256 0.997675 0.95848 1.00174 
1101 0.0996136	0.931723 0.914978 0.868109 0.917288 0.961682 1.19188 0.988665 0.883205 1.06794 0.877475 
1102 0.0961786	1.04872 1.00367 0.99557 0.984355 0.938108 1.0191 1.0008 0.994829 1.03151 1.00084 
1103 0.0562473	1.00253 0.974751 1.03153 0.930277 1.049 0.878653 0.997095 1.08211 1.04191 1.05387 
1104 0.0566767	0.973779 0.931306 0.932319 0.886983 1.0022 1.28696 1.0588 0.902731 1.08938 0.915494 
1105 0.137398	1.10522 1.09285 1.08509 0.998653 0.970351 1.10058 1.11032 1.13863 1.00901 1.0625 
1106 0.195363	0.996105 1.05171 1.069 1.05758 1.02859 0.90896 1.03116 1.154 0.984947 1.0911 
1107 0.144697	1.12272 1.05699 1.05524 1.04693 1.05185 1.09913 1.02627 1.05249 1.04647 1.03346 
1110 0.121057	0.922114 0.917486 0.956472 0.955269 0.945614 0.992829 0.966204 0.936668 0.948668 0.925623 
1111 0.200593	0.955182 1.02297 1.0883 0.949206 1.00844 1.12545 1.08295 1.03656 1.03446 1.04522 
1112 0.0638986	1.0317 0.929817 0.93105 0.997992 0.998682 1.24893 0.986629 0.850521 1.06773 0.875577 
1113 0.142626	1.04983 0.949148 0.960658 0.983141 0.986559 1.02447 0.981507 0.949123 1.0201 0.95932 
1114 0.2378	1.08706 1.05799 1.05536 1.09987 0.972904 0.972026 1.03337 1.00022 0.988468 1.01926 
1115 0.0576975	1.12924 1.03536 1.0183 1.14793 1.0356 0.979011 1.00141 1.06827 1.00958 1.05225 
1116 0.0892424	1.10277 1.13678 1.12665 1.09831 1.0536 1.00752 1.10005 1.16423 0.95436 1.17173 
1117 0.0870855	1.06217 1.07692 1.0351 0.993573 1.06433 1.00868 1.05057 1.08056 1.02814 1.07876 
1120 0.130307	0.899328 0.988037 1.00123 0.984429 0.997439 0.915506 0.980598 1.01226 1.02235 0.996153 
1121 0.217057	1.01411 0.940481 0.938759 0.972189 0.969036 1.06125 0.966891 0.896809 1.02493 0.89398 
1122 0.122438	1.08258 1.02281 1.08771 1.06258 1.05113 1.12246 1.0065 1.04451 1.16422 1.04164 
1123 0.189605	1.11833 1.01688 1.04811 1.11246 0.974487 1.06162 0.997679 1.06794 1.05591 1.03964 
1124 0.0695461	0.919247 0.956766 1.07319 1.05357 0.976178 0.833171 0.926874 1.05338 1.03332 1.1313 
1125 0.0541728	0.931472 1.01684 1.12318 0.853941 0.969267 1.04048 1.06369 1.06001 1.16171 1.04397 
1126 0.139275	1.03893 1.03716 1.10355 1.09349 1.04366 0.858021 1.02831 1.12793 0.937412 1.08868 
1127 0.0775988	0.997107 0.964269 0.985671 0.947322 1.052 1.2111 0.980898 0.942361 1.15396 0.916526 
1130 0.171702	0.878515 0.963379 1.03442 0.917366 0.992058 0.923549 1.02822 1.01458 1.00339 1.0081 
1131 0.121592	0.892819 0.93454 0.947199 0.914347 1.024 1.15244 1.04417 0.923645 1.05303 0.9081 
1132 0.103169	1.03966 1.04574 1.00682 1.11692 1.03704 1.11881 1.04797 0.987837 1.04051 0.982246 
1133 0.0626382	1.03494 1.03068 1.02957 1.05086 1.10531 1.04225 1.07264 1.04625 1.05817 1.01438 
1134 0.0817981	0.960974 0.964016 0.968039 1.07808 1.02147 1.10503 1.00833 0.928548 1.02958 0.922658 
1135 0.170965	1.03886 1.09657 1.11868 1.06666 1.01608 0.895633 1.06847 1.11624 0.965396 1.13085 
1136 0.0766396	1.08108 1.05486 1.04533 0.981625 1.07963 1.14655 1.12976 1.0224 1.07462 1.03357 
1137 0.211496	0.992397 0.96667 0.931092 1.06874 0.969093 1.00015 0.984611 0.985178 0.893469 0.957764 
1140 0.201807	1.02888 1.04615 0.988821 1.03903 1.04214 1.10985 1.0547 1.02747 1.02948 1.01315 
1141 0.0807229	1.08559 1.04738 1.02062 1.11259 0.993913 1.03142 0.991542 1.0448 1.00129 1.04741 
1142 0.0481928	1.01838 1.04128 1.09498 1.17934 1.07045 0.93768 1.00368 1.11893 0.980379 1.13601 
1143 0.139157	1.01251 1.03881 1.12127 1.06409 1.06043 1.0056 1.07576 1.15424 1.07322 1.1339 
1144 0.195783	0.932126 0.933399 0.918571 0.955586 0.973781 1.09767 1.01513 0.945401 0.994034 0.931772 
1145 0.0933735	0.946081 0.940605 0.953878 1.04581 0.918948 1.07084 0.955573 0.989063 0.992736 0.999532 
1146 0.193373	0.947817 0.965255 1.03271 0.953136 0.995816 1.01325 0.998192 1.03548 1.06267 1.05229 
1147 0.0475904	0.857976 0.851123 0.884217 0.844448 0.868646 1.27124 0.957409 0.852995 1.05491 0.857847 
1150 0.107258	1.13028 1.01766 1.05913 1.00412 0.946143 1.05159 1.05947 1.06412 0.937859 1.00133 
1151 0.0814516	1.15474 0.969932 1.04086 1.05859 1.04046 1.13528 0.990925 0.963073 1.00146 0.958934 
1152 0.0693548	1.25389 1.07298 1.05516 1.22367 1.09019 0.991378 1.01012 1.07512 0.927676 1.06786 
1153 0.152419	1.06191 1.02953 1.08282 1.11848 1.01489 1.03108 1.00758 1.06471 0.991194 1.02794 
1154 0.0725806	1.10301 1.03006 1.18243 1.08153 1.05974 0.827014 0.997804 1.14974 0.922894 1.16802 
1155 0.15	0.931801 0.912458 0.940467 0.922359 0.940255 1.14032 0.997022 0.935054 0.996939 0.886107 
1156 0.212097	1.06799 1.00349 1.01215 0.964483 1.04376 1.12728 1.02906 1.00642 0.996318 0.969149 
1157 0.154839	1.12033 0.952812 1.08805 0.984648 1.00375 0.889734 1.03373 1.05639 0.923979 1.08624 
1160 0.208991	0.928988 1.01317 1.06637 0.97536 1.00253 0.863179 1.04271 1.07703 0.932521 1.08595 
1161 0.0899149	1.2136 1.13412 1.13209 1.06985 1.09355 0.917788 1.04232 1.12242 0.966098 1.09891 
1162 0.197145	0.894984 0.962668 0.981997 0.891368 0.990623 0.971626 0.960521 0.947174 1.02146 0.955482 
1163 0.0574119	0.877921 0.972593 0.974671 0.921368 0.911923 0.88472 0.983451 1.00177 1.0061 0.962236 
1164 0.141859	1.01468 1.02904 1.01986 1.12897 1.01368 0.901778 0.96545 1.06299 0.931177 1.02554 
1165 0.140644	1.05544 1.02295 1.00512 0.992343 1.043 0.987224 1.00938 0.944122 1.03249 0.959509 
1166 0.108445	0.993919 0.953221 0.910694 0.982477 0.952566 1.0489 0.930679 0.867813 1.04445 0.8881 
1167 0.0555893	0.982543 0.969165 0.919905 1.09811 0.952708 0.903737 0.956861 0.918924 0.901906 0.969033 
1170 0.0796133	1.0493 1.01841 0.971877 0.918858 0.975678 1.3095 1.17001 0.957548 1.13931 0.935187 
1171 0.061416	1.15763 1.04797 1.02841 1.05209 1.10065 1.06803 1.0262 1.03066 1.03807 1.05661 
1172 0.26642	0.947569 0.950203 0.913798 0.997355 0.978306 0.978643 1.00601 0.964038 0.990616 0.936436 
1173 0.140461	1.12328 1.07859 1.06733 1.15614 1.05067 0.997916 1.04183 1.12587 1.034 1.07742 
1174 0.260165	0.936903 0.951293 1.01122 1.03963 1.02198 1.01157 1.00704 1.00462 0.979683 1.02243 
1175 0.060563	1.10581 1.12168 1.17211 1.02249 1.03489 1.04409 1.12593 1.17776 1.09571 1.18379 
1176 0.0713676	0.988606 0.934433 0.986759 0.89628 1.01828 1.10238 1.04071 0.993466 1.08584 0.955462 
1177 0.0599943	1.02183 0.961063 0.92477 0.991043 0.928774 1.2434 1.0648 0.934191 1.05748 0.921617 
BOUNDS
LWPS R    0.0  0.0  0.0  0.0  0.0  0.0  0.0  0.0  0.0  0.0
UWPS R    0.5  0.5  0.5  0.5  0.5  0.5  0.5  0.5  0.5  0.5
LXAS R   -0.5 -0.5 -0.5 -0.5 -0.5 -0.5 -0.5 -0.5 -0.5 -0.5
UXAS R    0.5  0.5  0.5  0.5  0.5  0.5  0.5  0.5  0.5  0.5
END
