NAME moment_estimations_cluster
ASSETS 10
BENCHMARKS 0.1 0.1 0.1 0.1 0.1 0.1 0.1 0.1 0.1 0.1 
COVARIANCES
0 0 0.106097
1 0 0.0088143
1 1 0.00319969
2 0 0.00290241
2 1 0.00301404
2 2 0.0101102
3 0 0.00750432
3 1 0.00070336
3 2 0.00311486
3 3 0.00843225
4 0 -0.00550426
4 1 0.00239836
4 2 0.00666663
4 3 0.00102506
4 4 0.00902183
5 0 0.0176783
5 1 0.0034153
5 2 0.00592841
5 3 0.00271308
5 4 0.00188102
5 5 0.00956246
6 0 0.0193396
6 1 0.00456865
6 2 0.00824174
6 3 0.00430735
6 4 0.00656056
6 5 0.00751813
6 6 0.0143631
7 0 0.0184479
7 1 0.00117326
7 2 0.00184234
7 3 0.00589689
7 4 -0.00666901
7 5 0.00401991
7 6 -0.00055432
7 7 0.0287129
8 0 -0.0121129
8 1 0.00499429
8 2 0.0167496
8 3 0.00146755
8 4 0.0195833
8 5 0.00503331
8 6 0.0164338
8 7 -0.0162741
8 8 0.0481287
9 0 0.0045846
9 1 0.0034132
9 2 0.00718522
9 3 0.00204029
9 4 0.00706864
9 5 0.00305599
9 6 0.00808052
9 7 -0.000785634
9 8 0.0167944
9 9 0.00893224
SCENARIOS
0 0.39206	1.16926 1.04064 1.07749 1.0411 1.06629 1.07694 1.13634 1.04536 1.16191 1.08856 
1 0.60794	0.852966 0.981836 0.969082 0.977628 0.969116 0.956768 0.941396 1.01033 0.937528 0.951823 
00 0.703795	1.20392 0.95352 1.08538 0.991494 0.976403 0.999291 1.04644 1.02769 1.18029 1.07048 
01 0.296205	0.838063 0.962055 0.867899 1.00423 0.963789 0.893759 0.864512 0.973376 0.843288 0.892819 
10 0.409662	1.26368 0.991696 0.925039 0.995013 0.899151 0.947532 0.943424 1.15716 0.803746 0.983032 
11 0.590338	1.09001 0.978871 1.03877 0.943504 1.05311 0.97477 1.05994 0.855869 1.18645 1.04199 
000 0.155329	0.90805 1.2567 1.16878 1.05927 1.30404 1.07063 1.23492 0.897122 1.50845 1.22386 
001 0.129236	1.34872 1.09622 1.0629 1.13559 1.02267 1.28605 1.14599 1.06881 1.00793 1.01451 
002 0.078172	1.60437 1.09703 0.876899 1.17701 0.903797 1.09834 0.909396 1.45648 0.602843 0.991275 
003 0.0956764	0.543895 1.06823 1.00679 0.912136 1.27439 0.915005 0.998467 0.635252 1.45574 1.14568 
004 0.0730982	2.56177 1.07122 0.937337 1.12437 0.917124 1.11012 1.09515 1.12835 0.760459 0.925451 
005 0.220128	0.707376 1.04668 0.920794 0.879152 1.00257 0.92209 0.854531 0.900713 0.868182 0.910218 
006 0.186025	1.04226 1.13075 0.929915 1.03497 0.99608 1.0736 0.947693 1.05954 0.781885 0.973032 
007 0.0623347	0.81707 1.0596 1.00312 1.1465 1.09261 1.08225 0.8935 1.18668 0.972536 0.978268 
010 0.113063	0.802971 0.939522 0.978332 0.975705 1.01354 0.932603 0.963081 0.877604 1.08189 1.05628 
011 0.153277	1.02539 1.00376 1.0352 0.947626 1.02724 0.990139 1.04838 0.821926 1.30012 1.14031 
012 0.0684578	0.533042 0.940025 1.07768 0.937379 0.972936 0.917687 0.841539 1.15051 0.94668 1.00946 
013 0.0687161	0.682869 0.954967 1.25239 0.994559 1.05101 1.03078 1.10719 1.03675 1.37375 1.22165 
014 0.212176	1.62935 1.06019 1.04914 0.94239 0.887317 1.11226 1.13817 1.11857 0.95886 1.04827 
015 0.190562	1.14873 0.975243 0.951367 0.971105 0.788709 0.998236 0.950419 1.4255 0.623906 0.92903 
016 0.0535607	0.689209 0.98556 1.28561 0.898254 1.20558 1.08458 1.28662 0.792104 1.76571 1.19079 
017 0.140188	0.872309 0.898409 0.983231 0.878113 0.893058 0.999491 0.882425 0.827206 0.876069 0.896077 
100 0.0956434	0.941843 0.977522 0.848605 0.859722 0.949146 0.838984 0.851152 0.891437 0.811073 0.902271 
101 0.159767	0.955973 1.00083 1.04756 0.927384 0.996472 1.09745 1.00919 0.887221 1.03112 0.989377 
102 0.133989	0.603298 0.981289 1.103 1.07266 1.15446 0.99856 1.00048 0.810405 1.38807 1.03256 
103 0.115639	1.02104 1.00412 0.951078 1.15467 0.912751 1.07932 1.01027 1.10208 0.807167 0.994413 
104 0.197149	1.38924 1.03692 1.24025 1.10065 1.01324 1.20974 1.14953 1.37508 1.03106 1.10912 
105 0.0468179	1.55188 0.931209 0.876569 1.01388 0.823481 0.985226 0.85287 1.19758 0.595155 0.830795 
106 0.11058	2.1402 1.13377 0.947483 0.970184 1.01974 1.15446 1.16088 0.896162 0.916841 0.980793 
107 0.140414	0.44656 0.856564 0.946547 0.937123 0.937764 0.958619 0.791864 0.82372 0.899609 0.860141 
110 0.169105	0.688292 0.964902 0.909193 1.07612 0.938204 0.921368 0.903338 1.12165 0.847994 0.91139 
111 0.0451949	2.29153 1.22701 1.1419 1.13276 0.999205 1.29339 1.35735 1.27083 1.05822 1.16221 
112 0.0560339	1.53686 1.04935 0.957265 1.13918 0.887736 1.17418 1.0513 1.39413 0.749907 0.961649 
113 0.158907	0.606749 1.15129 1.19387 1.0607 1.19772 1.08927 1.15836 1.02728 1.55028 1.24991 
114 0.12143	0.914628 1.07693 1.0134 0.995543 0.9532 1.18558 0.951294 1.24984 0.904484 1.00916 
115 0.0877985	1.27706 0.995035 1.11454 1.23321 1.02193 1.19178 1.18119 1.21593 1.06725 1.117 
116 0.141715	0.835711 1.04789 1.0329 1.09409 1.09463 1.02275 1.04892 1.00331 1.17653 1.07831 
117 0.219817	0.924476 0.964206 0.859413 1.01215 0.994747 0.924775 0.846668 0.931437 0.881179 0.982005 
0000 0.080028	1.33914 0.9521 1.02712 1.04996 1.16171 1.01017 1.02149 1.13388 1.12768 1.07518 
0001 0.320345	0.815876 0.917671 1.04569 1.01389 1.08618 0.95921 1.09474 0.852637 1.32115 1.00971 
0002 0.155156	1.57805 0.84109 0.911115 0.936934 0.931328 1.0395 1.12065 0.927316 0.892789 0.996464 
0003 0.101727	0.587637 0.782549 0.964949 1.0256 0.927096 1.03697 0.754425 0.924446 0.819146 0.774381 
0004 0.0769949	0.619469 0.881949 1.00356 1.0164 0.8991 0.936244 0.868271 1.0263 0.960804 0.905757 
0005 0.109193	0.994644 0.873069 0.867116 1.02198 0.875963 0.898605 0.840499 1.33843 0.723412 0.905686 
0006 0.0912273	1.52917 1.04609 1.10379 1.03952 0.967261 1.23304 1.12363 1.39424 0.995859 0.942565 
0007 0.065329	0.488483 0.884561 1.00705 0.922596 1.0886 0.814244 0.746065 0.862639 1.18197 0.976417 
0010 0.159843	0.761805 1.13739 0.912665 0.840876 0.961973 0.826853 0.781691 1.11386 0.754183 0.9296 
0011 0.0591699	0.736599 1.03029 0.98106 0.909633 1.18685 0.919122 0.984385 0.898028 1.09459 0.955923 
0012 0.106842	1.19577 1.13412 1.0254 1.00032 1.08395 1.05252 1.12904 0.750279 1.01019 0.992423 
0013 0.132081	1.03598 1.05791 1.0688 0.975774 1.24229 1.05552 1.18203 0.879477 1.51144 1.12292 
0014 0.190129	1.69294 1.07949 0.952052 0.982257 0.98291 0.960959 0.945129 0.968515 0.953299 0.995161 
0015 0.168817	0.88614 1.06861 1.08781 1.12763 1.17309 0.936021 1.02288 1.16735 1.15976 1.12552 
0016 0.0832866	0.775339 1.01371 0.93204 0.906401 1.06943 0.765358 0.915177 0.687096 1.05597 0.9741 
0017 0.0998317	0.977714 1.03522 1.02213 1.01052 1.0281 1.08975 0.998436 1.10393 0.836132 0.900882 
0020 0.0635141	0.426603 0.890249 1.10495 0.895727 1.01791 0.869893 0.940659 0.907155 1.16049 0.870843 
0021 0.119611	1.20713 1.06112 1.20692 1.07281 1.26063 1.04076 1.31807 0.942524 1.5124 1.11594 
0022 0.123783	0.711965 0.872462 0.917771 0.7265 0.888116 0.825996 0.781909 0.832799 0.811929 0.76938 
0023 0.175707	1.72699 0.934052 1.035 0.893687 0.918811 0.987009 1.09233 1.11916 0.902697 0.869086 
0024 0.127028	0.891289 0.96079 1.03256 1.04523 0.833519 1.0379 0.940142 1.435 0.776866 0.845762 
0025 0.0598053	1.21202 0.918394 0.805668 1.00264 0.796813 0.991124 0.883679 0.990566 0.641922 0.820661 
0026 0.267038	0.965695 0.914405 0.959353 0.885604 0.968074 0.965875 0.996306 0.843477 1.03485 0.900298 
0027 0.0635141	1.08476 0.844901 1.15544 1.03554 0.93657 1.08408 1.06726 1.48818 1.02173 0.875878 
0030 0.0560606	0.552705 0.89479 0.898875 0.834574 1.02706 0.841688 0.864682 0.898403 0.962362 0.855608 
0031 0.0636364	0.634761 0.981665 1.02871 0.981262 1.07195 1.03782 0.875416 1.13273 1.06918 0.945322 
0032 0.12803	0.865637 0.960908 0.935097 0.908656 0.906544 0.999702 0.879541 1.10803 0.866454 0.840009 
0033 0.159091	1.09648 0.956539 1.06629 1.02973 1.02286 1.07556 0.964683 1.07206 1.02982 0.928641 
0034 0.107197	1.54324 1.00703 1.02209 1.14662 0.990767 1.08038 1.17377 1.09372 0.982805 0.947453 
0035 0.233712	0.672236 0.963242 1.08791 0.920282 1.10937 1.02814 1.16384 0.812596 1.3448 0.916374 
0036 0.143182	0.640916 0.946419 0.853219 0.957687 0.865643 1.00211 0.826937 1.02364 0.66003 0.758101 
0037 0.109091	1.54476 1.05592 0.93542 1.06799 0.865132 1.13233 0.977082 1.31785 0.717152 0.867809 
0040 0.263758	0.894974 1.05421 0.884978 0.840916 0.902468 1.04393 0.965766 1.18071 0.800416 0.894112 
0041 0.0827962	0.974265 1.09829 1.18854 1.02398 1.19664 1.27699 1.19119 1.26796 1.2363 1.02823 
0042 0.0535449	2.22177 1.0375 1.11098 0.990358 0.970834 1.23313 1.30461 1.11457 0.944185 1.02174 
0043 0.105602	1.40586 1.14401 1.0149 1.01476 1.05462 1.08508 1.08663 1.0594 0.949238 1.05134 
0044 0.226078	0.618454 1.05635 0.948763 0.899665 1.04836 0.967593 0.863394 0.891259 0.814437 1.013 
0045 0.123451	0.757333 1.09533 1.18631 1.12043 1.18086 1.17749 1.11849 0.810285 1.39652 1.13095 
0046 0.0917204	1.50965 1.05487 0.868031 1.00582 0.877011 1.05592 0.958399 1.32988 0.72769 0.867613 
0047 0.0530491	1.24188 1.13309 1.2425 0.802752 1.38465 1.23606 1.41468 0.972419 1.65429 1.24762 
0050 0.150642	0.603742 0.923286 1.10614 1.0596 1.06067 1.00104 0.965997 0.958511 1.1733 1.05419 
0051 0.245637	1.17158 0.876755 0.832627 0.955563 0.928656 0.933875 0.877107 0.909331 0.82491 0.876529 
0052 0.0880803	1.41838 0.957836 0.937816 1.06818 1.00509 0.981611 1.15097 0.79494 1.13732 1.11158 
0053 0.101087	0.476131 0.86455 1.09856 0.989347 1.07126 1.00206 0.920959 0.992294 1.12795 0.935114 
0054 0.129733	1.12831 0.997693 0.915196 1.04757 0.932028 1.138 0.894035 1.53369 0.648197 0.86208 
0055 0.127099	1.13339 0.915336 1.00289 1.21383 1.01299 1.09832 1.07853 1.12631 0.90327 1.00444 
0056 0.0814949	0.786654 1.04185 1.1279 1.11906 1.27111 1.01223 1.07848 0.766611 1.7257 1.24174 
0057 0.0762265	0.866099 1.06379 1.07905 1.09448 1.06192 1.06337 1.23041 0.932697 1.37073 1.13932 
0060 0.13871	1.19895 1.00777 1.14024 1.02973 1.19285 1.09781 1.28089 1.14234 1.40519 1.05968 
0061 0.0820183	0.69181 0.982299 1.16267 1.11806 1.1618 1.04315 1.02182 1.02245 1.28166 1.06322 
0062 0.0551335	0.851619 0.967848 1.14886 0.883795 1.12082 0.851488 1.0737 1.22918 1.19203 1.09814 
0063 0.147867	1.20127 0.918191 1.01904 1.19856 0.917544 1.12813 0.981059 1.25459 0.842701 0.890756 
0064 0.133061	1.0684 1.02101 0.985887 0.9913 1.16687 0.928614 1.22626 0.669259 1.32401 1.14081 
0065 0.214884	0.995143 0.878564 0.883345 0.938095 0.880314 0.891576 0.966153 0.803749 0.800941 0.838423 
0066 0.12819	0.905513 1.04911 0.975785 1.00246 0.98185 0.956325 0.948868 1.28107 0.817945 0.893945 
0067 0.100136	1.29798 0.886215 0.992429 0.988682 0.9969 0.963934 1.10282 0.927181 0.984073 0.885834 
0070 0.0953488	0.64485 1.00395 1.16641 0.956263 0.996589 0.909683 0.972414 1.23779 1.00491 1.01053 
0071 0.147674	1.72929 0.961578 0.849642 0.96598 0.804651 0.915046 0.89348 1.0131 0.728469 0.904956 
0072 0.210465	0.817376 0.902484 0.907646 1.00259 0.953129 0.873104 0.892952 0.788202 0.917594 0.93016 
0073 0.0459302	1.0813 1.01329 1.02135 1.22486 1.13255 0.947311 1.16274 0.789132 1.16091 1.0425 
0074 0.195349	1.01455 0.893207 1.08734 1.0492 0.914237 0.950284 1.06627 1.17558 0.921045 1.08596 
0075 0.177907	0.844699 1.0682 1.0972 0.980479 1.13257 0.89492 1.16415 0.803627 1.42865 1.10904 
0076 0.0540698	1.16692 1.00504 0.990757 1.13983 0.952376 0.893512 1.10244 1.3046 0.777597 0.99615 
0077 0.0732558	0.597992 0.921375 1.05917 1.00292 0.984483 0.84469 1.08024 0.729677 1.1909 0.962238 
0100 0.119573	0.902087 1.08354 1.09631 1.0387 1.18972 0.92137 1.06621 0.79601 1.52405 1.15306 
0101 0.0502666	1.06069 1.13595 1.01256 1.08933 1.06966 0.997427 1.22701 0.846153 1.09833 0.984417 
0102 0.0738766	2.29137 1.19485 0.843225 0.936208 0.907817 1.05718 1.1066 1.0619 0.74725 0.974827 
0103 0.244478	1.03137 1.06002 0.999138 0.949587 1.02926 1.10232 1.12491 0.857156 1.06143 0.964121 
0104 0.126428	0.858787 1.02344 0.840836 0.866857 0.854705 0.965601 0.973387 0.676444 0.861728 0.862728 
0105 0.0746382	1.19316 0.965521 0.990122 1.1607 0.921194 1.07089 1.08488 1.05728 0.799791 0.878924 
0106 0.192688	0.720843 0.868541 1.01626 0.90146 0.962993 0.806463 0.869096 0.88591 1.03753 0.858723 
0107 0.11805	0.885629 0.922174 0.883589 1.14334 0.772854 0.949581 0.954083 1.25862 0.731646 0.894592 
0110 0.190449	1.4688 1.01158 1.13266 1.03105 0.960531 1.10322 1.08258 1.34911 0.858258 0.971804 
0111 0.189326	0.696342 0.930696 1.05945 1.04392 1.10928 1.02967 1.10146 0.902649 1.21882 0.967094 
0112 0.134831	0.732014 0.990028 1.25788 0.864156 1.18603 1.00419 1.08506 0.897637 1.50382 1.1415 
0113 0.0651685	0.572276 0.962212 0.946269 0.767892 1.01584 0.98515 0.984861 0.650041 1.03954 0.87116 
0114 0.183146	1.03034 1.02777 1.03268 0.952981 1.06279 1.08396 1.05329 1.04842 0.958846 0.93021 
0115 0.0848315	1.44862 0.936441 0.934381 0.983791 0.912164 1.15322 0.974745 0.900855 0.668912 0.800973 
0116 0.105618	0.775627 1.0622 0.97427 0.969535 1.05497 0.925089 1.00938 0.882691 0.935603 0.904226 
0117 0.0466292	0.606594 1.0135 1.1449 0.923483 1.01451 0.961577 0.894494 1.14406 1.0147 0.926171 
0120 0.222642	1.57007 0.940211 0.98627 1.16212 0.902498 1.08165 1.02221 1.22466 0.945184 0.913209 
0121 0.118239	0.983137 1.11649 1.01723 0.939807 1.0464 0.982329 0.927558 0.918596 1.08676 0.976736 
0122 0.0930818	0.55276 0.93275 0.895996 0.964521 0.776208 1.02089 0.763243 0.977911 0.803055 0.832238 
0123 0.0855346	1.29579 1.02789 0.952533 1.04157 0.878692 1.02622 0.901633 1.13652 0.803441 1.0372 
0124 0.109434	1.34695 1.02298 0.87986 1.01767 0.917046 1.04116 0.980453 0.875931 0.944159 0.918677 
0125 0.212579	1.31203 1.01752 1.16231 1.26065 1.10689 1.13258 1.27791 1.06891 1.18742 1.08558 
0126 0.0918239	1.01828 1.05455 1.10919 1.11304 1.15151 0.952486 1.20456 0.833134 1.36238 1.10799 
0127 0.0666667	1.41817 0.9722 0.872302 1.04816 0.823231 1.02154 0.968091 0.943072 0.730707 0.872398 
0130 0.0789474	0.747545 1.02951 1.08978 1.00647 1.02673 1.14153 0.963863 1.17536 0.996266 0.914628 
0131 0.0576441	2.21485 1.17282 0.906988 1.02138 0.938568 1.12523 1.12218 1.05432 0.876836 1.00198 
0132 0.270677	1.04031 1.01666 0.862501 1.05494 0.970914 0.86861 0.912305 0.900293 0.909569 0.85514 
0133 0.171679	1.0533 1.04959 1.02101 1.02454 1.09391 1.11173 1.22866 0.808135 1.26012 0.953129 
0134 0.110276	0.961104 0.983491 1.18033 1.08591 1.1471 1.01368 1.04013 0.865079 1.50486 0.94046 
0135 0.136591	1.12616 1.08473 0.930963 1.13545 0.922763 0.969457 0.920439 1.40288 0.702415 0.861311 
0136 0.10401	1.25824 1.17661 1.0437 0.972245 1.11479 1.07291 1.06842 0.998214 1.25699 0.971066 
0137 0.0701754	1.35727 1.00952 0.998167 1.04279 1.00398 0.995695 0.97275 1.06616 1.06276 0.982219 
0140 0.114854	1.13218 0.917028 0.880519 1.09179 0.968585 0.945164 0.944449 0.938449 0.843595 0.898492 
0141 0.121753	0.664004 0.983785 0.846597 1.07452 1.00463 0.885729 0.801622 0.927756 0.857727 0.899116 
0142 0.137581	0.732495 0.987416 1.04386 1.12947 1.03868 0.979225 0.839403 1.23156 0.864348 1.03522 
0143 0.0637175	1.99439 0.95272 0.930474 1.07316 0.845183 1.01843 0.901678 1.04844 0.670699 0.825207 
0144 0.0758929	0.519906 0.951369 1.13813 0.939702 1.16085 0.98027 1.01828 0.811615 1.3818 1.07033 
0145 0.199675	1.516 1.0279 1.13296 1.18713 1.12043 1.05269 1.21253 1.07469 1.0746 1.11294 
0146 0.0836039	0.920198 1.00098 1.3528 1.25461 1.19339 1.21034 1.29604 1.13546 1.51294 1.23282 
0147 0.202922	0.719273 0.989221 1.13806 1.03337 1.10153 1.04005 0.933322 0.863107 1.09354 0.998081 
0150 0.137822	1.22294 1.07537 1.10521 1.08332 1.04792 1.07503 1.14019 1.41231 1.05969 1.09476 
0151 0.224582	1.0438 0.914985 1.08265 1.01143 1.07298 1.00658 1.02532 0.835522 1.42031 1.19157 
0152 0.108902	1.02669 1.00954 0.823051 0.94312 0.897511 0.956659 0.745291 1.00282 0.711192 0.828532 
0153 0.208766	0.802012 0.923706 0.993786 1.1014 1.02327 1.00913 0.92867 0.990358 1.12328 0.929304 
0154 0.0564844	0.616833 0.947148 0.893692 0.825921 0.973693 0.888074 0.763576 0.643404 0.9583 0.819862 
0155 0.0845007	1.15587 0.931945 0.860234 0.850901 1.03087 0.961584 0.960762 0.771415 0.933322 0.904005 
0156 0.046995	2.43584 1.11824 1.17218 1.2307 1.13179 1.35379 1.28163 1.08628 1.27665 1.23349 
0157 0.131948	2.0532 1.04021 0.957439 0.996624 0.977384 1.02091 1.04375 0.986307 0.961067 1.00209 
0160 0.0643087	1.41976 1.07931 1.17397 1.05164 1.06942 1.13198 1.21494 1.18903 1.23837 1.14104 
0161 0.12701	0.69723 1.0552 0.745833 0.920041 1.01246 0.772945 0.789475 0.67935 1.03865 0.994526 
0162 0.300643	0.855146 0.933533 0.902378 1.04007 0.955185 0.853067 0.940117 0.943567 0.8766 0.898459 
0163 0.0996785	0.758089 1.12915 1.12995 0.849708 1.25599 0.944325 0.929065 0.830665 1.46757 1.21955 
0164 0.0980707	1.31078 1.12213 0.96894 1.28702 1.11287 0.984011 1.0962 0.830372 1.11481 1.07482 
0165 0.114148	1.51097 1.12068 1.06695 1.21386 0.935875 1.15398 1.01063 1.28892 0.797009 0.931076 
0166 0.122186	2.85861 1.18259 0.858 0.889419 0.859778 1.1131 1.08389 1.25043 0.747091 0.949413 
0167 0.073955	1.29486 1.01445 0.981933 1.212 1.15654 1.01513 1.11714 0.781575 1.30467 1.16737 
0170 0.242629	0.880393 1.09489 1.03627 0.928021 1.14238 1.04864 1.09878 0.895997 1.29369 1.08115 
0171 0.0608108	0.627395 1.01604 0.888428 0.834933 1.06194 0.813058 0.773308 0.897351 0.968857 1.02186 
0172 0.202088	1.33111 1.02887 0.849657 0.974814 0.923808 0.935583 0.913197 1.18837 0.80014 0.879684 
0173 0.0546683	0.641345 1.00024 0.802767 0.898877 0.952685 0.809417 0.842377 0.887897 0.7472 0.811303 
0174 0.0810811	0.443282 1.1098 1.2309 0.968629 1.20278 0.851795 0.976458 0.911192 1.61045 1.18047 
0175 0.0853808	0.495303 0.992624 1.017 0.957103 1.13445 0.886341 0.993581 0.827863 1.35978 1.12419 
0176 0.183047	1.4774 1.06663 0.983801 1.03885 1.01327 1.09696 1.06421 1.30994 0.99197 1.05154 
0177 0.0902948	0.700355 1.09123 0.99704 1.1304 0.980797 0.97898 0.922271 1.1594 0.979623 0.954129 
1000 0.0965575	1.24749 0.971535 1.08415 1.15205 1.04151 1.10122 1.03337 1.0119 1.10147 0.916319 
1001 0.191016	0.633055 0.95792 0.911324 1.03455 0.980992 0.953117 0.958291 0.972111 0.987426 0.976543 
1002 0.0449202	0.977833 1.02361 1.16372 1.23972 1.16119 1.31124 1.20759 1.30217 1.30689 1.22719 
1003 0.218304	0.835179 0.95377 0.974695 1.11664 0.935769 0.99807 0.8834 1.2917 0.732007 0.875028 
1004 0.0642317	0.86166 0.939343 1.08199 1.31608 1.017 1.11711 1.2579 0.996405 1.07931 1.00742 
1005 0.177582	1.33981 0.979788 0.899502 0.979293 0.868149 1.02436 0.960905 0.937801 0.824849 0.900297 
1006 0.106213	1.15023 0.919435 1.00798 1.14826 1.05497 1.1356 1.29096 0.819227 1.40745 1.16151 
1007 0.101175	0.786278 0.942503 1.10597 0.94678 1.1145 1.20507 1.02603 0.744266 1.42176 1.08199 
1010 0.124906	0.855332 0.980253 0.890652 0.940537 0.961731 0.951395 0.844097 0.921491 0.859267 0.947761 
1011 0.0686102	1.08586 0.954666 0.845891 0.983202 0.886501 0.997353 0.890913 1.10116 0.674651 0.847221 
1012 0.154813	0.708019 0.982626 0.944352 0.963193 1.06777 0.904287 0.8776 1.01664 1.18997 0.96957 
1013 0.133953	1.41428 1.12809 0.923634 1.03488 1.10533 1.16554 1.14599 0.807089 0.9875 0.966114 
1014 0.111083	0.72124 1.13512 0.920283 1.06741 0.971225 0.978193 0.855128 1.46644 0.727274 0.885595 
1015 0.0751445	0.97144 1.03565 1.25312 1.04269 1.25992 1.08462 1.24007 0.754984 1.62999 1.16395 
1016 0.249309	1.12214 1.04699 1.0354 1.07613 1.11103 1.12716 1.05757 1.12649 1.13329 1.00012 
1017 0.0821815	0.709494 0.982989 1.20664 1.14579 1.07709 0.990682 1.03541 1.24235 1.27799 1.12298 
1020 0.296374	1.51264 1.00841 0.87513 0.951863 0.922936 1.02456 1.06176 0.977954 0.811431 1.07631 
1021 0.12766	0.59232 0.921092 0.875568 0.838099 0.967568 0.953639 0.802089 0.823388 0.885594 0.933256 
1022 0.0713215	0.937152 0.895751 1.16289 0.974992 1.01263 1.14446 1.16552 1.13164 1.17456 1.06956 
1023 0.0701229	0.899033 0.991385 1.06916 1.03604 1.03178 1.09834 1.01044 1.46987 0.908435 1.05737 
1024 0.0946958	0.5241 0.981075 1.04716 0.934178 1.07931 0.987775 0.992549 1.05644 1.12123 1.02637 
1025 0.100989	1.18078 1.02525 0.970797 0.825229 1.07087 0.986696 1.06572 0.785871 1.21751 1.06779 
1026 0.116871	1.00974 0.932187 0.793835 0.943003 0.791507 0.844673 0.898777 1.11977 0.61124 0.872211 
1027 0.121966	1.50649 1.11386 1.21103 1.18393 1.25339 1.16934 1.29726 0.925037 1.50366 1.16005 
1030 0.172917	0.779317 1.02007 0.894705 0.936958 0.886638 0.836551 0.743573 1.13135 0.741207 0.790786 
1031 0.0628472	1.98263 1.00523 0.978843 1.02991 1.01505 1.03571 1.17956 0.900865 1.20021 1.0048 
1032 0.09375	0.955657 0.918034 1.20244 1.05441 1.19823 1.00919 1.07199 1.00629 1.22788 0.936127 
1033 0.211111	1.28892 0.877283 0.958906 1.05427 0.920878 0.955927 1.00367 0.881573 0.927158 0.874706 
1034 0.182292	1.09469 0.959424 1.00609 0.993163 1.18174 1.03114 1.18665 0.763533 1.42342 0.917562 
1035 0.0454861	1.99331 1.00289 0.989188 1.04093 0.903751 1.0246 1.07047 1.35778 0.800817 0.901112 
1036 0.163542	0.858535 0.865374 1.01202 0.887715 1.0456 0.847299 0.898338 0.977131 1.05269 0.858337 
1037 0.0680556	0.661614 0.92646 1.14857 1.12665 1.11445 0.904739 1.03408 1.27435 1.22885 1.07551 
1040 0.179633	0.724386 0.939191 0.845702 0.971215 0.885203 0.978449 0.753232 1.18349 0.738676 0.856839 
1041 0.147251	1.99775 1.08908 0.999626 1.19291 1.02466 1.10258 1.20694 1.20838 0.96425 0.91815 
1042 0.0733198	0.457155 0.924317 1.04764 1.07684 1.01684 1.00442 0.889223 1.10847 0.945889 0.880855 
1043 0.188391	0.733485 1.18967 1.05344 1.05414 1.21737 1.10626 1.16109 0.781627 1.58243 1.11565 
1044 0.176986	1.29327 1.01687 0.871315 1.056 0.941771 1.04606 1.06101 0.796218 0.978066 0.901239 
1045 0.0873727	0.578194 1.05111 0.842406 0.846028 0.950079 0.949323 0.849573 0.917759 0.863973 0.839708 
1046 0.0928717	0.600003 1.02528 1.02544 1.05993 1.16126 0.985226 1.03089 0.962801 1.31483 1.02341 
1047 0.0541752	1.08626 0.939138 0.894761 1.0687 0.9765 1.12708 0.910935 0.990427 0.872338 0.794634 
1050 0.0909091	0.576798 0.852813 0.943278 0.869187 1.05073 0.909185 0.87688 0.779238 1.03892 0.87017 
1051 0.101201	1.75639 1.0354 0.914694 0.95335 0.956309 1.21252 1.08587 0.996772 0.946975 1.06448 
1052 0.0797599	0.790734 1.03502 1.21772 1.04035 1.09238 1.19318 1.12232 0.937441 1.30348 1.07053 
1053 0.0797599	0.913654 0.994547 0.909534 0.994571 0.879537 0.942498 1.00564 1.61045 0.790941 0.914522 
1054 0.132075	1.00217 1.0253 1.10462 0.938082 0.947381 1.12407 1.08067 1.12404 1.08865 1.00581 
1055 0.0728988	1.27077 1.1096 1.24533 1.1102 1.15101 1.40295 1.3648 1.126 1.34997 1.13908 
1056 0.143225	0.908364 0.992445 0.932982 0.904756 0.936126 1.01066 1.01752 0.740642 0.935812 0.902883 
1057 0.300172	0.696775 0.956779 0.862493 0.932837 0.861793 0.893528 0.871955 1.10765 0.819662 0.895315 
1060 0.161583	0.862348 0.997712 1.08077 0.97672 1.05385 0.987765 1.0348 0.911765 1.22516 1.1241 
1061 0.0755265	0.581261 0.858658 1.06027 0.988213 1.04415 0.903339 0.93639 0.826127 1.09266 0.953006 
1062 0.0689906	2.22108 0.996047 0.902066 1.10546 0.811317 1.24104 1.00219 1.31823 0.652317 1.01217 
1063 0.108932	1.62696 0.964574 1.1873 1.04086 1.01843 1.21533 1.18449 1.08589 1.36112 1.15202 
1064 0.087146	0.711116 0.883219 1.03983 1.14555 0.955316 0.966787 0.892733 1.01594 0.990627 0.904946 
1065 0.139434	1.10774 0.994587 1.17179 1.1357 1.06771 1.09987 1.19493 0.94093 1.35209 1.18447 
1066 0.149601	0.754836 0.855244 0.805072 0.996241 0.810583 0.88707 0.756991 0.819969 0.734458 0.848359 
1067 0.208787	0.971736 0.916943 0.908888 1.03891 0.859646 0.950799 0.855523 1.24195 0.797753 0.970976 
1070 0.0757792	0.967744 1.0343 0.776565 0.93966 0.960217 0.769923 0.910794 0.731454 0.948195 0.926524 
1071 0.0837861	0.839447 1.02362 1.13219 1.0444 1.19061 0.999542 1.04632 1.19945 1.21413 0.977678 
1072 0.14298	1.54879 1.00624 1.10833 1.02569 1.09194 1.19549 1.27859 0.888581 1.35576 0.964208 
1073 0.100086	1.84883 0.897081 1.08814 1.23379 1.0045 1.07246 1.22312 1.2256 1.15974 1.05333 
1074 0.118101	1.12697 0.963786 0.849293 1.1276 0.847714 0.919158 0.905225 0.989279 0.749375 0.776341 
1075 0.155562	1.59972 0.950479 0.934773 0.944945 0.923328 0.970842 0.934711 1.36663 0.856154 0.924619 
1076 0.130397	1.37667 1.09026 0.875824 0.954962 1.04268 0.944552 1.0305 0.900192 1.03749 0.950173 
1077 0.193309	0.694357 1.06223 0.974709 0.939557 1.10165 0.899992 1.02164 0.885316 1.19831 1.06019 
1100 0.0782666	1.39281 1.11707 1.22328 1.12504 1.12241 1.15284 1.25502 0.909058 1.40104 1.29877 
1101 0.164772	0.914067 0.899953 0.832534 0.920856 0.898463 0.932533 0.80471 0.823625 0.730419 0.84617 
1102 0.0919427	0.864607 0.979354 1.14678 1.10897 1.0106 1.03696 1.03232 1.0781 1.22908 1.06235 
1103 0.241885	0.717426 1.00031 1.04291 0.996074 1.04796 0.98468 0.957577 1.01853 1.02401 0.973155 
1104 0.0565167	1.24791 1.01799 1.05105 1.19935 1.12347 1.09851 1.05838 0.800441 1.17195 1.14031 
1105 0.164277	1.53628 1.0137 0.934703 1.05889 0.926382 1.12261 1.07126 0.852577 0.894184 1.04255 
1106 0.121107	1.02556 0.910196 0.98718 1.1526 0.875855 1.08381 0.944525 1.42362 0.716428 0.966004 
1107 0.0812325	0.609903 1.04071 1.15997 1.06704 1.2417 1.03227 1.10943 0.709834 1.52501 1.15815 
1110 0.0826141	0.96772 0.867741 0.72015 0.967011 0.923198 0.748623 0.89028 0.718735 0.744001 0.875387 
1111 0.110358	2.09183 0.97387 0.952656 0.949537 1.03264 0.946473 1.09592 1.02284 0.97439 0.993235 
1112 0.0690506	0.641397 0.880572 0.846932 0.951116 0.901005 0.880649 0.816401 0.861786 0.778307 0.931352 
1113 0.0659679	0.774037 0.994929 1.24164 1.21798 1.11441 1.04676 1.0209 1.44203 1.04995 1.07605 
1114 0.228113	1.34348 0.886879 0.94005 1.06631 0.986986 0.912202 0.942541 1.17995 0.799824 0.924504 
1115 0.191122	1.00108 1.03254 1.02421 0.904267 1.08069 1.02058 0.964132 0.912408 1.02531 1.03958 
1116 0.106042	0.825757 0.958325 1.26303 1.0927 1.25876 1.1197 1.23272 0.888501 1.63245 1.11754 
1117 0.146732	0.915875 0.932438 0.97822 1.14985 1.20573 0.943777 0.936509 0.745237 1.20128 1.09207 
1120 0.0815515	0.890221 1.10751 0.945398 0.900027 0.962324 0.944394 0.802002 1.38568 0.729713 0.930116 
1121 0.209846	1.19757 1.01368 0.862347 0.927353 0.865196 0.987726 0.880122 0.947368 0.724859 0.799735 
1122 0.0666335	1.46575 1.02749 1.07663 1.14514 0.966141 1.05808 0.990487 1.64521 0.84032 1.08448 
1123 0.178021	0.760304 1.16808 1.12497 0.960333 1.02212 1.14574 1.07793 1.19122 1.09514 1.02334 
1124 0.0566882	0.674186 1.10956 1.23037 1.0485 1.33957 0.988994 1.2046 1.04149 1.61101 1.1947 
1125 0.11089	2.03783 1.19807 1.00233 0.928031 1.00037 1.1998 1.18894 1.03473 0.932399 1.10323 
1126 0.196917	0.844396 0.982254 1.01306 0.929011 0.987844 0.895153 0.904606 0.843956 1.05437 1.06208 
1127 0.099453	1.33662 1.12181 1.03774 0.938045 1.12351 1.04614 1.11209 0.873919 1.36666 1.14351 
1130 0.0671576	0.735546 0.956745 1.06858 1.04105 1.18977 0.965184 0.992207 0.645412 1.51213 1.07187 
1131 0.111871	1.39405 1.00544 1.02327 1.08598 1.1224 1.09671 1.04257 0.815285 1.20881 1.08828 
1132 0.0904787	1.52526 0.994816 1.17638 1.11757 1.20074 1.10648 1.28175 0.812407 1.60557 1.11769 
1133 0.115553	1.47738 0.98764 1.11504 1.09142 1.04686 1.18094 1.02838 1.2552 0.991196 0.928796 
1134 0.0629493	0.905014 0.939326 1.08652 1.01697 1.06212 1.10299 1.09592 0.719327 1.2268 1.03665 
1135 0.30405	1.54957 0.986085 0.979946 0.851224 0.9519 1.05134 0.90317 1.0289 0.803516 0.898892 
1136 0.0859197	0.488191 0.807693 0.864135 0.948666 0.968889 0.80372 0.822814 0.670312 1.02836 0.853059 
1137 0.16202	0.631332 0.901943 0.950419 0.949682 0.971938 0.856703 0.802869 0.81297 0.910623 0.876053 
1140 0.0759523	0.69589 1.03572 0.892487 0.914059 0.992581 0.971582 0.84879 0.746115 0.817448 0.844349 
1141 0.29899	1.09503 1.02055 1.1139 0.986492 1.09313 1.12785 1.12382 0.93407 1.21483 1.02984 
1142 0.125287	1.14812 0.900215 0.890706 1.03699 1.00705 0.909531 0.972613 0.906296 0.81866 0.840934 
1143 0.110142	2.04621 0.983718 0.921645 1.02935 0.962745 0.976393 1.12055 1.03308 0.780911 0.829472 
1144 0.10257	1.10665 1.00439 0.99525 1.07732 0.883866 0.896788 0.911429 1.38373 0.815898 0.950518 
1145 0.0605782	0.819633 0.909821 0.838176 0.928466 0.921575 0.820196 0.765041 1.25424 0.622462 0.808712 
1146 0.0954566	0.783148 0.886132 1.01436 1.0264 0.984457 0.909708 0.899912 1.07927 0.925871 0.904192 
1147 0.131023	0.561906 0.966133 1.04665 0.890135 1.09681 0.915389 0.939817 0.964167 1.10335 0.996522 
1150 0.122501	0.837175 1.10176 0.988774 0.973859 0.900335 0.980584 0.953953 1.30506 0.781238 0.909869 
1151 0.0920343	1.72268 1.0862 0.935548 0.898751 0.848752 0.965826 0.998211 1.1731 0.78426 0.921796 
1152 0.0590289	1.34627 1.04267 0.992323 1.06093 0.997576 1.01593 1.06948 0.909504 0.878596 0.91123 
1153 0.191685	1.0338 1.09923 1.05163 0.957002 1.07688 1.00275 1.12214 1.06857 1.15868 0.986217 
1154 0.173596	0.899957 1.22425 0.874313 0.916657 0.960946 0.916767 0.932502 0.801563 0.843238 0.856832 
1155 0.0787052	1.05037 0.967078 0.968225 0.82583 0.888301 0.897384 0.832323 0.953904 0.90304 0.817153 
1156 0.173278	0.913632 1.15521 1.02784 0.856772 1.18456 1.09856 1.16231 0.790627 1.44868 1.13121 
1157 0.109172	1.1005 1.07244 1.0341 0.894356 0.997131 1.14451 1.03141 1.05571 1.02353 1.02989 
1160 0.132914	0.9183 0.983423 1.01012 0.894868 0.954509 1.10621 0.920832 1.21993 0.980521 1.07855 
1161 0.0519072	0.47914 0.996531 1.03381 0.962507 1.19449 0.912735 1.00407 0.737569 1.59699 1.20671 
1162 0.0770743	0.963496 0.98419 1.10588 1.17269 1.02798 0.891687 1.01602 1.14033 1.03778 0.974501 
1163 0.208612	1.12632 1.03847 0.902209 1.09889 0.94692 1.04726 0.929624 1.0036 0.764193 0.877124 
1164 0.209792	0.662709 0.933708 0.8662 0.86865 1.01833 0.862286 0.840464 0.713957 1.02186 0.959463 
1165 0.0676366	2.13047 1.07694 1.05784 0.932444 0.930132 1.23901 1.25274 1.03207 0.981544 1.03651 
1166 0.168502	0.846418 0.999556 1.04891 0.981944 1.07821 0.965498 1.07508 0.782868 1.22632 0.963954 
1167 0.0835627	1.44248 1.15829 1.19744 0.974678 1.22374 1.18496 1.32554 0.999961 1.45173 1.27299 
1170 0.0555203	2.19126 1.10948 0.951369 0.941932 0.848738 1.11353 1.11796 1.43326 0.683526 0.912285 
1171 0.158068	1.27678 1.02716 0.890611 0.914611 0.88891 1.01722 1.06219 0.969708 0.773016 0.841074 
1172 0.182913	1.38537 1.00127 1.07793 1.02925 1.06726 1.08669 1.19977 0.74741 1.25595 1.02155 
1173 0.0437318	1.00859 1.00491 0.91729 0.978592 0.741133 1.03988 0.822271 1.32699 0.569533 0.885293 
1174 0.0858157	0.524359 0.916397 0.835912 0.907722 0.882253 0.738546 0.838222 0.811295 0.788106 0.860112 
1175 0.181012	0.436742 1.00373 1.07379 0.798511 1.1199 0.879044 0.946668 0.903411 1.28097 0.927083 
1176 0.154265	0.718932 0.934842 0.994251 0.982642 0.909027 0.987831 0.964916 0.982953 0.923906 0.974638 
1177 0.138674	1.3472 1.17663 1.16182 0.998895 0.998972 1.15057 1.16662 1.14515 1.11037 1.17563 
BOUNDS
LWPS R    0.0  0.0  0.0  0.0  0.0  0.0  0.0  0.0  0.0  0.0
UWPS R    0.5  0.5  0.5  0.5  0.5  0.5  0.5  0.5  0.5  0.5
LXAS R   -0.5 -0.5 -0.5 -0.5 -0.5 -0.5 -0.5 -0.5 -0.5 -0.5
UXAS R    0.5  0.5  0.5  0.5  0.5  0.5  0.5  0.5  0.5  0.5
END
