NAME moment_estimations_cluster
ASSETS 10
BENCHMARKS 0.1 0.1 0.1 0.1 0.1 0.1 0.1 0.1 0.1 0.1 
COVARIANCES
0 0 0.251614
1 0 0.0862503
1 1 0.0345751
2 0 0.0445394
2 1 0.0168943
2 2 0.0230399
3 0 -0.00816238
3 1 0.00409884
3 2 0.00846921
3 3 0.032832
4 0 -0.0056117
4 1 0.000865222
4 2 0.00261592
4 3 0.017859
4 4 0.0136404
5 0 -0.0256584
5 1 -0.00449606
5 2 0.0101599
5 3 0.0255964
5 4 0.0155773
5 5 0.0343158
6 0 0.090883
6 1 0.0336851
6 2 0.0229446
6 3 0.00840476
6 4 0.00604751
6 5 0.00535333
6 6 0.0484011
7 0 -0.0453732
7 1 -0.00561743
7 2 0.0125314
7 3 0.0478834
7 4 0.0229627
7 5 0.0427963
7 6 -0.00190569
7 7 0.0936523
8 0 0.0833228
8 1 0.0254141
8 2 0.0141972
8 3 -0.0118114
8 4 -0.00543513
8 5 -0.0139788
8 6 0.0319871
8 7 -0.0309536
8 8 0.0372304
9 0 -0.00544144
9 1 -0.00247562
9 2 0.00494614
9 3 0.0110374
9 4 0.0100867
9 5 0.0127798
9 6 0.00940391
9 7 0.0143019
9 8 0.00217484
9 9 0.0207304
SCENARIOS
0 0.48604	1.60857 1.14775 1.11175 1.08175 0.978124 0.99453 1.17734 1.09477 1.1726 0.968142 
1 0.51396	0.750408 0.869297 0.928637 1.06318 1.01785 1.01342 0.86508 1.06938 0.888708 0.93865 
00 0.607008	0.721065 0.914598 0.947502 1.04752 1.11683 1.13437 0.933849 1.20988 0.864587 0.992635 
01 0.392992	1.82436 1.2406 1.12029 0.921003 1.02277 0.8488 1.22738 0.672589 1.22613 0.919406 
10 0.715309	1.39319 1.12069 1.02695 0.866417 0.953323 0.911452 1.10858 0.885116 1.08877 0.984307 
11 0.284691	0.707342 0.947034 0.967075 1.17639 1.08257 1.27809 0.8361 1.46036 0.776807 1.0622 
000 0.141342	1.47336 1.11313 1.10103 0.820303 0.941594 0.972363 1.26533 0.622261 1.34025 1.0615 
001 0.0675186	0.4143 0.713051 0.7224 0.695902 0.7707 0.770625 0.564318 0.724513 0.748193 0.878362 
002 0.126496	0.952633 0.994977 0.829666 0.687791 0.825554 0.68246 0.882431 0.507771 1.05992 0.924997 
003 0.130461	0.406982 0.748268 0.840191 0.927725 0.940445 1.0176 0.674446 0.950173 0.775629 1.00033 
004 0.202996	1.14254 0.986029 1.07135 1.06979 0.969307 1.10882 0.980526 0.943935 0.945634 1.04659 
005 0.0452157	1.41769 1.23141 1.37109 1.51544 1.37964 1.57771 1.45036 2.16385 0.999523 1.40212 
006 0.149578	0.750942 1.00162 1.13931 1.37657 1.04873 1.23824 0.954989 1.70942 0.779118 1.19694 
007 0.136393	2.50407 1.45286 1.23233 0.996161 0.998999 0.850292 1.43123 0.961466 1.33612 1.10427 
010 0.143082	0.408129 0.704386 0.728083 0.83106 0.841165 1.09211 0.643552 1.07925 0.706086 0.941516 
011 0.181614	1.45916 1.21701 1.09887 1.24313 0.979359 1.11677 1.21345 1.26745 1.04226 1.03984 
012 0.142139	2.83559 1.53176 1.27649 0.987003 0.876805 1.10145 1.50397 0.948552 1.45151 0.977562 
013 0.172818	0.759543 0.9271 1.01949 1.01165 1.02367 1.34434 1.108 1.21188 0.930977 1.4047 
014 0.16507	0.650696 0.826948 0.901405 0.723012 0.803495 0.907278 0.790271 0.709318 1.01 1.10174 
015 0.111251	1.14673 0.995769 0.887869 0.807948 0.798723 0.793295 0.891589 0.844404 1.12514 1.10329 
016 0.0475368	0.880563 1.02131 0.818991 1.00761 0.914079 0.945366 0.768543 1.13075 0.754173 0.775985 
017 0.0364902	0.327407 0.682701 0.794165 0.79191 0.922077 1.03301 0.729397 0.82791 0.908887 1.25346 
100 0.107034	0.660095 0.799172 0.868367 0.814485 0.857823 0.708355 0.777721 0.604538 1.04113 0.924793 
101 0.0937874	2.05053 1.22138 1.27032 1.01531 0.974498 0.932678 1.25563 0.7253 1.41714 1.08877 
102 0.0678109	1.26439 0.962358 0.889335 0.799227 0.837131 0.667247 0.950159 0.551271 1.33066 0.982549 
103 0.246029	0.751338 0.911811 1.01963 1.03343 1.06495 1.18278 0.97522 1.23283 0.948061 1.21157 
104 0.114052	1.26134 1.13392 1.27166 1.23046 1.12491 1.24271 1.43561 1.38176 1.21761 1.33262 
105 0.0615276	1.64748 1.22398 0.957768 1.10474 0.979707 0.775792 1.1042 0.906844 1.04215 0.987639 
106 0.253427	0.40148 0.702665 0.822085 0.994591 0.959244 0.948468 0.730213 1.06178 0.749203 1.10874 
107 0.0563323	3.70885 1.52371 1.20837 0.963983 0.940648 0.812833 1.70205 0.795278 1.6744 1.03938 
110 0.168945	1.31255 1.08545 1.12301 1.23222 1.13178 0.997464 1.24018 1.25607 1.11768 1.13942 
111 0.0601422	0.637234 0.824198 0.792368 0.691499 0.806255 0.66175 0.695086 0.601734 0.89943 0.744208 
112 0.106479	0.93997 0.957662 0.861555 0.701041 0.863511 0.781426 0.961191 0.682971 1.04054 0.890066 
113 0.0799617	1.46699 1.15463 1.0638 0.837269 0.847433 0.906291 1.35248 0.657917 1.28089 1.03512 
114 0.111263	1.04211 0.939543 1.24923 1.43692 1.39435 1.45555 1.20277 2.01683 0.911197 1.30087 
115 0.177693	0.499662 0.750633 0.903519 0.949723 1.00984 0.975279 0.939361 1.03591 0.9236 1.21933 
116 0.0980727	2.23865 1.37051 1.24886 1.03867 1.1325 1.02458 1.69504 0.948965 1.36034 1.20121 
117 0.197444	0.441112 0.612274 0.846872 0.861628 0.90986 0.873923 0.661098 0.991638 0.730955 0.877472 
0000 0.133813	1.19292 0.987193 1.13302 1.09099 1.03296 0.920083 1.14339 0.858592 1.22158 1.11986 
0001 0.0558753	0.696301 0.920252 1.36568 1.52924 1.16308 1.39229 1.02024 2.38743 0.820969 1.18869 
0002 0.153957	0.656803 0.790173 0.930901 0.899588 0.892851 0.718845 0.809021 0.92837 0.993221 1.16754 
0003 0.176499	2.09772 1.30133 0.941433 1.0049 0.996152 0.757579 1.17125 0.872511 1.20173 0.984553 
0004 0.0990408	1.36049 1.17562 1.34177 1.36577 1.18974 1.52083 1.69405 1.42422 1.06383 1.40439 
0005 0.107914	1.01756 0.924383 1.02406 1.1164 1.09956 0.924806 0.888353 1.56226 0.827416 1.15774 
0006 0.173141	0.471168 0.831111 0.798739 1.24756 1.05396 1.12743 0.817982 1.67549 0.682511 1.27848 
0007 0.0997602	0.894619 0.839753 0.762743 1.08419 0.92941 0.767164 1.06175 0.777122 1.05253 1.27641 
0010 0.177711	1.94527 1.37927 1.03359 1.30185 1.05867 1.04548 1.48542 1.0664 1.12456 0.943989 
0011 0.103414	0.639412 0.8221 0.904133 1.04593 0.997549 0.964516 0.780092 0.969417 0.945197 0.965066 
0012 0.0918675	0.598146 0.859858 0.98595 1.388 1.2619 1.31151 0.789553 2.15201 0.693581 0.895982 
0013 0.114458	1.38608 1.11059 1.21702 1.33601 1.09424 1.08669 1.19505 1.35165 0.926621 1.06454 
0014 0.144076	2.23856 1.25372 1.20555 0.781985 0.738625 0.879919 1.17227 0.661853 1.32115 0.871848 
0015 0.102912	0.881283 1.13396 0.906148 1.32002 1.11887 1.17179 0.941492 1.13158 0.759967 0.968502 
0016 0.166667	0.979347 1.0666 1.1597 0.968875 1.10717 1.07017 1.0663 0.638782 1.02723 1.08329 
0017 0.0988956	0.730878 0.905197 0.751204 0.873969 1.00418 0.692956 0.772312 0.649665 0.846145 0.714342 
0020 0.11522	1.56954 1.05767 0.974751 0.883201 0.880507 0.883246 1.08891 0.619175 1.24535 0.997544 
0021 0.0771704	2.5086 1.32615 1.00175 0.811556 0.782748 0.720412 1.04337 0.614494 1.24816 0.649906 
0022 0.197213	0.554689 0.680457 0.83112 0.850319 0.910985 1.06885 0.726791 0.809557 0.824331 0.85142 
0023 0.112808	1.25866 0.890834 1.05167 1.27967 1.19216 1.0817 1.09418 1.4124 0.96377 1.17277 
0024 0.0838692	0.749678 0.866479 0.986839 0.856645 0.796216 0.782754 0.834336 0.826911 1.14172 0.905029 
0025 0.107449	2.38464 1.16842 1.26019 1.16719 0.913241 0.939403 1.29658 0.917315 1.33434 1.08945 
0026 0.17015	0.656418 0.822762 0.938852 1.25321 1.17408 1.27917 0.87609 1.25347 0.865982 1.11075 
0027 0.13612	1.18749 0.927498 1.1011 1.12754 1.01637 0.881049 0.819328 1.02857 0.942406 0.878336 
0030 0.116654	1.48088 0.961137 1.22644 0.758783 0.914829 0.931022 1.09362 0.70177 1.40049 1.01043 
0031 0.0875552	2.76864 1.39545 1.14142 0.893289 0.982507 0.850512 1.49693 0.739181 1.41831 1.12747 
0032 0.137438	1.09817 1.01325 1.08847 1.30343 1.16322 1.33514 1.23949 1.03896 0.891855 1.13994 
0033 0.0555989	2.03271 1.34731 0.898194 1.37143 1.3315 0.804309 1.34183 1.05923 1.15395 1.15098 
0034 0.0852169	0.764085 0.893056 0.940242 1.84105 1.28914 1.51767 1.09899 2.40178 0.694188 1.13755 
0035 0.158223	0.611268 0.756494 0.966863 1.0062 0.93374 0.945822 0.682478 1.20261 0.756166 1.07807 
0036 0.251754	1.18516 1.08951 1.1063 0.976504 0.958026 0.890545 1.14194 1.16136 1.04074 1.24992 
0037 0.10756	1.1018 1.07689 1.01929 0.887772 0.955995 0.988619 1.05827 1.02998 0.869917 0.816977 
0040 0.0469194	0.502216 0.912955 1.09898 1.19163 1.22626 1.43166 1.20728 1.26959 0.946679 1.29841 
0041 0.186843	0.701425 0.988214 0.939591 0.705266 0.935398 0.724237 0.840111 0.622391 1.07481 0.892628 
0042 0.175989	1.13602 1.12662 1.05101 0.75637 0.857357 0.948665 0.983517 0.900165 0.95191 0.870101 
0043 0.135916	0.365772 0.856999 0.920007 1.08503 1.08073 1.07837 0.819598 1.39248 0.691417 0.894583 
0044 0.0756387	2.31567 1.55312 1.33269 1.20161 1.01606 0.846711 1.52898 1.31294 1.34167 1.08333 
0045 0.126565	0.8871 1.24624 1.19448 0.94337 0.877337 0.992832 1.07698 1.11173 1.11731 0.852029 
0046 0.146435	0.913961 1.08708 1.04059 0.93157 1.13141 0.966378 1.08388 0.949358 1.09154 1.26904 
0047 0.105694	2.03158 1.27962 1.00993 0.859744 0.897423 0.752527 1.31835 0.630792 1.45162 1.01355 
0050 0.174663	1.18738 1.02634 0.878826 0.868317 0.880441 0.841134 1.01763 0.625305 1.19116 0.966239 
0051 0.110945	2.80312 1.56289 1.19659 1.1265 1.01756 0.932624 1.50358 0.846343 1.48249 1.14594 
0052 0.0427286	1.48815 1.47239 1.22438 1.66135 1.09042 1.25187 1.15318 1.4676 0.825023 1.04986 
0053 0.182909	0.677611 1.02508 0.801638 1.19837 1.00068 1.08799 0.911595 0.937094 0.841382 1.04196 
0054 0.146177	0.571166 0.788479 0.88268 0.968188 0.847781 0.959785 0.790554 0.909728 0.770914 0.801944 
0055 0.105697	0.913611 1.04432 1.02793 1.22135 0.892443 1.06686 1.18723 0.986185 1.04326 1.18085 
0056 0.0944528	0.758456 1.02019 1.0829 1.68546 1.20632 1.47652 0.981241 1.83758 0.76504 1.07851 
0057 0.142429	1.31369 1.06636 1.13688 0.958548 0.916113 1.13971 1.30304 0.678459 1.0756 1.16767 
0060 0.14276	2.25578 1.25906 1.05641 0.867623 1.00484 0.807799 1.24866 0.844393 1.34397 1.00412 
0061 0.0954	0.821474 0.928128 0.956517 1.08434 1.33129 1.25662 1.06749 1.03745 1.17364 1.3312 
0062 0.190347	0.490937 0.678742 0.954466 1.04911 1.13268 1.19761 0.791245 1.09352 0.830727 0.939696 
0063 0.180603	0.975174 0.975262 0.97816 0.840576 0.86921 1.0323 0.996133 0.913577 0.931863 0.889316 
0064 0.119873	1.01626 0.975238 0.855167 0.899651 1.02526 0.82153 0.989936 0.615546 1.1441 0.813723 
0065 0.0697938	0.395184 0.592498 0.736897 0.960616 1.16737 0.864414 0.735543 1.14463 0.809683 0.950996 
0066 0.0981192	1.69054 1.18445 1.2262 1.0137 1.0841 1.3378 1.60291 0.94525 1.44909 1.25861 
0067 0.103104	0.900081 1.07695 1.12884 1.40679 1.11175 1.47508 1.02174 1.92177 0.886191 0.931837 
0070 0.134195	0.923168 0.904361 1.04915 1.37774 1.13096 1.55571 1.13023 1.20714 1.01732 1.18518 
0071 0.234592	1.05183 0.971147 0.956844 0.899847 0.835426 0.983786 0.926412 0.70673 1.00211 0.787061 
0072 0.0511928	1.50445 1.08299 0.899536 0.837078 0.899512 0.841167 1.00185 0.538399 1.04341 0.872659 
0073 0.0979125	0.488477 0.754656 0.739985 0.895154 1.06129 1.08639 0.668402 0.781699 0.714947 0.756919 
0074 0.0944334	0.722419 0.902153 1.15029 1.34988 0.932989 1.33281 0.964585 1.68456 0.80671 1.13264 
0075 0.151093	0.627925 0.791921 0.961076 1.23977 1.02817 1.21425 0.740999 1.13968 0.788875 1.21719 
0076 0.166252	2.56916 1.30541 1.18465 0.869053 0.875151 1.03776 1.31163 0.71764 1.33721 0.951448 
0077 0.070328	1.6617 1.09803 1.48277 1.24732 1.01158 1.75938 1.29251 1.38454 1.08048 1.03846 
0100 0.0673253	0.622352 0.803508 0.791099 0.677452 0.923195 0.644841 0.673946 0.556918 1.09197 1.09351 
0101 0.112697	1.46144 1.03355 1.06948 0.769102 1.00755 0.79051 0.956652 0.3798 1.28117 0.904954 
0102 0.106842	1.12292 1.1035 1.27473 1.06779 1.09408 0.841368 1.05343 1.36064 1.01604 0.977095 
0103 0.187706	0.830198 1.02177 1.24334 1.65813 1.33254 1.45565 1.16159 1.99284 0.872052 1.17912 
0104 0.145262	0.791642 1.00602 0.830767 1.0335 1.20529 0.836129 0.879049 0.569835 0.950279 1.01222 
0105 0.120381	0.962661 0.857015 1.29914 1.24946 1.22208 1.03299 1.13875 1.27495 1.12278 1.3306 
0106 0.135748	0.475789 0.788212 1.02966 1.05538 0.945121 0.89359 0.684513 1.14702 0.741759 0.917773 
0107 0.12404	2.35947 1.51382 1.12574 0.900033 0.962484 0.782622 1.46589 0.772181 1.48352 0.901688 
0110 0.0521764	0.432053 0.809752 0.826478 0.86868 1.04646 1.17136 0.689829 1.3521 0.717934 1.05973 
0111 0.074373	0.546586 0.740925 1.12618 1.13336 1.14492 1.62938 0.960235 2.42096 0.742741 1.2356 
0112 0.156241	1.84354 1.21784 1.16443 0.958598 1.10518 1.03602 1.34726 1.42495 1.26934 1.52174 
0113 0.0663015	2.84079 1.14023 0.907481 0.688752 0.978355 0.753977 1.15935 0.534117 1.48797 1.08981 
0114 0.205535	0.64965 0.740523 0.867401 0.839912 1.08349 0.925097 0.889204 0.742658 0.956538 1.13614 
0115 0.170366	1.13925 0.942236 0.939593 0.639559 0.905489 0.660522 0.991043 0.862093 1.23 1.19614 
0116 0.0896512	0.89877 0.843721 1.12574 0.836843 1.06885 1.12965 1.26918 1.4116 1.13439 1.4011 
0117 0.185356	1.19006 1.07103 0.992493 1.15974 1.11833 1.24604 1.15088 1.61261 0.940539 1.15169 
0120 0.130387	0.639805 0.786883 0.761874 0.687998 0.870333 0.707943 0.893688 0.841246 1.08752 1.36133 
0121 0.0979742	0.839611 1.01935 0.805963 1.00923 0.99032 0.826571 0.930864 0.787639 0.822164 0.883311 
0122 0.0788214	0.449566 0.651971 0.681878 0.723269 0.832452 0.777336 0.623836 0.706308 0.765613 0.976418 
0123 0.14733	1.34554 1.09017 0.919388 0.897593 1.02584 0.659158 0.966698 1.03733 0.942183 0.93821 
0124 0.128913	0.611616 0.752377 1.0429 1.08683 1.27685 1.17391 0.891182 1.77348 0.809014 1.17509 
0125 0.212523	1.18617 0.904573 0.950071 0.808264 0.937432 0.783549 1.10313 1.008 1.26467 1.2533 
0126 0.0707182	0.374279 0.689203 0.917265 1.08604 1.08975 0.987597 0.781891 1.82991 0.660831 1.26833 
0127 0.133333	2.70934 1.18654 1.28801 1.13715 1.22107 0.866298 1.37173 0.832212 1.40167 1.15721 
0130 0.0942139	0.685129 0.723591 0.620998 0.88289 1.04962 0.849543 0.862091 0.80813 0.959434 0.883327 
0131 0.0848228	0.714313 0.66542 0.909545 0.757564 0.896891 0.814979 0.745883 0.676999 0.933999 0.913176 
0132 0.108755	1.96551 1.48686 1.10844 1.40878 1.18115 0.986208 1.36812 1.291 1.2124 0.954739 
0133 0.0596789	2.73545 1.51538 0.971092 0.855467 0.876211 0.666104 1.35797 0.706964 1.58672 0.641343 
0134 0.183278	1.27089 1.12956 1.06783 1.08876 1.02763 0.973341 1.21137 1.23661 1.1272 0.857137 
0135 0.102393	1.25256 0.962803 0.743376 0.908161 1.17088 0.831913 1.06308 0.537143 1.35724 0.912468 
0136 0.202969	0.825533 0.989109 0.862675 1.35553 1.23919 1.07815 0.791473 1.45566 0.768778 0.804994 
0137 0.16389	0.575059 0.770936 0.9328 1.14936 1.13155 1.19071 0.818691 1.59963 0.780141 1.09187 
0140 0.108785	1.40224 1.14147 0.778667 1.12704 1.12694 1.04241 1.10878 0.718174 1.2382 0.818376 
0141 0.103394	0.590917 0.777353 0.765742 0.904155 0.940601 0.840248 0.657969 0.936537 0.740341 0.893045 
0142 0.100856	0.685828 0.961401 0.944312 1.22497 1.13116 1.1148 0.815211 1.36907 0.798569 1.01222 
0143 0.150016	1.42156 1.05741 1.27497 1.08305 1.22738 1.43162 1.18577 1.35161 1.02782 1.11611 
0144 0.117031	0.848482 0.999499 1.09798 1.58009 1.3485 1.5351 0.983366 3.0756 0.804178 1.21536 
0145 0.0685062	2.06768 1.37734 0.900939 1.08232 1.00157 0.887912 1.07463 1.06575 1.20493 0.784171 
0146 0.237552	0.974921 0.86756 0.83491 1.07131 1.08727 0.826082 0.831015 0.814729 1.03595 0.927529 
0147 0.11386	2.52702 1.60418 1.16338 1.16468 1.19733 0.9856 1.51833 0.983975 1.36902 0.844181 
0150 0.0856471	1.30978 1.2603 1.03389 1.23589 1.23631 1.03954 1.22106 1.18418 0.942215 1.05083 
0151 0.236235	0.621389 0.765347 0.893572 1.05752 1.13376 1.16559 0.816417 1.05903 0.84506 1.13289 
0152 0.228706	0.969731 0.996885 1.08415 0.962687 1.01182 1.11812 1.14716 1.18883 1.01057 0.845902 
0153 0.106353	0.698516 0.87451 1.1563 1.18581 1.18173 1.38325 1.09878 1.28659 0.719138 0.874863 
0154 0.112941	2.57064 1.72185 1.32157 1.19872 1.01995 0.899917 1.41064 1.22274 1.2647 0.825177 
0155 0.0489412	1.35528 1.15117 0.87907 0.710895 1.01135 0.996505 1.09474 0.451149 1.19097 0.947088 
0156 0.116235	1.55322 1.09338 1.23384 1.03607 1.11724 1.4497 1.44062 0.657403 1.28678 1.07043 
0157 0.0649412	1.37128 1.08989 1.02266 0.700066 0.837667 0.84896 0.847576 0.553916 0.972172 0.64712 
0160 0.125551	1.90791 1.28266 1.17016 1.00456 1.04449 1.04155 1.29724 0.882861 1.34938 0.87857 
0161 0.0991189	0.740506 0.867303 0.982485 0.775087 0.96888 0.86113 0.917443 0.92959 1.09202 1.37844 
0162 0.110132	0.779323 0.848962 0.987504 0.981967 0.906771 1.0857 0.908484 1.00947 0.872077 1.09122 
0163 0.153084	1.4226 1.07117 1.08821 0.987208 1.18918 1.11424 1.28174 0.890553 1.12452 1.28358 
0164 0.0660793	0.408766 0.818795 0.905135 1.25078 1.17869 0.872464 0.73826 1.85103 0.686753 1.04917 
0165 0.0572687	2.76956 1.40056 1.33429 0.806359 0.745197 0.747447 1.48414 0.922052 1.39838 1.03012 
0166 0.105727	0.538778 0.809125 1.04901 1.09215 1.16828 1.34849 0.989912 1.20869 0.833495 1.32436 
0167 0.28304	1.10403 0.857845 1.07942 0.981608 0.948406 1.06892 1.10717 0.944857 1.11022 1.30243 
0170 0.0688666	1.46513 0.995311 0.825235 0.750337 0.803626 0.737121 0.972558 0.718387 1.02998 0.876745 
0171 0.0889527	1.05 0.793048 0.702607 0.665022 0.85175 0.592501 0.877748 0.531204 1.10245 0.922388 
0172 0.134864	1.89515 1.07869 1.181 0.905596 1.03711 0.880174 1.1 1.1672 1.1678 0.855203 
0173 0.0860832	3.10202 1.55504 1.29421 0.999864 0.8935 0.884821 1.54948 1.14244 1.41563 0.758605 
0174 0.210904	1.25265 1.106 1.11332 1.11589 0.954276 1.21417 1.08523 1.61942 0.848043 0.983131 
0175 0.139168	1.08024 0.820348 1.11764 0.86193 0.866766 0.982276 1.15992 1.01943 1.10304 1.02095 
0176 0.156385	0.599927 0.825787 0.935334 1.06129 1.03527 1.25539 0.945664 1.39042 0.767094 0.959127 
0177 0.114778	0.54463 0.6823 0.646721 0.844025 0.978648 0.926423 0.703749 0.882508 0.762673 0.640366 
1000 0.281576	0.753271 0.886814 0.840808 0.659442 0.790405 0.968637 0.753478 0.7193 0.895223 1.02797 
1001 0.0777637	1.72154 1.33583 1.22552 0.870063 0.95247 1.14682 1.34382 1.03541 1.32418 1.29519 
1002 0.0574333	2.94258 1.43845 0.954794 0.871153 0.953637 0.835987 1.32169 1.20072 1.50707 1.09121 
1003 0.196442	1.35165 1.27557 0.973917 0.907088 0.931913 1.25732 1.06392 0.928403 0.905914 0.938818 
1004 0.0566709	2.71862 1.4775 1.15234 0.87624 0.946239 1.04535 1.32763 1.17681 1.2154 0.967776 
1005 0.0790343	0.751308 0.935297 1.07234 1.22896 1.09923 1.36423 1.01398 1.75246 0.909076 1.13732 
1006 0.0998729	1.23248 1.19147 1.09036 1.036 1.11543 1.23414 1.06586 1.17495 1.03206 1.02324 
1007 0.151207	1.05128 0.956512 0.786955 0.800357 0.989949 0.855291 0.949702 0.823383 1.05625 1.07538 
1010 0.12297	0.465675 0.890174 0.944644 1.09387 1.06739 1.17445 0.808151 1.67164 0.741469 0.895242 
1011 0.0527842	1.09321 1.02805 1.18259 0.7502 0.817939 1.03597 1.28433 1.04647 1.28765 1.33527 
1012 0.183005	1.28785 1.22626 1.07204 0.774085 0.872519 0.956318 1.12123 1.19061 0.982618 0.687999 
1013 0.262761	0.881678 1.11357 0.974936 0.899008 0.953944 0.931618 1.03687 1.23018 0.99267 0.938285 
1014 0.0901972	0.546927 0.846484 0.825334 0.780386 0.879529 0.729942 0.632132 0.854246 0.775151 0.807062 
1015 0.167053	1.92297 1.27312 1.12962 0.910306 0.911205 1.11208 1.38961 1.28417 1.18877 1.07763 
1016 0.0684455	0.874582 0.952292 0.826119 0.622056 0.811105 0.703407 0.972113 0.597753 1.15828 1.07795 
1017 0.0527842	2.92495 1.38432 0.946952 0.95033 0.852941 0.783051 1.22494 0.854075 1.26481 0.82353 
1020 0.0597673	0.905503 0.915038 1.06756 1.13876 1.26138 1.42146 1.21917 1.05655 1.11042 1.26278 
1021 0.11432	1.54726 1.21668 0.827782 0.71827 1.04386 0.755249 0.887667 0.563185 1.02351 0.68704 
1022 0.126354	2.70068 1.52296 1.19735 0.992324 1.01227 1.10186 1.52303 0.812725 1.20015 0.820923 
1023 0.207782	0.5408 0.927915 0.937646 0.911736 1.03233 1.16371 0.77562 1.28399 0.76697 1.16848 
1024 0.081428	1.33124 1.2548 1.21497 1.17251 1.17269 1.46133 1.21128 0.962305 1.1729 1.13823 
1025 0.22142	0.819884 1.11885 1.0782 1.1011 1.19479 1.36813 1.01787 1.3463 0.941634 1.23059 
1026 0.129563	1.03804 1.09388 1.14854 0.948897 0.983897 1.02344 1.08198 0.880786 1.17715 0.969146 
1027 0.0593662	1.94794 1.22635 1.05185 0.909958 1.01052 0.846878 1.47332 0.831622 1.46558 1.07254 
1030 0.112659	0.806322 1.03457 1.00734 1.45707 1.21618 1.23538 0.904679 1.66101 0.829044 1.10056 
1031 0.205528	0.812039 0.934179 0.925702 1.01022 1.0048 1.0019 0.909301 0.827599 0.842007 0.862504 
1032 0.0631288	0.516232 0.807958 0.771853 1.19116 1.22188 1.05293 0.708636 0.922646 0.800099 1.01895 
1033 0.204312	1.30282 1.28634 1.0302 1.14798 1.09388 0.912971 1.1321 0.880286 1.13377 0.955915 
1034 0.123604	2.366 1.36544 1.05867 0.83588 0.765999 0.7714 1.19077 0.629199 1.34706 0.748052 
1035 0.0956329	2.35993 1.28827 0.971296 1.01566 1.02084 1.09721 1.43315 0.85965 1.30933 0.967324 
1036 0.0997236	1.54867 1.17995 1.18491 1.70887 1.30088 1.27242 1.31013 1.33271 1.00636 1.18171 
1037 0.0954118	0.799743 1.09526 1.06918 1.56339 1.18172 1.35994 1.00444 1.74331 0.74518 1.13372 
1040 0.105175	0.980355 1.00421 0.839543 0.868671 0.9166 0.848137 0.967649 0.546977 1.14898 1.04443 
1041 0.0696399	1.69178 1.29227 1.18713 1.29372 1.01182 1.14867 1.20815 0.877713 1.13001 1.06095 
1042 0.108037	1.03182 1.22042 1.1193 1.74906 1.39883 1.5788 1.09533 1.65717 0.856829 0.977283 
1043 0.137849	1.69108 1.22738 1.06529 0.94019 0.930621 0.903233 1.06713 0.512031 1.22862 0.962844 
1044 0.0884808	0.926175 1.04317 1.06137 0.794433 0.916471 1.07164 1.04051 0.737979 1.05676 0.886449 
1045 0.0844264	2.94621 1.30342 1.18182 1.00885 0.911002 1.0132 1.48896 1.11365 1.27113 1.07191 
1046 0.235631	0.556443 0.789951 0.843917 1.00554 1.07699 1.10792 0.680654 0.802783 0.82081 0.852082 
1047 0.170761	1.08735 1.00308 0.989687 1.03144 0.915805 1.11348 0.879274 1.22494 0.919473 0.876465 
1050 0.145889	1.22532 1.18449 1.04656 0.841648 1.06753 1.37762 1.09097 0.923536 1.12367 1.04415 
1051 0.237401	0.760075 0.861784 1.14891 1.07173 0.933107 1.22567 0.930943 1.43747 0.975296 1.07975 
1052 0.0565871	1.65464 1.30144 1.44682 1.23948 1.11839 1.4056 1.26884 1.47512 1.2233 1.04614 
1053 0.127763	1.31435 1.1278 1.06887 0.980877 1.06418 1.02889 0.85327 0.979812 1.00573 0.790939 
1054 0.132626	0.630948 0.765711 0.979726 0.976572 1.00076 1.13999 0.734165 1.10723 0.972968 0.905776 
1055 0.0844385	0.513819 0.746599 0.977325 0.856936 0.889553 0.86757 0.665117 0.935215 0.770157 0.906915 
1056 0.118921	1.65631 1.04019 1.00328 0.76256 1.02728 1.10664 1.31307 0.727223 1.3306 1.08156 
1057 0.0963749	2.96668 1.57687 1.23982 1.05502 0.959049 1.02946 1.56001 1.15741 1.37127 1.0428 
1060 0.113019	0.55034 1.00798 0.932737 1.11103 0.95965 0.982925 0.815696 1.21378 0.874372 0.718585 
1061 0.0451862	0.745995 0.897588 0.944329 1.3233 1.40407 1.49288 0.886068 1.34344 0.882849 1.11543 
1062 0.0756681	0.28972 0.676974 0.938301 1.22545 1.18379 1.73491 0.717663 1.96937 0.692388 0.973046 
1063 0.0666524	1.30818 1.11943 1.43655 1.2179 1.06154 1.36618 0.965109 1.59552 1.00694 1.10981 
1064 0.129763	0.545311 0.698401 1.0301 0.981327 1.08132 0.996915 0.794902 0.891727 0.948581 1.10057 
1065 0.179886	2.11077 1.36347 1.20932 0.814415 0.820433 0.979376 1.23905 0.699226 1.40486 1.05933 
1066 0.206612	1.4805 1.11539 0.938015 0.821549 0.935899 0.903293 0.80659 0.739287 0.974367 0.76764 
1067 0.183213	1.81426 1.26158 1.06865 1.05459 1.04713 1.15364 1.17582 1.03804 1.28385 1.08973 
1070 0.0642202	1.02892 0.910809 0.935323 0.896715 0.977325 0.933436 0.997352 0.805294 1.22986 1.13782 
1071 0.0656688	1.69544 1.09351 1.26599 1.13632 1.12248 1.41717 1.52201 1.19865 1.0177 1.4492 
1072 0.0738774	1.16842 1.36062 1.47492 1.62796 1.21497 1.48929 1.13847 1.69504 0.820918 1.32922 
1073 0.0671173	1.27856 1.19384 0.906375 0.881286 1.16297 1.13752 1.14819 0.478259 1.1994 0.986479 
1074 0.132786	1.51457 1.10983 1.01639 1.08706 0.957192 0.876411 1.01268 1.01989 1.09666 0.878138 
1075 0.320618	0.604655 0.737943 0.910423 0.954874 0.960264 1.03622 0.792726 0.79876 0.990449 0.944089 
1076 0.161758	0.639414 1.01538 1.21661 1.44899 1.14534 1.43589 1.06946 1.8237 0.775178 1.30859 
1077 0.113955	2.81481 1.49638 1.23698 0.855384 0.903994 0.975577 1.35565 0.503138 1.35831 1.2803 
1100 0.188916	0.773961 0.816189 0.787528 0.738036 0.875264 0.864728 0.824286 0.732969 0.977594 0.937936 
1101 0.13754	0.377892 0.744113 0.93407 0.92623 0.955082 1.01872 0.70879 1.14572 0.754915 1.09625 
1102 0.185275	0.583947 0.925913 0.907032 1.11141 1.11889 1.23301 1.13729 1.12695 0.803765 1.01743 
1103 0.0453074	1.23249 1.35634 1.12797 1.0778 0.938581 1.17397 0.940404 1.34658 0.886541 0.853981 
1104 0.1339	1.99697 1.16211 1.12707 0.899667 1.01569 1.13415 1.36921 0.986552 1.32523 0.928702 
1105 0.0987055	1.30583 1.18458 0.85543 0.920301 0.983271 0.826926 1.26773 0.811821 1.00126 0.778373 
1106 0.149676	1.02593 1.0352 1.31189 0.927893 1.03699 1.17346 1.11759 0.970253 1.03934 1.29025 
1107 0.0606796	0.687268 1.13157 1.1013 1.26072 1.08377 1.33784 0.923419 1.90678 0.722481 0.84419 
1110 0.129545	0.834233 1.18558 0.930078 1.25461 0.995132 1.34535 1.0703 1.73975 0.90256 1.2741 
1111 0.0818182	1.71768 1.09432 1.01564 0.67604 0.825455 0.775694 1.18419 0.506044 1.28197 1.10801 
1112 0.0806818	0.547818 0.866613 0.895671 1.13747 1.03879 1.09959 0.812846 1.36381 0.822297 1.20661 
1113 0.0715909	2.70752 1.65263 1.37926 1.59375 1.20258 1.10382 1.49068 1.9413 1.03948 1.05009 
1114 0.0693182	2.5724 1.29608 1.24497 0.79998 0.823668 0.873322 1.36881 0.619358 1.40009 0.723986 
1115 0.203409	1.61985 1.25606 1.00735 1.08286 1.10041 1.00432 1.38313 1.16805 1.07537 1.22104 
1116 0.280682	0.742147 0.849118 0.82509 0.884936 0.895523 0.899749 0.886773 0.771246 0.966137 0.866762 
1117 0.0829545	3.15416 1.41797 1.1854 1.08585 1.04541 0.850554 1.61576 0.901292 1.32329 0.73769 
1120 0.112323	0.482675 0.791063 0.876867 1.25783 1.15414 1.01745 0.834138 1.04165 0.7121 1.08534 
1121 0.0834403	0.795765 1.07244 1.1269 1.65981 1.22413 1.12821 1.2225 1.50384 0.925098 1.13194 
1122 0.0750963	1.18793 0.932259 0.984423 0.755287 0.873514 0.683886 1.02413 0.529665 1.31266 1.04892 
1123 0.0783055	0.733747 0.777522 0.890499 0.971045 0.851157 0.738489 0.768323 0.763906 0.911166 1.01687 
1124 0.0738126	0.917367 0.895567 1.16132 1.3839 1.16084 1.18129 1.03622 1.63783 0.827351 1.12652 
1125 0.109756	0.748215 0.907722 0.723436 0.960198 1.10217 0.781302 0.964224 0.728829 1.05158 1.20742 
1126 0.325417	1.3141 1.26163 1.04542 1.06813 1.03059 0.987918 1.14811 1.10303 1.0838 1.11152 
1127 0.141849	2.45468 1.48991 1.22943 1.25279 1.09621 0.722681 1.2613 0.895642 1.3544 1.04081 
1130 0.115385	0.600371 0.669367 0.855122 0.926643 1.12625 0.943638 0.816293 0.992619 0.944615 1.28828 
1131 0.11453	0.747791 0.768821 1.14948 0.768677 0.920032 0.930341 0.765637 1.00193 1.02681 1.00651 
1132 0.141026	0.828472 0.85732 0.965642 1.05654 1.21775 0.988336 0.868187 1.4422 0.930025 1.28705 
1133 0.135043	2.2333 1.20673 1.26701 0.848567 1.01024 0.805953 1.19305 0.931957 1.44719 1.15681 
1134 0.241026	1.05702 1.02523 0.989967 0.908854 1.00719 0.977008 0.979465 0.756125 1.20819 1.01313 
1135 0.0794872	1.07036 0.801984 0.76758 0.720765 0.905807 0.764109 0.682086 0.604187 0.986794 0.77176 
1136 0.0675214	0.403322 0.725309 0.942905 1.13976 1.04183 1.16713 0.739236 1.37553 0.750472 1.00462 
1137 0.105983	1.17295 0.983869 1.12074 1.11498 1.06071 1.12283 1.10621 1.29449 0.998035 1.00765 
1140 0.191646	0.924422 1.20328 0.972091 0.845264 0.940206 0.920769 1.10435 0.602149 1.16587 0.877036 
1141 0.0823096	0.442399 0.849545 0.865228 0.798403 0.878071 0.936421 0.819978 0.721804 0.800759 1.06421 
1142 0.277027	0.330487 0.902606 0.888326 1.01301 0.845487 0.976117 0.745749 1.25426 0.700968 0.936059 
1143 0.0982801	1.60966 1.50918 1.32927 1.19797 1.04277 1.30218 1.59646 1.18719 1.23499 1.2721 
1144 0.0773956	1.69982 1.64168 1.04144 0.961199 0.917107 0.831962 1.44136 0.831495 1.27361 1.02402 
1145 0.0835381	0.732384 1.20108 1.05413 1.63057 0.995309 1.35831 0.988584 2.13983 0.691325 0.831483 
1146 0.0859951	0.50228 0.960005 0.891685 1.12608 1.03771 1.3157 1.14069 1.21431 0.942164 1.22942 
1147 0.103808	0.75848 0.817804 0.772955 0.745312 0.72631 0.627713 0.755519 0.724669 0.929728 0.855456 
1150 0.0953846	0.989015 0.984556 0.868749 0.773934 0.846709 0.71168 0.821557 0.757893 0.862202 0.733678 
1151 0.179231	2.23148 1.34473 1.27518 1.0237 1.01471 1.17684 1.36363 0.662786 1.35832 0.984618 
1152 0.0453846	0.786986 0.876399 0.815578 0.878024 1.08462 1.0042 0.776677 0.869975 0.944951 1.29706 
1153 0.207692	1.51292 1.18185 1.19023 1.05324 0.960848 1.12576 1.01077 1.23724 1.00433 0.915708 
1154 0.154615	1.58001 1.12134 0.978279 0.925564 1.09977 0.976671 1.05235 0.822592 1.03455 0.97515 
1155 0.0476923	1.50923 1.0717 1.16309 0.707118 0.844831 0.870856 1.0285 0.50133 1.17804 0.788228 
1156 0.134615	2.03901 1.29068 1.17049 0.973163 0.932358 0.866295 1.2651 0.859896 1.22246 0.980966 
1157 0.135385	0.717658 0.863633 1.01487 1.32769 1.04692 1.31742 0.978855 1.84203 0.860349 0.933111 
1160 0.125436	1.01922 0.908482 0.974565 1.06314 0.931171 0.94569 0.905698 1.10684 1.02202 0.897663 
1161 0.0898955	0.622201 0.909062 0.772488 0.97535 0.811671 0.868023 0.773023 0.86176 0.789013 0.888503 
1162 0.0766551	0.764709 0.95317 0.874997 1.07407 1.08202 0.812599 0.836516 1.02568 0.986212 1.2726 
1163 0.194425	1.54896 1.09098 1.03268 0.751761 0.739964 0.858017 1.03719 0.765253 1.18391 1.00315 
1164 0.211847	1.15088 0.884948 1.19457 0.965536 0.905223 0.989203 0.971852 0.913601 1.21647 1.08227 
1165 0.0710801	0.763338 0.997283 1.29103 1.62794 1.01487 1.42675 1.04351 2.17097 0.866212 1.02646 
1166 0.186063	2.68812 1.3932 1.31007 1.14278 1.18717 0.981992 1.31906 0.98347 1.3576 0.857857 
1167 0.0445993	0.394071 0.922789 0.974231 1.38925 1.03921 1.45999 0.902264 1.94411 0.732194 1.12631 
1170 0.223953	0.694176 1.05039 0.796676 0.898481 0.977864 0.950397 0.886084 0.857215 0.899121 0.842286 
1171 0.14884	0.62245 1.33923 1.08565 1.37534 1.16621 1.31446 0.911435 1.73792 0.890509 1.06992 
1172 0.112842	1.20335 1.18006 0.752841 0.757426 0.954947 0.739282 0.971152 0.620032 1.16258 0.908233 
1173 0.0719972	0.604684 0.818821 1.13039 0.918659 1.00318 1.12556 0.974313 0.965962 1.21952 1.43174 
1174 0.0941502	2.21359 1.66469 1.35198 1.12314 0.982513 1.10125 1.32441 1.002 1.22245 0.76559 
1175 0.0460367	1.05571 1.03139 1.02076 0.614479 0.81323 0.815516 0.92086 0.597249 1.29605 0.893352 
1176 0.0806507	1.77943 1.28976 0.908047 0.78454 0.932729 0.826952 1.3307 0.540925 1.62527 1.23099 
1177 0.22153	0.755153 1.12552 1.02339 1.06924 1.15894 1.30583 1.06004 0.967689 1.02846 1.22969 
BOUNDS
LWPS R    0.0  0.0  0.0  0.0  0.0  0.0  0.0  0.0  0.0  0.0
UWPS R    0.5  0.5  0.5  0.5  0.5  0.5  0.5  0.5  0.5  0.5
LXAS R   -0.5 -0.5 -0.5 -0.5 -0.5 -0.5 -0.5 -0.5 -0.5 -0.5
UXAS R    0.5  0.5  0.5  0.5  0.5  0.5  0.5  0.5  0.5  0.5
END
