NAME moment_estimation_cluster
ASSETS 10
BENCHMARKS 0.1 0.1 0.1 0.1 0.1 0.1 0.1 0.1 0.1 0.1 
COVARIANCES
0 0 0.00205777
1 0 0.000616297
1 1 0.00440373
2 0 0.000591747
2 1 -0.00421465
2 2 0.00633214
3 0 0.000869884
3 1 -0.00145541
3 2 0.00319099
3 3 0.00369497
4 0 6.16698e-05
4 1 0.00147449
4 2 -0.00275796
4 3 -0.00400388
4 4 0.00612151
5 0 0.00117172
5 1 0.0022578
5 2 -0.00183038
5 3 0.000399982
5 4 -0.000271142
5 5 0.00309701
6 0 0.000259873
6 1 0.000907764
6 2 -0.000852575
6 3 0.000273565
6 4 -0.00024291
6 5 0.000985237
6 6 0.000886675
7 0 0.000146744
7 1 0.00755018
7 2 -0.00948073
7 3 -0.00678807
7 4 0.00823783
7 5 0.00241856
7 6 0.000682896
7 7 0.0216842
8 0 0.00155847
8 1 0.0010251
8 2 -0.000199991
8 3 0.000691354
8 4 0.00015827
8 5 0.00155045
8 6 0.00049271
8 7 0.00107553
8 8 0.00244637
9 0 0.000384208
9 1 0.00170274
9 2 -0.00134516
9 3 0.00108243
9 4 -0.00197424
9 5 0.00202889
9 6 0.000947558
9 7 7.40263e-05
9 8 0.000790569
9 9 0.00247801
SCENARIOS
0 0.57129	0.996393 0.954696 1.06391 1.04377 0.962466 0.992815 0.967778 0.885893 0.996109 0.997504 
1 0.42871	0.982651 1.03859 0.94901 0.957553 1.04549 1.02759 1.01177 1.1294 0.978908 1.00476 
00 0.539673	1.03576 1.04307 0.962828 0.953366 1.08003 1.01461 0.990146 1.14622 0.990356 0.967828 
01 0.460327	1.01747 0.987883 1.05222 1.06698 0.92559 1.03665 1.0399 0.861947 1.01592 1.01291 
10 0.393086	1.00245 1.06829 0.915279 0.964705 1.05235 0.972104 1.01392 1.09996 1.03685 1.00636 
11 0.606914	0.995019 0.940688 1.06237 1.03449 0.96817 0.99281 0.973268 0.921189 1.00449 0.978876 
000 0.100224	1.03096 0.998879 1.03971 1.11315 0.842377 1.05553 1.10055 0.917606 1.05167 1.11432 
001 0.131783	0.925484 0.942687 0.984744 0.987464 0.94706 0.930785 1.04885 0.902431 1.0049 0.998958 
002 0.108722	0.990179 0.904684 1.11408 0.971726 1.11573 0.987409 0.997559 0.938446 1.02442 0.910241 
003 0.155882	0.964933 0.884017 1.12267 1.03494 0.981903 0.888784 0.994602 0.806736 0.958844 0.980982 
004 0.167267	1.03403 1.11712 0.948527 1.04526 0.94736 1.06553 1.06858 1.15655 1.08687 1.12925 
005 0.112776	0.965447 1.06293 0.887588 0.904401 1.07334 0.997855 1.0342 1.22074 1.02025 1.02237 
006 0.148746	1.05987 0.985883 1.03438 1.03345 0.98373 1.02238 1.0737 0.954239 1.08251 1.01361 
007 0.0746002	0.989095 1.09009 0.915345 0.913834 1.15519 0.944401 1.0322 1.2846 1.05354 0.96238 
010 0.143129	0.975904 1.12509 0.839697 0.912339 1.08337 1.04401 1.00888 1.31841 1.01434 1.04583 
011 0.0616016	0.94658 0.929636 0.991137 0.900798 1.06857 0.936911 0.953936 1.03935 0.90693 0.932213 
012 0.128261	0.97642 1.04667 0.997149 1.06991 0.886152 1.10699 1.03466 1.00497 1.00421 1.08896 
013 0.0612214	0.971794 0.958463 1.14368 1.16321 0.82565 0.972336 1.01565 0.834898 1.02714 1.04822 
014 0.0597004	0.95708 1.00663 0.972985 0.897992 1.1725 0.902332 1.0104 1.28204 1.00189 0.931314 
015 0.252871	0.976482 1.03629 0.959588 0.99011 0.963756 0.960369 1.00945 1.06248 0.987785 1.06221 
016 0.120237	1.04441 0.861955 1.21967 1.06855 0.947607 0.901025 0.997198 0.80063 1.01419 0.939497 
017 0.172979	1.02223 0.932693 1.05786 0.989608 1.05071 0.935032 0.928253 0.966713 1.02977 0.963203 
100 0.117968	1.02596 1.11664 0.928717 1.04157 0.953151 1.11489 1.01591 1.10985 1.06764 1.07549 
101 0.0945882	1.09715 1.01073 1.07919 1.04209 1.01161 1.08114 1.03182 0.960177 1.01559 0.995302 
102 0.0922739	1.03766 0.93666 1.08296 0.960499 1.13089 1.00583 0.966982 0.937765 0.995913 0.900823 
103 0.249703	0.907378 0.977476 1.02203 0.982498 0.963028 1.00263 1.00524 0.982205 0.950145 1.00854 
104 0.0991574	1.047 1.09002 0.934032 0.925449 1.1502 1.107 0.964274 1.38638 1.09309 0.96791 
105 0.129302	1.02244 0.95647 1.07172 1.10119 0.83666 1.07983 0.968079 0.80913 1.02971 1.06827 
106 0.0720389	1.05357 1.04918 1.04865 1.16278 0.842585 1.25143 1.01766 0.842049 1.06626 1.14469 
107 0.144968	0.957496 1.0036 0.941383 0.88393 1.1351 1.04848 0.97883 1.24493 1.00107 0.985613 
110 0.202352	1.05139 1.02713 1.01857 1.01907 0.969962 0.975271 1.02035 0.960993 0.999225 1.02961 
111 0.165725	0.958091 1.01786 0.946236 0.904357 1.11224 0.943466 1.04794 1.13031 0.951183 0.964884 
112 0.0468119	0.936298 1.00916 0.933693 1.04004 0.838951 0.942992 0.991016 0.890512 0.912841 1.11267 
113 0.207771	0.998197 0.935696 1.14401 1.0772 0.903107 0.976811 0.951951 0.759231 1.02224 1.02337 
114 0.146508	0.983112 1.09377 0.894656 0.957028 1.01291 0.945107 1.00242 1.17285 0.984122 1.05072 
115 0.106268	1.00595 0.92204 1.09845 0.978163 1.09832 0.854909 0.989436 0.903333 1.01746 0.903739 
116 0.053999	0.952965 1.02706 0.921356 0.85539 1.2721 0.943199 1.02058 1.31269 0.976344 0.907908 
117 0.0705638	1.03339 1.10695 0.954278 1.11554 0.837232 1.11901 1.06231 0.826865 1.06788 1.14693 
0000 0.0582524	1.03178 1.13897 0.943676 1.10182 0.931386 1.00575 1.05147 0.86715 1.12992 1.11208 
0001 0.0585761	1.00015 1.01342 1.04348 1.01276 1.12469 0.960469 0.951503 1.11473 1.0563 0.933476 
0002 0.111327	1.07618 0.891787 1.2321 1.13165 0.917796 1.01031 0.92536 0.746466 1.00972 0.969055 
0003 0.123948	0.954408 1.15356 0.821716 0.885363 1.12024 1.07408 0.962387 1.42027 1.05775 1.02526 
0004 0.196117	0.93782 0.977474 1.05468 0.997514 1.02255 0.962531 0.925267 0.88188 0.979318 0.976739 
0005 0.170227	1.01161 1.07133 0.870291 0.977202 0.998438 1.07957 0.979684 1.0293 0.995991 1.03074 
0006 0.181553	0.919441 0.919256 1.03115 1.01507 0.939087 0.937196 0.927018 0.848832 0.915703 0.974053 
0007 0.1	0.9952 1.05287 1.01763 1.07794 0.958674 1.06304 0.966273 0.831822 1.07809 1.04546 
0010 0.235786	0.992808 1.00793 0.992286 1.02104 0.992293 0.960038 0.983432 0.95403 0.963834 1.00855 
0011 0.113709	1.0592 1.02832 0.980476 0.971456 1.12081 1.04706 0.968959 1.2427 0.9508 0.981653 
0012 0.187054	0.985719 0.986698 1.09054 1.09931 0.878488 0.949599 0.977234 0.859637 0.875398 1.01725 
0013 0.0831898	0.981417 0.897914 1.07676 0.946654 1.09292 0.932375 0.934983 0.926266 0.936125 0.912651 
0014 0.0681762	0.91125 1.08636 0.912858 0.993526 0.918691 0.961369 0.948642 1.05308 0.899945 1.05069 
0015 0.101403	1.00624 1.12494 0.915198 0.966952 0.980595 1.06286 0.980787 1.15346 0.949183 1.03551 
0016 0.117401	0.985178 1.12113 0.849055 0.920522 1.0962 0.969843 1.00213 1.27229 0.960347 1.01582 
0017 0.0932808	1.00627 0.887732 1.16479 1.08146 0.968233 0.897446 0.911524 0.866708 0.924183 0.941139 
0020 0.0680191	0.971286 1.07106 0.85679 0.886386 1.12299 0.971906 1.00089 1.3396 0.979084 0.97163 
0021 0.12142	0.957198 0.876192 1.13828 0.985432 0.980477 0.85339 0.948152 0.858168 0.93427 0.931516 
0022 0.0638425	0.99878 1.11898 0.86096 0.856008 1.22534 0.83669 1.03713 1.61509 0.94589 0.96917 
0023 0.143198	1.00533 0.917535 1.18932 1.12 0.896274 0.907274 0.997865 0.884794 1.04906 0.95361 
0024 0.182578	0.971371 1.01379 0.984689 0.968263 0.990702 0.891191 0.979038 1.17864 0.953199 1.01306 
0025 0.175418	1.03733 1.00163 0.999297 1.05959 0.910125 0.94494 1.03029 1.01203 0.970477 1.0041 
0026 0.110979	0.99544 1.05688 0.922262 0.913949 1.05189 0.898425 0.931801 1.25453 0.977134 0.961406 
0027 0.134547	1.06805 1.03575 1.03246 1.00026 1.09349 0.950806 0.977758 1.04174 1.09458 0.959454 
0030 0.157511	1.01754 0.911757 1.14598 1.03022 0.989658 1.01941 1.0032 0.836661 1.05598 0.971645 
0031 0.0516022	0.988226 1.02047 0.995406 0.937189 0.990662 1.00371 0.989541 1.09471 0.993512 0.944766 
0032 0.108406	0.90939 1.12836 0.872399 0.870163 1.08741 1.02638 1.03161 1.37094 0.990708 0.95801 
0033 0.090928	1.03047 1.11603 0.903261 0.949523 1.00257 1.18288 1.00958 1.2162 1.06677 1.06817 
0034 0.127341	0.995942 1.04531 0.962571 0.904816 1.16733 1.09078 0.974517 1.2283 1.11394 0.933568 
0035 0.178735	0.978026 1.07146 0.977687 1.0157 0.939473 1.07666 0.99721 1.12868 0.974617 1.01088 
0036 0.101956	1.04354 1.02785 1.03745 0.986103 1.05904 1.08434 1.04895 1.12648 1.00541 0.93183 
0037 0.183521	1.06189 0.978756 1.15245 1.10917 0.874722 1.05965 1.03265 0.789175 1.04176 1.0125 
0040 0.0736863	1.08536 1.00453 1.03448 0.957046 1.11864 1.01958 1.09837 1.02229 1.07177 0.930763 
0041 0.0566221	0.961791 0.886604 1.01936 1.03035 0.903474 0.950871 0.99041 0.748925 0.916707 0.95046 
0042 0.159977	0.937508 1.0701 0.894216 0.892434 1.08161 1.03963 1.04437 1.2113 0.960066 0.948577 
0043 0.182664	0.976068 1.00232 0.934562 0.963874 0.972916 0.945689 0.990913 0.930076 0.974086 0.97198 
0044 0.17898	1.05662 0.909872 1.0981 1.07996 0.984688 1.05074 1.04945 0.800693 1.06465 0.956012 
0045 0.0971495	1.04955 0.832549 1.21303 1.09935 0.90201 0.890277 0.913734 0.649731 1.00439 0.91532 
0046 0.134768	0.946149 1.02533 0.927805 1.01237 0.893325 1.02573 1.01817 0.940634 0.961849 1.07735 
0047 0.116153	1.00548 0.97337 0.974386 0.981092 1.05903 1.02914 1.04515 0.951267 1.01546 0.970621 
0050 0.130572	0.887907 0.885951 1.06098 0.954 1.10705 0.968244 0.971821 0.990484 0.961474 0.906356 
0051 0.0822548	1.05192 1.17071 0.820786 0.927732 1.07115 1.10687 1.02082 1.45595 1.11458 1.034 
0052 0.140351	0.926459 0.99022 0.955278 1.03572 0.898735 1.0208 1.01256 1.03875 0.895166 1.0418 
0053 0.166523	0.922569 0.982891 0.968495 0.94656 1.05349 0.92309 0.978866 1.04179 0.979192 0.955152 
0054 0.201035	1.06218 1.05887 1.00233 1.02529 0.981434 1.00487 1.00081 0.920807 0.989888 0.999095 
0055 0.115617	0.957016 0.90753 1.16306 1.10857 0.900377 0.947989 1.00773 0.820058 0.9458 0.951782 
0056 0.0520564	0.913893 0.914143 1.06602 0.98211 0.945791 0.907574 1.00544 0.890168 0.901934 0.976995 
0057 0.11159	0.975151 1.00357 1.03313 1.0136 1.03562 0.937276 1.01343 0.975579 1.01945 0.960882 
0060 0.108809	0.933587 0.984722 0.99501 1.0633 0.899652 1.03154 1.02608 0.997304 0.979609 1.03187 
0061 0.134104	1.02606 1.00663 1.09035 1.10601 0.916575 0.997133 0.987009 0.798086 1.07046 1.03859 
0062 0.240951	0.906804 1.03024 0.955814 0.936553 1.06768 0.934177 0.992408 1.19188 0.958322 0.982933 
0063 0.165504	0.946311 0.925727 1.08726 1.04814 0.942888 0.951682 0.931909 0.846339 0.946662 0.990771 
0064 0.0822067	1.01671 0.897386 1.14959 1.04515 1.03073 1.0189 0.970175 0.924701 0.982035 0.963854 
0065 0.132141	0.895548 0.919009 1.05675 0.998948 0.934265 0.904324 0.924039 0.916075 0.865122 0.947307 
0066 0.0494985	0.94862 1.1099 0.853182 0.886188 1.15428 0.996341 0.969948 1.30345 0.955191 1.04113 
0067 0.0867859	1.00479 1.03269 0.975708 0.996954 0.990811 1.06726 0.996537 0.930208 0.97848 1.0563 
0070 0.137826	0.988156 1.13133 0.869379 0.978562 1.01837 1.22183 1.05362 1.17157 1.0107 1.0925 
0071 0.0695652	1.08296 1.05189 1.00032 1.06796 0.940547 1.16839 1.0077 0.989875 1.0903 1.08425 
0072 0.125652	1.00082 0.995446 1.06151 1.12469 0.867543 1.04109 1.0373 0.839694 1.05713 1.065 
0073 0.23913	0.996754 0.907372 1.09843 1.07845 0.950428 1.10844 1.12528 0.802854 0.981795 1.01759 
0074 0.0813043	1.04201 1.01675 0.965893 0.920045 1.21516 1.07191 0.990788 1.10333 1.01175 0.977685 
0075 0.0869565	1.05728 0.975197 0.937943 1.05496 0.964326 1.05959 1.09139 0.967128 1.06909 1.07899 
0076 0.188261	1.02137 0.965996 0.961277 0.938764 1.08964 1.08679 0.956247 1.14376 0.999813 0.977272 
0077 0.0713043	0.990676 0.872227 1.10494 0.965839 1.03648 0.973431 1.00647 0.828783 0.918964 0.982183 
0100 0.106536	1.06161 1.03551 1.02319 1.02938 1.02413 0.980894 1.01554 1.19578 1.10854 0.997977 
0101 0.0557917	1.0481 1.08597 0.962147 1.08465 0.931083 1.13065 1.04854 0.985259 1.08084 1.07463 
0102 0.171626	0.947793 0.947479 1.06393 1.07983 0.861531 0.956518 1.03936 0.919895 0.990792 1.05877 
0103 0.105739	1.11206 1.08176 0.908003 0.949208 1.0322 1.0782 1.02104 1.22941 0.967166 1.04357 
0104 0.0544633	1.01024 1.00147 0.987229 0.897397 1.19178 1.03402 0.989688 1.2079 0.995974 0.92564 
0105 0.208023	0.99656 0.931877 1.1496 1.05321 0.937058 0.937546 1.00276 0.929752 0.948086 0.973649 
0106 0.220776	0.993511 0.922133 1.0376 0.941381 1.04483 0.894556 0.957114 1.02535 0.953531 0.934564 
0107 0.0770457	0.896912 1.01347 0.920506 0.911909 1.03096 0.892736 1.09859 1.12336 0.89766 1.00578 
0110 0.130864	0.989205 0.977644 1.06975 1.04792 0.974444 0.926847 0.992879 0.972593 1.0466 0.99595 
0111 0.0654321	1.04887 0.954009 1.11898 1.10723 0.950921 1.0285 0.990731 0.872277 1.12652 1.03162 
0112 0.109877	0.915388 0.946602 1.16526 1.11589 0.867863 0.900596 0.9795 0.913195 1.02766 1.04485 
0113 0.0783951	0.978535 0.915478 1.12943 1.02416 1.03958 0.848402 0.938248 0.935767 1.02075 0.88723 
0114 0.111111	1.02047 0.966228 1.04023 0.95489 1.14589 0.893717 0.973167 1.06013 1.06391 0.940689 
0115 0.158025	0.950552 0.989651 0.918485 0.937799 1.08584 0.985599 0.986945 1.19369 0.996308 0.975081 
0116 0.274691	1.01853 1.12153 0.954739 1.00889 0.975976 1.00659 1.01072 1.11389 1.02435 1.00419 
0117 0.0716049	0.922713 0.899668 1.04077 1.01876 0.936382 0.846591 1.01682 0.970183 0.971814 0.986617 
0120 0.250222	1.00873 1.09129 0.933433 1.02671 0.953944 1.03331 1.00609 1.07063 1.00186 1.0956 
0121 0.0619626	1.03607 0.930557 1.07755 0.946842 1.14936 0.819094 0.993528 0.985665 0.94944 0.877871 
0122 0.0587015	1.16171 1.04046 1.02279 1.06243 1.05521 0.994177 0.969523 1.09697 1.07998 1.02148 
0123 0.107619	1.03681 0.862034 1.14977 1.05374 0.921901 0.937793 0.994398 0.714113 0.981322 0.981227 
0124 0.0566261	0.944981 0.963377 1.01955 0.997728 0.932481 0.838738 0.947495 0.971962 0.96046 0.970404 
0125 0.198043	1.14483 0.991142 1.02543 1.00325 1.0818 0.990361 0.978995 0.900625 1.09758 0.971701 
0126 0.19241	1.03378 0.980116 0.970693 0.96947 1.03491 0.892371 0.978205 1.05697 1.02535 0.988197 
0127 0.0744145	1.00955 0.962725 1.11161 1.15442 0.878849 0.935312 0.994118 0.907264 1.02575 1.05395 
0130 0.0937888	1.03379 0.816316 1.14913 1.00065 0.951929 0.882857 0.9193 0.737754 0.872888 0.901067 
0131 0.0571429	0.967195 0.938437 0.933303 0.868902 1.11409 0.983895 0.951125 0.964848 0.914954 0.95351 
0132 0.158385	1.10025 0.954503 1.00612 1.0071 1.0807 1.06381 1.02673 0.995705 1.04399 1.05652 
0133 0.216149	1.04337 0.950965 1.05005 0.998072 1.01588 0.952222 0.928412 0.913994 0.945551 0.953935 
0134 0.0602484	1.102 1.04382 0.939811 0.922595 1.15928 1.08961 1.00469 1.054 0.979389 1.00764 
0135 0.259006	1.12079 0.989766 0.999615 1.06423 0.91925 1.008 0.971177 0.77504 0.991925 1.09573 
0136 0.084472	0.9658 0.967075 0.97418 0.953347 0.960508 0.947267 1.00183 0.998317 0.88305 1.04536 
0137 0.0708075	1.00915 1.03151 0.892704 0.962396 0.963784 1.04418 1.02044 1.07829 0.992785 1.02132 
0140 0.0636943	0.952573 0.992488 0.932301 1.02224 0.917051 1.07134 0.993837 0.913906 0.965281 1.0529 
0141 0.194904	1.05192 0.939444 1.05914 0.959731 1.06566 0.929599 1.01247 0.932274 0.98595 0.919395 
0142 0.164968	1.06505 1.0731 0.954302 1.00014 1.01232 0.998372 1.07905 1.05558 1.02335 1.0185 
0143 0.202548	0.993158 1.04147 0.930324 0.923289 1.06849 1.05015 0.982752 1.1073 0.955972 0.988809 
0144 0.0509554	1.16927 1.04072 1.01779 1.09621 0.991689 1.11226 1.00699 0.948309 1.12867 0.999037 
0145 0.0974522	1.12135 0.910333 1.0985 1.14531 0.874318 1.05891 0.994624 0.731136 1.13417 1.04559 
0146 0.170701	1.06111 0.864297 1.12576 1.04101 0.958237 0.918803 0.948629 0.856505 0.993714 0.978117 
0147 0.0547771	0.968647 1.04233 1.036 1.04715 0.884269 0.973111 0.945291 0.956014 1.01933 1.04206 
0150 0.14391	0.986093 1.09377 0.860978 0.936034 1.02024 1.05036 0.999001 1.28231 1.0143 1.00661 
0151 0.171579	1.03725 0.950697 1.07958 1.05282 0.974957 0.99022 1.01101 0.965048 0.998052 1.00416 
0152 0.0821053	1.05173 0.961388 1.06334 1.12983 0.86628 1.0841 1.00615 0.905123 0.983577 1.00147 
0153 0.195338	0.978308 0.965481 1.04629 0.947492 1.06268 0.913358 0.940313 1.05595 0.962511 0.90264 
0154 0.117895	1.01807 1.09764 0.937916 1.02077 1.06159 1.11043 1.02059 1.18589 1.10819 1.02158 
0155 0.0714286	0.928455 0.912038 0.970336 0.942764 1.01407 0.997443 0.960302 1.0013 0.925589 0.95541 
0156 0.0989474	0.951014 0.805932 1.15159 1.02928 0.943455 0.907399 0.984029 0.818808 0.882032 0.900382 
0157 0.118797	0.932835 0.944856 0.95088 1.02209 0.89364 1.00702 1.02933 0.873114 0.969924 1.05232 
0160 0.150854	0.982893 0.941467 1.06948 1.00228 1.03373 0.950331 0.956047 0.940289 0.920213 0.923251 
0161 0.114168	0.958857 0.934508 1.16403 1.13689 0.909928 1.01075 1.01193 0.794757 0.955704 0.991556 
0162 0.16888	0.933726 1.12468 0.906447 1.00157 0.984159 0.990123 1.0004 1.09254 0.991606 1.0641 
0163 0.059456	1.07558 0.981714 1.07225 1.02259 1.01729 0.98197 0.904787 1.1097 1.05671 0.964573 
0164 0.11828	1.02052 0.979613 1.01652 1.08267 0.877325 1.01919 0.944393 0.796669 1.02792 1.06035 
0165 0.0812777	0.998857 0.982309 0.954214 0.90162 1.16011 1.02957 0.978741 1.29844 1.01839 0.955747 
0166 0.244149	0.918591 1.0198 0.919892 0.929928 1.04387 0.977336 0.985157 0.930459 0.954966 1.0004 
0167 0.0629349	0.962917 0.949849 1.00443 1.02726 0.889672 1.02088 0.944892 0.739591 0.895868 1.06838 
0170 0.0564959	0.954465 1.02469 0.931311 0.926726 1.02329 0.908179 0.963859 1.10963 0.912588 0.981538 
0171 0.172346	0.991093 0.992375 1.09155 1.01173 1.00711 0.927001 1.02246 1.0323 0.993984 0.919066 
0172 0.114531	1.01152 1.10965 0.900732 0.980627 1.03011 1.04361 1.03979 1.29158 1.0109 1.03062 
0173 0.130358	1.04714 1.00108 1.00233 0.944027 1.12083 0.963909 1.06181 1.20453 0.988947 0.923058 
0174 0.11563	0.93975 0.99473 1.00453 0.985616 0.956218 0.971252 1.05411 0.966564 0.882267 0.963842 
0175 0.220488	1.00109 0.935675 1.135 1.09215 0.899687 1.04904 1.03932 0.870162 1.01002 1.00607 
0176 0.109475	1.05178 1.08924 0.961257 1.0579 0.938812 1.07718 1.10613 1.03897 0.96301 1.08242 
0177 0.0806771	1.06245 1.11301 0.960847 0.920979 1.11317 1.05296 1.02261 1.44992 0.942031 0.962821 
1000 0.144869	1.12253 0.994123 1.11905 1.06789 1.01035 1.11825 1.01314 0.95309 1.03959 0.995534 
1001 0.224849	1.01047 0.97593 0.955597 0.96093 1.01181 0.97071 1.01563 1.01175 0.946498 1.00537 
1002 0.0900402	1.08676 0.889407 1.06822 1.08473 0.946557 1.0675 1.05391 0.773541 0.980846 0.99364 
1003 0.126761	1.01272 0.921497 1.04337 0.992414 0.970195 0.967664 1.02538 0.89594 0.949129 0.985046 
1004 0.157948	0.967014 1.07616 0.931228 0.872728 1.09725 1.01741 1.02636 1.23912 0.964166 1.01862 
1005 0.108149	1.03589 1.02402 1.03536 1.02486 0.94197 1.05355 0.978936 1.0432 1.0166 1.09143 
1006 0.0719316	1.02193 1.08857 0.954977 1.03478 0.846904 1.0843 1.02024 0.949296 0.982356 1.12572 
1007 0.0754527	1.01648 0.943574 1.08275 1.121 0.816908 0.977439 1.0663 0.737303 0.927162 1.11725 
1010 0.0671267	1.01817 0.902416 1.18062 1.17162 0.893034 0.965393 0.962974 0.729332 1.00335 0.991534 
1011 0.151819	0.938574 0.948328 1.00801 0.959592 1.05646 0.995139 0.93596 1.06801 0.960869 0.975507 
1012 0.148683	1.00097 1.03928 1.02499 1.06713 0.942161 1.09453 1.00592 0.947112 1.15624 1.0944 
1013 0.16123	0.999961 0.865205 1.15167 1.0566 0.963884 0.906518 0.889629 0.911249 0.954928 0.952366 
1014 0.0840652	0.95205 1.07908 0.859963 0.955009 1.01858 1.05401 1.00053 1.37875 1.07865 1.03339 
1015 0.183814	0.982894 0.959579 1.03516 1.01406 0.992669 1.01292 0.931642 1.03409 1.05567 0.986531 
1016 0.158093	1.01507 1.04768 0.937002 0.953369 1.12999 1.0798 1.05846 1.25688 1.10092 1.01784 
1017 0.0451694	0.957839 0.990849 0.985424 1.1145 0.886642 0.954522 0.969529 0.963488 0.969181 1.05179 
1020 0.175563	0.927326 0.943046 1.10113 1.03958 0.972335 0.964398 1.00292 0.980234 0.985007 0.980393 
1021 0.240514	0.987291 0.97711 1.0181 0.989924 1.01147 1.00502 0.97197 1.21891 0.962797 0.974417 
1022 0.12926	1.03206 1.05661 0.914322 0.932237 1.08919 1.04716 1.09953 1.2365 1.07103 1.02391 
1023 0.106109	0.970863 1.06333 0.932082 0.969179 0.963748 1.13188 0.972443 1.23655 0.969067 1.08641 
1024 0.0495177	1.05329 1.08227 0.97122 1.04897 0.954945 1.13243 1.06986 1.14475 1.06954 1.0921 
1025 0.0958199	0.967627 0.933101 1.06166 0.911933 1.17806 0.866619 0.908454 1.14482 0.908057 0.867787 
1026 0.0533762	0.921023 0.871799 1.14634 1.03766 0.853029 0.876412 0.862726 0.824019 0.961691 1.00563 
1027 0.149839	0.989933 0.950667 1.06859 1.08219 0.879555 0.991976 1.08202 0.906908 1.01771 1.07875 
1030 0.160409	1.06019 1.0079 0.946285 0.909681 1.13851 1.01202 1.01568 1.08317 0.937793 0.962889 
1031 0.142823	1.17484 0.990362 1.01762 1.01151 1.06398 1.04922 0.938942 1.0154 1.04075 0.960822 
1032 0.185124	1.1854 0.986969 1.04695 1.12183 0.892619 1.06381 1.05125 0.861277 1.02111 1.02872 
1033 0.0872148	1.01524 0.926961 1.00774 0.969494 0.997428 0.952938 0.946563 0.895903 0.90522 0.941182 
1034 0.089116	1.07373 0.798212 1.20634 1.0638 0.959911 0.938024 0.964692 0.749609 0.944666 0.937878 
1035 0.109316	1.00834 1.01377 0.927208 0.991046 0.911776 1.05036 0.965471 1.03073 0.911975 1.08339 
1036 0.179183	1.05296 1.07003 0.880327 0.994696 1.00854 1.05634 1.03841 1.1451 0.955556 1.05348 
1037 0.0468156	1.05795 0.968209 1.05636 1.04166 0.993023 0.940924 0.948707 1.02661 1.01697 0.922921 
1040 0.133453	0.994416 0.965872 0.996313 1.06137 0.892915 1.03468 1.03651 0.756875 0.93149 1.07512 
1041 0.0736086	1.03807 0.963666 1.04164 0.956301 1.04988 0.933279 0.949583 0.988929 1.0051 0.943319 
1042 0.195093	1.07162 1.01752 0.959183 0.967896 1.02923 0.934306 0.981128 1.1173 1.00958 0.997704 
1043 0.111311	0.974069 1.11506 0.937376 1.01635 0.930332 1.04477 1.08951 1.01127 0.874292 1.12928 
1044 0.110114	0.955572 0.990297 0.973028 0.874492 1.20507 0.909956 1.01787 1.18143 1.01098 0.925729 
1045 0.116098	1.00133 1.02358 0.987868 1.02181 0.949299 0.967339 1.0405 0.943794 0.995207 1.08319 
1046 0.0969479	1.01528 0.903739 1.13142 1.16496 0.872755 0.997063 1.03868 0.792623 0.946216 1.03977 
1047 0.163375	1.03709 1.04355 1.00816 0.982332 1.07303 0.969401 1.03425 0.961242 0.968987 0.98627 
1050 0.114273	1.0158 1.02853 1.02751 1.0898 0.931489 1.04388 1.0672 0.879775 0.955281 1.08705 
1051 0.180358	1.01119 1.0003 1.08735 1.00411 1.08635 0.975724 0.98998 1.0821 0.941352 0.947387 
1052 0.106471	1.01909 1.08229 0.935174 1.01511 0.981354 1.03035 1.0539 1.11507 1.00358 1.04826 
1053 0.141349	0.879246 1.07724 0.930308 0.926583 1.00506 0.939066 1.11394 1.19059 0.896753 1.01161 
1054 0.118403	0.979072 0.904025 1.17837 1.09503 0.949211 0.869151 0.970818 0.803401 0.95532 0.925618 
1055 0.168885	0.952903 1.03435 0.888142 0.923333 1.11076 0.873416 1.04774 1.2451 0.969314 0.961271 
1056 0.0596604	0.92529 0.916783 1.03466 0.990804 0.938276 0.862639 0.986411 0.947054 0.83674 0.952642 
1057 0.110601	1.03322 0.987932 1.06342 1.0546 0.961546 1.01611 1.08766 0.880401 1.00578 1.03315 
1060 0.191104	1.06168 1.04381 0.959508 1.01951 0.949604 0.922626 1.08399 1.1126 0.93425 1.05944 
1061 0.0864909	1.02862 1.10072 0.839671 0.928877 1.03012 1.03658 1.0304 1.36367 0.945356 1.01561 
1062 0.0634267	1.15386 0.907523 1.10398 0.94831 1.15481 0.822702 0.935001 0.957136 1.10462 0.880363 
1063 0.0848435	1.01495 0.892091 1.08509 1.00136 1.01321 0.814098 0.995785 0.967245 1.00463 0.92948 
1064 0.0996705	1.04275 0.991402 1.00662 1.13677 0.823322 0.980182 1.11967 0.82367 1.03256 1.10673 
1065 0.134267	0.981573 0.927964 1.11509 1.04881 0.964981 0.932219 0.993333 0.897348 0.991796 1.00352 
1066 0.11285	1.08668 0.877049 1.1526 1.11034 0.894767 0.932504 0.940648 0.87912 1.0171 0.99169 
1067 0.227348	1.05066 0.965327 0.941958 0.967053 1.08141 0.938438 1.01215 1.13538 1.04316 0.932448 
1070 0.259517	0.979586 0.928504 1.08385 1.01737 0.988602 0.915696 0.973762 0.913656 0.931173 0.903629 
1071 0.0609906	1.07865 1.12287 0.831454 0.941203 1.07578 0.980496 1.03612 1.25734 0.95679 1.02274 
1072 0.119525	0.988068 1.04258 0.97081 0.923794 1.05866 0.881308 0.89547 1.17034 0.935943 0.919017 
1073 0.0781826	1.01349 1.02884 0.971381 0.895663 1.22149 0.858106 1.03119 1.07592 0.941379 0.849764 
1074 0.0773639	1.06388 1.05824 0.961582 1.03172 0.998936 1.07476 0.996606 1.11755 1.01578 0.979311 
1075 0.224724	0.951598 0.982348 1.02988 1.08228 0.881556 1.01028 1.04371 0.786494 0.936364 1.04119 
1076 0.113795	0.982634 0.945161 0.989921 0.993409 1.00159 0.965169 0.996111 0.917621 0.90487 0.97099 
1077 0.0659026	1.06907 1.12259 0.907657 1.06671 0.913394 0.985811 1.00994 1.11252 1.06817 1.02169 
1100 0.155556	1.03824 1.01542 1.08552 1.10986 0.938212 1.08025 0.987238 0.91668 1.03498 1.05035 
1101 0.127635	0.854157 0.902562 1.05626 1.0429 0.903102 0.888737 0.92761 0.866742 0.973478 0.98857 
1102 0.0820513	0.98088 1.12164 0.878297 0.947806 1.09801 1.08464 1.02041 1.16409 1.10522 1.03822 
1103 0.105223	1.03104 0.957611 0.996936 0.943943 1.11971 1.04068 0.956348 1.16853 1.02325 0.95371 
1104 0.238557	0.959398 0.977888 1.02808 1.02043 1.02855 0.929669 0.972014 0.974213 0.984385 0.934731 
1105 0.0491928	0.89626 1.03028 0.905404 0.881484 1.11587 0.96333 0.959627 1.25046 1.00451 0.978647 
1106 0.102374	0.929315 1.02745 0.880609 0.945383 0.995756 0.979751 0.981701 0.995447 1.03579 1.05037 
1107 0.139411	0.972929 1.11399 0.953855 1.03189 0.945381 1.12402 1.02903 1.00323 1.0057 1.04501 
1110 0.150278	0.995207 0.934711 1.03734 1.00746 0.991033 0.925583 0.885931 0.894584 1.02527 0.96654 
1111 0.0790816	1.01019 0.911148 1.14194 1.11475 0.919772 0.964981 0.949897 0.727703 0.999022 0.959793 
1112 0.143553	1.11375 1.07046 0.915222 0.947467 1.13138 1.0443 0.984134 1.17747 1.15435 0.980512 
1113 0.116883	1.05976 1.01317 0.978604 1.05092 0.90224 1.02718 0.913863 0.883499 1.06598 1.08338 
1114 0.0382653	1.13424 1.01216 1.09724 1.10023 0.999236 1.08181 0.982785 0.939227 1.1249 1.03109 
1115 0.144944	0.952018 0.927685 1.08074 1.05927 0.897048 0.954394 0.940577 0.712518 1.00912 1.00944 
1116 0.176484	1.01145 0.968113 1.02011 0.94791 1.06526 0.981213 0.950141 0.941223 1.07863 0.961053 
1117 0.15051	1.05949 1.12922 0.871661 0.99003 1.00024 1.08224 1.01471 1.06974 1.05589 1.09478 
1120 0.241379	0.941223 0.948183 1.04607 1.02777 0.951789 0.93608 1.07542 0.868788 1.00019 1.0255 
1121 0.0796388	1.0319 1.13574 0.90682 1.02741 0.937468 1.19565 1.05985 1.0816 1.03688 1.09211 
1122 0.211002	1.0151 0.918671 1.17508 1.09185 0.929924 1.07835 1.05891 0.683986 1.14289 0.994405 
1123 0.0599343	1.05616 1.00849 1.05971 0.983741 1.0781 1.0777 1.0008 1.10269 1.07771 0.945958 
1124 0.0492611	0.919861 1.09732 0.895443 0.886303 1.13937 1.04839 1.07357 1.24039 1.01051 1.01325 
1125 0.0862069	1.02138 1.04439 0.96558 0.936939 1.07213 0.988578 1.01768 1.2398 1.0364 0.932267 
1126 0.0607553	1.09897 1.19458 0.863981 0.91642 1.09008 1.1363 1.09037 1.32467 1.13327 1.01692 
1127 0.211823	1.02041 1.01856 0.942179 0.988594 1.01532 1.03221 1.05113 1.11151 1.05044 0.9909 
1130 0.0893452	1.07114 0.97342 1.0049 0.945617 1.14664 1.0083 1.00643 1.14992 0.986329 0.935372 
1131 0.236404	1.0277 0.979802 1.00469 1.11667 0.874063 0.931954 1.05122 0.958453 0.957749 1.04062 
1132 0.103959	1.07054 1.08912 0.889274 0.929855 1.11396 0.943394 1.01084 1.14661 1.008 0.975021 
1133 0.0593785	0.98896 0.870548 1.17318 1.07144 0.922003 0.885011 0.975497 0.800086 0.925105 0.949369 
1134 0.161857	1.05635 1.11699 0.881834 1.00488 0.987959 1.04389 1.07568 1.05762 1.01655 1.07176 
1135 0.153718	1.09206 0.978446 1.03054 1.04148 1.03002 0.958379 1.10133 0.918927 1.08652 0.986669 
1136 0.140954	0.995774 0.903422 1.04159 0.988458 1.00348 0.862117 0.992222 0.911488 0.928308 0.946855 
1137 0.054384	0.933609 0.992599 0.8925 0.88716 1.12971 0.877636 1.07719 1.20082 0.889222 0.949388 
1140 0.14979	1.00083 1.03874 0.973312 1.02231 0.945087 1.08177 1.06919 0.909802 1.02771 1.0576 
1141 0.172088	1.04238 0.953776 1.05802 0.94988 1.10531 0.986848 0.972253 0.929239 1.00979 0.93215 
1142 0.196222	1.02406 1.06901 0.887049 0.915127 1.07262 1.09866 0.984437 1.16258 0.98879 0.994528 
1143 0.0810598	0.984474 0.874778 1.14489 1.08053 0.890615 0.984052 0.949592 0.67075 1.01214 0.948353 
1144 0.048531	1.02361 1.06922 0.909401 1.05874 0.899607 1.10393 1.12851 0.91069 1.09697 1.09386 
1145 0.126705	0.975219 0.988153 0.934 0.99353 1.03059 1.09782 1.05005 0.928529 0.986659 1.01286 
1146 0.155299	1.01996 0.959143 1.07245 1.05501 0.935097 1.06031 1.05873 0.832406 1.07025 1.02347 
1147 0.0703043	0.91053 0.881738 1.09498 0.991032 0.912042 0.967235 1.05843 0.837562 0.8405 0.97086 
1150 0.22387	1.07459 1.0558 0.96523 0.953703 1.10199 1.14246 0.98402 1.13825 1.01237 1.05303 
1151 0.133092	0.969646 1.03904 0.886076 0.936719 1.02698 1.01121 0.986275 1.15197 0.907799 0.987518 
1152 0.082821	1.06886 0.936395 1.15412 1.07648 0.915164 1.02363 0.969296 0.87014 0.919093 0.99907 
1153 0.178662	1.03408 0.944696 1.01523 0.997306 0.984961 0.992564 1.00348 1.0588 0.970091 0.986426 
1154 0.0907776	1.04878 1.13378 0.992976 1.09802 0.94169 1.18537 1.04054 1.07951 1.0994 1.10965 
1155 0.118264	1.05151 0.90007 1.1135 0.980764 0.999804 0.992616 0.918681 0.842222 0.925726 0.948893 
1156 0.0654611	1.06435 0.960279 1.12274 1.1228 0.866062 1.09981 0.993516 0.771186 1.03225 1.07075 
1157 0.107052	1.04159 1.06629 0.984538 1.03787 0.913916 1.1208 1.01463 1.02727 1.00218 1.06234 
1160 0.177224	1.06454 1.10576 0.907321 0.945014 1.08266 1.08459 1.00192 1.331 1.03418 1.01319 
1161 0.162278	1.08249 1.00903 1.04747 1.08412 0.87465 1.03568 0.95546 0.82865 1.01744 1.03214 
1162 0.109609	1.04861 1.0688 1.05676 1.01305 1.00971 1.08426 0.933073 1.04892 0.999691 1.03619 
1163 0.10605	1.0766 0.876145 1.10495 0.938875 1.10349 0.943912 0.987501 0.823916 1.03541 0.907595 
1164 0.0569395	0.987516 1.07842 0.870803 0.978574 0.940265 1.1146 0.973127 1.07107 1.03363 1.11284 
1165 0.217082	0.996114 0.975397 0.998776 0.976323 0.990661 0.935619 0.931635 1.02962 0.986737 0.944968 
1166 0.0768683	1.16087 1.08249 0.959875 1.10215 0.92566 1.12579 1.07008 1.04799 1.16391 1.07235 
1167 0.0939502	1.0453 0.898888 1.17781 1.05808 0.970088 0.936822 0.975752 0.780617 1.08543 0.944605 
1170 0.12037	1.01227 1.11888 0.987696 1.04509 0.967803 0.957161 0.933725 1.1841 1.02118 1.03932 
1171 0.0953159	0.957363 1.07888 0.874443 0.877261 1.19006 0.950408 0.99656 1.5551 0.972835 0.963371 
1172 0.150327	0.97896 0.928235 1.09266 0.975817 1.03613 0.936781 1.00438 1.07173 0.956539 0.961974 
1173 0.085512	1.04961 0.945222 1.09582 0.996217 1.11621 0.989498 1.04961 1.14972 1.01672 0.972687 
1174 0.130719	1.04758 0.934924 1.17979 1.10162 0.947974 0.928636 1.0013 0.862344 1.00766 0.997664 
1175 0.183007	0.992842 0.918945 1.10712 1.09353 0.892631 1.01272 0.969581 0.878403 1.00522 1.05285 
1176 0.116558	0.94819 0.946373 0.966637 0.972815 0.997781 0.878919 0.996704 1.00752 0.944113 1.03907 
1177 0.118192	1.00221 1.14446 0.874234 0.942129 1.04363 1.04783 1.04757 1.32379 0.962466 1.05121 
BOUNDS
LWPS R    0.0  0.0  0.0  0.0  0.0  0.0  0.0  0.0  0.0  0.0
UWPS R    0.5  0.5  0.5  0.5  0.5  0.5  0.5  0.5  0.5  0.5
LXAS R   -0.5 -0.5 -0.5 -0.5 -0.5 -0.5 -0.5 -0.5 -0.5 -0.5
UXAS R    0.5  0.5  0.5  0.5  0.5  0.5  0.5  0.5  0.5  0.5
END
