NAME moment_estimation_cluster
ASSETS 10
BENCHMARKS 0.1 0.1 0.1 0.1 0.1 0.1 0.1 0.1 0.1 0.1 
COVARIANCES
0 0 0.00473242
1 0 0.00278668
1 1 0.00567407
2 0 0.000120044
2 1 -0.00485318
2 2 0.00870797
3 0 0.00317655
3 1 0.00184948
3 2 0.00109829
3 3 0.00378449
4 0 0.00196679
4 1 0.000696796
4 2 0.000379571
4 3 0.00132949
4 4 0.0035544
5 0 0.00408195
5 1 0.00592387
5 2 -0.00485729
5 3 0.00343554
5 4 0.00166161
5 5 0.00889857
6 0 0.00132241
6 1 0.00208362
6 2 -0.00157329
6 3 0.0010788
6 4 0.000992285
6 5 0.00263408
6 6 0.00144544
7 0 0.00455877
7 1 0.00807897
7 2 -0.00804817
7 3 0.00267014
7 4 0.00348765
7 5 0.00997115
7 6 0.00331109
7 7 0.016421
8 0 0.00232794
8 1 0.00201464
8 2 -0.000181016
8 3 0.00120107
8 4 0.0012084
8 5 0.00207627
8 6 0.000878935
8 7 0.00346319
8 8 0.00287725
9 0 0.00334038
9 1 0.00559166
9 2 -0.00396914
9 3 0.00344007
9 4 0.00168616
9 5 0.00721484
9 6 0.00256681
9 7 0.00880583
9 8 0.00151622
9 9 0.00771265
SCENARIOS
0 0.48064	1.04393 1.05386 0.961283 1.0264 1.0285 1.05354 1.02773 1.06713 1.01807 1.08252 
1 0.51936	0.984187 0.948928 1.05382 0.972357 0.982958 0.896224 0.957451 0.912097 0.994453 0.9309 
00 0.292173	0.986014 0.930364 1.12623 1.03301 0.956719 0.912346 0.957007 0.869933 0.96312 0.913303 
01 0.707827	1.00622 1.00788 0.977795 0.998743 1.00869 1.00571 0.982924 1.12336 0.976848 0.985033 
10 0.723159	1.02115 1.00513 1.02594 1.02143 0.984558 1.04316 0.987358 0.976734 0.99666 1.00223 
11 0.276841	0.938074 0.989233 0.94043 0.951731 1.06211 1.05909 1.01563 1.05329 0.989153 1.01741 
000 0.133305	1.06175 0.914977 1.13312 1.02626 1.02151 0.977236 1.00129 1.006 1.07463 0.94723 
001 0.103824	0.845486 0.867198 1.01244 0.879023 0.977793 0.826546 0.983854 0.799538 0.913373 0.849088 
002 0.113366	1.10331 1.00008 1.0375 1.06849 1.1109 1.15242 1.03613 1.17624 1.05498 1.12561 
003 0.184149	0.961375 1.04282 0.994563 0.985644 0.958693 1.0654 0.99282 1.04012 1.03795 1.06686 
004 0.0528377	1.09045 1.14774 0.979779 1.11544 0.940132 1.24419 1.03365 1.08139 1.03916 1.19297 
005 0.210425	0.917059 0.967991 0.957572 0.899319 0.909073 0.892251 0.940854 0.969433 0.984285 0.95448 
006 0.133376	1.08921 1.11694 0.907195 1.06105 0.992017 1.15649 1.06902 1.10275 1.06376 1.18931 
007 0.0687175	1.06244 0.86684 1.27493 1.01662 1.08617 0.995131 0.993222 0.906091 1.02686 0.911843 
010 0.125658	0.885533 0.911093 1.02731 0.875498 0.990217 0.886336 0.968133 0.882792 1.01384 0.852955 
011 0.0824197	0.873392 0.988996 0.968918 0.96204 1.02952 1.06087 1.04688 0.949257 0.994423 1.00279 
012 0.155198	1.11098 1.05269 1.05522 1.15995 1.08386 1.23518 1.0648 1.09777 1.09992 1.15715 
013 0.113988	0.930229 1.039 0.853169 0.921253 0.888962 1.00242 0.985461 0.915391 0.94608 0.976666 
014 0.129185	1.0182 0.968116 1.07381 1.03864 1.1258 0.998106 1.04477 1.01936 1.03395 0.976573 
015 0.131066	1.01305 1.17072 0.786329 0.992436 1.01034 1.24026 1.10781 1.25371 1.0731 1.18686 
016 0.143705	0.991203 1.00925 1.11247 1.03058 0.979911 0.972201 0.969522 0.925269 1.03197 1.01656 
017 0.11878	0.917598 0.985775 1.00077 0.981555 0.888911 0.985846 1.00227 0.774355 0.982676 0.969539 
100 0.0742319	1.05935 0.872326 1.23505 1.09325 1.06002 0.987614 1.01026 0.902907 1.03828 0.963937 
101 0.167128	1.01299 1.08103 0.994633 1.0817 0.964041 1.09577 1.06705 1.11922 0.995061 1.09703 
102 0.0885564	0.975795 0.855103 1.27046 0.990379 0.954575 0.84421 0.984815 0.722651 0.948052 0.836779 
103 0.17445	0.889783 0.947682 0.948322 0.881437 0.924333 0.925684 1.00385 0.892215 0.939054 0.884119 
104 0.205602	0.945121 1.0214 0.952956 0.96835 0.925231 0.96483 0.993491 1.03811 0.980594 0.965696 
105 0.0417488	1.15447 1.0125 1.15631 1.17132 1.18124 1.07074 1.10215 1.10235 1.07014 1.12651 
106 0.120427	1.04431 0.990849 1.06024 1.03264 1.06372 1.02498 1.05358 1.10512 1.06794 0.996893 
107 0.127856	1.0635 1.05901 0.888101 1.02137 1.0876 1.09464 1.09081 1.17692 1.03389 1.08837 
110 0.0705244	1.1407 0.997762 1.1723 1.14219 1.12631 0.946097 1.04969 1.13712 1.08165 1.04994 
111 0.050772	1.11106 1.16355 0.898132 1.08403 1.14261 1.122 1.07046 1.39666 1.04684 1.17467 
112 0.231187	0.88582 0.973388 0.966895 0.903019 0.909069 0.847468 0.994646 0.869448 0.975672 0.878111 
113 0.0909028	0.999746 0.888562 1.10747 0.960685 1.04781 0.84832 0.962893 0.851516 0.943879 0.884035 
114 0.0973014	0.983927 0.864194 1.25504 1.00129 1.01659 0.808213 0.953444 0.728552 0.954338 0.848862 
115 0.135276	1.00138 1.02144 1.02892 0.97959 0.920244 0.892038 0.990675 0.937953 1.01435 1.00562 
116 0.14397	1.12668 1.19964 0.868688 1.03972 0.990429 1.10762 1.05933 1.27945 1.07168 1.1656 
117 0.180067	0.997427 1.02888 0.996501 1.00549 1.03955 0.95432 1.03401 1.11777 0.978531 1.02613 
0000 0.162393	0.99458 1.04642 1.13204 1.09041 0.977496 1.05396 0.972529 0.982802 1.05854 1.0783 
0001 0.0603632	1.031 1.1146 0.903158 0.996591 0.923815 1.10858 1.00191 0.97713 0.988319 1.06509 
0002 0.116987	0.945576 1.05617 0.939447 0.975349 0.970193 0.988806 1.02574 0.956694 0.906453 1.09157 
0003 0.10844	1.04337 1.09366 0.896546 1.07663 1.0467 1.11268 1.00444 1.13209 0.987562 1.08492 
0004 0.143697	0.865857 0.983564 1.04063 0.919271 0.901434 0.90233 0.918487 0.792537 0.977185 0.944166 
0005 0.0694444	0.877435 0.937046 1.05132 0.88688 0.956004 0.776293 0.898719 0.844421 0.949605 0.845618 
0006 0.0827991	1.0179 1.1034 0.974435 0.961148 0.983065 0.947204 0.96345 0.896897 1.0156 1.01164 
0007 0.255876	1.00967 0.992325 1.04221 0.984528 1.08408 1.01049 1.03107 0.990085 0.965262 1.02593 
0010 0.133745	1.05297 0.954768 1.20271 1.00051 0.968313 0.912169 0.909251 0.812778 1.03963 0.900033 
0011 0.0555556	1.10083 1.08168 1.09925 1.09088 1.13324 1.07548 1.00942 1.1247 1.05489 1.17376 
0012 0.273663	1.01479 0.983793 0.987422 0.947233 1.03157 1.08583 0.951595 1.10972 1.03577 0.959274 
0013 0.0891632	0.976474 1.19678 0.830341 0.966747 0.956579 1.1536 0.982262 1.367 1.10664 1.16498 
0014 0.0857339	1.02207 1.09667 0.909882 1.03778 0.937744 1.15608 0.992188 1.0963 0.965933 1.09269 
0015 0.0802469	1.13122 0.916826 1.06418 1.01585 1.10658 1.05351 0.902467 1.13976 1.0239 1.02534 
0016 0.219479	1.00833 0.97668 1.032 0.997841 0.932026 1.11358 0.98934 0.999719 0.967793 0.979735 
0017 0.0624143	1.06374 1.07663 0.852137 0.96845 1.09619 1.16748 0.997941 1.35579 1.09104 1.14954 
0020 0.116206	1.12953 1.1624 0.984858 1.12609 1.08158 1.35672 1.08157 1.16207 1.13633 1.13771 
0021 0.208543	0.909733 0.987599 1.04479 0.997309 0.993547 0.869697 1.04751 0.887991 0.977439 0.957877 
0022 0.154523	1.08758 1.18393 0.859904 0.998004 0.987367 1.1773 1.04968 1.17013 1.14587 1.02518 
0023 0.114322	1.0813 1.0178 1.11759 1.09168 1.04643 0.946899 1.00029 0.930926 1.05802 1.00316 
0024 0.0797739	1.10221 1.06374 1.13985 1.01474 0.99672 0.866227 1.03501 0.850476 1.07707 0.890823 
0025 0.149497	0.887457 1.10389 0.869011 0.904605 0.949851 0.93291 0.995857 0.958737 1.02377 0.913837 
0026 0.0709799	1.05893 0.98073 1.17473 1.08738 1.077 0.947197 1.045 0.839328 0.99905 0.942746 
0027 0.106156	0.976126 0.900282 1.08221 0.907869 0.987082 0.831489 0.974464 0.748695 1.0312 0.791748 
0030 0.0568445	0.885232 1.05114 0.83792 0.870042 1.01335 0.992274 0.98447 1.19049 1.03963 0.961109 
0031 0.168213	1.06522 0.997155 1.06727 1.09536 1.11188 1.07701 1.16008 1.02415 1.03206 1.03898 
0032 0.200309	1.01106 1.006 0.937152 0.967361 1.02585 0.99006 1.02862 1.07654 1.03364 0.99072 
0033 0.0931941	0.983083 0.905361 1.16335 1.02689 0.950173 0.819202 0.946304 0.78375 0.941435 0.893799 
0034 0.053751	1.07265 1.02768 0.908951 0.937354 1.13665 1.06076 1.02272 1.10629 1.07075 0.940329 
0035 0.218871	0.970088 0.873098 1.08145 0.965103 1.04053 0.887132 0.985783 0.836717 0.955371 0.906632 
0036 0.142691	1.1087 1.10636 0.897319 0.9935 0.984894 1.06599 1.03914 1.11345 0.972228 1.05283 
0037 0.0661253	1.08153 1.08102 1.00218 1.12532 0.966102 1.1348 1.03554 1.09019 1.00145 1.11666 
0040 0.132075	0.984422 1.0222 0.971018 1.02623 0.928738 1.08802 1.03578 1.04853 1.03406 1.05301 
0041 0.233154	0.984573 0.894178 1.15128 1.0516 0.99021 0.82727 0.977625 0.930057 0.978763 0.958387 
0042 0.0579515	0.815072 0.997916 0.822233 0.852905 0.864446 0.883359 0.989208 0.977835 0.995356 0.915815 
0043 0.0606469	0.994579 1.06607 0.902667 1.09487 1.05005 1.12162 1.07248 1.39024 1.05667 1.14457 
0044 0.212938	1.08793 1.12554 0.852643 0.968961 0.91241 1.01947 1.0843 1.26838 1.14924 1.0446 
0045 0.105121	1.17442 0.98973 1.07059 1.17264 1.10566 1.04957 1.05318 0.93948 1.03342 1.11283 
0046 0.0633423	1.16522 1.22934 0.902223 1.07535 0.952062 1.08499 1.06796 1.40061 1.09976 1.18143 
0047 0.134771	0.845065 0.908955 0.956541 0.935737 0.901607 0.981012 0.974087 0.887468 0.913654 0.913763 
0050 0.173266	1.0829 1.06545 0.936682 1.10929 1.03253 1.14986 1.09972 1.03738 1.01382 1.09009 
0051 0.0714044	1.02763 0.964314 1.07065 1.06795 1.10079 1.0883 1.01973 1.08301 1.06272 0.960096 
0052 0.110321	0.958048 0.990384 1.10237 1.12646 0.970312 1.04985 1.04309 0.796762 0.960781 0.992325 
0053 0.0778342	1.00626 1.08881 0.891038 0.998904 1.09758 1.17953 1.12885 1.1166 1.00069 0.997518 
0054 0.0791878	1.03282 0.894893 1.16781 1.0283 0.988002 0.894974 1.01068 0.753111 0.979904 0.870837 
0055 0.22335	0.873878 0.973034 0.949582 0.945692 0.923442 1.10168 1.02231 0.849741 0.937831 0.934682 
0056 0.11709	1.01849 0.881786 1.1604 0.957553 1.02517 0.976402 0.976638 0.896075 1.04857 0.850183 
0057 0.147547	0.997531 1.12848 0.809905 0.995355 0.976273 1.26478 1.00627 1.19571 1.03362 1.03553 
0060 0.183129	0.890819 0.982961 0.917301 0.878401 0.918459 0.990744 0.986068 1.01334 0.911109 0.964235 
0061 0.104111	1.08514 1.02623 1.00152 1.05694 1.00241 1.13645 0.999933 1.24359 1.0384 1.00749 
0062 0.160705	0.937929 0.870899 1.12361 0.977286 0.974797 0.895823 0.899993 0.949647 0.902174 0.91251 
0063 0.0688735	1.17813 1.13876 0.924722 1.03517 1.12172 1.23394 1.04711 1.52777 1.09585 1.13572 
0064 0.119594	1.08186 0.981929 1.11524 1.14957 1.10936 1.14248 1.01269 1.09589 0.971951 1.10621 
0065 0.0950347	1.03809 0.986583 1.03074 1.00953 1.03589 1.09303 0.978152 1.08565 1.0095 0.974698 
0066 0.212493	1.04798 1.10524 0.906765 1.00795 0.949986 1.04359 1.02159 1.1653 0.991211 1.01195 
0067 0.0560598	1.06157 0.941274 1.30427 1.05707 1.07341 0.998955 1.0006 0.928024 1.0196 0.963179 
0070 0.17513	0.937979 0.964029 1.02236 0.922766 0.96839 0.821756 0.953787 0.939569 1.02907 0.927348 
0071 0.0984456	0.92618 0.892803 0.982525 0.872494 0.851058 0.773479 0.874994 0.790608 0.935724 0.80823 
0072 0.0756477	0.920958 1.00224 1.06124 1.03395 0.892961 0.889897 0.982468 0.930079 0.995645 0.994871 
0073 0.111917	0.854341 0.943649 1.09073 0.990902 1.09636 0.827527 1.04331 0.887447 1.05635 1.01765 
0074 0.210363	1.0337 1.02606 1.05465 1.03759 1.05472 0.972025 1.09582 0.934444 1.06816 1.02825 
0075 0.0694301	1.00518 1.06558 1.13785 1.15833 1.01386 0.986324 0.917778 0.98863 1.05948 1.10977 
0076 0.0932642	0.877152 0.931078 0.910898 0.879867 0.974595 0.822619 1.04107 0.850159 0.977793 0.844784 
0077 0.165803	0.879897 1.07008 0.895882 0.968641 1.00748 0.995256 0.963048 1.10958 0.994633 1.12981 
0100 0.126082	0.975693 1.0492 0.823992 0.993363 0.997297 1.02691 0.983585 1.07687 0.936094 1.07236 
0101 0.131462	1.01536 0.922393 1.05728 1.03531 1.09372 1.01353 0.966301 0.847348 0.955143 0.980807 
0102 0.106199	1.01008 1.0504 0.940477 1.00222 0.876448 0.963967 0.949152 1.05031 0.982202 0.995449 
0103 0.14807	0.998603 0.966183 0.929847 0.951344 1.00784 0.979976 1.02326 0.96404 0.976469 0.940346 
0104 0.131462	1.09995 1.11348 0.999391 1.06558 1.05024 1.08403 1.03755 0.984671 1.05017 1.18123 
0105 0.12655	1.05221 0.8944 1.20234 1.06278 1.04881 0.92379 1.00726 0.800301 1.04528 0.932441 
0106 0.169591	0.967754 0.904681 1.09346 0.963548 0.934072 0.7901 0.988925 0.730489 1.01756 0.893862 
0107 0.0605848	0.85613 0.838259 1.03639 0.881166 0.900044 0.752378 0.93012 0.742329 0.865557 0.843297 
0110 0.188302	1.10935 0.982918 1.03042 1.03382 1.02091 0.942746 0.955217 0.953526 0.92541 1.04261 
0111 0.101641	1.04143 0.883499 1.15554 0.968406 0.958287 0.856358 0.893349 0.85743 1.06381 0.846301 
0112 0.183666	0.987865 0.9556 0.903727 0.926136 0.987354 0.861344 0.946323 0.967112 0.921523 0.95792 
0113 0.0438659	0.959721 0.977186 0.865883 0.878124 0.906074 0.889515 0.934793 1.02391 0.940717 0.949988 
0114 0.0920114	1.18051 1.06227 0.958133 1.0396 0.948826 1.00242 0.922784 1.16713 1.0155 1.0687 
0115 0.126961	1.17189 1.06955 0.944344 1.06533 1.168 1.05878 1.01528 1.20698 1.00552 1.06659 
0116 0.106633	1.09751 1.04851 0.880553 1.02931 0.985051 0.956099 0.987076 1.01538 0.964135 1.05929 
0117 0.156919	1.08601 0.985322 1.01541 0.954073 1.06058 0.930719 0.977836 1.03479 1.02012 0.983021 
0120 0.0941288	1.12114 1.16336 0.941133 1.04673 1.08529 1.05894 1.05932 1.3005 1.07291 1.19536 
0121 0.0910985	0.914689 1.0464 0.856041 0.922717 0.929091 0.941371 1.02385 1.03032 0.891556 1.05909 
0122 0.239394	1.03567 1.00876 1.06828 1.03719 0.955902 0.908017 1.0239 0.901868 0.949564 1.05245 
0123 0.153598	0.95722 1.01861 0.974252 0.918385 0.968327 0.835795 0.983675 0.817769 0.948772 0.901675 
0124 0.0774621	1.14785 0.949149 1.20739 1.11311 1.08248 1.00121 0.964489 0.988509 1.05178 0.981909 
0125 0.117424	0.965769 0.942299 1.00059 1.01188 0.885847 0.919229 1.0026 0.870967 0.912334 0.934603 
0126 0.0863636	1.00852 1.04553 0.86407 0.99633 1.04594 1.07265 1.03083 1.24023 1.02267 1.10409 
0127 0.14053	1.02407 0.975959 1.10881 0.995818 1.06937 0.870574 1.02109 0.995964 1.04867 0.938576 
0130 0.0760701	0.827312 0.863469 1.12278 0.855178 0.933239 0.795593 0.972336 0.782479 1.04232 0.815236 
0131 0.0642084	0.787138 0.984971 0.922604 0.886195 0.93534 1.00044 0.988295 1.02476 0.928678 0.985919 
0132 0.157813	1.04501 1.10778 0.959848 1.05227 1.05085 1.12251 1.02482 1.176 1.10479 1.10087 
0133 0.0636926	0.987202 1.15811 0.982951 1.11986 1.03843 1.14097 1.07219 1.1389 1.07726 1.22791 
0134 0.142084	1.00221 0.929624 1.17993 1.00797 1.01567 0.997477 0.991959 0.957559 1.05997 0.991089 
0135 0.109077	1.00679 1.01318 0.961293 0.934897 1.11068 1.00132 1.08155 1.04321 1.12093 1.00952 
0136 0.313048	0.958842 0.947997 1.02755 0.97847 0.958577 0.959701 1.05844 0.925395 0.980206 0.945933 
0137 0.0740072	0.976644 1.15283 0.800518 0.980289 0.974479 1.23267 1.09996 1.2601 1.08386 1.18262 
0140 0.151308	1.11054 1.00213 1.0227 1.01744 1.10327 1.1481 0.98278 0.936445 1.07953 1.08253 
0141 0.104437	0.883632 0.907042 1.09232 0.88044 0.974033 0.799727 0.994743 0.806908 1.02144 0.882571 
0142 0.108532	1.13736 1.18636 0.926987 1.048 1.09217 1.20421 0.994843 1.31902 1.15509 1.17166 
0143 0.0589306	1.03201 1.15686 0.833606 0.967161 1.00404 1.17203 1.04865 1.21389 1.02983 1.1694 
0144 0.242776	1.0451 1.00339 1.03442 0.989194 0.934843 1.08454 0.964341 0.936824 1.02175 0.991416 
0145 0.0791809	1.03505 1.07319 0.954934 0.983054 1.02544 1.0965 0.96539 1.03337 1.08215 1.05019 
0146 0.0973834	1.00569 1.02819 0.885401 0.872851 0.994114 1.00705 0.953968 1.11272 1.00657 1.00236 
0147 0.157452	0.955552 0.889103 1.23373 0.988569 1.03533 0.944419 0.957141 0.784129 0.986119 0.944434 
0150 0.214398	1.06582 1.07151 1.04043 1.08053 0.947359 1.06712 0.957487 0.960106 0.986366 1.08279 
0151 0.176721	1.01562 1.01373 0.913195 0.919685 0.97421 0.984074 0.958799 1.04368 1.01397 0.959198 
0152 0.181207	1.04853 0.934599 1.07685 0.999068 1.09972 0.967108 0.988192 0.997389 1.05769 0.973707 
0153 0.103835	0.879576 0.866324 1.12197 0.928525 1.02742 0.771164 0.929801 0.853501 0.97759 0.860275 
0154 0.0849966	0.94081 0.90223 1.21963 0.957025 0.957862 0.848436 0.908357 0.775703 0.940191 0.920519 
0155 0.097107	0.96787 0.966214 1.09836 1.01195 0.920188 0.945083 0.909959 0.900461 1.05657 0.901801 
0156 0.0594304	1.15424 1.10712 1.01491 1.08847 1.16466 1.08412 1.00029 1.24067 1.02286 1.11872 
0157 0.0823054	1.02053 0.988276 1.19202 1.12068 1.03096 0.975836 0.989305 0.924134 0.96848 1.04865 
0160 0.141542	0.926025 0.920426 0.944199 0.985546 0.946941 0.967299 1.00418 0.844808 0.910001 0.913621 
0161 0.0889753	1.03254 0.984533 1.07208 1.07086 1.0501 1.02921 1.09928 0.895451 0.984081 0.982018 
0162 0.130088	0.975997 0.836895 1.20038 1.02408 0.972477 0.864275 0.976755 0.760586 0.970367 0.933661 
0163 0.119247	0.964982 0.948587 0.943689 1.00608 1.02086 0.972935 1.1274 0.922492 0.928633 1.07523 
0164 0.0615668	0.916231 0.937213 0.974526 0.901182 1.00423 0.917388 1.00433 0.941723 1.03206 0.874136 
0165 0.0783391	1.15574 1.07871 0.961902 1.15104 1.04649 1.23488 1.14665 1.01411 1.08573 1.12845 
0166 0.144815	0.955902 0.840141 1.14451 0.982089 1.05625 0.93936 1.06831 0.738006 0.932157 0.817186 
0167 0.235426	1.02973 1.08109 0.858927 1.02737 0.991929 1.17459 1.13034 1.01252 1.04424 1.04075 
0170 0.156892	0.972554 1.08625 0.935261 0.934755 0.969758 1.01094 0.965742 1.12861 0.998386 1.05742 
0171 0.136352	1.19157 1.12646 0.948845 1.09449 1.02607 1.25858 0.992662 1.33179 1.03943 1.18011 
0172 0.0905716	1.12278 1.00902 0.980255 0.993853 1.13983 0.972975 1.03047 1.2148 1.07085 1.00565 
0173 0.1366	0.96574 0.831979 1.13206 0.938427 1.0224 0.733273 0.930485 0.982503 0.974072 0.881616 
0174 0.12101	1.0943 0.989185 1.12489 1.11525 1.07481 1.0991 0.988909 1.17425 1.04021 0.993357 
0175 0.162584	1.08337 0.948577 1.07716 1.00671 0.982701 0.984495 0.954395 0.995949 0.993982 0.977447 
0176 0.0856224	1.04347 1.08994 0.92772 1.05312 1.0037 1.1314 1.02025 1.14904 1.11328 1.06678 
0177 0.110369	1.01143 0.878187 1.10927 0.965005 0.92119 0.891905 0.930714 0.893722 0.994394 0.885933 
1000 0.114778	1.07869 1.22838 0.951999 1.08711 0.984469 1.09002 1.0751 1.07005 1.04216 1.17884 
1001 0.0868006	1.05842 1.06403 1.06628 1.036 1.10076 1.08662 0.998138 1.19692 1.00732 1.04165 
1002 0.145265	0.887866 1.05058 0.939114 0.991623 0.94947 1.00049 1.00939 0.877185 0.967613 1.02938 
1003 0.169297	0.930272 0.995314 1.06676 0.973394 1.00953 0.933208 0.997687 0.969846 0.966035 0.969826 
1004 0.115495	0.913751 1.0392 0.943944 0.911714 1.07388 0.927177 1.01265 1.14154 1.03204 0.924275 
1005 0.163558	1.05868 1.07587 1.18987 1.09735 0.999084 0.952742 0.987068 0.997258 1.02742 1.04716 
1006 0.130201	0.947005 0.95578 1.05031 0.894005 0.919167 0.929593 0.935125 0.865126 0.978838 0.874118 
1007 0.0746055	0.948717 1.09891 0.851342 0.922627 0.967301 0.973762 1.02222 1.10873 0.943002 1.00408 
1010 0.0640433	1.11792 1.03731 0.946209 0.938313 1.08577 1.06848 1.01384 1.09021 1.17786 1.03515 
1011 0.0997292	0.921362 1.00858 0.855465 0.88822 0.949583 0.904818 1.03768 0.972778 1.00338 0.999242 
1012 0.190059	0.938915 0.896756 1.14808 0.945578 1.02005 0.914759 0.998323 0.785454 0.940581 0.903022 
1013 0.102278	0.927275 0.930758 1.0245 0.940459 0.867095 0.869011 0.981592 0.877564 1.04471 0.913426 
1014 0.184961	0.94833 1.08397 0.873641 0.99322 1.0173 1.11653 0.991718 1.12929 0.961275 1.10271 
1015 0.198343	1.04693 1.05012 0.963979 1.03525 1.05292 1.05133 0.99624 1.05639 1.03338 1.05558 
1016 0.0783814	0.998969 0.951719 1.11083 1.05878 0.967077 0.98348 0.981749 0.778715 0.925424 0.995729 
1017 0.0822049	1.11002 1.07124 0.966434 1.13991 0.982965 1.17522 1.0639 1.07852 1.07263 1.21682 
1020 0.187312	1.00745 1.07383 0.904385 1.02585 0.966002 1.13968 1.00692 1.02916 0.975106 1.10014 
1021 0.0565244	0.899697 0.98065 0.940212 0.942778 1.04396 1.00138 0.951215 1.10803 0.89082 0.969291 
1022 0.102826	0.903859 0.850761 1.05627 0.887385 0.989642 0.92342 0.959483 0.957756 0.954728 0.880104 
1023 0.111545	0.917931 0.97552 0.922247 0.888498 0.956244 0.917843 1.00375 0.997922 1.01147 0.973072 
1024 0.0832832	0.929231 1.04207 0.866342 0.959918 0.888994 0.968357 0.987055 1.09918 0.991476 1.05193 
1025 0.191221	1.01786 1.01691 1.00341 1.05336 1.08444 1.10374 0.973231 1.10649 1.06416 1.10989 
1026 0.165063	1.00245 1.03961 1.02215 1.08566 0.932537 0.961597 0.968283 0.976057 0.957562 1.11485 
1027 0.102225	0.948171 0.859431 1.20187 0.971551 1.029 0.793996 0.940565 0.767265 1.01784 0.867551 
1030 0.127595	0.957094 0.884108 1.09341 1.05429 1.04378 0.881411 0.905681 0.887417 0.96881 0.945877 
1031 0.211538	0.845535 0.873123 1.07539 0.933799 0.958247 0.768397 0.930038 0.821235 0.9611 0.8963 
1032 0.1366	1.03402 1.04525 1.01384 1.05265 1.15357 1.00103 1.071 1.12635 1.10862 1.11305 
1033 0.0537241	1.0369 0.985867 0.960076 1.05454 0.932269 0.970359 0.988164 0.909839 0.974618 1.02103 
1034 0.0491453	0.946704 0.836722 1.20115 1.03227 1.15409 0.81521 0.948697 0.892305 1.00763 0.874685 
1035 0.0441087	0.841315 0.75185 1.29341 0.95026 1.01135 0.834902 0.942983 0.776243 0.885557 0.856251 
1036 0.218101	1.01083 1.09282 0.841309 1.04271 0.99461 1.08529 1.03984 1.06313 1.0563 1.15398 
1037 0.159188	0.820027 1.02413 0.88639 0.918841 0.925032 0.916474 1.00608 0.924719 0.971434 0.973946 
1040 0.0657861	0.951293 0.824006 1.28632 0.978682 1.0771 0.790578 1.04796 0.732086 1.03517 0.890996 
1041 0.115514	0.903612 0.836574 1.10604 0.91641 0.907807 0.908355 0.933834 0.778728 0.959194 0.877762 
1042 0.0863766	0.918915 1.11083 0.792428 0.912372 0.974768 1.05836 1.09575 1.06819 0.9981 1.14497 
1043 0.0968661	1.03 1.09784 0.957351 1.07606 1.0262 1.12769 1.10052 1.07952 1.03945 1.18429 
1044 0.197358	0.964916 0.92338 1.10787 1.0239 0.981357 1.00785 0.980975 0.915854 1.01083 1.00853 
1045 0.210438	0.9364 0.979903 0.987073 0.954562 0.959783 0.968461 0.983979 0.912757 0.979581 1.01734 
1046 0.103989	0.996704 0.951263 1.06171 0.944145 1.13243 0.993856 1.02818 1.00918 1.02116 0.992826 
1047 0.123673	0.992377 1.09689 0.859207 1.0346 0.992625 1.16622 1.02326 1.0085 0.977256 1.15017 
1050 0.109694	0.958234 1.03426 1.04798 1.03575 0.919099 1.04685 0.972696 0.958805 1.0086 1.07325 
1051 0.190689	0.937657 0.87468 1.11533 0.974864 1.04093 0.923372 0.940499 0.928604 1.03649 0.942781 
1052 0.256378	1.00493 1.00306 0.918872 0.964985 0.980269 0.969043 0.9869 0.989647 0.962539 1.01303 
1053 0.0714286	1.15227 1.08702 0.917381 1.07098 1.1404 1.20035 1.10146 1.21075 1.05626 1.13954 
1054 0.0561224	1.16453 1.04488 1.13745 1.10328 1.09885 1.17015 0.97572 0.90638 0.997672 1.06106 
1055 0.111607	0.87522 0.925752 1.0764 0.902341 0.944836 0.801899 0.972645 0.688184 0.965524 0.894944 
1056 0.107143	0.892794 1.03956 0.879967 0.946347 0.892124 1.01269 1.02234 0.945545 0.965219 1.05132 
1057 0.0969388	1.06396 1.12596 0.895957 1.15097 0.968407 1.26052 0.97523 1.18322 0.971099 1.21484 
1060 0.168472	0.88139 0.883679 1.10457 0.955725 1.02475 0.833283 0.935622 0.798416 0.865156 0.944148 
1061 0.109441	0.89857 0.926327 1.0082 0.936598 0.905553 0.87244 0.94646 0.819518 0.902243 0.904562 
1062 0.112757	1.08378 1.13496 0.999668 1.13277 1.079 1.20648 1.04778 1.13163 1.03452 1.24434 
1063 0.179527	0.920107 1.04371 0.964439 1.0176 0.96318 1.06058 1.00437 0.981886 0.911764 1.14375 
1064 0.180632	0.989261 1.04418 0.97838 0.956989 0.991853 0.965004 0.975488 1.01855 1.04091 0.982265 
1065 0.0523989	0.991653 0.985944 1.15157 1.10468 1.01479 0.963223 0.97936 0.92853 0.995751 1.04315 
1066 0.074287	1.10751 0.964817 1.11773 1.05267 1.08361 0.966621 0.966187 0.875123 0.998356 1.02003 
1067 0.122485	0.996346 1.08986 0.893574 1.03666 1.04745 1.08189 0.969339 1.0092 1.03245 1.11538 
1070 0.237609	1.05195 1.11023 1.00624 1.08588 1.02092 1.09783 0.982672 1.16195 1.01448 1.16302 
1071 0.0655977	0.903431 0.954785 1.08956 0.990447 0.94593 1.01332 0.939134 0.976974 1.06169 0.939853 
1072 0.150979	0.999545 1.00053 1.17154 1.02815 1.07531 0.943738 0.957281 0.889112 1.01887 0.981424 
1073 0.0924615	0.935129 0.964266 1.05682 0.931465 0.961583 0.941246 0.961616 0.957018 1.01165 0.911321 
1074 0.0805914	0.968574 1.01351 1.00509 1.00109 1.11644 1.01072 0.962755 1.20428 1.08994 0.963893 
1075 0.0941274	0.892051 0.864621 1.1835 0.932588 0.957855 0.856215 0.926046 0.857213 0.98058 0.88048 
1076 0.0791337	0.874343 0.984559 0.878307 0.899972 0.977809 0.952743 0.923738 1.0594 0.970556 0.903452 
1077 0.1995	1.01804 1.16467 0.868888 0.985411 0.937529 1.18174 0.963671 1.09224 1.06101 1.10229 
1100 0.168639	1.07311 1.04175 0.925228 1.07664 1.03252 1.22341 0.981137 1.22341 1.03246 1.105 
1101 0.120316	0.981113 1.06357 0.830849 0.935918 0.997825 1.14802 0.930685 1.06176 0.952819 0.977546 
1102 0.236686	1.02166 1.02095 1.0367 0.983443 1.04909 1.05747 0.971582 0.968737 0.976698 0.988285 
1103 0.113412	0.913497 0.905388 1.07742 0.91844 0.940068 0.958273 0.913834 0.829532 0.922382 0.911311 
1104 0.0483235	0.949549 1.00136 0.942977 0.90825 0.974274 1.06705 1.00764 0.854379 0.974113 0.979844 
1105 0.136095	1.06685 0.943263 1.13878 1.05158 1.04456 1.10261 1.05263 0.879868 0.956349 0.996947 
1106 0.0749507	0.933345 0.966928 0.964923 1.01678 0.920803 1.18774 1.02832 1.00939 0.88277 1.02482 
1107 0.101578	0.864226 0.998937 0.925932 0.915294 0.910941 1.00619 1.02485 0.858162 0.955453 0.910917 
1110 0.149315	0.949073 0.96842 0.928341 0.978039 0.903799 1.02186 1.00686 0.96202 0.922644 0.962839 
1111 0.0684932	0.947294 0.850383 1.19664 0.939479 1.04567 0.917079 0.94383 0.797174 0.940926 0.830638 
1112 0.135616	0.996076 0.950059 1.05942 0.9979 0.986724 1.02815 0.965878 0.878592 0.996184 0.991779 
1113 0.0917808	1.04491 0.877301 1.22564 1.02974 1.0055 0.913392 0.960103 0.773718 1.0026 0.927595 
1114 0.0424658	0.989294 0.864653 1.09144 0.937834 0.933427 0.965402 0.983212 0.815588 0.941832 0.899492 
1115 0.141096	1.08067 0.965817 1.11475 1.08214 0.995032 1.01326 1.06483 0.957 1.0124 0.971791 
1116 0.160274	1.00172 1.08039 0.999809 1.09523 1.08666 1.17626 1.09799 1.2399 1.02234 1.19112 
1117 0.210959	0.961975 0.952181 0.933365 0.8986 0.986826 0.968824 0.967499 0.967704 0.958476 0.876445 
1120 0.0559567	1.14164 1.06973 0.878744 1.0884 1.01211 1.23305 1.06861 1.24499 0.976061 1.20796 
1121 0.0812274	1.10498 0.792934 1.27693 0.98796 1.0384 0.904623 0.911811 0.764883 0.882849 0.843441 
1122 0.152527	1.07104 1.01146 0.941 0.98406 1.10791 1.04845 1.01053 1.22968 0.983127 1.10526 
1123 0.128159	0.922752 0.912289 1.00751 0.971875 0.86103 0.924309 0.945081 0.864478 0.873202 0.9253 
1124 0.083935	1.2703 1.04181 0.991957 1.09661 1.01675 1.16687 0.985581 1.26303 1.09641 1.07095 
1125 0.0791215	1.10638 1.15099 0.860363 0.975952 0.949818 1.11545 0.986596 1.32126 1.11089 1.00692 
1126 0.258724	0.994001 0.905045 1.10055 0.981764 0.999618 0.948745 0.930597 0.937461 0.964599 0.907573 
1127 0.160349	1.02949 1.03207 0.844359 0.930617 0.9174 1.13588 0.96422 0.999212 0.924579 1.0045 
1130 0.115532	1.01193 1.09666 0.966725 1.0693 1.04028 1.11892 0.989807 1.20291 1.00737 1.10781 
1131 0.114002	0.931954 0.87438 1.17368 1.02109 1.07152 0.947844 1.02605 0.941007 1.01495 0.927726 
1132 0.0696251	1.06431 0.933539 1.08961 1.03617 0.988574 0.96291 0.995203 0.835154 1.0168 0.916232 
1133 0.156083	0.942723 0.978755 1.05879 0.955521 0.938753 0.949039 0.98926 0.930041 1.09337 0.922839 
1134 0.226473	1.01186 1.13064 0.842532 0.96319 1.00125 1.03333 1.05659 1.40152 1.03192 1.01925 
1135 0.0818669	0.904831 0.904806 1.05423 0.95677 0.97011 0.904124 0.959193 0.81887 1.0036 0.830276 
1136 0.0948738	1.01495 1.0278 0.913501 1.02875 0.955106 1.18241 1.04123 1.2145 1.02163 1.00946 
1137 0.141546	0.866657 0.927831 1.01864 0.95762 0.883468 0.909641 0.947473 0.867831 0.936586 0.910866 
1140 0.172266	0.959587 0.939546 1.06629 0.996352 0.900245 0.914349 1.00673 0.85328 0.986041 0.9205 
1141 0.0528949	1.11066 1.1954 0.955635 1.06904 1.07359 1.30991 1.04921 1.63755 1.18354 1.23006 
1142 0.185847	1.0986 1.09335 0.90314 1.00616 0.988694 1.11099 0.991422 1.42042 1.11039 1.06316 
1143 0.189421	1.07365 1.01563 1.02591 1.0024 1.09471 1.13151 1.07949 1.15004 1.0076 0.997847 
1144 0.132952	1.11249 1.0677 1.08385 1.10624 1.0294 1.17953 1.11098 1.08721 1.03889 1.08678 
1145 0.137241	1.02627 0.868343 1.22919 1.05241 1.05672 1.03004 0.983296 0.903174 0.979075 0.869257 
1146 0.0779128	1.01983 1.08571 0.918419 0.936769 1.03307 0.980845 0.968354 1.35757 1.02819 1.08245 
1147 0.0514653	0.925907 1.03606 0.998009 1.07622 0.964643 1.01364 1.06561 1.03155 0.944376 1.17319 
1150 0.115681	1.04811 1.07258 1.04615 1.14081 1.05206 1.19443 1.0487 1.04989 1.04098 1.07739 
1151 0.0730077	1.03945 1.03006 0.92427 1.03866 1.10387 1.22257 1.02211 1.17942 0.990826 1.05328 
1152 0.191774	0.943677 0.854958 1.15695 1.00126 1.01201 1.08502 0.946282 0.88515 0.931312 0.864422 
1153 0.0971722	0.954166 0.958286 1.14755 1.05909 0.935658 1.05762 1.00476 0.911784 0.910994 0.959699 
1154 0.192802	0.981902 0.972597 0.93368 0.984944 0.99649 1.02489 1.02252 0.962393 0.906805 0.913301 
1155 0.0493573	0.89227 1.12346 0.8115 0.949106 0.924988 1.06537 1.05681 0.948429 0.939155 1.06681 
1156 0.0694087	0.886685 0.891969 0.976196 0.99763 0.945394 0.952135 0.933062 0.88289 0.803563 0.966096 
1157 0.210797	0.923884 1.06561 0.909437 1.00017 0.978322 1.07995 1.03122 1.02621 1.01844 1.01272 
1160 0.171498	1.0862 1.00004 1.16294 1.08867 0.988904 1.01847 0.976759 0.931624 1.0573 0.988875 
1161 0.0570048	0.841694 0.982826 0.869853 0.844726 0.903915 0.947601 0.955553 0.962221 0.95895 0.927018 
1162 0.116908	0.993477 1.0079 0.958412 1.05055 0.952861 1.03965 1.02459 0.965579 0.970212 1.03422 
1163 0.0961353	1.01754 1.14244 0.865142 1.04922 1.01448 1.28105 1.03722 1.17127 1.00435 1.17768 
1164 0.0700483	0.936074 1.12873 0.820453 0.922805 0.957907 1.23633 1.0432 1.31757 1.0676 1.00164 
1165 0.191304	0.993689 0.962584 1.0418 1.03887 1.06704 1.13928 1.06497 1.00025 0.973092 1.06695 
1166 0.12029	0.925523 0.953354 0.956692 1.00379 0.892116 0.955416 0.936144 0.923571 0.950384 0.939594 
1167 0.176812	0.915223 0.913448 1.03077 0.922029 0.988209 0.924608 0.9134 0.828866 0.901507 0.84179 
1170 0.185014	1.03517 1.05004 0.869124 0.922227 0.961021 1.02529 1.02264 1.03337 0.991738 0.979539 
1171 0.183082	1.02079 1.0798 0.898486 1.04966 0.968556 1.18968 1.05206 1.09196 0.939629 1.12585 
1172 0.0892236	1.17063 0.979969 1.16679 1.08067 1.01501 1.04108 1.02985 0.742879 1.08092 0.949697 
1173 0.140209	1.01659 0.917171 1.11233 0.994463 0.93323 1.0457 0.9773 0.803314 0.914506 0.926944 
1174 0.0691387	1.19892 1.06672 1.06247 1.16948 1.04571 1.15209 0.974539 1.01896 1.07251 1.09245 
1175 0.105832	0.992224 0.923405 1.05579 0.943183 1.00829 0.896525 0.976391 0.813545 1.08919 0.924062 
1176 0.0876786	1.06354 1.01181 1.04091 1.07833 1.04644 1.0978 0.98128 0.977538 0.97682 1.0327 
1177 0.139822	1.13043 1.04104 0.982217 1.01256 1.05236 1.21099 1.01511 0.993262 1.07268 1.00039 
BOUNDS
LWPS R    0.0  0.0  0.0  0.0  0.0  0.0  0.0  0.0  0.0  0.0
UWPS R    0.5  0.5  0.5  0.5  0.5  0.5  0.5  0.5  0.5  0.5
LXAS R   -0.5 -0.5 -0.5 -0.5 -0.5 -0.5 -0.5 -0.5 -0.5 -0.5
UXAS R    0.5  0.5  0.5  0.5  0.5  0.5  0.5  0.5  0.5  0.5
END
