NAME moment_estimation_cluster
ASSETS 10
BENCHMARKS 0.1 0.1 0.1 0.1 0.1 0.1 0.1 0.1 0.1 0.1 
COVARIANCES
0 0 0.00921994
1 0 0.00398974
1 1 0.00802067
2 0 0.000230291
2 1 0.00553235
2 2 0.00637164
3 0 0.00453811
3 1 0.00267058
3 2 0.000806935
3 3 0.00482731
4 0 0.00519127
4 1 0.00125275
4 2 -0.00135919
4 3 0.00390483
4 4 0.00493423
5 0 0.00319987
5 1 0.00304575
5 2 0.000869383
5 3 0.00222231
5 4 0.00244702
5 5 0.00369836
6 0 0.000198143
6 1 -0.00106792
6 2 -0.000692445
6 3 0.000866071
6 4 0.000986101
6 5 -0.000396029
6 6 0.00108919
7 0 0.00163803
7 1 -0.00590211
7 2 -0.00618799
7 3 0.00228132
7 4 0.00408152
7 5 -0.000286377
7 6 0.00241979
7 7 0.0113048
8 0 0.000782219
8 1 0.000592201
8 2 -0.000336606
8 3 0.00133914
8 4 0.00141293
8 5 0.00213908
8 6 -1.03412e-05
8 7 0.00150139
8 8 0.00230263
9 0 0.00151242
9 1 -0.00175948
9 2 -0.00254377
9 3 0.0011715
9 4 0.00210449
9 5 0.000903745
9 6 0.000630514
9 7 0.00402927
9 8 0.00106176
9 9 0.00196055
SCENARIOS
0 0.65842	1.03739 1.03421 1.01841 1.04677 1.02704 1.01398 1.00692 0.974473 1.006 0.99937 
1 0.34158	0.925339 0.929303 0.954717 0.94438 0.960698 0.949894 0.990178 1.02122 0.982367 0.997084 
00 0.541296	1.06088 1.05574 1.00505 1.06145 1.05819 1.0144 1.01773 1.09515 1.00204 1.00189 
01 0.458704	0.972628 0.972334 0.983015 0.920762 0.954281 0.991165 0.963112 0.967339 0.967966 0.988433 
10 0.347942	1.11739 0.990153 0.917734 1.05983 1.08945 1.01662 1.02063 1.15974 1.00879 1.05034 
11 0.652058	0.986207 1.01752 1.05926 0.959806 0.949341 0.972733 0.997665 0.992556 1.00198 0.982972 
000 0.209512	0.993112 0.912563 0.947927 0.952112 0.95448 0.97488 1.00375 0.973773 1.01764 1.03003 
001 0.062991	1.12676 1.13261 1.10225 1.05018 1.02067 1.09159 0.966281 0.850663 1.06054 0.962199 
002 0.146745	0.992296 1.03322 1.09903 1.00404 0.94961 1.01579 0.979872 0.974555 1.04017 0.967083 
003 0.188019	1.06825 0.97493 0.953526 1.06893 1.07886 1.06892 0.99256 1.03002 1.0026 1.08041 
004 0.087991	1.22726 1.05769 0.993751 1.18394 1.19969 1.19406 1.02441 1.07989 1.12779 1.09833 
005 0.0545174	1.04595 1.22373 1.30777 1.01313 0.953475 1.06061 1.00157 0.740811 0.962114 0.896287 
006 0.137795	0.850869 0.949474 1.04848 0.882027 0.869695 0.962513 0.984636 0.886737 0.975202 0.941142 
007 0.11243	1.03349 0.866922 0.831304 0.954646 1.05486 1.01007 1.02304 1.19616 1.07007 1.09645 
010 0.139627	0.925275 0.868198 0.911071 0.933946 0.95754 0.96009 1.03768 1.12032 1.02051 1.05177 
011 0.0906231	1.13578 1.13082 1.07242 1.12263 1.13884 1.08909 1.03024 1.00251 1.01086 1.04865 
012 0.118237	0.931682 1.18838 1.27264 0.972308 0.893526 0.984736 0.992455 0.854689 0.99699 0.907552 
013 0.0802265	1.02609 0.817938 0.787799 0.998265 1.09067 0.984703 1.02468 1.31989 1.04586 1.12027 
014 0.252401	1.01809 1.05907 1.02348 1.046 1.05361 0.974934 1.03728 1.08787 0.992698 1.00472 
015 0.165486	0.877399 0.965685 1.02903 0.908837 0.896283 0.990202 1.02199 0.966845 0.985142 0.952979 
016 0.0982385	0.914006 0.939766 1.00431 1.0361 0.987831 1.04544 1.03396 1.11103 1.0976 1.03608 
017 0.0551619	1.1773 0.897797 0.828691 1.12487 1.21961 1.04672 1.08256 1.42162 1.10912 1.1378 
100 0.0781658	0.837467 0.826421 0.889028 0.86763 0.899199 0.932413 0.976621 1.08313 1.0062 1.02789 
101 0.22196	0.955576 0.883498 0.897304 0.985038 1.03071 1.00757 1.01215 1.0726 1.05104 1.05068 
102 0.252671	1.09512 1.01653 0.999232 1.10838 1.08964 1.0792 1.04129 1.01258 1.07614 1.05382 
103 0.071098	0.927427 1.00029 0.995991 0.862002 0.927664 0.961288 0.956234 0.894308 0.985539 0.975768 
104 0.116029	0.908214 0.937781 1.06466 0.941779 0.905578 0.974973 0.983673 0.897397 1.00684 0.981118 
105 0.0670593	1.03626 1.09414 1.05665 0.962999 1.00567 1.11646 0.99826 0.868091 1.02002 1.00707 
106 0.0659655	0.911547 0.949246 1.09598 1.01137 0.950456 0.955258 1.04861 0.92223 0.979884 0.945845 
107 0.127051	1.06764 1.13218 1.15721 1.05624 1.0408 1.14958 1.01477 0.810965 0.99934 0.981813 
110 0.108876	1.03036 0.957955 0.903605 1.05589 1.13673 1.11285 1.0177 1.08528 1.07048 1.05504 
111 0.171598	1.01596 1.12165 1.05248 1.09378 1.0513 1.08304 1.00519 0.923885 1.04218 0.985062 
112 0.182059	0.869263 0.898031 0.944869 0.986116 0.986024 0.971404 1.00421 1.02509 0.972354 1.02188 
113 0.0921295	0.998111 0.917196 0.883002 0.944081 1.01954 1.00462 0.987865 0.99897 1.01332 1.03488 
114 0.106452	1.10645 1.0315 0.947641 1.043 1.06338 0.996567 1.02463 0.926586 0.952864 0.985548 
115 0.143851	0.827109 0.867133 0.928478 0.88108 0.900956 0.984287 1.01641 1.00247 1.01199 1.00259 
116 0.117676	0.878615 1.13873 1.15302 0.948774 0.900901 1.03333 0.984165 0.792219 0.988563 0.884575 
117 0.0773582	1.22233 1.20729 1.04999 1.19898 1.17474 1.15479 0.962057 0.893055 1.04461 0.99046 
0000 0.138342	1.0276 0.870356 0.897796 1.05824 1.09142 0.970515 1.01892 1.27301 0.986185 1.09534 
0001 0.132851	0.926478 0.936274 0.998874 0.953993 0.922807 0.895702 0.96841 0.998596 0.940797 0.963008 
0002 0.195527	1.15346 1.14213 1.09406 1.09323 1.07878 1.09401 0.963129 0.938155 0.972656 0.980652 
0003 0.0751306	0.922119 1.03827 1.08217 1.0618 0.955763 1.00437 0.979165 0.939735 1.04483 0.962691 
0004 0.116111	0.958506 0.936337 0.94303 0.943628 1.01845 0.98111 1.01708 1.12864 0.974971 1.01866 
0005 0.18026	0.951057 0.893761 0.987756 1.02259 1.03355 0.954357 1.0391 1.10298 0.934649 1.01602 
0006 0.0670952	0.788194 0.958496 1.08206 0.914327 0.843347 0.930293 0.966096 0.932907 0.929958 0.931734 
0007 0.0946833	0.981222 1.04235 0.995942 0.950394 0.975852 1.10301 0.998558 0.924504 0.996149 1.00328 
0010 0.212918	0.953688 1.03719 1.05738 0.960261 0.967287 0.995021 0.998486 0.92577 0.978366 0.995141 
0011 0.0939866	0.823576 0.957138 0.987601 0.880363 0.878035 0.98456 0.91308 0.953205 0.96936 1.01871 
0012 0.109577	0.920753 0.992249 1.01223 0.994508 0.950517 0.998755 1.01453 1.0177 1.01156 1.02072 
0013 0.112249	1.04224 0.979899 1.00631 1.08018 1.10352 1.05386 1.05875 1.12993 0.981088 1.08522 
0014 0.0895323	1.08764 0.965628 0.962973 0.930735 1.00165 1.02077 0.9534 1.00263 0.964934 1.05301 
0015 0.158129	0.996033 0.970074 0.888507 1.0185 1.07151 1.04584 1.03865 1.13847 0.983069 1.08493 
0016 0.0454343	1.10705 1.19775 1.17529 1.14619 1.13026 1.17906 1.00409 0.924799 1.05651 1.03586 
0017 0.178174	1.01466 1.12993 1.0554 1.04936 1.00906 1.0626 0.938383 0.989015 1.04478 1.03406 
0020 0.21434	0.941179 0.988669 1.03712 1.06703 1.01726 1.02356 1.00148 0.891567 0.979965 1.03894 
0021 0.0866157	1.10271 1.07322 1.0135 1.11198 1.11342 1.09198 0.975504 0.876847 1.01776 1.03944 
0022 0.113576	1.01388 0.87555 0.844912 1.07444 1.11895 1.03974 0.998106 1.1004 1.04579 1.1289 
0023 0.0929254	0.904037 0.935839 1.07536 0.985148 0.933199 0.852691 0.996272 0.904435 0.89881 0.954696 
0024 0.0887189	0.912846 1.14822 1.15028 0.948227 0.909158 1.02399 0.927699 0.723446 0.959747 0.92192 
0025 0.0856597	0.945791 0.937639 0.943653 0.940449 0.943318 0.968468 0.986109 0.938867 1.02069 1.01656 
0026 0.231166	1.0116 0.990885 0.943125 0.951674 1.00417 1.01209 0.975744 0.961861 0.994012 1.05784 
0027 0.0869981	0.811216 0.882889 1.00491 0.881796 0.886469 0.967568 1.00343 0.846012 0.960958 0.971648 
0030 0.13595	1.02931 0.835133 0.884264 1.08696 1.08208 0.993552 1.02216 1.32373 1.09881 1.0562 
0031 0.134905	0.927564 0.992237 1.04704 0.890741 0.899537 0.970087 1.01001 0.928225 0.997491 0.924797 
0032 0.157439	0.951601 0.884563 0.92141 0.973484 0.985128 0.900853 1.06809 1.16346 0.999033 0.996427 
0033 0.0798388	1.19718 1.12396 1.09357 1.04002 1.02483 1.02196 1.03645 0.892905 0.975654 0.953983 
0034 0.0953589	1.05821 1.11557 1.18325 0.983929 0.941766 0.980756 1.0276 0.948632 1.01586 0.933291 
0035 0.200716	1.01063 0.956137 0.904877 0.957047 1.04808 1.05263 1.01204 1.07824 1.11361 1.03174 
0036 0.0492464	0.944983 1.05426 1.14809 1.0699 0.964964 0.974727 1.05303 1.05613 1.06842 0.958362 
0037 0.146545	1.20957 1.13869 1.0657 1.09861 1.10856 1.00637 1.0162 1.02937 1.04922 1.00034 
0040 0.216837	0.955491 1.0019 1.02026 0.986157 0.928497 0.869145 0.993582 0.996204 0.891216 0.937459 
0041 0.125638	1.18327 1.07301 1.05409 1.04746 1.04633 0.989147 0.977067 0.860006 0.877947 0.977481 
0042 0.155612	1.00566 1.09557 1.06035 1.02642 1.01031 1.10373 0.976871 0.909437 1.03 1.0153 
0043 0.0956633	1.21149 0.913733 0.877388 1.12268 1.15235 1.02458 1.0397 1.17638 0.983406 1.12051 
0044 0.0762117	1.01545 1.05995 1.12268 1.11594 1.03687 0.963974 1.03284 1.09616 0.973373 1.00015 
0045 0.0870536	0.983166 0.869872 0.846242 0.995616 1.07449 0.927248 1.07386 1.23743 0.968568 1.08793 
0046 0.185587	0.975086 1.03031 1.11619 0.923575 0.898364 0.944596 0.979857 0.871006 0.882296 0.923291 
0047 0.057398	0.944917 0.813688 0.770311 0.903008 0.995982 0.809697 1.03758 1.38452 0.903737 1.04858 
0050 0.0926402	1.02988 1.12227 1.00288 1.07857 1.06274 1.09111 0.933622 0.961185 1.12327 1.01796 
0051 0.133299	0.881813 1.08361 1.11504 1.04089 0.93296 1.03664 0.990291 0.981423 1.08879 1.01556 
0052 0.0756562	0.982769 1.09602 1.11966 0.923954 0.869925 0.992596 0.93571 0.844056 0.992584 0.948092 
0053 0.117859	1.02723 0.947714 0.860208 1.06257 1.06284 1.03432 1.00825 1.18126 0.996893 1.05513 
0054 0.111683	1.11239 1.0921 1.04548 1.02289 1.0013 1.04178 0.911933 0.859426 0.988661 0.967934 
0055 0.227483	0.889331 0.934445 0.965396 0.899083 0.899213 1.02408 0.950571 0.929335 1.00704 1.01496 
0056 0.0941843	1.08487 1.06945 0.999757 1.14398 1.04493 0.977896 1.02682 1.14338 1.06665 1.00572 
0057 0.147195	1.13752 1.05069 0.90446 1.01052 1.08728 1.01045 0.934575 1.09781 1.0451 1.0524 
0060 0.161678	1.1845 0.931259 0.928851 1.08132 1.12799 1.03221 1.05229 1.27104 1.0919 1.11381 
0061 0.117288	1.13101 1.11731 1.02998 1.0212 1.11073 1.0797 0.970113 0.940525 1.01009 1.01412 
0062 0.0969253	1.01855 1.08159 1.14608 1.00003 0.941364 1.01236 0.943015 0.965159 1.0263 0.981398 
0063 0.209326	1.05224 0.969845 0.92675 0.979743 0.996029 1.09211 0.93199 1.01372 1.02326 1.03387 
0064 0.0824679	0.93551 1.03614 1.10511 0.888766 0.874957 0.928797 0.977508 0.788299 0.898066 0.92741 
0065 0.154347	0.876903 0.801016 0.865355 0.920388 0.949681 0.861111 1.00738 1.21318 0.996795 1.04794 
0066 0.0671961	1.06939 1.24087 1.17944 1.05559 0.989326 1.07888 0.93813 0.690924 1.00417 0.930857 
0067 0.110772	1.08176 1.07 1.05887 1.08391 1.03288 1.05538 0.989281 0.94615 1.01983 1.05065 
0070 0.169204	0.924765 1.08163 1.08569 0.960583 0.91594 1.02062 0.968665 0.798904 0.953639 0.956542 
0071 0.0419266	1.22985 1.16158 1.04736 1.09575 1.11955 1.20435 0.946976 0.920676 0.994402 1.05774 
0072 0.141752	0.728921 0.856398 0.953187 0.892162 0.872444 0.918826 0.979674 1.06942 0.978393 0.99825 
0073 0.0923384	0.851588 0.844869 0.939952 1.02853 0.99169 1.00077 1.02785 1.14237 1.0467 1.06106 
0074 0.112803	1.02783 1.0384 1.00281 1.14445 1.15003 1.05991 1.01195 1.02956 0.992796 1.05871 
0075 0.191914	1.03104 0.84338 0.88982 1.05679 1.09418 1.02512 1.02981 1.16188 0.990407 1.0751 
0076 0.122536	1.11034 1.0576 0.999947 0.99401 1.04507 1.05229 0.92016 0.823706 0.951576 0.995489 
0077 0.127527	0.919541 0.932913 1.0492 1.00033 0.993682 0.994561 1.00958 1.05747 1.01349 1.01566 
0100 0.0673465	0.967863 1.25762 1.18162 1.01209 0.977616 1.10143 0.968157 0.817832 0.997678 0.936514 
0101 0.0640266	0.975391 1.02296 1.06429 0.962151 0.940368 0.930429 0.985181 0.91699 0.893009 0.919767 
0102 0.162675	1.10413 1.03201 0.941373 1.03162 1.09456 0.965456 0.954155 1.04445 1.00555 1.02767 
0103 0.134693	1.16249 1.15063 1.06058 1.11565 1.1057 1.01968 1.00663 1.02437 1.04821 0.960657 
0104 0.0851316	0.85555 0.803142 0.896747 0.9114 0.982092 0.925913 1.05007 1.1848 0.945913 1.00673 
0105 0.152715	0.982302 0.975243 1.00921 0.98981 0.990493 0.928691 1.00364 1.03554 0.93164 0.971772 
0106 0.18046	0.934907 0.98779 1.03916 1.08018 1.0387 1.00219 0.973436 1.03483 1.03925 0.988788 
0107 0.152952	0.929621 0.966601 0.975238 0.929907 0.897527 0.957863 0.956444 1.0434 1.00759 0.94639 
0110 0.0712459	1.12717 0.929875 0.904224 1.13162 1.11889 1.13944 1.09226 1.24518 1.1196 1.06961 
0111 0.0847643	0.908564 1.09978 1.09706 0.891447 0.873651 0.965068 0.955781 0.822958 1.02401 0.87135 
0112 0.263792	1.00663 1.04126 1.01015 0.957086 0.956951 1.07752 1.02996 0.954961 1.06816 0.939976 
0113 0.0675923	1.07264 1.08228 0.931126 0.982705 1.03825 1.07192 1.01946 1.07873 1.13902 1.01919 
0114 0.149434	1.12745 1.13946 1.0068 1.09643 1.0763 1.06369 1.01186 1.00226 0.999048 1.01527 
0115 0.148703	0.955998 0.92681 0.991302 0.989068 0.929217 0.912564 1.06785 1.1428 1.02227 0.991728 
0116 0.0887833	1.00143 1.17394 1.1179 1.12635 1.01088 1.08401 1.0389 0.940451 1.07911 0.935027 
0117 0.125685	1.0159 0.866986 0.871442 1.02925 1.05355 0.885214 1.06999 1.27167 0.993014 1.02356 
0120 0.0688883	0.956628 0.946585 1.08087 0.975131 0.919635 0.963434 1.00199 0.870357 0.968043 0.947634 
0121 0.254831	1.01207 0.925451 0.918976 1.05961 1.06686 0.980618 1.07358 1.10773 0.953234 1.03321 
0122 0.117054	0.992876 1.00922 1.01086 1.05436 1.00638 1.01894 1.02645 0.890412 0.999436 0.970608 
0123 0.0658079	0.760517 0.834526 0.928138 0.887775 0.88074 0.90301 0.974967 0.880465 0.931771 0.955866 
0124 0.127415	0.93909 0.904142 0.848456 0.951725 0.992405 1.05619 0.961636 0.981849 0.980169 1.03678 
0125 0.0719686	1.33308 1.14874 0.992188 1.04144 1.11526 1.05596 0.970952 0.925892 0.96625 0.969514 
0126 0.189303	0.971016 1.07893 1.04727 0.949901 0.937069 1.00347 0.953777 0.801753 0.97432 0.910462 
0127 0.104733	1.15172 1.11108 1.0375 1.21745 1.13848 1.09081 1.04835 1.02156 1.044 1.03556 
0130 0.0722245	1.07912 1.02819 0.956292 1.04649 1.0947 1.07616 1.0682 1.06958 1.05765 1.0385 
0131 0.178291	0.84843 0.989477 1.09203 0.92588 0.919572 0.970081 1.04963 0.918659 0.914201 0.938412 
0132 0.144449	1.02667 0.951639 0.939415 1.03369 1.05664 1.01433 1.11261 1.20566 1.02866 1.05022 
0133 0.167974	0.953327 1.04332 0.997328 0.941289 0.985389 0.980193 1.02455 0.938776 0.967872 0.986029 
0134 0.0891457	1.09908 1.07966 1.06056 1.14038 1.10329 1.01196 1.10843 1.02359 0.972648 0.994384 
0135 0.139496	0.837997 0.888037 1.00087 1.00836 0.9486 0.924919 1.05086 1.05188 0.972228 1.00773 
0136 0.135369	0.889997 1.02991 1.04701 1.04829 0.953436 0.913209 1.01202 0.938839 0.998933 0.969609 
0137 0.0730499	1.14551 1.1211 1.10263 1.00012 1.06967 1.04822 0.99424 0.962529 0.974415 0.989404 
0140 0.0895973	0.965368 0.924214 1.03828 1.01681 0.938451 0.928136 1.04589 0.991725 1.02697 0.994638 
0141 0.203594	1.03239 0.919062 0.92583 0.960189 1.02785 1.01395 1.01509 1.06699 1.04929 1.04901 
0142 0.157287	1.1353 1.03138 1.01194 1.09607 1.08641 1.15233 0.987334 0.920291 1.11913 1.03356 
0143 0.133281	0.978879 1.13135 1.13062 1.02904 0.963674 1.05446 0.963173 0.77192 1.07478 0.952555 
0144 0.047619	0.970917 0.945649 0.937783 0.961054 0.957739 0.922926 0.988258 0.938293 0.917398 0.955323 
0145 0.0861865	0.952844 0.921343 0.975425 1.08319 0.981776 0.98198 1.00875 1.04701 1.05752 1.0133 
0146 0.212908	0.96441 0.988309 1.04283 0.899543 0.90157 0.99722 0.945204 0.901094 1.01484 0.972009 
0147 0.0695264	1.10857 0.941383 0.82562 1.09758 1.16662 1.08619 1.03648 1.18873 1.03597 1.11498 
0150 0.0694278	1.04949 1.01683 0.933191 0.972779 1.07929 1.06019 0.942903 0.98649 1.0858 1.06028 
0151 0.164066	0.953293 0.916894 0.898953 0.998667 1.00762 0.870484 0.989991 1.10738 0.976192 1.01224 
0152 0.0512205	0.756042 0.855136 0.967742 0.825134 0.851968 0.805794 0.931489 0.915024 0.961078 0.952505 
0153 0.14906	0.940622 0.935686 1.02105 0.946675 0.961151 0.983583 0.975512 0.917249 1.00244 0.993347 
0154 0.155462	0.941625 1.04453 1.08048 0.952421 0.920994 0.875473 0.986091 0.840973 0.95489 0.919358 
0155 0.145658	1.12974 1.05544 0.980319 1.12355 1.13136 0.968011 0.996694 1.02642 1.03003 1.02828 
0156 0.0538215	0.925757 1.01921 1.10482 1.05488 0.914192 0.891463 0.983538 0.872879 0.926895 0.938619 
0157 0.211285	1.11665 1.09314 1.13631 1.07998 1.05316 0.981572 0.99759 0.98781 1.05161 0.976261 
0160 0.152342	1.00561 1.02536 0.9764 0.931679 0.95235 0.980448 0.904774 0.888973 1.05065 0.971882 
0161 0.181665	1.01458 1.08394 0.9923 1.023 1.02965 1.01106 0.944879 0.919241 1.01421 1.00717 
0162 0.0889788	1.23923 1.02595 0.923557 1.02021 1.12175 1.03122 0.927178 1.07909 1.08903 1.07189 
0163 0.126727	0.909972 0.814073 0.838491 0.971364 1.00528 0.950289 1.02938 1.13748 0.999564 1.05681 
0164 0.158746	1.17761 0.954084 0.908768 1.09212 1.09447 0.992254 1.01429 1.23518 1.00623 1.0949 
0165 0.133131	0.849139 0.88897 0.941966 0.895738 0.89823 0.912069 1.01409 0.952205 0.988642 0.951285 
0166 0.065723	1.09013 1.15188 1.04149 1.10204 1.07288 0.998894 0.950599 0.971515 1.01102 0.962046 
0167 0.0926862	0.920632 1.04814 1.12869 1.00243 0.934383 0.957962 1.01398 0.863202 0.954052 0.96019 
0170 0.0858343	1.12854 1.00001 0.902476 1.08065 1.09825 1.05344 1.00379 1.11058 0.965141 1.05703 
0171 0.155462	0.961297 0.898818 0.970646 0.863735 0.944556 1.04243 0.98363 0.979806 1.01004 1.00681 
0172 0.0918367	1.049 1.13003 1.17375 0.962859 0.949142 0.981294 0.918853 0.783818 0.891838 0.943731 
0173 0.173469	0.965344 0.919257 0.91762 1.0091 1.00669 1.00557 1.01357 1.06798 1.0042 1.04888 
0174 0.045018	1.2493 1.18274 1.03733 1.13311 1.19598 1.15869 1.03999 0.974665 1.01302 1.04039 
0175 0.160264	1.09794 1.15584 1.06146 1.0898 1.02962 1.03773 1.00633 0.935148 0.974391 1.01944 
0176 0.0996399	0.950173 1.19854 1.10451 1.00971 1.02543 1.12755 0.961385 0.816677 1.05587 0.964476 
0177 0.188475	0.955517 1.00726 1.08458 0.984071 0.910648 0.949219 0.948725 0.91753 0.947317 0.965479 
1000 0.182992	1.18102 1.00363 1.04589 1.08091 1.07021 1.0381 1.04264 0.904571 0.950222 0.991507 
1001 0.204521	0.999627 0.807853 0.889735 0.996035 1.04412 0.934918 1.13142 1.28472 1.01673 1.05863 
1002 0.0850377	1.18786 1.01171 1.03189 1.14848 1.15312 1.02009 1.10603 1.08076 0.973649 1.06885 
1003 0.1324	1.03135 0.917256 0.904489 0.905153 0.987735 1.00395 0.995023 0.866503 0.937712 1.0143 
1004 0.0678149	0.978406 1.00893 1.05188 0.921262 0.91882 1.02566 1.01274 0.836662 0.990481 0.936049 
1005 0.0484392	0.888134 1.08519 1.183 0.946489 0.900466 0.89414 1.04836 0.765741 0.832442 0.859417 
1006 0.0850377	0.990071 1.02602 1.03028 0.892587 0.940759 0.984365 0.999721 0.811937 0.929686 0.984023 
1007 0.193757	0.954261 0.95426 1.016 0.977901 0.951324 0.924882 1.04928 0.983596 0.932046 0.978774 
1010 0.0481425	1.04935 1.226 1.09273 0.942125 0.957605 1.08684 0.93614 0.764401 1.0143 0.932122 
1011 0.155042	0.953194 0.902838 0.936074 0.999796 0.967948 0.954733 1.03572 1.13751 0.979549 1.04637 
1012 0.168309	1.14877 1.15921 1.08096 1.09087 1.10504 1.05016 1.05797 1.06961 1.00225 0.991796 
1013 0.112585	0.937336 0.938755 0.914617 0.884813 0.933365 0.969859 0.974325 1.08723 0.977369 1.03526 
1014 0.174754	1.11176 1.05952 1.04592 0.976534 0.993023 1.15463 0.96009 0.886675 1.01597 1.02141 
1015 0.117513	0.909855 1.07595 1.06396 0.921091 0.893491 1.02103 0.93031 0.791927 0.979435 0.946099 
1016 0.133813	1.09971 0.913547 0.834628 1.0821 1.15209 1.03377 1.03669 1.2716 1.07456 1.10572 
1017 0.0898408	1.02273 0.958011 1.04249 1.02275 1.02009 1.06485 1.04041 1.07114 1.04101 1.02113 
1020 0.0782551	0.905367 1.16096 1.18107 0.96186 0.902981 0.933182 0.924377 0.713715 0.940201 0.881905 
1021 0.118548	0.978145 1.10585 1.10427 0.973418 0.98388 1.06435 0.941769 0.925997 0.978502 0.985534 
1022 0.0952381	1.08722 0.896913 0.942475 1.0841 1.08255 1.03703 1.06196 1.22522 1.05301 1.0891 
1023 0.162837	1.25174 1.17542 1.09511 1.08922 1.09432 1.10134 1.01487 1.00623 0.963533 1.03171 
1024 0.108558	1.10266 0.960929 1.00232 1.02551 1.02279 0.963845 0.99585 1.07264 0.967538 1.00637 
1025 0.0862471	1.07202 0.872737 0.784313 1.01341 1.12681 0.928333 0.953549 1.29689 0.98716 1.10929 
1026 0.193806	0.890013 0.946503 1.0045 0.889787 0.898063 0.902377 1.03968 0.978086 0.877186 0.968504 
1027 0.15651	0.889723 0.952833 1.00556 0.992873 1.00625 0.966453 1.04005 1.06822 0.95773 0.994196 
1030 0.0887574	0.821264 0.806521 0.970671 0.900785 0.90092 1.02159 1.03808 1.06953 1.04154 1.01789 
1031 0.183432	0.886234 0.952003 1.07578 1.02208 0.945999 1.03217 1.02484 1.07644 0.995651 0.959611 
1032 0.163314	1.06119 1.14493 1.18177 1.06064 0.991796 1.11482 0.995668 0.862456 0.979945 0.952944 
1033 0.164497	1.12783 1.07476 0.951259 1.14643 1.11901 1.02387 0.962236 1.00151 1.02351 1.02387 
1034 0.0745562	1.07498 0.858436 0.875285 0.935316 0.986312 0.914567 0.989158 1.13399 0.947833 1.01742 
1035 0.159763	1.05285 0.901814 0.949909 1.03059 1.05037 1.04438 1.02659 1.09772 0.999159 1.03979 
1036 0.0508876	0.903496 0.985218 1.06068 0.908484 0.860729 0.979888 0.981712 0.719351 0.843979 0.926039 
1037 0.114793	1.19669 0.924749 1.01398 1.04423 1.07365 1.0648 1.05246 1.092 1.01299 1.04527 
1040 0.100798	0.858634 0.855277 0.850094 0.906231 0.911646 0.870529 1.03759 1.05061 0.950574 0.988515 
1041 0.0732415	0.781181 0.998879 1.07463 0.941838 0.912586 0.92325 0.980698 0.879225 0.929711 0.904423 
1042 0.102973	1.1055 1.0513 0.976585 1.02795 1.03188 0.988816 0.920534 0.946845 0.958468 0.970265 
1043 0.0725163	1.07881 1.02172 0.946477 1.13569 1.14573 1.05684 1.06901 1.27822 1.10851 1.08446 
1044 0.123278	0.905956 0.865483 0.889983 0.978612 0.991625 0.969759 0.995148 1.19503 1.00141 1.0478 
1045 0.304569	1.04026 1.05038 0.942063 1.07504 1.09381 1.06421 1.02861 1.17271 1.01931 1.0276 
1046 0.153735	1.01088 1.16028 1.09773 1.01 1.0018 0.999265 0.986138 0.961022 0.958201 0.948652 
1047 0.0688905	0.983723 1.13159 1.04708 0.911025 0.932931 0.995316 1.00496 1.00956 0.986459 0.961231 
1050 0.0840652	0.914525 1.12748 1.18241 0.976391 0.965378 1.01274 0.942664 0.960608 1.01837 0.930142 
1051 0.181932	0.941557 1.04395 0.99332 1.01727 0.967718 0.994634 0.921309 0.993412 1.06476 0.971701 
1052 0.0752823	1.13602 0.984228 0.92182 1.14331 1.19336 1.11596 1.03268 1.26786 1.14329 1.08574 
1053 0.163112	1.21977 1.05901 0.990778 1.01095 1.05938 1.02114 0.87197 0.925882 0.96167 0.983539 
1054 0.12798	0.926178 0.871768 0.954073 0.934611 0.951589 0.8956 1.01029 1.05599 0.944519 1.02562 
1055 0.212045	0.93534 0.952414 0.994922 1.05931 1.06301 0.984969 1.00996 1.12404 0.991398 1.02531 
1056 0.0840652	1.25405 1.07934 0.924594 1.02226 1.14234 1.15052 0.994723 0.946005 1.07263 1.04201 
1057 0.0715182	0.810987 0.912948 0.96545 0.886646 0.886495 0.923169 0.921358 0.884963 0.943433 0.975058 
1060 0.151786	1.08366 1.24847 1.08105 0.961841 0.962853 1.04502 0.960121 0.818054 0.966845 0.969038 
1061 0.119898	1.04517 0.857263 0.83808 0.996488 1.03485 0.985445 0.944713 1.12584 1.0235 1.09596 
1062 0.174745	1.18136 1.03005 0.980853 1.09925 1.12008 1.04555 1.02099 1.1332 0.966499 1.06986 
1063 0.0433673	0.939937 1.15603 1.12072 0.907416 0.872141 1.05487 0.898379 0.780906 1.04338 0.945548 
1064 0.0880102	0.892517 0.926573 1.02691 1.03356 0.95374 0.96552 1.04492 1.06601 0.991951 1.04598 
1065 0.0956633	1.05726 0.950489 0.87658 0.963807 0.993715 0.96618 0.976377 1.0991 0.954448 1.06738 
1066 0.117347	0.852393 0.932167 0.936614 0.91362 0.905417 0.955305 0.971072 1.03736 0.950452 1.00003 
1067 0.209184	1.08783 1.18962 1.02423 1.05071 1.02962 1.01942 1.0142 0.981779 0.993877 1.01722 
1070 0.0682119	1.21275 1.06045 1.01903 1.0204 1.10377 1.00437 0.99724 1.14454 0.980315 1.0484 
1071 0.084106	1.07415 0.960668 0.821259 1.01948 1.11754 0.947109 1.04402 1.37459 1.04034 1.07863 
1072 0.186093	0.875969 1.04612 1.1004 0.901029 0.870545 0.916705 0.984845 1.07366 1.0356 0.9781 
1073 0.0556291	1.11737 1.01857 0.989976 0.912535 0.993436 0.999835 0.99321 1.01887 0.990054 0.979263 
1074 0.166225	0.915713 0.949617 0.925784 0.95644 0.97928 0.846065 1.03306 1.23331 0.992779 1.00081 
1075 0.137086	1.15717 1.18404 1.08394 1.16303 1.11591 1.08724 0.967373 0.999522 1.07844 1.01365 
1076 0.139735	0.959755 1.00755 0.992431 1.05512 1.03638 0.925452 1.0221 1.19842 1.11695 1.01589 
1077 0.162914	1.03885 1.18799 1.06178 1.03692 1.01422 1.02986 0.953251 0.899582 0.999232 0.94842 
1100 0.181031	1.14911 1.02082 0.961233 1.02312 1.07654 1.03612 1.04991 1.07725 0.92676 1.03821 
1101 0.091134	1.17026 1.01314 0.952667 1.14192 1.15179 1.08911 0.985011 1.08205 0.986818 1.09437 
1102 0.134433	0.96888 0.896494 0.882498 0.925203 0.957874 1.00975 0.991761 1.05994 1.06173 1.08094 
1103 0.197938	0.971144 1.01887 1.05016 0.937027 0.919573 0.959596 0.971863 0.8957 0.957036 0.951546 
1104 0.108041	0.926765 0.828985 0.87194 0.970291 0.959531 0.863017 1.03623 1.12478 0.858734 1.02269 
1105 0.110515	1.04863 1.177 1.09453 0.984576 0.966439 0.997685 0.923806 0.831774 0.990363 0.934473 
1106 0.0742268	0.964836 0.907987 0.967845 1.09298 1.02647 0.923339 1.06109 1.20068 1.01709 1.06522 
1107 0.10268	1.13021 1.01794 0.97768 1.10098 1.03517 0.971294 1.05648 1.19525 0.968341 1.04757 
1110 0.0607012	1.10821 0.885152 0.928792 1.14461 1.11959 1.01722 1.03608 1.20299 1.06256 1.09721 
1111 0.233386	1.11964 1.08039 1.11446 1.08889 1.05551 1.02386 0.988594 0.91744 0.99607 0.970673 
1112 0.0586081	0.904676 0.889473 0.926767 0.899641 0.893347 0.952255 0.963769 0.983403 0.998156 1.00925 
1113 0.165097	0.966914 0.959439 0.94708 0.99674 0.993978 1.04242 1.02427 1.11548 1.02919 1.02172 
1114 0.118786	1.10927 0.925227 0.88245 1.02041 1.11031 0.996475 1.03547 1.08094 1.0199 1.09894 
1115 0.165882	0.987941 1.08894 1.08783 0.977037 0.97167 1.00415 0.991491 0.803234 0.990821 0.946458 
1116 0.0842491	0.930885 0.915801 1.0497 0.928969 0.869839 0.923966 1.00285 0.935733 0.948143 0.927882 
1117 0.113291	1.05866 1.01191 0.977353 0.892555 0.98221 0.999139 0.955995 0.906795 0.994007 0.996823 
1120 0.103576	1.16197 1.05615 0.958376 0.956684 1.02743 1.06603 0.955397 0.929138 1.01624 1.00012 
1121 0.102836	1.1034 0.89637 0.929819 1.13947 1.09568 0.970633 1.13139 1.26692 1.1392 1.08374 
1122 0.138101	0.955895 1.02558 1.09523 1.02261 0.91018 0.918024 1.02823 0.84251 0.882135 0.894962 
1123 0.0966708	1.09636 1.12808 1.073 0.92076 0.928865 1.00686 0.931018 0.818248 0.934918 0.916066 
1124 0.160543	0.989037 0.936215 1.0023 0.982097 0.969884 0.99834 1.01004 1.02774 1.02307 1.00762 
1125 0.0651048	0.962601 0.922501 0.96031 0.849584 0.887089 0.940544 1.0307 0.958222 0.946498 0.977395 
1126 0.252035	1.11858 1.05057 0.948778 1.0811 1.07299 1.02006 1.01993 1.04115 0.97188 1.0176 
1127 0.0811344	1.03066 0.861183 0.848845 0.961438 1.03309 0.978707 1.10083 1.21119 0.972705 1.0549 
1130 0.0721248	1.157 1.0665 0.928118 1.12172 1.15635 1.23753 0.974479 1.09806 1.08053 1.08026 
1131 0.260721	0.924242 0.983428 0.972365 1.01119 0.982435 1.04198 0.981763 1.05038 0.984149 1.00052 
1132 0.182749	1.07417 1.14152 1.06377 1.00229 1.02776 1.10615 0.966723 0.951948 0.988515 1.03659 
1133 0.133041	0.960248 0.83526 0.858267 0.900169 0.962091 0.994315 1.00037 1.12466 0.950713 1.05327 
1134 0.0638402	1.05159 1.18227 1.07535 1.13993 1.09054 1.26851 0.999873 0.929529 1.11696 1.01314 
1135 0.12963	0.884312 1.1115 1.07437 0.919078 0.897576 1.01292 0.936082 0.776989 1.0189 0.90315 
1136 0.0643275	0.980816 1.1579 1.09231 1.12045 1.00058 1.12619 0.973349 1.03322 1.07557 1.01737 
1137 0.0935673	0.972044 0.889416 0.900033 1.0742 1.08094 1.11438 1.01952 1.2237 1.07208 1.10488 
1140 0.218895	0.913295 0.959612 0.963262 0.916219 0.923294 0.978022 0.962719 1.01006 0.928084 0.972692 
1141 0.121889	1.12565 1.12241 1.0667 1.12633 1.07732 1.07056 1.01776 0.990434 0.971375 1.03513 
1142 0.0877267	0.973382 1.0034 0.968443 0.960834 0.99771 1.11564 0.913162 0.987374 1.02211 1.0446 
1143 0.176719	0.996976 0.941526 0.987113 0.991859 1.04591 1.04057 1.02535 1.09897 0.932831 1.02162 
1144 0.115985	0.957792 0.890562 0.931938 1.12716 1.0871 1.10413 1.02137 1.12162 1.04557 1.08462 
1145 0.096162	0.994568 1.10419 1.13354 1.00046 0.967109 1.03634 0.940554 0.956589 1.00367 0.967765 
1146 0.0864614	1.00171 0.876454 0.964936 1.05288 0.976944 1.0438 0.972002 1.17083 1.0759 1.06545 
1147 0.096162	0.871864 1.06443 1.11653 0.938216 0.893966 0.975029 0.930779 0.886025 0.986356 0.961219 
1150 0.0895755	1.00558 1.13147 1.09373 1.13739 1.07187 1.17169 0.939974 0.857267 1.08394 0.985214 
1151 0.0621099	0.901685 1.13628 1.1677 1.04186 0.970133 0.998226 0.925786 0.775274 0.975523 0.912816 
1152 0.110799	0.817108 0.897386 0.977908 0.856069 0.848461 0.884664 0.982639 0.919744 0.896356 0.954488 
1153 0.188202	0.963842 1.0036 1.02737 0.927949 0.964919 0.932957 0.96634 0.945485 0.959237 0.953825 
1154 0.166355	1.02595 0.936031 0.935318 1.09333 1.02512 1.00111 0.985053 1.10346 1.05968 1.05685 
1155 0.0530587	1.06577 1.10005 1.05967 1.13459 1.08836 0.993616 0.970767 0.96462 1.02083 0.975342 
1156 0.1804	1.158 1.02994 0.955078 1.0135 1.048 0.977858 0.96577 0.99003 0.970697 0.99929 
1157 0.149501	0.9816 0.844349 0.843128 0.990074 1.04469 0.931231 1.01158 1.21169 0.996403 1.06105 
1160 0.0774514	1.27808 1.19019 1.18699 1.07843 1.02193 1.0276 0.941529 0.764672 0.914514 0.973539 
1161 0.0682945	1.4016 1.04751 0.962278 1.13406 1.2215 1.12983 1.01865 0.993137 1.01577 1.11899 
1162 0.067913	1.24724 1.10979 1.00151 1.00859 1.05075 0.982203 0.99289 0.885817 0.887589 0.976024 
1163 0.216711	1.04999 0.923621 0.954803 0.895766 0.965602 0.935292 0.912747 0.985857 0.98375 1.02423 
1164 0.17665	1.0167 0.862802 0.882839 0.966967 1.02327 0.97595 0.95442 1.09111 0.983188 1.11769 
1165 0.198016	0.952751 1.02319 1.02648 0.956374 0.925787 0.958733 1.00452 0.868987 0.971685 0.9598 
1166 0.0492179	1.21806 1.07441 0.937518 1.02622 1.09109 1.10404 0.912237 0.966217 1.05648 1.06445 
1167 0.145746	1.09128 1.03192 1.02471 1.10721 1.05841 1.03135 1.03729 1.03524 0.966029 1.04493 
1170 0.250145	0.992762 0.983923 1.03261 0.950386 0.950046 1.04043 1.02878 1.07954 0.985955 1.01822 
1171 0.0824144	0.788487 0.880734 0.939142 0.870616 0.911111 0.895051 1.04198 1.0306 0.896087 1.02729 
1172 0.156703	1.09274 0.933278 0.929942 1.06195 1.08924 1.11808 1.12015 1.23941 1.07158 1.11607 
1173 0.0603598	0.934013 1.0968 1.17696 0.937598 0.902545 0.938093 0.973678 0.899107 0.955738 0.950096 
1174 0.0533952	1.07296 1.246 1.12999 1.01191 1.00101 1.1543 0.922581 0.833426 1.05818 0.988653 
1175 0.193268	0.939432 0.874471 0.916379 0.997606 1.05486 0.972389 1.08389 1.19611 1.00976 1.077 
1176 0.0928613	1.12563 1.1138 1.08373 1.16018 1.12134 1.07337 1.04061 1.0831 1.03179 1.07294 
1177 0.110853	0.97001 1.06684 1.10014 1.05766 1.00927 1.03456 1.02408 1.12033 1.02322 0.999262 
BOUNDS
LWPS R    0.0  0.0  0.0  0.0  0.0  0.0  0.0  0.0  0.0  0.0
UWPS R    0.5  0.5  0.5  0.5  0.5  0.5  0.5  0.5  0.5  0.5
LXAS R   -0.5 -0.5 -0.5 -0.5 -0.5 -0.5 -0.5 -0.5 -0.5 -0.5
UXAS R    0.5  0.5  0.5  0.5  0.5  0.5  0.5  0.5  0.5  0.5
END
