NAME moment_estimation_cluster
ASSETS 10
BENCHMARKS 0.1 0.1 0.1 0.1 0.1 0.1 0.1 0.1 0.1 0.1 
COVARIANCES
0 0 0.00301377
1 0 0.00277658
1 1 0.00393948
2 0 0.00445219
2 1 0.00460306
2 2 0.00790249
3 0 0.00384534
3 1 0.00343506
3 2 0.00658957
3 3 0.00666146
4 0 0.00158417
4 1 0.00282096
4 2 0.00338959
4 3 0.00194066
4 4 0.00397531
5 0 0.00277368
5 1 0.00413522
5 2 0.00567027
5 3 0.00384063
5 4 0.00512235
5 5 0.00769822
6 0 0.000756469
6 1 0.00150727
6 2 0.00126605
6 3 0.000597944
6 4 0.00125432
6 5 0.00157111
6 6 0.00095915
7 0 0.00263498
7 1 0.00413863
7 2 0.00508972
7 3 0.00339427
7 4 0.00468352
7 5 0.00662519
7 6 0.00161481
7 7 0.00664966
8 0 0.00236391
8 1 0.00409295
8 2 0.0049099
8 3 0.00322567
8 4 0.00456688
8 5 0.00622866
8 6 0.00175941
8 7 0.00616002
8 8 0.00680369
9 0 0.000906391
9 1 0.00101568
9 2 0.00175437
9 3 0.00121824
9 4 0.000887782
9 5 0.00154159
9 6 0.000338514
9 7 0.00128423
9 8 0.00111401
9 9 0.000892568
SCENARIOS
0 0.31502	1.05223 1.06101 1.099 1.09612 1.03121 1.0639 1.01262 1.07829 1.05458 1.01643 
1 0.68498	0.963125 0.972449 0.967175 0.955776 0.992722 0.993442 0.987069 0.989015 0.992454 0.985676 
00 0.593454	1.0599 1.03247 1.04278 1.02802 1.06227 1.07776 1.02595 1.04547 1.06891 1.01545 
01 0.406546	0.991249 0.938204 0.957895 0.980637 0.929422 0.894413 0.961214 0.876486 0.884215 0.989262 
10 0.467707	0.965087 0.958527 0.909822 0.942035 0.947529 0.923218 0.992408 0.947395 0.901945 0.980022 
11 0.532293	1.06648 1.0685 1.09892 1.07332 1.06461 1.12631 1.01296 1.04888 1.07118 1.026 
000 0.119658	1.03067 1.1025 1.10128 1.06244 1.17251 1.23742 1.03094 1.18814 1.16317 1.01181 
001 0.12169	0.92064 0.940186 0.900595 0.896079 0.97968 0.961489 0.99274 0.948087 0.924514 0.991637 
002 0.241027	0.986095 1.04742 1.03471 1.03972 1.04688 1.02776 1.00566 1.05817 1.0472 0.994297 
003 0.112543	1.06858 1.05955 1.16135 1.19182 1.00023 1.07817 1.00396 1.05791 1.03069 1.0131 
004 0.116341	0.898065 0.91918 0.878326 0.884399 0.918503 0.86653 0.927676 0.916106 0.924979 0.962927 
005 0.121209	1.00558 1.01918 1.02686 1.01529 0.955378 0.968496 0.994758 1.02173 0.96645 0.975707 
006 0.0962289	0.934525 0.956109 0.968324 0.912097 1.04192 1.00548 0.970201 1.01837 1.00702 0.984251 
007 0.0713025	0.91567 0.904704 0.950054 0.980667 0.877723 0.852061 0.97806 0.845981 0.8534 1.00429 
010 0.24268	0.929133 0.942745 0.903278 0.935803 0.908656 0.872917 0.995478 0.917967 0.944048 0.966701 
011 0.06637	0.959431 1.02432 0.911391 0.874808 1.06719 1.10403 1.04828 1.13108 1.12809 0.983024 
012 0.093933	0.973917 1.01463 0.98582 0.987207 1.03828 1.0471 0.991312 1.07257 1.02271 0.984298 
013 0.0570782	0.872939 0.933131 0.823589 0.842149 1.00505 0.973686 1.01116 0.966711 0.972701 0.976501 
014 0.232451	1.02708 1.01257 1.02209 1.02909 0.974635 0.984845 1.00374 0.969329 0.989147 1.00446 
015 0.10057	1.07794 1.12781 1.1733 1.14714 1.12323 1.19951 1.00807 1.25871 1.25992 1.04223 
016 0.0790974	1.05118 1.08887 1.03282 0.993442 1.09506 1.12941 1.04663 1.12508 1.20365 1.03055 
017 0.127821	1.07754 1.11553 1.14125 1.16955 1.01161 1.03937 1.01594 1.08793 1.08693 1.01208 
100 0.122265	1.09743 1.10044 1.10954 1.12259 1.08404 1.10052 1.01978 1.0857 1.11971 1.06368 
101 0.096014	0.971237 0.965105 1.00292 0.989599 0.95516 0.932403 0.99595 0.950899 0.973602 1.02367 
102 0.0645191	1.00867 1.0544 1.06472 1.02853 1.11674 1.12132 1.02137 1.07401 1.18249 0.996709 
103 0.0850267	0.965979 1.04819 0.963118 0.930218 1.14752 1.16294 1.05922 1.09013 1.18821 1.01979 
104 0.112495	1.03997 0.949207 0.988359 1.03144 0.883874 0.871899 0.987262 0.86336 0.881092 0.989189 
105 0.314293	1.05288 1.00326 1.05007 1.07127 1.00829 0.985283 0.972049 0.971894 1.06436 1.02776 
106 0.0826232	0.902972 0.854554 0.805551 0.854176 0.877569 0.819014 0.972666 0.828968 0.852967 0.952716 
107 0.122764	0.926247 0.95408 0.885667 0.879125 0.990133 0.920998 1.02451 0.941778 0.962328 0.967048 
110 0.128137	0.936128 0.951798 0.867623 0.881544 0.947322 0.868793 1.0086 0.939834 0.950718 0.95643 
111 0.12139	0.984164 0.97628 0.984471 1.02671 0.945704 0.891452 0.984671 0.972909 0.935011 0.998836 
112 0.182688	1.04603 1.04497 1.04838 1.02899 1.06197 1.01817 1.07269 1.13555 1.09169 1.0034 
113 0.0384246	0.940187 0.875389 0.858694 0.914317 0.837505 0.788234 0.952088 0.829306 0.859321 0.961461 
114 0.168756	1.05336 0.996621 1.02047 1.03912 0.992255 0.942865 0.992692 1.01556 0.990347 1.01126 
115 0.143414	1.07477 1.10822 1.14402 1.13159 1.14287 1.16237 1.04895 1.19612 1.13595 1.05097 
116 0.0983242	0.973879 0.959754 0.946577 1.02938 0.888229 0.864474 0.989303 0.908481 0.89076 0.987617 
117 0.118867	0.936564 0.971423 0.947982 0.878854 1.08068 1.01407 1.06101 1.07456 1.03765 0.98995 
0000 0.112651	0.929837 0.981529 0.972648 1.01274 0.901471 0.915306 0.970734 0.928506 0.992401 1.0177 
0001 0.136343	0.928757 0.963301 0.905782 0.861553 0.966657 0.934428 0.945808 0.954685 0.987715 1.01812 
0002 0.0876173	0.890714 0.90246 0.857838 0.842046 0.905321 0.865462 0.958058 0.920438 0.86303 0.986601 
0003 0.141261	1.00947 1.09822 1.06121 0.983479 1.12819 1.13005 1.05132 1.1121 1.07807 1.06658 
0004 0.184175	0.955686 0.983088 0.974582 0.919336 1.00896 1.01045 1.00581 1.02396 1.05407 0.989109 
0005 0.154671	1.03196 1.06629 1.06059 1.14445 0.983479 0.936896 0.988336 1.06297 1.07455 1.00911 
0006 0.0549844	1.1223 1.11976 1.32822 1.2262 1.09047 1.20245 0.989239 1.11972 1.14746 1.06493 
0007 0.128297	1.0185 1.05584 1.12348 1.09094 1.03785 1.05827 1.10283 1.02087 1.13138 1.04053 
0010 0.126154	1.02902 1.06331 1.10747 1.07265 1.05269 1.09073 1.01432 1.10295 1.14098 1.01931 
0011 0.058022	1.07996 1.13834 1.11596 1.08564 1.14448 1.20854 1.00057 1.23142 1.26121 1.02808 
0012 0.189451	1.0442 1.0101 0.979051 1.02434 1.00196 1.01849 1.02812 0.973819 1.01798 0.999444 
0013 0.0487912	1.02165 0.98724 1.09966 1.12037 0.990279 1.0324 0.94599 0.989842 0.977541 0.998866 
0014 0.103297	0.917612 0.990029 0.912518 0.963721 0.912668 0.898802 0.93047 0.876495 0.8908 0.955814 
0015 0.231648	0.956134 1.00425 1.0013 0.926912 1.06818 1.12511 0.992686 1.07004 1.13345 0.976326 
0016 0.151648	0.901196 0.906759 0.831312 0.852021 0.950531 0.906098 1.00205 0.978128 1.03097 0.981301 
0017 0.090989	1.01737 1.0876 1.09414 1.06897 0.951736 0.905765 0.994884 0.997246 1.05733 0.973606 
0020 0.060364	1.03573 1.08262 1.02927 0.994757 0.994448 1.02541 1.04969 1.08778 1.00947 1.03186 
0021 0.143142	1.04347 1.04566 1.08615 1.07072 1.08975 1.13923 1.05695 1.11258 1.17208 1.05426 
0022 0.0670217	1.08246 1.01279 1.13011 1.14658 0.97387 1.03225 0.979393 1.02282 0.989571 1.04836 
0023 0.173768	0.968499 0.996302 0.991644 0.938556 1.04336 1.10676 0.9865 1.07468 1.07441 1.00228 
0024 0.0645806	1.10799 1.06817 1.15491 1.10967 1.0404 1.0967 1.06226 1.09823 1.07725 1.0597 
0025 0.210164	0.987555 0.900458 0.935032 0.896594 0.937926 0.944011 0.978314 0.885104 0.892109 1.02074 
0026 0.0623613	1.05268 1.13355 1.22381 1.11667 1.15841 1.2844 1.06919 1.21053 1.20851 1.0843 
0027 0.218597	1.02941 0.999727 1.0342 1.01593 0.970692 1.01249 1.01496 1.01798 0.992292 1.04532 
0030 0.184886	1.0045 0.943185 0.913831 0.912591 0.889689 0.804349 0.98584 0.860041 0.861322 0.972193 
0031 0.155418	0.986172 0.957613 0.946884 0.922298 0.994241 0.984146 0.968503 0.996378 0.934674 0.990245 
0032 0.220057	0.986167 1.03316 1.06653 0.993229 1.02704 0.972437 0.998332 1.01372 0.994923 1.02057 
0033 0.0594106	1.03238 1.0463 1.03729 0.963457 1.10993 1.0479 1.02651 1.06369 1.04703 1.01118 
0034 0.0803232	1.08837 1.04593 1.16262 1.10052 1.07234 1.04923 0.998434 1.06933 1.12494 1.02905 
0035 0.0865019	0.991847 1.00813 1.0531 1.03498 0.916698 0.852626 0.94506 0.877102 0.946128 1.01264 
0036 0.126901	1.0588 1.05762 1.13058 1.13237 1.00102 0.994604 0.919846 0.9523 1.00123 1.00191 
0037 0.0865019	1.08279 1.1798 1.18334 1.10757 1.1487 1.14754 1.04822 1.18865 1.17509 1.03919 
0040 0.132874	0.943292 0.882061 0.883808 0.907575 0.90414 0.816796 0.977138 0.846918 0.854008 0.960527 
0041 0.136092	0.98927 1.01443 0.920979 0.95673 0.988838 0.97332 1.0403 0.935818 0.94832 1.01239 
0042 0.193103	0.936973 0.946226 0.991816 0.948254 1.00909 1.05051 1.03443 0.934056 0.965308 0.988626 
0043 0.0547126	1.05189 1.09352 1.03469 1.04129 1.04615 1.04017 1.09109 1.00802 0.980211 1.01835 
0044 0.0910345	1.0567 1.0063 1.1781 1.17057 1.00342 1.07432 1.00997 0.99341 1.00417 1.03411 
0045 0.190345	1.00683 1.04473 1.05793 1.0369 1.10045 1.19089 1.12393 1.06479 0.983586 1.04273 
0046 0.114023	1.09889 1.09707 1.12138 1.12657 1.00794 1.04402 1.01 0.983654 0.926233 1.03877 
0047 0.0878161	0.898714 0.893578 0.838459 0.868848 0.961185 0.93144 0.958352 0.963688 0.878015 0.971149 
0050 0.177846	0.984217 1.04915 1.08627 1.11751 1.01734 1.01353 0.986005 0.991221 1.00435 1.02484 
0051 0.0635481	0.935072 0.936795 0.869982 0.932497 0.89693 0.855322 1.00796 0.850437 0.88964 1.0024 
0052 0.137688	0.904122 0.932532 0.868521 0.904051 0.985036 0.953501 0.985528 0.917519 0.982498 0.994223 
0053 0.24316	1.02194 1.0379 1.00767 0.971296 1.08721 1.05634 1.02191 1.08419 1.08862 1.04068 
0054 0.0741395	1.12699 1.11137 1.15749 1.13085 1.11597 1.14883 1.01772 1.11702 1.15862 1.02905 
0055 0.0609003	0.979613 0.901552 0.947021 0.946651 0.953536 0.929307 0.995865 0.880316 0.895894 1.04459 
0056 0.178729	0.965319 0.95191 1.01197 1.02208 1.00254 1.00048 0.942921 0.930577 0.968762 1.07395 
0057 0.0639894	0.998701 0.98713 0.974464 1.06091 0.915972 0.880588 0.990723 0.88818 0.862682 0.974959 
0060 0.181768	0.914668 0.9967 0.924463 0.967541 0.973066 0.995928 1.02231 1.01922 0.973188 0.979653 
0061 0.0933852	0.927437 0.924775 0.896821 0.972694 0.877033 0.801022 1.00759 0.881231 0.879702 0.98744 
0062 0.148972	1.07632 1.10944 1.10388 1.14733 1.06766 1.15104 1.03569 1.13832 1.05031 1.02339 
0063 0.07393	0.867829 0.927788 0.838591 0.87276 1.00897 0.963186 0.989371 0.98943 0.984782 0.946932 
0064 0.200111	0.996164 1.02377 1.01978 1.08872 0.964789 1.0034 1.01364 1.00991 1.01066 0.969975 
0065 0.0650361	0.946754 0.996005 0.850754 0.885708 0.953795 0.902282 1.0447 0.964558 0.994802 0.977768 
0066 0.14786	0.986733 1.0497 0.959563 0.996962 1.09503 1.09346 1.04538 1.08816 1.11941 1.01763 
0067 0.0889383	0.946653 1.0421 0.991247 0.976138 1.04169 1.03139 1.03407 0.972843 1.08918 0.995494 
0070 0.0877719	0.982934 1.01481 1.02562 0.950358 1.11118 1.13445 1.01933 1.08521 1.05315 1.01197 
0071 0.135034	1.04883 1.05377 1.1151 1.17542 1.00261 1.05582 0.95155 1.02453 1.03853 1.02669 
0072 0.11928	0.922483 0.902624 0.844888 0.869536 0.973519 0.902347 0.939568 0.936107 0.955765 0.959899 
0073 0.0712678	0.961013 0.958714 0.837318 0.8606 0.904291 0.833917 0.921135 0.882193 0.968918 0.89741 
0074 0.122281	1.15156 1.13529 1.14787 1.11211 1.09589 1.11017 0.994231 1.16926 1.17426 1.00945 
0075 0.245311	1.05488 1.03275 0.984988 0.995671 1.00621 0.988443 0.955677 1.07371 1.05335 0.971725 
0076 0.084021	1.03524 1.09037 1.02456 1.0812 1.03232 1.0735 0.967597 1.14475 1.15854 0.968059 
0077 0.135034	0.930654 0.952194 0.88568 0.957316 0.909908 0.913168 0.975674 0.93973 0.891194 0.920474 
0100 0.0994208	0.918151 0.948417 0.909374 0.976388 1.03327 0.99892 0.960318 0.997975 1.00844 0.966109 
0101 0.20399	0.898019 0.914044 0.886567 0.901817 0.966864 0.976695 0.97285 0.928762 0.945304 0.986849 
0102 0.214286	1.01786 0.989234 1.02048 1.10653 0.938065 0.992017 0.954712 0.948045 0.888418 1.02106 
0103 0.0907336	1.10628 1.07317 0.989235 0.988241 0.979739 0.971469 0.985204 0.996558 0.976457 1.0224 
0104 0.175354	1.10313 1.04134 1.11757 1.08726 1.07954 1.12655 1.01744 1.11192 1.07583 1.05344 
0105 0.0791506	0.877821 0.90605 0.792713 0.786594 0.955016 0.894147 0.928993 0.927055 0.944493 0.998971 
0106 0.0846203	1.00395 1.01445 0.968825 0.894076 1.06949 1.03698 1.02887 1.06018 1.044 1.00031 
0107 0.0524453	0.993959 1.04579 1.04116 0.991579 1.16056 1.2149 1.04195 1.15177 1.15654 1.04275 
0110 0.0788235	0.990188 0.998974 1.12465 1.0403 1.06701 1.04156 0.995746 1.05957 1.12044 1.00858 
0111 0.167059	0.958553 0.897374 0.906664 0.960055 0.911107 0.820427 0.969936 0.851544 0.841145 1.04284 
0112 0.0529412	1.15332 1.16387 1.28224 1.18374 1.07419 1.1556 1.04367 1.03107 1.07782 1.1106 
0113 0.155294	0.981717 0.991996 1.0955 1.09329 1.01443 0.974729 0.953548 0.971195 1.02904 1.02884 
0114 0.131765	0.958539 1.01694 0.954911 0.921617 1.01547 0.957723 1.03903 0.879416 0.899622 1.01046 
0115 0.0894118	0.959259 0.987337 1.06796 1.13194 0.952347 0.917866 0.969489 0.902356 0.964897 1.04084 
0116 0.127059	1.03075 1.02587 1.04105 1.04054 1.09368 1.0592 1.01357 1.04678 1.02747 1.00679 
0117 0.197647	0.931824 0.974326 0.960057 0.944613 0.972122 0.898301 0.962271 0.912461 0.890256 1.00131 
0120 0.222776	0.948862 0.994815 0.992204 0.975295 1.07285 1.13796 1.0275 1.09275 1.07572 1.04482 
0121 0.163757	1.05722 1.01076 1.13251 1.0779 1.02367 1.02305 1.01929 0.987872 1.10523 0.989492 
0122 0.0972569	0.981585 0.965911 0.986864 0.995934 0.918926 0.904358 1.02022 0.910574 1.0098 1.00242 
0123 0.161264	0.971861 0.953136 0.912915 0.933388 0.977379 0.931142 1.01186 0.970989 0.961233 1.00351 
0124 0.0980881	1.00629 1.05813 1.00889 0.980136 1.02416 1.0077 1.05113 1.04547 1.10546 0.994676 
0125 0.0714879	1.0059 0.977035 1.00582 1.03351 0.973713 0.952132 1.0175 0.966614 1.04527 0.965701 
0126 0.104738	0.899291 0.906268 0.833406 0.872064 0.925392 0.88398 1.02743 0.842283 0.989329 0.994416 
0127 0.0806318	1.11069 1.05024 1.16325 1.06765 1.13345 1.27433 1.01315 1.19659 1.17542 1.08697 
0130 0.106703	0.985112 1.05071 1.02263 0.960548 1.04534 1.02119 0.991623 1.11459 1.03652 0.995841 
0131 0.154583	0.949206 0.931472 0.96631 0.97522 0.909001 0.890755 0.926959 0.900419 0.894564 0.980955 
0132 0.0848153	1.05463 1.08008 1.24583 1.16274 1.08522 1.26885 1.00004 1.1847 1.16332 1.09657 
0133 0.165527	1.04825 1.02731 1.06125 1.03043 1.0812 1.10617 1.0243 1.10003 1.12168 1.0027 
0134 0.0779754	0.894818 0.951326 0.891579 0.82592 1.00209 1.01407 1.01612 0.977652 1.12064 0.970329 
0135 0.0588235	1.00531 0.959739 0.951482 0.909628 0.976912 0.922159 0.950749 0.981288 0.970888 0.928074 
0136 0.128591	0.975251 0.926222 0.897568 0.875668 0.946697 0.934353 0.975427 0.927246 1.02332 0.969351 
0137 0.222982	1.02251 1.00484 1.10059 1.00705 0.99772 1.06364 0.9681 1.03281 1.00244 1.0356 
0140 0.0638226	0.938282 0.903397 0.918684 0.933115 0.889502 0.856892 1.02115 0.854294 0.914266 0.95721 
0141 0.145113	0.88051 0.912286 0.879245 0.898948 0.957174 0.969622 1.0223 0.911713 0.980225 0.974825 
0142 0.111858	0.901717 1.03697 0.953609 0.96593 1.03514 1.04968 1.02694 1.09065 1.05461 0.973025 
0143 0.109506	0.912125 0.942408 0.895724 0.903213 1.01985 1.04755 0.980704 1.08248 1.0484 0.979265 
0144 0.19214	1.03999 0.999958 1.04559 1.06845 0.945271 0.979867 0.897968 0.983156 1.01625 1.01726 
0145 0.113537	1.01047 1.08586 1.02372 0.990327 1.072 1.07628 1.0671 1.13534 1.11201 0.976538 
0146 0.0997649	1.04303 1.04925 1.10625 1.07271 1.12651 1.1513 0.999016 1.13996 1.1731 1.02914 
0147 0.164259	1.07546 1.09614 1.11483 1.12236 1.04783 1.10395 1.05277 1.10752 1.11937 1.03007 
0150 0.188665	1.07321 1.01315 1.04721 1.0102 0.953362 0.944803 0.994906 0.911866 0.977783 0.983841 
0151 0.0822981	1.12482 1.05066 1.16622 1.14479 0.97556 0.982712 1.04878 0.917631 0.932327 1.01621 
0152 0.102484	1.15421 1.0934 1.21199 1.13851 1.02927 1.08989 1.11356 1.02183 1.01419 1.03914 
0153 0.196429	0.938935 0.98518 0.885967 0.907974 0.984298 0.992699 1.06282 0.947424 0.921588 1.0166 
0154 0.0628882	0.965824 0.928787 0.872664 0.845441 0.903287 0.884738 1.01607 0.886843 0.919144 0.97203 
0155 0.0543478	0.969537 0.945892 0.954813 0.987856 0.897714 0.922769 1.00407 0.825685 0.927356 0.996592 
0156 0.204969	0.968024 1.02649 0.994395 0.952354 1.067 1.12099 1.04408 1.00266 1.05736 0.967997 
0157 0.107919	1.09092 1.09914 1.18551 1.10088 1.12823 1.15186 1.09969 1.06876 1.10966 1.03438 
0160 0.0562685	0.891904 0.899916 0.935165 0.970496 0.872835 0.897582 0.910548 0.908708 0.850826 0.971301 
0161 0.0700888	0.856664 0.893816 0.893415 0.89568 0.938732 0.890501 0.957588 0.927978 0.889549 1.00313 
0162 0.108588	0.904975 1.01528 0.964973 0.941856 1.11258 1.1061 1.05979 1.08517 1.05237 0.985809 
0163 0.141165	0.901362 0.912563 0.928719 0.909838 1.00617 0.963843 1.02203 1.01537 0.937049 0.964978 
0164 0.187562	1.06114 1.03 1.10233 1.06817 1.08057 1.13092 1.03537 1.08841 1.01546 0.989479 
0165 0.235933	0.998854 1.01347 1.10235 1.05319 0.998268 0.95673 1.0168 1.05374 0.964211 0.953824 
0166 0.0523198	1.08202 1.10967 1.17892 1.11581 1.04572 1.11802 1.03605 1.07208 1.04561 1.00582 
0167 0.148075	0.947909 0.940669 0.94696 0.967061 0.943079 0.889881 1.02152 0.90496 0.861887 0.99114 
0170 0.296274	1.01866 0.987299 1.05369 1.03105 0.969226 1.00096 1.01158 0.92895 0.98329 1.02128 
0171 0.121564	0.976685 0.926084 0.938014 0.898193 0.981919 0.994545 0.992991 0.940165 0.982493 1.01836 
0172 0.117899	1.05503 1.06375 1.03508 1.02666 1.06372 1.14797 1.05307 1.07977 1.0285 1.0218 
0173 0.0623091	1.11688 1.12067 1.28746 1.15718 1.13837 1.22817 1.0523 1.11449 1.15058 1.0681 
0174 0.0946854	1.11836 1.01755 1.17158 1.16042 1.03761 1.09166 0.950054 1.0229 1.06639 1.01274 
0175 0.0720831	1.02587 1.0264 1.03343 0.980021 1.1169 1.15941 0.970918 1.09923 1.11659 1.0311 
0176 0.11912	0.935272 0.943356 0.93538 0.944254 1.05837 1.08952 1.00515 0.973194 0.992683 1.02205 
0177 0.116066	0.936617 0.911559 0.938893 0.915702 0.892115 0.85002 0.946008 0.857106 0.891116 0.996668 
1000 0.167986	1.04569 1.02747 1.05932 0.956876 1.06843 1.15082 1.02654 1.17448 1.05327 1.01952 
1001 0.102119	1.08254 1.10251 1.3175 1.18045 1.13321 1.23806 1.03735 1.14583 1.18747 1.02578 
1002 0.0571866	0.882132 0.909657 0.933567 0.938618 0.948252 0.905456 0.984112 0.918169 0.943479 0.998129 
1003 0.0949706	1.03641 0.985458 1.05363 0.991002 0.910281 0.946149 0.982829 0.934061 0.97402 0.973904 
1004 0.179219	1.01372 1.04112 1.11846 1.08148 1.00316 1.10339 1.01429 1.04563 1.0297 1.01083 
1005 0.184835	0.99838 0.963942 1.10133 1.03289 1.02314 1.1039 0.962698 1.03549 1.02677 1.00229 
1006 0.061782	0.847656 0.872029 0.910534 0.851454 0.90221 0.929983 0.949104 0.870504 0.921627 0.947662 
1007 0.151902	0.949915 0.95171 0.92916 0.880942 0.990296 0.978209 0.997009 0.976465 1.02835 0.972137 
1010 0.0682705	0.991654 1.00214 0.913731 0.906295 0.997461 1.00097 1.01329 0.970531 0.98938 0.964872 
1011 0.0611183	1.04842 1.03992 1.03985 0.984921 1.13063 1.17322 1.01889 1.13577 1.1719 1.03532 
1012 0.202861	0.979825 0.933538 0.956179 0.957297 0.923806 0.903236 0.966353 0.890361 0.934633 0.972925 
1013 0.127113	1.12267 1.07681 1.06785 1.01727 1.01668 0.993539 1.04567 1.03073 1.04093 1.02879 
1014 0.0962289	0.938218 0.957228 0.934118 0.922912 1.02214 0.968422 0.93848 0.953678 1.01052 1.01794 
1015 0.101756	1.09076 1.05193 1.01319 0.993301 1.072 1.11363 1.01137 1.04216 1.07432 1.03 
1016 0.264629	1.07232 1.04988 1.01659 1.08099 0.975888 1.02801 0.968612 1.0238 1.0083 0.971672 
1017 0.0780234	1.17726 1.16879 1.15321 1.11161 1.08607 1.1404 1.05078 1.15124 1.16693 1.0545 
1020 0.0895017	0.888667 0.948768 0.871277 0.836277 0.945472 0.918164 1.04053 1.02028 0.942322 0.97318 
1021 0.0764393	1.00215 1.04446 1.05867 1.07565 0.939736 0.992601 1.02179 0.987304 0.931703 0.969664 
1022 0.0914369	0.953086 0.92354 0.903278 0.880212 0.884064 0.887113 1.02257 0.894005 0.811101 0.972457 
1023 0.0532172	1.01186 0.958769 1.03623 1.06372 0.998584 1.00249 0.988337 0.982232 1.02717 1.0103 
1024 0.223996	0.959546 1.01455 0.97114 0.9747 0.975772 0.97349 1.04179 0.995601 0.932218 1.01893 
1025 0.157716	1.0359 1.0647 1.008 0.909298 1.08362 1.05787 1.03719 1.10646 1.01754 1.00914 
1026 0.191582	1.1532 1.09634 1.14427 1.13564 1.08414 1.11322 1.03935 1.12388 1.03007 1.06897 
1027 0.11611	1.07079 1.0897 1.09423 1.06698 1.02359 1.07942 1.01438 1.11361 1.03581 0.981604 
1030 0.10022	1.03688 0.972387 1.03234 1.04892 0.961362 0.938743 0.976699 0.986293 0.957975 1.02706 
1031 0.223935	0.991882 0.878754 0.921875 0.912496 0.898643 0.897522 0.915413 0.894851 0.859305 0.996545 
1032 0.105727	0.97437 0.962588 0.930309 0.911009 1.05352 1.00267 0.982871 1.04078 0.991772 0.978988 
1033 0.150147	0.977157 0.923749 0.984738 0.969405 0.99507 0.904826 0.981395 1.01275 0.969038 0.954358 
1034 0.0495595	1.06103 1.04002 1.16954 1.18095 0.983118 0.96781 0.919913 0.988357 0.970934 1.01823 
1035 0.225771	1.06977 1.03521 1.16438 1.03349 1.09052 1.09883 1.02696 1.17077 1.09832 1.00978 
1036 0.0605727	1.16357 1.09231 1.32503 1.2218 1.0999 1.24092 0.994569 1.21632 1.0953 1.07461 
1037 0.0840675	1.00968 0.960138 0.993057 0.871589 0.975898 0.898359 0.979028 0.989301 0.885807 1.00637 
1040 0.0485572	1.04049 1.12164 1.15538 1.16496 1.12401 1.11409 1.06115 1.14513 1.23693 1.04337 
1041 0.183685	1.02271 1.00543 1.12005 1.1603 0.992548 1.01643 0.965746 0.964366 1.10983 1.0286 
1042 0.0624306	0.962463 1.01979 1.00963 1.0054 1.13517 1.14954 0.994284 1.15878 1.15802 1.05925 
1043 0.125139	0.948474 1.01322 0.926238 0.933717 1.06873 1.10154 0.996122 1.09494 1.13129 0.978631 
1044 0.0887902	0.963645 0.973745 1.01801 0.987988 1.01282 1.01506 0.978942 1.00468 1.03333 1.00099 
1045 0.165372	0.929108 0.923064 0.852724 0.888306 0.934525 0.896687 0.957119 0.91763 0.956409 0.988123 
1046 0.1798	0.946351 0.948501 0.91475 0.996989 0.952478 0.885692 0.952882 0.93709 0.968786 0.982675 
1047 0.146226	0.981368 1.06134 1.02475 1.025 1.00647 1.03135 1.01039 0.993384 1.09663 1.0286 
1050 0.0540272	0.904908 1.00389 0.886455 0.860157 0.98952 0.977907 1.02825 0.954228 0.980292 0.971761 
1051 0.109743	0.891355 0.946889 0.922274 0.889614 1.05098 1.06634 0.998859 1.08793 1.00802 0.972091 
1052 0.0788559	0.998294 0.949694 0.955767 0.966386 0.874374 0.867373 0.969376 0.886523 0.844668 0.950448 
1053 0.258417	0.95794 0.978509 0.936239 0.955967 0.956504 1.00284 0.996671 0.935049 0.941574 0.985634 
1054 0.0880922	1.0948 1.14751 1.2537 1.18047 1.04885 1.21302 1.0411 1.1132 1.08738 1.03785 
1055 0.138743	1.01763 1.06658 1.14508 1.05459 1.03752 1.11582 1.0835 1.07919 1.0756 1.01523 
1056 0.116595	1.05022 0.982557 1.09912 1.15864 0.943773 1.01333 0.989279 0.964805 0.959539 1.02064 
1057 0.155527	0.985019 1.07015 1.01641 0.954575 1.0732 1.11141 1.11683 1.08397 1.07177 0.995068 
1060 0.106158	1.06507 1.05638 1.25676 1.17584 1.01229 1.06079 1.03623 1.03817 1.08339 1.05391 
1061 0.164715	1.01762 1.01264 1.06526 1.0833 0.917461 0.903824 0.942675 0.892042 0.955024 0.995652 
1062 0.157537	1.04629 1.05053 1.13019 1.0552 1.06539 1.08939 1.01548 1.05802 1.09505 1.02688 
1063 0.077824	0.975292 0.909686 0.904388 0.91112 0.860443 0.776875 0.943335 0.858196 0.878262 0.991323 
1064 0.109558	1.05161 1.10466 1.09332 1.03683 1.13792 1.19225 1.01992 1.19794 1.23956 1.02084 
1065 0.213449	0.977559 0.962033 0.978019 0.937036 0.990846 0.984473 1.00551 0.988221 0.977583 1.01359 
1066 0.0468455	1.02418 0.953171 0.966963 0.934523 0.940577 0.9179 0.974083 0.890148 0.929006 0.997978 
1067 0.123914	0.948065 1.01915 0.896179 0.883753 1.06983 1.03638 0.995968 1.06822 1.07957 0.997703 
1070 0.179761	0.94244 0.943914 0.892589 0.891107 0.932141 0.909221 0.987679 0.956207 0.963903 0.984386 
1071 0.114162	1.16255 1.07865 1.16629 1.12014 1.01661 1.05823 0.945169 1.06678 1.07756 1.03927 
1072 0.124587	1.08119 1.09507 1.18379 1.09432 1.11618 1.18578 0.994188 1.19705 1.22168 1.04847 
1073 0.0470379	1.02822 0.990922 1.10836 1.02988 1.05406 1.11576 0.947267 1.03707 1.04105 1.01966 
1074 0.0561912	1.01634 0.978264 1.01739 1.00013 1.10554 1.18705 1.01808 1.02426 1.10118 1.01113 
1075 0.072718	0.944853 0.985052 0.921924 0.870683 1.0601 1.08055 0.988061 1.07724 1.07376 1.06257 
1076 0.225273	1.00718 0.99817 0.978068 1.03554 0.938939 0.971268 0.999401 0.947417 1.0396 1.01056 
1077 0.18027	0.985255 0.994234 1.0221 0.972864 1.01992 1.09418 0.957675 1.04674 1.09673 1.00191 
1100 0.0894692	1.08059 1.10826 1.14387 1.14448 1.10317 1.20736 1.02076 1.16336 1.13124 1.03962 
1101 0.134204	0.985701 0.993556 0.974951 0.948904 1.06956 1.0843 0.997551 1.10065 1.00802 1.00545 
1102 0.0828339	1.16643 1.10978 1.14756 1.13017 0.978903 1.04728 0.998897 1.0517 0.961815 1.06181 
1103 0.0584332	0.896433 0.854021 0.892599 0.955074 0.946673 0.944911 0.891787 0.917205 0.895607 0.973446 
1104 0.241224	0.933694 0.991889 0.914283 0.949741 0.975361 0.95953 0.994852 0.946716 0.937722 0.982576 
1105 0.0667808	0.98612 1.03133 1.09531 1.04817 1.12623 1.12894 1.04467 1.09853 1.08589 1.04715 
1106 0.0924658	0.952505 0.924962 0.819185 0.880218 0.894025 0.821199 0.992715 0.88189 0.854127 0.976032 
1107 0.234589	0.970597 0.986019 1.03316 1.05123 0.997032 0.991528 0.998352 0.977647 1.01323 1.03641 
1110 0.17465	0.964965 1.00184 0.934462 0.891792 1.05358 1.05705 1.0131 1.03919 1.05172 0.980395 
1111 0.159964	0.910147 0.934072 0.891544 0.907092 0.928093 0.9387 0.981398 0.902738 0.90644 0.976947 
1112 0.0494803	1.02144 1.04378 1.06259 1.07688 1.03099 1.07561 1.00681 1.02774 1.08742 0.972479 
1113 0.136918	1.09473 1.10921 1.14799 1.09435 1.09331 1.10282 1.03845 1.13484 1.18468 0.998692 
1114 0.0643922	0.99696 1.07582 1.0567 1.03467 1.07403 1.20338 1.04996 1.11359 1.15234 1.04733 
1115 0.0603254	1.0555 1.082 1.07969 1.01416 1.00061 1.01464 1.05598 0.96712 1.03826 0.999128 
1116 0.214641	1.01159 1.02363 0.998698 0.976374 0.967228 0.990063 1.04496 0.950055 1.00136 0.975842 
1117 0.139629	1.08864 1.07288 1.12713 1.18767 0.969887 0.972516 1.0097 1.01097 1.01564 1.00979 
1120 0.0653055	1.02737 1.10889 1.05838 1.12777 0.951389 1.01944 0.964316 0.961782 1.0456 1.03386 
1121 0.214382	1.00427 1.00602 1.06019 1.01712 1.04747 1.14526 0.979316 1.0572 1.10018 1.01487 
1122 0.113947	1.04266 1.10803 1.04497 1.02965 1.11706 1.14437 1.0061 1.11629 1.14358 1.05802 
1123 0.0574989	0.970834 0.979618 0.976567 1.03666 0.932118 0.951578 0.934465 0.894841 0.930055 1.02787 
1124 0.0504429	1.05979 1.06373 1.08079 1.13077 1.00566 1.03145 0.994375 0.99106 0.97591 0.994873 
1125 0.17685	0.99462 0.925302 0.895208 0.919141 0.909693 0.883136 0.908293 0.898594 0.859206 0.990213 
1126 0.21183	0.967166 0.987858 0.923813 0.920431 1.00317 1.00078 0.960165 0.994403 0.985973 1.03955 
1127 0.109743	0.927188 0.980799 0.97125 0.992904 0.972166 0.989152 0.951601 0.895054 0.915276 1.00465 
1130 0.0678087	0.987288 1.04773 0.958535 0.925306 0.993974 0.963758 1.05987 0.999512 0.921652 0.991934 
1131 0.174161	0.940421 1.02333 0.968312 0.90745 1.11564 1.14602 1.0586 1.11049 1.07846 1.00512 
1132 0.117773	0.892655 0.941895 0.843677 0.875491 0.900925 0.849791 0.990113 0.930741 0.826367 0.964465 
1133 0.174875	0.994986 1.08215 1.06969 1.08194 1.06535 1.02671 1.01506 1.09762 1.02327 1.00795 
1134 0.196288	0.950157 0.956855 0.903784 0.911957 0.998511 0.959704 1.01189 1.00463 0.911742 0.972786 
1135 0.0835118	1.04406 1.01185 0.995572 1.10313 0.949381 0.943141 0.982445 1.0045 0.936471 0.933163 
1136 0.0728051	1.05418 1.14109 1.09021 1.08556 0.995817 1.03414 1.05695 1.09563 1.04587 1.01024 
1137 0.112777	1.03575 0.939489 1.00016 1.12155 0.935136 0.923506 0.997329 0.926253 0.901016 0.947532 
1140 0.0708597	0.906792 0.979233 0.863759 0.892087 0.94852 0.908854 1.03741 0.934818 0.969719 0.985126 
1141 0.0492443	0.878298 0.907618 0.897455 0.941587 1.00193 1.02712 0.923652 0.981535 0.972741 1.02154 
1142 0.104502	1.05874 1.12015 1.17541 1.14314 1.09804 1.19537 1.09126 1.17957 1.21865 1.0512 
1143 0.0926377	0.926587 0.93029 0.944413 0.989277 0.912625 0.92562 0.977524 0.902302 0.889386 0.979706 
1144 0.205753	0.95934 1.01346 1.005 1.00554 0.981207 0.986767 1.00554 1.01063 0.954216 0.989903 
1145 0.204128	1.04348 1.08637 1.14219 1.11838 1.0009 1.06004 1.07554 1.02583 1.06091 1.06252 
1146 0.0609459	0.890846 0.894217 0.832828 0.820605 0.961383 0.973329 1.0261 0.955876 0.997127 0.977073 
1147 0.211929	0.897719 1.02983 0.954557 0.918024 1.06212 1.06966 1.07035 1.09272 1.10537 0.997704 
1150 0.210557	1.00847 1.00719 1.05682 1.04133 0.956515 0.951351 1.02963 0.966344 1.00353 1.01211 
1151 0.145535	1.02272 1.08958 1.06131 1.0103 1.10587 1.08012 1.04342 1.17578 1.18109 0.996238 
1152 0.116083	0.901847 0.991988 0.969777 0.946393 1.07886 1.05295 1.03142 1.05565 1.1007 0.971468 
1153 0.126219	1.1293 1.0988 1.15628 1.17689 1.04151 1.10148 1.06425 1.06714 1.11016 1.0661 
1154 0.0573723	0.88881 0.892276 0.862699 0.884747 0.866051 0.859058 0.954433 0.852828 0.834179 1.00169 
1155 0.0709505	1.02105 0.945282 1.00808 1.093 0.87199 0.852043 0.969906 0.89442 0.973876 0.964242 
1156 0.0615797	0.950356 0.966572 0.899733 0.846416 1.0536 1.04165 1.03896 1.00892 1.01898 0.965259 
1157 0.211704	0.936728 0.918922 0.919212 0.905419 0.95734 0.939188 0.97321 0.933831 0.941486 0.981385 
1160 0.0624826	1.21136 1.09078 1.20989 1.24537 0.98405 0.978189 1.02742 1.00813 0.935469 1.02928 
1161 0.093166	1.10029 1.06986 1.14758 1.09434 1.05459 1.07148 1.0146 1.12655 1.0079 1.0458 
1162 0.121618	0.941886 0.901316 0.885591 0.832827 0.936556 0.847834 0.997854 0.859597 0.861148 0.96562 
1163 0.212552	0.952828 1.01588 0.976684 0.912154 1.04454 1.02964 1.02517 1.03199 1.00728 0.981964 
1164 0.0847978	1.10042 1.0368 1.1081 1.06187 1.12423 1.21636 1.02992 1.11399 1.03408 1.00716 
1165 0.132497	1.06977 0.999409 1.0573 1.0332 1.00629 1.03282 0.965249 1.00492 0.970466 1.02657 
1166 0.157601	1.00609 0.969124 0.973332 0.963921 0.957996 0.937263 0.976662 0.958091 1.00769 0.97941 
1167 0.135286	1.04396 0.908916 0.991945 1.05312 0.926538 0.917077 0.905016 0.869291 0.944307 0.981338 
1170 0.0620674	0.948103 1.05052 0.92602 0.968634 0.948321 0.952733 0.999302 0.941763 0.939507 1.0344 
1171 0.0551454	0.962838 0.974666 0.888936 0.900439 1.03259 1.04177 0.996866 1.07656 1.04598 0.994798 
1172 0.113752	0.990591 1.05948 0.964315 0.985968 1.01093 0.972148 0.991057 0.994126 0.996262 0.99094 
1173 0.125981	0.895206 0.912152 0.771512 0.822672 0.941533 0.871548 0.941422 0.892076 0.896765 0.952368 
1174 0.183433	0.975387 1.00828 0.976253 1.02361 1.04509 1.07803 1.01653 1.05569 1.09706 1.0062 
1175 0.0629903	0.963868 1.00046 0.864006 0.903426 0.976774 0.966257 1.0177 0.948954 1.0008 0.985483 
1176 0.201661	1.01536 1.08585 1.07322 1.10957 1.10176 1.14718 1.02348 1.18692 1.20508 0.991003 
1177 0.19497	0.983963 0.998345 0.910811 1.02522 0.928496 0.935857 0.979201 0.916592 0.887924 0.957055 
BOUNDS
LWPS R    0.0  0.0  0.0  0.0  0.0  0.0  0.0  0.0  0.0  0.0
UWPS R    0.5  0.5  0.5  0.5  0.5  0.5  0.5  0.5  0.5  0.5
LXAS R   -0.5 -0.5 -0.5 -0.5 -0.5 -0.5 -0.5 -0.5 -0.5 -0.5
UXAS R    0.5  0.5  0.5  0.5  0.5  0.5  0.5  0.5  0.5  0.5
END
