NAME moment_estimations_cluster
ASSETS 10
BENCHMARKS 0.1 0.1 0.1 0.1 0.1 0.1 0.1 0.1 0.1 0.1 
COVARIANCES
0 0 0.0280049
1 0 0.0080031
1 1 0.0074607
2 0 0.0189689
2 1 0.0148503
2 2 0.0450421
3 0 0.00738662
3 1 0.00940503
3 2 0.0250343
3 3 0.0201295
4 0 0.00368824
4 1 0.0036203
4 2 0.00841753
4 3 0.00760301
4 4 0.00393929
5 0 0.0166782
5 1 0.0173255
5 2 0.0425355
5 3 0.0273889
5 4 0.00922942
5 5 0.0483619
6 0 0.0054104
6 1 0.00571644
6 2 0.0148624
6 3 0.00904719
6 4 0.00273851
6 5 0.0161736
6 6 0.00831505
7 0 0.0187962
7 1 0.0189743
7 2 0.0502372
7 3 0.0357758
7 4 0.0132998
7 5 0.055081
7 6 0.0177196
7 7 0.0728654
8 0 -0.000724791
8 1 -0.00485955
8 2 -0.0085899
8 3 -0.00675896
8 4 -0.00208715
8 5 -0.0135806
8 6 -0.00260945
8 7 -0.01623
8 8 0.00945899
9 0 0.00477695
9 1 0.00306802
9 2 0.0105784
9 3 0.00528328
9 4 0.00184488
9 5 0.00921041
9 6 0.00449158
9 7 0.00998532
9 8 0.000769896
9 9 0.00505347
SCENARIOS
0 0.48249	1.10832 1.05718 1.0883 1.03325 0.990453 1.09139 1.03622 1.04341 1.05508 1.05748 
1 0.51751	0.951114 0.981807 0.918483 0.992146 1.01082 0.987514 0.981015 0.989131 0.973571 0.939549 
00 0.345375	1.01526 1.07054 1.2547 1.15676 1.10134 1.27967 1.05897 1.45726 0.850437 1.08096 
01 0.654625	1.01113 0.934208 0.928522 0.888197 1.00457 0.860121 0.973606 0.792632 1.06868 0.981345 
10 0.70675	1.00505 1.05919 1.17948 1.10638 1.02295 1.12046 1.02857 1.13271 0.947083 1.06622 
11 0.29325	0.859617 0.909812 0.729743 0.84238 0.929619 0.686127 0.885284 0.634437 1.10589 0.931914 
000 0.116659	1.12031 1.02531 0.932378 1.13252 1.08638 0.983433 1.00997 1.17014 0.935772 0.893049 
001 0.221075	0.831697 0.876604 0.75802 0.801644 0.919494 0.732756 0.938323 0.659749 1.08626 0.886733 
002 0.074772	1.01118 0.91266 0.636322 0.754552 0.902645 0.641432 0.824264 0.567091 1.08045 0.763728 
003 0.129201	1.17597 1.21984 1.56703 1.24549 1.08916 1.60153 1.20507 1.73241 0.89881 1.12289 
004 0.093495	1.41834 1.04052 0.951032 0.909054 1.00177 0.949346 0.978831 0.822492 1.05017 0.880613 
005 0.133161	1.03688 0.995327 1.17159 1.15855 1.06128 1.15986 1.05867 1.15454 1.0089 0.943654 
006 0.0886942	1.29228 1.11948 1.36268 1.11818 1.00426 1.22526 1.14036 1.21968 1.09621 1.05364 
007 0.142943	0.877921 0.967678 0.990832 0.979552 0.918325 0.969211 1.01749 0.89165 1.06686 0.898792 
010 0.0740225	1.2892 1.02548 1.12689 0.946999 1.04589 0.964705 1.03191 1.00971 1.08687 1.13147 
011 0.105715	1.28683 1.15031 1.66432 1.31985 1.09987 1.5219 1.19039 1.98903 0.951115 1.18545 
012 0.226025	0.96341 1.03947 1.21064 1.15701 1.02763 1.17253 1.11799 1.48089 0.892946 1.04404 
013 0.0862118	1.1032 0.931805 0.888958 0.908999 0.952602 0.795721 0.900331 0.911978 1.02906 0.97834 
014 0.103942	0.803625 0.825322 0.809591 1.07377 0.963258 0.827022 0.973042 0.889788 1.1371 0.977307 
015 0.0560393	0.895284 0.97812 1.00738 1.13785 1.01627 0.90891 1.05734 1.00408 1.2117 1.06111 
016 0.0963432	0.939112 0.805408 0.609416 0.687289 0.911198 0.551437 0.847333 0.537237 1.18728 0.917018 
017 0.251702	0.896964 0.908406 0.81456 0.918091 0.91169 0.817554 0.890551 0.890337 0.932438 0.871897 
100 0.100807	0.988752 0.957078 0.801481 0.838577 0.969133 0.874553 1.04057 0.835046 0.999852 0.988393 
101 0.117676	1.40758 1.0762 1.28401 1.12487 1.10664 1.28122 1.07527 1.35671 1.03045 1.07259 
102 0.166917	1.00179 0.887679 0.808356 0.856361 0.931467 0.710396 0.972165 0.661718 1.25321 1.00391 
103 0.138483	0.863131 0.883317 0.858445 0.905671 0.8979 0.864082 0.933372 0.843757 0.981599 0.878842 
104 0.127902	1.04435 1.16334 1.45148 1.32043 1.07654 1.54112 1.14144 1.82992 0.806053 0.974591 
105 0.0911552	1.02062 1.03596 0.886517 1.01767 1.00537 1.13464 1.00862 1.14893 0.888987 0.906912 
106 0.143759	1.04471 1.06659 1.23855 1.04625 0.954232 1.18573 1.13656 1.12502 1.06829 1.06898 
107 0.113301	0.884591 0.910429 0.659608 0.71793 0.904787 0.628967 0.815321 0.619823 1.0978 0.889633 
110 0.0675409	1.23804 0.896633 1.01776 0.812711 0.899792 0.867947 0.908416 0.876506 0.989707 0.97802 
111 0.16111	1.2074 1.00824 1.16434 0.976536 0.982676 1.05211 1.08362 1.08012 1.12464 1.13419 
112 0.181603	1.19285 0.987963 1.32091 1.14346 1.0801 1.26664 1.05188 1.52289 0.919401 1.10757 
113 0.0900105	0.903772 0.837184 0.648491 0.733195 0.850911 0.655603 0.850236 0.515744 1.18944 0.915152 
114 0.0465867	0.883902 0.847274 0.843977 0.784249 0.869999 0.665628 0.97858 0.752293 1.32771 1.11695 
115 0.0481682	1.13796 1.05211 0.929334 0.907135 1.01935 1.00406 0.951839 0.972382 0.949925 1.02939 
116 0.20315	0.757601 0.870119 0.828856 0.871704 0.963941 0.771006 0.909209 0.825078 0.986053 0.992109 
117 0.201832	0.961705 0.993841 1.01799 0.878555 0.973361 1.07338 1.05949 1.07303 0.867312 0.951244 
0000 0.105967	0.916626 1.06109 0.935128 0.921061 0.934073 1.00031 0.92056 0.933151 0.958285 0.92101 
0001 0.135288	1.10705 0.963162 0.960966 0.962108 0.934817 0.982884 0.979841 0.858538 1.07019 1.01614 
0002 0.180041	0.796513 0.913237 0.739673 0.789243 0.909409 0.738397 0.914061 0.664348 1.18921 0.948148 
0003 0.0534979	0.9223 1.05367 1.29548 1.33242 1.04615 1.34333 1.05361 1.71957 0.915958 1.09672 
0004 0.144033	1.07768 1.0136 1.23731 1.00077 0.94616 1.1603 0.986058 1.26471 0.998831 1.03619 
0005 0.119342	1.00949 1.07614 1.33016 1.14867 0.986129 1.53952 1.08566 1.46121 0.950713 1.07028 
0006 0.131173	0.864516 0.842992 0.963788 1.03781 0.984347 0.991588 1.09619 1.00627 1.09048 1.096 
0007 0.130658	0.916459 0.912799 1.00547 0.937476 0.937702 1.0119 0.962602 0.855571 1.01362 0.99808 
0010 0.153637	1.01748 1.10283 1.01997 1.01426 1.00042 1.03098 0.962383 1.10477 0.867081 0.900218 
0011 0.0461455	1.35125 1.05318 1.02529 0.952578 0.909984 1.27412 1.07801 0.973186 0.954657 1.00037 
0012 0.0974484	1.10869 1.08223 1.09321 1.16512 1.0638 1.00292 1.00669 1.0549 1.06546 0.972154 
0013 0.100434	1.1723 1.03131 1.13988 1.16088 1.10352 1.21742 1.18792 1.1764 1.09377 1.15908 
0014 0.149294	1.24988 1.11606 1.23537 1.23761 1.04905 1.46733 1.18154 1.51006 0.883017 1.07904 
0015 0.159338	1.0685 0.943709 0.794411 0.834861 0.941202 0.776425 0.920431 0.740545 1.07287 0.938208 
0016 0.212269	0.806735 0.897253 0.886669 1.00244 0.934592 0.860229 0.907774 0.926471 1.00578 1.05837 
0017 0.0814332	0.873208 0.845312 0.747722 0.919989 0.965729 0.642393 0.907682 0.694542 1.2512 0.991738 
0020 0.070626	0.740048 0.951292 0.994752 1.03832 0.976008 1.04651 0.935423 1.08866 0.91249 0.896514 
0021 0.264848	0.905068 0.892872 0.838884 0.945553 0.987679 0.81631 0.976158 0.902966 1.22501 1.1348 
0022 0.106742	0.609904 0.825155 0.720974 0.87718 0.978742 0.788926 0.884369 0.914456 0.961538 0.949462 
0023 0.0778491	0.845966 0.879408 0.827615 0.844253 0.947462 0.835315 0.94944 0.790245 0.923017 0.916145 
0024 0.164526	1.11289 1.00183 1.20563 1.22111 1.06063 1.27278 1.07135 1.65965 0.889196 1.11406 
0025 0.0995185	0.891884 0.904344 0.954378 0.998206 1.00686 0.795467 0.866525 0.943713 1.03203 1.0496 
0026 0.076244	1.03034 1.04749 1.0094 1.09482 1.0366 1.1304 0.954618 1.06735 0.838248 0.990256 
0027 0.139647	1.30169 1.02611 0.99755 0.976855 1.01168 1.11248 0.976542 1.04567 1.01236 1.17708 
0030 0.136089	1.13259 1.11932 0.916179 1.02103 0.959033 1.02884 0.988676 0.921582 0.944333 0.814805 
0031 0.158384	0.977792 0.936409 1.07776 1.0686 0.979312 0.941277 0.960974 0.960577 1.10351 0.97193 
0032 0.0673479	1.2665 0.86291 0.838402 0.984466 0.992347 0.768563 0.890838 0.901137 1.05465 0.813446 
0033 0.123549	0.920572 0.843542 0.750298 0.851509 0.92682 0.76759 0.849851 0.741354 1.00293 0.779948 
0034 0.129587	1.13894 0.882887 0.76157 0.869188 0.880935 0.770397 0.954873 0.675766 1.12058 0.909533 
0035 0.146307	1.0859 1.08263 1.10163 1.33587 1.03102 1.25266 0.997037 1.37766 0.953969 0.957222 
0036 0.0831398	1.44644 0.986728 1.17399 0.957256 0.991636 1.00495 1.15651 0.88182 1.24179 1.1404 
0037 0.155597	1.38732 1.04868 1.58623 1.41737 1.13124 1.37882 1.09698 1.60543 1.00887 0.937091 
0040 0.162388	1.08899 1.06358 1.29938 1.17232 1.00046 1.20902 0.954003 1.29814 0.857879 0.98097 
0041 0.153402	0.941017 0.986492 1.0951 1.11792 0.95707 1.09155 1.05987 1.23549 1.04732 1.07507 
0042 0.0879332	1.1984 1.05833 1.50046 1.13505 1.01409 1.40585 1.15281 1.57014 0.993307 1.23798 
0043 0.250321	0.889793 0.897296 0.764446 0.816659 0.962816 0.672649 0.839065 0.775374 1.03339 0.967431 
0044 0.0584082	0.910301 0.995647 0.795699 1.06791 1.03829 0.891029 0.894103 0.991826 1.0189 1.02993 
0045 0.108472	1.25528 0.958304 1.06551 1.03671 0.933015 1.03044 0.981793 1.08048 1.05482 0.985852 
0046 0.120668	0.866486 1.01316 1.06279 0.998262 0.943066 1.12547 0.992721 1.1164 0.82308 0.941405 
0047 0.0584082	0.743689 0.946654 0.797916 0.980957 0.893375 1.0919 0.979486 1.02623 0.892596 0.920198 
0050 0.136548	0.987039 0.946044 0.789876 0.752985 0.910267 0.783161 0.911794 0.683659 1.08872 0.987287 
0051 0.0712032	1.28163 1.27664 1.53812 1.3476 1.10684 1.56839 1.14888 1.80067 0.861764 1.06805 
0052 0.258675	0.968884 1.12085 0.956884 1.00864 0.998888 1.03969 1.01648 1.09756 0.996633 1.07791 
0053 0.15142	0.927016 1.05759 1.2098 1.24717 1.07934 1.25426 1.03295 1.51994 0.836421 0.95803 
0054 0.077963	1.02007 1.11402 1.22878 1.2611 1.14468 1.09986 1.16578 1.30916 1.09637 1.10941 
0055 0.067598	0.933737 1.1564 1.11303 0.998499 0.926772 1.09484 1.06735 0.904239 1.11981 1.0769 
0056 0.113565	1.03087 1.01213 0.851345 1.02082 0.98229 0.846744 1.01395 0.885687 1.18744 1.0447 
0057 0.123028	0.785713 0.840363 0.691634 0.84202 0.912544 0.638531 0.880872 0.748699 1.22995 0.891265 
0060 0.137348	1.39636 1.03111 1.05454 0.99826 1.00276 1.15962 1.03855 1.17609 0.830256 0.916314 
0061 0.196211	0.989412 0.869435 0.725451 0.856668 0.946099 0.82483 0.949666 0.749077 0.95597 0.910658 
0062 0.0960758	1.1241 0.910177 0.951898 1.17884 1.09857 0.985891 1.03203 1.16349 0.99985 1.04172 
0063 0.0981055	1.19469 1.08579 1.39278 1.20516 1.11653 1.43163 1.18903 1.62241 0.905257 1.09243 
0064 0.250338	0.806403 0.941298 1.04131 1.06271 1.03275 1.03795 1.02207 1.02688 0.941244 0.878836 
0065 0.0534506	1.1574 0.892054 0.806591 0.957781 0.999865 0.736109 0.927612 0.735301 1.26902 0.939563 
0066 0.052774	1.40854 1.03314 1.22028 1.0023 1.0153 1.02517 1.09247 0.993966 1.07469 0.958066 
0067 0.115697	1.09221 0.942557 0.755297 0.848304 1.01184 0.739679 0.83699 0.787002 0.938798 0.876807 
0070 0.0822838	0.887319 0.956084 0.98762 1.0843 1.0213 1.07481 0.925858 1.16648 0.858239 0.970396 
0071 0.0923594	0.932659 0.895735 1.05727 0.861131 1.02395 0.94695 0.945416 0.90654 0.989064 1.17753 
0072 0.207389	0.945576 0.929273 0.885987 0.968478 1.01542 0.729323 0.963795 0.780024 1.20148 1.11342 
0073 0.162469	0.913271 0.948916 0.808968 0.773391 0.932601 0.765268 0.873641 0.706299 0.978917 0.972866 
0074 0.164568	1.08806 0.982005 0.956997 0.892958 0.950328 0.947843 1.01708 1.01209 0.971309 0.991242 
0075 0.0457599	0.980303 1.06914 1.15904 1.09067 0.951986 1.33047 1.03864 1.03968 0.85342 1.03893 
0076 0.121327	1.15356 0.967846 1.28489 1.06057 0.963474 1.1244 1.02575 1.18813 1.02589 1.23997 
0077 0.123846	1.17296 1.10159 1.35222 1.25175 1.01852 1.48617 1.11702 1.68459 0.83176 1.00675 
0100 0.0829769	0.931959 0.808061 0.725197 0.916124 0.922078 0.708643 0.877996 0.667166 1.10757 0.801983 
0101 0.0838323	1.0662 0.883792 0.848775 0.929564 0.875184 0.840208 0.975676 0.973612 1.25001 0.955275 
0102 0.198888	0.886488 0.960316 0.843129 0.939153 0.908862 0.924696 0.928207 0.82144 1.00829 0.865828 
0103 0.130026	1.14725 0.928038 1.04446 1.11126 0.934538 1.11278 0.956484 1.01704 1.07001 0.960422 
0104 0.0855432	1.32894 1.02994 1.0736 1.1879 0.926609 1.24539 0.951435 1.25429 0.881242 0.865813 
0105 0.0658683	1.2322 0.980442 0.88016 0.856308 0.871083 0.885375 0.917988 0.798683 0.982205 0.967781 
0106 0.138152	0.898539 1.01638 0.910413 1.07588 0.933506 1.13745 1.05617 0.947152 0.930522 0.926107 
0107 0.214713	1.12527 1.09228 1.34724 1.27458 0.952764 1.44475 1.10151 1.64629 0.957036 1.0396 
0110 0.153938	1.04564 0.989967 1.01591 1.01662 0.969421 1.05849 0.984387 1.05232 0.87872 0.947713 
0111 0.0697814	1.16702 1.01803 0.76506 0.833808 0.94401 0.735096 0.80446 0.645656 1.01853 0.849502 
0112 0.109913	1.03672 1.1732 1.41204 1.28681 1.11974 1.52171 1.22207 1.47023 0.92417 1.11799 
0113 0.174603	1.28391 1.03426 1.19545 1.10231 0.99652 1.09683 1.08239 1.06679 1.04626 0.999741 
0114 0.153938	0.913166 1.02908 0.839274 1.10056 1.01242 0.949779 1.00564 0.83352 0.983226 0.902953 
0115 0.219826	0.926097 0.850866 0.772136 0.793698 0.909184 0.73489 0.893958 0.625213 1.16645 0.989614 
0116 0.0685834	0.83915 1.11245 1.16065 1.20139 1.01506 1.21722 1.05981 1.37127 0.949966 0.947421 
0117 0.049416	1.63948 1.04041 1.04001 0.955982 0.969052 1.19319 0.945877 0.910189 0.965875 0.829174 
0120 0.053789	1.05099 1.23713 1.56393 1.37921 1.10317 1.76337 1.07414 1.67043 0.831683 1.06727 
0121 0.136574	1.07856 0.958578 0.895858 0.901708 0.951951 0.876129 0.8471 0.699844 1.0074 0.947509 
0122 0.1108	1.08694 0.925393 0.65998 0.856431 0.970037 0.745808 0.823073 0.64559 1.12225 0.907046 
0123 0.070458	1.03354 1.13202 1.30638 1.14011 1.03699 1.33347 1.17693 1.31051 1.01753 0.979901 
0124 0.0753607	1.51618 1.11486 1.14414 1.08756 1.06406 1.2521 0.998246 1.09515 0.938776 0.957982 
0125 0.250175	0.915466 0.979999 0.90571 0.999179 1.00723 1.01971 1.02978 0.948897 0.93806 1.01586 
0126 0.149181	1.14106 1.12742 1.20064 1.14381 1.02844 1.32771 0.965159 1.25571 0.889742 0.962758 
0127 0.153663	0.858893 1.00608 0.901701 0.959132 0.979897 1.00331 0.948566 0.778611 1.17771 1.12053 
0130 0.0962174	0.914301 0.994663 0.77335 0.910356 1.01169 0.929734 0.903792 0.739469 1.02256 0.924838 
0131 0.111642	1.38774 1.14002 1.25796 1.12484 1.07371 1.34443 1.08644 1.45616 0.949912 1.01283 
0132 0.223283	1.16017 1.0903 0.987426 1.03063 1.03803 1.08619 0.957137 1.01399 1.01152 1.00829 
0133 0.105031	0.843376 1.01247 0.919784 1.03972 1.05511 0.960614 1.08572 0.931599 1.10006 1.03939 
0134 0.0686743	0.829142 0.84368 0.753372 0.826445 0.945102 0.62463 0.869904 0.607976 1.23558 1.02501 
0135 0.18509	0.965929 1.08518 1.29408 1.28197 1.08602 1.3396 1.1054 1.62349 0.976302 0.975132 
0136 0.0899743	0.938281 0.847761 0.651536 0.845581 0.945831 0.714738 0.920151 0.683701 1.07561 0.91172 
0137 0.120088	0.852818 0.965447 0.968677 1.10567 1.05388 1.01955 0.985462 1.21848 0.945216 0.944676 
0140 0.237283	0.897125 1.17199 1.16847 0.970889 0.98398 1.15033 0.994442 1.114 0.934005 0.98764 
0141 0.0651843	0.718324 0.859483 0.637744 0.702469 0.871383 0.634898 0.827212 0.574011 1.16017 0.963051 
0142 0.122144	0.990267 1.00307 1.00575 0.887824 1.01009 0.778334 0.887956 0.933741 1.09569 1.05516 
0143 0.104173	1.33811 1.31751 1.56645 1.24255 1.13798 1.47862 1.09914 1.66969 0.963074 1.10554 
0144 0.101736	1.09225 1.12204 0.917305 0.746432 0.920731 0.843133 0.939579 0.729128 1.1424 1.01049 
0145 0.186415	0.943607 1.00796 1.08075 1.06748 1.11142 0.994474 0.954294 1.18583 0.910564 0.977058 
0146 0.0907706	0.832 0.960052 0.788194 0.826632 0.938304 0.710982 0.810402 0.685549 0.952653 0.889359 
0147 0.0922936	0.620596 1.00426 0.763805 0.785659 0.955495 0.779536 0.968816 0.675249 1.00072 1.03883 
0150 0.282486	0.895188 0.993181 0.989656 0.885488 1.02556 0.964356 0.964358 0.956611 0.934987 1.08943 
0151 0.105085	1.06723 0.818986 0.785482 0.735286 0.857701 0.767334 0.956722 0.623077 1.12467 0.977711 
0152 0.159322	0.765663 0.783485 0.706154 0.726242 0.909026 0.629889 0.938908 0.499364 1.09784 0.992455 
0153 0.0666667	1.15972 0.994601 1.02169 0.961003 1.06562 0.937828 0.966913 0.925914 1.25691 1.18018 
0154 0.163277	1.28583 1.07919 1.07915 0.982819 0.963218 1.25948 1.16273 1.29433 0.936226 0.982685 
0155 0.0615819	1.1814 0.980109 1.53933 1.03811 0.881658 1.34674 1.22419 1.34402 0.98424 1.25916 
0156 0.0757062	0.979168 1.01393 1.4942 1.03949 0.931605 1.49445 1.1587 1.65144 0.789389 1.15461 
0157 0.0858757	1.07883 0.992717 1.2363 1.13023 1.09336 1.26134 1.05628 1.49042 0.910293 0.978915 
0160 0.208676	0.834061 0.98951 0.760189 0.995645 1.0214 0.891464 0.943566 0.889132 0.9789 0.941482 
0161 0.125534	1.19579 1.21333 1.07829 1.24331 1.04415 1.46263 1.00979 1.14185 0.863441 0.916996 
0162 0.107131	1.25462 0.986712 0.960329 0.933407 0.957264 0.920285 0.924324 0.809066 1.17249 1.09824 
0163 0.0719685	1.13797 0.924361 0.966936 1.13783 0.999997 1.09988 0.966133 1.10954 0.927547 0.955301 
0164 0.0683536	1.284 1.17374 1.38962 1.16464 1.03419 1.3698 1.22038 1.16078 1.1217 1.03576 
0165 0.135721	0.935632 1.07581 1.04785 1.19418 1.11277 1.08986 1.03261 1.29234 0.997043 0.985851 
0166 0.193559	0.82148 0.829907 0.750065 0.952096 0.91196 0.723961 0.908634 0.773917 1.11146 0.97081 
0167 0.0890569	1.0727 1.10742 1.51056 1.40265 0.993748 1.54985 1.17794 1.70183 0.859835 0.989147 
0170 0.138365	0.847592 0.974545 0.9042 1.01528 1.07256 0.978352 0.98631 1.07064 0.854862 0.855924 
0171 0.0374843	1.1358 1.04962 0.930411 1.1305 1.21748 1.102 0.992718 1.28968 0.959564 1.03216 
0172 0.174465	0.724864 0.827812 0.624314 0.881888 0.959614 0.693333 0.845981 0.612835 1.13662 0.966067 
0173 0.119874	1.16396 1.03217 1.20347 0.961507 0.995632 1.08726 1.0506 1.04497 0.969618 0.95624 
0174 0.134214	1.03389 1.14056 1.0489 1.01936 1.08862 1.1285 1.10714 1.01413 1.12948 1.20126 
0175 0.121132	1.03636 1.17754 1.42786 1.26272 1.05452 1.51608 1.16343 1.60239 0.93755 1.06475 
0176 0.179748	1.06977 0.953871 0.839372 0.919734 1.00769 0.797974 0.88286 0.799476 1.02468 0.972796 
0177 0.094717	0.750623 1.08074 0.959504 1.07185 1.06674 1.0681 1.05481 0.984247 0.995658 1.03502 
1000 0.0504475	0.732449 0.963279 0.979815 1.00479 0.941367 1.00756 1.09504 0.863083 1.23919 1.11509 
1001 0.244101	1.08197 1.13574 1.1593 1.17891 1.07299 1.15537 1.01944 1.27913 1.04726 1.01199 
1002 0.144291	0.976264 0.991512 0.869058 1.01924 0.992479 0.959845 0.869851 0.890554 1.03261 0.966317 
1003 0.105506	0.786942 0.880876 0.760249 0.916304 0.953657 0.836582 0.902223 0.881656 1.11533 0.987341 
1004 0.0648223	0.95368 0.903785 1.0198 0.87353 0.90519 0.940176 1.00452 0.846769 1.07554 0.988542 
1005 0.119067	1.12361 1.14129 1.48997 1.36081 1.01799 1.5075 1.21677 1.6479 0.993939 0.976371 
1006 0.200976	0.993741 1.06591 0.969802 1.03421 0.949032 1.08296 0.961882 1.14849 0.93121 0.892102 
1007 0.0707893	0.64694 0.816091 0.595014 0.849091 0.915736 0.637595 0.860078 0.598499 1.15739 0.870273 
1010 0.0745818	0.99471 1.04677 1.17243 1.23148 1.06358 1.13823 1.0643 1.42376 1.02948 1.01388 
1011 0.109201	0.984178 1.05218 1.27859 1.12358 0.995031 1.26002 1.03461 1.47272 0.867727 1.08902 
1012 0.228625	0.957635 0.979178 0.807114 0.810312 0.890973 0.862657 0.863439 0.902507 0.890467 0.951944 
1013 0.104089	1.10955 0.959036 1.00113 1.03813 1.04143 0.832195 1.00996 0.924574 1.12926 0.997837 
1014 0.145446	0.781703 0.825731 0.758208 0.890174 0.862189 0.712912 0.859502 0.729139 1.1293 0.914811 
1015 0.0731877	1.15987 1.07209 1.21702 1.22616 1.03715 1.09365 0.96009 1.28026 0.974404 0.971862 
1016 0.0915428	1.20216 1.18928 1.60826 1.42329 1.08855 1.60385 1.16527 1.7893 0.877837 1.12557 
1017 0.173327	0.996385 0.937002 1.04376 0.945392 0.954151 1.00839 0.96852 1.01275 0.930649 0.943556 
1020 0.105651	1.10443 1.09361 1.47706 1.25256 1.13947 1.61928 1.13859 1.83333 0.894158 1.08784 
1021 0.151515	0.774072 0.999064 0.927163 1.0369 1.05164 0.96194 1.02176 1.1224 1.00741 0.970976 
1022 0.178378	1.34183 1.04345 1.18185 1.00814 0.999976 1.33555 0.95278 1.21884 0.91695 0.940595 
1023 0.0665029	1.00278 0.901887 0.98481 0.946142 0.994787 0.933687 0.935175 0.97169 1.20301 1.0479 
1024 0.044226	1.51536 1.11291 1.27469 0.958914 0.967154 1.23556 1.01219 1.08245 1.11625 1.05504 
1025 0.188698	1.14331 1.00562 0.865113 0.817971 0.984498 0.886661 0.960259 0.839298 1.05428 1.00317 
1026 0.166912	0.736812 0.921756 0.703534 0.774144 0.962897 0.7105 0.900507 0.709651 1.03764 0.918268 
1027 0.0981163	0.881349 1.07813 1.23077 1.08375 0.970873 1.37529 1.12469 1.23883 0.956506 1.1208 
1030 0.233959	1.00026 1.13141 1.33841 1.17501 1.153 1.1812 1.04584 1.44731 0.976192 1.08099 
1031 0.0655479	0.695688 1.00657 0.947213 1.01751 0.993922 1.02341 1.05435 0.996014 0.96217 1.13026 
1032 0.0740375	0.733489 0.893514 0.825786 0.817017 0.934057 0.783075 1.01527 0.697928 1.04704 1.08744 
1033 0.127345	1.15309 1.08691 1.05489 1.1108 1.1382 0.960094 1.01503 1.18743 1.03558 1.10665 
1034 0.159921	1.0058 1.12155 1.02658 0.982386 1.08784 0.987279 0.974299 0.973684 0.886636 0.957546 
1035 0.0681145	0.723166 1.11139 0.798131 0.96178 1.06754 1.01526 0.918891 1.06693 0.858247 0.930522 
1036 0.191905	0.942111 0.900676 0.765436 0.878301 0.970768 0.721343 0.869044 0.761018 1.03562 0.989245 
1037 0.0791708	0.891303 1.04345 1.07871 0.970637 1.05553 0.910762 1.02717 0.837771 1.20186 1.05588 
1040 0.108807	0.916953 0.906493 0.741981 0.834728 0.994786 0.846085 0.832341 0.783566 0.980297 0.921244 
1041 0.083369	1.26415 1.01425 1.1366 0.983661 1.10766 0.992642 0.985132 1.01309 1.19615 1.11925 
1042 0.241129	1.44658 1.14453 1.36418 1.12409 1.09834 1.46704 1.03086 1.47787 0.968192 1.15134 
1043 0.077811	0.921262 0.972485 0.786293 0.925447 0.962548 0.94783 0.894607 0.927239 0.835656 0.825167 
1044 0.194314	0.872362 0.907134 0.850449 1.0027 0.966221 0.922331 0.978192 0.876723 1.14732 1.06513 
1045 0.0737495	0.734814 0.821222 0.581554 0.728785 0.912186 0.613988 0.807825 0.602421 1.1115 0.927542 
1046 0.0874305	0.934892 0.883538 0.717319 0.72495 0.931799 0.705283 0.965945 0.67458 1.0616 1.01885 
1047 0.13339	1.03579 1.00844 1.13886 1.12586 1.04466 1.18521 1.00594 1.41646 0.980634 1.06901 
1050 0.0617876	1.14124 0.926686 0.926394 0.769839 0.9318 0.799094 0.915557 0.691367 1.07247 1.07523 
1051 0.284943	0.878135 1.03499 1.00148 0.96695 0.989274 1.07733 0.992207 1.00458 0.900502 1.01642 
1052 0.0812837	0.762311 0.978851 0.827734 0.886053 0.967686 0.849797 0.901736 0.873824 0.926859 0.918152 
1053 0.111278	0.859483 0.808551 0.734301 0.819855 0.931354 0.612549 0.866694 0.663009 1.11489 0.956982 
1054 0.110378	1.12599 1.01107 1.241 1.13696 1.03676 1.10644 0.954396 1.30868 1.01564 1.09533 
1055 0.0683863	1.21669 1.14554 1.28795 0.976615 1.03327 1.23711 1.11725 1.18132 1.01161 1.23181 
1056 0.166167	0.836334 0.931158 0.929824 1.00174 1.04017 0.851548 1.01128 0.866999 1.144 1.23301 
1057 0.115777	0.948635 1.06976 1.45938 1.40474 1.1371 1.36746 1.10221 1.5903 0.982301 1.20237 
1060 0.094903	1.32863 1.15379 1.57095 1.1854 1.0642 1.5674 1.19705 1.72035 0.916514 1.1544 
1061 0.16337	1.01165 0.931996 0.862293 1.00592 1.06148 0.881577 0.943343 0.993326 1.065 1.07733 
1062 0.0585774	1.38238 1.07389 1.04875 0.980301 1.03267 1.02005 1.02437 0.955189 1.03113 1.04355 
1063 0.126664	1.06181 0.999531 1.14109 1.29629 1.15398 1.16569 1.04518 1.42993 0.943964 1.02149 
1064 0.198555	0.953905 0.905326 0.806234 0.833098 0.980414 0.660214 0.897885 0.653934 1.11288 0.912169 
1065 0.0707493	0.88446 1.11176 0.958862 1.17786 1.12156 1.11947 1.18391 1.33347 0.925589 1.02152 
1066 0.115443	0.72126 0.948569 0.732122 0.886856 0.938047 0.884911 0.957396 0.918313 0.875565 0.933662 
1067 0.171738	0.865106 0.905811 1.14407 1.05258 1.01766 1.04528 0.992052 1.05264 1.00438 1.08392 
1070 0.0904923	0.930493 0.882231 0.63008 0.794328 0.948684 0.73863 0.929309 0.591732 1.20753 0.886414 
1071 0.0989382	1.09803 0.913468 0.823495 0.973652 1.01038 0.867659 0.908938 0.993861 0.914485 0.92106 
1072 0.225386	1.15478 1.02341 1.17146 1.12741 1.09798 1.37462 1.05238 1.38484 0.896726 1.05204 
1073 0.0714286	1.52453 1.123 1.54181 1.34195 1.14611 1.73511 1.0984 1.86573 0.863126 1.11831 
1074 0.124035	0.826417 0.793437 0.676735 0.787237 0.902905 0.760714 0.975162 0.656377 1.02014 0.911339 
1075 0.155647	0.841823 0.916136 1.01944 0.943758 0.92596 1.01443 1.09832 1.02273 0.949619 0.930953 
1076 0.11028	1.27501 0.969175 1.20075 0.966976 1.01298 1.0305 1.05872 1.1532 1.10637 1.09548 
1077 0.123793	0.893649 0.893974 0.945891 1.00694 1.05852 0.855288 1.0558 1.01116 1.12064 0.983997 
1100 0.0721951	0.795081 0.887148 0.592187 0.891791 1.0189 0.581484 0.845794 0.55723 1.1623 1.01098 
1101 0.225366	0.971979 1.10582 1.12811 1.11652 1.08287 1.11659 1.03255 1.1199 1.03174 1.07552 
1102 0.0878049	0.946674 1.03186 0.973665 1.04044 1.08259 0.980132 1.01699 1.01256 1.1573 1.01152 
1103 0.164878	1.05369 1.24378 1.38231 1.29688 1.03456 1.58981 1.11827 1.35284 0.86377 1.06938 
1104 0.0673171	0.840663 0.960109 0.816887 0.864247 0.92091 0.829169 1.06753 0.749629 1.14611 1.02813 
1105 0.0790244	1.17673 1.03077 0.881707 1.03765 1.02663 0.993541 1.08499 0.78432 1.19092 1.00133 
1106 0.130732	0.911324 1.12159 0.921532 0.945254 0.969549 1.1231 1.02873 0.99927 0.90671 0.993887 
1107 0.172683	0.918123 1.03764 0.773505 0.853531 0.892117 0.869183 0.858889 0.71975 1.00821 0.928303 
1110 0.154601	0.995443 0.949947 0.994961 1.01846 1.06634 0.908945 1.00189 0.900533 1.1138 0.984546 
1111 0.271166	1.02435 0.891198 0.933198 0.911751 1.01576 0.845669 0.905805 0.873882 1.04923 0.963794 
1112 0.0732106	1.17745 1.15017 1.85684 1.34173 1.05281 1.57277 1.07078 1.80502 0.867595 1.03512 
1113 0.0572597	1.21893 1.09461 1.12698 0.964708 1.08752 1.1775 0.892912 1.10054 0.879708 1.00315 
1114 0.113701	1.15492 0.926309 0.809233 0.807047 0.962941 0.708033 0.903106 0.69626 1.18802 0.93348 
1115 0.104703	0.792811 0.952867 0.861941 0.994416 1.05648 1.00749 1.04522 0.914447 0.888849 0.962308 
1116 0.143558	1.20859 1.14219 1.35241 1.14181 0.952442 1.48127 1.10784 1.34368 0.925166 1.07037 
1117 0.0817996	0.776372 1.03566 1.18874 1.20386 1.07055 1.2194 1.05235 1.297 0.916427 0.954664 
1120 0.169448	0.8292 1.00762 0.849951 0.914352 0.961555 0.978132 1.00804 0.915947 0.939225 0.868101 
1121 0.11103	0.933232 0.977419 0.802172 0.943587 0.923899 0.901283 0.846754 0.891864 0.969011 0.798686 
1122 0.0645864	0.667984 0.938921 0.695763 0.777995 0.855845 0.723592 0.838697 0.559173 1.16566 0.927261 
1123 0.225327	0.908028 1.0677 1.14324 0.99309 0.987227 1.12707 1.10733 1.06282 0.997287 1.06069 
1124 0.0638607	0.997511 0.943011 0.833341 0.943789 0.9052 0.775955 0.906855 0.668226 1.21241 0.942967 
1125 0.0809144	0.943616 0.935997 0.760986 0.945093 0.98159 0.807469 0.902556 0.749677 1.15623 0.960401 
1126 0.0972424	1.16991 1.0057 1.03962 1.08358 1.06024 1.02028 0.962996 1.07709 1.04938 1.00107 
1127 0.187591	1.00062 1.29723 1.31891 1.14564 1.09188 1.43406 1.06831 1.65395 0.847087 1.06072 
1130 0.169107	1.29462 0.970584 1.29461 1.11706 1.1415 1.23786 1.02532 1.67889 0.876082 1.1659 
1131 0.0863836	1.08345 0.977502 0.839019 0.783068 0.986644 0.786074 0.946181 0.690186 1.19985 1.04369 
1132 0.068082	1.18 0.92242 1.36003 1.07416 1.11436 1.07017 0.987686 1.20101 1.15799 1.10768 
1133 0.0856515	1.21184 1.1905 1.50455 1.37707 1.13063 1.47439 1.20296 1.76391 0.912352 1.17712 
1134 0.0841874	0.945588 1.00125 1.13246 0.85936 0.895903 1.0241 1.1038 0.943816 0.911071 0.955741 
1135 0.128111	1.14483 0.996238 0.937077 0.921816 1.05205 0.919081 0.945342 1.06702 0.982228 1.05378 
1136 0.158126	0.761558 0.889625 0.680944 0.799789 0.985889 0.709518 0.85043 0.609333 1.03155 0.968699 
1137 0.220351	0.974077 0.94885 1.08604 0.981614 1.04202 1.03664 1.01825 1.15236 0.966719 1.07135 
1140 0.171146	0.925974 1.08791 1.02099 1.07489 1.12388 1.27058 1.06692 0.972951 0.930841 0.992211 
1141 0.0777935	0.834802 0.999653 1.28863 1.23679 1.15149 1.30449 0.970697 1.23718 1.01346 1.02389 
1142 0.145686	0.843521 0.840121 0.668467 0.953079 0.931913 0.874247 0.879346 0.668651 0.984492 0.836696 
1143 0.135785	1.04408 0.809112 0.730928 0.889578 1.00593 0.787746 0.825768 0.659272 1.19277 0.841743 
1144 0.183876	1.22457 1.18702 1.34794 1.14974 1.16801 1.42927 1.08172 1.38457 0.886543 1.07319 
1145 0.0792079	1.32259 1.24972 1.28276 0.987865 0.996107 1.39689 1.22091 0.847624 1.04796 1.07055 
1146 0.0905233	1.13068 1.04346 1.00927 0.95645 1.07092 0.976082 0.904772 0.839678 1.03027 0.95558 
1147 0.115983	1.4738 1.01099 1.15199 1.18967 1.18906 1.13936 1.0653 1.09769 1.07798 1.06745 
1150 0.23119	1.01217 0.78726 0.829525 0.928447 0.918122 0.706145 0.87506 0.695243 1.12829 0.863144 
1151 0.0629275	1.31865 0.965098 0.869992 0.953689 0.971318 0.906635 0.967503 1.04074 1.10698 0.949881 
1152 0.146375	1.07359 1.03582 1.21706 1.2207 1.12452 1.0393 1.07423 1.36077 1.0224 1.01779 
1153 0.0492476	1.50957 1.0108 1.16963 0.962379 1.01528 1.18661 1.03595 1.31185 1.01452 1.05354 
1154 0.0848153	1.2445 1.13511 1.35158 1.31173 1.07582 1.52676 0.990441 1.56172 0.819777 0.908044 
1155 0.113543	0.899957 1.02299 0.905112 1.18918 1.05307 0.909621 1.10522 1.07287 1.1669 0.956181 
1156 0.113543	0.932277 1.03515 0.967828 1.03756 1.01083 1.119 0.974147 1.01937 0.922568 1.00039 
1157 0.198358	1.01114 1.02966 0.933922 1.00912 0.94002 1.05616 1.0161 0.987621 0.957768 0.914557 
1160 0.136555	1.06797 1.24124 1.38487 1.34945 1.12282 1.55893 1.17811 1.65859 0.879689 0.977941 
1161 0.226078	0.964689 0.996991 1.00333 0.930797 1.00214 1.12969 1.04357 0.919662 1.07787 1.08486 
1162 0.0752514	1.06986 0.943588 0.915596 1.04819 0.995653 0.940169 1.02456 0.919719 1.23235 1.15524 
1163 0.12423	1.20506 1.07878 1.45066 1.1597 1.00731 1.43075 1.12451 1.33305 0.950168 1.14496 
1164 0.0989296	1.26634 1.12438 0.875699 0.877832 0.967373 1.17776 0.910041 0.90366 0.876702 0.97354 
1165 0.115148	0.835583 1.0642 0.917558 1.04793 0.944879 1.11297 0.964082 0.993686 0.916412 0.849388 
1166 0.134609	0.819973 0.949114 0.615118 0.746446 0.891903 0.758655 0.923987 0.544553 1.10468 0.899414 
1167 0.0891988	1.00021 0.97275 0.814807 0.818263 0.929987 0.81059 0.81049 0.783697 1.04691 0.897235 
1170 0.0888018	0.949981 0.933914 0.938241 1.16555 0.948555 0.957152 1.04497 0.980628 1.03132 1.03729 
1171 0.0754163	1.05883 1.02569 1.55182 1.36361 1.01075 1.51575 1.11922 1.49173 1.03388 1.19084 
1172 0.139406	0.825739 0.874907 0.661722 0.935087 0.96234 0.646753 0.809732 0.69164 1.09147 0.948146 
1173 0.0842311	0.844886 0.851802 0.737321 0.949626 0.985029 0.762734 0.980678 0.707249 1.2701 1.04798 
1174 0.1381	0.962577 0.971184 1.14286 1.06904 0.939248 0.991582 1.07628 1.01303 1.18373 1.14648 
1175 0.206334	0.950905 1.18445 1.13554 1.36351 1.06863 1.51034 1.08352 1.40308 0.919842 1.11185 
1176 0.198172	0.948968 0.92478 0.829593 0.982195 0.979687 0.896651 0.897679 1.01322 0.902821 1.01151 
1177 0.0695397	1.29699 1.19638 1.24024 1.19909 1.04004 1.39484 1.01923 1.09151 0.973119 1.10421 
BOUNDS
LWPS R    0.0  0.0  0.0  0.0  0.0  0.0  0.0  0.0  0.0  0.0
UWPS R    0.5  0.5  0.5  0.5  0.5  0.5  0.5  0.5  0.5  0.5
LXAS R   -0.5 -0.5 -0.5 -0.5 -0.5 -0.5 -0.5 -0.5 -0.5 -0.5
UXAS R    0.5  0.5  0.5  0.5  0.5  0.5  0.5  0.5  0.5  0.5
END
