NAME moment_estimation_cluster
ASSETS 10
BENCHMARKS 0.1 0.1 0.1 0.1 0.1 0.1 0.1 0.1 0.1 0.1 
COVARIANCES
0 0 0.00888423
1 0 0.00281387
1 1 0.00401009
2 0 -0.00129886
2 1 0.00146139
2 2 0.00250347
3 0 0.006079
3 1 0.0029345
3 2 -0.000502724
3 3 0.00625972
4 0 0.00577703
4 1 0.00230267
4 2 -0.000565605
4 3 0.00470788
4 4 0.00474445
5 0 0.00429523
5 1 0.00267221
5 2 -0.000456193
5 3 0.00342871
5 4 0.00326855
5 5 0.00511309
6 0 -0.000158912
6 1 -0.000409488
6 2 0.000561869
6 3 8.29177e-05
6 4 0.000337597
6 5 -0.000966584
6 6 0.00125217
7 0 0.00338383
7 1 -0.00050446
7 2 -0.00125374
7 3 0.00273693
7 4 0.00284865
7 5 0.000295812
7 6 0.00118246
7 7 0.00489545
8 0 0.00272988
8 1 0.00188938
8 2 -0.000595486
8 3 0.00260004
8 4 0.00195772
8 5 0.00299585
8 6 -0.000801428
8 7 0.000654551
8 8 0.00277212
9 0 0.00286996
9 1 0.000177479
9 2 -0.00119144
9 3 0.0019967
9 4 0.00200314
9 5 0.00186892
9 6 -0.000115697
9 7 0.00170011
9 8 0.00119723
9 9 0.00159775
SCENARIOS
0 0.55826	1.06176 1.01769 0.984107 1.06187 1.05493 1.04764 0.9976 1.02822 1.05101 1.03022 
1 0.44174	0.923292 0.976258 1.01149 0.94187 0.952679 0.934965 1.00051 0.956506 0.985608 0.968936 
00 0.745065	1.00003 0.993156 1.01296 0.972542 0.964012 0.979495 0.971806 0.965145 0.963167 0.984148 
01 0.254935	1.14933 1.06251 0.994758 1.13468 1.1137 1.04524 1.00635 1.06863 1.04069 1.04945 
10 0.395572	1.1462 1.04177 1.00298 1.10796 1.07047 1.06199 1.01059 1.10788 1.02123 1.03469 
11 0.604428	0.984353 0.990784 1.01552 0.958784 0.951456 0.993575 1.00248 0.965926 0.971473 0.984648 
000 0.191566	0.884657 1.03278 1.04226 0.935473 0.958951 0.99096 1.00237 0.912933 0.960775 0.96854 
001 0.219912	0.919131 0.913912 0.962221 0.906064 0.90622 0.91012 1.03569 1.03117 0.942373 0.973728 
002 0.0518825	1.28256 1.06971 0.959059 1.1815 1.20113 1.08902 1.0252 1.18343 1.07845 1.07161 
003 0.162403	1.05344 0.99927 0.946886 1.07169 1.05852 0.9997 1.02625 1.11656 1.05709 1.05309 
004 0.0551522	1.08957 1.05948 1.01813 1.01859 1.11217 1.09561 0.972958 1.06957 1.01868 1.02666 
005 0.107227	1.0721 1.14033 1.06233 1.15253 1.09634 1.03398 1.05483 1.04977 1.05971 1.00323 
006 0.10088	1.01415 0.941926 0.896836 1.00802 1.01263 1.00846 1.02664 1.05079 0.994924 1.04989 
007 0.110978	0.991827 1.02462 1.09717 0.965953 1.01112 0.939945 1.10155 0.999554 0.940988 0.945567 
010 0.0853007	1.23019 1.09953 0.964125 1.16285 1.15199 1.20069 0.975303 1.06288 1.04408 1.0627 
011 0.0523468	1.13109 1.09904 1.00241 1.17744 1.06016 1.11723 0.992706 1.00283 1.09984 1.01225 
012 0.141442	0.946585 0.920226 0.942968 0.946569 0.952369 0.977071 0.994329 0.981527 0.915175 0.979048 
013 0.148749	1.0607 0.94513 0.903131 1.05609 1.02592 1.10785 0.969218 1.02271 1.03718 1.06166 
014 0.0847386	0.921348 0.913398 0.977879 0.870208 0.874474 0.930182 0.927164 0.947972 0.955099 0.95118 
015 0.178471	1.00001 1.02286 1.02006 0.945802 1.02024 1.0289 1.00353 0.960611 1.00024 0.978893 
016 0.191259	1.00823 1.04951 1.07664 1.06689 1.01788 1.01602 1.04549 1.04596 0.975262 0.980849 
017 0.117693	0.914269 1.07615 1.09795 0.931565 0.914753 1.0149 1.02864 0.927463 0.992457 0.932101 
100 0.100378	0.941561 1.05 1.04437 1.04042 0.981271 1.00881 0.966919 0.863633 1.02815 0.953832 
101 0.0765137	1.18943 1.10545 0.935393 1.14521 1.13713 1.1975 0.955588 1.00327 1.13214 1.09786 
102 0.178265	1.02244 1.04919 1.02062 1.02012 1.01095 1.08583 0.969209 0.894135 1.04148 0.991381 
103 0.0611194	1.02054 1.00592 1.01219 0.994113 1.09085 0.986229 1.07955 1.00435 0.976832 0.99815 
104 0.154515	0.86519 1.04734 1.05517 0.901095 0.938498 0.939119 1.01193 0.875176 0.944364 0.927737 
105 0.161268	1.05859 0.960228 0.93445 1.01301 1.043 1.01843 1.02633 1.06549 1.00751 1.0715 
106 0.0742246	1.13852 1.07927 1.01478 1.12767 1.14569 1.12399 1.04866 0.972024 1.00715 1.04868 
107 0.193716	0.896483 0.911259 0.94378 0.907817 0.938904 1.01098 0.986569 0.936435 0.964329 1.00878 
110 0.110712	1.11509 1.09286 1.0069 1.13882 1.10065 1.08197 0.982249 1.09808 1.07408 1.02989 
111 0.123109	0.955287 1.06711 1.06724 1.03672 1.00728 0.952579 1.02054 1.06708 1.01423 0.989309 
112 0.0876779	0.877722 0.919715 1.02203 0.91967 0.962362 0.91364 1.05045 1.03634 0.884836 0.967958 
113 0.0929213	1.07653 1.07728 1.01925 1.02358 1.06391 1.04158 0.99223 0.978806 1.05615 1.03223 
114 0.188165	1.12316 0.941478 0.896612 1.07868 1.08291 1.08346 0.986537 1.17828 1.09417 1.09226 
115 0.125655	0.927322 0.951552 0.956919 0.892207 0.925855 1.00434 0.9382 0.974632 1.00615 0.993896 
116 0.0667416	0.744881 0.849291 0.978371 0.820628 0.863513 0.863861 0.996149 0.962993 0.90081 0.958661 
117 0.205019	0.908189 0.944654 0.976738 0.99076 0.961273 0.995837 0.984949 1.03706 0.986244 1.03077 
0000 0.0528363	0.994037 1.11282 1.06846 1.01109 1.04252 1.09386 1.00461 0.973256 1.06978 0.99659 
0001 0.122741	1.22312 1.0762 0.982388 1.18848 1.1203 1.1041 1.05608 1.07522 1.0839 1.07029 
0002 0.09124	1.10414 1.07768 1.02411 1.11185 0.994226 1.04191 1.02523 1.05951 1.10737 1.01408 
0003 0.100025	0.985296 0.959191 1.00488 1.06764 1.02054 1.02696 1.05552 1.01364 1.02738 1.02614 
0004 0.0904869	1.16573 0.991189 0.94078 1.02794 1.10411 1.14068 0.942551 1.14157 1.09899 1.09567 
0005 0.258158	1.01067 1.02578 1.01546 0.964037 0.968824 0.924798 1.02482 1.03678 1.0281 0.961507 
0006 0.11885	1.03171 0.924463 0.94564 0.984479 1.03782 0.985863 0.991161 1.10279 0.985468 1.02733 
0007 0.165663	0.908854 0.948087 1.01974 0.860193 0.904836 0.915033 1.00463 1.02152 0.934059 0.918447 
0010 0.0921614	0.956178 1.0534 0.971246 1.04878 0.998604 1.01805 0.931002 0.893867 1.03518 1.00807 
0011 0.194927	0.846371 0.935209 1.05135 0.957381 0.938286 0.988188 1.02755 0.948632 0.974703 0.98017 
0012 0.111949	1.11498 1.00942 0.91736 1.07963 1.06682 1.17028 0.917104 0.943988 1.10441 1.05962 
0013 0.115776	1.0742 0.959768 0.964749 1.06444 1.10635 0.956792 0.990878 1.12681 0.993647 1.04448 
0014 0.119711	0.968747 1.0855 1.08963 1.11016 1.0417 0.972073 1.03848 1.00144 0.990166 0.952272 
0015 0.0511643	1.15304 1.14514 0.944931 1.21365 1.16666 1.16187 0.969168 0.98492 1.13983 1.08451 
0016 0.201268	0.985002 1.02704 1.00075 0.934978 0.965987 0.997391 0.926719 0.872641 1.04377 0.989168 
0017 0.113043	0.761142 0.894179 1.00453 0.835183 0.911363 0.907305 1.01484 0.931661 0.938074 0.956928 
0020 0.0977757	0.867761 0.924612 0.890713 0.915344 0.914409 0.987827 0.962097 0.908492 1.01137 1.02453 
0021 0.0820204	1.00968 1.01569 1.03157 0.996469 1.0232 1.00795 1.04072 0.948532 0.951673 1.01444 
0022 0.0611677	1.06871 0.929528 0.866218 1.03333 1.0393 1.12928 0.980569 0.88264 0.992836 1.10995 
0023 0.232159	0.949299 1.04107 0.962449 0.963506 0.979044 1.11214 0.979139 0.905813 1.14489 1.01254 
0024 0.129286	1.05515 1.17561 1.0972 1.08352 1.07121 1.16402 1.02527 0.854263 1.07181 1.00702 
0025 0.0903614	0.862085 0.979833 1.04826 0.846961 0.89401 0.977186 1.00283 0.81732 0.891757 0.944904 
0026 0.114458	0.872563 0.994744 1.0186 0.917438 0.968745 1.02882 1.00803 0.87252 0.974065 0.978328 
0027 0.192771	1.03324 1.0043 0.933671 1.07809 1.06321 1.08513 0.996096 1.08018 1.05866 1.02502 
0030 0.0624722	1.03444 0.867639 0.87086 1.03918 1.0246 0.990791 1.04873 1.14782 1.00094 1.07877 
0031 0.128053	1.04447 1.03907 1.00361 1.02274 1.02995 1.15969 0.979498 0.876566 1.05855 1.01953 
0032 0.282754	0.946332 0.91628 1.0071 0.911875 0.950402 0.97832 1.02542 0.967924 0.93568 0.967877 
0033 0.119763	0.968859 1.01364 1.03408 0.977252 1.01724 0.996917 1.1138 0.987859 0.976458 0.980574 
0034 0.122724	1.03153 1.05503 1.08395 1.0377 0.990445 1.00306 0.970436 0.925328 0.970839 0.972596 
0035 0.0929682	1.01726 1.00892 0.959758 1.04325 1.04756 0.984036 1.03311 0.988866 0.912577 1.00052 
0036 0.0990377	1.10715 1.05093 0.994445 1.12444 1.14182 1.08742 1.01931 1.05329 1.05972 1.06268 
0037 0.092228	1.10136 1.01332 0.903024 1.14899 1.07211 1.17357 0.962216 1.00222 1.07486 1.06116 
0040 0.0475153	1.07178 0.921555 0.876615 1.03279 1.10594 1.0809 1.08451 1.03059 1.01188 1.06908 
0041 0.110288	0.975698 1.00234 0.953721 1.03484 1.02742 0.990179 1.04012 1.09956 1.06523 1.04611 
0042 0.0557977	1.14625 1.11169 0.98996 1.16748 1.15099 1.01421 1.09141 1.12287 1.08838 1.03676 
0043 0.098082	1.06498 1.1399 1.03016 1.14613 1.08852 1.05307 1.03077 1.06269 1.0551 0.991956 
0044 0.210549	0.8892 0.917195 1.01292 0.892503 0.932904 0.941443 1.07307 0.916278 0.935689 1.0039 
0045 0.165214	0.942876 1.0109 1.05169 1.01144 1.00687 0.811118 1.17276 1.00597 0.911369 0.956544 
0046 0.219268	0.973815 0.982644 0.956527 0.96023 0.968453 1.0458 1.0132 0.90659 1.04963 1.00991 
0047 0.0932868	1.00715 1.0941 1.07525 1.04542 1.01652 1.11565 1.0984 0.967098 1.03036 0.971933 
0050 0.110538	1.05301 0.857631 0.918728 1.03739 1.01115 0.975995 0.963723 1.08116 0.977885 1.02912 
0051 0.0809417	0.954375 0.947904 1.03251 0.882825 0.946856 1.03644 1.00735 0.930804 0.969729 0.993473 
0052 0.0784753	1.21578 1.03596 0.991538 1.18965 1.13962 1.04027 0.994954 1.14097 1.00077 1.03852 
0053 0.126457	1.17335 1.03817 0.937529 1.05644 1.11631 1.10636 1.03016 1.07092 1.03843 1.0634 
0054 0.126457	0.967907 1.08067 1.03977 1.02585 0.969795 1.14178 0.924195 0.875306 1.04708 0.964309 
0055 0.149776	1.07927 1.02645 1.03739 1.00172 1.01794 1.09012 0.946468 0.973396 1.01065 0.98892 
0056 0.184081	0.905256 0.944386 0.996869 0.907204 0.888705 0.928915 0.957549 0.8835 1.0221 0.962664 
0057 0.143274	0.977766 0.963126 0.989401 1.02475 0.973627 0.946112 1.03189 1.0916 0.988977 0.983995 
0060 0.177788	1.00961 0.99737 1.01409 1.05631 1.01591 1.00154 0.998611 1.05297 1.06959 1.006 
0061 0.0829361	1.05847 1.08692 1.02148 1.17852 1.13429 1.12423 0.986689 1.01912 1.10393 1.02765 
0062 0.0536225	0.843971 0.923435 1.01632 0.903027 0.866722 0.874449 0.974439 1.00733 0.911829 0.90986 
0063 0.195186	0.970892 0.92967 1.0431 0.904072 0.988578 1.01384 1.01291 1.02983 0.977171 0.995418 
0064 0.0934223	1.12906 1.01708 0.96228 1.10607 1.0671 1.07038 1.0323 1.04023 1.11154 1.05691 
0065 0.163966	1.04152 1.02339 1.05003 1.01991 1.05885 0.963501 0.990948 1.05389 0.989382 0.98932 
0066 0.160629	0.900343 0.980865 1.07673 0.98009 0.961056 0.973868 0.966686 1.02949 1.01356 0.981667 
0067 0.07245	0.918484 0.875214 0.940982 0.886854 0.910966 0.951252 0.962963 1.02986 1.04728 0.978257 
0070 0.19974	1.05029 0.967257 0.945163 1.02615 1.00415 1.00972 0.978953 1.05298 1.01284 1.06045 
0071 0.183925	1.11845 0.98024 0.956601 1.10097 1.08351 1.00399 0.997041 1.2153 1.01562 1.05736 
0072 0.205806	0.918303 1.02046 1.04601 0.932054 0.927773 0.982927 0.947282 1.00353 0.996821 0.999934 
0073 0.15273	1.08983 1.07787 0.983308 0.989026 1.01853 1.11642 0.971685 0.927838 1.05427 1.01401 
0074 0.0732236	1.07912 1.16099 1.02282 1.19118 1.14402 1.21567 0.978279 1.05414 1.194 1.05202 
0075 0.0513432	0.963515 1.16316 1.09294 1.02045 0.962695 1.0217 0.944202 0.92668 1.07982 0.945306 
0076 0.0836222	0.94743 0.843816 0.904516 0.887822 0.950528 0.937132 0.981437 1.09613 0.937484 1.05972 
0077 0.0496101	0.93074 1.17103 1.07538 1.12046 1.02436 0.993147 0.93637 0.950438 1.08312 0.975732 
0100 0.224053	0.894105 0.90609 0.977983 0.922566 0.978098 0.849619 1.05705 1.06447 0.939661 1.00622 
0101 0.163921	1.07058 1.0426 1.04133 1.05922 1.02219 0.956962 0.997713 1.05784 1.0359 1.00915 
0102 0.0642504	1.10198 1.08797 1.06446 0.997144 1.08001 1.028 1.09781 1.16222 1.05207 1.01383 
0103 0.145799	0.94836 0.844396 0.991398 0.941039 0.91881 0.810144 1.11385 1.06795 0.939124 0.97025 
0104 0.114498	1.05051 1.03172 1.00068 1.16195 1.14297 0.993651 1.04616 1.02792 1.05646 1.00446 
0105 0.170511	0.953448 1.05207 1.03492 0.926335 0.957081 0.966941 0.932985 0.945506 1.04221 0.963133 
0106 0.0551895	0.94202 0.939678 1.07065 0.881372 1.02063 0.935692 1.0923 1.05667 0.967802 0.996612 
0107 0.0617792	1.22747 0.972782 0.959719 1.09032 1.10851 1.01038 1.00101 1.16137 1.06378 1.08266 
0110 0.173154	0.917687 0.882321 0.915086 0.914722 0.924079 1.01117 1.00903 1.03239 0.909064 1.02958 
0111 0.115436	1.05386 0.890803 0.893076 1.07334 1.02427 0.962899 0.989925 1.25492 0.993758 1.06184 
0112 0.0684564	0.965576 1.05796 1.01206 1.11004 1.02895 0.991331 0.994264 0.939554 1.00228 0.975719 
0113 0.269799	0.977332 0.938205 0.952352 0.958575 0.9777 1.02004 0.962287 1.00469 0.976883 1.00639 
0114 0.0671141	0.94341 1.08409 1.12503 0.997218 0.981574 1.01069 0.974153 0.944672 0.942412 0.947071 
0115 0.142282	1.12277 1.07698 0.964611 1.14409 1.14554 1.14051 0.968832 0.99255 1.00479 1.08911 
0116 0.0966443	1.02216 1.05689 0.951735 1.02857 1.02817 1.09038 0.929264 0.93944 1.06445 1.01848 
0117 0.0671141	1.11046 1.02962 1.01916 1.09129 1.08614 1.0125 1.05265 1.12172 0.974624 0.989503 
0120 0.135122	0.973541 1.04635 1.03675 0.970367 0.978991 0.951148 1.03735 0.989388 1.03281 0.996885 
0121 0.0983607	1.11435 1.01908 0.989187 1.00211 1.06855 1.02187 0.995301 1.07378 1.05462 1.03694 
0122 0.157973	0.945745 0.93723 0.925058 0.94139 0.955695 0.936523 0.996146 0.977374 1.02831 1.0005 
0123 0.0645802	1.11645 0.926059 0.959234 0.970489 1.03719 0.910484 0.961315 1.09933 1.0038 1.048 
0124 0.106806	1.07292 1.04621 1.06623 1.0686 1.00722 1.04322 1.04031 0.999937 1.04569 1.02793 
0125 0.0928962	1.07308 1.05332 0.939938 1.04954 0.99805 1.09878 0.90765 0.996454 1.14693 1.0309 
0126 0.162444	1.22392 1.01814 0.955503 1.11725 1.08852 1.03487 1.02225 1.04809 1.08042 1.05556 
0127 0.181818	0.927623 0.939598 1.04997 0.888979 0.923218 0.878759 0.996505 1.02536 0.945068 0.985951 
0130 0.18564	1.174 1.02524 0.969368 1.10505 1.11876 0.969624 1.00729 1.23564 0.969054 1.03924 
0131 0.194143	0.981527 1.06422 1.0598 0.984612 1.00749 1.0786 0.994808 0.946541 1.06879 0.986188 
0132 0.161077	0.848916 0.945835 1.06049 0.879644 0.904395 0.894705 1.01943 0.961653 0.949461 0.951844 
0133 0.110534	1.11071 1.10389 0.992 1.01617 1.06795 1.04652 1.04901 1.1322 1.00843 1.0436 
0134 0.133207	0.927157 1.00152 1.07366 0.959786 0.988737 0.887849 1.1496 1.14746 0.911341 0.966978 
0135 0.122815	1.09276 1.13374 1.06039 1.07677 1.01653 0.945672 0.964934 0.978819 1.0458 0.98565 
0136 0.0505432	1.01363 0.951543 0.958866 1.01841 0.960208 0.811406 0.98934 1.02109 0.964631 0.963745 
0137 0.0420406	0.976278 0.916383 0.931319 0.918554 0.995839 0.928407 1.03617 1.17091 0.956011 1.02465 
0140 0.0820896	1.07382 1.07096 0.955897 1.15902 1.13165 1.1275 1.01673 1.04173 1.04863 1.06097 
0141 0.0854063	0.810952 0.948631 0.999319 0.864111 0.914449 1.02916 0.997326 0.987282 1.01716 1.03376 
0142 0.179934	1.00736 1.01422 1.06522 1.01391 1.0586 1.07316 1.08838 1.09049 1.00219 1.04217 
0143 0.129353	0.945325 1.10873 0.961157 1.12051 1.01733 1.17791 0.987373 0.883194 1.12134 1.00112 
0144 0.15257	0.870077 0.934326 0.926612 0.98894 0.936999 1.03694 1.00571 1.07087 1.02372 1.05408 
0145 0.116086	0.890086 0.985965 1.03613 0.938914 1.00013 1.05167 1.06626 1.06702 0.991341 0.989707 
0146 0.0870647	0.870821 0.970967 1.08293 0.907389 0.930976 0.821163 1.1417 1.06012 0.89267 0.926818 
0147 0.167496	1.0531 1.04901 1.00185 1.04443 1.00639 1.04991 1.04162 0.996099 1.05539 0.989433 
0150 0.195669	1.06004 1.02821 1.03497 0.97456 1.04065 1.07242 1.07177 1.02109 0.955564 1.02243 
0151 0.12126	1.08463 1.01835 0.951044 1.11698 1.01574 1.01619 0.968146 1.02309 1.03275 1.03203 
0152 0.0515748	1.02509 0.938269 0.930866 0.965841 0.944032 1.02512 1.01996 1.12665 1.06063 1.044 
0153 0.104331	1.03065 0.952488 0.931656 1.05441 1.01263 0.959421 0.959651 1.22949 1.03491 1.01171 
0154 0.162598	0.942878 0.981207 1.02858 1.00491 0.950111 0.992951 1.00798 1.02112 0.969255 0.979169 
0155 0.166142	1.17016 1.03312 0.941149 1.14784 1.12996 1.13717 1.01823 1.20173 1.04463 1.06597 
0156 0.0728346	0.978384 0.869369 0.937588 0.923262 0.962282 0.858683 1.05191 1.16821 0.908445 1.04794 
0157 0.125591	0.86235 0.907635 1.02882 0.917411 0.877414 0.928633 0.954643 0.97062 0.944253 0.972421 
0160 0.0800882	0.942259 0.960495 0.96407 0.847101 0.880988 0.849263 1.00377 0.886294 0.956612 0.925476 
0161 0.188832	1.06577 1.04769 0.947648 1.09446 1.06906 1.08682 1.01874 1.00603 1.06826 1.04645 
0162 0.16385	0.996844 1.01521 0.959481 0.964235 0.97149 1.0193 0.920141 0.972998 1.09885 1.002 
0163 0.070169	1.16873 1.193 1.0034 1.16809 1.14602 1.12239 0.939563 0.89442 1.11818 1.00704 
0164 0.073108	1.0925 1.05757 1.01861 0.964663 1.06936 1.02128 1.01488 1.0963 1.0049 0.99389 
0165 0.0811903	1.15941 0.988339 0.904646 1.03611 1.04738 1.01154 0.961455 1.03539 1.04007 1.03518 
0166 0.169728	0.952839 0.955297 0.974985 0.946559 0.931475 0.974206 0.973797 0.915312 0.979715 0.962234 
0167 0.173035	1.00336 1.13206 1.08256 1.02852 0.997059 0.99623 0.977493 0.90359 1.05703 0.948096 
0170 0.0937313	0.89145 0.979887 1.00028 1.0325 0.949777 0.972639 0.921422 0.878878 1.01934 0.935362 
0171 0.0650746	0.874231 0.989696 1.11939 0.873859 0.940912 0.896522 1.02082 0.888764 0.870583 0.901134 
0172 0.081194	0.855725 0.986729 1.10741 0.958734 0.947832 0.923487 1.02952 0.937485 0.932634 0.93734 
0173 0.299701	1.11054 1.10053 1.08113 1.11365 1.09018 0.988692 1.02739 1.07161 1.02027 1.0017 
0174 0.0841791	1.03727 0.980003 1.00085 0.997274 1.04128 0.875702 0.962761 0.947508 0.92269 0.946615 
0175 0.0716418	0.853275 0.879129 0.979944 0.839684 0.874734 0.902811 0.930836 0.863039 0.925659 0.940608 
0176 0.0919403	0.91464 0.958419 0.960361 0.92913 0.934842 0.961201 0.920897 0.934348 0.991779 0.978468 
0177 0.212537	1.03815 0.983625 0.942347 1.01645 1.06121 1.09732 0.9276 1.04267 1.03833 1.07389 
1000 0.125428	0.909696 0.949275 0.929696 0.930857 0.917102 0.998305 1.01578 1.06003 1.02819 1.02817 
1001 0.0610034	1.01287 1.09525 1.14007 1.04079 0.993458 1.03803 1.09567 1.00696 0.987527 1.03802 
1002 0.147092	1.14164 1.13857 1.01889 1.13143 1.10594 1.09132 0.996151 1.07965 1.06831 1.0615 
1003 0.217218	0.914766 1.02598 1.08682 0.932431 1.00068 0.989493 1.0587 1.05823 0.925248 0.973836 
1004 0.165906	1.03754 0.930179 0.93187 1.05322 1.03538 0.920937 1.06842 1.19416 0.947617 1.08258 
1005 0.111745	0.929876 0.979152 1.03107 0.877934 0.900964 0.879995 0.994651 0.943848 0.92524 0.935805 
1006 0.0513113	1.02973 1.11743 1.13726 1.09964 1.09185 0.927962 1.18014 1.14151 0.964826 0.976867 
1007 0.120296	0.969249 1.05129 1.0291 1.04647 0.986106 0.92895 0.987808 1.06673 0.944691 0.972759 
1010 0.0613313	1.10055 0.989025 0.981971 1.12061 1.01576 1.06519 0.97885 0.999617 1.00704 1.01925 
1011 0.193717	0.965507 1.03268 1.03125 0.99923 0.985326 0.984398 0.980828 0.94053 1.04318 0.974255 
1012 0.173523	0.900166 0.942656 1.06998 0.891378 0.917198 0.916654 1.01805 0.996188 0.934519 0.935692 
1013 0.0964847	0.936711 0.856386 0.923578 0.996944 0.922447 0.920448 0.962934 1.01652 0.908781 1.0182 
1014 0.0867614	0.967781 1.04701 1.05977 1.01261 1.00629 1.05997 0.997741 1.02521 1.064 1.00132 
1015 0.139865	1.1106 1.03154 0.977042 1.17113 1.09526 1.01114 1.00348 1.01262 1.04437 0.985356 
1016 0.153328	1.05568 0.978938 0.945059 0.97127 1.05045 0.997183 0.964226 1.00334 0.976499 1.02742 
1017 0.0949888	1.04893 1.02669 0.971092 1.06766 1.10746 1.11654 1.04734 0.972709 1.01576 1.05025 
1020 0.155698	1.01421 1.00326 1.01527 1.0146 1.00978 1.05892 0.985776 0.965063 0.998135 1.00773 
1021 0.121027	0.923036 1.02644 1.06475 0.900662 0.932856 1.01011 0.9659 0.902422 0.979051 0.991963 
1022 0.0841091	1.10407 1.05747 0.973618 1.15186 1.12228 1.11834 1.04499 1.09381 1.00401 1.10225 
1023 0.0918138	1.09439 1.09031 0.942081 1.1482 1.10867 1.11038 1.04196 1.09595 1.08065 1.03956 
1024 0.214446	0.970904 0.958618 0.972572 0.977596 0.983511 0.939786 1.01771 1.04697 0.947022 1.01731 
1025 0.129695	1.08313 1.08775 1.06043 1.06967 1.07209 1.00841 1.06357 1.073 0.984296 1.02018 
1026 0.0805778	0.996785 1.00849 0.915608 1.01948 1.02512 1.08035 0.957578 0.999473 1.05251 1.02969 
1027 0.122632	0.927412 0.907859 0.952273 0.89342 0.903778 0.89782 1.01763 1.02797 0.953053 1.0128 
1030 0.0646067	0.980359 1.08903 0.978551 1.09001 1.02361 1.15618 0.891001 0.924264 1.07022 1.04611 
1031 0.0543071	0.857228 0.936304 1.02021 0.838662 0.864024 0.99316 0.957498 0.870934 0.905688 0.990711 
1032 0.26779	0.974929 0.971136 0.976817 0.954755 0.981716 1.00596 0.927079 0.945613 0.962009 0.984662 
1033 0.108614	0.977145 1.03863 1.0427 0.927964 0.911266 0.935598 0.985579 0.837065 0.927267 0.940455 
1034 0.187266	0.976685 1.01002 1.07052 1.03334 0.982444 1.03725 0.971766 1.0504 0.984326 0.990711 
1035 0.07397	1.04432 1.04007 1.03084 1.12441 1.04812 1.18137 0.88975 0.99718 1.00215 1.05905 
1036 0.140449	1.04185 1.06707 1.04145 1.07455 1.10245 1.25103 0.932104 0.996636 1.10302 1.06423 
1037 0.102996	1.22226 0.996335 0.95818 1.16756 1.13417 1.11931 0.950547 1.19076 1.04114 1.06202 
1040 0.20037	1.05739 0.945511 0.960183 1.01308 1.06339 1.0681 0.961006 1.04262 1.07377 1.10047 
1041 0.0481481	1.13127 0.998785 0.956797 1.12972 1.19754 1.09752 1.02285 1.18903 1.06779 1.10172 
1042 0.097037	0.907456 0.99413 1.0447 0.997106 0.963745 1.05981 0.981681 0.959067 1.07276 1.00535 
1043 0.172593	0.907482 0.962015 1.09734 1.00758 0.948254 1.03676 1.04913 0.923938 0.940596 0.976814 
1044 0.0814815	0.894747 0.933803 1.0734 0.957526 1.00411 0.972258 1.0305 1.09351 0.929933 1.00029 
1045 0.173704	1.16534 1.08701 1.03552 1.10265 1.09432 1.12416 1.00903 1.02499 1.08453 1.04916 
1046 0.0677778	0.844527 0.850577 0.94601 0.837015 0.904261 0.85774 1.01272 1.12419 0.960987 0.970086 
1047 0.158889	0.969442 0.921629 0.97913 0.915414 0.990211 1.07688 0.950862 0.997486 0.993518 1.00523 
1050 0.137331	0.854491 0.97727 1.04778 0.890915 0.896792 0.917582 0.991834 0.912605 0.937294 0.941408 
1051 0.0975869	0.917056 0.902803 0.970257 0.94941 0.929567 0.944677 0.951814 0.889416 0.976005 0.965625 
1052 0.202271	1.01867 0.988547 0.968125 0.963248 0.981804 1.01495 0.976845 0.938108 0.980242 0.97022 
1053 0.0610362	0.989115 0.89915 0.961449 0.940874 0.991048 0.918233 1.00262 1.01952 0.939122 1.0004 
1054 0.0979418	1.00579 0.945745 0.948815 1.02666 1.02974 0.957141 0.99645 0.991964 0.986081 1.01627 
1055 0.087296	1.08273 1.00301 0.955508 1.08742 1.06188 1.05453 1.0089 1.03389 1.08546 1.03784 
1056 0.0993612	1.20115 1.09836 0.961373 1.12345 1.14696 1.11462 0.867188 1.04986 1.08083 1.07519 
1057 0.217175	1.01364 1.09328 1.00748 1.06099 1.02359 1.05457 0.945004 0.993789 1.04594 0.967718 
1060 0.0539707	0.9101 1.08178 1.04333 1.04327 0.95093 0.972719 0.957496 1.03099 1.13141 0.941989 
1061 0.188897	0.924741 0.908378 0.971285 0.973047 0.951041 0.839352 1.06584 1.17505 0.934791 0.98025 
1062 0.0601388	0.939422 1.0172 1.00764 0.900801 0.97132 0.982516 0.970977 1.06201 1.05094 0.994014 
1063 0.0655359	0.996428 0.985827 0.980372 0.986409 0.989988 0.96814 0.973032 1.12352 1.04594 0.978042 
1064 0.143408	0.917931 0.984998 1.07554 0.947935 0.909201 0.960375 0.964329 0.914112 0.987089 0.933366 
1065 0.0562837	1.03478 0.917614 0.951425 1.06705 1.03998 0.895818 1.0077 1.24437 0.964745 1.05528 
1066 0.202776	1.06675 1.03089 0.966387 1.03533 1.05567 0.876544 0.994127 1.13666 1.00836 1.01053 
1067 0.22899	1.12379 1.10089 1.00347 1.12225 1.10356 0.97124 0.911321 1.1251 1.03027 0.997966 
1070 0.0481536	1.10232 0.987756 0.976264 1.11849 1.13242 0.874947 1.12393 1.30804 0.948572 1.03558 
1071 0.0608567	0.965501 1.05468 0.985953 1.03763 0.975747 1.03064 0.930744 0.965306 1.05338 1.01259 
1072 0.223338	1.16608 1.0939 1.00569 1.10133 1.10848 1.01172 1.01451 1.09978 1.07778 1.02595 
1073 0.175775	0.817225 0.930511 1.05019 0.902145 0.881918 0.939843 1.00094 0.876906 0.942595 0.963004 
1074 0.0774003	1.07601 1.02522 0.988893 1.03779 1.04522 0.955285 0.999421 1.03872 1.00952 1.00838 
1075 0.0921713	1.01262 0.941514 0.99142 1.06384 0.988331 0.890352 1.01742 1.02727 0.955799 0.963525 
1076 0.120827	0.948947 1.05449 1.0398 1.01143 0.986654 0.98875 0.982238 0.912509 0.972631 0.941007 
1077 0.201477	0.967061 0.920076 0.941124 0.936526 0.98533 0.94991 1.04046 1.07356 0.987004 0.980171 
1100 0.161367	1.12172 1.02118 1.01676 0.997736 1.06362 0.997986 1.03802 0.955715 1.00164 0.985463 
1101 0.0717185	1.11036 1.00796 1.08597 1.06306 1.12353 0.967707 1.09868 1.12367 0.960007 0.989863 
1102 0.0487145	1.17169 1.11364 0.954362 1.22703 1.12762 1.13596 0.976133 0.939397 1.07732 1.09248 
1103 0.159675	0.910816 0.949253 1.02113 0.92032 0.961876 1.00454 1.01007 0.959666 0.975905 0.996028 
1104 0.0608931	0.889077 0.940705 1.06326 0.882035 0.877625 0.943505 1.03358 0.856612 0.90092 0.970086 
1105 0.088295	1.0436 1.07038 1.01868 1.06885 1.0211 1.19602 0.933336 0.865203 1.05337 0.996483 
1106 0.192152	1.14325 1.01596 0.944906 1.09482 1.13722 1.11387 1.0331 1.08574 1.0575 1.03305 
1107 0.217185	0.871798 0.989476 1.00979 0.98125 0.955404 0.924048 1.04227 0.922838 0.958363 0.980012 
1110 0.160024	0.947614 0.939749 0.984867 0.960588 0.946477 0.922232 1.0021 0.929969 0.95506 0.957797 
1111 0.145726	1.04316 1.0288 0.989443 0.989295 0.997779 1.10975 0.957686 0.835409 1.09422 1.0001 
1112 0.0474597	0.916265 0.879937 0.950381 0.903026 1.00304 0.995815 1.09184 1.02278 0.902107 0.974865 
1113 0.167326	1.03382 1.01068 1.05793 0.98644 1.00866 0.916132 1.07762 0.931745 0.902647 0.948161 
1114 0.0693642	0.878632 0.898241 1.00255 0.836218 0.891252 0.986096 0.988782 0.813243 0.881435 0.938414 
1115 0.054457	0.959278 1.15323 1.18525 0.982071 0.994325 1.00004 1.02588 0.863472 0.908533 0.892112 
1116 0.149985	1.19036 1.0515 0.988574 1.14476 1.12625 1.18066 1.0021 0.94269 1.03329 1.02758 
1117 0.205659	1.09608 0.925022 0.955718 1.00719 1.06363 0.957603 1.04984 1.04376 0.936692 1.03324 
1120 0.0922683	0.866675 0.973326 1.01337 0.890748 0.932989 0.922188 0.977482 0.906126 0.946406 0.948721 
1121 0.133276	1.0399 1.03069 1.08351 1.00232 1.0302 1.02495 1.03338 0.911436 0.952867 0.976364 
1122 0.0901324	0.87286 1.07021 1.11204 0.958188 0.898814 0.928748 0.978595 0.800734 1.01508 0.908488 
1123 0.212302	1.03971 1.00806 0.969254 0.995309 1.01727 0.965839 0.965433 0.984768 1.01009 1.02583 
1124 0.189663	1.08106 1.08625 1.06499 1.09479 1.09058 1.0554 1.02416 1.03189 1.09702 1.04507 
1125 0.0730457	0.970752 1.06187 1.11733 0.941721 0.946944 1.02975 0.994787 0.867089 1.01073 0.943166 
1126 0.0862879	1.19476 0.974396 0.921028 1.09085 1.13816 0.968639 0.989743 1.14268 1.04296 1.05531 
1127 0.123024	1.02799 0.977998 0.916709 0.928584 0.928377 0.97316 0.954224 0.983395 1.05454 1.03106 
1130 0.200726	0.943946 1.06586 1.04889 1.00453 0.970868 1.10818 0.934653 0.862839 0.956986 0.969407 
1131 0.0991536	1.04495 1.04011 1.07696 1.05383 1.06667 1.0746 1.01147 0.995367 1.00768 0.968882 
1132 0.110439	0.850678 0.881334 0.993323 0.867849 0.939899 0.963315 1.02726 1.03794 0.917231 0.98697 
1133 0.0794035	1.17951 1.03403 0.977035 1.10815 1.10389 1.13209 0.991757 1.16081 1.0414 1.08995 
1134 0.129786	0.906649 0.929974 0.995054 0.952583 0.917614 0.965152 0.957261 0.983769 0.960312 0.9741 
1135 0.0910923	1.15065 1.03291 1.06486 1.14879 1.15523 1.09083 1.06221 1.13901 0.975994 1.02974 
1136 0.0644901	1.086 0.915566 0.949019 0.967703 1.10911 1.04299 1.02845 1.111 0.91417 1.03713 
1137 0.224909	0.977886 0.940541 0.985841 1.0273 1.03089 0.970709 1.00775 1.1221 0.940065 0.987171 
1140 0.228901	0.894752 1.0698 1.03812 0.985517 0.968541 0.936944 0.977709 0.851554 0.994012 0.94298 
1141 0.0658838	1.00465 1.01668 0.971047 1.03058 1.02341 1.06701 0.978009 1.02677 1.02889 1.01111 
1142 0.108479	0.894416 0.826899 0.928575 0.899049 0.929516 0.892636 0.993242 0.961939 0.902086 0.994735 
1143 0.131768	1.17676 1.09045 0.974808 1.09168 1.10473 1.12551 0.955807 1.01731 1.02499 1.03985 
1144 0.125	0.844422 0.996021 1.05466 0.869031 0.906194 0.962706 1.01224 0.848107 0.866935 0.932223 
1145 0.15207	0.974821 1.02934 1.04055 1.04898 1.05441 0.949759 1.0368 0.964544 0.974702 0.993546 
1146 0.0879777	0.977742 1.11489 1.02167 1.15943 1.04936 1.01321 0.952023 1.03009 1.06835 0.972501 
1147 0.0999204	1.02413 0.98031 0.908569 1.0047 1.00213 1.03951 0.932902 0.974383 0.989028 1.0333 
1150 0.0643815	1.10363 1.03797 1.00399 1.17769 1.08579 1.11884 0.99482 0.966788 1.08071 1.02776 
1151 0.0745156	0.741648 0.994712 1.0871 0.927182 0.880256 0.951863 1.01357 0.860348 1.02197 0.897501 
1152 0.0530551	0.938812 1.16382 1.1749 1.05701 1.00938 1.01971 0.98147 0.858492 0.973919 0.923733 
1153 0.250969	0.927436 0.955249 0.928529 0.968798 0.990039 0.990343 1.0373 1.04243 1.02959 1.01092 
1154 0.203875	0.891385 1.03952 1.07765 0.930333 0.97574 1.01183 1.00408 0.89267 0.904392 0.950954 
1155 0.110581	1.05604 0.997298 0.952401 1.05678 1.13651 1.09305 1.05057 1.13984 1.01356 1.05158 
1156 0.052161	1.0835 1.10223 1.04994 1.09641 1.18774 1.22555 0.999986 0.99403 1.03963 1.04029 
1157 0.190462	0.99022 1.08005 1.08756 1.06009 1.04215 1.05674 1.04829 0.886644 1.0072 0.978958 
1160 0.11055	1.11227 1.08368 1.02551 0.983414 0.981337 0.998916 0.960018 1.02993 1.05644 1.00126 
1161 0.111672	0.98801 0.966358 1.04226 0.850954 0.883507 1.06588 0.931658 0.928532 0.968383 0.970551 
1162 0.128507	1.2408 0.968738 0.960577 1.1177 1.13246 1.0963 1.0145 1.25839 0.94993 1.06652 
1163 0.17284	1.12044 0.957332 0.972293 0.950083 0.959926 0.930854 0.958641 0.999624 0.932822 0.977849 
1164 0.104377	1.09437 1.08323 1.13228 0.958544 0.992819 0.970297 1.03309 0.950079 0.907052 0.932072 
1165 0.21156	1.11066 1.0028 0.956748 1.04774 1.02471 1.04036 0.983756 0.97942 1.02964 0.991618 
1166 0.0701459	1.18493 1.00749 0.985538 1.01676 1.08462 1.00773 1.02695 1.08824 1.01664 1.03125 
1167 0.0903479	0.974149 1.1474 1.09363 1.02163 0.929771 1.09368 0.934091 0.822065 1.05263 0.940319 
1170 0.0610157	1.06228 1.05078 1.02025 1.06088 0.959493 1.02919 0.924977 0.887096 1.02461 0.943523 
1171 0.230727	0.965692 0.969375 0.991833 0.903115 0.924462 0.928977 0.981473 0.929003 0.971322 0.917863 
1172 0.0900621	0.940408 1.02454 1.06325 0.975002 0.96403 0.888922 0.976673 0.939844 0.960631 0.894927 
1173 0.0537084	0.953196 1.13177 1.08311 1.07381 1.02263 1.06802 0.994238 0.928774 1.05428 0.965516 
1174 0.0681403	1.23953 1.02143 0.951073 1.1859 1.14115 0.99733 0.995716 1.081 1.04291 1.04205 
1175 0.0968213	1.24075 1.00865 0.916622 1.05095 1.09664 1.05175 1.02002 1.03759 1.06478 1.01233 
1176 0.183961	1.13716 1.02201 1.01446 1.06459 1.06432 0.958316 1.00966 1.02549 1.00973 0.961948 
1177 0.215564	1.10712 0.909859 0.910757 0.963405 1.00664 0.966648 1.00166 1.01863 0.956777 1.03733 
BOUNDS
LWPS R    0.0  0.0  0.0  0.0  0.0  0.0  0.0  0.0  0.0  0.0
UWPS R    0.5  0.5  0.5  0.5  0.5  0.5  0.5  0.5  0.5  0.5
LXAS R   -0.5 -0.5 -0.5 -0.5 -0.5 -0.5 -0.5 -0.5 -0.5 -0.5
UXAS R    0.5  0.5  0.5  0.5  0.5  0.5  0.5  0.5  0.5  0.5
END
