NAME moment_estimation_cluster
ASSETS 10
BENCHMARKS 0.1 0.1 0.1 0.1 0.1 0.1 0.1 0.1 0.1 0.1 
COVARIANCES
0 0 0.00888423
1 0 0.00281387
1 1 0.00401009
2 0 -0.00129886
2 1 0.00146139
2 2 0.00250347
3 0 0.006079
3 1 0.0029345
3 2 -0.000502724
3 3 0.00625972
4 0 0.00577703
4 1 0.00230267
4 2 -0.000565605
4 3 0.00470788
4 4 0.00474445
5 0 0.00429523
5 1 0.00267221
5 2 -0.000456193
5 3 0.00342871
5 4 0.00326855
5 5 0.00511309
6 0 -0.000158912
6 1 -0.000409488
6 2 0.000561869
6 3 8.29177e-05
6 4 0.000337597
6 5 -0.000966584
6 6 0.00125217
7 0 0.00338383
7 1 -0.00050446
7 2 -0.00125374
7 3 0.00273693
7 4 0.00284865
7 5 0.000295812
7 6 0.00118246
7 7 0.00489545
8 0 0.00272988
8 1 0.00188938
8 2 -0.000595486
8 3 0.00260004
8 4 0.00195772
8 5 0.00299585
8 6 -0.000801428
8 7 0.000654551
8 8 0.00277212
9 0 0.00286996
9 1 0.000177479
9 2 -0.00119144
9 3 0.0019967
9 4 0.00200314
9 5 0.00186892
9 6 -0.000115697
9 7 0.00170011
9 8 0.00119723
9 9 0.00159775
SCENARIOS
0 0.26169	1.11645 1.04691 0.990914 1.11182 1.09137 1.05477 0.993329 1.0971 1.05405 1.028 
1 0.73831	0.979526 0.991175 1.00257 0.97921 0.979079 1.00133 0.991406 1.00567 1.00457 0.991813 
00 0.301655	1.05026 1.0087 0.969276 1.0935 1.04607 1.07402 1.04228 0.971593 1.03935 1.04603 
01 0.698345	0.957353 1.01254 1.00113 0.966304 0.98928 1.00893 1.01266 0.921654 0.988293 0.994531 
10 0.575084	1.06741 1.05988 1.00353 1.06139 1.05527 1.05355 1.0175 1.04033 1.03994 1.02802 
11 0.424916	0.915314 0.957179 0.993682 0.919395 0.943431 0.952064 0.989951 0.947417 0.953855 0.98636 
000 0.124145	1.02537 0.987325 0.985926 1.06051 1.07181 0.934438 0.988498 1.16762 0.941061 1.04655 
001 0.0988092	1.29122 1.10376 0.964279 1.18205 1.21628 1.08565 0.944278 1.19031 1.12677 1.09194 
002 0.132886	0.991722 0.952818 0.968088 0.950005 0.989339 0.946335 1.00935 1.09019 0.939602 1.01486 
003 0.109957	0.780102 0.921053 1.05494 0.869977 0.860875 0.805578 0.989495 0.980076 0.88641 0.916056 
004 0.133392	1.10335 1.15164 1.03402 1.11795 1.06291 1.04086 0.951279 1.01185 1.01621 1.03026 
005 0.0599189	0.933682 0.862267 0.963241 0.879154 0.889591 0.818759 0.923595 0.951206 0.889055 0.956654 
006 0.231822	0.979524 1.01063 1.01855 0.993009 0.936755 0.930567 0.942924 1.03784 0.97356 0.952256 
007 0.10907	1.07592 0.980455 1.01539 0.992596 1.0369 0.923988 0.967058 1.01728 0.986508 1.00052 
010 0.10736	1.15625 1.11774 1.07451 1.0912 1.08973 1.03025 1.04517 1.07686 0.980235 0.988709 
011 0.0572367	0.7966 0.96112 1.08396 0.865694 0.821767 0.856304 0.976964 0.932768 0.934002 0.882747 
012 0.118632	0.878222 0.901779 0.98582 0.876902 0.899352 0.926429 0.979871 1.00815 0.977221 0.974174 
013 0.144843	1.08664 1.03613 1.02036 1.08737 1.0338 1.06593 0.958916 1.04306 1.08239 1.03799 
014 0.17472	0.955157 0.968368 1.06947 0.95286 0.91112 0.890627 0.998784 0.915971 0.939432 0.957914 
015 0.146813	1.05162 0.95888 0.971754 0.987513 1.01773 1.04738 0.984964 1.08607 0.98955 1.04298 
016 0.139535	1.02993 0.92636 0.935031 1.01712 0.971383 0.955359 0.978996 1.04411 1.00717 1.0296 
017 0.110862	1.2953 1.10985 0.957791 1.18978 1.17781 1.14434 0.95156 1.06158 1.09912 1.09283 
100 0.110836	1.00118 1.03476 1.08444 0.940649 0.971976 0.946054 0.985843 0.921206 0.937845 0.954751 
101 0.113945	1.2452 1.02139 0.935751 1.18203 1.16402 1.05671 0.960179 1.08263 1.04416 1.07123 
102 0.12989	0.990375 1.0318 1.05488 1.05169 1.02908 1.01096 1.01008 0.943715 1.01562 0.981403 
103 0.053322	1.00355 0.94111 0.927211 1.03686 0.969767 0.947309 0.978889 0.974408 1.01418 1.01162 
104 0.111943	0.984911 0.865827 0.897995 0.979233 1.00723 0.944874 0.988359 1.0986 0.990778 1.04431 
105 0.147224	0.877663 0.92072 1.02071 0.872091 0.883851 0.886963 0.95824 0.908217 0.937451 0.939069 
106 0.1887	0.967807 0.947567 1.00943 0.984813 0.949472 0.936841 0.99831 0.963486 1.00747 0.971987 
107 0.144139	1.11977 1.01686 0.99583 1.06956 1.11211 1.01284 0.994978 1.04585 1.01614 1.05225 
110 0.054826	1.22494 1.10922 0.991921 1.19089 1.14473 1.18092 1.00663 1.01418 1.11162 1.04196 
111 0.13885	1.05525 1.05465 1.0556 1.06567 1.02366 1.04581 1.02392 0.991074 1.02694 0.968402 
112 0.137224	1.0769 1.0427 1.03041 1.04139 1.08805 1.04576 1.06403 1.09665 1.02148 1.01239 
113 0.144014	1.08489 0.935848 0.925773 1.04138 1.04107 0.932747 1.0184 1.08442 1.03168 1.03046 
114 0.119661	0.931001 1.07715 1.09741 0.964639 0.9764 0.963071 1.01416 0.917917 0.950808 0.935432 
115 0.221312	0.895376 0.916982 1.0185 0.887777 0.901002 0.924923 1.00429 0.978121 0.941907 0.949377 
116 0.137224	0.961684 0.932393 0.936509 0.959515 0.928372 0.94648 1.03854 0.94449 0.983361 0.975079 
117 0.0468889	1.24373 1.00724 0.885357 1.12289 1.13353 1.11496 1.02184 1.15918 1.08633 1.10245 
0000 0.0806122	1.06597 0.940239 1.02231 0.911973 0.982495 0.983757 1.03502 0.956145 0.949519 0.98849 
0001 0.0612245	1.27611 1.04153 1.00256 1.13449 1.13183 1.06016 1.04106 1.08911 1.05242 1.01239 
0002 0.240816	1.039 1.01177 1.01713 1.07089 0.992849 1.02596 1.04653 0.97623 1.02839 1.00349 
0003 0.0816327	0.926688 1.06697 1.13862 0.937215 0.940102 0.955544 1.05208 0.910166 1.04041 0.900138 
0004 0.129592	0.97106 0.902633 0.930152 0.928448 0.881838 0.980744 0.999291 0.91747 0.972939 0.999406 
0005 0.0867347	1.34555 1.01137 0.90368 1.11313 1.10526 1.20479 0.962448 0.942954 1.11558 1.03874 
0006 0.240816	1.18663 0.966565 0.961135 0.972317 1.03286 1.04382 1.01405 1.02165 1.04773 0.997267 
0007 0.0785714	1.0238 1.12127 1.07582 1.11126 1.00936 1.12828 1.00275 0.907632 1.14444 0.967214 
0010 0.2	1.10565 1.051 1.0131 1.15019 1.08623 1.13338 1.08945 1.05922 1.0644 1.02275 
0011 0.0717949	0.92098 1.01021 0.996227 0.965591 0.893657 1.03588 0.984572 0.931049 1.02382 0.961055 
0012 0.124359	0.925183 0.944879 0.938923 0.845813 0.885396 1.0104 0.972049 0.834278 0.913265 0.930624 
0013 0.158974	1.02473 0.918311 0.943711 0.999185 1.00464 1.05918 1.02465 1.00177 0.991519 1.01185 
0014 0.119231	1.00147 0.982277 0.994818 0.978724 0.983641 0.893393 1.06778 0.955083 0.900606 0.983609 
0015 0.0923077	0.912522 0.912048 0.998447 0.880905 0.949788 0.929808 1.02689 1.01766 0.899955 0.947793 
0016 0.0961538	0.889571 1.00131 1.09278 0.931769 0.939331 0.929789 0.999199 0.811517 0.837948 0.918748 
0017 0.137179	0.99725 1.04937 1.01248 1.05431 0.98241 0.960667 1.01744 0.933277 1.01915 0.950325 
0020 0.106768	0.845969 0.902864 0.986392 0.903172 0.916647 0.776449 0.998356 1.10371 0.957856 0.94915 
0021 0.140133	0.991895 0.903336 0.957237 0.959219 0.976784 0.972561 1.02582 0.948515 1.05314 1.02357 
0022 0.177312	1.13932 1.02039 0.947341 1.12201 1.08975 0.984389 0.914927 1.07688 1.03698 1.07481 
0023 0.0905624	0.97791 1.06359 1.08807 1.05061 1.01106 0.948471 1.04969 1.00836 1.04717 0.970673 
0024 0.177312	1.04075 0.971019 0.986251 1.03759 1.0469 0.965522 1.05866 1.01149 1.0237 0.9997 
0025 0.0762631	1.10994 0.896313 0.847964 1.02511 0.988809 0.934644 0.914302 1.05954 0.986511 1.06539 
0026 0.0676835	0.882206 0.950113 1.07322 0.883655 0.859345 0.879489 0.956225 0.959477 0.974559 0.925116 
0027 0.163966	0.957506 0.956124 1.08094 1.00899 0.978999 0.892541 1.0409 0.964522 0.926851 0.936009 
0030 0.177419	0.929709 0.886236 0.943986 0.918292 0.932589 0.985135 0.987651 1.05532 0.992194 0.978282 
0031 0.102535	0.99206 1.01819 1.07339 0.949904 0.960329 0.929666 1.07601 0.984665 0.944227 0.958495 
0032 0.0633641	0.937988 0.933462 1.02615 0.809391 0.863478 0.87815 0.997814 1.02305 0.973757 0.963493 
0033 0.177419	1.14559 1.0852 0.972839 1.09221 1.0249 1.06211 0.984926 0.920434 1.07661 0.988167 
0034 0.125576	1.06786 0.9621 0.965576 1.04026 1.07743 0.97912 1.04693 1.10433 1.04991 1.07168 
0035 0.160138	1.11856 1.06843 1.05912 1.07511 1.04316 1.14703 1.04024 0.949981 0.998446 0.996739 
0036 0.0449309	1.11579 0.888679 0.850674 1.05949 1.02107 1.10578 1.00008 1.07071 1.01183 1.09085 
0037 0.148618	0.968875 0.977359 0.956774 0.969294 0.963225 0.998808 0.96555 0.957894 1.02928 1.00082 
0040 0.17284	0.937938 0.96299 0.985082 0.939255 0.949229 0.987302 1.07505 1.00713 1.03426 0.989288 
0041 0.188034	0.96912 0.995788 1.08661 1.06296 1.04715 0.958479 1.00217 0.966444 1.02031 0.950231 
0042 0.0921178	0.976933 0.880248 0.881581 0.956204 0.991254 1.07193 0.939166 0.935842 1.01524 1.02305 
0043 0.0788224	1.02108 0.98718 0.952074 1.05471 1.01174 1.11607 0.998295 0.968436 1.12147 1.00357 
0044 0.0816714	1.12769 1.02298 0.977033 1.03171 1.05466 1.06844 0.95973 1.00023 1.05794 0.989461 
0045 0.102564	1.06769 0.971367 1.04199 0.969631 1.0244 1.00128 1.00227 1.04002 1.01675 0.976891 
0046 0.212726	1.21144 1.01233 0.98953 1.13519 1.08861 1.05148 1.04138 1.08933 1.06187 0.998947 
0047 0.0712251	0.90936 0.952925 1.07951 0.880777 0.887836 0.989187 0.929246 0.888056 0.999997 0.871542 
0050 0.15222	0.906432 0.960748 0.98656 0.903893 0.929655 0.92144 1.05474 0.998155 0.898385 0.984834 
0051 0.17759	1.10198 0.97196 0.904437 0.972289 1.02228 0.941276 1.07043 1.16113 1.01736 1.05371 
0052 0.162791	1.02733 1.03238 0.908976 1.12683 1.11232 1.15091 1.01588 1.13714 1.13965 1.0647 
0053 0.0909091	0.930046 1.09333 1.01451 0.976883 0.972164 1.01428 1.03367 0.96326 1.0164 0.976225 
0054 0.10148	1.0038 1.07573 1.04495 0.988618 1.08007 1.02836 1.06425 1.12455 1.05181 0.984384 
0055 0.0782241	1.02156 1.09874 0.990839 1.05918 1.03759 1.02011 1.04061 1.06531 1.02562 1.00773 
0056 0.10148	0.949696 1.00079 0.95352 1.01118 1.07821 1.17654 1.09954 1.16146 1.05325 1.01528 
0057 0.135307	0.988637 1.09838 1.08292 0.923295 0.986582 1.06322 1.09634 1.03181 1.01726 0.983383 
0060 0.251366	0.893208 1.04502 1.05568 1.00106 1.01415 1.05032 1.03988 0.976026 1.04334 1.0033 
0061 0.106011	0.943082 0.85201 0.916593 0.975086 0.991246 0.959784 1.05885 1.0752 1.01323 1.05581 
0062 0.0874317	0.979364 0.953845 0.975626 0.952075 0.966208 0.912339 1.01691 0.97189 0.976103 1.01396 
0063 0.148634	1.11595 1.04094 0.94724 1.12739 1.09098 1.10428 0.970262 1.02666 1.07239 1.09773 
0064 0.13224	1.03735 1.0747 1.06701 1.0929 1.06151 1.07252 1.01148 0.91468 1.00653 0.970049 
0065 0.068306	1.05784 0.979499 0.921786 0.972832 1.03233 1.11405 1.00896 0.863626 1.03044 1.03546 
0066 0.104918	0.891234 0.99425 1.09877 0.91644 0.961318 0.910109 1.1094 0.91699 0.914836 0.947866 
0067 0.101093	0.901079 0.981842 1.00754 0.850322 0.884471 0.923898 1.01867 0.985832 0.957293 0.993284 
0070 0.220674	0.910607 0.944114 0.960262 0.922189 0.979862 0.99062 1.00735 1.01968 0.939385 0.986733 
0071 0.156794	0.920524 1.1155 1.04785 0.995036 0.977335 1.02928 0.957431 0.995881 0.979253 0.963906 
0072 0.0557491	1.01903 1.22956 1.01454 1.08439 1.04908 1.11327 1.03133 0.997264 1.00329 0.955527 
0073 0.110337	0.948897 1.09096 1.13141 0.972329 0.989121 0.907356 1.11069 1.16691 0.959051 0.955484 
0074 0.0824623	1.10818 1.11834 0.998599 1.07586 1.07799 1.14691 0.985193 1.03525 1.06204 1.02232 
0075 0.121951	0.834301 1.01166 1.00334 0.876275 0.904494 1.08009 0.967783 0.953407 0.89467 0.927541 
0076 0.123113	1.06321 1.14765 1.00885 1.13423 1.11072 1.16801 0.961533 1.02934 1.01874 1.00995 
0077 0.12892	0.961636 1.02193 0.899715 1.03097 1.0301 1.19056 0.912965 1.05285 1.0432 1.079 
0100 0.214067	0.983158 0.940695 1.00929 1.00546 0.967605 0.962394 1.02495 1.0397 1.03567 1.0225 
0101 0.123344	1.11748 1.04449 1.06486 1.07231 1.06655 0.985291 1.04941 0.994344 1.02133 1.00663 
0102 0.103466	1.12107 0.993654 0.941858 1.05527 1.11498 1.12632 0.971868 1.01251 1.10554 1.0927 
0103 0.131498	0.979771 1.06443 1.04808 1.15142 1.06027 1.04286 0.956198 1.01867 1.09174 1.03064 
0104 0.198267	0.819109 0.908385 1.03262 0.910763 0.895394 0.940755 0.943336 0.934487 0.944327 0.979993 
0105 0.059633	1.07662 0.853267 0.891729 0.992628 1.0757 1.05598 0.938199 1.07231 0.957196 1.10058 
0106 0.0642202	0.886113 1.05218 1.02094 0.959108 0.994126 1.15919 0.93168 0.960498 1.11414 1.02188 
0107 0.105505	0.946196 1.01911 1.06384 0.957667 0.97657 0.91769 1.02857 0.895453 0.974134 0.971832 
0110 0.0917782	1.04265 0.921957 0.874018 1.03493 1.02044 1.00473 0.966973 0.966095 1.06896 1.04091 
0111 0.0774379	1.19552 1.13166 0.913211 1.20788 1.13133 1.12128 0.957622 0.98686 1.15737 1.09112 
0112 0.100382	1.05849 0.95101 0.878537 0.986942 0.982093 1.10675 0.907841 0.955182 1.08651 1.10182 
0113 0.226577	1.01524 0.982474 1.01527 0.916925 0.938334 0.990644 0.938823 0.859685 0.956986 0.981239 
0114 0.123327	1.02265 1.18964 1.07455 1.09636 1.06995 1.11197 1.04621 0.900145 1.04253 1.01053 
0115 0.0860421	0.882681 0.878304 0.943165 0.839314 0.892106 0.90938 1.05645 0.915701 0.900487 1.0327 
0116 0.0707457	1.17321 1.02095 0.952134 1.08688 1.10478 1.09418 1.00738 0.968249 1.04757 1.06365 
0117 0.223709	0.961047 0.980952 1.01538 1.03992 1.02608 0.992207 1.03599 1.02355 1.00627 1.05703 
0120 0.145756	1.05449 0.981436 1.02946 0.942388 1.0267 0.965646 1.08622 1.02939 0.959498 1.00647 
0121 0.0475092	1.04646 0.977818 0.916988 1.05965 0.996432 1.07077 0.990789 0.983376 1.0251 1.06087 
0122 0.0553506	1.14534 0.942483 0.87531 1.03956 1.05464 1.0273 1.00632 1.10038 0.979475 1.09914 
0123 0.147601	0.988484 1.10993 1.06832 0.971795 0.952449 1.03671 0.942207 0.870674 1.01417 0.956033 
0124 0.167435	1.13151 1.11899 1.0352 1.12978 1.09718 1.10389 0.989961 0.860001 1.04092 1.01573 
0125 0.0659594	1.03289 0.845611 0.905423 0.898162 0.942899 0.830293 1.01057 1.07109 0.867023 1.02652 
0126 0.221863	0.969924 0.897383 0.999954 0.974276 0.932993 0.965473 1.01022 1.01541 0.934304 1.00671 
0127 0.148524	1.00656 0.963743 1.07863 0.962609 0.996049 0.912453 1.08884 1.05901 0.873191 0.983722 
0130 0.181715	1.01715 1.09894 1.01276 1.08043 1.03198 1.0437 0.943368 0.880845 0.973293 0.980282 
0131 0.103513	1.02869 1.01835 0.923771 1.04763 0.986855 1.06519 0.974649 0.992315 1.00464 0.989672 
0132 0.0982244	0.856703 1.08808 1.08323 0.983844 0.905971 0.988815 1.02494 0.818182 1.05454 0.897039 
0133 0.107291	1.08112 1.12035 1.05146 0.979806 0.997907 1.05083 1.0271 0.935367 0.948809 0.984591 
0134 0.0555346	1.09329 1.06933 0.966564 1.14145 1.14295 1.02586 1.06881 1.11902 0.982234 1.05042 
0135 0.21836	0.900144 0.976121 0.984507 0.899094 0.933118 0.943603 0.982913 0.893008 0.97012 0.976487 
0136 0.0819796	1.18212 1.08831 0.980583 1.15113 1.12972 1.13588 0.961852 1.0117 1.07814 1.05137 
0137 0.153381	1.17757 0.959596 0.93883 0.992467 1.02586 1.04213 0.996592 0.956986 0.987502 1.05406 
0140 0.0607579	0.879979 0.952685 0.913358 1.015 0.97003 1.02498 0.958376 1.03217 1.00874 0.976179 
0141 0.0576261	0.806089 0.932712 0.981812 0.861295 0.849294 0.976653 0.976413 0.958331 0.943711 0.945806 
0142 0.176323	1.0073 1.0688 1.05792 1.03873 1.00103 1.00735 1.0199 1.0319 1.04587 0.95486 
0143 0.0895709	0.900278 1.02136 1.02472 0.937447 0.961813 1.0331 0.968369 1.01918 0.980975 0.985376 
0144 0.230191	1.09406 1.02164 0.924102 1.11889 1.10254 1.0795 1.0453 1.11493 1.04279 1.06179 
0145 0.062637	0.917655 0.83316 0.896324 0.945742 0.955184 1.01182 1.00802 1.06799 0.971679 1.05078 
0146 0.186658	0.990461 0.989679 0.992261 0.975077 1.03636 1.00536 1.01201 1.15739 0.983014 0.983102 
0147 0.136236	0.945843 0.93746 0.915645 0.925921 0.983047 0.965993 1.01937 1.11241 0.954236 0.997642 
0150 0.0928066	1.03107 0.988358 1.00328 1.07097 1.05457 0.9142 1.09677 1.14515 0.991789 1.04895 
0151 0.170704	0.857589 0.924329 0.99011 0.895716 0.919314 0.854527 1.01222 0.970178 0.883346 0.95409 
0152 0.234812	1.01412 1.01443 0.968455 0.981291 1.00417 0.974624 0.94265 0.88965 0.993316 0.974129 
0153 0.0518077	0.889377 1.08432 1.13438 0.995069 0.976396 0.979662 1.05246 0.836205 0.998743 0.923652 
0154 0.112561	1.10534 1.03856 0.966138 1.04569 1.12236 1.04472 1.06691 1.03872 0.975137 0.993644 
0155 0.10697	0.974508 0.885737 0.964584 0.960421 0.997773 0.862583 1.09515 0.995635 0.912108 0.98667 
0156 0.162505	1.18237 1.01802 1.02213 1.12709 1.12228 1.0742 1.09393 1.00346 1.03319 1.06519 
0157 0.0678345	1.01038 1.10411 1.17747 0.972593 1.01799 1.04229 0.998287 0.813053 0.955026 0.978962 
0160 0.072549	1.07413 1.07847 0.977793 1.01242 1.0076 1.20899 0.876652 0.887398 1.17781 1.04069 
0161 0.196471	1.03126 0.987304 0.92171 0.998069 1.04307 1.05429 0.998552 1.08369 1.01273 0.993457 
0162 0.0658824	0.929207 1.04849 1.04984 0.955615 0.928924 1.03706 0.959595 0.931875 1.02449 0.970042 
0163 0.0811765	0.911725 0.912434 0.957006 0.863626 0.901328 1.01145 0.918734 0.99471 1.0332 1.01889 
0164 0.192157	1.05287 1.10188 1.06488 1.09782 1.08375 1.08742 1.04626 1.02871 1.0242 1.0286 
0165 0.112157	0.940929 0.983545 1.01262 0.961599 0.96952 0.983072 0.970799 0.945276 0.981289 0.958142 
0166 0.203529	1.07799 1.03326 0.986116 1.03732 1.05269 1.05645 0.997235 1.00016 0.982274 0.993314 
0167 0.0760784	0.869839 0.998101 1.02207 0.901706 0.936274 0.97365 1.02099 0.925276 0.953206 0.93633 
0170 0.1308	1.03987 0.972784 1.02179 1.06952 0.974719 0.962472 1.04843 1.09769 1.05149 0.974006 
0171 0.114018	1.06477 0.991724 0.931385 1.01837 1.01858 1.02366 0.987229 1.12975 1.07044 1.06651 
0172 0.197927	0.832509 0.930629 0.984682 0.886356 0.922478 0.947932 0.974391 0.989361 0.979883 0.955815 
0173 0.0513327	0.784212 0.965943 1.10457 0.948285 0.925978 0.982008 1.04046 1.01179 0.926154 0.912404 
0174 0.0834156	0.918226 0.857274 0.976395 0.915098 1.00653 1.00158 1.02698 1.04608 0.919225 1.03038 
0175 0.135242	1.18917 1.11663 1.06062 1.18786 1.13273 1.08735 1.06696 1.06451 1.02155 1.04436 
0176 0.180158	1.05981 0.988643 1.03266 1.01888 1.08628 1.04774 1.00924 1.0965 0.943018 1.02331 
0177 0.107108	0.903667 0.982099 1.01627 0.98301 0.956489 0.997949 1.03161 0.988692 0.969554 0.978066 
1000 0.212495	0.907457 1.0325 0.994261 1.02751 1.00843 1.06237 0.989699 0.965749 1.02939 0.989727 
1001 0.0611985	0.860412 0.975197 1.01112 0.9978 0.951275 0.977448 1.0772 0.98739 0.98543 0.984 
1002 0.0480238	0.875618 1.104 1.03695 0.966844 1.02755 1.17753 0.960303 0.93151 1.07575 0.986661 
1003 0.0830854	0.911682 1.00081 1.04282 1.07165 1.006 1.0962 0.994403 1.02495 1.01103 0.981565 
1004 0.135997	0.877496 1.04215 1.05178 0.92225 0.923208 0.909681 0.979833 0.901548 0.988521 0.916581 
1005 0.21972	1.13601 1.09122 0.992686 1.11398 1.10581 1.15292 1.01535 1.09035 1.12329 1.02544 
1006 0.116022	0.996357 0.94736 0.869997 0.963732 1.01221 1.03539 0.981247 0.985902 1.02313 1.02261 
1007 0.123459	0.866928 0.938488 0.932307 0.907211 0.947662 1.08277 0.979717 0.976104 0.989595 1.02978 
1010 0.125052	1.00654 1.09979 1.05375 1.0303 0.981651 1.11727 0.998445 0.920001 1.11239 1.01245 
1011 0.130426	0.921406 0.936365 0.959113 0.924399 0.978146 1.03614 1.05412 1.05059 0.968745 0.992395 
1012 0.0587019	1.08534 0.957029 0.927004 1.02223 1.05147 1.05994 1.03249 1.07176 0.996785 1.07951 
1013 0.172179	0.888257 0.969481 1.01523 0.962885 0.916435 0.911797 1.07403 0.970147 0.990435 0.998288 
1014 0.0843324	0.825822 0.986796 1.02577 0.887782 0.860284 1.03072 1.00546 0.950186 1.07592 0.948486 
1015 0.135593	1.20804 1.10628 1.01934 1.15643 1.13019 1.08118 0.981371 1.12441 1.10282 1.08623 
1016 0.108309	0.894204 1.13113 1.14773 1.01683 0.937915 1.04245 0.992918 0.876178 1.05689 0.932381 
1017 0.185407	1.08498 1.02348 1.0117 1.08492 1.04345 1.05708 1.05647 1.07217 1.0082 1.0235 
1020 0.0883046	1.01748 1.05526 1.06866 0.987438 0.921461 0.97651 1.00168 0.937181 0.953767 0.949463 
1021 0.204533	1.15592 1.10978 0.962663 1.14802 1.0919 1.08466 0.977786 1.06405 1.04043 1.03219 
1022 0.127652	0.989761 1.04491 1.09616 0.943066 1.00535 1.04715 1.02846 0.955656 0.968927 0.989741 
1023 0.0496827	1.02386 0.878839 0.914806 0.929895 0.974221 0.925062 0.988998 1.15574 0.98215 1.02903 
1024 0.113871	1.18039 1.03282 0.95954 1.02358 1.10268 1.00129 1.02795 1.0462 0.953831 1.03642 
1025 0.114778	0.937852 1.00239 1.00136 0.899882 0.898801 1.0167 0.934952 0.94005 0.991884 0.98857 
1026 0.200544	1.05657 1.02733 0.990837 1.04544 0.995373 1.07107 0.963028 0.999867 1.00387 1.04393 
1027 0.100635	1.01975 0.928227 0.969138 0.952481 0.99603 0.89244 1.02499 1.05598 0.951371 0.958072 
1030 0.0671378	0.967368 1.03126 1.0385 1.0628 1.01349 1.00125 0.952865 0.956172 1.02296 0.979578 
1031 0.103799	0.946381 0.885092 0.976928 0.96659 0.978931 0.94861 1.00771 1.08284 0.926199 0.990523 
1032 0.168286	1.08344 0.943866 0.94918 1.01822 1.03736 0.977535 1.00167 1.01395 1.01692 1.03819 
1033 0.114399	0.953972 0.935484 1.06678 1.0111 0.979871 0.89916 1.03187 0.907484 0.919323 0.937852 
1034 0.173587	0.936706 0.984085 1.02302 0.96402 0.957201 0.997968 0.928736 0.939801 0.998423 0.978755 
1035 0.132067	0.809237 0.843188 0.93891 0.887934 0.88047 0.906392 0.995516 0.910062 0.904304 0.952105 
1036 0.103799	1.17715 1.02747 1.01889 1.17242 1.12976 1.12008 0.929615 1.04111 0.978166 1.04755 
1037 0.136926	1.08529 1.01075 1.00582 1.09889 1.03857 1.04695 1.00884 1.11898 1.01136 1.02059 
1040 0.151273	1.02901 0.951279 1.0028 0.933984 0.989946 0.977595 1.01432 0.940161 0.880182 0.986808 
1041 0.0814223	0.930228 1.01265 1.0597 0.926131 0.924074 0.954545 0.966999 0.848444 0.939911 0.941486 
1042 0.105828	1.06287 1.08176 0.984277 1.12009 1.03082 1.03202 0.957737 0.89849 1.07468 1.01157 
1043 0.194193	1.1729 1.05061 0.983123 1.12362 1.14556 1.12105 1.02009 1.08974 1.00932 1.01504 
1044 0.158637	1.06904 1.0785 1.05661 1.0266 1.0399 1.082 1.04039 0.971176 0.99602 0.986664 
1045 0.164317	1.00609 1.04705 0.935833 1.00288 1.00007 1.07283 0.933565 0.911589 1.05731 1.04009 
1046 0.0757416	0.886048 0.942633 0.985576 0.861499 0.902154 0.954626 0.974547 0.90644 0.956773 0.980014 
1047 0.0685883	1.21825 1.06921 0.936921 1.06798 1.05482 1.12961 0.942194 0.914453 1.04674 1.04623 
1050 0.183491	0.930579 0.921435 1.01293 0.897189 0.907065 0.969683 1.01104 0.953708 0.923671 0.993857 
1051 0.0740681	1.15789 1.02832 0.965865 1.13703 1.1792 0.984371 1.00768 1.18497 0.956337 1.04831 
1052 0.156135	1.07392 0.942734 0.962815 1.00907 1.04739 0.990258 1.06194 1.04434 0.968061 1.0281 
1053 0.0854263	1.20676 1.10033 0.94734 1.16974 1.14137 1.15842 0.991713 1.02483 1.09301 1.06625 
1054 0.156295	0.999589 1.02023 0.960401 1.08223 1.0759 1.07153 1.0243 1.07961 1.05427 1.03864 
1055 0.0787074	0.883105 1.09337 1.12249 0.985212 0.936317 0.99076 1.05367 0.909082 0.984098 0.936178 
1056 0.0807871	0.974577 0.891128 0.887707 0.954164 1.00431 0.99205 1.03458 1.0046 1.03865 1.06634 
1057 0.18509	0.960052 1.02919 1.08239 0.996367 1.00703 0.998631 1.06425 0.960503 0.99491 0.978739 
1060 0.0693959	0.997405 1.10267 1.08301 1.03181 1.05562 1.09118 0.986895 1.0173 0.983238 1.00876 
1061 0.204319	0.908817 1.02644 1.02277 1.03451 0.999283 0.993675 0.972096 1.02921 0.960225 0.974222 
1062 0.208562	1.15096 1.03708 0.946095 1.09429 1.09925 1.09895 0.968663 1.05886 1.00325 1.08054 
1063 0.19321	0.92648 0.974838 0.977161 0.914877 0.924175 0.995086 0.972763 0.916778 0.94029 0.968795 
1064 0.0733899	0.887378 1.01662 1.00655 0.958498 0.89359 1.01777 0.973165 0.893505 0.941372 0.985856 
1065 0.11021	0.95738 0.930599 0.924951 0.997577 0.990377 1.02743 0.916522 1.01585 0.984483 1.01973 
1066 0.0469296	1.00764 1.00767 0.928072 0.916797 0.998789 1.07263 0.92347 1.00158 0.988854 1.0465 
1067 0.093984	1.08547 1.1213 1.01667 1.11285 1.0441 1.13747 0.938402 0.871727 1.04823 0.988014 
1070 0.169935	0.946722 1.06269 1.04611 1.04146 0.963325 1.12452 0.938631 0.889015 1.05465 0.967086 
1071 0.0645425	0.909799 0.953716 0.998827 0.884916 0.872327 0.995539 0.987592 0.860052 0.91485 0.935849 
1072 0.0676471	1.12572 1.15232 1.00127 1.19795 1.13798 1.13367 1.01447 1.06145 1.04044 1.0323 
1073 0.210948	1.08996 1.04565 1.0318 1.01594 1.02461 1.08957 1.01852 0.988431 1.02293 1.02082 
1074 0.172712	0.96572 0.944814 0.994508 0.938012 0.920606 0.944381 0.929241 0.97199 0.943627 0.935961 
1075 0.0562092	1.05245 0.961943 0.962805 0.948573 1.04204 0.978504 1.10518 1.11838 0.927701 1.02301 
1076 0.0625817	1.10344 1.07437 0.992821 0.977833 1.06436 1.17399 0.986175 0.984382 1.04843 1.04669 
1077 0.195425	1.13802 0.973014 0.972815 1.06926 1.05371 1.0404 1.03292 1.06642 0.980543 1.0164 
1100 0.190116	0.950426 1.01886 0.971385 0.946827 1.01625 1.06261 0.97329 0.998813 1.06709 1.0245 
1101 0.102907	1.13722 1.02318 1.02143 1.09239 1.15464 0.955513 1.06113 1.24076 0.955263 1.06939 
1102 0.0546512	0.871301 0.918912 0.938283 1.00783 0.913763 0.986201 0.946188 0.956808 1.03366 1.03498 
1103 0.0726744	1.06299 1.10892 1.02536 1.08663 1.05552 1.06318 0.963751 0.967976 1.0642 1.00078 
1104 0.242442	0.866607 0.885798 1.01791 0.902069 0.942238 0.8309 1.02468 1.09034 0.88477 0.965815 
1105 0.147674	0.983723 0.91647 0.9529 1.04098 1.01803 0.915198 1.07345 1.13016 0.911801 1.03574 
1106 0.100581	0.950694 1.0721 1.17198 1.04001 1.03843 0.870535 1.05515 1.12111 0.957744 0.959191 
1107 0.0889535	1.21529 1.08077 0.975015 1.15415 1.13701 1.10904 0.974306 1.11736 1.09533 1.07128 
1110 0.201331	1.03978 1.1286 1.03396 1.14393 1.10778 1.02941 0.962439 1.00625 1.0615 1.04029 
1111 0.155418	1.08763 1.04698 0.926427 1.04172 1.02556 1.07326 0.925933 1.04215 1.14341 1.04284 
1112 0.0851699	0.846229 0.954323 1.01736 0.84811 0.885776 0.944433 0.994786 0.8467 0.968698 0.926496 
1113 0.067034	0.951487 1.1308 1.13871 0.958328 1.00347 0.993194 0.949613 0.98053 1.04225 0.957171 
1114 0.0463728	0.917426 1.02029 0.960053 0.980998 0.880671 0.992975 0.901203 0.887968 1.11172 0.968274 
1115 0.0587695	0.89659 0.973082 1.00157 0.928387 0.924568 0.879693 1.02394 0.992472 0.950808 0.993703 
1116 0.197429	1.01081 0.965676 0.973959 0.949134 0.966673 1.04064 0.990427 0.906037 1.0006 1.03948 
1117 0.188476	0.96901 1.01959 0.992665 1.02648 0.993916 0.96539 1.00383 1.00611 0.956671 0.985979 
1120 0.0785134	1.14115 0.949422 0.968611 1.12986 1.10683 1.00388 1.03298 1.03524 0.983094 1.0545 
1121 0.105923	0.89539 0.907427 0.98589 0.91994 0.952244 0.89934 0.98754 0.988079 0.874858 0.996259 
1122 0.0638792	1.1631 1.12003 0.965605 1.16586 1.13374 1.08033 0.999915 0.953238 1.08115 1.0623 
1123 0.154472	1.06486 1.0463 1.01582 1.09181 1.05129 0.988324 0.995518 0.986949 0.961744 0.977742 
1124 0.228804	1.07879 0.983681 0.945498 1.04224 1.0057 0.996768 0.934017 0.947262 0.965313 1.00002 
1125 0.0620209	0.831803 0.908698 1.01719 0.8719 0.887832 0.952212 0.974342 0.930672 0.959099 0.944785 
1126 0.123345	1.01805 0.936449 0.930421 0.961942 0.983544 1.02505 0.996723 0.991155 0.946037 1.02444 
1127 0.183043	0.899816 1.0183 1.04834 0.967478 0.969884 0.944999 1.00703 0.964361 0.968777 0.982382 
1130 0.239486	1.10361 1.07112 1.00094 1.05855 1.06818 1.13807 0.988514 1.02535 0.981619 1.04838 
1131 0.125498	0.930812 0.930516 0.963038 0.877789 0.93863 1.03889 0.959655 0.995697 0.919069 1.01394 
1132 0.0785746	1.04949 0.921573 0.910371 0.960997 0.982645 1.05506 0.943149 1.09409 0.98052 1.03926 
1133 0.154493	1.01703 1.07712 1.03037 1.01801 0.996782 1.11926 0.950552 0.971797 1.03011 1.01494 
1134 0.127933	0.91153 0.989349 1.05624 0.925466 0.957417 0.976328 1.02811 0.966308 0.913842 0.930777 
1135 0.0701638	0.91714 1.00179 1.033 0.986406 0.908459 1.03658 1.00685 0.860608 0.947938 0.966434 
1136 0.127269	0.929374 0.985084 0.991847 1.0451 0.971355 1.02157 1.01486 0.939672 0.926963 1.00672 
1137 0.0765826	1.22135 1.11912 0.985734 1.20921 1.11848 1.0942 0.975963 1.08542 1.01524 1.07266 
1140 0.22456	0.977779 0.957176 1.02188 0.959915 0.944911 0.990724 0.981564 1.0178 1.02249 0.977127 
1141 0.0903037	1.15157 0.918501 0.937659 1.09297 1.06231 1.01941 1.03332 1.23483 1.04849 1.08743 
1142 0.0863079	1.14163 1.06446 1.04648 1.12102 1.02842 1.10261 1.01757 1.07022 1.10555 1.01452 
1143 0.162493	0.974172 0.94654 1.07121 0.901854 0.913496 0.881175 1.02998 0.97629 0.94765 0.962151 
1144 0.123868	1.16347 1.02878 0.96608 1.11556 1.10027 1.05027 1.05436 1.13932 1.07198 1.08913 
1145 0.0921684	0.997058 1.03087 1.03847 0.983537 1.03211 1.07777 0.951141 0.919776 1.08555 0.996336 
1146 0.133458	1.00701 0.904522 1.00096 1.01374 1.02344 0.934222 1.11719 1.11648 0.919485 1.02243 
1147 0.0868407	1.18778 0.938587 0.92464 0.970145 1.0468 1.13743 1.00294 0.987593 1.07611 1.07938 
1150 0.231024	1.08568 1.09408 1.03023 1.104 1.02877 1.05859 1.0511 1.00788 1.02619 1.0229 
1151 0.0973643	0.95613 1.09249 1.03479 0.968333 1.00708 1.07879 0.975692 0.904704 1.0797 0.988911 
1152 0.150655	0.829525 1.01033 1.00593 0.891952 0.913126 0.926326 1.00246 0.894026 0.957207 0.949692 
1153 0.0542993	0.994666 1.00896 1.0547 1.04228 1.06165 0.93475 1.06755 1.07438 0.898223 1.00882 
1154 0.0825292	0.970986 1.12226 1.05646 1.01759 0.925294 1.06458 0.943146 0.803923 1.0585 0.976004 
1155 0.107446	1.13907 1.0858 0.973221 1.15151 1.15909 1.13537 1.08273 1.07052 1.10232 1.1053 
1156 0.0735993	0.743194 0.986965 1.09605 0.817999 0.859056 0.814683 1.04933 0.887295 0.885064 0.893826 
1157 0.203082	0.972298 0.958524 0.970472 0.964205 1.00758 0.969531 1.02634 1.0066 0.999156 1.0068 
1160 0.132869	1.07896 1.02986 0.966285 1.07518 1.14347 1.09328 0.972176 1.19316 1.06251 1.05886 
1161 0.0529617	0.991712 1.02968 1.05298 1.10472 1.04275 0.939527 0.93062 1.01614 1.01509 0.984337 
1162 0.056446	1.07344 0.930618 0.876624 1.07344 1.09953 1.11056 0.938288 1.11429 1.04103 1.07953 
1163 0.127526	0.933113 1.03948 1.02481 0.985969 0.921907 0.988715 0.950094 0.935304 1.02586 0.952318 
1164 0.141696	0.803286 0.891932 0.996586 0.869342 0.889499 0.912304 0.948893 1.08081 0.961883 0.950429 
1165 0.250174	0.951938 0.943206 0.996963 0.985469 1.02587 0.954333 0.96241 1.12047 0.933175 1.01556 
1166 0.168409	0.95493 1.05486 0.982294 0.989297 1.00095 1.09401 0.948093 0.963707 1.14793 1.01901 
1167 0.0699187	1.20751 1.13856 1.03345 1.18105 1.11452 1.08032 0.966846 1.11303 1.08112 1.0612 
1170 0.170632	0.899649 0.933964 1.072 0.919911 0.935669 1.05038 0.920317 0.890282 1.03943 1.00755 
1171 0.132563	1.11919 0.98414 0.978624 1.0976 1.10294 0.973998 0.952484 1.04856 1.03144 1.07371 
1172 0.0482665	0.968363 1.08648 1.09557 1.10877 1.03191 1.10367 0.97816 0.943004 1.09934 1.00236 
1173 0.117607	1.10625 1.01322 1.00013 1.0581 1.12096 1.03734 1.04931 1.11216 1.00223 1.04011 
1174 0.157716	0.90005 0.932489 1.01897 0.928597 0.927376 0.868066 1.03516 1.05589 0.918704 0.962081 
1175 0.148199	0.9906 1.02128 1.07293 1.03689 1.01702 0.983955 0.94353 0.989833 0.913485 0.969249 
1176 0.154997	1.05498 0.980848 0.973182 1.04466 0.983915 0.917919 0.90635 0.981894 1.0178 0.969233 
1177 0.0700204	1.04049 1.02105 1.02486 0.933705 1.01476 0.984743 0.964644 0.932023 1.01941 0.994944 
BOUNDS
LWPS R    0.0  0.0  0.0  0.0  0.0  0.0  0.0  0.0  0.0  0.0
UWPS R    0.5  0.5  0.5  0.5  0.5  0.5  0.5  0.5  0.5  0.5
LXAS R   -0.5 -0.5 -0.5 -0.5 -0.5 -0.5 -0.5 -0.5 -0.5 -0.5
UXAS R    0.5  0.5  0.5  0.5  0.5  0.5  0.5  0.5  0.5  0.5
END
