NAME moment_estimations_cluster
ASSETS 10
BENCHMARKS 0.1 0.1 0.1 0.1 0.1 0.1 0.1 0.1 0.1 0.1 
COVARIANCES
0 0 1.26351
1 0 0.011735
1 1 0.00347047
2 0 -0.0232432
2 1 0.00127495
2 2 0.00753425
3 0 0.0756357
3 1 -0.00163575
3 2 0.0025767
3 3 0.0270402
4 0 -0.0683012
4 1 0.000729028
4 2 0.00319629
4 3 -0.0018414
4 4 0.00676446
5 0 0.0734639
5 1 0.00235903
5 2 0.00321636
5 3 0.00919257
5 4 -0.00188183
5 5 0.0114905
6 0 0.0192126
6 1 0.00302173
6 2 0.0031472
6 3 -0.000412932
6 4 0.00165535
6 5 0.0040479
6 6 0.0134388
7 0 0.0627051
7 1 0.00579108
7 2 0.00641144
7 3 0.000581584
7 4 0.00117498
7 5 0.00680215
7 6 0.0146667
7 7 0.0330232
8 0 -0.243128
8 1 0.000657667
8 2 0.00995682
8 3 -0.0203709
8 4 0.0176215
8 5 -0.0107779
8 6 0.00882858
8 7 0.00518669
8 8 0.0673939
9 0 -0.0591213
9 1 0.00246183
9 2 0.00411013
9 3 -0.00652975
9 4 0.00654271
9 5 -0.00187582
9 6 0.00640246
9 7 0.010675
9 8 0.0218879
9 9 0.0124613
SCENARIOS
0 0.26096	4.03433 1.00706 1.06543 1.05287 0.986497 1.02865 1.12988 1.21646 0.959801 1.0411 
1 0.73904	0.897254 0.957989 0.989915 0.977277 1.00503 0.963722 0.965824 0.967025 1.06675 0.968413 
00 0.573153	2.82445 0.981148 0.915033 0.989538 0.902349 1.06308 1.06613 1.14723 0.929955 0.965168 
01 0.426847	0.400386 0.993859 0.994059 1.00898 0.988101 1.0258 0.922921 0.90259 1.15552 1.02884 
10 0.523355	3.54281 0.9875 0.984951 1.13965 0.932137 1.05757 1.01322 1.05839 0.813534 1.04759 
11 0.476645	0.362909 1.01763 1.03012 0.973872 1.04827 0.959024 1.0675 0.926801 1.3391 1.04859 
000 0.0809654	2.54051 0.99479 1.00439 1.22434 0.978128 1.0871 0.938672 0.906072 0.562734 0.927423 
001 0.0855787	0.4466 0.887052 1.17569 1.59628 1.18799 1.09054 0.848385 0.82376 0.912132 1.02182 
002 0.153975	0.773446 1.09818 1.02181 0.957906 0.993816 1.05499 0.965875 0.968294 0.805073 0.971723 
003 0.207261	0.0999901 1.07 1.28551 1.05126 1.27091 0.960302 1.04667 1.14784 1.85481 1.22757 
004 0.115732	1.47555 1.08095 1.00451 1.2447 0.996967 1.12186 0.972712 0.927488 0.717393 0.982007 
005 0.113124	0.244436 0.912481 1.04413 1.06469 1.09778 0.932777 0.804828 0.798457 0.970414 1.00683 
006 0.129839	0.25878 1.13584 1.20427 1.07412 1.13836 1.04071 1.05148 1.23104 1.23747 1.17897 
007 0.113525	11.9148 1.10131 0.912476 1.2554 0.897741 1.21706 0.829637 0.949418 0.44977 0.913907 
010 0.140138	2.68807 0.975327 0.859674 1.06898 0.946924 0.986714 0.755803 0.750424 0.591484 0.833769 
011 0.171918	3.47698 1.02911 1.09413 0.974264 1.03182 1.10413 1.1808 1.23308 1.10335 0.967395 
012 0.114463	0.72351 0.889711 0.819469 0.805139 0.946882 0.802999 0.934064 0.998213 1.00585 0.909828 
013 0.207559	2.12607 0.998861 0.949505 1.2028 1.0264 1.10375 1.00119 0.96484 0.730293 0.911689 
014 0.105665	0.110598 0.966619 1.01245 0.826811 1.08859 0.931475 0.897239 0.842567 1.08872 0.94102 
015 0.126313	0.0437734 0.942291 1.00525 0.89328 1.19867 0.810112 1.11385 1.13962 1.65674 1.17222 
016 0.0742436	1.18996 0.988046 0.944083 0.943677 1.0352 0.916702 1.04828 1.06348 1.08577 0.97977 
017 0.0597002	0.0413713 1.05247 1.00469 0.815497 1.22376 0.834681 1.05519 0.817207 1.64333 1.07424 
100 0.0604995	2.952 1.09841 1.05518 1.11388 1.10001 1.1987 1.31923 1.4519 0.925351 1.02433 
101 0.0628006	0.287296 1.00673 1.00365 1.11715 1.12832 0.980552 1.01561 0.875103 1.09414 0.91571 
102 0.0400745	0.380413 1.13693 1.15718 1.03627 1.13393 1.05113 0.91132 1.22782 1.15649 1.08081 
103 0.165831	1.06971 0.992813 0.927952 1.07362 0.932064 1.11017 0.939007 0.862732 0.861696 0.900044 
104 0.183127	7.92005 1.00762 0.89582 1.13594 0.904959 1.08226 0.89848 0.89937 0.570814 0.762483 
105 0.188479	0.280307 0.994601 0.937499 0.856555 0.995095 0.832705 0.829228 0.769074 0.966118 0.802388 
106 0.108977	0.18568 1.0271 1.19987 1.19229 1.17264 1.05358 0.958654 0.906045 1.3844 1.07444 
107 0.190211	0.33269 1.10691 1.09565 0.783035 1.11244 1.00155 1.06243 1.13556 1.3408 1.11833 
110 0.0770738	0.582382 0.880362 0.922967 1.20269 1.08554 0.908419 0.834705 0.798603 0.821135 0.960235 
111 0.117243	0.959108 0.812337 0.815415 0.801711 0.905014 0.872753 0.807371 0.739101 0.752393 0.901344 
112 0.173906	0.230904 1.15683 1.12785 0.813678 1.24773 1.01105 1.02898 1.24775 1.65764 1.25915 
113 0.0490831	13.5441 1.07337 0.96023 0.95892 0.860356 1.19456 1.15573 1.3023 0.646724 0.963414 
114 0.144041	0.161643 0.981732 1.00385 0.801441 1.10207 0.892728 0.935951 0.900672 1.26049 1.02628 
115 0.142877	3.19138 0.949619 0.982492 1.22908 0.982004 1.14139 0.909371 0.858989 0.686707 0.903647 
116 0.132573	1.03284 1.0151 0.962824 0.799807 0.997202 0.956681 0.925228 1.03239 0.872505 1.05384 
117 0.163203	1.28291 0.978756 1.07943 1.00875 1.0332 1.0029 1.06355 1.31394 1.00211 1.18055 
0000 0.0553262	1.66844 0.974771 0.973426 1.21277 0.917764 1.12717 0.988666 1.10798 0.954902 0.998531 
0001 0.130471	2.25972 1.09604 1.00075 1.08891 1.04065 1.27564 1.02489 1.02874 1.08906 1.12316 
0002 0.0528489	0.808044 1.00637 0.91844 1.08628 0.916915 1.08088 0.860582 0.808546 0.871691 0.986402 
0003 0.100743	0.961692 1.03841 0.996623 1.04539 1.004 1.10947 1.20709 1.18175 1.23434 0.990648 
0004 0.191577	6.07878 1.11424 0.85051 0.84466 0.899405 0.978872 1.08735 1.15844 0.862353 0.973492 
0005 0.0966144	1.2911 1.00888 1.06374 1.03163 1.01676 1.02719 1.03876 1.22918 1.02819 1.11114 
0006 0.121387	0.583979 0.992778 0.979855 1.06994 0.938796 1.14978 1.01338 1.10405 1.21837 0.952899 
0007 0.251032	0.246567 1.11832 0.988745 0.83659 1.04773 1.01868 0.95832 0.895821 1.35286 1.08816 
0010 0.172656	0.263911 1.28133 0.996474 1.06389 1.1778 0.980689 1.06647 0.888462 1.17743 1.01536 
0011 0.203125	0.441668 1.01401 0.899892 0.846654 0.892342 0.947821 0.886204 0.736332 0.859456 0.766013 
0012 0.0882813	4.33419 1.09154 0.821042 1.15242 0.784265 1.02225 0.891317 0.619125 0.476465 0.657755 
0013 0.0453125	0.725976 1.22516 1.08311 0.935887 1.01281 1.13354 0.943409 0.816103 0.934674 0.843121 
0014 0.1375	5.63481 1.12173 0.860189 1.04194 0.797642 1.14404 1.184 1.2209 0.671968 0.862756 
0015 0.15625	1.04924 1.07143 0.903652 0.764501 0.89384 0.927419 1.19579 0.904681 0.932378 0.918149 
0016 0.135156	0.791854 1.15979 1.19018 0.896249 0.962132 1.18343 1.12134 1.17836 1.13396 1.08896 
0017 0.0617188	2.13862 1.27905 0.888077 1.05221 0.977447 1.09391 1.34305 1.41254 0.920006 1.0573 
0020 0.159792	0.309071 0.949225 0.995917 0.813633 1.11043 0.935223 1.04937 0.896987 1.55823 0.928337 
0021 0.107686	0.518066 1.04688 0.978637 1.05823 1.0634 0.903192 1.01832 1.22672 1.2568 1.1574 
0022 0.0499349	11.0681 0.956616 1.0809 1.45773 1.02015 1.14896 0.965882 1.3731 0.605806 0.911175 
0023 0.0590534	4.41903 1.02502 1.05286 0.914633 0.917792 1.14787 1.04187 0.858186 0.868917 0.913655 
0024 0.070343	0.794794 0.901798 0.771029 0.855237 0.970953 0.820556 0.686275 0.713004 0.916089 0.928172 
0025 0.151541	0.781483 0.863192 0.974085 1.28955 1.03631 1.01 0.870739 0.790237 1.04053 0.869543 
0026 0.194963	2.2524 0.931979 0.96427 1.01109 0.967269 1.064 0.994662 1.16045 1.07183 0.910945 
0027 0.206687	0.79871 1.12496 1.09219 1.29569 1.26018 1.10366 1.17465 1.08307 1.30557 1.20599 
0030 0.218387	0.140355 1.11841 0.889415 0.766039 1.08749 0.93338 0.934754 0.784927 1.1143 1.04969 
0031 0.123226	0.650236 1.04039 0.977268 1.04629 1.08882 1.01884 0.987717 0.875592 1.14969 1.01372 
0032 0.104516	0.0247251 0.934277 1.06302 0.749431 1.11632 0.862549 1.22622 1.05544 2.08681 1.28177 
0033 0.0851613	2.98689 0.989971 0.742648 0.790162 0.862075 1.05713 1.10255 0.83018 0.715129 0.796654 
0034 0.0490323	0.612031 0.984711 1.09239 1.20537 1.0468 1.07785 0.890795 0.78183 0.892329 0.928302 
0035 0.152258	5.58147 0.975402 0.942379 1.10434 0.84121 1.11625 1.08666 1.2059 0.682228 1.04249 
0036 0.0996774	1.42499 0.910345 0.980124 1.17859 0.955513 1.14985 0.906279 0.761597 0.716234 0.967872 
0037 0.167742	0.502068 0.874522 0.971842 0.818544 0.977816 0.964625 1.30803 1.25395 1.31676 1.21445 
0040 0.135182	0.598953 0.908665 1.11078 1.10748 0.999037 0.902386 0.977062 1.08869 1.12672 1.05697 
0041 0.0762565	0.21703 0.905162 0.946112 0.881411 1.03141 0.84208 0.844434 0.778284 1.31474 0.916452 
0042 0.148469	1.24545 1.18255 1.04805 0.976602 0.993936 1.02669 1.04531 1.31161 0.944948 1.01308 
0043 0.12825	0.720059 0.949068 0.890177 0.746073 0.891379 0.901496 0.870858 1.00441 1.01239 0.848354 
0044 0.161179	6.92384 1.06226 0.890311 0.746323 0.912838 1.25264 1.21855 1.0896 0.739788 0.844805 
0045 0.122473	0.223387 1.07228 1.0844 0.716835 1.0834 0.865807 1.09158 1.24441 1.4559 1.1545 
0046 0.0566147	0.517131 1.13994 1.19182 0.810452 1.18166 1.15601 1.2744 1.51479 1.67862 1.18347 
0047 0.171577	2.00482 0.975479 1.10255 0.871903 0.99301 1.12373 0.95202 1.16491 0.955233 1.05378 
0050 0.138889	0.374597 1.07724 0.920885 0.860454 1.01491 0.931907 0.97536 0.773327 1.13261 0.983306 
0051 0.103428	0.490793 1.11984 0.95646 0.75603 0.897122 0.961113 1.22594 0.957146 1.1995 0.884104 
0052 0.158392	0.822232 1.0608 1.02838 1.19806 0.965669 0.975629 1.0147 0.8804 0.990755 0.878904 
0053 0.123522	0.0922072 1.21283 0.989686 0.60259 0.99963 0.866603 1.15662 1.08945 1.67031 1.13636 
0054 0.101655	9.43997 1.01031 0.930339 1.07881 0.863868 1.18317 0.99293 1.16367 0.791061 0.858569 
0055 0.130615	1.79351 1.17754 1.00271 0.818961 0.889442 1.10575 1.15067 1.32457 1.06463 1.0041 
0056 0.0644208	3.09516 1.12723 0.806548 0.956676 0.841494 0.907683 1.04567 1.06447 0.75914 0.933762 
0057 0.179078	0.879166 1.01515 0.881239 0.871694 1.05434 0.90756 0.868994 0.853649 0.9236 0.908439 
0060 0.11586	0.425338 0.833248 0.905527 0.872952 0.916918 0.928885 0.817543 0.67843 0.871037 0.81071 
0061 0.181771	4.62421 0.901113 0.906786 1.14766 0.935938 1.11411 0.958582 1.06817 0.703932 0.982524 
0062 0.108651	0.164897 1.03553 1.06407 0.708022 1.1187 1.01293 0.966948 0.990711 1.41665 1.26405 
0063 0.236869	1.18418 0.983404 0.947376 1.05355 1.0389 1.09001 0.894972 0.876788 0.888537 0.958944 
0064 0.0633368	0.621588 1.09292 1.13522 1.02857 1.14975 1.01166 0.912802 1.42151 1.18044 1.06017 
0065 0.0803296	0.437627 0.992813 0.93548 0.782065 1.02515 0.853819 1.02813 1.14172 1.21544 1.17961 
0066 0.092173	1.5671 0.929274 1.0007 0.920347 0.871652 1.0483 1.03207 1.18795 1.00661 0.89999 
0067 0.121009	0.375973 0.892922 0.883572 0.782115 1.03221 0.941686 0.89441 0.828941 1.19727 0.977009 
0070 0.117197	0.282385 0.997275 1.08104 0.888597 0.978021 0.81098 1.03331 1.00182 1.09663 0.885202 
0071 0.18139	0.486519 0.998437 1.01584 0.881619 1.07011 0.879738 1.02953 1.02307 1.35931 1.04175 
0072 0.0718492	2.28519 0.976997 0.831223 1.07051 1.0394 1.16994 0.973087 0.954041 0.867077 1.09735 
0073 0.090106	0.177191 0.99242 1.15047 0.867752 1.07184 1.03222 1.01412 0.957867 1.15508 0.925115 
0074 0.136631	8.64144 1.14704 1.07751 1.09739 0.908502 1.06232 1.00788 1.0173 0.618574 0.673465 
0075 0.111896	0.804779 1.01905 1.04853 0.944527 1.02024 1.1317 1.05534 1.07925 0.989657 0.875503 
0076 0.126031	0.0800786 0.957827 1.07944 1.05008 1.13283 0.982385 0.980592 0.943532 1.31017 0.925825 
0077 0.1649	1.33899 0.862558 1.03622 1.08208 0.887149 1.08596 1.2209 1.05082 1.01018 0.987922 
0100 0.069827	0.249795 0.948491 1.06405 1.42771 1.03747 0.999777 1.02879 0.681868 1.1129 0.954356 
0101 0.201153	0.238649 0.916443 1.04212 1.06896 1.03544 0.91023 1.23838 1.10718 1.18503 0.902783 
0102 0.13517	2.53608 0.945721 0.963173 1.17321 0.897785 0.975113 1.16678 1.07971 0.877712 0.767125 
0103 0.112108	11.6296 0.915676 0.853774 0.996502 0.819324 1.06195 0.957912 1.0053 0.603447 0.700744 
0104 0.0935298	0.0561499 0.922113 1.0046 0.807656 1.07071 0.826771 1.10953 0.964343 1.67063 1.06907 
0105 0.127482	0.820116 0.931379 0.909532 0.841586 0.877554 0.906147 0.927098 1.03534 0.820492 0.935772 
0106 0.170404	0.149834 0.89662 0.885933 0.910423 0.960669 0.730508 1.00355 0.800419 1.13691 1.02803 
0107 0.0903267	1.48238 1.08576 0.941602 0.853014 0.924615 0.904878 1.14961 0.979515 0.807353 0.815522 
0110 0.0642298	0.0699527 1.10125 1.03709 1.03199 1.24062 1.03551 1.15346 1.41009 1.64538 1.37083 
0111 0.224021	0.0334475 0.967824 1.01684 0.811615 1.07985 0.881402 1.11193 1.08615 1.46121 1.19109 
0112 0.193211	0.62359 1.04042 0.969246 1.08035 0.95437 1.02275 1.04717 0.97791 0.694309 0.925824 
0113 0.103394	13.157 0.981285 0.803696 1.03788 0.859051 0.992796 0.92262 0.856892 0.350089 0.775732 
0114 0.17389	0.57988 1.05215 0.957954 1.1151 1.08234 1.07589 0.938756 0.84745 0.906067 1.17691 
0115 0.0767624	0.0762753 1.11272 0.891984 1.02775 1.10648 0.801717 0.879164 1.02966 0.93887 1.17557 
0116 0.0955614	1.31092 1.05767 0.962444 0.877629 1.00505 0.932327 1.03058 1.61909 0.795971 1.09459 
0117 0.0689295	0.88584 1.0655 0.757388 0.929757 1.024 0.866377 1.03991 1.24739 0.750548 1.05783 
0120 0.0996078	0.169396 0.943457 0.931406 0.9952 1.11118 0.852465 0.879746 0.67491 1.29969 1.02539 
0121 0.0596078	0.0759721 1.02481 1.09087 0.933548 1.09475 0.920899 1.36797 1.15311 1.62171 1.24706 
0122 0.0870588	1.13685 1.03503 1.12425 1.16664 0.989796 1.0685 1.35576 1.34536 1.01217 1.10726 
0123 0.273725	1.17589 1.05317 0.988463 0.900558 0.971562 1.0172 1.00877 0.875917 0.759427 0.905001 
0124 0.0862745	0.228137 1.1126 1.07199 0.985138 1.20896 0.949119 1.10437 0.997678 1.24407 1.21565 
0125 0.127059	2.80472 1.12854 1.11648 1.23882 0.909027 1.09903 1.23016 0.921172 0.738665 0.939638 
0126 0.203137	5.22015 0.939118 0.960671 1.11776 0.913039 0.998232 1.0916 1.02663 0.737919 0.951804 
0127 0.0635294	0.239132 1.11249 1.15182 0.881909 1.09851 1.02556 1.21722 0.883891 1.24126 0.957354 
0130 0.168685	0.358135 1.14339 1.01953 0.769193 1.12063 0.933066 1.12452 1.01921 1.36959 1.14089 
0131 0.0865052	0.805011 1.03528 1.10161 0.780895 0.965973 0.862524 0.991637 1.29442 1.09351 1.05042 
0132 0.172578	2.23308 1.04216 0.954563 0.949144 0.987102 1.07094 0.944837 1.13933 0.909759 0.92856 
0133 0.132353	0.452789 0.940649 0.953944 0.676935 0.862443 0.80119 0.88316 0.9657 0.981328 1.01763 
0134 0.144896	0.271658 1.00385 1.13538 1.08031 1.07611 0.992732 0.854729 0.809648 1.21132 1.04699 
0135 0.049308	0.323332 1.0213 1.28691 1.04358 1.04867 1.06478 0.922138 1.28193 1.41123 1.0312 
0136 0.111592	11.034 0.927138 1.03455 1.30522 0.767278 1.09262 0.920874 1.1845 0.615735 0.893027 
0137 0.134083	1.29109 1.13256 1.07708 1.23124 0.992732 1.12994 1.06381 1.07207 0.86542 1.11134 
0140 0.171623	0.66347 0.91036 0.943193 0.978333 0.94604 0.923558 0.879773 0.89783 1.14929 0.997756 
0141 0.068819	0.388439 1.03117 1.15826 1.0912 1.02291 0.929376 1.12354 0.963991 1.39052 0.854618 
0142 0.124894	17.4582 0.88893 1.00957 1.05464 0.796175 0.947806 1.0265 1.12278 0.683376 0.986687 
0143 0.075616	0.652481 1.11791 1.04969 0.756213 1.06893 0.915338 0.950584 1.22214 1.49972 1.3094 
0144 0.0739167	4.41729 0.965153 0.908326 1.20168 0.94578 1.02282 0.927193 0.939401 0.725403 0.913011 
0145 0.250637	1.63235 1.03046 1.1389 1.18511 1.02099 1.02114 0.99698 1.1444 1.09193 0.989814 
0146 0.0815633	4.65622 1.14397 1.08671 1.00839 1.06196 1.06492 1.41765 1.42666 1.40366 1.3449 
0147 0.152931	6.06207 1.12853 0.981568 1.0712 0.909099 1.12968 1.06422 1.02523 0.776939 0.858008 
0150 0.103056	1.19977 0.95643 0.890571 0.787707 1.00278 0.949165 0.90832 0.748106 1.08368 0.867015 
0151 0.0966596	0.129551 1.17404 1.09544 0.676829 1.25612 0.863666 1.03744 1.05068 2.03778 1.31544 
0152 0.159915	0.505282 0.952188 1.11366 1.09673 1.00354 1.06524 0.9528 0.956977 0.894178 0.995239 
0153 0.0675195	13.7807 1.22474 0.945023 0.609401 0.871711 1.17408 1.05208 0.999043 0.803806 0.993192 
0154 0.27221	1.17608 1.10489 1.00257 0.974738 1.01946 1.01344 0.960538 1.20155 1.11808 1.10877 
0155 0.136461	2.20439 1.07144 1.09258 0.876211 1.04587 1.11618 1.12109 1.12717 1.36423 1.21126 
0156 0.0781805	7.72993 1.13512 0.958804 0.935656 0.891527 1.04694 0.903446 0.841736 0.60505 0.922516 
0157 0.0859986	2.65128 1.04323 0.912662 0.946137 0.968891 1.04323 0.815277 0.786748 0.774686 0.876971 
0160 0.0665054	7.52501 1.05429 0.989534 1.05729 0.88554 1.25147 1.0398 1.1436 0.685548 1.06565 
0161 0.0931076	0.899169 1.05405 0.885148 1.30098 1.01498 1.04315 0.941778 0.904976 0.666543 0.957543 
0162 0.0870617	1.22305 1.1244 1.00975 0.963424 0.975494 0.983484 1.13771 1.19964 0.839036 1.20652 
0163 0.142684	0.066334 1.03518 1.08638 0.947169 1.19469 0.921773 0.956907 0.837698 1.4919 1.11815 
0164 0.0689238	0.220715 1.14734 0.906995 0.789333 1.15611 1.00925 1.15302 1.17605 1.17242 1.17397 
0165 0.251511	0.516915 1.10188 0.922987 0.956589 1.05466 0.975715 0.780962 0.926322 0.918195 1.09146 
0166 0.0737606	3.34841 1.0631 0.838908 0.845669 0.945199 1.06829 1.03281 1.0716 0.668813 1.11481 
0167 0.216445	0.689512 0.963727 1.08782 1.1074 1.06773 1.17872 1.01498 1.15072 1.18841 1.12154 
0170 0.142857	4.51625 0.958657 1.14255 1.37685 0.989431 1.27222 0.997555 1.05764 0.844898 0.907734 
0171 0.123308	2.33374 0.793038 0.974948 0.943996 0.949591 0.971049 0.858311 0.993038 0.997486 0.981839 
0172 0.075188	8.12108 0.879468 0.889251 0.784758 0.758193 1.02164 0.744675 0.866319 0.772202 0.977524 
0173 0.108271	0.162057 0.849795 0.996138 0.941053 1.05848 0.860183 0.80515 0.796981 1.33042 1.02297 
0174 0.0917293	22.7797 0.945837 0.949437 0.888598 0.738154 1.14103 0.98929 1.01484 0.645989 0.765931 
0175 0.0616541	0.899866 1.03222 0.978169 1.15323 0.979403 0.955168 1.17539 1.08723 1.00892 1.00389 
0176 0.297744	0.456732 0.979093 1.10469 0.967009 1.08212 1.15734 1.05151 1.09854 1.41332 1.35341 
0177 0.0992481	2.61507 1.06704 1.034 0.858392 1.00443 1.20811 1.05087 1.1734 1.02878 1.03041 
1000 0.100855	0.525489 0.909664 0.929373 0.743333 0.877927 0.754389 0.784655 0.8071 1.0349 0.916308 
1001 0.0555556	0.0557408 1.07359 0.981271 0.491643 1.03855 0.747593 0.998631 1.04693 2.01743 1.35401 
1002 0.251282	5.42922 1.00204 0.899374 0.879403 0.883921 1.08536 0.899985 0.993225 0.822587 0.905021 
1003 0.0854701	0.514744 0.96791 1.04122 0.809958 0.844786 0.939566 1.02335 1.02817 1.33337 1.05897 
1004 0.210684	1.26578 0.994703 1.04264 0.879531 0.807814 0.950882 1.00104 1.05757 1.23895 0.913411 
1005 0.0952991	0.134063 1.12613 1.0824 0.772432 0.983693 0.911047 0.923315 1.11916 1.60973 1.11525 
1006 0.0611111	0.259418 1.03593 1.40565 0.977332 1.11106 0.952168 1.01386 1.47958 1.87503 1.41926 
1007 0.139744	0.45009 1.06446 1.1346 0.929195 1.02925 0.978904 0.83756 0.965863 1.13998 1.12005 
1010 0.0728695	0.972783 1.15085 1.00869 0.92763 1.0391 1.18816 1.03174 1.1339 1.18842 1.11696 
1011 0.112392	0.980192 1.01766 0.92232 0.709466 0.954977 0.977048 1.01063 1.06613 1.29018 1.04752 
1012 0.135035	0.181914 1.07775 0.994078 0.661335 0.996043 0.911776 0.957856 0.892759 1.50496 1.10671 
1013 0.0629889	1.74658 0.971214 0.918754 1.29453 0.88663 1.02266 0.806949 0.732593 0.681333 0.884957 
1014 0.16056	1.16665 1.07245 0.871241 0.765396 0.910848 1.01696 0.876972 0.931378 0.948157 0.920772 
1015 0.19473	1.73242 0.905127 1.10802 1.18545 0.922712 0.994167 0.868453 1.00772 0.942509 0.992643 
1016 0.139975	0.851087 1.02704 1.10032 1.16366 1.00816 1.08124 1.09963 1.17888 1.12159 1.03732 
1017 0.121449	5.80712 0.921442 0.96772 1.07374 0.884067 1.08337 0.815014 0.880506 0.727387 0.963346 
1020 0.0929032	7.50092 1.09321 1.0564 1.0323 0.989083 0.946743 1.2699 1.61028 0.787452 1.14986 
1021 0.229677	0.416778 0.932513 0.888208 0.758625 0.943051 0.87282 0.989542 1.01222 1.05105 0.933394 
1022 0.0993548	0.0951902 1.00447 1.06739 0.849239 1.08996 0.791905 0.933137 0.915973 1.47529 1.23762 
1023 0.08	0.437088 1.09824 1.10545 1.01058 1.14557 1.06325 1.27596 1.39161 1.37398 1.22489 
1024 0.123226	0.35028 0.981559 0.998807 1.04794 1.06691 0.913375 1.15411 1.07042 1.01886 0.907855 
1025 0.063871	0.556751 0.89581 1.06106 0.794209 1.06198 1.08904 1.14313 1.2377 1.27941 1.15316 
1026 0.203226	4.93457 0.95327 0.96472 1.23137 0.929061 1.08445 1.01548 1.0195 0.670984 0.965351 
1027 0.107742	2.16034 1.09785 0.808672 0.9714 0.939381 0.912266 0.980821 0.986259 0.651334 0.858669 
1030 0.151232	1.14283 1.1118 1.08653 0.842644 1.04406 0.972228 0.976679 1.19195 0.95515 1.07649 
1031 0.181478	2.04092 0.991837 1.11562 0.893899 0.991793 1.06159 1.11285 0.985544 0.978003 0.762599 
1032 0.140162	7.83804 1.27512 0.984855 1.04259 1.04965 1.1678 1.16255 1.22192 0.651991 1.01293 
1033 0.114749	0.22328 1.10339 1.0307 0.769426 1.15647 0.856696 1.09515 1.05044 1.38704 1.15217 
1034 0.0829436	0.242259 0.944642 1.02775 0.941685 1.04738 0.8781 0.853724 0.695133 1.06553 0.904077 
1035 0.0366386	0.801343 0.995666 0.864055 0.809384 0.915044 0.948037 0.868197 0.569616 0.864768 0.619764 
1036 0.152011	0.994881 1.01375 0.978022 1.00813 1.04944 0.875731 0.939829 0.922599 0.845709 0.915101 
1037 0.140786	0.662618 1.08939 1.29279 1.16639 1.12827 1.15095 1.02676 1.13979 1.11253 1.10899 
1040 0.0888042	12.7849 0.9916 0.829611 1.0494 0.738512 1.05978 0.79953 0.872555 0.475862 0.805627 
1041 0.15036	1.38969 1.07422 1.0436 0.925305 0.982853 1.04027 1.14813 1.27548 1.03041 0.975584 
1042 0.209516	0.664304 1.13038 1.0768 0.899114 0.925466 1.04832 1.10088 1.1272 1.09268 0.911494 
1043 0.16942	0.385413 1.00936 1.15854 0.981651 0.962945 1.06481 1.10272 1.1872 1.23604 1.07072 
1044 0.144007	0.12275 1.00396 0.97487 0.760564 1.00068 0.842961 1.09105 1.03169 1.38401 1.07816 
1045 0.0607087	0.168316 0.894306 1.02999 1.1419 1.05847 1.05029 0.948685 0.815591 1.18106 0.962034 
1046 0.106029	2.66686 1.22132 0.934786 0.884118 0.905891 1.14973 1.04436 1.27059 0.676755 1.00749 
1047 0.0711563	0.134488 0.979726 0.925222 0.905891 1.03439 0.825645 0.984646 0.821465 1.3499 0.987918 
1050 0.054321	1.67943 0.887052 0.797774 1.10221 0.969621 1.04093 0.843842 0.875136 0.648501 0.889806 
1051 0.112071	0.434962 0.974772 0.88864 0.952481 0.999157 0.925474 0.884149 0.659871 0.922506 0.857015 
1052 0.135117	3.68575 0.975731 0.935817 1.13181 0.866307 1.08064 1.11869 1.1195 0.865176 1.02394 
1053 0.249108	0.414595 1.01267 1.03974 0.788459 0.994841 1.01586 1.0507 1.16622 1.41951 1.18814 
1054 0.215089	0.976623 0.899243 1.02157 1.42273 1.09819 1.17006 0.913868 0.732893 0.923618 1.02083 
1055 0.117833	9.44389 1.1172 0.985256 1.36786 0.965755 1.31946 1.03158 1.37594 0.68425 1.06099 
1056 0.0626886	0.323467 0.825236 1.00116 0.85428 1.06804 0.885834 0.824758 0.7544 1.30468 1.09556 
1057 0.0537723	1.76712 0.979175 0.908629 0.981636 0.895939 0.964875 0.871501 1.21349 0.822099 1.00917 
1060 0.0685647	0.0837667 0.91787 0.980061 0.943898 1.12054 0.892119 1.11158 1.05551 1.44795 1.01422 
1061 0.107473	12.6284 1.13592 1.03378 1.18217 0.854431 1.20374 1.12037 1.18338 0.573065 0.849113 
1062 0.172005	1.85298 1.00969 1.00566 1.02841 0.830371 0.955729 0.904906 0.902741 0.688973 0.753681 
1063 0.132384	0.374592 0.971768 0.897114 0.811721 1.00224 0.870613 0.871542 0.870643 0.989787 0.935098 
1064 0.0944247	2.91543 0.970475 1.07934 1.30194 0.90039 1.22884 1.17231 1.34093 0.830238 0.881231 
1065 0.0747331	0.148578 0.933756 0.96712 0.740509 1.08401 0.772822 0.955169 0.904641 1.70631 1.09681 
1066 0.255991	0.517646 1.00613 1.02313 0.955583 1.02798 1.05289 1.0533 1.04764 1.10057 0.978263 
1067 0.0944247	0.871702 1.07671 1.21048 0.804109 1.12138 1.01455 1.1997 1.45742 1.45459 1.01665 
1070 0.110915	6.02625 1.1263 0.974645 1.08758 0.904572 1.01492 1.07382 1.09033 0.629107 0.882555 
1071 0.128585	0.294826 0.940371 1.08437 0.998064 1.13093 0.79215 1.0469 1.04073 1.59729 1.17474 
1072 0.194101	0.55093 1.06883 1.03029 0.891386 0.991447 0.975832 1.20582 1.17371 1.23019 1.15603 
1073 0.0515156	18.4942 0.947193 0.912555 1.17405 0.702735 1.16442 1.21201 1.1631 0.506339 0.816438 
1074 0.236238	1.67756 0.938739 1.02347 0.874688 0.86947 1.02105 0.978651 1.03519 0.892977 0.894468 
1075 0.0498845	0.587535 0.857229 0.963964 1.05271 1.01737 0.885885 0.919399 0.694557 1.17259 0.889871 
1076 0.095963	0.343456 0.817074 0.9331 0.806068 1.0687 0.84919 1.11427 0.924049 1.60509 1.04054 
1077 0.132799	0.899099 1.03822 0.981646 1.2297 0.960341 0.941865 0.964404 0.961904 0.849039 0.886511 
1100 0.0858195	0.0732414 1.00987 1.13098 0.917142 1.18311 0.954504 1.04784 1.13519 1.73154 1.34444 
1101 0.106814	2.07726 1.0583 1.05233 1.21645 0.961321 1.18859 0.880656 0.974689 0.759913 0.877978 
1102 0.160221	1.05915 0.981185 1.03259 0.957724 1.00338 1.08441 1.07873 0.979488 1.28938 1.06039 
1103 0.0909761	19.9867 1.2784 0.888351 1.21321 0.914916 1.10656 1.09277 1.25745 0.586334 1.00203 
1104 0.0854512	2.03101 1.17551 1.03329 0.823285 0.936531 1.16826 1.33266 1.58184 1.16997 1.15595 
1105 0.132965	1.31431 0.988501 1.03403 1.24333 1.00129 1.12067 1.14712 1.093 1.02043 0.917347 
1106 0.272928	1.52065 0.936376 0.927442 0.98003 0.924904 1.06964 0.912612 0.92538 0.897019 0.949072 
1107 0.064825	1.65857 1.02797 0.897847 0.793389 0.995624 0.974651 0.9263 1.12088 1.10251 1.08495 
1110 0.106053	0.0750137 1.12682 1.09841 1.22583 1.2344 0.993925 1.06636 0.906185 1.73807 1.13373 
1111 0.130993	4.45158 1.24151 0.863463 0.966857 0.972937 0.830422 0.984807 1.14503 0.836105 1.08227 
1112 0.177724	1.41567 1.14486 0.989452 1.12126 1.05906 0.937745 0.981608 0.85451 0.978559 0.980744 
1113 0.18862	0.360094 1.16754 1.06754 1.11754 1.14312 0.999145 0.985815 1.10331 1.21829 1.15795 
1114 0.12954	1.07024 1.13036 0.90382 1.26218 1.00981 0.969357 0.804181 0.687206 0.69842 0.783443 
1115 0.111138	3.48196 1.2364 1.03797 1.28507 0.934927 1.12719 1.25107 1.14574 0.827567 0.882855 
1116 0.0542373	25.013 1.16334 0.972005 1.09181 0.922164 1.00259 1.10372 1.16904 0.58003 0.899764 
1117 0.101695	0.811405 1.34851 1.01027 0.897049 1.12018 1.00321 1.07736 1.27642 1.42742 1.2635 
1120 0.0458701	0.593428 1.01737 1.12862 1.10622 0.945501 1.22506 1.02009 0.922297 1.038 1.00765 
1121 0.15018	0.0874816 0.889014 1.15578 0.799112 1.1548 0.851942 1.04468 1.03755 1.70271 1.20861 
1122 0.216291	2.23776 0.893237 0.920078 1.32365 0.927535 1.04098 0.956086 0.857216 0.71866 0.861237 
1123 0.12651	2.41351 0.873944 1.0986 1.50178 0.926239 1.13626 1.33115 1.24573 0.822695 0.985608 
1124 0.064969	0.149681 0.815512 1.05481 1.18852 1.04132 0.90728 1.07773 0.720165 1.22036 0.87437 
1125 0.181848	0.95521 0.923007 0.968592 0.808644 0.863553 0.944654 1.0553 1.2233 0.964874 1.02634 
1126 0.131897	0.245866 0.900386 0.906587 1.00254 0.970563 0.758788 0.973334 0.759449 1.08669 1.02915 
1127 0.0824355	0.777145 1.01745 1.07593 1.05652 1.03706 1.02925 1.44667 1.37805 1.17529 1.13533 
1130 0.133025	1.09497 1.04638 1.14283 1.20496 1.12233 1.06672 1.07255 1.18821 0.985553 1.08693 
1131 0.0589936	0.122004 1.0824 1.05917 1.1005 1.30208 0.849939 1.03333 1.21245 1.53594 1.29122 
1132 0.226142	2.89855 0.989087 0.874165 1.06784 0.922103 0.952968 1.04488 1.18337 0.722505 0.997334 
1133 0.120879	0.44849 0.927548 1.00873 1.21523 1.00336 0.950057 1.09009 0.976742 1.04181 0.952002 
1134 0.0780798	0.165762 1.01083 1.00747 0.932562 1.20921 0.855707 1.36595 1.60211 1.73783 1.30814 
1135 0.0722961	12.9753 0.931475 0.992685 1.27531 0.874867 1.16946 1.17116 0.900336 0.75633 0.841181 
1136 0.144592	0.370855 1.02564 0.993398 1.08033 1.07622 0.859528 0.987839 1.08122 1.08389 1.11571 
1137 0.165992	0.311056 0.958154 0.963405 0.841747 1.01015 0.783179 0.898609 0.954968 1.24763 0.944148 
1140 0.102089	2.95784 0.921995 1.13477 1.54003 0.993561 1.1438 0.922087 1.05983 0.982415 1.10627 
1141 0.0386283	0.753521 0.965601 1.28451 1.27807 0.967071 1.04468 0.844789 0.89502 1.07339 1.01603 
1142 0.0461175	12.9258 1.0578 1.14478 0.830743 1.04476 1.11491 1.15726 1.39234 1.26891 1.26064 
1143 0.128104	0.25604 1.09558 1.03194 0.68874 1.05165 0.858421 0.994091 1.01555 1.54972 1.2551 
1144 0.192944	4.27905 1.05973 0.923367 1.08462 0.849555 0.988034 0.977617 1.05191 0.664531 0.982909 
1145 0.162002	1.04345 0.995298 0.908557 0.912107 0.989289 0.912111 0.941373 1.0508 0.897411 1.08482 
1146 0.153725	3.56623 0.992979 0.960171 0.941221 0.937674 1.0496 1.11125 1.32587 0.949312 1.1897 
1147 0.176389	0.254428 0.963823 0.936655 0.937426 0.980034 0.907532 0.893604 0.787486 1.08794 1.06298 
1150 0.0917942	0.840647 0.998952 0.957439 1.29206 1.02571 0.932029 0.992339 0.926924 0.872505 0.970981 
1151 0.180211	0.871509 0.985124 1.09154 1.08266 1.10601 1.06405 1.0129 1.05621 1.25737 1.04526 
1152 0.134512	1.29754 1.10593 0.990405 0.969812 0.952368 1.01237 0.867339 0.827273 0.737673 0.872873 
1153 0.0826545	6.70517 0.967976 0.835819 1.00053 0.823459 0.995442 1.02675 1.164 0.620757 0.865483 
1154 0.0947745	8.54249 0.997984 0.985402 1.21247 0.894397 1.16423 1.2911 1.28285 0.813904 0.864582 
1155 0.23326	0.546812 1.07808 0.978571 0.865573 0.92931 0.898984 1.05398 1.11546 1.00649 0.989088 
1156 0.0913968	1.4433 1.16983 1.12219 0.923895 0.965506 1.20889 1.19683 1.3247 1.07481 1.01392 
1157 0.0913968	0.276605 1.02357 1.15223 0.924617 1.14982 0.957899 1.17651 1.08463 1.77265 1.2479 
1160 0.116274	11.0956 0.930032 0.97135 1.19737 0.81766 1.14103 1.21108 1.25404 0.802887 0.889146 
1161 0.0907923	2.28912 1.07148 0.996202 1.12569 0.921703 1.12094 0.901066 0.761727 0.847225 0.91491 
1162 0.286724	3.23438 0.969761 0.91716 0.934429 1.00698 0.919086 0.970599 0.942276 0.971908 0.978356 
1163 0.125696	0.621519 1.0047 1.04702 1.06473 1.04157 1.04087 1.00842 0.967708 1.1168 1.01099 
1164 0.112634	2.36487 0.961652 0.963031 1.27629 0.874585 0.897072 0.967941 0.902153 0.77833 0.849048 
1165 0.0635974	0.788216 0.956127 1.11378 1.15353 1.11606 1.04074 1.12808 1.06772 1.39819 1.15362 
1166 0.091863	0.0399445 0.955878 1.04701 0.923504 1.1594 0.92125 0.935532 0.916528 1.63973 1.09123 
1167 0.11242	0.779182 1.09694 0.903454 0.851258 1.05534 0.964726 1.06978 1.0145 1.26647 1.06046 
1170 0.0772308	0.255014 1.03512 1.07576 0.90677 1.17428 0.912938 0.855921 0.942071 1.36646 1.07636 
1171 0.117064	0.795685 1.19799 1.12505 0.734349 1.0191 1.18681 1.19248 1.35488 1.41205 1.11775 
1172 0.187511	1.0329 1.11258 0.975014 0.932779 1.01644 1.22782 1.07517 0.935858 0.966346 1.02646 
1173 0.0610541	14.404 1.15732 1.01327 0.964385 0.975264 1.18997 1.24751 1.27908 0.78756 1.0629 
1174 0.092016	0.142162 1.02751 1.18051 1.08122 1.11963 1.24151 0.998091 0.95235 1.39036 1.04755 
1175 0.243521	2.55814 0.977983 1.01557 1.17316 0.92166 1.12765 0.929816 0.91052 0.71705 0.852662 
1176 0.085754	0.0962392 0.931703 0.951336 1.02874 0.996931 0.897024 0.88573 0.732372 1.18012 0.945769 
1177 0.13585	1.90685 1.24067 1.06955 1.06619 0.992501 1.17159 1.17056 1.19376 1.03349 1.05956 
BOUNDS
LWPS R    0.0  0.0  0.0  0.0  0.0  0.0  0.0  0.0  0.0  0.0
UWPS R    0.5  0.5  0.5  0.5  0.5  0.5  0.5  0.5  0.5  0.5
LXAS R   -0.5 -0.5 -0.5 -0.5 -0.5 -0.5 -0.5 -0.5 -0.5 -0.5
UXAS R    0.5  0.5  0.5  0.5  0.5  0.5  0.5  0.5  0.5  0.5
END
