NAME moment_estimations_cluster
ASSETS 10
BENCHMARKS 0.1 0.1 0.1 0.1 0.1 0.1 0.1 0.1 0.1 0.1 
COVARIANCES
0 0 0.0757977
1 0 0.0114526
1 1 0.00452664
2 0 0.00543427
2 1 0.00373495
2 2 0.0109305
3 0 0.0047071
3 1 0.00199041
3 2 0.0042338
3 3 0.0051937
4 0 7.25885e-05
4 1 0.0032888
4 2 0.00694956
4 3 0.00246928
4 4 0.00873026
5 0 0.0155167
5 1 0.00392487
5 2 0.00683858
5 3 0.00256657
5 4 0.00239702
5 5 0.0108683
6 0 0.0212523
6 1 0.00668346
6 2 0.0102336
6 3 0.00521074
6 4 0.0082079
6 5 0.00909791
6 6 0.0188321
7 0 0.0130166
7 1 0.00123871
7 2 0.00193807
7 3 0.00457248
7 4 -0.00547526
7 5 0.00385561
7 6 -0.000460657
7 7 0.0240969
8 0 0.000151843
8 1 0.00731503
8 2 0.0192141
8 3 0.00617826
8 4 0.0209206
8 5 0.00704465
8 6 0.0224203
8 7 -0.0151635
8 8 0.0564055
9 0 0.0101753
9 1 0.00533713
9 2 0.0093216
9 3 0.00457921
9 4 0.00874908
9 5 0.00457936
9 6 0.0124476
9 7 -0.000447275
9 8 0.0225866
9 9 0.0136741
SCENARIOS
0 0.51036	1.08501 1.02535 1.07945 1.00995 1.06823 1.00891 1.11476 0.992877 1.19795 1.0902 
1 0.48964	0.982488 0.963087 0.921187 0.970877 0.956384 0.98424 0.895879 1.03512 0.837353 0.89706 
00 0.746845	1.07188 1.04276 1.00662 1.01915 1.05362 1.01172 1.05793 0.958451 1.15867 1.09862 
01 0.253155	0.863377 0.914665 0.88399 1.00225 0.869063 0.979247 0.852178 1.18766 0.722389 0.8825 
10 0.232191	0.932459 0.9351 0.952943 1.02771 0.85621 0.94609 0.904281 1.25107 0.84018 0.997209 
11 0.767809	1.05279 1.00035 0.991113 0.994489 1.0015 1.02993 1.07516 0.941316 1.10955 1.0848 
000 0.156889	0.792802 0.917621 0.880612 0.99539 0.904161 0.894236 0.795627 0.965192 0.694444 0.823598 
001 0.132175	1.03728 1.05749 1.26974 1.07687 1.01946 1.21835 1.1555 1.22534 1.16519 1.05294 
002 0.0601322	1.18899 1.04035 1.35761 1.06865 1.1723 1.17178 1.32361 0.912853 1.92371 1.34423 
003 0.163868	1.03724 1.03927 1.11703 1.04981 1.10224 1.0932 1.15028 0.910408 1.3408 1.02534 
004 0.156706	0.92883 0.925153 0.963912 0.977908 0.99226 1.02087 0.913169 0.913697 0.953565 0.971171 
005 0.170585	1.1707 0.951955 0.977672 0.981255 0.869082 1.10648 0.893214 1.1355 0.704487 0.864052 
006 0.0836919	0.540314 0.937521 1.06171 0.980856 1.05997 0.991207 0.864494 0.865692 1.21967 0.969627 
007 0.0759524	2.16783 1.15383 1.05568 1.02438 0.949503 1.26801 1.17454 1.43745 0.864462 1.0583 
010 0.165944	1.04516 1.06015 1.1893 1.14823 1.0244 1.09732 1.01785 1.13857 1.0345 0.971157 
011 0.15743	1.12905 1.02778 0.897147 0.933824 0.941278 0.973048 0.99219 0.885009 0.94614 0.978488 
012 0.0797214	1.56913 1.0854 1.05861 1.02383 1.09713 1.1342 1.24451 0.830432 1.29309 1.03794 
013 0.119814	1.63087 1.09669 0.938824 1.01592 0.917483 0.942223 0.954475 1.28523 0.692446 0.991359 
014 0.0916409	0.646116 1.07985 0.955735 0.943769 1.13676 0.880476 0.938102 0.702099 1.21206 1.08965 
015 0.0958978	0.808079 1.00759 1.22415 1.16957 1.23574 1.09374 1.1383 0.867539 1.58258 1.08284 
016 0.187152	0.654547 0.842201 0.939196 0.990945 0.970802 0.881584 0.795282 0.90004 0.880655 0.855476 
017 0.102399	1.45416 1.2363 1.18021 1.15798 1.11138 1.23078 1.19197 1.20016 1.15118 1.20321 
100 0.0577008	1.01238 1.08867 1.20289 1.01312 1.28005 1.0461 1.21603 0.814427 1.64278 1.20065 
101 0.233002	0.602124 0.951835 0.959207 0.879637 1.01099 0.908665 0.885441 0.792231 0.975257 0.868693 
102 0.115402	1.71542 1.11202 1.01358 0.968382 1.01751 1.05118 1.12958 0.911251 0.889929 0.941437 
103 0.157885	1.2584 1.00846 1.0118 0.976717 0.953779 0.981384 1.01812 1.16625 0.796583 0.906678 
104 0.117161	0.837498 1.0962 1.07873 0.982476 1.06716 1.03215 0.937782 1.02464 1.01436 0.990783 
105 0.117864	1.06089 1.08175 1.30693 1.05549 1.17253 1.07942 1.10797 1.03438 1.38016 1.1723 
106 0.0636819	1.90058 1.18827 1.15153 1.11728 1.07009 1.19746 1.2901 1.3236 1.05124 1.06816 
107 0.137303	0.851668 0.94062 0.835484 0.905859 0.950063 0.882972 0.819524 0.961401 0.671371 0.787205 
110 0.146083	0.862896 0.990675 1.12372 1.12978 1.01258 0.965293 0.992198 1.07923 1.03646 1.04224 
111 0.159516	0.641096 0.950726 0.861492 0.938383 0.996208 0.874533 0.843005 0.772697 0.865772 0.882991 
112 0.096848	0.792193 0.919809 0.86719 0.93645 0.859326 0.817258 0.7456 1.0047 0.605385 0.798292 
113 0.134433	1.10077 0.986809 1.02077 0.991765 1.06214 0.984352 0.987531 0.883074 1.13904 1.01107 
114 0.150685	0.710897 1.08375 1.10784 1.00967 1.13397 0.888911 1.073 0.768759 1.41591 1.09428 
115 0.147413	1.55666 1.05593 0.916651 0.974454 0.912888 1.0408 1.01865 1.2095 0.734838 0.918411 
116 0.124564	1.54041 1.06121 1.29865 1.12306 1.1571 1.14581 1.40355 1.00555 1.57803 1.23988 
117 0.0404575	1.33991 1.15092 1.26933 1.13021 1.04588 1.18086 1.15897 1.35141 1.07123 1.00215 
0000 0.214214	0.873175 1.00706 0.973176 0.975443 0.986892 0.913311 0.97918 0.961197 1.05891 1.02108 
0001 0.148997	0.776231 0.869577 0.841535 0.842407 0.813934 0.882863 0.822398 0.97349 0.693544 0.775613 
0002 0.168729	0.575179 1.01173 1.17497 1.00258 1.18807 1.11272 1.05051 0.874729 1.50408 1.10102 
0003 0.0938127	1.51743 1.09876 1.00574 1.08626 0.959308 1.03926 1.08362 1.2806 0.917506 1.14595 
0004 0.093311	1.51373 1.21926 1.14628 1.02182 1.09748 1.23951 1.30434 1.08458 1.42076 1.23385 
0005 0.155184	0.921583 1.00289 1.05238 1.04019 1.03205 1.06314 1.0401 1.13055 1.17505 1.11761 
0006 0.0623746	0.708603 1.01318 0.98449 1.0157 0.905947 0.905991 0.945128 1.2977 0.838691 0.998722 
0007 0.0633779	0.899177 1.00427 0.873658 0.803028 0.999782 0.916675 0.928467 0.716567 1.0381 0.814333 
0010 0.0617308	1.35375 1.09134 1.09174 1.03142 1.20071 1.01623 1.13282 0.950657 1.3763 1.11127 
0011 0.108178	0.669002 0.83128 0.891073 0.988715 0.986388 0.877449 0.799515 0.838045 0.978871 0.882691 
0012 0.228265	0.792425 1.11568 1.00058 1.05229 1.08068 0.89822 1.01585 1.01156 1.09653 1.07946 
0013 0.129416	1.52471 0.965473 0.934013 1.09328 0.936642 1.08952 1.00613 1.08654 0.880682 0.971982 
0014 0.228067	1.0595 1.02172 0.948414 1.02831 1.00536 0.976848 0.883228 1.16821 0.790648 0.927983 
0015 0.0565701	1.86019 1.12635 0.995456 1.05284 1.14757 1.18975 1.24157 1.01564 1.03884 1.16298 
0016 0.0974593	0.794614 0.940649 1.08084 1.10555 1.14011 0.963631 1.01842 0.956632 1.44276 1.13955 
0017 0.0903136	0.722119 0.871326 0.803974 0.838309 0.902588 0.988436 0.801166 0.80609 0.678253 0.74133 
0020 0.0763525	0.498108 1.02274 0.938862 0.91374 1.17271 0.961177 0.881419 0.855384 1.15672 0.929656 
0021 0.229494	1.08268 1.21204 1.00473 1.10877 1.10403 1.06012 1.14044 0.797066 1.10239 0.931081 
0022 0.0715532	0.528796 0.88236 0.892308 1.05265 1.04079 0.861799 0.794101 0.752058 0.948005 0.915301 
0023 0.234729	1.54284 0.994709 0.964378 1.05543 0.997731 1.15138 1.12551 1.3096 0.749067 0.848802 
0024 0.0650087	0.810376 1.07042 0.955058 0.950454 1.09178 1.11448 0.860623 0.997617 0.916106 0.85633 
0025 0.0506108	0.421391 0.94076 0.912385 0.977308 1.01937 0.938882 0.756681 0.950908 0.800809 0.817009 
0026 0.202443	0.735477 1.15665 1.16237 1.0537 1.30579 1.15855 1.07806 0.858988 1.51146 0.944761 
0027 0.069808	0.660235 0.983625 0.817716 0.986563 0.880671 1.04281 0.800113 0.924419 0.655996 0.756665 
0030 0.0714057	0.799766 1.09266 1.04674 0.980905 1.13498 1.02349 0.97595 0.689166 1.5665 1.15655 
0031 0.151457	0.987656 0.988229 1.07611 1.0308 1.02785 1.0708 1.06466 1.18347 1.00297 0.989146 
0032 0.0944605	1.04135 1.07419 1.22286 1.09246 1.20707 1.14653 1.1999 1.01562 1.3964 1.2965 
0033 0.0928594	1.25363 0.952989 0.941858 1.04396 0.859836 1.05638 0.944402 1.14983 0.655168 0.953869 
0034 0.0626001	1.95914 0.994773 1.11688 0.952348 1.00388 1.18925 1.21219 1.0395 1.11052 1.15921 
0035 0.227986	1.01776 1.00369 0.95487 0.916346 1.00066 1.08698 0.992924 0.801798 0.966248 1.02099 
0036 0.237112	0.667542 0.992979 0.929734 0.8383 0.983907 0.883423 0.810702 0.892752 0.940322 1.02146 
0037 0.0621198	1.43389 1.1356 1.00345 1.01549 0.984543 1.22583 1.12253 1.12909 0.88653 0.98243 
0040 0.107316	0.615982 0.880279 0.806314 0.852537 0.874869 0.792102 0.805068 0.92343 0.758033 0.869442 
0041 0.0492215	1.32681 1.04599 1.15872 1.09961 0.987099 0.998893 1.16066 1.23892 1.03611 1.05662 
0042 0.244098	1.57298 1.06057 0.99423 0.948002 0.932317 1.09989 1.11214 1.05159 0.914681 0.848197 
0043 0.100285	1.03742 1.10062 1.21049 1.08695 1.23192 1.03384 1.17103 0.890266 1.58859 1.04594 
0044 0.0644567	1.17315 1.18 1.06379 0.914992 1.00282 1.0665 0.972461 0.971342 0.988069 0.913848 
0045 0.0919136	1.74304 1.08108 1.09784 1.10331 1.06417 1.01083 1.29375 1.01844 1.29451 1.09215 
0046 0.140298	0.728313 1.01891 0.999889 0.985861 1.06328 0.938964 1.11325 0.895026 1.20661 1.09937 
0047 0.202411	0.648391 0.952712 0.930737 0.956666 1.01727 0.893393 0.918142 0.93898 0.957082 0.880718 
0050 0.110735	1.45891 1.03611 0.892869 0.969551 0.894041 0.942736 0.947558 1.14295 0.712545 0.960462 
0051 0.163488	1.26377 1.10953 1.02561 1.068 1.07102 0.971766 1.1891 1.08 1.28489 1.14335 
0052 0.104429	0.826638 0.85336 0.910158 0.800982 0.962228 0.879556 0.86476 0.809225 0.955382 0.858666 
0053 0.200246	0.677797 1.06489 1.10683 0.967126 1.0519 0.968935 0.976833 1.16382 1.02562 1.11628 
0054 0.111197	1.05057 1.09283 1.23368 1.11134 1.20752 1.03836 1.24933 0.935396 1.61572 1.10822 
0055 0.106429	0.762715 0.941434 0.874366 1.0143 0.857737 0.984847 0.787751 1.24501 0.602109 0.826079 
0056 0.0753614	1.73039 1.06953 1.0063 1.05358 1.05185 1.02619 1.20696 1.15794 0.974839 1.11103 
0057 0.128114	0.933373 0.995957 0.929637 1.06631 1.0602 0.963729 1.0077 1.06815 0.895079 0.927094 
0060 0.182132	0.836603 0.995581 0.876431 0.976964 1.00513 0.881892 0.826753 0.802865 0.891604 0.856512 
0061 0.0630094	0.891858 1.03699 0.952599 0.918084 1.17947 0.873683 0.965684 0.605517 1.31647 0.973247 
0062 0.236364	0.784973 0.850962 0.860999 0.963668 0.842374 0.906761 0.815278 1.12381 0.690488 0.820749 
0063 0.0702194	0.7774 0.8409 1.13902 1.06995 1.01258 0.894652 0.979741 0.979935 1.16227 1.07608 
0064 0.0661442	1.51125 1.03963 1.10234 1.15794 1.04648 1.02379 1.24852 0.919588 1.21957 1.15234 
0065 0.108777	0.866513 1.0574 1.12658 1.1112 1.2318 0.86779 1.20145 0.881967 1.65471 1.19393 
0066 0.155486	1.22567 0.96203 0.976891 0.987266 1.0131 0.909426 1.04325 0.781551 1.10241 0.963523 
0067 0.117868	1.3361 0.960531 1.09019 1.11949 1.02164 1.01606 1.09438 1.19221 0.974063 1.03706 
0070 0.164076	0.95312 1.04848 1.24279 1.27337 1.02839 1.06748 1.15945 1.19487 1.0908 1.06671 
0071 0.0939551	0.721471 0.871634 0.998462 1.04883 0.916177 0.91069 0.80538 1.13445 0.824363 0.868361 
0072 0.279447	0.862705 1.03371 1.00206 0.996119 1.07622 0.991313 0.984535 0.792901 0.9665 0.928435 
0073 0.0673575	0.877008 0.981769 0.900705 0.959618 0.863489 0.97367 0.891098 1.06173 0.601474 0.827266 
0074 0.0735751	1.1749 0.856762 0.7694 0.974321 0.812348 0.84036 0.77238 0.99979 0.544621 0.777479 
0075 0.101209	1.44131 1.14816 1.14584 1.21621 1.04022 1.1193 1.20088 0.966176 1.10772 1.12853 
0076 0.0849741	0.657513 0.850387 0.881429 0.92098 0.953563 0.731587 0.86333 0.623556 0.934027 0.866305 
0077 0.135406	1.6125 0.945304 0.99373 1.07024 1.05607 0.959786 1.17199 0.802067 1.07441 0.951634 
0100 0.203358	1.00398 0.945821 0.896145 0.898577 0.856275 0.951843 0.857941 1.14557 0.678691 0.866513 
0101 0.0438433	0.528264 1.01309 0.968283 0.96012 1.07935 0.771203 0.91166 0.943127 1.30303 1.08858 
0102 0.147854	1.25984 1.13864 0.909143 0.879744 0.956491 1.08381 1.10473 1.0039 0.884219 0.947768 
0103 0.102146	1.02889 1.00411 0.950106 1.00538 0.963004 0.946335 1.01979 1.14062 1.00529 1.03192 
0104 0.159049	0.893542 0.930555 0.899302 0.909227 1.04546 0.881729 0.924889 0.91109 0.91286 1.01474 
0105 0.103545	1.40789 1.03116 1.15961 1.01715 1.06484 1.15983 1.23117 1.34467 1.12265 1.10657 
0106 0.176772	1.04147 1.03976 1.01914 0.992426 1.02454 0.98557 1.10825 0.967298 1.15118 1.15376 
0107 0.0634328	1.14367 1.04799 0.905808 0.879392 0.903386 0.877683 0.903673 1.01562 0.903398 1.07676 
0110 0.23058	0.913055 1.07019 0.8988 0.888759 0.970411 0.942727 0.80619 0.822119 0.750994 0.865278 
0111 0.0998033	0.91146 1.00819 1.09879 1.11941 1.1194 1.08038 1.0054 0.866603 1.19649 1.01378 
0112 0.0663717	2.04002 1.1005 1.13735 0.945963 1.05595 1.25527 1.15379 1.08003 0.944368 1.04473 
0113 0.0555556	1.15877 0.98293 1.25584 0.901357 1.23006 1.11175 1.20916 0.946577 1.37015 1.20389 
0114 0.193215	1.08636 1.05567 0.913138 0.999505 0.991328 0.949669 0.835794 1.13078 0.783806 0.930657 
0115 0.0943953	0.843584 0.960969 1.10441 1.05558 1.05128 0.926589 0.872648 0.862983 1.13074 1.03039 
0116 0.158309	1.42019 1.17062 1.09069 0.95775 1.09106 0.987436 1.15098 0.765396 1.11842 1.00728 
0117 0.10177	0.93431 0.94373 1.08561 1.16502 0.973716 1.01393 1.0551 1.1661 0.937767 0.934913 
0120 0.135922	0.967107 0.97578 1.00511 1.00489 0.973627 1.10793 1.01101 0.96957 0.907313 1.03534 
0121 0.0796117	0.925871 0.999218 1.1708 1.06351 1.21714 0.888451 1.11725 1.01575 1.55498 1.38659 
0122 0.130097	0.839427 0.910872 0.871685 0.842247 0.860705 1.00666 0.815052 1.01626 0.699182 0.897742 
0123 0.0728155	1.65059 1.12986 1.14245 1.00154 1.10561 1.05096 1.22632 1.14673 1.21484 1.28631 
0124 0.0757282	1.61711 1.05192 1.01256 0.924135 0.824814 1.18035 0.963038 1.27832 0.664667 0.960834 
0125 0.117476	1.39472 0.991297 0.98555 0.925719 1.05323 0.983447 1.07502 1.04832 1.04153 1.1862 
0126 0.204854	0.828222 0.959636 1.02534 0.956038 1.03953 0.858867 0.990758 0.773826 1.16119 1.22425 
0127 0.183495	0.938409 0.915182 0.920381 0.887503 0.899384 0.827351 0.830146 1.11936 0.723869 0.873449 
0130 0.158915	0.87803 0.977095 1.15229 1.0735 0.956063 1.21984 1.07337 1.25992 1.03463 1.09868 
0131 0.182817	1.18693 0.871407 0.928467 0.973586 0.89153 1.17136 0.995266 0.800436 1.00408 0.808612 
0132 0.0645995	1.95594 1.13162 0.988417 0.986033 0.901341 1.28551 1.0952 1.07705 0.940116 0.991443 
0133 0.0581395	1.8705 1.17976 1.37534 1.11113 1.00648 1.50984 1.38139 1.31162 1.2433 1.10671 
0134 0.180879	0.763404 0.880115 0.974254 0.907617 0.942796 1.01309 0.998184 0.860242 0.927273 0.892148 
0135 0.103359	0.682383 0.944881 1.04675 1.02584 1.03873 1.15777 1.00345 0.828413 1.38926 1.11704 
0136 0.193152	0.885364 0.955013 0.860164 1.02922 0.804124 1.0086 0.843343 1.11134 0.616978 0.852961 
0137 0.0581395	1.16025 1.03816 1.25005 1.07903 1.19108 1.22003 1.38006 0.839174 1.59567 1.1792 
0140 0.0684122	0.885122 0.833255 0.966319 0.984179 1.01702 0.928955 0.991767 0.603916 1.24524 0.791948 
0141 0.0684122	0.897385 0.983376 0.810008 0.961889 0.882951 0.859402 0.862781 0.839639 0.714519 0.68907 
0142 0.0472973	2.07363 0.882959 0.941818 0.936794 0.900738 1.14582 1.10857 0.891428 0.856638 0.931126 
0143 0.188345	0.789713 0.900681 0.995849 1.08888 0.876045 0.876118 0.910297 1.15197 0.884037 0.831572 
0144 0.231419	1.2309 1.02624 1.21287 1.04982 1.13063 1.09408 1.23111 1.08834 1.42188 0.943023 
0145 0.0971284	1.40436 0.833565 0.922057 0.813167 0.798262 1.0637 0.989033 1.04121 0.763545 0.747481 
0146 0.110642	0.799444 0.891611 1.14888 0.934746 1.12346 1.01157 1.03247 0.849153 1.30012 0.962485 
0147 0.188345	1.32701 0.977265 1.04926 0.977234 1.01876 1.11064 0.999386 0.942282 0.99069 0.918235 
0150 0.146086	0.972291 1.12342 1.19965 0.983215 1.06705 1.05996 1.27591 1.13808 1.4937 1.29917 
0151 0.158192	1.02821 1.03243 0.923326 0.855513 0.953282 0.927315 0.927916 1.0682 0.769517 0.992282 
0152 0.08636	1.22244 1.19384 1.04644 0.970829 1.06426 1.07595 1.2133 0.864486 1.2561 1.03415 
0153 0.0920097	1.72925 1.23059 1.1893 0.852604 1.01708 1.09995 1.27209 1.44426 1.06375 1.16826 
0154 0.10573	0.773132 0.948472 1.08091 0.951731 1.05416 0.799177 0.908527 0.873748 1.29218 1.11809 
0155 0.175948	0.905606 1.08539 1.00457 0.789089 1.01717 0.85494 0.810502 0.966505 1.01352 1.02891 
0156 0.133172	1.14996 1.01906 0.951406 0.807876 0.91197 1.05821 1.06233 0.889884 0.890378 0.909029 
0157 0.102502	0.68692 0.850448 0.834569 0.845149 0.760828 0.825993 0.737956 1.00792 0.648825 0.94121 
0160 0.127378	1.15732 1.15358 1.28268 1.04762 1.09552 1.15681 1.27531 1.05668 1.41926 1.12448 
0161 0.170802	1.43186 1.09165 0.868682 0.911956 0.938848 1.0045 1.0467 0.932324 0.862551 0.995223 
0162 0.08933	1.04927 1.03405 1.06924 0.967946 1.10263 0.960921 1.16098 0.810385 1.30801 1.12152 
0163 0.0587262	0.740959 1.12798 1.23541 0.894089 1.24071 0.918679 1.0013 0.816336 1.76676 1.2542 
0164 0.195203	0.722714 1.07538 0.948238 0.901361 1.02223 0.934416 0.866248 0.899198 1.02449 1.07459 
0165 0.162117	0.885804 1.09781 0.768583 0.91242 0.858892 0.839041 0.782955 0.944016 0.688267 0.933077 
0166 0.11952	1.39772 1.13079 1.03672 1.0913 0.944891 0.983912 0.985712 1.43021 0.861663 0.964059 
0167 0.0769231	0.896481 1.21489 1.1569 0.981259 1.06123 1.07531 0.990151 1.14224 1.11847 1.18858 
0170 0.256236	0.852967 0.951429 0.995669 0.896523 1.02209 0.880554 0.994586 0.904997 1.15117 0.99382 
0171 0.0597128	0.870088 1.03291 1.0374 1.04079 0.97628 1.03498 1.03553 1.39185 0.905502 0.966464 
0172 0.0710506	1.15506 0.914338 0.823046 0.883829 0.862065 0.913027 0.814528 1.04731 0.654942 0.791256 
0173 0.0612245	1.95495 1.00974 1.18258 1.05702 1.04223 1.20777 1.38026 1.12114 1.33661 1.15242 
0174 0.0604686	0.782072 0.968628 0.875469 0.822812 0.995701 0.74572 0.891296 0.916329 0.83761 0.869092 
0175 0.111867	0.926474 0.942792 1.12677 0.967236 1.14985 0.904517 1.2618 0.9857 1.48389 1.06693 
0176 0.232804	1.41359 0.878268 0.977647 1.0202 0.841225 0.994763 0.960932 1.04088 0.794142 1.01866 
0177 0.146636	1.48919 0.983911 1.10512 0.96461 0.92604 1.13591 1.15362 1.19955 0.983226 1.07945 
1000 0.105183	1.87232 1.07061 0.989178 0.968551 0.912911 1.24014 1.15896 1.27979 0.789458 1.06688 
1001 0.0990854	1.09352 1.11748 0.999149 1.07094 1.09048 0.865532 1.1202 0.805367 1.41743 1.17179 
1002 0.0884146	1.02465 1.06807 1.02228 0.937725 1.05261 1.07381 1.08291 0.951787 0.987448 1.04559 
1003 0.166159	0.80411 1.10134 0.933141 0.933978 0.989925 0.904583 0.879205 0.767076 0.910341 1.00667 
1004 0.256098	0.69093 0.950712 1.0428 1.02091 1.14393 1.00577 1.05245 0.900251 1.34904 1.03304 
1005 0.0594512	0.780276 1.09888 0.925646 1.04734 0.990163 0.949973 1.00263 1.28435 0.910519 1.01137 
1006 0.158537	0.520777 0.857887 0.881352 0.842565 0.90549 0.834905 0.754612 0.933833 0.737556 0.827856 
1007 0.0670732	0.883593 1.03717 0.888401 0.945784 0.961065 0.881593 0.958363 1.15113 0.728161 0.874232 
1010 0.165345	2.0901 1.08814 0.981689 0.986561 1.01185 1.10002 1.11416 1.12305 0.827077 0.958955 
1011 0.1057	1.07999 0.99155 1.06336 1.09777 1.01903 0.991075 0.884856 1.25929 0.86736 0.895203 
1012 0.106833	0.850311 1.06195 1.02194 1.09998 1.11655 1.00333 0.884519 1.03207 1.21208 1.01497 
1013 0.0607777	0.765197 0.965884 0.962329 0.944454 1.03639 0.895019 0.891758 0.681999 1.1564 0.924763 
1014 0.0860702	1.98159 1.14492 1.15881 1.1568 1.18277 1.18966 1.3807 0.933659 1.55285 1.25964 
1015 0.219328	0.934603 0.943674 0.904829 0.969736 0.859362 1.00146 0.848776 0.973906 0.701438 0.886394 
1016 0.0702152	0.880804 0.993061 1.1125 1.01407 1.31357 0.988569 1.00494 0.720382 1.56591 0.982225 
1017 0.18573	1.30451 1.0671 0.96634 1.10631 1.1022 1.09985 1.1012 0.911834 1.08056 1.03934 
1020 0.0670732	1.99194 1.16817 1.13234 1.17279 0.985749 1.20924 1.29549 1.32142 1.04361 1.28278 
1021 0.108232	0.832559 0.813815 0.811661 0.934463 0.946478 0.956115 0.761867 0.81482 0.845386 0.912942 
1022 0.26753	1.00702 0.904962 0.969985 1.06704 0.973861 1.07088 0.945405 1.08515 0.979691 0.940047 
1023 0.137957	1.41237 1.13383 1.02932 1.00606 1.12731 1.13782 1.1632 0.953534 1.13809 1.10644 
1024 0.09375	0.714988 0.927972 0.997786 1.05915 1.07324 0.99745 0.967568 0.871073 1.29779 1.07204 
1025 0.121951	0.835198 0.833574 0.821405 0.943741 0.790104 0.987945 0.81788 1.20837 0.607517 0.797788 
1026 0.125762	1.45602 1.05615 0.893713 1.06175 0.880302 1.01694 0.962444 1.30053 0.668097 0.912278 
1027 0.0777439	1.22 1.11549 1.19791 1.18374 1.04633 1.25786 1.11693 1.23939 1.20706 1.16304 
1030 0.0534819	1.6056 1.10707 1.11662 1.24177 1.14803 1.15717 1.23472 0.976961 1.38396 1.15174 
1031 0.221727	0.89455 0.950714 1.01029 0.933206 0.924886 1.16848 1.02496 0.885878 1.02202 0.925395 
1032 0.0534819	0.667397 0.977162 0.84531 1.06635 0.931534 0.854994 0.999249 0.952857 1.00629 1.21718 
1033 0.21727	1.10805 1.03969 0.940314 1.11503 0.93906 1.06697 0.877025 1.26369 0.718409 0.957755 
1034 0.0707521	1.39348 1.1016 0.945616 1.02398 0.960753 1.05984 0.986624 1.0004 0.938402 1.07396 
1035 0.0629526	0.685956 1.16812 1.16656 1.08642 1.24685 1.08694 0.977745 1.10028 1.15033 1.26627 
1036 0.103621	1.07637 1.13206 1.16435 1.0712 1.15631 1.24543 1.26797 0.948888 1.61553 1.25416 
1037 0.216713	0.766893 1.05822 0.903868 1.0918 1.06721 0.908413 0.874433 0.999497 1.02079 1.01454 
1040 0.102853	0.794966 0.81883 0.845172 1.0309 0.94342 0.827978 0.862592 0.826984 0.880021 0.819321 
1041 0.25976	0.827654 0.870709 0.952154 0.975767 0.940687 0.970127 0.884594 1.1004 0.800998 0.924931 
1042 0.0863363	0.867773 0.944467 0.981258 1.12986 0.980431 0.880726 1.05147 1.38346 0.790191 1.03139 
1043 0.164414	0.678892 0.861491 1.02152 0.941955 1.14644 0.901897 1.03824 0.921268 1.49158 1.01211 
1044 0.0855856	1.14652 0.980751 1.13189 1.13999 0.932346 0.959482 1.15472 1.39307 1.12914 1.1276 
1045 0.0683183	0.906652 0.922656 1.05766 0.957676 0.96468 1.21163 1.12763 0.920145 1.03458 0.943774 
1046 0.149399	1.01064 0.946688 0.994107 1.05888 1.02529 1.03825 1.08449 1.13187 0.968537 1.04409 
1047 0.0833333	0.975808 0.938493 1.13291 1.11078 1.00726 1.1304 1.36565 1.02128 1.3008 1.23515 
1050 0.194776	1.24118 1.28736 0.972829 1.01286 1.10086 0.900715 1.24096 1.05629 1.16209 1.07089 
1051 0.220149	0.802068 0.921408 0.893016 1.06001 1.04266 1.06604 0.939649 0.830498 1.02471 0.88766 
1052 0.0701493	1.25833 1.09894 1.32351 1.13616 1.10514 1.32922 1.31317 0.973595 1.55425 1.1362 
1053 0.126119	1.06769 0.988598 1.03709 1.1252 0.850874 1.04795 1.0131 1.32679 0.71892 0.973969 
1054 0.198507	0.943757 0.96614 0.917993 0.970347 0.973241 1.12409 1.03906 0.978053 0.868924 0.926653 
1055 0.0522388	2.11505 1.24443 0.999609 1.0446 1.02249 1.22154 1.12818 1.09995 0.936384 1.10518 
1056 0.0559701	0.642021 0.940972 0.747834 0.984141 0.917706 0.878237 0.757106 0.981966 0.691752 0.754204 
1057 0.0820896	0.755753 0.942568 1.13509 1.10274 1.21583 1.10898 1.18867 1.03593 1.44655 1.12823 
1060 0.117403	1.48721 1.02236 0.967574 0.924616 0.84449 1.10441 0.967764 1.27852 0.606419 0.888332 
1061 0.118785	1.16083 1.05108 0.901759 0.950552 1.02054 1.03346 1.00307 0.827902 0.807665 0.937439 
1062 0.140884	0.874014 0.990278 1.21846 1.11551 1.17494 1.13053 1.09259 0.973553 1.18625 1.0421 
1063 0.233425	1.32261 1.14381 1.14645 1.11326 1.01162 1.17569 1.1538 1.23497 1.01948 1.28865 
1064 0.0732044	1.05859 0.979662 1.25422 0.943417 1.14516 1.18993 1.26277 0.820108 1.60814 1.1369 
1065 0.133978	0.844806 0.877897 0.970252 0.947241 0.943527 0.920207 0.837037 0.984013 0.89499 0.932158 
1066 0.0856354	0.726036 0.961881 0.919828 0.944267 0.85436 0.943949 0.784614 1.39909 0.626946 0.93217 
1067 0.0966851	0.619841 1.02761 0.952088 0.955638 0.939426 1.05599 0.832267 1.01507 0.715812 1.06007 
1070 0.167841	1.20107 1.05692 0.875228 0.9634 0.802287 0.870253 0.895782 1.16736 0.533705 0.827515 
1071 0.0762332	0.906771 0.981548 1.16639 0.969149 0.929623 1.12722 0.914046 1.08506 1.03375 1.08101 
1072 0.120436	1.61641 1.12503 1.1978 1.05519 1.10183 1.34503 1.2731 1.01121 1.21282 1.01302 
1073 0.116592	0.547764 0.900834 0.846558 0.918577 0.885271 0.786239 0.71756 0.864538 0.726525 0.874836 
1074 0.27098	1.12228 1.03164 0.958219 0.955763 0.929944 0.937204 1.09117 0.895065 0.939542 0.963521 
1075 0.0922486	0.793574 1.06385 1.14476 0.985023 1.13973 0.921864 1.09294 0.888223 1.50888 1.20238 
1076 0.058296	0.600949 1.03044 1.03058 0.904097 1.00955 1.15838 1.01354 0.730713 1.22587 1.02605 
1077 0.0973735	0.712536 0.888606 1.09397 1.08738 0.883262 0.998159 0.960341 1.20239 0.85884 0.869141 
1100 0.181537	0.710178 1.049 1.00008 0.926384 1.11019 0.968575 0.986327 0.865583 1.13268 1.00653 
1101 0.125091	1.09779 1.06307 1.19567 0.971075 1.10871 1.21854 1.03047 1.2695 1.13643 1.07809 
1102 0.0457028	1.35839 1.26796 1.20185 0.982678 1.32344 1.18667 1.48625 1.00567 1.58844 1.24982 
1103 0.114348	0.732636 0.943549 0.912942 0.959723 0.929967 0.891397 0.78784 1.23965 0.729481 0.746518 
1104 0.141843	1.36281 1.15322 1.06748 1.10078 1.05316 1.06417 1.11786 1.07864 1.04997 1.07578 
1105 0.117079	1.02797 0.87529 0.862876 0.872331 0.890913 1.01269 0.817779 1.10182 0.703455 0.79445 
1106 0.195921	1.05326 1.04303 0.947408 0.91648 1.01206 1.03262 1.05626 1.00231 0.905649 0.861901 
1107 0.0784778	0.736778 1.05039 1.1417 0.948542 1.11758 1.2305 1.11032 1.04306 1.5208 1.08649 
1110 0.0661998	1.14193 1.05691 0.95919 0.929169 0.908368 0.938142 0.953918 1.17316 0.834912 0.853725 
1111 0.102385	1.88013 1.04353 1.15782 1.11871 1.04927 1.12475 1.21815 1.10925 1.22721 0.995957 
1112 0.152743	1.03924 0.961415 1.01942 0.982555 0.986024 0.937335 0.916904 0.964847 0.870174 0.933775 
1113 0.121894	0.841497 0.979442 1.088 1.06081 1.10823 0.88887 0.964163 1.16028 1.19189 1.19654 
1114 0.105219	1.02302 1.09509 1.31491 1.09966 1.10282 0.962216 1.22864 1.27024 1.40751 1.17961 
1115 0.157079	0.584087 0.878529 0.94725 0.833347 0.974015 0.766843 0.835442 0.90989 1.03296 0.885666 
1116 0.207771	1.41209 1.07174 0.984641 0.978141 0.969717 0.992132 1.1074 1.13952 1.05467 0.975404 
1117 0.08671	0.698763 0.929389 1.11946 0.922335 0.951011 1.05677 0.849471 1.07774 0.895575 0.879537 
1120 0.196924	1.24464 0.987592 0.941943 0.869965 0.9788 1.01748 1.07598 0.902863 0.959098 1.02243 
1121 0.0406482	0.905 1.0836 1.19538 1.14886 1.08348 1.19373 1.39383 1.22739 1.42418 1.08841 
1122 0.153804	0.829311 0.945721 0.742599 0.885456 0.873993 0.816711 0.813423 0.809804 0.817033 0.835903 
1123 0.0975007	0.918226 1.10052 1.05296 1.0336 1.10265 1.04958 1.09332 0.822376 1.51276 1.13306 
1124 0.111233	0.609314 0.89681 1.08726 0.962822 0.996549 0.983962 0.96759 0.828202 1.29902 0.936301 
1125 0.157374	1.40632 1.07493 1.03123 1.04194 0.916621 1.19825 1.18963 1.35763 0.928662 0.990885 
1126 0.0450426	1.903 1.12185 1.05414 0.867071 0.963972 1.24543 1.28444 0.98339 1.18418 1.09592 
1127 0.197473	0.82896 0.954452 0.914055 1.08243 0.953147 0.979867 1.06019 1.28638 0.808856 0.935305 
1130 0.13237	0.983184 1.05355 1.17417 1.03133 1.01721 1.04159 1.02031 1.10398 1.1075 1.06022 
1131 0.10467	1.41523 1.10819 0.935579 0.958902 0.937004 0.96378 1.00809 1.19203 0.705213 0.916731 
1132 0.247527	1.11147 0.995496 0.96505 0.94682 0.975537 0.963733 1.01085 0.965413 0.868063 0.9995 
1133 0.0825089	1.51489 1.08255 0.978434 0.894563 1.03607 0.861621 1.05411 0.912005 1.0868 1.06753 
1134 0.110012	0.699745 1.14033 1.12299 0.971281 1.20839 1.02106 1.02133 0.884237 1.50939 1.22319 
1135 0.0662841	0.616601 0.864765 0.922218 0.899543 0.902495 0.885286 0.761727 0.909015 0.883258 0.86652 
1136 0.108825	0.89488 0.979191 0.9788 0.97875 0.910024 0.933178 0.801381 1.2376 0.798994 1.01973 
1137 0.147804	1.23498 1.15194 1.06359 1.14324 1.09797 1.06043 1.35112 1.03732 1.27679 1.17022 
1140 0.210944	0.584849 0.857125 1.07767 0.957532 1.12776 0.907146 1.00397 0.84144 1.39288 0.966186 
1141 0.230009	0.975677 0.977554 1.11238 1.04001 1.04681 1.13804 1.17209 1.04101 1.2072 1.09451 
1142 0.101677	1.00119 0.913467 0.83821 0.906628 0.876062 0.913629 0.916693 0.977271 0.725167 0.84649 
1143 0.0863195	0.637007 0.943019 1.06849 1.03635 1.07142 0.904636 0.836576 1.09366 1.04105 0.941561 
1144 0.070256	0.905774 0.890656 1.02089 1.02909 0.944887 1.10206 0.849228 1.22525 0.798244 0.858183 
1145 0.0969109	1.3246 1.01189 0.917745 1.00715 0.862519 1.15104 0.981538 1.29725 0.732011 0.978376 
1146 0.0656664	1.75091 1.13309 1.00216 1.09124 0.975255 1.07306 1.24203 1.14491 0.954177 1.06939 
1147 0.138217	0.767926 0.856307 0.879464 0.894712 0.914809 0.7991 0.792987 0.922822 0.84484 0.892067 
1150 0.261458	1.05082 1.06476 1.1613 1.06483 0.998307 1.10916 1.11793 0.937938 1.27829 1.15333 
1151 0.107542	1.86664 1.17825 1.09082 1.0576 1.04346 1.09103 1.29992 1.08843 1.10241 1.19872 
1152 0.11079	0.83202 1.03881 1.00154 1.12825 1.01899 0.952309 1.14212 0.776884 1.30918 1.03107 
1153 0.0571996	1.42086 1.03714 1.01721 0.966471 1.02395 1.03498 1.13597 0.728648 1.00913 1.08247 
1154 0.197221	0.521047 0.905291 1.00859 1.04929 0.946849 0.861992 0.857796 1.03421 0.92638 0.898157 
1155 0.0739805	0.871636 1.01833 1.16248 1.13385 0.919274 1.11549 1.11405 1.37886 0.833508 0.926221 
1156 0.0792133	1.03323 0.967016 0.875546 0.980667 0.934491 0.832932 0.882268 0.86718 0.795349 0.959157 
1157 0.112595	1.25105 0.928884 1.06482 1.12182 0.840075 0.996606 0.919211 1.1318 0.798743 0.91872 
1160 0.0800769	0.477837 1.12472 1.13029 1.10635 1.32072 0.855753 1.00613 0.734106 1.78389 1.17818 
1161 0.195601	1.04697 1.06049 1.15219 0.974637 1.14212 1.09196 1.06238 1.02198 1.3072 1.20092 
1162 0.0668375	0.779106 1.14381 1.0165 0.979119 1.09569 1.05282 1.204 0.837466 1.15695 0.869773 
1163 0.185992	1.23135 1.02444 0.797142 0.933498 0.90953 0.864443 0.888887 0.956955 0.761764 0.856769 
1164 0.152039	1.71736 1.15955 1.04271 1.00861 0.896865 1.25772 1.01885 1.29216 0.867959 0.988448 
1165 0.195601	0.67219 1.04256 0.987527 0.968337 1.02501 0.959716 0.897052 1.01937 0.964302 0.966239 
1166 0.0798633	0.8043 0.902702 0.860691 0.830727 0.899416 0.891375 0.766211 1.0606 0.676484 0.835686 
1167 0.0439889	0.595823 1.01603 0.959208 0.894831 1.17421 0.76062 0.85271 0.682806 1.30271 1.04971 
1170 0.192636	0.716073 0.917618 0.951485 1.01115 0.920524 0.930938 0.879464 1.14295 0.901344 1.04411 
1171 0.0433925	0.904902 0.988191 1.16434 1.12699 1.24941 0.976435 1.11807 1.01283 1.70663 1.5672 
1172 0.133465	1.25514 0.978834 0.828734 0.945454 0.865392 1.02769 0.968043 1.13471 0.671789 1.02831 
1173 0.131492	1.21366 1.04395 0.986364 0.986922 0.971061 1.08306 1.13593 1.13474 1.01672 1.17489 
1174 0.175542	0.807463 0.841554 0.976398 0.985863 1.03791 0.940763 0.929324 0.888689 1.09765 1.12375 
1175 0.125575	1.47455 1.00828 1.05453 1.30692 1.10388 1.11352 1.30277 1.11732 1.26098 1.28941 
1176 0.0571992	1.56487 0.940609 1.06777 0.987045 0.908034 1.0324 1.09008 1.51762 0.716765 1.02097 
1177 0.140697	0.816847 0.90966 0.958162 0.95138 1.06653 0.815345 1.03228 0.94946 1.24087 1.26487 
BOUNDS
LWPS R    0.0  0.0  0.0  0.0  0.0  0.0  0.0  0.0  0.0  0.0
UWPS R    0.5  0.5  0.5  0.5  0.5  0.5  0.5  0.5  0.5  0.5
LXAS R   -0.5 -0.5 -0.5 -0.5 -0.5 -0.5 -0.5 -0.5 -0.5 -0.5
UXAS R    0.5  0.5  0.5  0.5  0.5  0.5  0.5  0.5  0.5  0.5
END
