NAME moment_estimations_cluster
ASSETS 10
BENCHMARKS 0.1 0.1 0.1 0.1 0.1 0.1 0.1 0.1 0.1 0.1 
COVARIANCES
0 0 0.0757977
1 0 0.0114526
1 1 0.00452664
2 0 0.00543427
2 1 0.00373495
2 2 0.0109305
3 0 0.0047071
3 1 0.00199041
3 2 0.0042338
3 3 0.0051937
4 0 7.25885e-05
4 1 0.0032888
4 2 0.00694956
4 3 0.00246928
4 4 0.00873026
5 0 0.0155167
5 1 0.00392487
5 2 0.00683858
5 3 0.00256657
5 4 0.00239702
5 5 0.0108683
6 0 0.0212523
6 1 0.00668346
6 2 0.0102336
6 3 0.00521074
6 4 0.0082079
6 5 0.00909791
6 6 0.0188321
7 0 0.0130166
7 1 0.00123871
7 2 0.00193807
7 3 0.00457248
7 4 -0.00547526
7 5 0.00385561
7 6 -0.000460657
7 7 0.0240969
8 0 0.000151843
8 1 0.00731503
8 2 0.0192141
8 3 0.00617826
8 4 0.0209206
8 5 0.00704465
8 6 0.0224203
8 7 -0.0151635
8 8 0.0564055
9 0 0.0101753
9 1 0.00533713
9 2 0.0093216
9 3 0.00457921
9 4 0.00874908
9 5 0.00457936
9 6 0.0124476
9 7 -0.000447275
9 8 0.0225866
9 9 0.0136741
SCENARIOS
0 0.42503	1.23422 1.05395 1.08639 1.04846 1.05791 1.04204 1.12732 1.09722 1.16399 1.07653 
1 0.57497	0.905894 0.924626 0.950003 0.963768 0.964701 0.968115 0.914394 0.96101 0.93744 0.938091 
00 0.319083	0.941588 1.08832 1.13509 0.9865 1.12808 1.08533 1.15908 0.879024 1.40403 1.17878 
01 0.680917	1.0137 0.950611 0.94671 0.939971 0.9016 0.983585 0.939484 1.04006 0.863031 0.883621 
10 0.352818	0.989032 1.13097 1.08963 1.04818 1.19674 1.03684 1.14282 0.864266 1.4383 1.15934 
11 0.647182	1.06671 0.977295 0.988748 1.00968 0.927622 0.937244 0.959806 1.10986 0.880872 0.929684 
000 0.202109	0.961376 0.958442 0.95987 1.05196 1.02636 0.932175 1.01264 0.926535 1.05272 1.07005 
001 0.0466008	0.864108 0.966266 1.09894 1.17918 1.05796 0.989171 0.921346 1.16682 1.04035 1.05643 
002 0.133535	1.4728 1.03068 1.19172 1.08359 1.14575 1.05383 1.30761 0.929091 1.55483 1.29267 
003 0.0959298	1.84799 1.01988 0.998203 0.993937 0.97517 1.085 1.02824 1.19775 0.772171 0.994 
004 0.194219	0.953461 0.910935 0.902112 1.01223 0.883661 0.903631 0.829595 1.02178 0.731255 0.832333 
005 0.0619378	0.534748 0.8536 0.889414 1.05154 1.03105 0.813837 0.816523 0.689589 1.11842 0.985659 
006 0.148061	1.00478 0.917513 1.00807 1.16793 0.967838 1.05123 0.960427 1.16791 0.873087 0.931041 
007 0.117608	0.838682 0.939931 1.03802 1.08723 1.09306 1.06808 1.0591 0.827396 1.4005 1.08394 
010 0.104903	1.96571 1.08977 0.976142 1.11476 0.992017 1.13152 1.17043 1.17534 0.82533 1.01423 
011 0.15808	0.599005 0.966388 0.828385 0.972294 0.931185 0.913112 0.789934 0.916634 0.697226 0.824532 
012 0.0858298	1.35201 1.19492 1.21187 1.20114 1.1331 1.21912 1.40837 0.939436 1.43617 1.27589 
013 0.0829273	1.2314 1.10324 1.02812 0.919903 1.14029 1.04061 1.13108 0.716127 1.3063 1.18211 
014 0.114232	0.721813 1.04199 1.16531 1.12056 1.18459 1.07196 1.03907 0.951362 1.38148 1.18301 
015 0.0834456	1.27609 0.984852 0.879399 1.00952 0.873946 0.972762 0.897598 1.07014 0.684079 0.928394 
016 0.272244	1.03912 1.02748 1.0108 1.02289 1.04625 0.994758 0.997959 0.95881 1.0383 1.04384 
017 0.098338	1.0323 0.994943 1.13198 1.15491 0.958968 1.16958 0.971334 1.45388 0.791077 1.09315 
100 0.0581189	0.784259 0.993788 1.22673 1.09708 1.24318 0.966014 1.23605 0.777234 1.7905 1.27863 
101 0.195554	0.688091 0.866538 0.897615 0.934585 0.901151 0.818597 0.808087 0.92704 0.747158 0.812791 
102 0.190821	1.16327 0.947614 1.12095 1.07836 0.979256 1.08783 1.10977 1.18125 1.01294 1.1439 
103 0.0661047	1.84292 0.991712 0.88079 0.937106 0.864673 1.00089 1.07445 1.17479 0.715624 0.955965 
104 0.188554	0.64421 0.88507 0.989384 0.998059 1.02801 0.788664 0.906296 0.895382 1.18183 0.964732 
105 0.0676329	1.00365 0.950924 0.820502 0.99766 0.814006 0.980108 0.862808 1.27854 0.612511 0.820685 
106 0.103865	1.60711 1.06349 1.14528 1.04974 1.07869 1.06419 1.24478 1.05033 1.31227 1.29659 
107 0.12935	0.8499 0.983117 0.986936 0.977911 0.975133 0.911609 1.01701 0.943659 1.0123 1.01427 
110 0.0548225	1.91816 1.18562 0.972657 1.02808 0.954992 1.13212 1.14026 1.34588 0.757178 0.965429 
111 0.121496	1.67894 1.16049 0.910248 1.0082 1.09544 1.13667 1.15588 0.942781 0.936674 1.05591 
112 0.0958856	1.11726 1.12296 1.03119 1.00345 1.00903 1.1764 1.00834 1.107 0.881385 0.97913 
113 0.197657	0.744222 0.996334 0.82424 0.900541 0.985873 0.877508 0.87136 0.822254 0.865803 0.943343 
114 0.198302	0.646532 1.08523 1.00967 0.995147 1.05553 0.998454 0.895613 1.00406 1.07898 1.10241 
115 0.0527532	0.734058 0.931166 0.772813 0.900942 0.815875 0.880989 0.747317 1.10915 0.567806 0.808249 
116 0.0589073	0.96856 1.10963 0.974651 1.0755 0.960566 1.02968 0.920466 1.54374 0.770194 1.00825 
117 0.220177	1.18402 1.17079 1.1951 1.0476 1.16874 1.15853 1.25272 0.951637 1.443 1.21359 
0000 0.169646	1.07706 1.05441 1.042 0.98105 1.07297 1.16976 1.10531 0.828294 1.21948 0.954393 
0001 0.0820868	0.898347 0.942023 0.875046 0.983157 0.909155 1.13473 0.840691 1.04155 0.726715 0.834308 
0002 0.0689529	0.546369 0.860002 0.823089 0.894526 0.866598 0.822026 0.772841 0.845381 0.734316 0.761638 
0003 0.169646	0.646695 0.964554 1.09523 1.02591 1.07417 1.0437 0.9206 0.936624 1.12689 1.01778 
0004 0.12988	1.64233 0.928511 0.948929 0.945001 0.917039 1.08091 1.01451 1.05861 0.806849 0.854424 
0005 0.205399	1.49513 1.06837 1.23285 1.00634 1.14038 1.20045 1.20333 1.11071 1.28401 1.16871 
0006 0.124042	0.994428 0.992626 1.06429 0.928569 0.914665 0.943898 0.883809 1.21629 0.922373 0.954925 
0007 0.0503466	0.787666 0.961615 0.943571 0.894654 0.978046 0.989577 0.823875 0.676713 0.953395 0.750624 
0010 0.0791139	0.7533 0.920191 1.11009 0.912388 1.09556 1.01855 0.95592 0.854634 1.46197 0.975688 
0011 0.185127	0.929198 0.923711 0.864495 0.982816 0.886838 0.83671 0.922225 1.00593 0.843403 0.857303 
0012 0.0727848	0.846032 0.801471 1.08267 0.962779 0.920503 1.0074 0.9865 1.11464 1.04908 0.874657 
0013 0.085443	1.98166 1.0497 1.00619 1.03145 0.960205 1.03508 1.03308 1.22114 0.914993 0.969694 
0014 0.0791139	1.13132 1.07229 1.12498 1.06553 1.15013 0.978147 1.22825 0.976281 1.58346 1.00268 
0015 0.0996835	1.19454 1.09712 1.20425 1.03875 1.1218 1.18728 1.2491 1.12844 1.21245 1.14332 
0016 0.200949	1.32302 0.936181 0.989885 0.951178 0.930253 1.03117 0.955399 1.37094 0.915651 1.0616 
0017 0.197785	0.635017 0.972267 0.979147 1.08021 1.0136 0.918682 0.877023 0.821641 1.18554 0.923984 
0020 0.284373	1.25533 1.07597 0.8935 1.05886 0.873985 1.1096 0.951817 1.33895 0.731821 0.933547 
0021 0.130315	0.970631 1.03847 1.15041 1.39091 1.13173 1.20214 1.20862 1.24492 1.11009 1.14208 
0022 0.108227	0.913774 1.05168 1.15399 1.13962 1.33426 1.14297 1.15446 0.610442 1.76538 1.11064 
0023 0.0618443	0.335162 0.899802 1.05301 1.02835 1.03022 0.915645 0.830417 0.87754 1.05209 0.92584 
0024 0.124793	0.926421 1.02997 0.943201 1.07063 1.00327 0.970241 0.927452 1.10492 0.967494 0.887468 
0025 0.109332	1.86008 1.11344 1.05484 1.02545 0.997377 1.2032 1.2794 0.888198 1.05509 0.910425 
0026 0.088349	0.928116 0.931712 0.870177 0.964887 0.949916 0.854939 1.00857 1.09825 0.883107 0.990204 
0027 0.0927664	0.752949 0.988847 1.07094 1.11962 1.15826 1.09142 1.06472 0.868656 1.31967 0.981112 
0030 0.119908	0.853454 1.06842 1.06974 1.22399 1.0267 1.15737 1.17419 0.889296 1.39379 1.24324 
0031 0.120676	1.15201 1.04061 0.953005 1.07295 1.00397 0.943177 1.31602 0.73967 1.21683 0.915064 
0032 0.147579	0.76744 0.904297 0.768096 1.03616 0.81131 0.892388 0.760327 0.969878 0.687246 0.835215 
0033 0.104535	1.08101 0.997438 0.904091 0.954637 1.06714 0.94722 0.961015 0.779146 1.07839 1.05239 
0034 0.0914681	1.53884 1.14402 1.10089 1.07575 0.95497 1.04101 1.20005 1.38537 0.968207 1.07149 
0035 0.0691776	2.08724 1.10255 0.955155 1.13894 1.07864 1.31005 1.47563 0.93118 1.34078 1.23212 
0036 0.0760953	1.45631 1.11758 0.83302 1.06471 0.838098 0.928773 0.891619 1.01425 0.81555 0.840026 
0037 0.270561	0.813567 0.892955 0.874029 1.0227 0.837462 0.910206 0.994942 1.10427 0.826246 0.910238 
0040 0.0842825	1.07315 1.09034 1.05296 0.950718 1.21571 1.08367 1.29195 0.917305 1.59025 1.33325 
0041 0.198178	0.56346 0.874204 0.80819 0.924278 0.927692 0.915479 0.839874 1.01092 0.707008 0.845979 
0042 0.22817	1.33872 0.976398 0.888376 0.887683 1.02856 0.954155 0.98026 0.880422 0.980849 1.0237 
0043 0.0694761	0.498787 0.965935 0.88569 0.805059 1.03409 0.823344 0.790174 0.920347 1.04752 1.02712 
0044 0.100987	0.956741 1.02888 0.954278 1.04161 1.0155 0.950388 1.03558 1.19645 1.0708 1.1899 
0045 0.143508	0.735498 1.01475 1.00595 0.978644 1.16847 1.015 0.953362 0.775409 1.37169 1.08267 
0046 0.100607	0.664736 0.880268 0.963359 1.09742 0.988061 1.06101 0.925854 1.1286 0.979667 0.967721 
0047 0.0747912	1.65556 1.13077 0.961337 0.990498 1.08484 1.24151 1.3224 0.771301 1.20423 1.05818 
0050 0.144048	1.32414 0.994634 1.03336 0.937523 0.844901 0.950944 0.982884 1.65091 0.707007 0.909212 
0051 0.0809524	0.849216 1.01246 1.22607 1.00805 1.19205 0.876156 1.30793 0.989229 1.51782 1.14142 
0052 0.0571429	1.90799 1.26593 1.06501 0.920105 1.08763 1.01576 1.15647 1.41895 1.02496 1.08738 
0053 0.0869048	1.29616 1.13442 1.16386 0.997713 1.15297 1.06405 1.09885 0.948588 1.41388 1.00198 
0054 0.182143	1.08484 0.955921 0.864344 0.898005 0.922873 0.820096 0.860781 1.10525 0.683592 0.869523 
0055 0.114286	1.14619 1.02612 1.02044 0.908907 0.962374 1.13288 0.939712 0.942076 0.977232 0.892185 
0056 0.097619	1.00093 0.91971 1.17584 1.04392 1.02416 1.19616 1.20041 1.39225 1.05515 1.03008 
0057 0.236905	0.644108 1.06705 1.03392 0.937201 1.1277 0.963254 0.958886 1.02927 1.12165 0.862191 
0060 0.195219	0.845288 0.877777 0.941817 0.898135 0.96078 1.04917 1.11396 0.816362 1.00526 0.933602 
0061 0.114044	1.25117 1.05304 1.05978 0.906894 0.883385 0.944704 1.03548 1.469 0.74485 0.99684 
0062 0.15239	0.506681 0.84152 0.923218 0.909767 0.888937 0.874826 0.854827 0.872649 0.796682 0.849758 
0063 0.124004	1.11613 1.11241 1.20895 0.97368 1.10357 1.0287 1.14889 0.968343 1.36387 1.0929 
0064 0.0771912	1.80404 1.12739 1.01836 1.01583 0.941315 1.27118 1.21087 1.04368 0.946452 1.11222 
0065 0.12251	0.950861 0.939974 1.09983 0.990777 1.06838 0.925324 0.990644 1.11346 1.18236 0.936982 
0066 0.0542829	1.16403 1.3511 1.2356 1.05672 0.981469 1.18709 1.25156 1.46641 1.13996 1.25373 
0067 0.160359	0.752265 1.10941 1.00461 0.984032 0.862045 0.874098 0.837936 1.24585 0.851167 0.922182 
0070 0.0626959	1.55244 1.11212 1.2333 0.996548 1.01554 1.16295 1.09967 1.21131 0.967316 1.05752 
0071 0.0965517	1.29442 1.02069 1.11205 0.831394 1.06553 1.07135 1.30042 0.813153 1.18201 0.981578 
0072 0.263323	1.17816 0.889934 0.969268 0.934087 0.968053 0.979162 0.954567 1.09097 0.737751 0.888149 
0073 0.0626959	0.871579 1.01612 1.17498 1.13093 1.07354 0.930547 1.12072 1.35515 1.06078 1.31179 
0074 0.0733542	0.908425 1.1752 1.28343 0.934552 1.28697 0.889799 1.07611 0.927262 1.62463 1.31099 
0075 0.0871473	0.802983 1.03862 1.20646 0.866619 1.15985 0.982569 1.11912 0.83403 1.35039 1.08948 
0076 0.15674	0.637478 1.07623 1.04437 0.949892 1.10798 0.752128 0.893281 0.868043 1.15803 1.026 
0077 0.197492	0.748509 0.922893 0.965264 0.866145 1.07225 0.940754 0.906417 0.890707 0.897394 0.984746 
0100 0.0984848	1.10774 1.0611 0.953374 0.963857 0.994249 0.953476 1.03192 0.838954 1.08485 1.14134 
0101 0.0988142	1.53125 1.08888 0.950252 0.974965 1.0074 1.09095 1.02024 1.14851 0.867933 1.10035 
0102 0.181489	0.89036 0.967115 0.90296 1.00049 0.857903 1.03828 0.83524 1.20978 0.631386 0.943758 
0103 0.105072	0.670285 1.03634 1.12686 0.967611 1.03385 1.01547 1.0113 0.853237 1.29525 1.12367 
0104 0.110013	1.22208 1.14038 1.21192 1.01263 1.09997 1.14148 1.26339 0.944546 1.58687 1.51752 
0105 0.0629117	2.1009 1.22849 1.06996 0.898192 1.04094 1.13422 1.23405 1.07866 1.22397 1.43093 
0106 0.107049	0.849317 0.989095 1.11167 1.09499 0.973779 1.14361 1.04262 1.20884 0.935708 1.11614 
0107 0.236166	0.888362 1.06658 0.881553 0.877913 0.923561 0.876591 0.889059 0.892091 0.835662 0.9677 
0110 0.0977049	1.34138 0.971205 0.899455 0.986934 1.02948 0.877242 0.877822 0.765379 1.01163 1.00239 
0111 0.0480874	1.85548 1.00322 1.08487 0.959155 0.904498 1.11634 0.999127 1.2155 0.796427 0.936659 
0112 0.211366	0.869344 0.960224 0.907973 0.9073 0.868961 0.871422 0.802389 0.960768 0.791163 1.07906 
0113 0.0535519	1.30759 1.05779 1.23337 1.13097 1.16237 1.16054 1.25903 1.22625 1.14691 1.23006 
0114 0.124153	1.3068 0.978982 1.06472 1.07936 1.07274 0.918507 1.05776 1.08249 1.10669 1.32359 
0115 0.147104	1.23692 1.00868 1.02347 1.03787 0.957636 0.932324 0.958812 1.5103 0.829859 1.20683 
0116 0.23847	0.838445 0.876109 1.21142 0.975404 1.09741 0.989274 1.03201 0.859817 1.5093 1.25462 
0117 0.0795628	1.81049 1.09906 1.02858 0.943001 0.923851 1.2548 1.19116 0.987752 1.01962 1.19149 
0120 0.155395	0.933869 1.03501 1.09778 0.981934 1.21013 1.06209 1.18621 0.814819 1.65282 1.28115 
0121 0.0917874	0.925763 0.86494 0.835434 0.755535 1.03679 0.808779 0.805929 0.821448 0.856995 0.968269 
0122 0.165056	0.847532 0.910674 0.944211 0.966991 0.944158 1.02995 0.870794 1.11609 0.67827 0.89967 
0123 0.068438	1.17453 1.04235 1.11525 1.11646 1.17233 0.955345 1.17347 1.20058 1.32153 1.34108 
0124 0.150564	1.78132 0.90378 1.03305 1.03961 0.902118 1.10164 1.05274 1.04364 0.891346 0.995199 
0125 0.185588	0.848179 0.874352 1.08118 0.925644 1.1075 0.965721 0.927066 1.11839 1.00675 1.05982 
0126 0.0853462	0.550802 0.886883 0.890114 0.820955 1.05669 0.821622 0.920393 0.753849 1.15238 0.970021 
0127 0.0978261	1.12349 0.979202 0.956084 0.950763 1.16687 0.914681 1.11056 0.790125 1.22664 0.970895 
0130 0.0645833	2.12831 1.35889 1.12005 1.12147 1.18393 1.28956 1.27053 1.14082 1.04976 1.03096 
0131 0.11	0.96738 1.03861 1.15133 1.09347 1.01859 1.15069 0.99399 1.25041 1.03533 1.12477 
0132 0.135	1.45663 1.05123 0.989591 1.19069 1.06612 1.19402 1.17978 1.24183 0.910617 0.975861 
0133 0.128333	1.01875 1.07403 1.01803 1.25253 1.14491 0.969897 1.12005 0.829586 1.41073 1.11494 
0134 0.08125	1.08048 1.01554 1.14127 1.30435 1.09853 1.1251 1.27918 1.2192 1.27172 1.21923 
0135 0.206667	0.555743 0.958539 0.825167 1.05686 1.03158 0.852835 0.845764 0.817442 0.926335 0.856833 
0136 0.162917	0.964368 1.05289 0.925633 1.09683 0.946743 1.05484 0.858798 1.27418 0.779266 0.924837 
0137 0.11125	0.686482 0.978299 1.05356 1.01045 1.03539 0.994879 0.983264 1.11019 0.979776 1.06472 
0140 0.228978	1.06998 1.05095 1.02241 0.992702 0.905582 1.0629 0.99839 1.28631 0.71562 0.929882 
0141 0.077435	0.715877 1.05355 1.15958 1.10248 1.27228 0.961175 1.10238 1.05044 1.46394 1.27372 
0142 0.0970962	0.983672 1.09905 0.99361 1.05871 1.25339 0.881295 1.23689 0.707733 1.5234 1.05859 
0143 0.0650333	0.443478 0.947366 0.799441 0.932944 1.00119 0.761737 0.720849 0.890799 0.831824 0.975776 
0144 0.176044	0.656838 0.917704 0.925068 0.9165 0.946814 0.909893 0.888566 0.946425 0.84485 0.908909 
0145 0.0508167	1.8411 1.26074 1.09538 1.01302 1.0397 1.11965 1.27988 1.16456 1.12239 1.13807 
0146 0.211736	0.847088 1.03828 0.990024 0.985535 1.06266 1.03337 1.05474 0.876091 1.14915 1.10596 
0147 0.0928615	0.785841 0.947378 0.885191 0.97457 0.972877 0.992459 0.890229 0.694882 0.992501 0.971018 
0150 0.109317	0.956656 1.10802 1.0835 0.935682 1.06379 1.14642 1.1125 0.830827 1.18746 1.14888 
0151 0.0886128	0.876753 0.905602 0.908718 0.915956 0.812026 1.04454 0.801333 1.37517 0.559657 0.887049 
0152 0.19793	0.824934 0.960224 0.872146 0.984781 0.937491 1.06198 0.852299 0.982801 0.726581 0.840497 
0153 0.100207	1.65579 1.16868 0.977674 1.00963 0.941824 1.17984 1.17887 0.959928 0.959009 1.06209 
0154 0.134161	0.580738 1.01918 1.04422 0.953515 1.06129 1.16065 0.944115 0.885868 1.07455 1.02206 
0155 0.0865424	0.781446 1.07827 1.14058 1.07248 1.19291 1.11003 1.10684 0.903773 1.51582 1.27688 
0156 0.216563	1.15869 1.15532 1.05432 0.982461 1.05685 1.10985 1.04123 1.08689 0.897446 1.03805 
0157 0.0666667	1.06196 1.00165 1.26705 1.13935 1.0453 1.15272 1.09491 1.18972 1.23122 1.11953 
0160 0.185937	0.740794 0.952355 1.03365 0.993521 1.03533 1.03062 1.05168 0.950301 1.09312 1.06374 
0161 0.110674	0.852102 1.03569 0.963314 0.97373 1.10795 0.93655 1.19606 0.739783 1.30535 1.28238 
0162 0.110039	0.575388 0.932366 0.859961 0.961225 1.01282 0.807003 0.833502 0.800064 0.892433 0.949929 
0163 0.0927783	1.38534 1.05605 0.951316 1.00141 1.02476 1.16342 1.076 0.837781 0.977277 1.06232 
0164 0.196218	1.17634 1.00402 0.862153 1.03414 1.00522 0.883212 0.9854 0.910567 0.850372 0.950817 
0165 0.0813555	0.649641 0.865603 0.856738 0.90069 0.824259 0.880981 0.764756 1.03633 0.699508 0.871467 
0166 0.0417566	0.960138 1.06682 1.25768 1.24285 1.22949 1.20601 1.29654 1.04406 1.65216 1.29545 
0167 0.181241	1.19845 1.05958 1.07766 1.06662 1.01971 1.07306 1.15001 1.24994 0.91219 1.01102 
0170 0.0488405	1.30114 1.13369 0.99632 1.0918 0.957133 1.06066 1.03688 1.47776 0.86838 0.917827 
0171 0.199578	0.864267 0.9592 0.902787 0.972906 0.985389 0.961633 0.873651 1.13244 0.774779 0.855445 
0172 0.0762474	0.5325 0.948813 0.952644 0.916712 0.985997 0.9744 0.877382 0.849103 1.08568 0.941484 
0173 0.161279	1.50018 1.121 1.06528 1.08708 0.929403 1.20258 1.19291 0.969239 1.16676 1.01153 
0174 0.0832748	0.720788 1.1612 1.11132 1.03891 1.13924 1.104 1.10745 1.01319 1.38287 1.10021 
0175 0.1409	0.845037 1.00093 0.894947 0.942023 1.06788 0.874428 0.968841 0.749556 1.10518 1.07707 
0176 0.131413	0.73011 0.933616 0.879064 1.01469 0.940083 0.786231 0.931316 1.00141 0.941363 0.973567 
0177 0.158468	1.29314 0.896499 0.81577 0.946005 0.876294 0.88618 0.944074 1.08202 0.798281 0.857256 
1000 0.101781	1.20046 1.10171 1.08422 0.921105 1.2016 1.03216 1.25686 0.853411 1.69096 1.31942 
1001 0.138253	1.20036 1.01767 0.997546 0.964804 0.972278 1.0844 0.968111 1.17823 0.886505 1.00824 
1002 0.113656	0.846249 1.0098 0.841516 0.857227 1.02624 0.947926 0.83919 0.843978 1.02148 0.868225 
1003 0.101781	0.709662 0.914271 0.862742 0.921479 0.908121 0.93192 0.800225 0.980023 0.826349 0.790104 
1004 0.211196	1.65937 1.13892 1.01605 1.01033 0.955667 1.16115 1.23798 1.2881 1.10376 1.17528 
1005 0.124682	1.18219 1.05344 1.09753 1.04213 1.09636 1.06334 1.09611 0.88644 1.3376 1.11976 
1006 0.086514	1.07009 0.936316 1.0547 0.918115 0.926822 1.07211 0.965847 1.10426 1.11858 0.854359 
1007 0.122137	1.36379 0.976158 0.836336 0.834358 0.879468 0.897241 0.867725 1.08387 0.76571 0.857754 
1010 0.159819	0.970666 1.01002 0.88577 0.937319 0.860119 0.993396 0.843868 1.11791 0.750134 0.936168 
1011 0.075876	1.70113 1.095 1.17694 1.15923 1.09044 1.27018 1.35425 1.04021 1.3954 1.32763 
1012 0.0957903	1.05745 1.08778 1.13262 0.947573 1.12313 0.976026 1.15367 0.848741 1.57704 1.21341 
1013 0.0640282	1.57128 1.02309 0.921857 0.897726 0.88605 0.987468 1.03957 0.985987 0.846427 0.993935 
1014 0.132594	1.25943 1.06302 0.839773 0.865518 0.932063 1.03236 0.971593 0.726217 0.906018 0.881723 
1015 0.154777	0.838747 0.879431 0.935579 1.0295 0.928711 0.925415 0.922932 1.05285 0.937624 0.934084 
1016 0.150239	0.660541 1.11391 0.903573 0.89246 1.02192 0.951561 0.96956 0.789169 1.2222 1.00586 
1017 0.166877	1.12932 1.05895 1.12432 0.991096 1.06081 1.21342 1.02402 1.28793 1.12106 0.990763 
1020 0.179282	0.861664 1.00805 0.939047 0.823538 1.04757 1.00148 0.872945 0.847409 1.00335 0.855646 
1021 0.0712994	1.10892 1.23984 1.18862 1.05195 1.13969 1.06754 1.20957 0.770172 1.59184 1.10849 
1022 0.144924	0.874577 1.00642 0.850624 0.804371 0.864164 0.889495 0.87105 0.947321 0.690291 0.783491 
1023 0.181348	1.22706 1.02885 1.05774 0.883573 1.11368 1.02111 1.03317 0.911962 1.14987 0.996988 
1024 0.0671661	1.81073 1.13154 0.926909 1.00836 0.966232 1.08772 1.20282 0.955827 0.89142 0.83056 
1025 0.197882	1.02374 1.16609 1.00536 1.03906 0.934167 1.03323 0.992665 1.25588 0.915273 0.864219 
1026 0.0601912	0.531965 1.0419 1.10167 1.00799 1.00114 0.874951 0.823361 1.12892 0.993948 0.910011 
1027 0.0979075	0.776587 1.13009 1.16932 1.04012 1.13307 0.982426 0.993407 1.05131 1.35943 1.05735 
1030 0.140194	0.603325 0.989259 0.908006 0.881863 0.977529 0.925256 0.791046 0.853384 0.959564 0.910378 
1031 0.138702	0.958188 0.932449 1.01533 0.969646 0.908233 1.04156 0.884503 0.831624 0.888027 0.954284 
1032 0.113348	0.814487 0.969999 1.01239 1.04332 0.923555 0.894758 0.767149 1.06257 0.820225 0.920973 
1033 0.093214	0.606231 1.03604 1.08838 0.955489 1.12909 1.04068 0.922845 0.722875 1.45533 1.134 
1034 0.190157	1.04102 1.04558 1.12077 1.15961 1.02201 1.09312 1.01194 1.15086 1.01352 1.00268 
1035 0.0991797	1.00975 1.2186 1.30348 1.10688 1.17275 1.05131 1.15412 0.951876 1.44458 1.11179 
1036 0.131991	1.2344 1.03189 1.00741 1.15088 0.995511 1.03869 1.12276 0.760741 1.25701 0.985752 
1037 0.093214	1.4601 0.976017 1.0359 1.00164 0.894667 1.18932 0.933483 1.11795 0.798362 0.911789 
1040 0.0729412	0.797329 1.02549 1.12438 0.928109 1.07914 1.10732 1.02396 0.867764 1.24938 1.0304 
1041 0.139085	0.976006 1.08868 1.02693 1.04958 0.959401 1.19622 0.921468 1.04228 0.861555 1.00799 
1042 0.0658824	0.684995 0.968361 0.923842 0.9166 0.849393 1.04031 0.779507 1.02007 0.694612 0.835122 
1043 0.075817	1.49279 1.14534 1.12852 1.06045 1.04741 1.14234 1.20284 0.956242 1.23324 1.12526 
1044 0.0881046	1.43925 0.97066 1.19578 1.05636 1.23878 1.29365 1.20796 0.80526 1.60526 1.23736 
1045 0.206797	1.55335 1.02039 1.17567 0.958588 0.983773 1.2838 1.2002 1.06197 1.05144 1.11796 
1046 0.158954	0.731503 1.04666 0.911195 0.871796 1.03153 0.936834 0.936159 0.746413 0.964217 1.08564 
1047 0.192418	1.26063 0.885845 0.86197 0.95839 0.83323 0.974276 0.947668 1.04762 0.673362 0.878285 
1050 0.0991254	1.0584 0.927004 0.991718 0.907646 0.921582 0.97034 1.03076 0.910828 0.857702 0.866088 
1051 0.135569	0.902402 0.919822 0.914864 0.795987 0.889565 0.719715 0.834541 0.757585 0.830577 1.00108 
1052 0.108601	1.79359 0.963786 1.15581 1.00057 0.921019 1.14409 1.22551 1.03624 0.882958 1.05915 
1053 0.21793	0.940096 1.02543 1.05847 1.03365 1.06296 0.881203 1.1384 0.88356 1.32554 1.08349 
1054 0.107143	0.851762 0.93185 1.04952 0.968112 0.931496 0.920491 0.976043 1.25448 0.795741 0.903123 
1055 0.0699708	0.811958 1.06868 1.3013 1.08282 1.09493 1.02468 0.979621 1.10349 1.36257 1.21653 
1056 0.0553936	1.45614 1.05236 1.36163 1.19232 1.10702 1.06728 1.34609 1.13393 1.37744 1.26603 
1057 0.206268	0.675236 0.911683 0.936998 0.95557 1.02626 0.852558 0.827583 0.901997 0.881064 0.940488 
1060 0.12672	0.993929 0.907269 0.966618 0.992875 0.861494 1.09262 0.954008 1.15537 0.84794 0.892445 
1061 0.0512577	0.625166 0.872399 0.821249 0.904564 0.921453 0.872856 0.801595 0.934328 0.805355 0.791605 
1062 0.0740389	0.579922 0.944172 0.976108 1.03281 1.02931 1.03104 0.92697 1.21446 0.812986 0.765925 
1063 0.212625	0.681484 1.00304 1.17362 1.11141 1.0167 1.11823 0.982429 1.11749 1.08886 1.05125 
1064 0.0721405	0.689746 1.10038 0.927321 1.00738 1.038 0.899586 0.839117 0.809469 0.981474 0.87124 
1065 0.18225	1.42156 1.08768 1.03274 0.994795 1.05952 1.13566 1.22407 0.891258 1.10867 1.13752 
1066 0.141908	0.802113 1.00006 1.24466 1.07533 1.13405 0.973138 1.22383 1.09248 1.54799 1.12727 
1067 0.13906	1.70334 1.12082 0.940209 1.18126 0.910625 1.10096 1.10602 1.10796 0.796794 0.932828 
1070 0.10747	1.13008 0.932296 1.19578 0.974854 1.08516 1.17659 1.26085 0.975398 1.2631 0.996909 
1071 0.203125	0.955261 0.918597 0.978906 0.957572 0.993981 1.05093 1.01654 1.05896 1.05544 1.02409 
1072 0.179497	0.866334 0.9817 1.1782 1.06425 1.19043 1.08036 1.19246 0.894599 1.48878 1.14775 
1073 0.145579	0.834566 0.900022 0.916728 0.99036 0.909011 0.939578 0.858661 1.2793 0.700117 0.860159 
1074 0.0666921	1.70417 1.03873 0.963337 1.04348 1.1089 1.11686 1.248 0.884911 1.16459 1.10464 
1075 0.0685976	1.15979 0.917863 0.955612 1.05549 0.937522 0.908802 1.02779 1.07926 0.816273 1.08761 
1076 0.139101	1.27671 0.95867 0.94957 1.08962 0.882682 1.11044 1.00337 1.1437 0.855627 0.845848 
1077 0.089939	0.877299 0.930061 0.83201 0.956271 0.903529 0.884931 0.891905 0.93339 0.83364 0.810261 
1100 0.0823529	1.96168 1.05448 0.925399 0.942422 0.995061 1.07013 1.16098 1.02611 0.890041 1.04017 
1101 0.126471	0.899102 1.02853 1.09974 1.07358 1.11529 1.03006 1.12321 0.892784 1.5211 1.28321 
1102 0.147549	0.791266 0.941214 1.05166 0.994855 0.934836 0.94242 0.949722 1.07865 1.065 1.16461 
1103 0.132353	1.15594 1.04586 1.14004 1.22932 1.13161 1.12362 1.1751 1.21601 1.29084 1.38656 
1104 0.182353	0.920159 0.870746 0.82145 0.921258 0.80416 0.92766 0.753256 0.970228 0.676131 0.978448 
1105 0.148039	0.773598 0.810422 0.901494 0.86793 0.905558 0.91191 0.826043 0.765975 0.883702 0.919266 
1106 0.115686	1.09347 1.00233 1.0807 0.872993 1.09274 1.04002 1.11895 0.808323 1.17766 1.17626 
1107 0.0651961	1.17754 1.02257 0.952127 0.968004 0.909732 1.06999 0.949715 1.39951 0.666431 1.00568 
1110 0.0760894	0.89895 1.00748 1.02462 0.9458 0.943739 0.897427 0.885695 1.01697 0.872043 0.966359 
1111 0.0475559	0.620031 0.933438 0.96276 0.883616 0.755389 0.97485 0.829211 0.962761 0.695337 0.838019 
1112 0.163681	1.38347 1.04165 1.02947 0.932863 0.946398 1.01725 1.07944 0.940754 0.956532 1.01453 
1113 0.0597213	1.9624 1.10236 1.03066 1.01795 0.962819 1.09177 1.18036 1.20318 1.13648 1.24183 
1114 0.170537	0.650891 0.968585 1.07827 0.995764 1.13252 0.930178 1.03509 0.986699 1.42073 1.19733 
1115 0.207034	0.93621 1.0506 1.08687 0.982243 1.02171 0.973683 1.05443 0.960102 1.4075 1.08472 
1116 0.117231	0.993648 0.992229 1.01807 1.08679 0.896721 1.15058 1.04392 1.29655 0.900584 0.933519 
1117 0.158151	0.749437 0.899564 0.857477 0.898003 0.844424 0.91497 0.857938 0.906248 0.825152 0.867391 
1120 0.0639013	0.829733 0.931473 0.83346 0.882453 0.815919 0.984687 0.801154 1.05512 0.580205 0.783083 
1121 0.151626	1.11788 0.975257 0.964185 1.05456 0.990448 0.972535 1.00779 1.25552 0.942002 1.23798 
1122 0.0994955	1.06608 0.991559 1.16167 1.16366 1.13546 0.980213 1.12656 1.06668 1.46214 1.16034 
1123 0.0703475	1.40048 1.03654 0.966348 0.980994 1.04295 0.928322 1.08849 0.831562 1.23796 1.10648 
1124 0.110987	0.722983 0.991605 1.04889 0.91201 1.14652 0.965356 0.916528 0.852017 1.394 1.12066 
1125 0.295964	1.04795 0.924698 0.841561 0.953881 0.886202 0.912299 0.873755 0.935909 0.774717 1.03059 
1126 0.138453	0.793567 0.885021 0.944763 0.959377 0.947949 0.992812 0.939005 1.06328 0.947974 1.03409 
1127 0.0692265	0.876385 1.03158 1.22147 0.993345 1.18514 1.12378 1.1843 0.722217 1.60661 1.24329 
1130 0.174303	1.23683 0.999184 0.965942 1.05485 0.89573 0.95206 0.959231 1.3567 0.678816 0.954767 
1131 0.0687967	0.939104 1.01251 0.952861 0.977643 1.02226 0.973179 0.83094 0.849767 0.955416 0.99267 
1132 0.0399728	0.60972 0.911942 1.10913 0.995393 1.16831 0.841191 1.01035 0.62635 1.59589 1.03226 
1133 0.0444596	0.475147 0.856027 1.01534 0.967498 1.06576 0.949988 0.868806 0.776054 1.2165 0.903167 
1134 0.176886	0.754416 1.03581 0.985963 0.938269 0.908839 1.15749 0.903406 0.957397 0.862678 0.932018 
1135 0.187763	0.966129 1.14486 1.06504 1.09811 1.0513 1.08208 1.0861 1.00051 1.15432 1.15375 
1136 0.152549	1.23885 1.06847 0.818319 0.88806 0.77911 0.980829 0.928701 0.983198 0.647777 0.864706 
1137 0.155269	1.4818 1.07898 1.13005 1.15609 1.11935 1.14285 1.32617 0.880558 1.46309 1.2474 
1140 0.0981163	0.667426 0.837213 0.929995 0.893273 0.861722 0.953478 0.718054 0.979662 0.674958 0.807607 
1141 0.240547	0.96741 0.930663 1.02116 1.02314 0.970573 0.950323 1.12576 1.11907 0.976758 0.99825 
1142 0.093102	1.17144 0.960605 0.940657 0.970702 0.946307 0.957426 0.888035 0.99653 0.792099 0.84661 
1143 0.109364	1.20127 0.925893 0.860555 0.904929 0.859341 0.969505 0.920753 1.34995 0.60414 0.781497 
1144 0.156796	0.827263 0.957659 0.880524 0.924941 0.9731 0.917529 0.926852 0.750078 1.01531 0.91728 
1145 0.0653205	1.1448 1.04307 1.11486 1.06805 1.11697 1.20048 1.16846 1.12961 1.19319 0.902798 
1146 0.124272	0.836098 0.969637 1.14921 0.984711 1.18431 1.05408 1.07872 0.820873 1.50544 1.15313 
1147 0.112481	1.33343 1.13715 1.07639 0.992116 1.06824 1.06322 1.29047 0.873869 1.13804 1.1035 
1150 0.0652063	0.992185 1.12313 1.14514 1.05174 1.26553 0.960333 1.11299 0.919751 1.47412 1.2452 
1151 0.191034	1.05563 1.04248 1.10836 1.0235 1.02274 1.06364 1.00811 1.2656 0.831794 1.0475 
1152 0.0901681	0.600804 0.984769 1.20253 1.07103 1.24122 0.951214 1.01515 0.946033 1.4707 1.0911 
1153 0.260825	1.13202 0.919779 0.863044 0.916499 0.953603 0.982883 0.793846 0.945365 0.800388 0.872027 
1154 0.101885	0.771517 1.01479 0.8558 0.854833 1.09239 0.788119 0.745348 0.706415 1.12605 0.981998 
1155 0.0957718	1.603 1.12891 1.12918 1.07919 1.13814 1.141 1.18279 1.12583 1.10799 1.08706 
1156 0.0555273	1.15022 1.01429 0.921005 0.978854 0.873671 0.923397 0.87202 1.4177 0.666248 0.914327 
1157 0.139582	0.767332 1.01517 1.04032 1.02862 1.03433 1.00836 1.04495 0.880455 1.10675 0.983772 
1160 0.181113	0.928261 1.00493 1.07714 1.09949 0.984434 1.00107 1.05735 1.11823 0.987636 0.955587 
1161 0.16469	1.09172 0.917376 1.05857 0.986827 0.880509 1.09579 1.03797 1.04113 0.900224 0.904393 
1162 0.177464	1.41927 1.15314 1.17126 1.05826 1.14147 1.19418 1.27636 0.936012 1.33819 1.17336 
1163 0.0634124	1.43492 0.960249 0.792989 0.906077 0.833866 0.954429 0.995876 0.811519 0.698949 0.851747 
1164 0.182482	0.737474 0.888403 0.983599 1.00929 0.963458 0.999582 0.98295 0.802118 1.02148 0.89219 
1165 0.126369	0.830874 0.902741 0.784393 0.853775 0.805975 0.905636 0.782707 0.951445 0.613715 0.740672 
1166 0.0442518	1.11621 1.04749 1.14393 1.11208 1.1438 0.928633 1.34559 0.882723 1.55362 1.15459 
1167 0.060219	1.44632 1.02442 1.10973 1.05687 0.891179 1.23524 1.12315 1.33639 0.779258 1.01395 
1170 0.159404	0.836986 0.978257 1.07449 1.08446 1.0822 1.08215 1.15566 0.985613 1.19349 1.0691 
1171 0.243256	0.553854 0.988887 0.95354 0.969796 1.08986 0.871775 0.835407 0.931713 1.07616 0.965187 
1172 0.0734774	0.89578 0.906124 0.867381 0.950807 0.953008 0.815681 0.798794 1.09318 0.766068 0.914309 
1173 0.0842182	1.97273 1.10856 1.04617 1.03165 1.13024 1.17802 1.24836 1.05524 1.16133 1.23164 
1174 0.163798	1.38361 1.13708 1.00011 0.980241 1.02165 1.14194 1.07896 1.08708 0.873964 1.01892 
1175 0.0860491	0.930122 0.994706 1.20406 1.09764 1.29971 1.15474 1.15304 0.911855 1.74184 1.17117 
1176 0.128891	0.823671 0.900393 0.769281 0.934697 0.953499 0.915271 0.870508 0.878229 0.790167 0.814177 
1177 0.0609057	0.704533 0.948595 0.988492 1.16926 0.900478 1.00905 0.853127 1.43458 0.696426 0.963413 
BOUNDS
LWPS R    0.0  0.0  0.0  0.0  0.0  0.0  0.0  0.0  0.0  0.0
UWPS R    0.5  0.5  0.5  0.5  0.5  0.5  0.5  0.5  0.5  0.5
LXAS R   -0.5 -0.5 -0.5 -0.5 -0.5 -0.5 -0.5 -0.5 -0.5 -0.5
UXAS R    0.5  0.5  0.5  0.5  0.5  0.5  0.5  0.5  0.5  0.5
END
