NAME moment_estimations_cluster
ASSETS 10
BENCHMARKS 0.1 0.1 0.1 0.1 0.1 0.1 0.1 0.1 0.1 0.1 
COVARIANCES
0 0 0.267244
1 0 0.0778363
1 1 0.0284346
2 0 0.0257918
2 1 0.0119991
2 2 0.0244947
3 0 -0.0185594
3 1 0.00336726
3 2 0.0140395
3 3 0.0340165
4 0 -0.0109171
4 1 0.000468891
4 2 0.00507531
4 3 0.0181725
4 4 0.0132647
5 0 -0.049616
5 1 -0.00650589
5 2 0.0190344
5 3 0.0347458
5 4 0.0193695
5 5 0.0521477
6 0 0.0645956
6 1 0.021437
6 2 0.0137821
6 3 0.00598288
6 4 0.00439992
6 5 0.00211691
6 6 0.0263611
7 0 -0.0518448
7 1 -0.00196035
7 2 0.0246012
7 3 0.0506154
7 4 0.0243435
7 5 0.0590875
7 6 0.00153525
7 7 0.0917244
8 0 0.0726522
8 1 0.0167929
8 2 0.00266326
8 3 -0.0156226
8 4 -0.00728425
8 5 -0.0237623
8 6 0.0173501
8 7 -0.0317856
8 8 0.0285499
9 0 -0.0101878
9 1 -0.00265121
9 2 0.00633783
9 3 0.0113803
9 4 0.0093658
9 5 0.0151976
9 6 0.00639982
9 7 0.0159838
9 8 -0.000886124
9 9 0.0167018
SCENARIOS
0 0.46867	1.58013 1.21179 1.09694 1.11656 1.0672 0.993077 1.13042 1.04792 1.11671 0.989412 
1 0.53133	0.715509 0.876569 0.946918 1.03194 1.02298 0.977498 0.896643 1.02681 0.942462 1.00944 
00 0.312096	2.04667 1.03125 1.11563 0.790057 0.885285 0.893769 1.14262 0.868256 1.20955 0.940006 
01 0.687904	0.742945 0.929451 0.996477 1.03195 1.00678 1.1845 0.929116 1.24457 0.945362 1.12816 
10 0.564997	1.38663 1.11155 0.902618 0.826895 0.88882 0.818993 1.00925 0.741698 1.15427 0.968906 
11 0.435003	1.03939 0.987049 1.13948 1.15484 1.09463 1.45433 1.05814 1.36318 0.909974 1.13787 
000 0.150544	1.67619 1.33709 0.859618 0.83032 0.977982 0.786486 1.03706 0.534521 1.19798 1.0291 
001 0.0975593	0.545888 0.964218 1.03574 1.55361 1.28708 1.39061 1.00229 1.79563 0.798482 1.37664 
002 0.230738	0.831556 1.10256 0.816474 0.890931 0.975491 0.821905 0.922884 0.607406 1.09661 1.02052 
003 0.050523	3.86495 1.67172 1.18647 0.811243 0.86187 0.646764 1.39955 0.565845 1.57623 0.899766 
004 0.0592056	2.30705 1.43265 1.07137 1.06641 0.997094 0.814207 1.34964 1.08582 1.3152 0.952896 
005 0.16114	1.10261 1.30303 1.25385 1.39706 1.13663 1.1593 1.23087 1.41082 0.989821 1.14631 
006 0.132426	0.437096 0.827005 0.805667 1.00591 1.03698 1.04527 0.722346 1.02859 0.779896 1.05395 
007 0.117864	0.873351 1.07846 0.828971 1.075 1.04634 0.951786 0.882278 0.920709 0.858332 0.941945 
010 0.0743486	0.452871 0.782512 1.04248 1.23167 1.10005 1.25869 0.804472 1.43357 0.665266 0.976416 
011 0.113151	0.635145 0.702378 0.740842 0.741157 0.87591 0.691006 0.797761 0.627881 0.945203 0.828474 
012 0.101613	0.541248 0.797485 0.968743 1.16412 1.09176 1.13538 0.906662 1.15872 0.750964 0.996717 
013 0.257475	1.27903 1.0228 1.07187 0.894283 0.967408 0.911241 1.09712 0.766154 1.01222 0.952298 
014 0.0572581	0.534264 0.671259 0.807457 0.833334 0.911497 0.850197 0.75145 0.722583 0.767741 0.821426 
015 0.076737	3.27585 1.26647 1.11457 0.995741 0.903396 0.708976 1.42722 0.894067 1.39368 0.949129 
016 0.202978	1.40009 1.03657 1.01865 0.824917 0.944106 0.745283 1.19281 0.709725 1.23356 1.05681 
017 0.116439	0.850738 1.12605 1.35618 1.49401 1.2961 1.695 1.25944 1.93672 0.742916 1.00582 
100 0.0647235	0.212577 0.568754 0.788548 0.860943 0.970439 1.14769 0.599479 1.13254 0.630818 0.917419 
101 0.170819	1.55323 1.03821 0.999548 0.868206 0.933018 0.795227 1.11958 0.608951 1.26661 0.961714 
102 0.117455	3.45167 1.43879 1.20997 1.07015 1.02313 0.770848 1.39046 0.93243 1.29094 0.933101 
103 0.113491	0.528874 0.790871 0.792625 0.911074 0.897286 0.907092 0.724304 0.854908 0.805202 0.854615 
104 0.173984	0.740609 0.869182 1.26679 1.12267 1.01597 1.43787 0.986449 1.43965 0.892211 1.04567 
105 0.185476	0.78321 0.865817 0.829926 0.864085 1.03441 1.02061 0.997239 0.873642 0.997829 1.09431 
106 0.0749833	1.23173 1.17034 0.890375 1.24153 1.07942 1.08242 1.06265 1.19766 0.884846 0.925806 
107 0.0990673	0.492547 0.856142 1.01507 1.20838 1.02953 1.30499 0.890011 1.36345 0.722975 0.998503 
110 0.0976507	1.03544 1.03341 1.09826 0.819267 0.86694 0.863705 0.967723 0.940195 1.0936 0.814014 
111 0.169385	0.574812 0.9024 0.858366 0.918078 0.964263 0.881345 0.820538 0.964347 0.875573 0.820447 
112 0.11751	0.578803 1.00613 1.22333 1.46296 1.08492 1.58433 1.02805 1.9721 0.824468 1.03777 
113 0.0929347	0.795164 0.978156 0.786709 0.776005 0.832015 0.674247 0.836208 0.537541 1.09835 0.787653 
114 0.099987	0.255729 0.821918 0.874589 1.20151 1.03161 1.1662 0.677203 1.41354 0.676786 0.831056 
115 0.174274	0.835502 1.09078 0.924013 1.12194 1.09825 1.06999 1.03708 1.19211 1.01803 1.13991 
116 0.134816	2.01039 1.33496 0.94173 0.734444 0.910046 0.747064 1.13262 0.740031 1.19917 0.885305 
117 0.113443	2.93699 1.56907 1.15504 1.06072 1.07157 0.820204 1.50967 0.915085 1.41974 0.959392 
0000 0.068574	1.09974 0.965054 1.15964 1.07745 0.906269 1.17898 1.29119 0.96504 1.15734 1.10864 
0001 0.111717	2.73662 1.23606 1.05347 1.11141 1.09123 0.836022 1.14286 1.14103 1.22139 0.836874 
0002 0.0640327	1.55085 0.962928 0.912923 0.899134 0.861748 0.728833 1.09036 0.880529 1.19279 0.921175 
0003 0.178928	0.538621 0.882306 1.03728 1.47234 1.03103 1.23657 0.98218 1.97107 0.745283 1.25671 
0004 0.1099	1.2298 1.00579 1.28088 1.23538 1.0039 1.04558 1.03556 1.48741 0.954813 0.742043 
0005 0.0831063	0.551004 0.62221 0.892862 1.12294 0.931434 1.08467 0.90095 1.33012 1.0092 1.10598 
0006 0.0844687	1.65238 1.1029 1.3116 1.49539 1.04637 1.05413 1.32787 2.20489 1.04337 0.981808 
0007 0.299273	0.89196 0.831639 1.03908 1.14236 0.915574 0.827679 1.00594 1.7233 1.03216 0.917489 
0010 0.105816	0.670693 0.823137 0.742766 0.733607 0.853039 0.811286 0.858878 0.718946 0.978423 0.914183 
0011 0.111423	0.76829 1.08375 0.932774 0.807607 0.85744 0.881932 0.99466 0.55397 1.05877 0.795109 
0012 0.049054	1.15661 1.11614 1.52592 1.48096 1.24045 1.49521 1.31508 1.61903 1.02365 1.24136 
0013 0.140154	0.42363 0.824681 0.954968 1.14597 1.00079 1.64365 0.920932 1.63085 0.70971 0.925105 
0014 0.0770848	1.63209 1.41347 1.35325 1.06218 0.880927 1.25192 1.06676 1.16164 0.896339 0.549943 
0015 0.0953048	3.07198 1.50307 1.07378 0.993733 0.99517 0.903552 1.33185 0.91799 1.24272 0.963472 
0016 0.176594	1.53326 1.02977 1.0576 1.06991 1.0562 0.986575 1.15429 0.591665 1.26398 0.934326 
0017 0.244569	0.906421 1.0919 1.11318 1.12998 1.02247 1.2455 0.907179 1.21529 0.889283 0.852849 
0020 0.166519	0.613782 0.762008 0.970282 0.862401 0.881156 0.795493 0.864062 0.664608 0.954399 0.880942 
0021 0.218074	2.05187 0.979694 1.1961 0.928741 0.954029 0.852313 1.31416 1.04512 1.10643 0.993088 
0022 0.11437	1.24391 0.971241 0.925971 0.836469 0.858098 0.905141 1.1299 0.956413 1.07067 0.871391 
0023 0.0619259	0.633549 0.902103 0.834568 1.09956 0.944566 1.14724 0.951737 1.1572 0.80363 0.950578 
0024 0.098963	0.451741 0.767857 1.20974 1.38329 0.985289 1.40392 0.959081 2.18084 0.732803 1.00676 
0025 0.056	0.397612 0.632973 0.872387 0.872114 0.845217 0.899784 0.798366 0.8745 0.804252 1.1329 
0026 0.14163	0.892087 0.899758 0.976115 0.925953 0.943194 0.986018 0.954844 0.832027 0.958816 0.928243 
0027 0.142519	1.43934 0.789614 0.900894 0.642982 0.749876 0.609186 0.915208 0.520065 1.27915 0.808326 
0030 0.106901	1.39033 1.09329 0.901197 1.5411 1.27561 1.14091 1.24113 1.35045 1.00297 1.1145 
0031 0.0568336	0.307477 0.633969 0.810826 1.21753 1.1301 1.53586 0.725788 1.40276 0.621191 1.10132 
0032 0.193505	0.970708 1.02529 0.875802 0.857283 1.00844 0.926071 1.01601 0.816756 1.10365 1.06181 
0033 0.0608931	1.5857 1.11631 0.985663 1.06009 1.08067 1.15649 1.25217 0.811816 1.07922 0.987633 
0034 0.0906631	2.61847 1.15114 0.875034 1.2955 1.267 1.10282 1.17457 1.11303 1.31322 0.893819 
0035 0.0798376	1.7723 1.06601 0.783896 0.976411 1.01715 0.684114 1.03589 0.781213 1.18267 1.09121 
0036 0.246279	0.582377 0.726143 0.822877 1.13695 1.31899 1.04505 0.854815 0.854062 0.885498 1.20948 
0037 0.165088	0.99558 0.890443 0.751896 1.29795 1.29033 1.31183 0.919998 1.75227 0.832937 1.11079 
0040 0.120092	2.00836 1.14498 1.18865 0.951836 0.908527 0.991943 1.04241 0.632011 1.19663 0.872386 
0041 0.0866051	0.524016 0.870132 1.22149 1.28379 0.961876 1.45962 0.829168 1.22925 0.746091 0.936356 
0042 0.0969977	0.569118 0.863464 0.684128 1.03536 0.937322 0.76863 0.735524 0.746032 0.852842 1.10523 
0043 0.185912	0.744608 1.059 0.825065 1.00617 0.945825 0.812984 0.943489 0.50724 1.04096 1.13607 
0044 0.0646651	3.14865 1.72781 1.12305 1.08375 1.04274 1.05012 1.39171 0.893962 1.2568 0.923091 
0045 0.187067	1.49295 1.16121 0.945943 1.09576 1.09577 1.17215 1.1041 0.732629 1.07412 1.66554 
0046 0.187067	1.12718 1.01715 0.970314 0.962479 1.02069 1.34697 1.13085 0.824377 1.01544 1.32723 
0047 0.0715935	0.786613 1.07926 1.4205 1.67371 1.20358 1.71672 1.28099 1.96908 0.834957 1.14191 
0050 0.259228	1.15845 0.935303 0.92532 0.897521 0.977812 1.18038 1.01401 0.701772 1.04711 1.05921 
0051 0.0763683	2.90276 1.29915 1.16061 0.782635 0.911368 0.86632 1.3041 0.677404 1.36844 0.910914 
0052 0.126432	1.77639 1.1143 1.12521 1.14102 1.11102 1.10302 1.32456 1.19206 1.18142 1.06745 
0053 0.148918	0.774606 0.913398 0.859194 0.925419 1.03056 1.06944 0.881721 0.869148 0.864235 1.03194 
0054 0.06958	1.1507 1.19769 1.26741 1.11848 1.08561 1.53143 1.06588 1.37336 0.87621 0.840276 
0055 0.182011	0.533733 0.802505 1.08272 0.904984 1.01797 1.40728 0.766175 1.26566 0.757132 0.953758 
0056 0.0581247	0.860666 0.877309 0.880563 1.07151 1.13068 1.06559 1.20711 1.10736 1.02621 1.44985 
0057 0.0793381	1.87765 1.13806 0.776951 0.724821 0.836008 0.640876 1.06328 0.570783 1.25525 0.935391 
0060 0.0939597	1.9403 1.27887 1.17833 0.96031 0.756421 0.678558 1.02285 0.969533 1.09717 0.743628 
0061 0.0624677	0.781641 0.941259 1.05415 0.928314 0.905925 0.950437 1.11685 0.695408 1.03755 1.01603 
0062 0.0784719	0.72672 1.07872 1.19636 1.45089 0.959283 1.5003 1.04737 1.90878 0.778854 0.891494 
0063 0.300465	0.771425 0.863617 0.830483 0.757127 0.849853 0.890656 0.836482 0.65034 1.03516 0.765498 
0064 0.163655	1.05776 1.03879 1.10361 1.1028 1.00007 1.03766 1.18774 0.846843 1.03282 1.02382 
0065 0.11461	0.561588 0.853186 0.964406 1.1792 0.97633 1.09087 0.823824 1.05027 0.771643 0.846995 
0066 0.0934435	2.52298 1.40387 0.992497 0.824115 0.978736 0.873764 1.21969 0.693976 1.45764 0.854159 
0067 0.0929272	1.28905 1.26136 1.24912 1.45295 1.11112 1.35331 1.13393 1.7678 0.889615 0.836462 
0070 0.106729	0.993768 1.23383 1.27391 0.944205 0.898431 1.1003 0.933019 1.1925 0.919948 0.840329 
0071 0.179234	0.814175 0.864576 0.967628 0.964837 0.920623 0.888517 0.91026 0.759257 1.07324 1.0754 
0072 0.146752	1.12621 1.01297 0.999621 1.21575 1.15209 0.914633 1.12324 1.09707 1.0269 1.12054 
0073 0.234919	0.543357 0.969439 1.02607 1.22043 1.13083 1.26313 0.882508 1.47679 0.802693 1.18191 
0074 0.0649652	1.60119 1.13077 1.18518 1.23424 0.966074 1.03591 1.18293 1.23048 0.983167 0.953063 
0075 0.0817865	1.41331 1.21968 1.11946 0.954595 1.04254 1.05543 1.23889 0.994866 1.15924 1.30855 
0076 0.0957077	2.68115 1.21552 1.17744 0.99654 0.814481 0.893038 1.25116 0.902185 1.23548 0.843145 
0077 0.0899072	1.73697 1.3203 0.977381 0.759935 0.829723 0.575581 1.09297 0.69086 1.31866 0.966806 
0100 0.121819	1.82008 1.23135 1.19985 1.01483 1.03952 1.05282 1.28803 1.08769 1.10619 0.890524 
0101 0.057572	0.313314 0.683117 0.849628 1.17555 1.10081 1.58915 0.749499 1.54505 0.752021 1.22799 
0102 0.130163	0.48197 0.972823 1.04586 1.39076 1.35423 1.50323 0.999551 1.85145 0.790841 1.0347 
0103 0.0972048	2.66167 1.19968 1.03388 0.774682 0.819611 0.81251 1.16681 0.742083 1.42522 0.841029 
0104 0.0988736	0.651764 0.856421 0.829401 0.772702 0.897197 0.816499 0.841934 0.731359 0.900355 0.847961 
0105 0.231122	0.868091 1.1432 0.916195 1.112 0.981772 1.04147 0.97129 1.22369 0.897323 0.808814 
0106 0.145181	1.30536 1.01476 0.935581 0.822197 0.911517 0.875703 0.89552 0.783875 1.08451 0.735304 
0107 0.118064	0.622081 0.953494 1.1558 0.959511 0.986181 1.21106 0.857741 1.1761 0.890042 0.907827 
0110 0.116228	0.430902 0.817865 0.848574 0.953611 1.02624 1.15537 0.801727 1.14417 0.781842 1.06939 
0111 0.137884	0.952221 1.02221 0.805015 0.867462 0.948873 0.836832 0.89326 0.811054 0.923011 0.775856 
0112 0.0723684	0.84841 1.08393 1.32687 0.991647 0.878073 1.1573 1.00421 1.05398 0.978248 0.931019 
0113 0.177083	0.86775 0.969701 0.94218 0.818999 0.92173 1.17223 1.10386 0.853959 1.14745 1.18744 
0114 0.0685307	3.17064 1.41457 1.12834 0.712448 0.754127 0.732011 1.1354 0.599873 1.4117 0.951616 
0115 0.0838816	2.28631 1.42483 1.16174 1.01976 1.04523 1.18028 1.39975 0.778941 1.15185 1.00501 
0116 0.114583	1.28212 1.18333 1.10802 1.22021 1.11525 1.13904 1.22527 1.3588 0.966825 1.27365 
0117 0.229441	1.21348 1.1488 0.951013 0.800409 0.871873 0.885626 0.950917 0.775794 1.03106 0.842168 
0120 0.180403	1.03651 1.03853 0.846811 0.893858 0.961923 0.949484 1.09507 0.907764 1.08011 1.03434 
0121 0.0613553	1.13002 0.942921 0.854029 0.794768 0.917152 1.06147 1.16004 0.783392 1.27539 1.17952 
0122 0.104701	0.608832 0.908526 0.7856 1.19181 1.07341 0.925098 0.840526 1.47689 0.810741 0.938105 
0123 0.106227	1.05992 1.06608 1.21216 0.902465 1.01809 1.04992 1.08215 0.994302 1.15701 1.21844 
0124 0.10928	0.540374 0.604553 0.806581 0.815118 0.981217 0.802404 0.864311 0.723977 0.974458 1.12327 
0125 0.123321	2.03069 1.2683 1.26804 1.18245 1.0234 1.23727 1.40464 1.22486 1.2354 1.04511 
0126 0.242674	0.737544 0.931561 0.973415 1.10239 1.14929 1.14824 0.909097 1.30479 0.946045 1.09062 
0127 0.0720391	2.22758 1.0997 0.935045 0.634441 0.788066 0.671568 1.00456 0.609754 1.41522 0.892029 
0130 0.116733	1.07448 1.05998 0.974621 1.2117 1.0176 1.03934 1.02027 1.13911 1.0952 0.966699 
0131 0.079388	3.17269 1.33726 1.10072 0.905144 0.775292 0.770678 1.17603 0.912826 1.32051 0.676487 
0132 0.0686664	0.500985 0.877246 0.950563 1.22524 1.15184 1.41147 0.864145 1.31307 0.77642 1.02541 
0133 0.100952	1.79787 1.44577 1.15532 1.22164 1.04044 0.982979 1.17342 1.86375 1.0315 0.974876 
0134 0.0686664	0.880397 1.13185 1.06162 1.43984 1.28111 1.64308 1.09872 1.95501 0.80287 1.02849 
0135 0.232864	1.53918 1.1029 0.898063 0.740195 0.806788 0.712859 1.01075 0.764701 1.1688 0.736698 
0136 0.0566197	0.982349 1.14188 1.32323 1.39196 1.15767 1.3163 1.13843 1.72731 0.975725 1.18344 
0137 0.276111	0.632275 0.806253 0.909959 1.01359 0.899401 0.913695 0.844936 1.16381 0.846975 0.871403 
0140 0.14247	0.560682 1.11017 0.910427 1.17301 1.12064 1.16037 0.910808 1.24567 0.913562 1.00549 
0141 0.254063	0.869294 1.03013 0.803856 0.874552 0.831431 0.762662 0.766781 0.977667 0.899842 0.966355 
0142 0.115926	1.1782 1.396 1.02945 1.09619 0.971186 1.08093 1.05882 1.31552 0.941847 1.07503 
0143 0.105092	0.881052 1.05303 1.31945 0.933961 1.01027 1.41361 1.03288 1.06719 1.04819 1.2263 
0144 0.0861322	2.47844 1.56724 1.00916 1.01615 0.920935 0.943897 1.1123 0.989706 1.20206 0.798493 
0145 0.140303	1.53101 1.34422 1.08158 0.834759 0.860834 0.865745 0.941946 0.79418 1.22549 0.982807 
0146 0.0985915	0.618044 1.21867 1.18964 1.45038 1.06431 1.29355 0.948839 2.0002 0.777973 0.984062 
0147 0.0574215	3.02972 1.40534 1.34458 0.848158 0.77631 0.856448 1.27281 0.972654 1.40805 0.923062 
0150 0.0941795	1.02056 1.10204 1.27358 1.04774 1.11922 1.23564 1.03832 0.652112 1.0084 0.883364 
0151 0.0691188	1.42719 1.11439 1.39766 1.25551 1.29547 1.3853 1.60136 1.07741 0.993881 1.24884 
0152 0.0707357	0.471631 0.718257 0.722165 0.491508 0.782863 0.864878 0.759149 0.272382 1.04097 0.790592 
0153 0.0594179	1.03115 1.24029 1.29561 1.30563 1.40745 1.66861 1.10124 1.56681 0.756914 0.950442 
0154 0.279305	0.569017 0.960873 1.01427 0.814837 1.0461 1.48595 0.907967 0.880472 0.817755 0.952059 
0155 0.0751819	2.05989 1.08914 0.816935 0.531346 0.647757 0.488236 1.00393 0.298859 1.46518 0.889099 
0156 0.164511	1.04216 0.970023 0.809697 0.694527 0.837716 0.760278 0.850899 0.43382 1.00489 0.823354 
0157 0.187551	2.14915 1.25386 0.993941 0.766373 1.03667 0.784973 1.18747 0.514379 1.15651 1.00534 
0160 0.0886308	0.599374 0.850057 1.27838 1.20665 1.02274 1.91999 1.04747 1.67032 0.789328 1.28111 
0161 0.165037	0.991816 0.952678 0.897199 0.874441 0.877508 0.956884 0.891167 0.847945 1.00867 0.778616 
0162 0.157396	1.79865 1.07379 0.873013 0.725382 0.98931 0.788268 1.0476 0.680195 1.19611 0.896777 
0163 0.124694	1.08635 0.86725 1.1908 0.930671 1.07952 1.48291 1.2308 0.908245 1.06462 1.08775 
0164 0.200489	0.531145 0.91926 0.878122 1.18653 1.08406 1.3894 0.906075 1.09225 0.836174 1.05263 
0165 0.121485	0.79357 0.790528 0.710701 0.705176 0.828217 0.771023 0.771948 0.648648 1.11157 0.990978 
0166 0.055165	0.330608 0.83745 0.640033 1.01114 1.02957 1.02137 0.729305 0.975878 0.709628 0.911304 
0167 0.0871027	2.96868 1.32131 1.16016 1.1976 1.1027 0.999607 1.28422 0.858239 1.268 1.01369 
0170 0.0556739	2.96811 1.25831 1.20663 1.38688 1.24544 0.936603 1.35335 1.33288 1.34739 1.43537 
0171 0.13399	0.535833 0.724731 0.817636 1.36412 1.16316 1.25022 0.81493 1.36934 0.910751 1.53685 
0172 0.0929675	2.72415 1.3017 1.07199 0.74069 0.750456 0.668658 1.16941 0.611723 1.37146 1.00091 
0173 0.106819	0.395298 0.63768 0.964196 0.924763 0.963615 1.20874 0.682952 1.20716 0.827493 1.06191 
0174 0.246937	0.813145 0.744159 0.828283 0.848927 0.85282 0.702702 0.866902 0.63069 1.18988 1.07807 
0175 0.223761	1.20996 0.922922 1.11873 1.00161 0.93112 0.947769 1.03427 0.826638 1.31674 1.15905 
0176 0.0732552	1.24624 1.10179 1.35064 1.20079 0.948144 1.16402 1.03052 1.41913 0.970992 1.18633 
0177 0.0665956	0.419273 0.757671 1.29933 1.60321 1.35047 1.71684 0.89704 2.11044 0.772128 1.45887 
1000 0.116315	1.68392 1.21498 1.23463 1.04399 0.820563 0.979691 1.01847 0.75409 1.11181 0.914741 
1001 0.0818322	0.583585 0.84761 1.27216 1.49968 1.06518 1.63737 1.00457 1.49384 0.873538 1.08393 
1002 0.0838909	0.429736 0.876998 0.900335 1.50086 1.10606 1.32607 1.00405 1.48112 0.751658 1.24221 
1003 0.185795	0.683763 0.872005 0.737786 1.11318 1.09628 0.915021 1.03494 0.920537 0.917586 1.01634 
1004 0.0566135	1.06262 1.32133 1.35347 1.59082 1.07572 1.48462 1.0183 2.0071 0.773052 0.776989 
1005 0.0571282	1.51423 0.976125 1.21561 1.16929 1.26292 1.30058 1.21192 0.980699 1.16446 1.43522 
1006 0.22491	1.86524 1.25859 0.851479 0.984787 0.958664 0.761555 1.11789 0.732088 1.3486 0.919456 
1007 0.193515	0.822645 0.960663 0.955224 0.935226 1.00508 0.949944 0.91129 0.913661 0.904113 1.01721 
1010 0.110569	0.870716 0.796582 0.758338 0.684244 0.821271 0.657823 0.773084 0.678098 1.09115 0.710853 
1011 0.1289	0.579819 0.94879 0.962175 1.13095 1.1262 1.36815 1.05184 1.42864 0.9243 1.23736 
1012 0.183307	2.68752 1.22229 0.978565 0.846576 1.01593 0.924286 1.24941 0.805454 1.25314 0.886199 
1013 0.0846334	0.994937 1.14098 1.1517 1.24849 1.2474 1.3412 1.09239 1.73176 0.843912 0.974261 
1014 0.164002	0.557828 0.803732 0.828826 0.949583 0.98491 1.09838 0.77755 1.12669 0.812563 1.04369 
1015 0.0655226	1.59179 1.11191 1.2443 1.17984 1.11368 1.54342 1.3224 1.44863 0.975665 1.21895 
1016 0.0975039	1.31381 1.00356 1.04287 1.00287 0.986844 0.91324 1.20864 0.978816 1.25761 1.12943 
1017 0.165562	1.18417 1.10265 1.04834 0.987579 1.12177 1.08044 0.965637 1.29748 1.00973 1.00504 
1020 0.0669314	1.38349 0.921695 0.931997 0.866243 0.983365 1.05248 1.29545 1.24511 1.33572 1.21469 
1021 0.114577	2.00653 1.15465 0.958615 0.83716 0.970445 1.00522 1.12221 0.867329 1.30808 0.879374 
1022 0.149178	1.04358 1.10387 1.1251 1.39702 1.29834 1.67094 1.12298 1.42484 0.878647 1.09881 
1023 0.153148	0.460172 0.872746 0.997708 1.3891 1.27526 1.72306 1.0578 1.82379 0.801594 1.1713 
1024 0.182643	0.494032 0.744966 0.811404 0.837772 0.823659 1.22195 0.814563 1.14537 0.762437 1.00081 
1025 0.0501985	3.62213 1.4944 1.10563 0.89646 1.01482 0.834168 1.2733 0.663631 1.44305 0.969306 
1026 0.0916052	1.27208 0.97661 0.85887 0.86393 0.966362 0.991065 1.01686 0.70403 1.12938 0.932152 
1027 0.191719	0.849775 0.921058 0.765702 0.682487 0.947759 1.09371 0.953022 0.582643 1.07777 1.02395 
1030 0.203111	1.04353 1.03505 1.11578 1.01761 1.05717 1.13988 1.26734 0.9146 1.09515 0.978459 
1031 0.1855	1.02564 0.872035 1.12412 1.13974 1.2108 1.25494 1.12358 1.49856 0.871217 1.08884 
1032 0.0604638	3.44205 1.37592 1.06484 0.859269 1.08425 0.77039 1.33978 0.588209 1.33361 0.949639 
1033 0.04344	1.62424 1.19094 1.14414 0.917373 1.13166 1.14645 1.41052 0.953406 1.22509 1.1052 
1034 0.196654	0.789283 0.887278 0.865117 0.808533 0.981175 0.956928 0.920794 0.774196 1.03608 0.866843 
1035 0.109774	1.48359 0.997615 0.819088 0.765537 0.955022 0.577184 0.975087 0.622134 1.25807 0.935961 
1036 0.143822	0.43687 0.692399 0.927982 1.03249 1.07842 1.11757 0.794519 1.27983 0.781667 1.05449 
1037 0.0572351	0.252903 0.731809 1.00332 1.43116 1.36609 1.75169 1.04143 2.17567 0.673335 1.29338 
1040 0.0928585	0.524211 0.886043 0.817516 0.70614 0.939578 0.714197 0.761075 0.63277 0.930469 0.816747 
1041 0.159104	0.651024 0.863634 0.993294 1.46708 1.28256 1.4021 1.04772 1.33404 0.816433 1.17606 
1042 0.295233	1.20873 1.16639 0.973093 1.06397 1.02113 0.818269 1.08569 0.995158 1.07527 0.984159 
1043 0.078116	0.354941 0.73181 0.838404 1.16682 1.16734 1.06431 0.73155 1.10696 0.827684 1.081 
1044 0.119663	1.45159 1.19307 1.09033 1.16026 1.06878 1.01994 0.989125 1.23211 1.00031 0.871022 
1045 0.0844342	3.21273 1.64619 1.04185 0.906887 0.81116 0.591799 1.2852 0.769827 1.31356 0.912057 
1046 0.088072	1.77215 1.24414 1.14621 1.07169 1.12405 0.912914 1.36113 0.977741 1.26565 1.34904 
1047 0.0825196	1.30469 1.01932 0.883819 0.671282 0.788385 0.535743 0.889288 0.502797 1.22514 0.970594 
1050 0.25	1.56493 1.29985 1.07146 1.06857 0.956 0.762931 1.06096 0.972861 1.18409 0.871217 
1051 0.105424	0.52126 0.843758 0.978364 1.49338 1.31706 1.4413 0.975152 1.30362 0.839924 1.18854 
1052 0.0574713	0.508727 0.761624 0.962572 1.04627 1.01532 1.00429 0.713198 1.14257 0.836231 0.905541 
1053 0.0702227	3.15628 1.39268 1.2462 1.44846 1.07406 1.01191 1.57326 1.4502 1.30231 1.19941 
1054 0.0899784	1.48044 1.09615 1.20288 1.13735 1.06578 0.995925 1.30575 0.979888 1.19424 1.11125 
1055 0.21893	0.846709 1.02093 1.21453 1.31669 1.13947 1.25596 0.971943 1.59869 0.871646 1.10347 
1056 0.0508261	0.9946 0.95588 0.804506 0.733354 0.74416 0.544582 0.823371 0.700723 1.07703 0.756416 
1057 0.157148	0.865303 0.871457 0.935877 0.916201 0.969827 0.785523 0.825433 0.81637 0.976265 0.855459 
1060 0.125278	0.993003 1.10095 1.45533 1.25066 1.17897 1.54082 1.18235 1.40443 0.933086 1.10997 
1061 0.102177	0.509996 0.849901 0.965942 0.786818 0.977256 1.02949 0.745017 0.960424 0.78871 0.840266 
1062 0.110173	1.60692 0.977377 0.854911 0.865105 0.940214 0.680008 0.921943 0.970442 1.07553 0.831048 
1063 0.0724123	0.944236 1.00551 1.23152 0.936991 0.954171 1.17178 0.838488 1.2302 0.823562 0.801963 
1064 0.124833	1.45709 0.987515 1.17144 0.807381 0.861379 0.940118 1.04579 0.826058 1.15802 0.939987 
1065 0.106175	0.467734 0.942799 1.09798 1.32191 1.22135 1.59068 0.962438 1.88234 0.748183 1.24213 
1066 0.16215	2.72518 1.15624 1.17483 0.798222 0.875049 0.94948 1.20389 0.784378 1.30576 0.941158 
1067 0.196801	0.846311 0.882691 0.823777 0.817538 1.04047 0.900705 0.930142 0.826712 0.93506 1.10451 
1070 0.113652	2.1674 1.27365 1.02483 0.854634 1.03849 0.856177 1.38265 0.666374 1.33506 1.02207 
1071 0.0662408	0.790429 1.0155 1.1284 1.50528 1.47208 1.63589 1.08175 1.70328 0.850685 1.14637 
1072 0.110962	0.767337 0.952715 1.37615 1.32344 1.05387 1.40954 0.918566 1.89461 0.877572 1.06575 
1073 0.19536	0.55764 0.800942 1.00126 1.02871 1.0422 1.28008 0.834233 1.3793 0.783404 0.943468 
1074 0.118695	0.831857 0.998316 0.873556 0.94113 1.14834 1.15911 0.971455 0.976737 0.972912 1.09729 
1075 0.126093	1.21571 1.08318 1.14779 1.08962 1.08275 1.04203 1.16118 1.134 1.06124 1.17464 
1076 0.0645595	2.08612 1.15422 1.01877 0.79336 0.932077 0.850611 0.975252 0.697287 1.20001 0.857137 
1077 0.204438	1.15711 1.01468 0.89473 0.830293 0.930067 0.949837 1.00049 0.724674 1.07772 0.977581 
1100 0.0863979	2.3084 1.35738 0.866836 0.915544 0.928434 0.611135 1.07414 0.710296 1.17598 0.858479 
1101 0.107222	1.82424 1.43515 1.13201 1.19393 0.966427 0.961555 1.21959 0.932934 1.03795 1.10698 
1102 0.178113	0.60147 0.94906 0.901359 0.901937 0.927632 0.973971 0.847049 0.764744 0.834344 0.90733 
1103 0.135578	0.729079 0.939333 1.28337 1.11718 1.06251 1.15967 0.940232 0.995994 0.932427 1.08327 
1104 0.0575986	3.3398 1.30903 1.18217 0.952196 0.899927 0.985247 1.36568 0.960542 1.41074 0.862646 
1105 0.073992	0.487532 0.772511 0.952001 1.2659 1.13843 1.19037 0.744531 1.22149 0.803897 1.2529 
1106 0.133806	1.21235 0.98399 0.91217 0.966134 0.8812 0.734569 0.87453 0.766067 1.13446 1.00619 
1107 0.227293	1.3344 1.32256 1.1757 1.25535 1.04229 1.06381 1.03449 1.63986 0.933639 1.03691 
1110 0.230396	1.8164 1.13275 0.942133 0.891673 0.848277 0.753036 1.11754 0.70084 1.12759 1.02102 
1111 0.126948	0.505675 0.819138 0.781899 0.865287 0.882793 0.81227 0.748644 0.846378 0.859061 1.00373 
1112 0.0544061	1.24626 1.43142 1.1502 1.16938 0.810758 0.959742 0.960231 1.62817 0.784116 0.740477 
1113 0.0595147	1.09682 1.24714 0.966167 1.56691 1.28019 1.16326 1.24308 1.33766 0.856582 1.21046 
1114 0.0738186	0.896893 1.08784 1.21359 1.43365 1.18219 1.59386 0.995693 1.61239 0.755052 1.11864 
1115 0.178544	0.974634 1.13174 1.04707 1.10142 1.05495 1.17903 1.0246 1.0382 0.895053 1.14415 
1116 0.0556833	2.19061 1.31765 1.24399 0.944794 0.86249 0.94927 1.17355 0.979696 1.14125 0.916089 
1117 0.22069	0.651249 0.954245 0.851244 1.01375 1.00215 1.04103 0.994082 0.912737 0.924015 1.03489 
1120 0.113034	0.592799 0.892965 0.848454 0.914926 1.08904 0.960316 0.866767 0.685549 0.962498 1.08947 
1121 0.100147	1.19992 1.0838 1.02532 0.971871 1.18793 0.892644 1.07941 1.03391 0.994866 1.10864 
1122 0.0614875	3.75899 1.23857 1.06596 0.75428 0.959853 0.615989 1.33 0.578788 1.57459 0.911869 
1123 0.164948	0.945146 1.20582 1.1355 1.34425 1.20775 1.4098 0.963162 1.71982 0.82639 1.341 
1124 0.131443	1.03636 1.08081 1.27969 0.956822 0.952841 0.980253 1.04235 1.08944 1.03465 1.13606 
1125 0.138439	0.455346 0.71866 0.946306 1.04749 1.17479 1.01209 0.814724 1.03856 0.815546 1.08063 
1126 0.150221	0.860787 0.916937 0.987455 0.698776 0.845961 0.785883 0.867311 0.625731 1.16576 0.962587 
1127 0.14028	2.11621 1.27281 1.24259 0.933541 1.01183 0.758448 1.27377 0.727542 1.34999 1.11527 
1130 0.142458	1.72144 0.986063 1.07779 0.577715 0.768026 0.678988 1.0016 0.773857 1.19684 0.972188 
1131 0.051676	2.01848 1.19381 0.951342 0.882905 0.917833 0.807122 1.16994 0.934826 1.09953 1.00426 
1132 0.164804	1.61599 0.995672 1.01944 0.899083 1.13158 0.919181 1.05635 0.958467 1.16778 1.29132 
1133 0.0758845	0.325108 0.611865 1.13408 0.981009 1.11661 1.33668 0.986613 1.4 0.846569 1.23232 
1134 0.22486	0.741248 0.785543 0.849531 1.05828 1.10263 1.02556 0.908448 1.41216 0.801329 1.00923 
1135 0.167132	1.06892 1.02221 1.21166 1.09013 1.02572 1.17884 1.07817 1.56125 0.952794 1.19257 
1136 0.0488827	0.717951 0.718782 0.649599 0.642668 0.861561 0.708524 0.76385 0.65723 0.86547 0.836183 
1137 0.124302	1.13261 0.927232 0.920559 0.788345 0.830276 0.794026 0.828041 1.11144 0.969313 0.899748 
1140 0.175682	2.03127 1.01893 1.01198 0.755011 0.89798 0.847421 1.18438 0.63679 1.14993 1.12609 
1141 0.164431	0.638606 0.749084 1.02366 1.0224 1.14025 1.21216 0.914077 0.982781 0.917945 1.30937 
1142 0.0817828	2.96441 1.15232 1.10957 0.951547 0.929629 0.837756 1.37211 0.996804 1.3049 0.982403 
1143 0.155344	0.593961 0.609237 1.14254 1.27707 1.19752 1.49914 0.878984 1.72309 0.816308 1.17583 
1144 0.212462	1.01862 0.735285 0.792052 0.761193 0.860266 0.716537 0.82191 0.719623 0.978178 1.11234 
1145 0.0484639	1.1154 1.1109 0.692305 0.927353 1.1991 0.859237 1.0495 0.622987 1.11609 1.27991 
1146 0.0770229	1.38749 1.01761 1.26014 1.20148 1.18447 1.3317 1.23978 1.65677 0.892322 1.26079 
1147 0.0848118	1.0857 0.948223 0.729803 1.00791 0.996476 1.00691 1.00939 1.1206 0.89171 0.912212 
1150 0.205561	0.906215 0.807163 0.835798 0.722205 0.864129 0.844838 0.964886 0.601373 1.05229 1.00891 
1151 0.184707	0.622931 0.895547 1.02777 1.10171 0.941375 1.01346 0.858256 1.11391 0.772002 0.854618 
1152 0.107994	0.456827 0.769016 1.01994 1.2921 1.09571 1.27598 0.985062 1.27955 0.771893 1.01969 
1153 0.102036	1.12752 0.95502 1.03413 0.878442 1.03334 0.790132 1.17905 0.67288 1.1321 1.07077 
1154 0.0563555	3.09157 1.17487 1.2556 0.78186 0.865628 0.773943 1.41847 0.621288 1.34121 0.782566 
1155 0.128103	1.87743 1.21206 1.09737 0.938129 0.993512 0.868012 1.22825 0.935514 1.01011 0.923246 
1156 0.0633069	0.674898 0.972749 1.22582 1.58207 1.16958 1.51658 0.96589 2.20773 0.73319 1.05584 
1157 0.151936	1.00387 1.02317 1.33316 0.981816 1.06126 0.954479 1.12705 1.08416 0.989625 1.06186 
1160 0.0648267	0.5128 0.69165 0.777236 0.997405 0.916354 0.912554 0.740989 0.698454 0.86151 0.815421 
1161 0.216303	1.49208 1.09782 1.00643 1.09707 1.03528 0.829581 1.0588 0.639365 1.1715 1.0038 
1162 0.0657895	1.34012 1.30927 0.981121 1.67136 1.06404 0.931481 1.05384 1.58996 0.908601 0.777543 
1163 0.207638	0.789214 0.948586 1.06127 1.54421 1.1606 1.23715 1.02149 1.72643 0.88289 1.10315 
1164 0.130616	2.60571 1.33136 1.21166 1.05731 0.874417 0.714741 1.15359 0.828928 1.18133 0.767214 
1165 0.135109	0.780157 0.797692 0.855921 1.078 0.995184 0.731761 0.899656 0.794364 1.07689 1.08635 
1166 0.117137	0.663438 0.826278 1.00084 1.25622 1.03482 0.934321 0.986255 0.946757 0.937834 1.01746 
1167 0.0625802	0.64321 0.937134 1.02131 1.20129 0.985403 0.880595 0.777507 1.12714 0.901694 0.941137 
1170 0.138825	2.75353 1.21891 1.07061 0.79459 0.855557 0.741062 1.16283 0.798235 1.28607 1.13674 
1171 0.12624	0.704566 0.86908 0.940212 1.14228 0.94181 1.10727 1.13019 1.06394 1.04614 1.14015 
1172 0.167811	0.357581 0.688835 0.972201 1.05998 1.10214 1.42698 0.842282 1.4867 0.722123 1.21288 
1173 0.0953471	1.54071 1.05441 1.11884 0.799683 0.748155 0.96767 1.0137 0.728404 1.1984 0.88485 
1174 0.151411	0.675471 1.00118 1.26669 1.15177 0.900337 1.3034 1.00355 1.28117 0.876012 1.05311 
1175 0.154844	0.80153 0.89904 0.860507 0.943649 0.972448 0.754403 0.867703 0.682523 1.01076 1.11219 
1176 0.0484363	0.677384 1.13957 1.3916 1.62433 1.2613 1.80554 1.20772 2.4489 0.851681 1.30566 
1177 0.117086	1.09617 1.10633 1.13797 1.05912 0.885108 1.06974 0.960097 0.952177 1.01221 0.890468 
BOUNDS
LWPS R    0.0  0.0  0.0  0.0  0.0  0.0  0.0  0.0  0.0  0.0
UWPS R    0.5  0.5  0.5  0.5  0.5  0.5  0.5  0.5  0.5  0.5
LXAS R   -0.5 -0.5 -0.5 -0.5 -0.5 -0.5 -0.5 -0.5 -0.5 -0.5
UXAS R    0.5  0.5  0.5  0.5  0.5  0.5  0.5  0.5  0.5  0.5
END
