NAME moment_estimation_cluster
ASSETS 10
BENCHMARKS 0.1 0.1 0.1 0.1 0.1 0.1 0.1 0.1 0.1 0.1 
COVARIANCES
0 0 0.00546862
1 0 0.000751905
1 1 0.000995704
2 0 -0.00213646
2 1 0.000867775
2 2 0.00425315
3 0 0.000941341
3 1 0.00112089
3 2 0.0017664
3 3 0.00277109
4 0 0.00105762
4 1 0.000326977
4 2 -0.000151729
4 3 0.000101455
4 4 0.00110709
5 0 0.00494379
5 1 -0.000449849
5 2 -0.00681994
5 3 -0.00258228
5 4 0.00148542
5 5 0.0192721
6 0 -0.00062422
6 1 0.0002579
6 2 0.000581507
6 3 -0.000139648
6 4 -3.61594e-06
6 5 0.000430938
6 6 0.00079492
7 0 -0.00129821
7 1 0.000869232
7 2 0.00326423
7 3 0.00213547
7 4 8.60137e-05
7 5 -0.00648507
7 6 3.70635e-05
7 7 0.00370406
8 0 0.00172232
8 1 -0.000139639
8 2 -0.00235948
8 3 -0.00117222
8 4 0.00117539
8 5 0.00765185
8 6 0.000116342
8 7 -0.00223345
8 8 0.00402208
9 0 -0.000211469
9 1 0.000780467
9 2 0.00223973
9 3 0.00187249
9 4 0.000421129
9 5 -0.00460624
9 6 -0.000214825
9 7 0.00277072
9 8 -0.00137735
9 9 0.0025849
SCENARIOS
0 0.53237	1.01947 1.02248 1.04907 1.04387 0.998383 0.951069 0.998328 1.05194 0.982711 1.03736 
1 0.46763	1.00079 0.97772 0.971451 0.962275 1.00257 1.07005 1.0061 0.963047 1.01978 0.956756 
00 0.593798	1.0034 1.0128 0.98976 1.01156 1.03269 0.981046 1.00873 1.00043 1.00846 1.03128 
01 0.406202	0.946349 0.986282 1.0049 0.98618 0.959021 0.924488 1.00145 0.978334 0.927838 0.965718 
10 0.460385	1.05236 1.01275 0.981142 1.01891 1.04113 1.10219 0.980202 1.00839 1.07775 1.02587 
11 0.539615	0.956767 0.984595 1.02732 0.994358 0.96726 0.95152 1.01056 1.01233 0.988207 0.998516 
000 0.0685816	0.919608 0.95347 0.957272 0.944066 0.942415 1.13767 0.953114 0.933276 1.03948 0.908435 
001 0.252847	1.05308 1.02258 1.08127 1.06002 1.04433 1.05786 0.96943 1.05136 1.01441 1.06089 
002 0.14776	1.04696 0.974554 0.89143 0.930782 1.0134 1.26688 0.958854 0.920435 1.06987 0.904073 
003 0.196697	1.09787 1.0108 0.983903 1.0611 0.969099 1.05629 0.962221 0.992089 0.9308 0.995488 
004 0.105023	0.929517 0.962446 1.03243 0.924337 1.00185 1.03008 1.04412 0.981841 0.979696 0.979367 
005 0.0559598	0.939565 1.03953 1.0997 1.06462 0.958751 0.890139 1.00645 1.07785 0.961888 0.989941 
006 0.110116	0.856886 0.954835 1.06551 0.988247 0.964075 0.802391 0.995536 1.08072 0.896643 1.04058 
007 0.063014	0.93177 1.00312 1.07404 1.01292 0.917691 0.746565 1.00049 1.06935 0.873637 1.02604 
010 0.0793526	1.14813 1.02627 0.942447 1.05328 1.01075 1.24297 1.03266 0.973291 1.08866 0.977653 
011 0.0921618	0.910393 0.992493 1.08991 1.00566 0.958385 0.831294 1.0087 1.07052 0.916274 1.02452 
012 0.0995145	1.09864 0.997824 0.923261 0.956443 1.0618 1.33872 1.03302 0.933187 1.14893 0.959627 
013 0.208832	0.983202 0.967441 0.921889 0.920089 1.01703 1.161 0.988656 0.962503 1.08073 0.954312 
014 0.264185	0.97574 1.01483 1.07475 1.06435 1.01054 0.859873 0.99291 1.07106 0.928775 1.08888 
015 0.118936	0.971693 0.963638 0.95753 0.990946 0.948528 1.06144 1.00615 0.985584 1.01554 0.965927 
016 0.0696416	0.868598 0.934006 0.932785 0.879455 0.956361 1.05252 1.03384 0.958039 1.04282 0.931921 
017 0.0673757	1.00643 0.982283 1.00882 1.04749 0.951304 0.854838 0.936131 1.05229 0.936573 1.07973 
100 0.0607088	0.874795 1.01721 1.14999 1.06043 0.991077 0.668407 1.00912 1.13137 0.832205 1.09456 
101 0.130011	1.01665 1.04618 1.04425 1.03269 1.05725 1.02302 1.01906 1.04416 1.0303 1.06834 
102 0.155418	1.0149 1.01842 0.966274 0.981869 0.967422 1.0128 1.01845 0.941243 0.955095 0.942348 
103 0.0566678	0.965589 1.06894 1.16299 1.0638 1.02675 0.727126 1.01964 1.18852 0.901059 1.13032 
104 0.0804032	1.0706 1.0572 1.04945 1.10508 0.981611 0.927251 1.01434 1.07193 0.900027 1.02382 
105 0.19634	0.991583 0.995191 1.04811 0.987425 1.00172 0.982622 1.00312 0.993837 1.00272 1.01881 
106 0.23178	1.0435 0.992172 0.912442 0.901525 1.0134 1.16201 1.01421 0.887083 1.09231 0.905166 
107 0.0886711	0.903736 0.962363 1.02834 0.960901 0.942636 0.834031 1.01225 0.989498 0.856517 1.01626 
110 0.0780693	0.868644 0.977494 1.03903 0.989415 0.926243 0.836953 0.979885 1.01951 0.892748 1.01062 
111 0.179123	1.07744 1.05626 0.988766 1.06447 1.04054 1.07379 1.02072 1.04758 1.01231 1.06313 
112 0.171634	1.06235 0.982003 0.860615 0.934541 0.989489 1.18016 0.975702 0.895697 1.0227 0.920994 
113 0.102441	1.00456 1.05277 1.11858 1.09987 0.969897 0.723691 0.990789 1.13113 0.905394 1.11644 
114 0.160815	0.984596 1.02325 1.07172 1.0511 1.01134 0.871543 0.977012 1.03124 0.968509 1.07097 
115 0.116589	0.947378 0.996865 0.994322 0.957292 0.997498 0.851948 0.967441 1.00248 0.950816 0.995134 
116 0.114211	1.03209 1.03972 0.936751 0.962824 1.05198 1.118 1.02054 0.946227 1.07887 0.957228 
117 0.0771182	1.07063 1.02527 0.935811 1.03069 0.957817 1.00368 0.965578 0.976461 0.961194 1.0077 
0000 0.0747232	1.15667 1.0469 0.952995 1.01911 1.01973 1.28541 1.10628 0.934678 1.07759 0.958454 
0001 0.0636531	0.957306 1.0405 1.09183 1.07121 1.01989 0.817521 1.06242 1.11682 0.895647 1.11391 
0002 0.203875	0.995677 0.976552 1.07515 1.0076 1.01617 0.912549 1.06146 1.05825 0.942063 1.04901 
0003 0.140683	1.13541 0.986485 0.93388 0.979017 0.970621 0.946529 1.0181 0.926835 0.896063 0.975526 
0004 0.0627306	1.18064 1.05399 0.989963 1.08643 1.03699 1.077 1.03118 1.08539 1.06254 1.02929 
0005 0.152675	1.10647 1.02709 1.00963 1.08292 0.967474 0.822289 1.00291 0.98737 0.913705 1.0206 
0006 0.20941	0.944116 0.977481 1.00179 0.920587 0.989743 0.998796 1.07635 0.971603 1.04411 0.956915 
0007 0.0922509	1.17181 0.97667 0.955031 0.968282 1.0573 1.09851 0.994876 0.95097 1.01154 1.01271 
0010 0.115851	0.982679 1.01609 0.98996 1.07717 0.972374 0.939901 1.01155 1.00316 0.934805 0.975647 
0011 0.141874	1.05459 1.01246 1.01903 1.0348 1.03343 0.999589 1.02843 1.02459 1.0523 1.03609 
0012 0.0839485	0.971018 1.0044 1.02061 1.05098 0.921703 0.821774 0.951982 1.06213 0.941417 0.987758 
0013 0.12048	1.09326 1.03002 0.876035 0.937209 1.07317 1.3488 1.03851 0.928531 1.15799 0.930089 
0014 0.154635	0.852689 1.02105 1.09212 1.0102 0.968821 0.728811 1.01289 1.1667 0.835296 1.05927 
0015 0.185913	1.07902 0.964568 0.900339 0.960104 0.987193 1.05679 1.02032 0.953994 1.08416 0.918316 
0016 0.0414112	0.867712 1.0725 1.28008 1.1221 0.997604 0.595405 1.00517 1.23601 0.861877 1.16772 
0017 0.155886	0.927921 0.960398 0.96172 0.876828 1.00957 0.990451 1.05871 0.984662 1.05769 0.982951 
0020 0.150931	1.08398 1.04094 1.12039 1.07556 0.976147 0.862568 1.05662 1.04389 0.895775 1.0745 
0021 0.130379	1.0395 1.04799 1.10692 1.05603 1.06195 1.0114 1.09345 1.0549 1.0845 1.10442 
0022 0.197388	1.00429 0.984263 1.00336 0.982618 1.00965 0.899556 1.02374 0.976749 1.0098 1.07008 
0023 0.131878	1.05368 0.961745 0.924158 0.946721 0.951581 1.02831 1.03195 0.888069 1.03113 0.940236 
0024 0.17812	1.05132 1.00419 0.875203 0.967812 1.02622 1.27347 0.989907 0.92123 1.18719 0.970901 
0025 0.0485977	1.04725 1.00619 0.930398 1.02748 0.92806 1.11353 1.05398 0.905361 0.959707 0.924041 
0026 0.104046	1.21067 1.01662 1.01213 1.0452 1.01568 1.16893 1.04571 0.999766 1.01096 0.978472 
0027 0.0586598	0.917941 0.967738 1.04302 0.949313 0.985195 1.05618 1.07862 0.990349 1.06094 0.975351 
0030 0.0717272	0.967214 0.959631 0.854502 0.899441 0.984163 1.21054 1.02685 0.909946 1.17256 0.908498 
0031 0.0781602	1.1359 0.959502 0.904457 0.961681 1.06112 1.30702 0.988722 0.917364 1.18841 0.944682 
0032 0.0686716	1.11839 0.953802 0.88219 0.971316 1.02025 1.03552 0.935835 0.970762 1.10975 0.994722 
0033 0.156642	0.939647 1.04066 1.10544 1.11009 0.989441 0.802029 1.02567 1.21958 0.928342 1.09456 
0034 0.267449	1.01041 1.02008 1.04506 1.04063 1.02545 0.940433 1.00513 1.02318 1.04545 1.01647 
0035 0.214699	0.938747 0.958431 1.02513 0.977907 0.990093 0.852452 1.00862 1.02338 1.02183 1.01282 
0036 0.0723705	0.959793 1.00222 0.975483 1.02905 0.954353 0.944503 0.967341 0.964086 0.994917 0.961024 
0037 0.0702798	0.999998 0.993211 0.917543 0.959143 1.04439 1.13366 1.01419 1.01903 1.1538 0.967843 
0040 0.198795	0.887452 1.00524 0.986076 0.972045 0.992488 0.977713 1.01119 1.00065 0.978006 0.92597 
0041 0.109337	1.00949 1.01677 0.903397 0.984459 1.0232 1.10547 0.932403 0.948564 1.12031 0.966858 
0042 0.0987952	0.980191 1.01321 0.990619 1.06107 0.971602 0.93546 0.954388 1.03013 0.967623 0.974521 
0043 0.0590361	1.07945 0.962992 0.887633 0.959901 1.03231 0.966949 0.884526 0.993349 1.02569 0.987934 
0044 0.146084	0.979383 1.01457 1.05088 1.02729 0.997101 0.845734 1.0124 1.08165 0.982242 1.04763 
0045 0.176807	1.09015 1.04661 1.04217 1.04155 1.06219 0.911752 0.94918 1.08407 1.02084 1.04438 
0046 0.113554	0.901488 1.01286 1.13671 1.10239 0.972478 0.804214 0.988118 1.11634 0.936678 1.06622 
0047 0.0975904	0.859618 0.94136 0.946781 0.913086 0.948331 0.867861 0.935109 0.925252 1.05166 0.962333 
0050 0.210854	0.965807 0.974459 1.01712 0.976776 0.986813 1.10167 1.00824 0.961861 1.03245 0.995291 
0051 0.160543	1.06544 1.04315 1.07976 1.08414 1.013 0.937464 1.06822 1.05152 0.918674 1.07163 
0052 0.0966648	0.832826 0.95976 0.952105 0.90798 0.960591 1.14077 1.05846 0.908495 1.00299 0.931859 
0053 0.131148	0.937406 0.973871 1.06001 1.00154 0.963284 0.879768 1.03683 1.04047 0.864108 1.02074 
0054 0.195591	1.03688 0.983578 0.967241 0.958099 1.03862 1.183 1.06115 0.931095 1.00429 0.969532 
0055 0.0785755	0.959527 0.996167 1.14407 1.01449 1.04077 0.875789 1.0138 1.02235 0.954079 1.04903 
0056 0.0655738	0.938358 0.950796 1.02543 0.995717 0.928002 1.05133 1.02403 0.910718 0.999336 0.985551 
0057 0.0610514	0.830123 0.978735 1.2059 1.09908 0.974504 0.68047 1.02497 1.23564 0.841298 1.14821 
0060 0.136455	0.991684 0.971001 0.988595 0.934966 0.956017 0.915875 0.975571 1.0164 0.931631 0.970557 
0061 0.108589	1.13841 1.04151 0.985617 1.05932 1.00577 1.24716 0.955724 0.98783 1.10098 0.9983 
0062 0.120655	0.941913 1.09131 1.16974 1.03431 1.01186 0.777464 1.07085 1.13993 0.927461 1.07817 
0063 0.0979604	1.11894 0.974252 0.906971 0.987954 0.968105 1.27121 0.975317 0.931002 1.06994 0.944747 
0064 0.144499	1.11243 0.9862 0.926084 0.956127 1.03658 1.18846 0.939994 0.897069 1.11936 0.934266 
0065 0.0649239	0.990947 1.06593 1.18375 1.13251 0.973905 0.792803 1.05613 1.14619 0.843361 1.07935 
0066 0.23815	0.982391 1.02408 1.08006 1.00289 1.03364 1.10589 0.982589 1.06132 1.13189 1.02562 
0067 0.0887676	1.0201 1.01094 1.03469 1.05039 0.973119 0.932989 0.997158 0.978678 1.01952 1.00467 
0070 0.0928715	0.886105 0.933613 0.957426 0.89293 0.997322 1.12107 0.962568 0.917255 0.991426 0.918294 
0071 0.0677711	1.06923 0.918907 0.852191 0.95796 0.996862 1.21022 0.933203 0.927598 1.06558 0.95089 
0072 0.162651	1.09186 0.967243 0.934241 1.01507 1.04785 1.03861 0.887606 0.966739 1.08442 0.999915 
0073 0.064759	1.08538 0.992768 1.01332 1.12198 0.995683 1.06174 0.97735 1.03012 0.934843 1.02237 
0074 0.196285	1.03465 0.933869 0.987204 0.995837 0.969615 0.98224 0.950564 0.9992 0.935071 0.970729 
0075 0.122992	0.930301 0.985998 1.07465 0.965245 1.0295 0.94363 0.988599 1.00122 0.979164 0.973827 
0076 0.189759	0.927781 1.022 1.14852 1.11675 1.02509 0.731016 0.970995 1.1487 0.920947 1.12915 
0077 0.102912	0.843065 1.00262 1.15199 1.06071 0.955299 0.730698 0.957928 1.19854 0.828039 1.06907 
0100 0.154429	1.02256 0.981229 0.954589 0.982583 1.04553 1.19065 1.02607 0.98183 1.02786 1.01651 
0101 0.0582751	0.81306 1.0045 1.07957 0.935342 1.01991 1.03485 1.01444 0.979299 1.04406 0.990405 
0102 0.106061	0.986282 1.04424 0.990241 1.08598 0.990693 0.975545 0.954496 0.981462 0.978794 1.01109 
0103 0.168415	0.908786 0.962898 1.07125 0.973927 0.997553 0.908214 0.989284 1.02634 0.983323 1.04491 
0104 0.0454545	0.988981 0.979687 0.864869 0.96812 0.951863 1.3003 1.01309 0.867616 1.01648 0.94617 
0105 0.0775058	0.900938 1.07775 1.12683 1.06832 1.04608 0.975656 1.01196 1.12662 0.972677 1.15183 
0106 0.182984	0.920402 0.995308 0.890622 0.922357 0.986738 1.09586 0.951131 0.968792 1.03223 0.967187 
0107 0.206876	1.00368 1.00936 1.01973 1.05039 1.02611 0.860964 0.971271 1.05441 0.955246 1.07943 
0110 0.161565	0.921533 0.956761 1.04276 0.965798 1.00622 0.91858 0.998467 1.02097 1.06445 1.02403 
0111 0.178123	1.18546 1.06317 1.0026 1.09739 1.0181 1.0457 1.0051 1.00103 1.05708 1.00535 
0112 0.126443	0.965191 0.989067 1.03296 0.928294 0.962975 0.996214 1.04551 0.936478 0.991473 0.97507 
0113 0.110386	0.879529 1.00441 0.997605 1.02853 0.94961 0.986696 1.03459 1.04513 1.01225 1.01811 
0114 0.165078	1.104 1.02333 0.910265 0.964371 1.01686 1.37999 1.01624 0.836183 1.16402 0.90384 
0115 0.061716	0.956531 1.08349 1.12848 1.08557 1.02398 0.909591 1.06157 1.06215 0.940396 1.07009 
0116 0.149022	1.09753 1.03799 0.988826 1.03288 0.991583 1.06838 1.06208 0.953893 0.975925 0.975766 
0117 0.0476668	0.849209 1.0054 1.16586 1.07492 0.943129 0.713142 1.00078 1.03676 0.874921 1.05418 
0120 0.202602	0.954555 1.00961 1.00518 1.04401 1.01577 1.02058 0.988169 0.995414 1.05048 1.03431 
0121 0.101301	1.0228 0.96475 1.04856 1.01397 1.05427 0.871675 0.96482 1.01182 0.959562 1.07103 
0122 0.0859665	0.879285 1.01471 1.04163 0.992807 0.960746 1.06539 0.994361 1.01895 1.09721 1.00505 
0123 0.113848	0.945716 1.02605 0.99888 1.04788 0.948134 0.861731 0.988067 1.00567 0.862028 0.98666 
0124 0.171468	0.849094 0.966474 1.02234 0.963228 1.00047 0.960599 0.957309 0.953613 0.993838 1.00967 
0125 0.107342	1.01111 0.954523 0.879222 0.951403 0.992977 1.29122 0.951023 0.89408 1.17012 0.912526 
0126 0.125929	0.953811 1.0202 1.1253 1.07806 0.991018 0.739934 0.96772 1.14294 0.932954 1.1158 
0127 0.0915428	0.822456 0.997729 1.18019 1.01781 0.999426 0.644976 0.977841 1.13665 0.884353 1.10458 
0130 0.19132	1.09157 1.01003 0.932863 0.963741 1.04481 1.19635 1.04509 0.927988 1.04721 0.948881 
0131 0.0861382	1.01111 1.01383 1.0732 0.977637 1.05001 1.01999 1.05052 0.981354 1.04634 1.03618 
0132 0.201727	1.17501 0.966275 0.888759 1.00341 0.955586 1.19276 0.970133 0.891492 0.97859 0.964466 
0133 0.0728521	1.15414 1.05853 1.0546 1.12545 1.00417 0.886905 1.00628 1.10984 0.92927 1.09542 
0134 0.135297	0.968209 0.967907 1.00165 1.00015 0.974251 0.925028 1.02472 0.977608 0.943249 1.02515 
0135 0.064659	0.95627 1.04068 1.01538 1.03081 0.980708 0.863532 0.978215 1.04288 0.920658 1.0551 
0136 0.157662	0.921006 0.980913 1.03867 0.950056 0.959201 0.807142 1.0195 0.994706 0.953397 0.987635 
0137 0.0903454	0.889284 0.986852 1.07669 1.04643 1.01186 0.751911 1.01826 1.08534 0.961431 1.11031 
0140 0.0967968	1.04068 0.974289 0.901367 0.944871 1.00414 1.20432 0.998161 0.906238 1.11966 0.928614 
0141 0.0899702	1.06594 1.05075 1.07467 1.00843 1.02563 0.894921 1.04681 1.09249 0.952831 1.01861 
0142 0.103798	0.906521 1.07422 1.11874 1.11327 1.01078 0.768666 1.01242 1.14697 0.954225 1.09154 
0143 0.0880448	1.03784 1.0284 0.9554 0.983742 1.05882 1.20289 0.977032 1.02127 1.22816 0.99804 
0144 0.149134	0.917672 0.953072 1.00756 0.899654 0.98376 1.07417 1.00817 0.985583 1.06651 0.963405 
0145 0.103448	0.977059 0.993685 1.02271 0.966836 1.02301 1.07977 0.989896 1.00319 1.09577 0.947039 
0146 0.0883949	1.05897 1.02571 0.969362 1.08063 0.988009 1.09081 1.03131 1.05818 1.03904 1.0692 
0147 0.280413	0.919829 0.975962 1.07616 0.983984 0.952765 0.941267 0.995522 1.00572 0.994718 1.01371 
0150 0.0583204	0.950792 0.984147 0.99078 0.979439 0.966053 1.05072 0.978673 0.931679 1.01641 0.977326 
0151 0.106532	1.11725 1.03703 0.951013 1.05712 0.975222 1.02329 0.935688 0.918213 1.03166 1.01555 
0152 0.0765941	0.926603 0.993392 0.89594 0.966212 0.973377 1.05103 0.947244 0.928824 0.958766 0.963451 
0153 0.226672	0.960693 0.984378 1.03081 0.93799 1.0126 0.867895 1.00881 0.950758 0.97866 1.01036 
0154 0.13297	1.0629 1.02322 0.894434 0.960789 1.00583 1.31708 1.02682 0.894118 1.06014 0.932271 
0155 0.112364	0.953349 1.03092 1.03337 1.02819 1.01303 0.928424 0.976818 1.05533 0.98478 1.02861 
0156 0.0913686	0.988916 1.05355 1.12139 1.05988 1.00549 0.816532 1.01291 1.10228 0.869771 1.07957 
0157 0.195179	1.17313 1.04033 0.961184 1.03184 1.04945 1.04273 0.969106 0.991977 1.06103 1.0199 
0160 0.136122	0.97939 0.98033 1.06509 0.991547 0.950236 0.825667 0.979163 0.995157 0.948214 0.967838 
0161 0.0537849	0.935341 0.982421 1.15869 1.09181 0.949422 0.654092 0.934837 1.10263 0.810737 1.15301 
0162 0.0730412	1.06997 0.976391 0.891291 0.924427 0.986665 1.28484 1.00031 0.795907 1.09458 0.84491 
0163 0.064409	0.973414 1.06169 1.13039 1.08782 0.977089 0.789099 0.969263 1.06437 0.932686 1.03023 
0164 0.183931	1.13775 0.941538 0.935284 1.01006 0.972579 1.00647 0.912506 0.913067 0.974645 0.930529 
0165 0.146746	1.13077 1.03809 1.03903 0.965383 1.05552 0.992256 1.05551 0.959502 0.970843 1.00427 
0166 0.14409	1.08087 1.03425 1.02735 1.0488 1.02916 0.916766 1.01411 1.03365 0.920097 1.03193 
0167 0.197875	0.917183 0.972991 1.15563 0.993729 1.01017 0.717123 0.9561 1.05104 0.925157 1.03459 
0170 0.173644	1.04021 0.983126 0.878312 0.922936 1.01848 1.15111 0.998355 0.938693 1.02635 0.933675 
0171 0.0988332	0.882918 0.956038 1.04222 0.889341 1.00613 0.871752 1.04581 1.03936 0.979141 0.994695 
0172 0.0658888	0.919468 0.99463 1.0784 1.03047 1.06905 0.8773 1.03847 1.08328 1.01855 1.07688 
0173 0.0899108	0.89253 0.96234 0.979593 0.944455 1.03253 0.990774 0.989129 1.00121 0.977059 0.95758 
0174 0.227179	0.952152 0.980255 0.945197 0.974744 0.972426 0.861314 0.996375 1.00353 0.935054 0.978298 
0175 0.0569664	0.993963 1.04549 1.16011 1.14746 0.968749 0.760554 0.982326 1.13391 0.929487 1.06838 
0176 0.201098	1.08091 1.04337 0.946589 1.04296 1.01333 1.18237 1.02289 1.04397 1.11292 0.961999 
0177 0.0864791	0.983272 1.00744 1.05344 1.02445 1.03425 0.853486 1.06648 1.09076 0.981165 1.04866 
1000 0.0849273	1.04442 0.979489 0.966034 0.956545 0.968826 1.09774 1.01915 0.872746 1.07428 0.912114 
1001 0.107116	1.02523 1.01048 0.911871 0.933547 1.00265 1.40034 1.00018 0.93409 1.17062 0.950101 
1002 0.13772	0.973638 0.968447 1.05715 0.945107 0.981166 0.931066 1.01396 1.00442 1.02266 0.978371 
1003 0.108646	0.870145 1.02264 1.11525 1.00349 0.965732 0.834853 1.0026 1.05475 0.942323 1.04775 
1004 0.0910482	1.07683 0.94358 1.0669 0.905749 1.04192 1.09114 0.999254 0.936121 1.08816 0.969606 
1005 0.0910482	1.05135 0.958795 0.969192 1.04046 0.961747 1.10296 0.945799 0.963653 1.02919 0.9977 
1006 0.283856	1.02743 1.02749 0.967165 1.05022 1.03504 1.08737 0.958238 0.978333 1.01677 1.05498 
1007 0.0956389	1.0819 1.05048 1.09573 1.09684 0.956367 0.906656 0.974386 1.10939 1.02555 1.11126 
1010 0.0868167	1.12536 1.06215 1.0837 1.11911 1.00544 0.920787 1.00742 1.10903 0.944324 1.12506 
1011 0.0632369	0.996067 1.02264 1.07548 1.02255 0.98948 0.917798 1.04584 0.999866 0.970626 0.972033 
1012 0.103966	0.909805 0.966768 1.0388 0.986617 0.974592 0.798089 1.02741 1.01473 0.89895 1.0483 
1013 0.137906	1.10618 0.998653 0.916934 1.02864 1.01196 1.29843 1.05326 0.976883 1.09478 0.960276 
1014 0.0971776	1.08866 0.95539 0.943816 1.00212 1.02239 1.03999 0.962792 0.979005 1.01827 0.991817 
1015 0.174705	0.947892 1.008 1.08399 1.00772 1.03878 0.845445 0.985654 1.05018 1.00934 1.06414 
1016 0.235084	1.00698 0.987646 0.970953 1.00792 0.96244 0.980934 0.998318 0.937949 1.02656 0.95383 
1017 0.101108	1.13558 0.978642 0.910032 0.920089 1.07386 1.3097 1.00657 0.902675 1.17233 0.922733 
1020 0.10012	0.995571 0.971714 0.937716 0.991251 0.984033 1.13922 0.975332 0.985191 1.06905 0.92902 
1021 0.259115	1.00604 1.00633 1.02519 1.0005 1.02142 0.962855 0.968402 1.02694 0.971062 1.0589 
1022 0.124626	1.05604 0.976177 0.920095 1.03345 0.949683 1.14114 0.998812 0.968694 0.910334 0.992723 
1023 0.118649	0.928559 0.989901 1.07731 1.04619 0.974255 0.86839 0.984294 1.0791 0.942477 1.05344 
1024 0.0830843	0.89249 0.952263 1.03192 0.93052 0.961627 0.833741 0.993073 0.976719 0.999791 0.993018 
1025 0.0591751	1.12827 0.9918 0.881678 0.935823 1.04169 1.27725 0.99445 0.914923 1.06777 0.95293 
1026 0.104603	0.937716 1.03479 1.12007 1.08118 0.956963 0.784269 0.99364 1.06257 0.937222 1.07193 
1027 0.150628	1.23515 0.989674 0.945215 1.00771 1.02304 1.27257 0.981213 0.927359 1.09533 0.977042 
1030 0.203279	1.00743 1.04939 1.10568 1.02658 1.01541 0.953719 1.04366 1.03983 0.987124 1.0754 
1031 0.105738	0.981149 0.995818 1.09758 1.04636 1.01771 0.873285 0.972448 1.10787 0.958712 1.11238 
1032 0.0860656	1.04902 0.99868 0.939158 0.988399 1.04483 1.28467 0.98546 0.885809 1.08447 0.95936 
1033 0.117213	0.924396 1.01385 1.06182 1.1151 0.970877 1.07492 1.02535 1.03592 0.966158 1.06885 
1034 0.111475	0.890703 0.956073 1.02544 0.906757 1.04914 1.03373 1.02737 0.99672 1.12788 0.972929 
1035 0.208197	0.965057 0.972338 0.981184 0.994172 0.995204 1.0833 0.988677 0.953874 1.04795 0.975352 
1036 0.0803279	0.881931 0.963522 1.08519 0.968765 0.937678 0.816233 1.02704 1.04545 0.919201 0.972015 
1037 0.0877049	1.02931 1.00233 1.00984 1.03305 0.962569 0.862433 1.01726 0.977449 0.958123 0.969287 
1040 0.0941652	1.13798 1.0414 1.02891 1.07875 1.00707 0.879107 0.965022 1.04821 1.00294 1.16614 
1041 0.165222	0.955965 0.985852 0.998913 0.962352 0.990031 1.03019 1.05254 0.952582 1.04081 0.967104 
1042 0.125939	0.982933 1.00995 1.03607 0.982795 1.05204 0.943281 1.03645 1.04076 1.06265 1.06278 
1043 0.160601	0.948598 1.00105 1.11112 0.999148 0.962358 0.842444 1.06211 1.02847 0.904746 1.04667 
1044 0.0704795	0.907257 1.04152 1.19121 1.07107 0.990542 0.916932 0.997383 1.13626 1.02344 1.14291 
1045 0.156557	1.09069 0.979946 0.911713 0.959041 1.04437 1.15245 0.987236 0.897567 1.11734 0.945239 
1046 0.18082	0.991589 1.03854 1.00897 1.07332 1.00899 1.09809 1.0367 0.992736 1.08818 1.04763 
1047 0.0462161	0.959867 0.996874 0.89534 0.932641 0.95937 1.28866 1.0119 0.837436 1.11142 0.942488 
1050 0.0645848	0.960085 1.0483 1.02727 1.08246 0.974817 0.938079 1.02928 1.08079 0.94056 1.01459 
1051 0.112609	0.861161 0.95147 0.961855 0.956633 0.962684 0.958223 1.03024 1.00483 0.920606 0.938247 
1052 0.0570144	0.973965 1.07514 1.05006 1.0949 0.990627 0.857543 1.03759 1.17356 0.93117 1.10364 
1053 0.243908	0.985686 0.989115 0.955136 0.952182 1.01537 1.15445 1.06982 0.961508 1.0236 0.961536 
1054 0.147859	1.01464 1.01357 0.925021 1.00141 0.988402 0.985434 0.967193 1.00981 0.951062 1.02545 
1055 0.159924	1.17449 1.05524 0.92278 1.07659 1.04402 1.11252 1.00043 0.988582 0.997525 1.02183 
1056 0.16158	0.890687 1.02113 1.13039 1.02045 1.01278 0.83558 1.0498 1.10052 0.970768 1.05277 
1057 0.0525195	0.951194 0.964373 1.02138 1.00302 0.956766 0.860583 0.97135 1.02456 0.928914 1.00901 
1060 0.0923848	1.01322 0.95512 0.965258 0.900123 1.03382 1.05389 0.992229 0.998674 1.01077 1.0246 
1061 0.142485	0.917488 0.972281 1.0846 1.06924 0.987476 0.880982 1.00068 1.06813 0.861931 1.11233 
1062 0.201403	1.07004 0.999152 0.953697 1.02379 0.990899 1.24837 1.00439 0.978101 0.956674 0.961012 
1063 0.0683367	1.07718 0.975776 1.00021 1.05713 1.07268 1.34409 0.998759 1.01743 1.12887 1.05662 
1064 0.132465	0.975591 1.01402 1.06743 0.998478 1.03199 0.982789 1.00517 1.02637 0.986504 1.04506 
1065 0.21984	0.883589 0.936457 0.969384 0.959746 0.937145 1.01042 1.00903 0.953706 0.951956 0.975784 
1066 0.0803607	0.987301 0.965566 1.02349 1.0357 1.04375 0.834605 0.984596 1.1247 0.942311 1.13036 
1067 0.0627255	0.805138 0.982788 1.1222 0.933131 0.939836 0.801107 1.069 1.07949 0.909814 1.02536 
1070 0.0712415	0.928807 0.932839 0.976571 0.865831 0.958451 0.901109 0.982355 0.97161 0.977616 0.920919 
1071 0.0487166	0.924732 0.963735 1.06486 0.941456 0.952616 0.955962 1.00111 0.99057 1.01876 0.958636 
1072 0.112101	1.02648 1.01241 1.05076 1.06559 0.992835 0.853762 0.974665 1.09373 0.968544 1.07311 
1073 0.242535	0.999684 0.991191 0.95362 0.982281 0.981756 1.10408 0.999605 0.953822 1.07007 0.937847 
1074 0.0942902	0.976669 0.959122 0.946761 0.880053 1.03031 1.20143 1.03166 0.925658 1.20748 0.942232 
1075 0.0565741	1.01641 1.03989 1.01158 1.06445 0.961405 1.02295 1.02608 1.04872 1.01024 1.00534 
1076 0.171818	1.01719 1.02705 0.971703 0.969328 1.0319 1.00258 0.985509 1.01251 1.01569 0.98247 
1077 0.202724	0.950285 1.05655 1.05375 1.04145 1.03352 0.929338 0.965585 1.09375 1.06277 1.08223 
1100 0.111675	1.09714 1.06011 1.04048 1.09357 1.00238 0.866752 1.01679 1.0728 0.918566 1.06874 
1101 0.151269	1.10205 1.0118 0.940317 0.984266 1.02113 0.984007 0.999452 0.999336 0.97163 0.974905 
1102 0.219289	0.877754 0.972686 1.02327 0.90381 1.00064 0.963826 1.06134 0.962666 1.00443 0.952449 
1103 0.0664975	0.989968 1.02377 1.10221 0.991712 1.03893 0.862386 1.08989 1.06429 0.982974 1.03907 
1104 0.0928934	0.974121 1.01433 0.946982 1.0003 1.05849 1.09251 0.993314 0.959557 1.03049 0.974983 
1105 0.0939086	1.07302 0.993449 0.849802 0.91626 0.97774 1.32357 1.02744 0.852132 1.14597 0.883431 
1106 0.166497	1.0287 0.988778 0.980473 1.0365 0.970836 0.890187 0.967554 1.02976 0.923369 0.996116 
1107 0.0979695	1.1499 1.00134 0.935019 1.01355 0.939912 1.07201 0.9512 0.904466 1.00913 0.897314 
1110 0.113717	1.0317 0.964905 0.979445 0.950193 0.955031 0.992267 0.991463 0.912238 0.969462 0.90687 
1111 0.0980088	0.977033 1.03497 1.19794 1.04509 1.01478 0.753045 1.03335 1.08892 0.946309 1.06583 
1112 0.0639381	1.03122 0.997675 0.977481 0.878515 1.02323 1.17779 1.04462 0.895729 1.04929 0.901373 
1113 0.226106	1.07248 0.996581 1.01524 1.00062 1.03564 1.05912 0.954347 0.999123 1.05457 0.978403 
1114 0.109513	1.06277 1.07109 1.05959 1.08589 1.0256 0.907387 1.01082 0.967436 1.00264 1.02624 
1115 0.205752	0.982952 0.975906 1.04058 0.963518 0.992289 0.896166 0.991127 0.95628 0.964907 1.00541 
1116 0.0772124	1.16469 1.05415 0.944869 1.072 0.997531 1.30842 1.00091 0.933063 1.10941 0.945328 
1117 0.105752	1.01891 1.01793 1.05267 1.0344 0.961501 0.775003 0.92685 0.99327 0.904704 1.00562 
1120 0.175479	0.960533 0.977445 0.99524 0.951343 1.03437 0.899721 0.973816 1.01483 1.03939 1.00468 
1121 0.271531	1.04659 1.0523 1.0099 1.02868 1.00853 1.05074 1.05321 0.992343 1.00505 0.9912 
1122 0.0962826	0.996612 1.07248 1.09795 1.05893 1.05011 1.15269 1.01757 0.990319 1.1968 1.0458 
1123 0.0604941	0.962228 0.982159 0.971728 0.906157 0.963362 1.38746 1.06728 0.838356 1.13923 0.856215 
1124 0.0704225	0.864747 1.01427 1.12804 1.0811 0.94469 0.877095 0.978828 1.02297 0.940341 0.99097 
1125 0.190718	0.976695 0.956398 0.926852 0.976201 0.988589 1.1409 0.9759 0.949432 1.07891 0.984657 
1126 0.0706534	0.83384 0.902644 0.973834 0.943211 0.917719 0.886017 0.98872 0.963045 0.902773 0.948967 
1127 0.0644193	0.971321 1.02489 1.10053 1.1372 0.987839 0.888927 1.01728 1.10628 0.921959 1.11398 
1130 0.123017	0.850869 0.979209 0.978149 0.990845 0.944079 0.92909 1.00224 0.958255 0.905035 0.949477 
1131 0.21354	0.925054 1.00683 1.03562 0.999362 0.984787 0.959397 1.01558 1.01409 0.866271 0.978056 
1132 0.105996	0.981227 1.0512 1.02278 1.07774 1.04637 0.80717 0.978717 1.12013 0.879374 1.10695 
1133 0.184139	0.991413 0.960452 0.906004 0.952518 0.993294 1.18774 0.971848 0.882026 0.953124 0.902981 
1134 0.0704062	1.07356 1.00516 0.905883 1.05369 1.02844 1.36625 1.00492 0.903116 1.04578 0.942602 
1135 0.0893617	1.07357 1.05047 1.02575 1.16729 1.02011 1.06515 0.94231 1.00771 0.940216 0.983746 
1136 0.147389	0.899909 1.01357 1.02485 0.99353 1.04349 1.09421 1.04584 1.03554 0.951526 1.00239 
1137 0.0661509	0.92158 1.0385 1.18501 1.07732 0.998529 0.773127 1.00812 1.11877 0.843144 1.07718 
1140 0.115821	0.984555 1.04962 1.06076 1.09708 0.99693 0.787627 0.959962 1.17125 0.88499 1.08875 
1141 0.0998029	0.987443 1.06104 1.08033 1.04802 1.05788 0.933995 1.05303 1.12421 0.95867 1.07616 
1142 0.137999	0.922435 0.99572 0.947087 0.934392 1.01551 1.20708 1.03438 0.94395 0.990604 0.938907 
1143 0.110153	0.911997 1.02504 1.03693 0.985806 1.0415 0.887386 0.974797 1.14412 0.936371 1.07542 
1144 0.0933958	0.806912 1.00932 1.09427 0.947308 1.00597 0.9579 1.08867 1.07481 0.983064 0.993867 
1145 0.15796	1.00747 1.00252 1.00182 0.959181 0.959485 1.031 1.01475 0.999631 0.966782 0.943442 
1146 0.206013	1.08331 1.01519 0.919137 1.03981 0.988745 0.995386 0.989404 1.00358 0.975289 0.981185 
1147 0.0788566	0.887765 0.973842 1.04062 0.994767 0.969634 0.784739 0.989881 1.10721 0.887763 1.04434 
1150 0.134942	0.9059 1.0379 1.0593 1.0484 0.968633 0.87005 1.02821 1.06072 0.876319 1.02523 
1151 0.152957	0.96388 0.945759 1.03308 0.987124 1.01049 1.03424 0.997574 1.01498 1.03494 1.02718 
1152 0.110469	0.9732 1.00043 1.05693 1.05884 1.02774 1.05682 1.01709 1.10956 1.03617 1.13845 
1153 0.101632	0.85244 0.977367 1.03753 0.936572 1.01225 0.917829 1.02561 1.1083 0.932727 1.04243 
1154 0.0645819	0.9506 0.942561 0.868576 0.899001 1.00213 1.35396 1.08194 0.913278 1.10583 0.943631 
1155 0.224677	1.03079 1.02059 0.994201 0.991412 0.995333 1.10607 1.04694 1.00085 0.98935 0.975227 
1156 0.0720598	0.934934 0.977676 0.998835 0.910839 1.00706 1.07221 1.04886 0.960624 1.00526 0.955412 
1157 0.138681	1.08768 0.975487 0.929959 1.01857 1.01404 1.15289 1.00237 0.953684 1.05171 0.987447 
1160 0.172103	1.04322 0.964904 1.01459 0.966634 1.03521 0.991029 0.964503 0.967292 0.994058 1.01138 
1161 0.114851	1.09629 0.983456 0.899797 0.969926 1.04725 1.40448 0.938673 0.954659 1.18561 0.978853 
1162 0.092991	1.09684 0.944015 0.897339 0.987108 0.983304 1.30037 0.958556 0.901255 1.03742 0.939105 
1163 0.19431	0.992182 1.01153 1.0932 1.08118 1.03675 0.928039 0.97056 1.12277 0.960902 1.10743 
1164 0.160999	0.943579 0.943719 1.01243 0.982318 0.956392 0.892402 0.98982 1.01012 0.9576 1.04079 
1165 0.0444136	1.04186 1.0195 1.0322 1.09741 0.993171 1.06979 0.985799 1.04132 0.954596 1.08514 
1166 0.144344	0.896515 0.95347 1.085 0.945149 0.985046 0.860785 0.975936 1.05654 0.917557 1.02537 
1167 0.0759889	0.972348 0.91918 0.888746 0.895227 0.993901 1.15789 0.982441 0.912863 1.00599 0.961157 
1170 0.115622	0.97862 0.957764 0.978241 0.98717 0.981887 1.18695 0.975897 0.946924 1.05999 0.904141 
1171 0.16444	0.972013 0.983174 1.06446 1.08779 0.986344 0.93483 0.978298 1.05047 0.96586 1.02675 
1172 0.119219	0.860422 0.946277 1.06273 0.993269 1.00266 0.85016 0.948539 1.05575 0.959542 1.02055 
1173 0.0611511	0.918987 0.98108 1.04168 1.05357 1.05838 0.963067 0.99762 1.08667 1.01973 1.03454 
1174 0.115622	0.886494 0.917019 1.01588 0.923391 1.03299 1.01528 0.983087 0.972433 1.05985 0.952969 
1175 0.16444	0.880553 0.959186 1.0519 0.961857 0.962886 0.893274 1.07608 0.950202 0.931005 0.924305 
1176 0.0760534	1.12542 0.959683 0.912347 0.97484 1.02861 1.18735 1.02358 0.933668 1.06053 0.948569 
1177 0.183453	1.06733 1.04087 0.994653 1.0532 1.00704 1.06984 1.02946 0.964694 0.970822 0.99928 
BOUNDS
LWPS R    0.0  0.0  0.0  0.0  0.0  0.0  0.0  0.0  0.0  0.0
UWPS R    0.5  0.5  0.5  0.5  0.5  0.5  0.5  0.5  0.5  0.5
LXAS R   -0.5 -0.5 -0.5 -0.5 -0.5 -0.5 -0.5 -0.5 -0.5 -0.5
UXAS R    0.5  0.5  0.5  0.5  0.5  0.5  0.5  0.5  0.5  0.5
END
