NAME moment_estimations_cluster
ASSETS 10
BENCHMARKS 0.1 0.1 0.1 0.1 0.1 0.1 0.1 0.1 0.1 0.1 
COVARIANCES
0 0 0.0482504
1 0 0.0154928
1 1 0.01062
2 0 0.00651345
2 1 0.00107593
2 2 0.00625115
3 0 -0.0131378
3 1 0.00160823
3 2 -0.00528661
3 3 0.0238507
4 0 -0.0117971
4 1 -0.00131154
4 2 -0.00526028
4 3 0.0159333
4 4 0.0138243
5 0 -0.0161374
5 1 -0.00279411
5 2 -0.00175101
5 3 0.0129142
5 4 0.0088937
5 5 0.011502
6 0 -0.000744795
6 1 0.00060573
6 2 0.000502564
6 3 0.00241946
6 4 0.000475598
6 5 0.00208212
6 6 0.00287219
7 0 -0.0174582
7 1 0.00031938
7 2 -0.00518885
7 3 0.024028
7 4 0.016374
7 5 0.0156878
7 6 0.00213452
7 7 0.0302818
8 0 0.0124909
8 1 -0.00136783
8 2 0.0042726
8 3 -0.0133257
8 4 -0.00842189
8 5 -0.0096559
8 6 -0.000669658
8 7 -0.0175785
8 8 0.0160198
9 0 -0.0223996
9 1 -0.011091
9 2 -0.00172364
9 3 0.0060205
9 4 0.00810336
9 5 0.0086299
9 6 0.00123688
9 7 0.00741812
9 8 -0.000209748
9 9 0.0220593
SCENARIOS
0 0.29269	1.16331 1.10719 0.989213 1.06489 1.01354 1.02145 1.01631 1.11414 0.929689 0.889795 
1 0.70731	0.972236 0.969998 1.0244 0.975523 1.01067 1.00794 1.00105 0.981875 1.05407 1.08007 
00 0.681199	0.855706 0.945244 0.983053 1.03477 1.06637 1.0305 0.944334 1.04892 0.948881 1.02991 
01 0.318801	1.24031 1.01653 0.986497 0.946281 0.918415 0.885458 0.980579 0.848982 1.18307 0.941899 
10 0.379367	1.12841 0.975688 0.958956 0.974851 0.918303 0.922466 0.976946 0.858378 1.16025 0.971556 
11 0.620633	0.943613 1.01778 1.00937 1.05785 1.01616 1.06767 1.02753 1.11445 0.918944 1.00788 
000 0.0496539	1.11874 1.30968 0.957079 1.34281 1.11305 1.13725 1.07318 1.33583 0.740435 0.827302 
001 0.193751	0.809953 0.937538 0.919229 1.38771 1.2587 1.21698 1.02104 1.3489 0.833334 1.35242 
002 0.0978533	1.35758 1.17312 1.04766 1.05581 0.979858 0.961389 0.991425 0.968167 1.11736 0.886094 
003 0.0751831	1.03736 0.943192 1.04383 0.86001 0.907712 0.941922 1.03899 0.854071 1.23566 1.27238 
004 0.1128	1.72286 1.26885 1.1083 0.771899 0.767752 0.757697 0.977936 0.767023 1.17419 0.724008 
005 0.176196	0.993046 1.01436 1.09284 0.816697 0.913115 0.909586 0.980698 0.768336 1.11671 0.958441 
006 0.169826	0.811366 0.996085 0.991131 0.998251 0.960429 1.07866 1.02726 1.05195 0.866258 1.08105 
007 0.124737	1.31591 1.15067 1.04687 1.00666 0.963294 0.953058 0.993679 0.94582 0.93039 0.804265 
010 0.0545494	1.02745 0.939816 1.18152 0.784653 0.817407 0.995421 1.0855 0.708069 1.20191 1.08974 
011 0.084664	0.597609 0.82938 0.957249 1.065 1.22239 1.18191 1.03495 1.21306 0.975909 1.56398 
012 0.201479	1.538 1.17013 1.0838 0.752504 0.829081 0.827294 0.966366 0.730994 1.17612 0.776576 
013 0.212625	0.888707 0.828706 0.987585 0.89226 0.986597 0.922934 0.986373 0.939895 1.11386 1.1056 
014 0.084664	0.937085 1.25113 0.931291 1.32689 1.32029 1.25836 1.08654 1.37206 0.780766 0.941477 
015 0.152395	1.22763 1.15785 1.04801 1.01435 1.07249 1.05074 1.06846 1.15927 0.954695 0.898621 
016 0.0519773	0.567504 0.840329 0.795922 1.39825 1.54717 1.29344 1.10281 1.6936 0.745491 1.4532 
017 0.157647	0.710378 0.999381 0.968446 1.118 1.22562 1.16702 1.14006 1.21617 0.889908 1.22091 
100 0.134499	1.47075 0.990204 1.1866 0.709202 0.813859 0.800106 0.994635 0.716621 1.32778 0.945002 
101 0.100846	1.07523 1.04447 0.93213 1.19249 1.14804 1.03834 1.02096 1.3039 0.79308 0.913134 
102 0.105952	0.646288 0.911445 0.874548 1.2746 1.34656 1.11893 0.999384 1.49949 0.758189 1.24667 
103 0.245966	1.08706 1.1105 1.00681 0.90851 0.943414 0.923493 1.00369 0.9236 0.978214 0.859582 
104 0.0738643	1.82711 1.32466 1.10109 0.796391 0.924034 0.841999 1.0007 0.923061 1.00164 0.76848 
105 0.0528826	0.879845 0.986106 0.943202 0.778994 0.94568 0.900612 0.921775 0.966972 0.860678 0.865831 
106 0.0809451	1.42013 1.16503 1.08218 0.950424 0.971618 0.881087 1.11479 0.86298 1.11246 0.96698 
107 0.205046	0.764731 0.817628 1.02386 1.00321 1.1542 1.06054 0.991941 1.09739 0.99699 1.23378 
110 0.1901	1.52264 1.04807 1.03568 0.753414 0.817975 0.809984 0.95364 0.775905 1.13983 0.76451 
111 0.158299	1.11299 1.04638 0.908912 1.00179 0.980375 0.909956 1.00064 1.00629 0.901035 0.841617 
112 0.0829423	0.59068 0.801642 0.821799 1.41569 1.35082 1.26343 0.982221 1.48602 0.799838 1.32139 
113 0.0682491	1.18199 1.02049 1.14979 0.850328 0.856525 0.972499 1.04577 0.933768 1.04458 0.873649 
114 0.110529	0.848343 0.989749 0.899446 1.2594 1.16858 1.06674 0.95706 1.15967 0.805785 0.970855 
115 0.203927	0.760322 0.863501 0.941535 0.928977 0.981265 1.03201 0.979174 0.85893 1.07795 1.09159 
116 0.134334	0.866794 0.926515 0.977177 1.18199 1.14235 1.16795 1.01803 1.14978 0.916161 1.18795 
117 0.0516197	1.12776 0.986588 1.20074 0.731584 0.773267 0.810785 1.03826 0.671565 1.38023 1.03151 
0000 0.146465	1.3497 0.993036 1.04328 1.03042 0.9377 1.02154 0.983081 1.17151 1.06917 0.969833 
0001 0.128283	0.779972 0.901767 1.03583 1.23386 1.05729 1.24387 1.04948 1.3486 0.886874 1.0742 
0002 0.0767677	0.858331 0.84145 1.06412 0.705987 0.811608 0.858002 0.986129 0.769481 1.30936 1.18063 
0003 0.157576	1.01389 0.862604 1.00484 0.6835 0.863858 0.850533 0.971813 0.832505 1.18695 1.17368 
0004 0.158586	1.00917 0.909327 0.886319 0.986651 0.988439 0.92385 0.949147 0.964075 1.05496 0.845968 
0005 0.0636364	0.756366 0.769891 0.853658 1.079 1.04485 1.01119 0.940037 1.1022 0.936402 1.03728 
0006 0.20303	1.1239 1.09545 1.08201 0.82452 0.915404 0.808172 1.00122 0.882286 1.09007 0.767707 
0007 0.0656566	0.764245 0.943164 0.838504 0.964932 0.959031 0.976497 1.06313 1.01813 0.984158 1.09869 
0010 0.164121	0.72876 1.03202 0.878475 1.3032 1.12131 1.17552 1.12536 1.43362 0.81738 0.961337 
0011 0.126068	1.1357 1.14152 0.873833 1.09955 1.01772 0.967542 1.02988 1.1736 0.888262 0.833333 
0012 0.0900854	0.928574 1.04873 0.91023 0.835999 0.829844 0.930065 1.08034 0.796351 0.976502 0.738302 
0013 0.107947	1.45498 1.17191 1.05735 0.889784 0.939904 0.831786 0.988718 0.851452 1.05623 0.671123 
0014 0.147036	1.23231 1.19322 1.00374 0.86808 0.91337 0.814202 1.06689 0.787178 1.27397 0.867442 
0015 0.231685	0.770482 1.13028 0.987844 1.04004 1.02131 1.03262 1.06588 1.02044 1.03303 0.968015 
0016 0.0711882	0.609854 0.943691 0.887179 0.972847 0.983576 1.11977 1.10462 1.06521 0.842183 0.95877 
0017 0.061869	0.790877 0.822583 0.952317 0.765737 0.923548 0.899678 0.990045 0.710008 1.1871 1.12024 
0020 0.217324	0.828474 0.939245 0.864202 1.01326 1.17743 1.06344 1.0687 0.957346 0.987074 1.13956 
0021 0.117376	0.863847 0.858658 0.953163 0.989476 1.04406 1.08763 1.02264 1.10582 0.867024 0.976276 
0022 0.0497181	1.09904 1.1507 0.933518 1.14431 1.21656 1.05048 1.00148 1.19986 0.841077 1.07109 
0023 0.213737	1.15699 1.08619 1.06989 0.822709 0.860551 0.905086 1.04836 0.750694 1.02897 0.98221 
0024 0.0876474	1.58538 1.10209 1.13856 0.761402 0.833583 0.791298 1.04298 0.896699 1.16643 0.809119 
0025 0.160943	1.0346 0.817384 0.990092 0.892799 0.935724 0.907087 0.983938 0.768254 1.1255 1.09482 
0026 0.0615069	0.650673 0.81414 1.00282 0.925479 1.09441 1.09077 1.07692 1.12612 0.940125 1.46605 
0027 0.0917478	1.30956 1.04241 0.966156 1.0231 0.946521 0.845148 1.05393 0.826979 0.965199 0.829118 
0030 0.0580387	1.71611 1.01634 1.14622 0.971914 0.940731 0.890667 0.92127 1.00677 1.17379 0.829641 
0031 0.104069	1.22216 0.918692 1.10954 0.933015 0.955726 0.814796 0.940232 0.860109 1.32294 0.914089 
0032 0.152769	1.01897 0.981658 0.95769 1.14599 1.15108 0.990859 1.03001 1.15561 0.959268 0.97898 
0033 0.135424	1.39012 0.908623 0.982706 0.698565 0.750979 0.713981 0.918268 0.628607 1.22818 0.720218 
0034 0.109406	0.812275 0.856839 0.867325 1.13702 1.13522 0.980187 0.893726 1.21181 0.793783 0.868759 
0035 0.153436	0.641655 0.863715 1.03258 1.17956 1.18348 1.25862 0.913068 1.24963 0.901451 1.31203 
0036 0.0767178	1.30578 1.09727 1.02098 0.987268 1.0243 0.899038 0.966832 1.00691 0.951826 0.742721 
0037 0.21014	1.01214 0.907751 1.0692 0.977153 0.908577 0.897315 0.952987 1.03211 1.01776 0.76087 
0040 0.067141	1.21632 1.00664 0.943398 0.72298 0.809762 0.895077 0.912526 0.614369 1.31293 1.07809 
0041 0.0493553	0.811499 0.841723 0.984505 0.67224 0.789504 0.84836 0.958832 0.550767 1.0843 0.937382 
0042 0.108493	1.6646 1.14925 1.13822 0.931318 0.926804 0.997505 1.06782 0.912531 1.19967 0.937019 
0043 0.0875945	0.819914 0.856374 1.11935 0.974512 0.994509 1.20524 1.06032 0.915424 1.01111 1.21634 
0044 0.147621	0.886815 0.914247 0.8757 1.22005 1.16562 1.05736 0.973517 1.0642 1.01644 1.12412 
0045 0.244108	0.886012 1.00608 0.893809 1.19877 1.0779 1.13745 0.998333 1.27159 0.841424 0.88945 
0046 0.178301	1.22601 0.99429 1.01144 1.04175 0.987081 1.07982 1.0482 1.05668 0.966721 0.964432 
0047 0.117386	1.02706 0.842328 0.944488 0.873929 0.941513 0.93024 0.960931 0.781275 1.16837 1.1355 
0050 0.189297	1.06733 0.986874 1.11093 0.97573 0.745789 0.991167 1.01033 0.940455 1.10929 1.1457 
0051 0.133789	1.14058 0.98175 0.937908 0.97866 0.98926 1.04064 0.98065 1.11081 0.979011 0.858643 
0052 0.0686023	1.1196 1.06199 1.07189 1.2019 1.06201 1.18225 1.11641 1.08467 0.98022 1.07989 
0053 0.0466837	0.74512 0.830531 0.823105 1.4914 1.2185 1.20203 0.936347 1.4276 0.895454 1.28116 
0054 0.221463	0.772489 1.00119 0.854174 0.99949 0.958519 1.01419 1.02284 1.02431 0.977256 1.12561 
0055 0.0660404	1.03602 0.969723 1.01607 1.08642 0.911841 1.02993 0.965017 1.02191 0.80462 0.873786 
0056 0.152576	1.52726 1.04925 1.05221 0.673924 0.728629 0.792414 0.975254 0.689147 1.28593 0.890049 
0057 0.121549	0.820357 0.864478 1.0428 1.14724 0.87412 1.17252 1.03026 1.19182 0.892014 1.08994 
0060 0.191376	1.20832 0.997436 1.06282 0.962171 0.912421 0.892288 0.957718 0.965737 1.00563 0.844394 
0061 0.161252	0.793461 0.952284 0.961706 1.38269 1.21737 1.25147 0.988751 1.44541 0.866417 1.05993 
0062 0.171884	1.13063 1.03994 1.09275 1.29643 1.09751 1.15397 1.09919 1.22109 1.09677 1.00365 
0063 0.0705848	1.08831 1.04357 1.12881 0.829648 0.882931 0.950527 1.11078 0.906822 1.22965 1.18065 
0064 0.0983461	1.51537 1.11693 0.992159 0.911055 0.92793 0.855363 0.938317 0.896989 1.0867 0.79297 
0065 0.101299	0.79818 0.705873 0.984509 0.990966 1.02531 1.0928 1.02919 1.01344 1.11163 1.35769 
0066 0.157118	1.03209 0.953655 0.864811 1.00673 1.11583 0.894178 0.883876 0.946866 1.01692 0.9961 
0067 0.0481394	1.08381 1.05003 0.928525 0.997049 0.937912 1.0502 0.964648 1.0151 0.891819 0.771426 
0070 0.053076	1.19678 1.13424 1.12811 0.837861 0.7966 1.02593 1.09438 0.919216 0.99363 0.888155 
0071 0.0546844	0.87182 0.949745 1.07338 1.02356 0.971873 1.12467 1.16883 1.15067 1.02906 1.28804 
0072 0.217531	1.41011 1.10608 0.98327 1.01443 1.03134 0.909069 1.04393 1.02992 1.04793 0.912006 
0073 0.0659429	0.956477 0.955836 0.949774 1.42055 1.23615 1.23988 1.11563 1.20667 0.951204 1.27878 
0074 0.168878	0.778123 0.883749 0.884801 0.900811 1.03675 1.01858 0.999642 1.06876 0.970104 1.10654 
0075 0.187776	1.11054 1.11967 1.0257 1.15718 1.04875 1.03616 1.05613 1.24581 0.879847 0.913493 
0076 0.137113	0.999946 0.989415 1.00999 0.931833 0.89161 1.01097 1.03232 0.910767 1.1691 1.01589 
0077 0.114998	0.753098 0.977298 0.882724 1.30713 1.21496 1.17814 1.07207 1.37125 0.844753 1.25179 
0100 0.0451866	1.51291 1.21991 1.06501 0.920101 0.930631 0.789022 0.966514 1.07946 1.06287 0.71183 
0101 0.125737	1.18483 1.09796 1.19781 0.821588 0.950487 0.776425 0.958818 0.959904 1.3131 0.992489 
0102 0.0785855	0.686702 0.791934 1.02369 0.977716 1.12271 1.05918 1.06661 1.092 1.08406 1.40541 
0103 0.188605	1.02989 0.959124 1.01192 0.894124 1.0567 0.945785 0.998421 1.06036 0.995243 0.927995 
0104 0.163065	0.907 0.919541 1.0346 0.821379 1.0437 0.907425 0.84448 1.17065 0.990689 0.949393 
0105 0.170923	0.804565 1.00119 1.0571 1.18287 1.1181 1.18752 1.02744 1.40424 0.83577 1.07219 
0106 0.13556	0.941384 0.816712 1.04943 1.05886 1.19745 0.925409 0.841704 1.059 1.08484 1.30583 
0107 0.0923379	0.935984 1.07311 1.00772 1.17867 1.05103 1.10941 0.899598 1.29483 0.803014 0.758953 
0110 0.148101	1.1792 1.03086 1.04411 1.18267 1.00636 1.025 0.969442 1.06483 0.903612 0.776976 
0111 0.0746835	0.710158 0.962165 0.821984 1.17396 1.19615 1.12378 0.890464 1.01772 0.719908 0.869675 
0112 0.13038	0.703219 0.89559 0.90676 1.35613 1.12736 1.22037 0.995936 1.18973 0.915786 1.10146 
0113 0.203797	1.24103 0.99298 0.972757 1.17428 1.04897 0.975122 0.919627 0.940951 0.984911 0.857652 
0114 0.0886076	1.0134 1.00551 0.966093 0.884111 0.792722 0.884294 0.975968 0.825487 0.954248 0.790796 
0115 0.141772	0.892649 1.05887 1.14051 0.913019 0.942819 1.05814 0.912864 0.860515 0.976694 1.04855 
0116 0.112658	1.77863 1.22514 1.07084 1.01115 0.904543 0.868351 0.978256 0.93841 1.11948 0.706791 
0117 0.1	1.01367 0.838456 1.19639 0.85605 0.815638 1.0451 1.03849 0.709201 1.18759 1.02814 
0120 0.176596	0.988571 0.895929 1.10788 0.952435 0.859167 0.926662 1.02805 0.792462 1.28852 1.06852 
0121 0.0430851	0.897437 0.82266 1.23131 0.803962 1.00085 0.948252 0.931568 0.926979 1.03067 1.04 
0122 0.103723	0.836708 0.866782 1.04877 1.16468 1.21414 1.12574 1.05257 1.0876 1.02509 1.32517 
0123 0.0702128	0.621692 0.815973 0.869341 1.18502 1.10074 1.17884 1.0666 1.23531 0.838738 1.44455 
0124 0.0803191	0.749137 0.984209 0.879536 1.1032 0.984789 0.955447 1.0013 1.14463 0.901317 0.925573 
0125 0.142021	0.848708 0.895823 0.984072 1.15209 1.24746 1.01067 0.92921 1.3073 0.831747 1.17162 
0126 0.199468	1.45539 1.0575 1.14555 0.875533 0.776964 0.80464 1.03362 0.968697 1.01889 0.70107 
0127 0.184574	1.12424 0.927827 0.970059 0.979706 1.08065 0.902466 1.00311 0.945929 0.991401 1.02636 
0130 0.0564516	0.838287 0.94616 1.06493 1.01439 1.103 1.12842 0.905035 1.04658 0.8255 0.894476 
0131 0.166835	1.36835 1.33184 1.06354 1.00188 0.915694 0.946117 0.968156 0.833276 1.1275 0.736572 
0132 0.0756048	1.08488 0.944083 0.937027 0.831694 0.907543 0.894245 1.0169 0.738793 1.27049 0.931392 
0133 0.0766129	1.35719 1.323 0.98101 1.25837 1.02441 1.07001 0.990217 1.10125 0.934937 0.810661 
0134 0.093246	1.22555 1.06714 0.990582 0.832452 1.032 1.00789 0.995106 0.78389 0.943175 0.886457 
0135 0.257056	0.82316 0.98332 0.98755 0.969063 1.18131 1.00485 1.00573 0.831992 1.02197 1.23618 
0136 0.0650202	0.762416 0.877015 1.02915 0.83018 0.808826 1.0766 0.988367 0.849317 0.953897 1.09057 
0137 0.209173	0.851523 1.06574 0.917629 1.24928 1.18576 1.21266 1.1024 1.2116 0.857554 1.05253 
0140 0.174684	0.996904 0.859458 0.907958 1.17822 1.0786 1.0208 1.01476 1.19006 0.96383 1.23911 
0141 0.0924051	1.3137 0.950464 0.881316 0.86975 1.00167 0.821722 0.935648 0.935012 1.12026 0.870592 
0142 0.0822785	0.742562 0.856845 0.975733 1.18656 1.10233 1.10997 1.05184 1.27093 0.768117 1.08731 
0143 0.159494	1.27714 0.967493 1.00961 1.03036 0.941407 0.960095 0.991153 1.07588 0.903303 0.882627 
0144 0.0886076	0.758995 0.827208 0.989865 1.45564 1.27881 1.14581 1.01083 1.63528 0.96863 1.48994 
0145 0.0797468	1.19727 0.869643 1.19195 0.768843 0.703854 0.780891 0.927832 0.734981 1.2278 0.791549 
0146 0.187342	0.95289 0.770351 0.978091 0.93074 0.978533 0.881181 0.896779 0.888087 1.03817 0.96582 
0147 0.135443	0.999961 0.785349 1.03697 0.860535 0.883657 0.735211 0.872706 0.832698 1.14085 1.01276 
0150 0.0984529	0.818683 0.899307 0.991831 0.941056 0.934093 0.893876 0.894493 0.808339 1.04262 1.13137 
0151 0.127989	1.03344 1.12627 0.991053 1.30927 1.23414 1.05943 0.986997 0.998054 0.902726 1.00195 
0152 0.114627	1.57002 1.18839 1.17083 0.975188 1.05458 0.960467 0.924174 1.03395 0.957346 0.872331 
0153 0.154712	0.977769 0.959236 1.02375 0.945428 0.78297 0.951509 1.0108 0.680583 1.06971 0.92621 
0154 0.11955	1.25188 0.955186 1.06559 0.989151 0.978373 0.917726 1.02303 0.72404 1.08147 1.00218 
0155 0.0625879	1.41111 1.36513 1.00412 1.11623 0.904544 0.961806 1.04183 0.950973 0.879037 0.605141 
0156 0.105485	1.08085 1.04646 1.11609 1.03625 1.11398 0.991852 0.933607 0.853152 1.20927 1.22163 
0157 0.216596	0.77764 0.997422 0.980261 1.03798 1.02094 1.10436 0.997965 1.02968 0.830985 1.0931 
0160 0.148454	0.899069 1.04509 1.08035 0.952466 0.869905 0.992428 1.00888 0.871148 0.969221 0.861578 
0161 0.109278	0.852894 0.90102 1.03106 0.838602 0.862887 0.898867 0.910681 0.720158 1.14904 0.911579 
0162 0.0659794	0.909811 1.11439 1.01144 1.49057 1.19274 1.24255 0.921747 1.34865 0.83172 0.889376 
0163 0.0886598	0.63772 0.963889 1.09154 1.41063 1.10287 1.35676 0.977628 1.24874 0.882808 1.54736 
0164 0.125773	1.03321 1.20842 1.04972 1.37737 1.18133 1.17679 1.07539 1.10035 1.00992 0.855152 
0165 0.263918	1.16074 1.32165 1.09397 1.03806 0.874479 0.967444 1.00798 0.90883 0.94525 0.797291 
0166 0.11134	0.78024 0.983937 1.03249 1.09629 0.891099 1.05091 0.999661 0.931399 0.991635 1.08796 
0167 0.0865979	1.3087 1.12333 1.22352 1.00955 0.833532 0.909744 1.02503 0.701182 1.24829 0.954012 
0170 0.232495	0.9152 0.977546 0.930789 1.31516 1.14103 1.04996 0.93043 1.17663 0.860618 1.07027 
0171 0.168593	0.81668 0.784625 1.00727 1.13513 1.00896 1.1127 0.963371 1.04405 0.985941 1.07967 
0172 0.0693406	1.18697 0.956543 1.05077 1.08383 0.987468 0.963244 0.978149 0.815243 1.14099 1.12769 
0173 0.0781781	1.5011 1.14659 1.09222 1.01766 0.839663 0.856253 1.01009 0.78008 1.14657 0.8139 
0174 0.0516655	1.35725 0.972865 0.913524 0.754879 0.81503 0.82694 0.924758 0.751865 1.13625 0.939392 
0175 0.223657	1.25715 0.942402 1.07997 0.82787 0.79411 0.910307 0.975875 0.785037 0.992463 1.00001 
0176 0.119646	1.04456 1.05284 0.934613 1.00349 0.904065 0.921202 1.00569 0.930134 0.840237 0.842121 
0177 0.0564242	0.917495 1.11303 1.10485 1.34492 0.98068 1.15836 1.07952 1.30621 0.749684 0.885781 
1000 0.0761984	1.00309 1.06124 0.992074 0.789979 0.831713 0.938723 0.968049 0.768608 0.845972 0.789335 
1001 0.148241	1.05312 1.17008 0.853245 0.895845 1.00391 0.927323 0.996335 0.926723 1.0576 0.920212 
1002 0.0822943	1.49482 1.39271 1.05432 0.950349 0.888162 0.821337 1.04132 0.905669 0.998014 0.777258 
1003 0.143253	0.862808 0.925471 1.15065 0.806695 0.992191 1.00392 1.01229 0.785195 1.22134 1.16013 
1004 0.157384	0.627498 0.891528 0.894128 0.985755 1.12343 1.11751 0.964373 1.08313 0.85336 1.16636 
1005 0.215849	0.849259 1.01994 0.969954 1.12856 1.124 1.09698 1.11689 1.19253 0.915446 1.08106 
1006 0.0931006	0.917072 1.05311 1.10754 1.07553 1.02421 1.06677 0.986704 1.03934 0.932231 0.821543 
1007 0.0836797	1.5622 1.13603 1.11107 0.774687 0.894443 0.819041 0.983819 0.809827 1.22708 0.771699 
1010 0.0554324	1.11121 1.03351 1.07057 0.689372 0.819533 0.753516 0.975914 0.609113 1.41651 0.988216 
1011 0.167775	0.813856 1.15585 0.922102 1.18231 1.24973 1.0786 0.977104 1.25936 0.896991 1.09508 
1012 0.0857354	0.748712 1.04983 0.857466 0.910998 0.995631 0.967803 0.961714 0.873353 1.14762 0.997921 
1013 0.123429	1.00491 1.14274 1.16166 0.796229 0.857008 0.974093 1.06026 0.890484 1.14926 0.996371 
1014 0.218404	0.944548 1.15712 1.07395 0.873594 0.963542 0.969541 0.967294 0.893969 0.940941 0.991109 
1015 0.0665188	1.06802 1.22934 1.01328 1.0999 1.02268 1.15268 0.956794 1.08574 0.808433 0.832033 
1016 0.133777	1.3879 1.11472 1.13917 1.0557 0.997408 0.884046 0.980896 0.913588 1.12208 0.838959 
1017 0.148928	0.831286 1.01537 1.00453 1.08373 1.19054 1.13282 0.931845 0.9939 1.03988 1.2266 
1020 0.175871	0.919315 1.01391 0.941419 0.96358 0.932953 1.09661 1.08802 0.906562 1.08936 1.11068 
1021 0.058389	1.58769 1.11631 1.03634 0.924547 0.912111 0.95916 0.948834 0.798741 1.197 0.834626 
1022 0.0478368	1.11475 0.887834 1.07004 0.626526 0.807875 0.892333 1.03019 0.579341 1.37073 1.03941 
1023 0.0510025	0.907233 0.895742 0.962439 1.51018 1.3032 1.46499 1.08825 1.62594 0.779033 1.19601 
1024 0.184312	1.27728 1.04102 0.976826 0.730569 0.803283 0.907365 1.03244 0.78181 1.10581 0.898871 
1025 0.189237	0.820918 0.980461 0.949436 1.20119 1.16752 1.07886 0.989547 1.0619 0.969174 1.10322 
1026 0.0731622	0.784875 0.913214 0.927158 0.867541 0.928653 1.11089 1.00857 0.776035 0.924727 0.923369 
1027 0.22019	1.45337 1.191 0.969159 1.12121 1.10089 1.01525 1.08374 1.09177 0.994425 0.823951 
1030 0.187424	1.04538 0.91159 1.18018 0.920497 1.00914 1.01704 0.971929 0.866285 1.12953 1.20946 
1031 0.0560606	0.75945 0.91998 0.975061 1.24298 1.12734 1.19212 1.01887 1.34725 0.835223 1.08179 
1032 0.103939	1.38298 1.05873 1.05889 1.19648 1.22416 1.02713 0.942626 1.14795 0.955287 0.951491 
1033 0.0648485	1.23034 0.955087 1.12819 0.710486 0.78898 0.779622 0.930104 0.567222 1.32172 0.936388 
1034 0.192121	0.866566 0.873583 0.998989 0.888606 1.01459 1.03279 0.970792 0.96094 0.916151 1.07707 
1035 0.12197	1.065 1.03503 0.932211 1.11681 1.13357 1.10297 0.963843 1.34589 0.84269 0.992838 
1036 0.160758	0.94087 0.942281 0.955656 0.975449 1.10258 1.06442 1.03847 1.09389 1.00336 1.13581 
1037 0.112879	1.30578 1.07087 0.912973 0.851847 0.973982 0.786816 0.911868 0.737283 1.17008 0.964174 
1040 0.0676085	1.09988 1.02662 1.19516 1.08612 0.912406 1.05347 1.03598 0.914379 1.03309 0.815013 
1041 0.162462	1.02749 0.961442 1.04525 1.19297 0.973916 0.932142 1.01178 0.970254 1.00064 1.05375 
1042 0.103431	1.1153 0.807253 1.09249 0.697884 0.788117 0.71185 0.932505 0.623039 1.32112 0.769415 
1043 0.102422	1.23572 1.07136 0.99 0.997722 0.990566 0.971348 1.03285 0.962647 1.11177 0.983669 
1044 0.12109	1.66809 1.02167 1.12666 0.932268 0.920639 0.81636 0.93012 0.791323 1.22119 0.685362 
1045 0.194753	0.77508 0.882645 1.05171 0.917165 0.972331 1.09312 1.0065 0.897495 1.04227 1.18043 
1046 0.169021	0.779189 1.04615 0.938291 1.2475 1.14581 1.15611 1.00037 1.28628 0.782821 0.942677 
1047 0.0792129	1.30944 1.20701 1.02624 0.97381 0.888645 0.964342 1.02699 0.994915 1.0281 0.702054 
1050 0.183228	0.985303 1.00866 0.986187 1.21734 1.19581 1.14041 0.960398 1.23338 0.881145 1.09195 
1051 0.12544	1.3506 1.29171 1.01023 1.09857 1.04658 0.885104 0.99175 0.953233 1.00285 0.667149 
1052 0.235377	0.822705 0.91774 0.940577 1.17428 1.04909 0.964679 0.986279 0.976102 1.02666 1.1436 
1053 0.120507	1.31959 0.950712 1.01032 0.977012 0.910116 0.938904 0.933764 0.778789 1.16748 1.09242 
1054 0.0620155	0.865383 1.02757 1.11827 0.99612 0.854872 0.967157 1.04915 0.91797 0.979415 0.983625 
1055 0.0817477	0.850238 0.936934 1.15632 0.888439 0.820761 0.959915 1.06119 0.636158 1.24049 1.15442 
1056 0.0613108	1.67986 1.06842 1.01828 0.923099 0.794677 0.756845 0.958183 0.738989 1.25243 0.737474 
1057 0.130374	0.794077 0.980884 0.878651 1.07729 1.1455 1.07187 1.05027 1.08633 0.873436 1.1185 
1060 0.123389	1.30275 1.05727 0.996266 1.01373 0.977077 1.02492 0.933495 1.25214 0.993542 0.784261 
1061 0.116022	0.96842 1.04585 0.884985 0.912116 0.97036 0.973951 0.981143 0.978765 0.987276 0.869764 
1062 0.268416	0.79615 1.03909 0.979564 0.880769 0.974663 1.00735 0.939438 1.04577 1.01998 1.07644 
1063 0.0722836	0.847717 0.789357 0.952491 0.826884 0.919035 0.948489 0.884586 0.795092 1.18181 1.14627 
1064 0.150552	0.833057 0.935904 1.13155 1.1819 1.02015 1.20978 1.00634 1.39788 0.912682 1.04068 
1065 0.0603131	0.563232 0.740081 0.906335 0.893143 1.07514 1.11685 0.93295 1.23702 0.92921 1.33965 
1066 0.131215	1.22177 1.04891 1.09062 0.92713 0.981698 0.951113 0.969709 1.00637 1.17005 0.885861 
1067 0.0778085	1.03775 1.04285 0.901263 1.20476 1.19399 1.09337 1.02102 1.45223 0.818553 0.926219 
1070 0.198655	0.95982 1.15497 0.978136 0.975239 0.9954 1.01586 1.02622 1.25535 0.847772 0.975799 
1071 0.106143	1.04036 1.06744 1.13163 1.11214 0.953955 1.04656 1.13565 1.09562 0.974291 1.07762 
1072 0.165576	0.885127 0.999829 0.906146 0.814037 0.850308 0.835158 1.01615 0.746941 1.03366 1.08093 
1073 0.136859	1.29333 1.08231 1.06552 0.853595 0.808033 0.921262 1.07887 0.819351 1.20546 1.04035 
1074 0.114322	1.19613 1.22701 0.875724 1.10962 1.02198 1.0056 1.09254 0.915702 1.0903 1.04611 
1075 0.137223	0.698034 0.854844 0.971026 1.08018 1.07402 1.15036 1.00859 1.07052 0.98829 1.51302 
1076 0.0648855	0.765558 1.10789 0.891295 1.28321 1.18507 1.30738 1.02392 1.48206 0.811176 1.11921 
1077 0.0763359	1.16519 1.00211 1.14246 0.894941 0.881714 0.964833 0.976448 0.971859 1.02206 0.883717 
1100 0.175674	0.982141 1.17044 1.03021 1.26835 1.15152 1.13127 1.00363 1.23889 0.798207 0.79811 
1101 0.184661	0.797061 1.05855 1.0414 1.16991 1.13046 1.1517 1.01247 0.948885 1.03506 1.16285 
1102 0.168484	0.955407 1.04723 1.05534 1.02126 0.85254 0.974896 0.999449 0.858163 1.02978 0.971606 
1103 0.0860395	1.62684 1.17563 1.18525 0.970259 0.895733 0.918839 1.13408 0.975411 1.21547 1.09639 
1104 0.0853206	0.943467 0.920868 1.03817 0.789757 0.849641 0.906407 0.927241 0.68892 1.27864 1.10907 
1105 0.0920312	0.616343 0.985474 0.970116 1.44779 1.21948 1.2628 1.00619 1.38107 0.861974 1.36281 
1106 0.123068	1.34094 1.23325 1.16427 1.01865 0.907099 0.948703 0.984234 0.804057 1.06771 0.780126 
1107 0.0847214	1.39581 1.20021 0.999901 1.32574 1.07075 0.943138 1.06903 1.05786 0.966217 0.957924 
1110 0.0849043	0.767894 0.870065 1.02289 0.892934 0.855974 1.01463 0.873216 0.964889 0.892231 0.875515 
1111 0.0919557	1.01171 1.11093 1.03871 1.07072 0.930345 1.00344 1.04258 0.991983 1.05142 0.940219 
1112 0.168226	1.07329 0.9919 1.1439 0.850225 0.866066 0.941182 0.920865 0.763522 1.12513 0.92816 
1113 0.10649	1.46181 1.31659 1.13184 1.13979 1.01689 0.968931 1.01305 0.964336 0.976768 0.728378 
1114 0.24133	0.821852 0.885871 1.05103 1.0775 1.09642 1.12383 1.02577 1.07983 1.01015 1.12609 
1115 0.149086	1.10895 1.20561 0.983507 1.05134 1.01123 0.946452 0.945104 0.932313 1.02782 0.873069 
1116 0.0532451	1.37652 1.15811 1.14221 1.03658 0.980465 0.961188 1.06579 0.87778 1.22498 1.07722 
1117 0.104763	1.00037 1.07615 0.937567 1.24983 1.28153 1.15944 0.950131 1.2298 0.865375 1.07167 
1120 0.159846	0.705114 1.02336 0.948496 1.07049 1.02949 1.10487 1.05811 0.931365 0.939111 1.09395 
1121 0.0552046	0.583877 0.887996 0.928918 1.0228 1.01739 1.19391 1.0604 1.06106 0.81761 1.27783 
1122 0.175501	1.07518 1.00962 0.967193 0.78664 0.852353 0.882075 0.907977 0.853295 0.966156 0.859535 
1123 0.0944795	0.866462 1.25711 1.05846 1.15948 1.07474 1.09994 1.05205 1.28187 0.823729 0.923943 
1124 0.0900851	0.694918 0.933375 0.928005 1.28706 1.31341 1.21357 1.01262 1.15491 0.878712 1.17379 
1125 0.114529	1.238 1.11642 1.01094 0.955071 0.942487 0.892967 1.05015 0.756372 1.23322 0.91126 
1126 0.183191	1.13747 1.0308 1.10647 0.735757 0.926222 0.929616 0.903124 0.826531 1.14035 1.121 
1127 0.127163	1.39603 1.34891 1.07473 1.22437 0.993765 0.970632 1.01866 1.12707 0.89713 0.921254 
1130 0.152537	1.1406 0.931812 1.11329 0.951622 0.992445 0.943872 1.02731 0.964228 1.14127 1.21791 
1131 0.198598	0.901668 1.00868 0.974196 1.20911 1.0282 1.10365 1.02634 0.987225 1.0321 1.07551 
1132 0.0664219	1.43381 1.20161 1.09236 0.834198 0.772733 0.832012 0.954307 0.720296 1.04822 0.733051 
1133 0.14219	0.893512 0.877117 0.928392 1.07771 1.03422 1.09615 0.994772 0.914566 0.989528 1.17617 
1134 0.139853	1.40589 1.20161 1.10166 1.105 1.05632 1.04462 1.09415 0.995512 1.00633 0.999997 
1135 0.132844	0.921072 1.16256 1.0701 1.09383 0.995662 1.06027 0.933274 1.16246 0.862887 0.976639 
1136 0.101802	0.989989 0.911088 1.00379 0.907838 0.914985 0.927375 0.953035 0.760375 1.11561 1.013 
1137 0.0657543	0.879195 1.09471 0.848664 1.44769 1.3966 1.12921 1.00982 1.37762 0.830042 1.30054 
1140 0.117683	0.642768 0.855882 1.02961 0.868145 0.870967 1.02049 1.00711 0.949745 1.1258 1.1555 
1141 0.101608	1.35112 1.121 1.03839 0.647903 0.81665 0.844778 0.96422 0.707054 1.18316 0.831605 
1142 0.26216	0.855115 1.09855 1.00795 1.03209 0.983447 1.15706 1.02937 1.15554 0.872123 0.991256 
1143 0.09831	1.3656 1.19952 0.952889 1.26891 1.2354 1.07619 1.0923 1.5232 0.853647 0.870614 
1144 0.0731657	0.884253 0.885064 0.905627 0.970928 1.09477 0.967661 0.943074 0.910275 1.0584 1.03379 
1145 0.100577	0.794417 0.936527 0.932807 0.711087 0.785852 0.932641 0.988162 0.923507 0.979088 0.80154 
1146 0.113355	1.54056 1.26407 1.04363 0.946568 0.824663 0.896134 1.03859 0.961036 1.04653 0.722697 
1147 0.133141	1.09811 1.08711 1.08168 0.850099 0.98316 1.00965 0.998967 1.0144 1.00209 0.900036 
1150 0.168119	1.09478 0.935895 0.966557 1.11112 1.07032 0.942894 1.05821 1.08611 1.06605 1.10929 
1151 0.163762	0.864605 0.835058 1.10015 0.831306 0.905213 0.922365 0.917376 0.897305 0.970912 1.14293 
1152 0.0824397	1.19393 1.07258 0.908962 1.16819 1.20935 0.919431 0.958337 1.3431 0.877263 1.00031 
1153 0.0555183	1.07222 0.916071 1.00542 0.905702 0.858348 0.855936 0.904212 1.09408 0.86435 0.858273 
1154 0.106568	0.940926 1.01014 1.08342 1.22197 1.04543 1.13669 1.04755 1.29207 0.984357 1.27136 
1155 0.251005	1.46183 1.14805 1.07227 0.868533 0.900707 0.85261 1.06136 0.84738 1.02 0.850784 
1156 0.10076	1.16422 0.988426 1.1322 0.788568 0.835456 0.874819 0.991999 0.839692 1.32226 1.03629 
1157 0.0718275	0.76132 1.01718 0.921169 1.08183 0.976605 1.02488 1.04571 1.20694 0.857846 1.03805 
1160 0.062235	1.06886 1.25883 1.16843 1.17384 1.09853 1.25784 0.9794 1.35751 0.804672 0.935849 
1161 0.219264	1.05938 1.03708 0.973164 1.10488 1.05579 1.07178 1.11016 1.205 1.00194 0.95498 
1162 0.110056	1.34753 1.16744 1.01393 0.958938 1.03849 0.877178 0.96587 0.954987 1.1223 0.963173 
1163 0.101577	0.781068 0.918093 0.887698 1.22529 1.09649 1.00421 0.911042 1.04099 1.04552 1.0919 
1164 0.0459556	1.13828 1.15042 1.08569 0.90489 0.871929 0.915731 0.955417 0.882355 0.94798 0.83894 
1165 0.220112	0.939263 0.983227 1.11236 0.84963 0.841165 0.976473 1.03841 0.847055 1.06235 1.05228 
1166 0.0768187	1.23138 0.997839 1.15615 0.809897 0.817399 0.867931 1.01274 0.746012 1.26664 0.852782 
1167 0.163982	0.701822 0.895764 1.03302 1.04849 1.04129 1.10761 1.01125 1.19557 0.913132 1.09973 
1170 0.120035	1.29723 1.15179 0.97272 0.918979 0.878416 0.970647 0.959872 0.973526 0.972509 0.809329 
1171 0.203883	0.986141 0.856901 0.928949 0.93208 1.03849 0.989528 0.930652 1.09925 1.0598 1.04282 
1172 0.0414828	1.71768 1.08001 1.11169 0.850881 0.976014 0.797752 0.939336 0.679568 1.24285 0.767248 
1173 0.187114	1.03505 0.993649 1.0195 0.900429 0.912902 0.903312 0.9209 0.849968 1.17434 0.979715 
1174 0.205207	0.8046 0.910569 0.892135 1.44727 1.34365 1.23703 0.999102 1.35705 0.836234 1.10005 
1175 0.0511915	1.3012 1.1109 1.05109 1.4333 1.32163 1.28579 1.0314 1.36828 0.9451 1.22065 
1176 0.148279	1.09968 1.09894 1.1551 1.08861 1.04648 1.13574 1.05047 1.06407 0.972833 1.02447 
1177 0.0428067	1.63616 1.25182 1.18805 1.01411 0.914819 0.992109 1.05462 0.909108 1.0973 0.851851 
BOUNDS
LWPS R    0.0  0.0  0.0  0.0  0.0  0.0  0.0  0.0  0.0  0.0
UWPS R    0.5  0.5  0.5  0.5  0.5  0.5  0.5  0.5  0.5  0.5
LXAS R   -0.5 -0.5 -0.5 -0.5 -0.5 -0.5 -0.5 -0.5 -0.5 -0.5
UXAS R    0.5  0.5  0.5  0.5  0.5  0.5  0.5  0.5  0.5  0.5
END
