NAME moment_estimations_cluster
ASSETS 10
BENCHMARKS 0.1 0.1 0.1 0.1 0.1 0.1 0.1 0.1 0.1 0.1 
COVARIANCES
0 0 0.023436
1 0 0.00805438
1 1 0.00592165
2 0 0.0219484
2 1 0.0116687
2 2 0.043882
3 0 0.00990785
3 1 0.00580847
3 2 0.0200812
3 3 0.0134932
4 0 0.00393237
4 1 0.00272462
4 2 0.00656299
4 3 0.00547692
4 4 0.00374923
5 0 0.0178546
5 1 0.0098652
5 2 0.030123
5 3 0.0146757
5 4 0.0047101
5 5 0.0239815
6 0 0.00555409
6 1 0.00373855
6 2 0.0112854
6 3 0.00570371
6 4 0.00151168
6 5 0.00928728
6 6 0.00597562
7 0 0.0226251
7 1 0.0110794
7 2 0.0387829
7 3 0.0212847
7 4 0.00839172
7 5 0.0280637
7 6 0.0103568
7 7 0.0415671
8 0 -0.0034723
8 1 -0.00214628
8 2 -0.000357385
8 3 -0.000157787
8 4 0.000297062
8 5 -0.00326101
8 6 -0.000637492
8 7 -0.00207955
8 8 0.0124886
9 0 0.00616549
9 1 0.00336328
9 2 0.0145689
9 3 0.00627219
9 4 0.00197934
9 5 0.00994181
9 6 0.00429438
9 7 0.0123986
9 8 0.00390493
9 9 0.00790786
SCENARIOS
0 0.34449	1.14766 1.06541 1.23533 1.12901 1.02092 1.15037 1.06754 1.19258 1.01955 1.07949 
1 0.65551	0.92292 0.954296 0.904852 0.934104 0.964582 0.936626 0.959816 0.893811 1.01129 0.992997 
00 0.599698	1.0777 0.988455 1.16544 1.08454 0.993906 1.13197 1.0275 1.2232 0.962715 1.0011 
01 0.400302	0.863488 0.993446 0.76846 0.897903 0.97053 0.854675 0.936868 0.825016 0.97959 0.928122 
10 0.683864	1.06853 1.03765 1.13356 1.09575 1.03855 1.06819 1.0754 1.12187 0.996351 1.05978 
11 0.316136	0.887973 0.973836 0.769518 0.836526 1.00027 0.773996 0.920066 0.796594 1.00733 0.875551 
000 0.160221	1.22279 1.13444 1.11341 1.03656 1.16354 1.16794 1.03355 1.16956 0.913075 0.949629 
001 0.175275	0.794428 0.86694 0.713508 0.79388 0.985201 0.801249 0.913726 0.726721 1.1941 0.956035 
002 0.0831115	0.992958 1.09857 0.98986 0.915733 0.98234 1.03402 0.982563 0.876501 0.908598 1.03422 
003 0.119318	1.21799 1.31487 1.57626 1.18746 1.09289 1.3532 1.09993 1.41782 0.924712 1.11686 
004 0.0680091	0.911363 1.09208 0.902042 1.01359 1.05256 1.08281 1.11428 0.942379 0.912705 1.00402 
005 0.0726076	1.05379 1.03092 1.22037 0.985068 1.03379 1.05826 1.08078 1.08284 1.26727 1.15238 
006 0.238395	0.936855 1.02879 0.825612 0.952676 1.10923 0.910386 0.983504 0.865734 0.958009 0.983173 
007 0.0830631	1.00077 1.00171 1.10232 0.997224 1.07532 1.01578 0.937199 0.983461 1.08307 1.05937 
010 0.246048	0.924344 0.933413 0.891883 0.909142 0.935648 0.926309 0.982564 0.888826 0.904814 0.879827 
011 0.0970993	0.960094 0.952077 1.09509 1.05667 0.956732 1.07176 1.14171 1.06104 1.11705 1.06996 
012 0.156563	1.19807 1.02024 1.10176 1.05995 1.01379 1.13571 1.05772 1.16168 0.875151 0.951103 
013 0.12422	1.20373 1.06312 1.43543 1.11524 1.04905 1.31043 1.16068 1.46471 1.00702 1.2321 
014 0.0540247	1.26484 0.978735 1.39506 1.07329 0.991797 1.28124 1.04098 1.15611 0.916792 1.09331 
015 0.0595359	1.01132 0.862881 1.28551 1.045 0.986668 1.06799 1.00562 1.0625 1.33158 1.17897 
016 0.15591	1.05889 0.887983 1.01474 0.909214 0.988919 0.926068 0.933243 0.920071 1.15661 1.06684 
017 0.106599	0.80048 0.82023 0.6755 0.899416 0.948395 0.796704 0.882552 0.673542 0.945606 0.792119 
100 0.125948	0.892401 1.00025 1.11172 0.99043 0.907697 1.0452 0.98574 0.962237 1.14804 1.04524 
101 0.156866	0.94062 1.02059 0.848864 0.922892 1.03155 0.983567 0.968102 0.892289 1.09814 0.937113 
102 0.175091	0.9492 0.973468 0.808655 0.855983 0.948591 0.895202 0.962693 0.833833 0.833202 0.923065 
103 0.0965022	1.10206 0.966576 1.02876 1.03391 1.06661 0.920264 0.914551 1.06066 1.31752 1.05063 
104 0.139623	0.786121 0.852565 0.662961 0.742738 0.870961 0.753917 0.876938 0.610751 1.10541 0.920494 
105 0.180244	1.32873 1.09621 1.29426 1.05687 1.02048 1.27631 1.0667 1.26893 0.909602 1.01526 
106 0.0508611	1.41553 1.18855 1.79191 1.24597 1.08823 1.41523 1.10721 1.62412 1.01598 1.17195 
107 0.0748639	1.11673 1.03952 1.00385 1.13591 1.07483 1.00749 0.999462 1.23872 0.91576 0.927429 
110 0.167543	0.969014 0.911417 0.804843 0.998697 0.964932 0.942694 0.904524 0.826464 0.853981 0.840757 
111 0.0660619	0.804088 0.925704 0.732711 0.911091 0.915404 0.895594 1.00324 0.753736 0.904254 0.953467 
112 0.084399	1.26196 1.09825 1.16638 1.09363 1.02906 1.31823 1.09001 1.17883 0.725955 0.90791 
113 0.29682	1.03899 0.917449 1.06342 1.13062 1.00904 1.09498 1.02438 1.11628 1.04506 1.06199 
114 0.0737828	1.30162 1.1473 1.45773 1.32377 1.19444 1.38744 1.1 1.49954 0.940084 1.1382 
115 0.0660136	1.26441 1.01524 0.977755 1.08557 1.03051 1.13651 1.11339 1.16495 0.953166 0.99521 
116 0.0880181	0.783138 0.852347 0.878167 1.07564 0.966803 0.949246 0.973722 0.886507 1.38415 1.16661 
117 0.157361	0.847293 0.920197 0.833498 0.962874 0.988949 0.868628 0.97981 0.760692 1.08304 0.940779 
0000 0.2	0.935511 1.01902 1.00297 1.10424 1.03862 0.962949 1.02744 1.0493 1.1665 1.0982 
0001 0.0589124	0.696143 0.867664 0.767641 1.05475 0.934232 0.846088 0.984927 0.8194 1.02187 1.00126 
0002 0.269486	1.10798 1.12717 1.29306 1.18979 0.960679 1.10165 1.13215 1.36509 0.946255 1.19886 
0003 0.136254	0.765703 1.02255 1.01346 1.04984 0.894657 0.96224 1.01953 0.86343 1.0994 1.12192 
0004 0.154381	1.09113 1.06035 1.01742 0.949429 0.827394 1.07093 0.98341 0.950098 0.965747 1.05045 
0005 0.0555891	1.02447 0.993491 0.773443 0.838402 0.891216 0.818685 0.908353 0.869259 0.861698 0.944486 
0006 0.0712991	0.940982 0.989298 0.823151 0.946704 0.943148 0.942881 1.11914 0.920179 0.904447 0.971934 
0007 0.0540785	0.706636 0.812341 0.670939 0.805458 0.795188 0.684895 0.843235 0.691168 0.954309 0.921497 
0010 0.17288	0.872195 0.934343 0.842527 0.852887 0.872135 0.774102 0.862697 0.817898 0.825677 0.882367 
0011 0.188622	1.16667 1.14364 0.939959 0.969961 1.05798 0.986033 1.00874 0.897766 0.773077 0.995982 
0012 0.105496	1.12602 1.08009 1.11891 1.13974 1.0739 0.993706 0.965146 1.01395 1.17222 1.07363 
0013 0.0604805	0.981378 1.15979 1.21378 1.10172 0.993187 1.1809 1.09386 1.11691 0.89008 1.11231 
0014 0.245512	0.876374 1.027 0.93549 1.0257 0.973597 0.880874 0.98533 0.81286 1.22135 1.03225 
0015 0.0889257	1.22928 1.14431 1.19233 1.26859 1.12307 1.03058 1.07527 1.17733 0.960874 0.991891 
0016 0.0856117	1.27578 1.2492 1.43563 1.10369 1.01314 1.14805 1.07292 1.2314 0.932911 1.13178 
0017 0.0524717	1.08572 1.12242 1.65576 1.23745 1.16839 1.17618 1.02393 1.53464 1.29477 1.27662 
0020 0.218404	1.06467 0.93386 0.932934 0.91739 0.984143 0.956773 1.02065 0.903198 1.07231 1.0518 
0021 0.147932	0.831595 0.824649 0.767433 0.741766 0.981639 0.736604 0.887185 0.729311 0.978542 0.866271 
0022 0.129295	0.780509 0.993793 0.840721 0.93387 0.924038 0.868066 1.0233 0.731534 0.923537 0.833761 
0023 0.142691	1.26891 1.12597 1.26531 1.06713 1.06564 1.09153 1.1409 1.18249 0.971043 0.99817 
0024 0.107746	1.19715 1.12315 1.08568 1.12913 1.05236 1.06733 1.0641 1.09282 0.84501 0.875149 
0025 0.104834	0.990303 0.998163 1.30466 1.05418 1.01476 1.09691 1.1346 1.09354 1.06959 1.10207 
0026 0.0844496	1.13702 0.914996 0.783732 0.900118 0.954363 0.918112 0.966934 0.90298 0.825224 0.889922 
0027 0.0646476	1.28508 0.959698 1.19813 1.00493 1.01682 0.963983 0.981529 1.05101 1.12373 1.15883 
0030 0.103448	0.780974 0.784281 0.833307 0.874042 0.887246 0.824221 1.02426 0.685143 1.03145 0.979019 
0031 0.208925	0.934527 0.970763 0.914709 0.925631 1.02853 1.0203 1.04164 0.940015 0.96154 0.995075 
0032 0.154564	1.21056 0.901551 1.10291 1.01776 1.06466 0.998109 1.1116 1.16623 0.895055 1.00446 
0033 0.0624746	1.15903 1.21502 1.53505 1.3084 1.1266 1.4766 1.29135 1.34357 1.02055 1.11542 
0034 0.139148	0.949199 0.781654 0.834032 0.819971 0.92542 0.816319 1.00377 0.828042 1.17798 1.05176 
0035 0.074645	0.73332 0.788404 0.665786 0.729136 0.881739 0.790062 0.88705 0.686368 1.0392 0.971921 
0036 0.185801	0.903271 0.839258 1.11826 1.13177 0.962159 1.14974 1.09432 1.18876 1.1569 1.14283 
0037 0.0709939	1.28621 1.06987 1.41534 1.2385 1.17669 1.24116 1.16584 1.51318 1.27754 1.1941 
0040 0.160142	0.914664 1.02241 0.786222 0.896624 0.922201 0.872524 1.00264 0.721337 0.970873 0.896135 
0041 0.0825623	0.931984 0.998912 0.933944 0.831223 0.851575 0.870366 1.00971 0.767572 1.35358 1.1042 
0042 0.0761566	1.03255 0.944345 0.863497 0.988073 0.9347 0.888939 0.992945 0.929436 0.96615 1.02104 
0043 0.080427	1.1606 1.11233 1.05301 1.07535 1.25027 1.03047 1.06703 1.18999 0.932833 1.01003 
0044 0.275445	1.10927 1.14399 1.23121 0.940446 0.979833 0.981898 1.03185 1.09701 0.996363 0.950312 
0045 0.0569395	1.28021 1.09103 1.5931 1.277 1.03497 1.26831 1.09699 1.44347 1.1551 1.17516 
0046 0.083274	0.830065 0.851375 0.771251 0.780499 0.95873 0.723787 0.831779 0.691714 1.19918 1.03846 
0047 0.185053	1.01575 0.92224 0.994127 0.90456 0.874649 0.831365 0.935227 0.930147 1.00034 0.99606 
0050 0.0486667	0.760462 0.857638 0.696814 0.857951 0.903222 0.7491 0.944877 0.68489 1.01766 0.911624 
0051 0.2	0.897129 1.17289 1.09982 1.05792 1.14426 1.13947 1.05605 1.05338 0.99431 1.13886 
0052 0.141333	1.40389 1.17697 1.43272 1.21124 1.1292 1.34718 1.0286 1.40522 1.0493 1.34334 
0053 0.11	1.11965 1.06903 1.19883 1.05813 0.998378 1.17607 1.00652 1.05271 0.934707 1.16231 
0054 0.100667	0.954278 1.05174 0.801653 0.996028 1.00525 0.963087 0.878292 0.825395 0.975708 0.938167 
0055 0.17	0.957462 1.07762 0.932379 1.0052 0.929122 1.009 1.05001 0.854464 0.822871 0.990012 
0056 0.0846667	0.815028 0.933859 0.792949 0.872441 0.976649 0.771373 0.877604 0.840878 1.27916 1.01242 
0057 0.144667	1.0076 0.970959 0.931215 1.04056 1.07723 0.916043 0.913305 0.928766 1.18636 1.06262 
0060 0.075736	0.859425 0.941672 0.98005 0.890592 0.889114 0.899514 0.879759 0.855367 0.828645 0.86451 
0061 0.213604	1.1675 1.00821 1.44052 1.17058 0.987915 1.24884 1.03453 1.32678 1.10302 1.08845 
0062 0.168528	0.923358 1.08827 1.12245 1.05863 0.87082 1.08664 1.03334 1.00769 0.901884 0.909517 
0063 0.262132	0.956734 0.989129 0.969851 1.01122 0.990822 0.91585 0.95674 1.00603 1.07806 0.944942 
0064 0.0542132	0.681253 0.9615 0.794281 0.951975 0.970251 0.862731 0.904997 0.780709 0.9253 0.90389 
0065 0.0871066	0.826149 0.800597 0.746355 0.779016 0.781976 0.78127 0.948093 0.659043 0.862251 0.8535 
0066 0.0550254	0.89683 0.925841 0.830147 0.861301 0.939787 0.803896 0.903096 0.914355 1.15905 0.936615 
0067 0.0836548	0.901482 0.934215 0.718529 0.939333 0.933087 0.827696 0.859154 0.778787 0.794729 0.733809 
0070 0.231935	1.09227 1.12229 1.37486 1.04886 1.11799 1.13116 1.04461 1.36696 0.948432 1.14332 
0071 0.108974	0.806168 0.97464 1.05884 1.10538 1.11069 0.921482 1.02755 1.04398 0.965503 0.997819 
0072 0.0996503	0.936294 1.11741 0.918901 0.983286 0.951946 1.04853 1.01435 0.886147 0.914182 1.02002 
0073 0.0751748	1.13768 1.08226 1.10218 1.06483 0.984281 1.08913 1.06889 1.21122 1.20422 1.12314 
0074 0.0734266	1.10896 0.969092 0.900074 0.887284 0.899444 0.869877 0.916937 1.16504 0.855013 0.839287 
0075 0.138695	1.05676 1.10458 1.05228 1.02414 0.993377 0.924916 0.942973 1.16724 1.02124 1.08849 
0076 0.19697	0.963999 0.955456 0.883109 0.977213 1.03293 0.883298 1.04426 0.922294 1.09024 0.852066 
0077 0.0751748	0.776709 0.958723 0.737912 0.862031 0.896741 0.805497 0.870579 0.802855 1.17975 1.04365 
0100 0.138815	1.17274 0.985965 0.886159 1.01868 1.07565 1.00126 0.921549 1.03574 0.89092 0.992085 
0101 0.0727969	0.832889 0.953561 1.2194 1.14622 1.15561 1.00617 1.08775 1.15703 1.33577 1.25684 
0102 0.246684	1.00406 0.962626 0.96227 0.972348 1.04715 0.910871 0.951116 0.970456 1.07228 1.09894 
0103 0.0730917	0.89333 1.05532 1.13283 1.30372 1.28253 1.23213 1.10195 1.27952 0.930357 0.966154 
0104 0.179782	0.760699 0.823141 0.799592 0.883042 0.959042 0.842346 1.0333 0.830098 1.08095 0.953667 
0105 0.108459	1.21243 1.21798 1.42087 1.31853 1.2161 1.33373 1.10119 1.4141 1.06419 1.20189 
0106 0.102269	1.07613 0.943527 0.899832 1.095 1.10373 0.993387 1.1316 1.00082 0.975114 1.03731 
0107 0.078102	0.927988 0.992529 1.12047 1.0446 0.960713 1.08447 1.05412 0.98943 0.923616 1.0599 
0110 0.127707	1.01275 0.964597 1.09182 0.913648 0.973005 1.03401 1.02529 0.891168 0.935455 0.939742 
0111 0.0784167	1.07753 1.1338 1.45146 1.13883 1.10696 1.27221 1.07828 1.44684 0.969289 1.04979 
0112 0.10829	1.38834 1.01101 1.17605 0.934144 0.966866 1.1077 0.997833 1.13759 1.20344 1.08173 
0113 0.128454	0.681144 0.930124 0.697001 0.796556 0.99492 0.739709 0.876461 0.660855 1.2451 0.863906 
0114 0.167289	0.889285 1.01001 0.94709 0.953061 1.0944 0.94862 0.956761 0.923858 1.08895 1.07107 
0115 0.103809	1.1321 1.05557 0.986476 0.975231 1.10903 1.03772 0.933406 1.04065 1.02428 1.05307 
0116 0.17177	0.856183 0.888765 0.918239 0.79874 0.987086 0.847996 0.924172 0.816214 0.858444 1.04917 
0117 0.114264	1.13053 1.07352 1.21299 0.927278 1.01269 1.10774 1.03089 1.07065 0.832043 1.04831 
0120 0.0778138	1.44347 1.04442 1.22637 1.10708 1.02149 1.19467 1.10664 1.27975 0.904499 0.967148 
0121 0.185734	1.01971 1.01787 1.36764 1.07616 1.05046 1.17081 1.05584 1.15805 0.992717 1.19976 
0122 0.0662344	0.934322 0.97039 0.848321 0.925266 1.04225 0.871101 0.906524 0.851453 0.869764 0.856081 
0123 0.0852246	1.12081 0.860753 0.795714 0.837604 0.93771 0.910638 0.958104 0.786259 0.87472 0.837624 
0124 0.154701	0.869058 0.987973 0.743106 0.770075 1.01585 0.735615 0.870154 0.705342 1.16826 0.92584 
0125 0.260769	0.962853 1.05682 0.960499 1.0205 1.06438 1.03465 0.953444 1.00246 1.02108 1.01068 
0126 0.057434	1.08495 0.959957 1.10554 1.11936 1.12104 1.00515 0.941727 1.33049 1.25404 1.12129 
0127 0.112089	1.02334 1.03017 0.967518 0.913376 1.02791 0.975578 1.06803 1.00324 0.781842 0.874296 
0130 0.222417	1.01448 1.04014 1.23463 1.12682 1.09429 1.08587 1.05858 1.14706 1.09944 1.06685 
0131 0.130181	0.897387 0.924031 1.049 1.09548 0.956358 0.946378 1.01262 0.88578 1.04181 0.908958 
0132 0.105079	0.824328 0.92644 0.823295 1.0231 1.05848 0.819421 0.861997 0.894102 0.955533 0.836826 
0133 0.105079	1.42321 1.10155 1.43913 1.21176 1.04323 1.38087 1.09403 1.35464 0.830273 0.968794 
0134 0.188558	0.699791 0.931748 0.844549 0.891696 1.01999 0.81588 0.951103 0.727701 1.0799 0.909062 
0135 0.0642148	0.948723 0.979657 0.889065 0.943067 1.03842 0.918114 1.02254 0.824154 0.835448 0.695241 
0136 0.0671337	1.08661 1.10326 1.30741 1.23991 1.11824 1.25202 1.11399 1.16515 1.2142 1.05886 
0137 0.117338	1.14379 1.03401 0.900942 1.08386 1.13095 0.87869 0.916779 0.959832 1.10144 0.90122 
0140 0.212081	0.974648 1.05029 1.16856 1.07927 1.01143 1.10613 1.06004 1.23658 1.20392 1.15299 
0141 0.112752	1.02479 1.00088 0.847616 0.914247 0.989367 0.825948 0.943581 0.905113 1.13884 0.948279 
0142 0.154362	1.15514 1.28874 1.25084 1.07824 1.0672 1.22264 1.08215 1.12261 0.913206 1.01876 
0143 0.126174	1.04391 1.03393 0.872212 0.919118 0.903917 0.968731 1.0129 0.94194 0.77287 0.819155 
0144 0.111409	1.15981 0.992282 1.21482 1.04641 1.03995 0.952203 0.919233 1.36459 0.883363 0.955839 
0145 0.0550336	0.651699 1.08651 0.713971 0.819993 1.05132 0.791675 0.922398 0.816325 0.828629 0.775102 
0146 0.111409	0.789901 0.952386 0.807459 0.778153 0.953492 0.755254 0.845874 0.859055 0.936223 0.810473 
0147 0.116779	0.756517 1.02086 0.882087 0.889183 0.934861 0.950969 1.06762 0.852269 0.933643 0.989313 
0150 0.242387	0.888809 1.18788 0.833559 0.997091 1.04678 0.930389 0.960281 1.01017 0.818536 0.746733 
0151 0.175396	0.902849 1.05366 0.964327 0.965978 1.04759 0.930652 1.02356 0.943161 1.13443 1.17305 
0152 0.0511571	1.17136 1.07564 1.21406 1.30714 1.20365 1.19105 0.998104 1.47243 1.01961 1.02539 
0153 0.171742	0.82319 1.03091 0.820911 1.09617 1.13744 0.814478 0.927637 1.10407 1.03495 0.920031 
0154 0.112058	1.11491 1.12987 1.25299 1.30687 1.14235 1.17195 1.027 1.56902 0.883498 0.994456 
0155 0.0876979	1.0006 1.19915 1.19613 0.985428 1.05146 1.07885 1.01002 1.14773 0.897927 1.04954 
0156 0.0828258	1.07263 0.986306 1.39752 1.12772 0.918301 1.31197 1.13773 1.35028 1.01963 1.15648 
0157 0.0767357	1.03826 1.01253 1.08018 1.14828 1.15748 1.00738 0.996138 1.22459 1.35071 1.15374 
0160 0.154884	0.819905 0.947923 0.715155 0.912631 0.949495 0.925291 0.944233 0.748146 0.839596 0.887627 
0161 0.0762791	1.14344 1.01407 1.00307 0.978665 1.06295 1.06849 1.03945 0.994627 0.896735 1.00914 
0162 0.115814	0.978307 1.06441 1.12739 1.03237 1.03218 1.11207 0.975327 1.1288 0.852881 1.00253 
0163 0.126977	0.805722 0.921613 0.98417 0.948917 1.01129 0.936104 0.980178 0.967416 1.18081 1.07884 
0164 0.111163	0.751832 0.954083 0.702904 0.902894 1.02669 0.754415 0.893844 0.788351 1.18391 0.771313 
0165 0.0665116	1.11267 1.15389 1.5113 1.19521 1.10717 1.34427 1.14812 1.47158 1.06113 1.20144 
0166 0.130698	1.04636 1.1183 1.26055 1.15849 1.04837 1.20239 1.01879 1.23089 0.898392 0.99827 
0167 0.217674	1.00834 1.07322 1.00605 0.995623 0.94178 0.979889 0.982453 0.956219 1.06727 0.98353 
0170 0.304082	1.08223 1.18968 1.27639 1.02126 1.07094 1.11146 1.05037 1.16514 0.829477 1.0332 
0171 0.139456	0.994345 0.911173 1.11898 0.997502 1.04884 0.965933 1.0281 1.21628 1.32223 1.21813 
0172 0.0972789	0.940803 0.97042 0.759766 0.820717 0.926157 0.761236 0.882917 0.735054 1.42909 1.03552 
0173 0.111565	0.917141 1.02549 0.867468 0.809242 0.903243 0.821749 0.889744 0.854266 0.998693 1.02973 
0174 0.110204	0.919325 0.95203 0.777496 0.762128 0.953154 0.824907 0.951793 0.749365 0.805876 0.907893 
0175 0.0687075	1.09178 1.05242 0.860123 0.961647 1.07741 0.874082 0.870163 1.13737 1.08277 0.980603 
0176 0.070068	0.849474 1.05084 0.859779 0.702703 0.905132 0.867428 1.06655 0.722518 1.07936 1.10712 
0177 0.0986395	1.48183 1.16344 1.09984 0.871031 1.10726 0.991428 0.903715 1.38091 0.928398 0.992201 
1000 0.208466	1.12752 1.01909 0.928804 0.877479 0.998666 1.00873 0.990267 0.962608 0.806598 0.898174 
1001 0.192171	1.03825 0.954167 1.19124 1.10663 1.06347 1.07227 1.08329 1.13674 1.0583 1.0686 
1002 0.0936947	1.00741 0.945465 0.874668 0.804904 0.924501 0.850532 0.97191 0.820895 0.90273 0.957842 
1003 0.192349	0.90035 0.90609 0.930685 0.945793 1.10306 0.89277 1.00193 0.958628 0.899459 0.923546 
1004 0.0650018	1.03893 0.980814 0.951999 0.991272 1.06033 0.927567 1.07763 0.925975 1.22106 1.04707 
1005 0.0573858	1.16704 1.1111 1.42396 1.10839 1.12356 1.16609 1.10478 1.53546 1.09924 1.23686 
1006 0.0991853	0.823664 0.886601 0.813205 0.837186 1.05899 0.753689 0.911117 0.743952 1.16366 0.952797 
1007 0.0917464	1.47398 1.15153 1.45396 1.18536 1.11821 1.30601 1.14656 1.54206 0.969809 1.14229 
1010 0.0978385	1.10141 0.839055 0.932728 0.937722 0.909765 0.890226 0.879432 0.98225 0.86047 0.85524 
1011 0.0908703	1.31911 1.06464 1.44754 1.30318 1.06445 1.2129 1.04481 1.46451 0.871847 1.04796 
1012 0.136234	0.954363 0.8824 0.883294 0.937296 1.00731 0.777243 0.912241 0.909183 1.14439 0.963705 
1013 0.191126	0.964134 0.92638 1.11109 1.06418 0.966956 0.96369 0.994531 1.15403 1.04907 1.05086 
1014 0.0476394	1.23637 0.910106 0.733605 0.882547 0.94719 0.816755 0.956122 0.966642 0.892402 0.919744 
1015 0.163823	0.87596 0.946959 0.900624 0.968783 0.88325 0.933428 1.02808 0.842583 0.970461 0.995425 
1016 0.20748	1.18678 1.09005 1.12178 1.04783 1.01001 1.01895 1.11503 1.14493 1.0242 1.11127 
1017 0.0649886	0.819383 0.8045 0.63741 0.907865 0.919564 0.719659 0.897626 0.701577 1.05469 0.943586 
1020 0.15709	0.906201 0.953983 0.737442 0.910418 0.906538 0.861291 0.899963 0.783206 0.906177 0.856899 
1021 0.141037	1.01323 0.979107 0.891139 1.01217 0.903968 1.00944 1.08469 0.893793 0.985983 0.948633 
1022 0.164862	0.826385 0.993285 0.823106 0.881637 0.949629 0.806561 0.971029 0.788531 1.10281 0.888603 
1023 0.0626831	1.36181 0.995535 0.993068 0.961834 1.01701 1.01803 0.932069 1.01494 0.923545 0.877081 
1024 0.109823	0.949033 0.907582 0.982162 1.12431 0.984932 0.96477 0.879757 1.05555 1.03997 0.876831 
1025 0.0572047	1.15077 1.11022 1.21465 1.12061 1.05212 1.28314 1.01116 1.2977 0.786717 0.872297 
1026 0.0754236	1.18797 1.17094 1.48618 1.37442 1.09105 1.32858 1.05615 1.47568 1.06428 1.03855 
1027 0.231877	1.0137 0.970254 1.26304 1.17246 0.983746 1.13485 1.07979 1.25395 0.959314 1.04986 
1030 0.125982	0.898325 1.1048 1.00051 1.01369 0.975195 1.18895 1.04831 1.08752 0.888828 0.944122 
1031 0.082062	0.817598 0.962464 0.735676 0.884693 0.927009 0.889106 0.904182 0.774801 0.922372 0.807196 
1032 0.0809061	0.924324 0.968455 1.1064 1.06779 0.969987 1.05245 0.996975 0.99576 1.20714 1.08359 
1033 0.0901526	0.950387 1.1396 1.08733 1.02685 1.01288 1.15711 1.00586 1.15841 1.02241 1.02614 
1034 0.262829	1.09494 1.00481 0.870168 0.846587 0.901835 1.04848 0.940223 0.821424 0.836763 0.90126 
1035 0.13153	0.798184 0.81729 0.778012 0.914227 0.883633 0.778669 0.930238 0.747866 1.17036 0.940764 
1036 0.11558	1.05922 1.08355 1.16087 0.94162 0.958265 1.15682 1.03407 0.972423 1.03364 1.10095 
1037 0.110957	1.17478 1.15979 1.48919 1.19903 0.97769 1.4002 1.06752 1.42151 0.944076 1.1038 
1040 0.097939	0.891619 0.968395 0.902698 1.00512 0.976657 0.882811 1.13752 1.09555 1.16412 0.952631 
1041 0.25707	0.931219 0.96679 0.941429 0.999796 1.01486 0.938186 0.952774 0.958072 0.828897 0.885038 
1042 0.115993	1.08637 1.14887 1.20816 1.22193 1.14396 1.26061 1.11608 1.32426 0.91849 0.945139 
1043 0.0730149	0.748979 0.990035 0.822616 0.962279 1.0034 0.842545 0.910316 0.866025 1.23398 0.879808 
1044 0.167758	0.957215 1.05822 0.937633 1.01831 1.02981 0.939311 0.961806 1.03781 1.08288 0.975386 
1045 0.105129	1.01815 1.12947 1.18803 1.21418 1.08235 1.00716 0.95844 1.15951 1.22452 1.01987 
1046 0.059754	1.05532 0.98638 0.708388 1.00525 1.15047 0.882385 0.856562 0.947156 0.899184 0.788077 
1047 0.123342	1.19104 1.2286 1.46865 1.35585 1.18436 1.31555 1.10867 1.58415 1.00121 1.09449 
1050 0.0738861	0.822225 0.875561 0.983745 1.0451 0.963336 0.869125 0.857206 0.972325 1.31774 1.04695 
1051 0.0493812	1.05639 0.959026 1.54809 1.42813 1.08388 1.24872 1.10995 1.64598 1.08754 1.09236 
1052 0.14047	0.969759 1.09774 1.01856 1.05498 1.09592 1.02761 0.965258 1.07198 0.961978 0.91773 
1053 0.174752	1.16283 1.09709 1.24106 1.29687 1.09845 1.20386 1.09537 1.31375 0.965528 1.13556 
1054 0.0840347	0.802552 0.92543 0.681683 0.948707 1.08295 0.713454 0.841884 0.877072 0.970703 0.855767 
1055 0.169431	1.13311 1.00855 0.803345 0.959823 0.917236 0.978162 0.969876 0.885355 0.887551 0.958122 
1056 0.120421	0.741462 0.972986 0.718405 0.947265 0.980591 0.8435 0.96828 0.786216 1.21592 1.02818 
1057 0.187624	0.802358 1.01917 1.05683 1.09311 0.980215 0.99761 1.05126 1.04814 1.08421 1.01626 
1060 0.151754	1.0487 1.15354 1.21611 1.2086 1.18512 1.21455 0.993434 1.39197 1.00269 1.1252 
1061 0.0907895	1.01064 0.811537 0.861629 0.920051 0.939058 0.939863 0.917125 0.903862 0.986873 0.893519 
1062 0.209649	0.762828 0.858766 0.824783 0.962832 1.05373 0.806935 0.882079 0.814486 1.27477 0.982834 
1063 0.113158	0.950792 1.00886 1.03029 1.13216 1.0551 1.11232 1.04066 1.1114 0.811901 0.993186 
1064 0.140789	1.08244 0.9924 1.02348 0.883758 0.891403 1.06558 1.0066 1.04559 1.00893 1.08818 
1065 0.124561	0.787725 0.939861 0.694721 0.968894 0.975237 0.857706 0.930963 0.907349 0.971064 0.853513 
1066 0.0982456	0.931912 1.01639 1.3139 0.959002 0.977854 1.1875 1.089 1.20774 1.27248 1.22071 
1067 0.0710526	1.43539 1.14598 1.39855 1.22193 1.17412 1.46126 1.08961 1.4484 0.947207 1.08748 
1070 0.15584	0.857516 1.03638 0.923819 0.967259 0.947417 1.02045 1.02381 0.867678 1.11734 0.908342 
1071 0.176103	0.926445 1.10404 0.959995 0.924802 0.95907 1.00609 0.967011 0.903944 0.865376 1.00584 
1072 0.0768772	0.757554 1.02543 0.869961 0.975017 0.965834 1.02486 0.968565 0.892354 0.85803 0.90272 
1073 0.090584	1.15314 1.0292 1.40012 1.07925 0.945607 1.40141 1.1218 1.2192 1.04117 1.16918 
1074 0.197557	0.958268 0.987571 1.23832 1.16606 1.06192 1.18289 1.09569 1.1043 1.04267 1.2305 
1075 0.147795	1.06975 1.04323 1.11069 0.972413 1.08657 1.02976 0.935965 0.983812 1.12126 0.965074 
1076 0.0947557	0.874381 0.902637 0.767418 0.814581 0.96299 0.898019 0.899898 0.751498 1.06287 0.960175 
1077 0.0604887	0.778708 0.832516 0.593219 0.762844 0.898899 0.794509 0.921463 0.627277 0.979418 0.907073 
1100 0.124424	1.09615 1.02493 0.923129 0.849947 1.02213 0.956586 1.085 1.04151 1.06724 1.11364 
1101 0.0593318	1.11604 1.2172 1.23957 0.978265 1.01871 1.16269 1.09947 1.07559 1.02705 1.19936 
1102 0.159562	0.791208 0.926493 0.593596 0.779635 0.874755 0.682707 0.904055 0.605065 1.02582 0.854249 
1103 0.21515	0.96789 0.98383 1.00348 0.968216 1.01714 0.949636 0.977934 1.11649 1.07594 1.06616 
1104 0.0820853	1.05969 1.20436 1.48085 1.12653 1.0374 1.28362 1.16494 1.49865 0.981217 1.06559 
1105 0.218606	0.738512 0.934896 0.877125 0.953485 0.962447 0.9282 1.0022 0.977656 1.0085 1.00175 
1106 0.0708525	1.3197 1.15801 1.20184 1.04931 1.00987 1.34536 1.12631 1.28669 0.822367 1.06518 
1107 0.0699885	1.06915 1.11105 0.839157 0.991687 1.05958 0.944458 1.09394 1.06544 0.789531 1.02089 
1110 0.170197	1.17067 1.19826 1.51674 1.1881 1.02949 1.37265 1.17839 1.43203 0.815732 0.955933 
1111 0.0708546	1.35851 1.04345 1.21639 1.13955 1.06553 1.22265 1.19922 1.26322 1.17169 1.03683 
1112 0.0810811	0.734201 0.882832 0.685034 0.853083 0.936936 0.750398 0.9105 0.701468 1.02036 0.872975 
1113 0.244704	0.959446 0.912054 0.9125 1.01205 1.03381 0.980896 1.02492 0.969545 1.00103 1.02472 
1114 0.114682	0.961607 0.955653 0.706017 0.828049 0.959401 0.826624 0.932073 0.710146 1.11173 0.942811 
1115 0.17531	1.05767 0.926753 1.03865 0.993256 0.996925 1.04588 1.0481 1.06151 1.07399 0.989619 
1116 0.0913075	0.813216 0.846136 0.784534 0.834239 0.845736 0.823244 0.870761 0.699902 0.916267 0.886862 
1117 0.0518627	0.904106 1.07025 1.28682 1.43832 1.20135 1.22309 1.1027 1.3386 0.976554 0.948457 
1120 0.0829045	1.22199 1.00631 0.990609 1.0083 0.999914 0.959839 0.891832 1.147 0.897729 0.960141 
1121 0.120069	1.14859 1.04655 1.27097 1.20094 1.07636 1.10421 0.953071 1.28183 1.05582 1.06404 
1122 0.110921	0.906177 0.951325 0.986579 1.08375 1.09665 0.920508 0.929198 1.09778 1.09521 1.11308 
1123 0.0651801	1.2133 0.909591 0.844985 0.9164 0.947676 0.834947 0.923817 0.790911 1.23406 1.02652 
1124 0.232704	0.900662 0.991441 1.10178 1.10598 0.883059 1.08155 1.06572 1.1189 0.951167 1.11826 
1125 0.126358	0.720431 0.944414 0.755569 0.953315 0.866578 0.817078 0.89528 0.784421 1.22153 1.05201 
1126 0.168668	0.819087 0.926564 0.788904 0.904837 0.944285 0.801111 0.951278 0.885649 1.00176 0.982291 
1127 0.0931961	1.22675 1.04935 1.4043 1.36535 1.03015 1.30499 1.0588 1.52514 0.937212 1.17955 
1130 0.0673061	1.04494 1.23435 1.65221 1.29309 1.06736 1.38424 1.179 1.39315 1.07795 1.25113 
1131 0.236222	1.26197 1.15567 1.33356 1.09046 1.05322 1.14309 1.05142 1.18085 0.993525 1.03794 
1132 0.0588522	0.805973 0.943043 0.680772 0.83485 0.996535 0.704205 0.877068 0.637243 1.06277 0.92621 
1133 0.233295	0.977725 1.03201 1.05215 0.989837 1.03573 1.04971 1.00735 0.978202 0.988265 1.03465 
1134 0.0783612	0.982391 1.07367 0.887948 0.821471 0.871507 0.937709 0.889988 0.823589 0.864868 0.826506 
1135 0.181271	1.01205 1.02505 0.829157 0.978811 0.980023 0.87211 0.918909 0.929354 1.02949 0.988794 
1136 0.0554381	0.940752 1.01551 0.983666 0.999101 1.00377 0.912105 0.816844 0.860708 0.997435 0.855113 
1137 0.0892538	1.06777 0.986088 1.05444 0.963863 1.0463 0.955973 0.99912 1.06593 1.378 1.11494 
1140 0.153041	1.30903 1.11923 1.01914 0.864743 0.914429 1.07599 0.942469 0.983892 0.888755 0.936501 
1141 0.1707	1.11404 0.985539 1.28612 1.06075 0.934762 1.10931 0.983423 1.2208 1.05971 0.999213 
1142 0.087639	0.902042 0.888725 0.711696 0.892578 0.891846 0.845561 0.910847 0.713867 1.07724 0.921807 
1143 0.125572	0.909811 0.88168 0.825133 1.02298 0.963733 0.78244 0.952596 0.95357 1.20929 0.821153 
1144 0.0464356	1.02114 0.919317 1.35158 0.964989 0.78279 1.0925 1.10722 1.05367 1.13789 1.09565 
1145 0.141923	0.957619 0.97946 1.07241 1.10627 0.939258 1.02547 1.08114 1.10668 1.03493 1.0265 
1146 0.0981033	1.10984 1.03498 1.39126 1.29318 0.969702 1.31174 1.06787 1.53722 0.951146 1.00725 
1147 0.176586	0.920774 0.902462 0.823814 0.926637 0.830686 0.884603 1.05024 0.908277 0.891177 0.894068 
1150 0.178363	0.913959 0.93462 0.818845 1.01342 1.08314 0.824574 0.873768 0.86341 1.00347 0.982376 
1151 0.0562865	1.15862 1.13082 0.972945 1.10411 1.14655 1.15083 0.934642 1.20987 0.967859 1.06134 
1152 0.195906	0.971647 0.926425 0.944704 1.02554 1.00305 0.954475 0.968755 0.960545 0.87162 0.906193 
1153 0.167398	0.978848 0.955087 1.30685 1.23691 1.12821 1.07603 1.05741 1.25891 1.0594 1.12282 
1154 0.135234	1.0461 1.01293 1.04354 0.951007 0.923768 1.05532 1.0383 0.860375 1.01538 1.05924 
1155 0.0913743	1.16435 0.971003 1.071 1.02476 0.988403 1.05675 0.928208 1.03149 1.02289 0.958398 
1156 0.0665205	0.877312 0.975118 0.894564 1.00946 0.98182 0.896626 1.00894 0.819177 1.24285 0.966116 
1157 0.108918	1.34015 1.09004 1.48719 1.3098 1.01533 1.35942 1.07725 1.52939 0.961268 1.08461 
1160 0.229167	1.06931 0.932148 1.21166 1.04537 1.0253 1.01528 0.996488 1.28546 1.0107 0.973561 
1161 0.104715	1.09039 0.986776 0.945928 0.81946 0.859622 0.828901 1.00225 0.892712 1.10958 0.98502 
1162 0.176535	1.11662 1.0189 1.05653 1.20593 1.04515 1.03986 1.08358 1.27048 0.904556 0.914933 
1163 0.153509	1.25403 0.997233 1.30542 1.16693 1.0733 0.998568 0.987212 1.26643 1.21477 0.91682 
1164 0.089364	0.908931 0.911324 0.695454 0.802775 0.918779 0.721452 0.855806 0.727736 0.908219 0.78333 
1165 0.107456	0.905822 0.926528 0.701471 0.8807 0.925417 0.753812 0.816761 0.676208 1.07021 0.825764 
1166 0.058114	1.05453 0.979707 0.820449 0.885825 0.993964 0.906845 0.874671 0.843472 0.832186 0.84131 
1167 0.0811404	0.885172 0.935785 0.897321 0.899696 1.01578 0.812488 0.991419 0.884104 0.827635 0.771304 
1170 0.0524379	0.934664 0.989498 0.884184 1.0335 0.972087 0.980467 1.06931 1.09255 1.07165 1.08279 
1171 0.050598	1.11248 0.931963 1.32723 1.11911 0.941475 1.32475 1.17844 1.05978 0.874574 1.18679 
1172 0.134928	0.868039 0.861504 0.667387 0.845946 0.843557 0.800073 0.858059 0.690812 1.03744 0.944226 
1173 0.110702	1.06281 0.919997 0.911546 0.878644 0.864361 0.986595 0.872072 0.89405 1.18778 0.9963 
1174 0.165593	0.84214 0.946047 0.932 0.972857 0.922096 0.927838 0.961835 0.938764 0.922876 0.901353 
1175 0.16222	0.875333 1.04396 0.876946 0.994731 0.931942 0.99986 0.939122 0.971785 1.15547 1.05771 
1176 0.220485	1.17763 1.04605 1.11984 1.09289 1.00714 1.11747 1.03525 1.22755 0.918221 1.07011 
1177 0.103036	0.935616 1.08737 1.24128 1.06091 0.913584 1.20006 1.12773 1.1626 1.05507 1.20275 
BOUNDS
LWPS R    0.0  0.0  0.0  0.0  0.0  0.0  0.0  0.0  0.0  0.0
UWPS R    0.5  0.5  0.5  0.5  0.5  0.5  0.5  0.5  0.5  0.5
LXAS R   -0.5 -0.5 -0.5 -0.5 -0.5 -0.5 -0.5 -0.5 -0.5 -0.5
UXAS R    0.5  0.5  0.5  0.5  0.5  0.5  0.5  0.5  0.5  0.5
END
