NAME moment_estimations_cluster
ASSETS 10
BENCHMARKS 0.1 0.1 0.1 0.1 0.1 0.1 0.1 0.1 0.1 0.1 
COVARIANCES
0 0 0.21312
1 0 0.0544744
1 1 0.0180174
2 0 0.0158515
2 1 0.00792303
2 2 0.023156
3 0 -0.0161278
3 1 0.00327442
3 2 0.0155105
3 3 0.0341664
4 0 -0.0103209
4 1 0.000383017
4 2 0.00533425
4 3 0.0172454
4 4 0.0117793
5 0 -0.0529518
5 1 -0.00606549
5 2 0.0224792
5 3 0.0385684
5 4 0.0197169
5 5 0.0624138
6 0 0.0497991
6 1 0.0149992
6 2 0.0110414
6 3 0.00676397
6 4 0.00415628
6 5 0.00129597
6 6 0.0222566
7 0 -0.0428457
7 1 -0.000331838
7 2 0.0267383
7 3 0.0491008
7 4 0.0224061
7 5 0.0643457
7 6 0.00332442
7 7 0.0849419
8 0 0.0598364
8 1 0.0111318
8 2 -0.00271446
8 3 -0.0177906
8 4 -0.00817569
8 5 -0.0317742
8 6 0.0128097
8 7 -0.0342449
8 8 0.0286972
9 0 -0.0103933
9 1 -0.00222576
9 2 0.00836956
9 3 0.0134629
9 4 0.0100786
9 5 0.019979
9 6 0.00771113
9 7 0.0189347
9 8 -0.00261915
9 9 0.0210147
SCENARIOS
0 0.3738	1.65423 1.07915 1.01466 0.904172 1.00505 0.902916 1.1418 0.887711 1.18942 0.983093 
1 0.6262	0.878593 0.955656 1.01153 1.02949 1.02429 1.08825 0.93717 1.11738 0.943136 1.03065 
00 0.797218	0.93467 0.973097 0.965057 1.02886 0.926718 0.967628 0.919428 0.923715 1.0217 1.0702 
01 0.202782	1.83521 1.32649 1.33381 1.34594 1.07312 1.19421 1.26442 1.31826 1.05832 1.15472 
10 0.249744	0.644499 0.882612 1.08637 1.31944 1.12514 1.39897 0.959388 1.62178 0.795064 1.07624 
11 0.750256	1.20343 1.07386 0.957715 0.932133 1.01401 0.846117 0.999372 0.926113 1.07468 0.983045 
000 0.119933	0.377767 0.87302 1.03512 1.30141 1.16553 1.37293 0.837834 1.32997 0.706403 1.04799 
001 0.0608054	0.578716 0.836813 1.17607 0.973244 0.942287 1.23025 0.918245 1.20908 0.914985 0.961874 
002 0.0686242	0.765814 0.87123 1.04342 0.996038 1.09187 0.945566 1.1193 1.14658 1.01731 1.18149 
003 0.104094	2.92872 1.3032 1.00536 0.747569 0.871372 0.606585 1.24734 0.599127 1.42661 0.700675 
004 0.0766443	0.519768 0.817745 0.793973 0.774905 0.959235 0.879956 0.759105 0.807953 0.816655 0.730793 
005 0.181779	1.00978 0.980097 1.2853 1.47206 1.37079 1.47178 1.22238 1.85086 0.8389 1.11971 
006 0.184799	1.06133 1.02456 0.875857 0.799098 0.888991 0.79448 1.0276 0.679329 1.21006 0.883311 
007 0.203322	1.24921 1.05616 1.04853 0.975496 0.973311 0.999552 1.06852 1.07085 0.949581 0.851926 
010 0.0455145	0.784406 1.0682 1.41841 1.60343 1.2285 1.95652 1.15668 2.43155 0.677978 1.24532 
011 0.180343	1.16003 0.993174 1.0378 1.06841 1.17324 0.927444 1.07753 1.0313 1.06077 1.11551 
012 0.129815	0.583668 0.8543 1.00885 1.06416 1.05136 1.2795 0.868707 1.29204 0.805872 0.922253 
013 0.220976	1.54325 1.08978 0.692278 0.705372 0.843441 0.589109 0.912245 0.56404 1.20471 0.89681 
014 0.111741	0.597413 0.84647 0.844209 0.804513 0.889941 0.912213 0.883308 0.774863 0.889095 0.951036 
015 0.0457784	0.243262 0.742102 0.857997 1.10244 1.02258 1.43192 0.689445 1.52899 0.586629 0.827216 
016 0.149868	2.11703 1.11534 0.932617 0.838426 0.954635 0.777805 1.21815 0.61372 1.30677 0.965602 
017 0.115963	0.373523 0.875516 1.15617 1.37633 1.21496 1.65591 0.832238 1.9447 0.700434 1.11847 
100 0.0458469	1.81599 1.35551 1.15324 1.15219 1.13266 1.07607 1.37172 1.24626 1.19142 1.10242 
101 0.122642	2.15903 1.28315 1.2131 0.92207 0.956348 0.93268 1.16091 0.885856 1.1986 1.04252 
102 0.216254	0.831176 0.931933 0.872578 0.707057 0.859848 0.818707 0.896844 0.605239 1.13944 0.911651 
103 0.061385	1.84922 1.53851 1.582 1.44188 1.16825 1.58277 1.49083 1.44672 0.991772 1.19599 
104 0.195345	0.785928 1.00181 1.22061 1.33304 1.21554 1.63444 1.11942 1.50091 0.834089 1.18547 
105 0.180702	0.733515 0.976964 0.91959 0.968816 1.03026 1.01117 0.837258 0.919416 0.856527 0.955552 
106 0.109022	1.19923 1.18466 0.958594 0.9194 1.05298 0.982169 1.14156 0.901027 1.04512 0.958546 
107 0.0688024	0.323563 0.781884 0.886832 0.911489 1.01459 1.20277 0.702318 0.98702 0.744922 1.02125 
110 0.184756	1.13572 1.15686 1.24556 1.27717 1.09029 1.26132 1.25506 1.18528 1.04585 1.19051 
111 0.0779251	3.12905 1.28191 1.02762 0.892658 0.893391 0.633318 1.38878 0.606404 1.46445 0.824594 
112 0.148571	0.844537 1.05847 1.20339 1.24104 1.04342 1.51047 1.08914 1.37204 0.87994 1.19224 
113 0.112577	0.748405 0.821655 0.784483 0.89303 0.906267 0.795451 0.826213 0.721265 0.913417 0.834223 
114 0.0861838	0.379956 0.664409 0.875093 1.10065 1.0374 1.45352 0.744686 1.2008 0.703845 1.17684 
115 0.132628	0.536675 0.841864 1.00526 1.04948 0.938868 1.30756 0.829214 1.22534 0.778444 0.974616 
116 0.0668994	0.619259 0.762703 0.762473 0.651156 0.741872 0.669361 0.848015 0.445474 1.21411 0.814667 
117 0.19046	1.41923 1.01174 0.918514 0.798072 0.840515 0.78457 1.13169 0.70996 1.18536 0.933057 
0000 0.0836598	0.686076 0.988247 1.3475 1.27438 1.26372 1.81365 1.13778 2.10215 0.813814 1.15628 
0001 0.158086	1.34505 1.0547 1.11341 0.941241 0.97651 1.1041 1.25319 1.19502 1.18187 1.34524 
0002 0.121433	2.24636 1.09795 0.975873 0.760564 0.927499 0.743706 1.17982 0.774022 1.26796 1.07949 
0003 0.130106	0.514465 0.872534 0.870216 1.00198 1.06484 1.17508 0.897059 1.46446 0.77524 0.938976 
0004 0.127868	0.78062 0.932035 0.872282 0.701535 0.81504 0.947768 0.793968 0.859539 0.907283 0.693887 
0005 0.118075	1.52735 1.06625 1.22238 1.09819 1.21539 1.28841 1.17392 1.40551 0.985177 1.18444 
0006 0.155568	1.0544 0.798872 0.809985 0.717307 0.985251 0.806501 1.03923 0.862214 1.20386 1.07001 
0007 0.105204	1.13867 0.971367 1.06633 0.940123 0.903955 1.17467 0.858241 1.30021 0.816908 1.03235 
0010 0.0789183	1.16396 1.03759 1.28639 1.12903 1.1241 1.2949 1.20888 1.25035 0.987542 1.68907 
0011 0.147351	1.02345 1.25426 1.30619 1.42059 1.11178 1.37605 0.944896 1.48051 0.819596 1.0276 
0012 0.0883002	1.45603 1.18651 0.880553 0.898497 0.923795 0.787437 1.10188 0.751847 1.11679 0.89354 
0013 0.155629	0.614154 0.819509 0.874236 1.05232 0.98149 1.13009 0.81365 0.958026 0.809586 1.07083 
0014 0.156181	0.853232 1.02333 0.92562 0.742549 0.9429 0.771785 0.989958 0.791197 1.03709 0.991225 
0015 0.166115	2.35738 1.22024 1.13039 0.972083 1.036 0.867714 1.30489 0.913113 1.24995 1.05082 
0016 0.0855408	1.79361 1.25636 0.841589 0.703285 0.785389 0.450223 1.03426 0.499371 1.4025 0.805865 
0017 0.121965	1.15699 1.22883 1.10474 1.0196 1.01257 0.888364 0.978668 0.917301 0.888206 0.955571 
0020 0.0933985	0.839054 0.899227 0.963302 0.74777 0.802113 0.867843 0.799144 0.727041 1.04617 0.753795 
0021 0.15599	0.797433 1.05168 1.08521 1.06753 1.09649 1.30994 1.01165 1.34387 0.960666 1.24318 
0022 0.217604	0.59414 0.923933 0.793185 1.02228 1.08498 1.16086 0.708124 0.870813 0.865679 0.973171 
0023 0.0640587	1.39052 1.32644 1.40127 0.997381 1.00309 1.09651 1.22391 0.957569 1.16718 1.14732 
0024 0.0963325	2.55393 1.45374 1.05687 1.10051 1.01671 0.962248 1.21171 0.923837 1.35736 0.994161 
0025 0.0562347	1.21581 1.2424 1.02218 1.16367 1.05372 1.11904 0.966391 1.02918 0.99852 0.907432 
0026 0.246455	1.25271 1.1573 0.834827 0.816254 0.919825 0.809648 1.04393 0.604919 1.21489 0.823359 
0027 0.0699267	0.950949 1.08315 0.900341 1.19483 0.999654 1.08007 0.93946 1.17648 0.925108 0.770345 
0030 0.0454545	3.15907 1.28916 1.07003 1.03171 1.20599 0.648721 1.36983 0.686379 1.49599 1.26902 
0031 0.0863959	0.547978 0.910808 0.753263 0.799453 0.894374 0.85132 0.731517 0.746525 0.906743 1.15648 
0032 0.1196	1.92262 1.23014 1.03848 1.05256 1.14083 0.79065 1.212 0.937343 1.24328 1.05756 
0033 0.15216	0.63277 0.998179 1.20696 1.48306 1.33276 1.85055 1.01397 1.68494 0.765579 1.64724 
0034 0.181496	1.21306 1.01302 0.878676 0.835448 0.842061 0.698682 1.1022 0.834284 1.19929 1.01676 
0035 0.0747905	0.855762 0.895013 0.880394 1.04243 1.06737 1.00027 0.935723 1.14678 0.944033 1.23768 
0036 0.197937	0.704368 0.962349 1.01186 1.12833 1.27727 1.32066 1.02398 0.973044 0.981584 1.4932 
0037 0.142166	1.30099 1.21665 1.11288 1.52102 1.19877 1.30529 1.09141 1.63093 0.872941 1.162 
0040 0.227671	1.00601 0.995803 0.932501 1.07242 1.05284 0.937616 0.937755 0.851644 0.992522 1.0851 
0041 0.0744308	0.721581 0.921783 1.08253 1.05961 0.953774 1.28834 0.881271 1.32462 0.823191 0.932484 
0042 0.0569177	2.59775 1.36251 1.08626 1.0118 0.890439 0.727545 1.33387 0.893263 1.36468 0.834303 
0043 0.0652364	0.640949 0.903466 1.16848 1.51444 1.14834 1.3932 0.933909 1.82498 0.763208 1.36083 
0044 0.172504	1.90711 1.26974 1.04418 1.15519 0.98409 0.887729 1.17908 0.948973 1.04098 1.04586 
0045 0.143608	0.562517 0.795289 0.852738 0.70177 0.796276 0.728089 0.804402 0.726686 1.07367 1.09032 
0046 0.126532	0.532815 0.888006 0.876401 0.988198 0.973358 0.852042 0.776095 1.09371 0.872774 1.12227 
0047 0.1331	1.60907 1.26241 1.18457 0.884126 0.794784 0.633482 1.07258 0.645316 1.35403 0.769349 
0050 0.0546428	1.10549 1.14833 0.823644 0.673518 0.792387 0.556511 1.02497 0.503545 1.35468 0.842091 
0051 0.195865	0.466795 1.01729 0.864665 0.9475 0.9055 1.07837 0.820287 1.11681 0.802464 0.899199 
0052 0.121469	0.60159 1.01955 1.27105 1.30164 1.0061 1.6194 1.04559 1.59536 0.759849 0.931551 
0053 0.0893483	2.70599 1.3738 0.877844 0.779654 0.842448 0.634155 1.25775 0.702679 1.45862 0.878207 
0054 0.0590733	2.50866 1.65472 1.06246 0.990465 0.889839 0.662754 1.172 0.800849 1.19676 0.809474 
0055 0.1307	1.34179 1.2043 0.81476 0.801279 0.861446 0.674437 0.968903 0.856779 0.990772 0.823206 
0056 0.24497	0.87848 1.14844 0.880011 0.904284 0.897935 1.05149 1.00115 0.739429 1.03143 1.08294 
0057 0.103932	1.64916 1.38817 1.27974 1.14305 0.959832 1.13791 1.19422 1.24066 1.06944 1.17672 
0060 0.056292	1.27826 0.787541 0.817148 0.584236 0.814837 0.512467 0.82981 0.503266 1.29029 0.904499 
0061 0.070819	0.416466 0.804164 0.859367 0.919094 1.00198 0.831623 0.730955 1.00113 0.759496 0.82548 
0062 0.219902	0.922842 0.956351 0.937928 0.910883 0.908098 0.682956 0.93245 0.838707 1.05856 0.993024 
0063 0.103868	1.22859 1.06097 1.10098 1.129 1.1291 1.04344 1.05399 1.19494 0.90633 0.973846 
0064 0.0900672	1.65281 1.06358 0.945295 0.762712 0.899625 0.696668 1.09122 0.708805 1.11213 0.946663 
0065 0.248411	0.613026 0.909355 0.863821 1.02059 1.04364 0.960735 0.899596 1.38812 0.8386 0.969206 
0066 0.0779009	2.60284 1.23714 1.01431 0.795575 0.841083 0.551171 1.09079 0.655665 1.41569 1.12463 
0067 0.13274	1.8092 1.15037 1.14209 1.04262 1.17905 0.922817 1.23953 0.787484 1.09587 1.15155 
0070 0.153656	1.48288 1.15522 1.09553 0.991431 0.963878 1.09819 1.05546 1.05969 1.04369 1.00467 
0071 0.22611	0.504673 0.989958 0.94349 1.1713 1.14593 1.16398 0.74563 1.18358 0.755959 0.992366 
0072 0.0600759	1.24925 1.06603 0.764337 0.763097 0.861373 0.617642 0.917606 0.609115 1.29091 0.8787 
0073 0.0607361	1.0158 1.00849 1.13257 1.00445 1.05142 1.18226 1.15828 0.875824 1.18397 1.27564 
0074 0.0546295	1.85316 1.36007 1.30156 0.977719 0.903012 0.951017 1.17993 0.803487 1.06539 0.96134 
0075 0.139792	0.806979 0.93232 0.831834 0.877372 0.988027 0.826043 0.914908 0.980374 1.0346 1.00687 
0076 0.194091	0.821843 1.0278 1.13042 1.16643 1.03172 0.970172 0.90358 1.2169 0.891888 0.770635 
0077 0.110909	2.62856 1.19797 0.928049 0.875597 0.885707 0.709529 1.14616 0.683718 1.46103 1.00577 
0100 0.0521739	0.533211 0.907513 0.79395 1.1752 1.20504 1.20035 1.02517 1.0563 0.960094 1.13011 
0101 0.133333	1.04601 0.929481 0.97042 0.784189 0.922544 0.631639 0.824037 0.660082 1.2822 0.825479 
0102 0.15942	0.569199 0.791571 1.04598 0.866822 0.975137 1.15938 0.793825 1.08534 0.984134 1.03951 
0103 0.0782609	1.23348 1.15559 1.28552 1.30625 1.11004 1.50302 1.16737 1.92912 0.942294 1.0187 
0104 0.15942	0.320028 0.738597 0.9347 1.26095 1.20754 1.63662 0.775359 1.31324 0.759563 1.08922 
0105 0.150725	2.1974 1.08595 0.945592 0.983539 1.03913 0.664973 0.966627 0.808963 1.42996 0.977011 
0106 0.0985507	1.28926 1.00066 0.998628 1.16739 1.02647 0.84994 1.06134 1.11913 1.27317 0.97007 
0107 0.168116	0.646239 1.06318 0.829594 0.860629 0.925638 0.763542 0.948352 0.667996 1.04154 0.866532 
0110 0.126554	0.934042 1.13631 0.996387 0.876568 0.798409 1.02176 0.878937 1.23419 0.868612 0.725978 
0111 0.343087	1.82197 1.20053 1.07619 0.817883 0.853579 0.959595 1.09594 1.04056 1.07097 0.905429 
0112 0.0826628	0.756786 0.976248 1.21057 0.813023 0.809733 1.12436 0.966955 1.11827 1.07335 0.943686 
0113 0.103877	0.709435 0.846539 0.801501 0.696379 0.792235 0.777253 0.814193 0.656774 0.981815 0.912146 
0114 0.0819312	1.04084 1.23681 1.11244 1.12726 1.02128 1.47405 1.11338 1.6409 0.789024 1.0198 
0115 0.0782736	0.533473 0.806924 0.95741 1.29515 1.13788 1.55183 0.812593 1.74625 0.768111 1.19553 
0116 0.0804682	0.467794 0.96073 0.883606 1.09658 0.919178 1.22586 0.905497 1.01516 0.733158 0.79844 
0117 0.103146	0.943864 0.866031 0.928642 0.70232 0.808938 0.964582 0.997206 0.632835 1.14487 1.08286 
0120 0.0772358	1.19986 1.31323 1.40082 1.29608 0.944645 1.31064 1.28062 1.44264 0.958176 1.48243 
0121 0.150407	1.02318 1.05468 1.08735 0.891928 0.899968 0.772369 0.942109 0.903016 1.02486 0.899612 
0122 0.164634	0.69723 0.774001 1.22621 1.051 1.02958 1.24785 0.906419 1.4206 0.895875 1.35774 
0123 0.0904472	2.27986 1.15981 1.00186 0.828583 0.934748 0.868774 1.11511 0.667863 1.14751 0.912148 
0124 0.24187	0.522981 0.934242 0.859691 1.1417 1.03267 0.960388 0.944037 0.997487 0.843489 0.849466 
0125 0.0965447	1.80926 1.2856 1.20419 1.28478 1.14715 0.970259 1.48519 1.0031 1.12318 1.1016 
0126 0.0985772	0.942498 0.826446 0.810858 0.763211 0.800941 0.76405 0.886755 0.678736 1.04452 0.848855 
0127 0.0802846	1.27954 0.842846 0.961931 0.665478 0.821852 0.688872 1.14612 0.610921 1.34252 1.25164 
0130 0.140896	0.540709 0.795987 0.95504 1.04666 1.10622 1.05829 0.94933 0.868079 0.977718 1.04091 
0131 0.201194	2.3222 1.00025 0.973298 0.788846 1.12126 0.657753 1.19603 0.561344 1.28771 0.654378 
0132 0.154627	1.15102 1.09048 1.26737 1.21265 1.03561 1.2958 1.03574 1.42055 0.827591 0.857829 
0133 0.112836	0.411984 0.634482 1.01335 1.19907 1.1104 1.37421 0.72183 1.48644 0.730948 0.869216 
0134 0.0483582	0.561921 0.791985 1.39153 1.12971 1.1299 1.23662 0.844422 1.44622 0.812442 0.975545 
0135 0.184478	1.07137 0.805528 1.06246 0.949009 1.04739 0.805186 1.03634 0.684421 1.23017 0.814902 
0136 0.0644776	0.777119 0.889249 1.40238 1.17669 1.06679 1.18226 1.01988 1.80022 0.971739 0.825518 
0137 0.0931343	0.776234 0.83278 1.08842 0.996127 1.06938 1.26877 0.983187 1.44689 0.849806 0.954414 
0140 0.0861865	0.902648 1.04185 0.949303 1.25584 1.05694 1.00633 1.03232 1.17325 0.991864 0.885137 
0141 0.20307	0.970805 0.86655 0.86969 0.988359 0.880866 0.934763 0.801392 1.27327 0.917431 0.894941 
0142 0.042503	0.562973 0.938177 0.934661 1.70969 1.38787 1.50283 0.950446 2.04357 0.806102 1.04836 
0143 0.11098	1.75768 1.0183 0.905662 0.712459 0.972326 0.698982 1.103 0.442384 1.40606 0.902084 
0144 0.0838253	1.07197 0.967532 0.985803 1.23841 1.22297 1.12169 1.19033 1.26801 0.985167 1.14536 
0145 0.210153	1.52067 1.08055 1.18804 1.34734 1.24313 1.09361 1.13963 1.70479 1.02969 1.14659 
0146 0.175915	0.953799 0.887876 1.00724 1.10494 1.04632 0.953381 0.924053 0.962118 1.12951 0.889305 
0147 0.0873672	0.654182 1.07379 1.23615 1.2755 1.13511 1.54002 1.13708 1.52957 0.875465 1.0333 
0150 0.106628	0.773706 0.922237 1.40407 1.21522 1.14796 1.574 1.07211 1.28506 0.904696 1.4414 
0151 0.0778098	2.97888 1.14871 1.03293 1.25287 1.14541 1.10206 1.40888 1.09315 1.19724 1.2608 
0152 0.227666	1.06316 0.89067 0.923484 0.780737 0.91077 0.741596 0.975433 0.699137 1.22444 1.15266 
0153 0.0951009	0.602664 0.834612 0.833955 1.20584 1.04976 1.25576 0.833767 1.21996 0.919696 1.13847 
0154 0.0489914	1.40513 0.90759 1.30426 1.00145 1.04385 1.03905 1.0778 1.06259 1.05332 1.13929 
0155 0.074928	0.668797 0.872451 1.10066 1.62635 1.15955 1.78263 0.986176 2.03832 0.674238 1.22901 
0156 0.236311	0.802955 0.800077 0.996961 0.863068 1.00865 0.937786 0.959921 0.925053 0.987172 1.18019 
0157 0.132565	2.12908 1.1088 0.999715 0.979287 0.919859 0.727119 0.9726 0.879213 1.3997 0.88118 
0160 0.0994718	1.2435 1.26609 1.26459 1.04638 0.929828 0.990831 1.16925 1.16216 0.998462 0.939359 
0161 0.0933099	3.40746 1.44648 1.409 0.56068 0.608984 0.673111 1.08611 0.778274 1.34715 0.623363 
0162 0.0959507	0.807258 0.929156 1.44188 1.64487 1.4475 2.01349 1.22431 2.02503 0.750626 1.37116 
0163 0.129401	0.840837 0.870985 0.8756 0.853028 0.845597 0.692039 0.941323 0.873637 1.13306 0.853735 
0164 0.0933099	1.8082 1.31331 1.19728 0.985497 0.838057 0.814407 1.24784 1.01352 1.20869 0.958281 
0165 0.0862676	1.47312 1.20974 1.09601 0.945484 0.987991 0.689915 1.12082 1.23928 1.30012 1.04425 
0166 0.109155	0.800221 1.06801 1.07875 1.00891 1.12295 1.16828 1.10094 1.35514 0.877076 1.08427 
0167 0.293134	0.434312 0.814897 1.11627 1.02365 1.04013 1.30556 0.967602 1.21539 0.860687 1.07627 
0170 0.220705	1.07526 0.949233 0.882688 0.74732 0.876607 0.857755 0.96463 0.741425 0.939752 0.813754 
0171 0.0784983	2.08177 1.17961 0.887486 0.833216 0.855809 0.751746 1.48654 0.634971 1.29224 1.19055 
0172 0.0682594	0.905463 1.16966 1.2438 1.49006 1.1749 1.55267 1.17104 1.71027 0.760294 0.968897 
0173 0.158134	1.26461 0.854891 0.917825 0.954802 1.11406 0.946513 1.14017 0.81749 1.20674 1.26858 
0174 0.0898749	3.41809 1.12805 1.12419 0.924715 0.846933 0.849839 1.29834 0.980196 1.36753 0.87087 
0175 0.0455063	1.43021 0.960392 0.920412 1.21074 0.919491 1.06303 0.99084 1.47853 0.792107 0.827145 
0176 0.134243	0.590835 0.831523 0.986887 1.23774 1.04303 1.48627 1.03861 1.4642 0.745307 1.19488 
0177 0.204778	0.729885 0.929076 0.922699 1.00114 1.09935 1.13294 1.01445 1.03673 0.811014 0.931677 
1000 0.104603	2.41801 1.37225 1.17515 1.18697 1.03933 0.886554 1.42928 1.01383 1.148 1.01875 
1001 0.217573	0.583833 0.904508 0.985086 1.28099 1.15966 1.30121 0.795169 1.32684 0.771203 1.09393 
1002 0.177127	1.5873 1.2187 1.18147 1.19106 0.969393 0.975755 1.21715 1.11315 0.969996 0.985438 
1003 0.0990237	0.938836 0.845251 0.84935 0.745199 0.916784 0.673074 0.879442 0.5704 1.25319 1.10964 
1004 0.0571827	2.6669 1.02067 0.893937 0.840759 1.00305 0.652475 1.08986 0.555137 1.23478 0.777861 
1005 0.182706	0.852302 0.874283 0.864148 0.938347 0.934638 0.855063 0.836893 0.925292 0.907298 0.927677 
1006 0.0920502	0.734487 0.765636 1.07545 1.14646 1.07689 1.01485 0.973573 0.880562 1.12449 1.47313 
1007 0.069735	1.02946 1.09112 1.19169 1.37465 1.22117 1.51017 1.15081 1.5895 0.824306 1.43157 
1010 0.05683	1.60669 1.23675 1.23117 0.887398 0.907984 1.01595 1.29393 0.986718 1.16953 1.02105 
1011 0.150156	2.74336 1.21837 0.943704 1.0173 0.921842 0.677451 1.29903 0.754788 1.30171 0.888195 
1012 0.0599583	1.38559 1.4361 1.33832 1.30464 0.992019 1.42189 1.29621 1.5644 0.92108 1.11818 
1013 0.133472	0.488374 0.799813 1.10244 1.0413 0.958518 1.23415 1.03147 1.19276 0.915257 0.976586 
1014 0.0771637	0.561281 0.956557 1.19225 1.4187 1.04877 1.7339 0.975658 1.78172 0.629228 1.0357 
1015 0.18926	0.563366 0.858129 0.818851 0.987117 0.974615 1.04292 0.943994 1.04255 0.833626 0.895966 
1016 0.0656934	0.891975 1.13121 1.30746 0.987648 0.879356 1.18389 1.03744 1.25286 0.90375 0.844679 
1017 0.267466	0.943261 1.18244 0.904603 0.835543 0.870746 0.836528 1.05391 0.823987 1.1361 0.973852 
1020 0.144885	1.31692 1.21014 0.891012 0.919465 0.855034 0.682839 0.999204 0.815682 1.10739 0.856988 
1021 0.0907747	1.02679 1.19072 1.30534 1.35661 1.1038 1.2313 1.02166 1.43852 0.905813 1.19371 
1022 0.212005	0.749399 0.837845 0.985458 0.977027 1.00322 1.06146 0.90952 1.1006 0.827186 1.08322 
1023 0.145476	0.837255 0.856421 0.773527 0.978032 0.968565 0.784736 0.699813 0.890903 0.890201 0.863109 
1024 0.0632762	0.860636 1.13475 0.824776 1.13876 1.04064 1.12191 0.830418 1.30497 0.711182 0.837048 
1025 0.212892	2.38563 1.25072 0.957619 0.86041 0.979146 0.715255 1.22946 0.728565 1.36365 1.07461 
1026 0.0467179	1.88299 1.14974 1.18027 0.833391 0.82119 0.910151 0.97734 0.900906 1.11439 0.828037 
1027 0.083974	0.920586 1.15413 1.06733 1.43431 1.28228 1.31693 1.06434 1.56133 0.78512 1.16356 
1030 0.202083	0.724794 0.724862 0.750795 0.719077 0.886665 0.740297 0.819881 0.706981 1.05521 1.05889 
1031 0.125	0.799344 0.82753 1.00929 1.36675 1.24021 1.36601 1.16704 1.88303 0.849258 1.3378 
1032 0.125	2.52925 1.06832 0.94752 1.05807 0.993876 0.761136 1.07948 0.885017 1.22472 0.992913 
1033 0.1125	0.656753 0.807269 0.948723 1.01521 1.11788 1.1905 0.82964 0.855246 0.997471 1.21539 
1034 0.0458333	1.47813 0.819616 0.758236 0.61094 0.929368 0.658863 1.09389 0.53058 1.44128 1.38688 
1035 0.1375	1.00298 0.827347 0.80432 1.03586 1.18939 0.92009 0.866296 1.0357 1.01882 1.06274 
1036 0.06875	1.14205 1.17113 0.911305 1.34177 1.14117 1.18014 1.15186 1.4475 0.990038 1.3169 
1037 0.183333	1.19298 0.805327 1.14404 0.904946 0.976675 0.94847 1.06383 1.12045 1.08385 1.19519 
1040 0.099509	0.497011 0.984036 1.19229 1.49918 1.12874 1.69205 0.844144 1.95463 0.687247 1.01251 
1041 0.169558	0.83811 1.1197 1.13227 1.07599 1.03629 1.0486 1.00474 1.31637 0.87639 1.03131 
1042 0.0788871	1.22145 1.02955 0.778674 0.883892 0.949766 0.737555 0.874901 0.67136 1.1287 1.00022 
1043 0.086743	0.619839 0.900528 0.896567 1.04697 1.0034 1.24245 0.663855 1.02179 0.736887 0.966091 
1044 0.141408	1.38602 1.0673 1.04688 0.686857 0.706897 0.665744 0.897077 0.706119 1.21645 0.680476 
1045 0.147954	0.479262 0.909632 0.766431 0.986021 0.992166 0.927191 0.844772 0.953185 0.875766 0.995106 
1046 0.106383	1.83574 1.37582 1.28733 0.998225 1.05 1.09138 1.31779 1.05188 1.06709 1.17857 
1047 0.169558	1.54341 1.38205 0.919139 0.977957 0.849419 0.765212 0.986074 0.798681 1.05031 0.73092 
1050 0.0700637	1.53981 1.09776 0.831916 0.978877 1.09377 0.89411 1.1515 0.755763 1.27297 1.10345 
1051 0.118896	0.517145 0.861864 1.06423 1.39071 1.06423 1.34551 1.01153 1.78155 0.685509 0.960211 
1052 0.248762	1.72956 1.16545 0.931782 1.02718 1.00902 0.734811 1.07593 0.952881 1.1647 0.984174 
1053 0.118896	1.19442 1.14741 1.02173 0.730703 0.831828 0.743055 0.933222 0.709043 1.21753 0.771455 
1054 0.0881104	0.691754 0.915995 0.935068 1.13106 1.10007 1.14683 1.07372 1.1404 1.06741 1.165 
1055 0.123496	0.893488 0.935592 0.989499 0.904564 0.843865 1.04587 0.980309 1.01767 1.09572 0.956235 
1056 0.0601557	0.479141 0.932239 0.743719 0.788763 0.912927 0.783641 0.745106 0.654672 0.945908 0.756801 
1057 0.171621	1.02073 1.08778 1.14 1.14631 1.0378 1.28096 1.14074 1.33052 0.941399 1.12894 
1060 0.0897361	0.342514 0.718827 1.00107 1.02885 0.980266 1.15281 0.894652 1.13253 0.819421 1.10374 
1061 0.0709677	0.96188 1.00619 0.960467 1.09814 1.18344 1.04813 1.25549 0.784807 1.15968 1.44697 
1062 0.08739	1.30481 1.02089 1.08164 1.3707 1.13659 1.22171 1.17492 1.18179 1.10763 1.3766 
1063 0.156598	1.26795 1.12869 1.17959 1.18192 1.03299 1.23946 1.02792 1.21146 0.940989 1.14443 
1064 0.109091	0.747963 0.953071 1.16074 1.54162 1.02869 1.53977 0.936936 1.72171 0.745797 1.12829 
1065 0.143109	1.00995 1.02091 0.860939 1.12575 1.01713 0.972838 1.01525 0.952993 0.981302 0.94221 
1066 0.140176	1.02931 0.869893 0.87677 0.816908 0.868064 0.77753 0.853303 0.576884 1.14738 1.07386 
1067 0.202933	2.18175 1.2066 0.978347 0.996275 1.06702 0.766451 1.11722 0.733378 1.25862 0.981522 
1070 0.136617	1.30986 1.03411 1.05313 1.02797 0.952836 1.00956 1.20771 0.826802 1.11632 1.03308 
1071 0.0771375	2.42332 1.15448 0.990861 0.825177 0.811348 0.755488 1.29263 0.599362 1.28325 0.93971 
1072 0.0585502	0.642756 0.769426 0.61829 0.731202 0.770108 0.700231 0.816359 0.567326 1.00616 0.848624 
1073 0.171004	1.13419 1.0491 0.880008 0.76396 0.801925 0.831564 0.950856 0.794084 0.989942 0.8266 
1074 0.0920074	0.959347 0.910173 0.797025 0.896788 0.925577 0.930179 0.977469 0.753876 1.06995 0.920985 
1075 0.259294	0.677694 0.929736 1.0037 1.39427 1.21259 1.42138 1.07798 1.37638 0.949826 1.36521 
1076 0.11803	0.814486 1.05427 0.964429 0.993468 0.921247 1.1565 0.911273 1.15179 0.793626 0.833485 
1077 0.0873606	0.637236 0.853303 1.05978 0.909979 0.944834 1.20169 0.863046 0.870343 0.870856 0.998568 
1100 0.162903	1.1576 0.864989 0.842704 0.788096 0.963067 0.849305 0.92724 0.758163 1.15901 0.923626 
1101 0.204263	0.5868 0.729348 0.692445 0.790356 0.921976 0.785605 0.821473 0.689663 0.996028 0.87895 
1102 0.0579493	2.13103 1.17696 1.04559 1.19387 1.11655 1.0638 1.22532 1.3205 0.985929 0.91906 
1103 0.21106	0.681378 0.937134 0.995579 1.24132 1.10417 1.44322 1.05682 1.48435 0.796735 1.24363 
1104 0.072235	1.82154 0.990981 0.775906 0.75127 0.933554 0.749158 1.25332 0.7245 1.31586 1.01807 
1105 0.0616359	1.69779 1.06961 1.24348 1.08995 1.0818 1.13863 1.28771 1.02763 1.15483 1.0416 
1106 0.0596774	3.15342 1.31435 1.16155 0.913968 0.857878 0.910108 1.37396 0.936022 1.19408 0.850789 
1107 0.170276	1.03279 0.941813 1.09635 1.05741 1.01565 1.25296 1.14198 1.12978 0.870074 1.03125 
1110 0.0532641	1.35576 1.13191 0.935592 1.00662 1.14395 1.05099 1.20555 0.976515 1.23703 1.32635 
1111 0.078667	1.05877 1.01931 0.98675 0.802422 0.873558 0.729962 1.01608 0.754406 1.18449 0.964968 
1112 0.0491669	0.50761 0.870399 1.3218 1.82598 1.28386 2.28918 1.24634 2.43627 0.829891 1.69259 
1113 0.201584	0.588327 0.86211 0.976936 0.804967 0.885062 1.00194 0.888442 0.938464 1.07143 0.989959 
1114 0.119639	1.37926 0.9494 0.751952 0.762719 0.915764 0.7167 0.883061 0.642748 1.22643 0.927616 
1115 0.148047	2.3714 1.41767 1.31933 0.995394 0.821896 1.1285 1.2588 1.4227 1.11296 0.947679 
1116 0.115815	1.40003 1.1459 1.0752 1.25505 1.085 1.29871 1.19168 1.87509 0.97046 1.2694 
1117 0.233816	0.774933 0.949854 1.06081 1.34896 1.07404 1.77999 0.970078 1.79904 0.806153 1.29943 
1120 0.054298	1.98414 1.08877 1.12493 0.784934 0.905382 0.757076 1.31507 0.795134 1.34532 0.802277 
1121 0.15616	0.58038 0.821094 1.01882 0.898295 0.94379 1.16069 0.881106 0.82612 0.972117 1.02068 
1122 0.0946991	2.53128 1.3405 1.12584 1.08179 0.959847 0.838669 1.12727 0.974876 1.05886 0.693402 
1123 0.0905444	0.860273 0.929613 1.23663 1.4758 1.23759 1.69661 1.08606 2.0612 0.745946 1.15383 
1124 0.130516	0.925487 0.960383 1.08286 1.13197 1.13963 1.30876 1.10284 1.21632 0.891284 1.02809 
1125 0.215759	1.24831 0.834989 0.948434 0.771013 0.811348 0.752649 0.872127 0.764217 1.04381 0.700129 
1126 0.190831	0.70232 0.832463 0.693668 0.932393 1.01637 0.864662 0.996838 0.904946 0.951985 0.798339 
1127 0.067192	1.29201 1.04259 0.960632 1.10738 1.04168 0.945688 1.23839 1.00356 1.02779 1.08787 
1130 0.161278	0.990223 0.971248 0.692646 0.773043 0.863733 0.648894 0.91244 0.613721 1.13038 0.828209 
1131 0.079221	0.637821 0.992265 1.19138 1.08662 1.12314 1.53641 0.963633 1.48736 0.814636 1.08294 
1132 0.0563434	2.28827 1.39014 1.104 1.12693 0.864925 0.961404 1.32301 1.07827 1.12323 0.794849 
1133 0.183589	0.997546 1.02676 0.968592 1.06809 1.00334 1.29506 1.0171 1.00875 0.893925 0.930275 
1134 0.0769522	2.06995 1.27327 0.929627 0.752796 0.928429 0.880241 1.29946 0.556343 1.48157 0.872843 
1135 0.133863	1.26623 1.02326 0.902002 0.757595 0.866221 0.784842 1.06321 0.788714 1.14292 0.937885 
1136 0.173757	0.740438 0.945015 0.879708 1.00223 1.09547 1.10647 0.975834 1.1585 1.0221 1.21411 
1137 0.134997	0.707837 0.942731 1.06589 0.754828 0.784882 0.925232 0.873651 0.894507 0.940407 0.82675 
1140 0.218326	0.972256 1.02478 0.77546 0.667075 0.786774 0.705077 0.876395 0.629717 1.08634 0.804669 
1141 0.102247	1.0596 1.12068 1.02624 0.916148 0.92587 0.760377 1.27224 0.64755 1.38826 0.948594 
1142 0.0600148	1.1961 1.00924 0.680749 0.903813 1.02594 0.565975 1.01441 0.607614 1.13718 0.739648 
1143 0.223265	0.458938 1.01481 0.957165 0.916893 0.891355 0.925013 0.844191 0.990497 0.951033 0.910467 
1144 0.097061	1.17558 1.21705 1.09027 1.17815 1.10043 1.14661 1.24316 1.35864 0.972421 0.967779 
1145 0.151889	0.598064 1.01304 1.08262 1.14838 1.22628 1.22609 1.1383 1.15217 0.939364 1.15127 
1146 0.097061	0.354172 1.29671 1.31005 1.57723 1.10253 1.4709 1.0629 2.14611 0.765508 0.910249 
1147 0.0501358	0.629938 0.926319 0.809435 0.850748 0.980249 0.785065 0.99031 0.554098 1.08688 0.940166 
1150 0.207029	1.05354 0.982271 1.19584 1.31898 1.07278 1.41913 1.0669 1.47467 0.832477 0.909582 
1151 0.132403	0.878104 1.05214 0.980137 1.33119 1.12273 1.12943 1.01956 1.30809 0.807738 0.871871 
1152 0.0709356	0.736858 0.929605 0.892693 0.892025 1.04181 0.995535 0.996152 0.635401 1.01801 0.986573 
1153 0.0901942	0.644757 0.927687 0.7646 0.946894 0.955151 0.851512 0.82123 0.716507 0.921064 0.657921 
1154 0.174129	2.21303 1.15043 0.951628 0.992617 0.94612 0.799845 1.31732 0.826247 1.25329 0.859703 
1155 0.160809	1.00828 0.891798 1.02879 0.895637 0.896279 0.843524 1.05038 0.727438 1.2248 0.901662 
1156 0.103033	0.799686 1.05645 0.910282 1.05955 1.11554 0.933988 1.01626 0.949686 0.96684 0.878753 
1157 0.0614669	1.48658 1.12402 0.957486 0.901748 0.806694 0.692611 1.14308 0.703451 1.10204 0.837332 
1160 0.0591791	2.33779 1.19654 0.724752 0.745134 0.933443 0.488116 1.03132 0.760307 1.46983 1.0006 
1161 0.135539	0.492041 0.830921 1.22625 1.29798 1.06421 1.57547 0.929248 1.68956 0.742661 1.14103 
1162 0.173401	1.60291 0.900248 0.954038 0.86968 1.13017 0.994012 1.05582 0.960021 1.18071 1.10127 
1163 0.237989	0.650557 0.840339 0.83342 1.09552 1.07972 1.14125 0.885385 1.1201 0.87106 1.05064 
1164 0.0859052	2.37446 1.1664 0.97738 1.00518 1.08468 0.802842 1.15894 0.906073 1.15685 0.988824 
1165 0.163856	0.909039 1.0389 0.916504 0.739179 0.893884 0.799655 0.835426 0.943539 0.991781 0.802962 
1166 0.0623608	1.54688 1.0879 0.894877 1.07621 1.08668 1.04664 1.20036 1.39036 0.928317 1.00913 
1167 0.081769	1.12165 1.21253 1.12811 1.37586 1.29825 1.35379 1.1524 1.24481 0.946221 1.32786 
1170 0.139025	0.690153 0.822839 0.948378 0.968044 0.974849 1.01386 0.777131 0.891711 0.920919 0.993715 
1171 0.0681717	0.711359 0.760642 0.812819 0.86898 1.05698 0.860029 0.855709 0.674422 1.11425 1.10519 
1172 0.225861	0.831803 0.950564 1.08311 1.18266 1.17407 1.26896 1.06111 1.22372 0.934555 1.28845 
1173 0.0857175	1.3339 1.25957 1.42763 1.64925 1.1903 1.41735 1.0651 1.7221 0.819641 0.837514 
1174 0.197474	1.32457 1.05454 0.912577 0.888641 1.0336 0.769557 0.991569 0.748463 1.26739 0.961624 
1175 0.0902995	2.70295 1.24154 1.13042 0.999208 0.978573 0.941805 1.19181 0.745273 1.39 1.11675 
1176 0.121703	1.70956 1.21021 1.23517 0.9464 1.06549 0.920059 0.957701 0.969952 1.04305 0.990141 
1177 0.0717479	0.42712 0.837142 0.962263 1.18736 1.19202 1.1514 0.808326 1.13437 0.717437 0.884177 
BOUNDS
LWPS R    0.0  0.0  0.0  0.0  0.0  0.0  0.0  0.0  0.0  0.0
UWPS R    0.5  0.5  0.5  0.5  0.5  0.5  0.5  0.5  0.5  0.5
LXAS R   -0.5 -0.5 -0.5 -0.5 -0.5 -0.5 -0.5 -0.5 -0.5 -0.5
UXAS R    0.5  0.5  0.5  0.5  0.5  0.5  0.5  0.5  0.5  0.5
END
