NAME moment_estimations_cluster
ASSETS 10
BENCHMARKS 0.1 0.1 0.1 0.1 0.1 0.1 0.1 0.1 0.1 0.1 
COVARIANCES
0 0 0.106501
1 0 0.0465861
1 1 0.0236679
2 0 0.0290441
2 1 0.0133922
2 2 0.012831
3 0 0.0093967
3 1 0.00649424
3 2 0.00218564
3 3 0.00877915
4 0 0.0108591
4 1 0.00584059
4 2 0.00340922
4 3 0.00538086
4 4 0.00733606
5 0 0.0119346
5 1 0.00625116
5 2 0.00854415
5 3 0.00500777
5 4 0.00637974
5 5 0.0155192
6 0 0.0522124
6 1 0.0246914
6 2 0.0181105
6 3 0.00910436
6 4 0.0104546
6 5 0.0138407
6 6 0.0362158
7 0 -0.00296622
7 1 -0.000649111
7 2 -0.00201124
7 3 0.00623084
7 4 -0.00147327
7 5 0.00130217
7 6 -0.00138541
7 7 0.0216362
8 0 0.0445142
8 1 0.0198032
8 2 0.0164747
8 3 0.00366736
8 4 0.00856365
8 5 0.0100104
8 6 0.0281465
8 7 -0.00946405
8 8 0.0295406
9 0 0.00612705
9 1 0.00168098
9 2 0.00372763
9 3 0.00367079
9 4 0.00666156
9 5 0.00657914
9 6 0.0101613
9 7 -0.00124348
9 8 0.00945776
9 9 0.0150662
SCENARIOS
0 0.64671	0.880366 0.902861 0.950584 0.984424 0.942831 0.932019 0.909199 1.05792 0.919908 0.984864 
1 0.35329	1.42067 1.11652 1.14596 0.988516 1.06721 1.08826 1.21732 0.958649 1.19372 1.05039 
00 0.611232	1.27882 1.15797 1.07125 1.08182 1.06314 1.09532 1.11834 0.928271 1.13222 1.0388 
01 0.388768	0.666355 0.886937 0.906586 1.00165 1.00285 1.00454 0.786836 1.0092 0.849065 0.978278 
10 0.55804	0.78682 0.967437 0.88433 1.05621 0.979427 0.936919 0.883126 0.9815 0.890388 0.988913 
11 0.44196	1.45083 1.16974 1.09502 1.10545 1.04193 1.08408 1.18634 1.04694 1.1815 1.16008 
000 0.112829	1.28556 1.1033 1.05194 0.897695 0.938548 0.973269 1.01641 1.13219 0.97797 0.915264 
001 0.064965	2.26968 1.38695 1.30603 1.11437 1.22495 1.32371 1.61759 0.93134 1.5135 1.19766 
002 0.0585393	1.03164 1.08453 1.19057 0.932698 1.04548 1.21021 1.26983 0.864237 1.28204 1.11674 
003 0.162337	1.5581 1.25202 1.11598 1.05648 1.08048 1.06035 1.30975 1.01153 1.22924 0.877179 
004 0.25012	0.863976 1.01068 1.00832 1.09054 1.07778 1.07789 1.08479 1.07704 1.01559 1.12621 
005 0.0545675	0.669974 0.730235 0.851282 1.03151 1.1004 1.09574 0.890257 1.33622 0.799691 1.06199 
006 0.18346	0.585591 0.751361 0.898771 0.827379 0.852348 0.883735 0.77345 0.999612 0.776202 0.909753 
007 0.113183	0.968871 0.971037 0.969856 0.85517 0.947591 0.966918 0.93653 0.933026 0.993959 0.890282 
010 0.245167	1.69966 1.20328 1.04306 1.0189 1.00785 0.998937 1.31364 1.06003 1.11953 1.01766 
011 0.106873	0.729474 0.930502 0.904666 1.07691 1.0884 1.07144 1.06219 1.08246 0.8985 1.08535 
012 0.117373	0.617177 0.762587 0.801644 0.952012 0.914087 0.867009 0.696875 1.23802 0.655912 0.854576 
013 0.0720706	0.977185 0.957558 1.04872 0.937227 0.982011 1.02224 1.09385 0.791794 1.12622 1.01899 
014 0.171387	0.85179 0.949402 0.910225 0.968538 0.965273 0.981897 1.01509 1.0994 0.833862 0.891517 
015 0.0641556	2.06185 1.15686 1.22771 1.04852 1.14936 1.17508 1.57526 1.00832 1.44868 1.22752 
016 0.0663432	1.12813 0.910698 0.966013 1.04689 1.10954 1.05493 1.17328 1.00535 1.13377 1.2173 
017 0.15663	0.923234 0.882402 0.906966 0.87156 0.871211 0.825996 0.887578 0.880821 0.919932 0.902292 
100 0.156835	1.5636 1.18342 1.15628 0.93458 0.964161 1.10418 1.18796 1.02148 1.26039 0.975065 
101 0.0851129	1.10028 0.942242 0.946266 0.843424 0.944812 0.852847 0.832419 0.916368 0.975872 0.861764 
102 0.0619325	0.612376 0.835702 0.811257 1.0844 0.983736 0.916667 0.761551 1.36019 0.708746 0.949668 
103 0.164849	0.902442 0.874022 1.04809 0.992848 0.932739 1.0227 1.01208 1.14106 0.999117 0.995672 
104 0.111134	1.70494 1.23692 1.1709 1.14876 1.0948 1.16379 1.3597 1.3192 1.19558 0.932013 
105 0.179964	0.678586 0.801404 0.854994 0.82157 0.932035 0.855925 0.739221 0.940236 0.856456 0.980931 
106 0.105909	0.74643 0.921713 1.06215 1.02223 1.13513 1.15823 1.10041 0.883806 1.12753 1.20575 
107 0.134263	1.21721 1.09455 1.10993 1.0308 1.07447 1.09477 1.04783 1.00938 1.01786 0.950182 
110 0.0595619	0.532109 0.76788 0.806403 0.905773 0.934764 0.893328 0.698688 1.06965 0.716554 0.873583 
111 0.109197	0.915801 0.968413 0.915567 1.09961 1.06249 0.963121 1.06347 1.09458 0.963938 0.942784 
112 0.213783	0.767994 0.916693 0.893651 0.944863 0.866441 0.783895 0.780873 0.862913 0.85726 0.79614 
113 0.232612	1.39818 1.25236 1.19592 0.985073 1.01494 1.07284 1.3578 0.827855 1.23548 0.90184 
114 0.105995	0.664092 0.97183 0.915228 1.19168 1.10109 1.02453 0.927881 1.15399 0.850095 1.00177 
115 0.0941463	1.05611 1.07733 1.06613 0.974992 1.08756 0.966016 1.07119 0.77064 1.29602 0.930605 
116 0.0603305	2.00874 1.31006 1.18469 0.81058 0.971434 0.909986 1.15525 0.7924 1.31254 0.862014 
117 0.124376	1.27043 1.13668 0.981146 0.968704 0.860709 0.866289 0.96181 1.07854 0.917893 0.867436 
0000 0.126233	1.15994 0.915513 0.973835 0.934747 1.08128 0.94958 0.941958 0.839352 1.05902 0.967293 
0001 0.136099	0.799615 0.79965 0.860771 1.01429 1.19928 0.924097 0.922306 0.782651 0.941743 1.10578 
0002 0.240135	0.854016 0.940767 0.815245 1.02332 1.03234 0.887682 0.83295 1.21683 0.770579 0.983777 
0003 0.0630045	1.97144 1.30953 1.20242 1.24951 1.07849 0.975266 1.4658 1.04548 1.18308 0.87611 
0004 0.0605381	1.86387 1.16387 1.10905 0.943156 0.982581 1.01314 1.06976 0.93858 1.17048 0.940807 
0005 0.144843	1.31955 1.11169 1.11936 0.957535 1.09841 1.08212 1.20188 1.10689 1.13448 1.02035 
0006 0.158744	1.02584 0.891706 0.96448 1.03653 0.963394 0.976461 0.943015 1.21338 0.87643 0.924854 
0007 0.0704036	1.5593 0.999338 0.981188 0.944923 0.955306 0.774523 1.03054 0.881577 1.15155 1.0701 
0010 0.146417	0.838337 1.00307 1.09995 0.996549 0.951919 1.10463 1.08445 1.06185 1.02883 0.945832 
0011 0.097352	0.989057 1.06331 0.983822 0.959308 1.01249 0.873412 1.19926 0.798139 1.19469 1.14615 
0012 0.0802181	1.61154 1.3199 1.16267 0.934227 0.878555 0.794432 1.14227 1.09791 1.06935 0.958182 
0013 0.097352	1.24388 1.07447 1.02594 0.972335 0.914212 0.910533 1.01942 1.0444 1.09711 0.712265 
0014 0.174065	0.917824 0.988266 0.965827 0.947966 0.805776 0.843704 0.912784 1.2516 0.790839 0.829829 
0015 0.0650312	1.34632 1.29009 1.27714 1.05872 1.03969 1.24864 1.50578 1.05518 1.39617 0.93289 
0016 0.268302	0.655014 0.76827 0.927634 0.894709 0.827133 0.829289 0.833977 1.03975 0.879692 0.933287 
0017 0.0712617	2.29718 1.54324 1.14163 1.12817 1.12757 1.00983 1.54417 0.968638 1.23534 0.997169 
0020 0.0479689	0.699681 0.706243 0.937321 0.989148 1.11156 1.17801 0.869447 0.880391 0.976497 1.19935 
0021 0.054019	1.19532 1.1163 1.06002 1.01156 1.13884 1.0107 1.09322 0.831821 1.31193 1.19465 
0022 0.111495	1.79674 1.09262 1.12077 1.01784 1.09998 1.01373 1.4196 0.891677 1.41628 1.08189 
0023 0.0920484	0.883133 0.861634 0.892801 1.2121 1.2789 1.1323 0.913391 1.08437 0.923834 1.26068 
0024 0.171997	1.0673 0.960782 0.990324 0.971718 1.06214 0.878386 0.904865 0.931102 1.07936 1.1271 
0025 0.165946	0.671053 0.825295 0.883236 0.985791 0.904216 0.846985 0.770893 1.20524 0.830515 1.00849 
0026 0.201383	1.10698 1.02773 1.06586 1.04621 1.08393 1.19968 1.03471 1.14221 1.01246 0.929084 
0027 0.155143	1.21995 1.23264 1.14055 1.20136 1.23364 1.10616 1.26026 1.2751 1.19108 1.11482 
0030 0.0548543	2.25571 1.35791 1.12411 1.10004 1.05485 0.943677 1.34733 1.03159 1.20543 1.09099 
0031 0.235624	0.694851 0.873347 0.86285 0.980088 0.883273 0.886896 0.8015 1.18224 0.75081 0.895573 
0032 0.0796322	1.28616 1.13856 1.05283 1.03113 0.949352 1.10701 1.14915 1.28032 0.980491 1.13968 
0033 0.139629	1.16147 0.96254 1.02273 0.85189 0.878574 0.938188 0.911732 1.14303 0.885778 1.05629 
0034 0.137447	1.40851 1.08871 1.06791 1.01666 1.05146 0.994471 1.13005 1.10787 1.15628 1.0666 
0035 0.0777622	1.10891 0.977955 1.03202 0.945217 1.04739 0.836619 1.10245 0.839326 1.09567 1.11736 
0036 0.183419	0.807792 0.779747 0.948075 0.87942 1.01737 1.05964 0.891935 0.890093 1.01134 1.19903 
0037 0.0916316	1.18737 0.942755 1.17021 0.963129 1.14113 1.08735 1.3638 0.864434 1.24525 1.54312 
0040 0.240113	1.05645 0.974157 0.985778 0.945753 0.894555 1.01625 1.01325 1.31137 0.865856 0.859303 
0041 0.146758	1.00683 0.980176 1.06055 0.803221 0.930891 1.14365 1.04913 0.726566 1.18972 1.04952 
0042 0.225852	0.838136 0.781408 0.929083 0.892157 1.05285 1.09808 0.968176 0.951364 0.903007 1.1447 
0043 0.0518863	0.622457 0.631399 0.851793 0.845485 0.795932 0.768485 0.691126 0.976025 0.783248 0.861641 
0044 0.0971983	1.28961 1.0751 1.17178 0.941391 1.19585 1.07839 1.32456 0.920019 1.27075 1.06214 
0045 0.0972995	1.90355 1.12223 1.14338 0.880044 0.984933 1.09772 1.31092 1.07226 1.16348 0.920318 
0046 0.0874886	0.630424 0.870908 0.836715 0.993409 0.968231 0.884708 0.817492 1.17732 0.680346 0.929359 
0047 0.0534035	0.643002 0.81231 1.01665 0.827268 0.959622 1.07719 0.775745 0.917903 0.849772 0.863843 
0050 0.0862309	0.515285 0.782729 0.777016 0.95698 0.95191 0.808597 0.696034 0.928976 0.853341 1.0534 
0051 0.0644414	1.66843 1.34637 1.13618 1.29183 0.979827 0.951457 1.32732 1.29039 0.954185 1.00207 
0052 0.217432	0.774744 0.858337 0.95178 0.85317 0.927857 1.02089 0.833301 0.996596 0.856978 0.85334 
0053 0.0797404	0.868325 1.01618 0.885144 0.986928 0.787214 0.646859 0.819026 1.1042 0.77467 0.819603 
0054 0.0639777	0.954602 1.22679 0.919846 1.2232 1.00453 0.964986 0.988079 1.29972 0.883228 1.04275 
0055 0.238294	1.11977 1.31878 1.0371 1.1222 1.06714 1.0272 1.18289 0.734783 1.23822 1.04303 
0056 0.0737135	0.812101 0.972274 0.928459 1.04392 1.11264 0.885317 0.908292 0.666122 1.13283 1.08295 
0057 0.176171	1.17812 1.08369 1.09834 0.990163 0.891618 1.02931 1.16924 1.10323 0.961643 0.971671 
0060 0.081219	1.4489 1.22415 1.06212 0.936198 1.00492 0.931392 1.03621 0.804782 1.30646 0.796406 
0061 0.0810811	1.72347 1.36063 1.10491 1.2045 1.03909 0.989773 1.14252 1.2592 1.06482 0.793881 
0062 0.126999	1.0364 0.987943 0.953862 1.15969 1.04483 1.01944 0.857501 1.51101 0.794727 0.860297 
0063 0.070877	0.991251 1.04921 1.00031 1.12829 1.24453 1.12598 1.07433 0.800927 1.1452 1.02247 
0064 0.114727	0.944361 0.943595 1.04636 0.912434 1.00623 1.01459 0.853426 0.901881 1.00373 0.922667 
0065 0.182019	0.982118 1.0562 0.90429 0.952184 0.985203 0.964227 0.851127 0.899262 1.05704 0.889603 
0066 0.183122	0.709265 0.805928 0.809956 0.953473 0.959422 0.919798 0.756063 0.992859 0.843667 1.04553 
0067 0.159956	1.65079 1.20345 1.12461 1.00451 1.21181 1.1773 1.24839 0.978686 1.27049 1.17281 
0070 0.144166	0.958315 1.0552 0.986262 0.813116 1.02542 0.895989 0.956119 0.633564 1.18021 1.13423 
0071 0.26017	0.769772 0.807665 0.973352 0.988453 0.912684 0.879056 0.814293 0.929542 0.905344 0.804275 
0072 0.0538668	1.03631 1.00918 0.909414 0.911492 0.922723 0.780294 0.834206 0.996804 0.87871 0.960151 
0073 0.20228	1.13393 1.07549 1.03362 1.08076 1.00462 1.04774 1.07048 1.08454 1.00901 0.99564 
0074 0.0976755	1.26079 1.11197 1.21612 0.925712 0.939455 0.90057 1.16183 0.72773 1.26912 1.10074 
0075 0.0563254	2.08579 1.42839 1.20111 1.10469 1.11583 1.22434 1.41152 0.814529 1.43965 1.17141 
0076 0.107957	1.63575 1.12826 1.09278 0.944588 0.996439 0.978141 1.18172 0.868237 1.14932 0.990007 
0077 0.0775592	0.588309 0.77939 0.816807 0.869388 0.902208 0.802072 0.654035 1.03434 0.690641 0.756743 
0100 0.182511	1.10297 1.08042 1.07235 0.978543 1.01209 1.11054 0.98639 0.888092 1.07978 1.07287 
0101 0.0932836	0.799968 0.863254 0.943296 0.718943 0.828819 0.79145 0.745302 0.671495 0.953961 0.86201 
0102 0.0840363	1.35983 1.23391 1.0332 1.3827 1.11298 1.03616 1.21301 1.30446 1.04553 0.986548 
0103 0.0536989	0.853069 0.957099 1.18048 1.15421 1.11969 1.3863 1.10173 1.12207 1.15985 1.2546 
0104 0.129948	0.780353 0.944144 1.02234 1.01251 1.07326 1.16378 0.86124 0.989204 0.956025 1.03329 
0105 0.133842	1.29002 1.08579 1.00558 0.911923 0.84261 0.788139 0.897823 0.997931 0.939424 0.85503 
0106 0.135788	0.559209 0.889102 0.927809 1.02613 0.946943 1.02198 0.740759 1.09412 0.796452 0.772505 
0107 0.186892	1.35152 1.31217 1.2121 0.873287 1.10688 1.20316 1.16995 0.706898 1.40294 1.11456 
0110 0.05508	1.69374 1.20152 1.20382 1.17147 0.962873 1.04787 1.16026 1.66754 1.13683 1.07776 
0111 0.202456	1.48974 1.06643 1.14692 0.953199 0.987133 1.18239 1.30168 0.951836 1.22699 1.15136 
0112 0.0878303	1.28721 1.01654 1.0481 1.07784 1.10287 1.16444 1.17438 1.15582 1.08072 1.11394 
0113 0.0480089	1.11339 0.971388 1.26736 0.948177 1.03444 1.40969 1.09513 1.00526 1.31197 1.04479 
0114 0.179754	0.623277 0.684409 0.855321 0.893728 0.959886 0.932023 0.807806 0.868734 0.890043 1.00763 
0115 0.186825	1.10478 0.907791 0.961263 0.936432 0.893061 0.828635 0.853997 0.958571 0.961504 0.980742 
0116 0.189431	0.712875 0.864045 0.999798 1.05644 0.91784 1.10125 0.892313 1.17471 0.869176 1.05636 
0117 0.0506141	0.698195 0.725783 1.04585 0.841697 0.895212 1.17095 0.759457 0.887374 0.988287 0.914881 
0120 0.147747	1.25054 1.32103 1.12307 1.11505 1.01662 0.984641 1.26835 1.17263 1.12424 0.964221 
0121 0.174517	1.59112 1.23207 1.17735 1.02966 0.952173 1.16733 1.30334 0.940477 1.31104 1.07575 
0122 0.181294	0.731308 0.953264 0.940789 0.885085 0.951874 0.865527 0.971756 0.680967 1.12556 0.936196 
0123 0.0792952	1.67098 1.17943 0.906701 1.0553 0.933936 0.833775 1.23843 1.16127 1.20717 1.05356 
0124 0.0820061	1.36509 1.26007 0.944561 1.23989 1.03452 1.05871 1.05989 1.55399 0.806499 0.960712 
0125 0.217215	0.631148 0.828937 0.891414 0.904779 0.837681 0.945901 0.743179 0.955884 0.808392 0.774687 
0126 0.0660793	0.845341 0.920613 0.965082 0.993584 1.01167 1.17699 1.04232 0.975196 1.01239 1.20381 
0127 0.0518468	1.37949 1.13651 1.06911 0.827896 0.748138 0.783838 0.903675 1.06938 0.951197 0.662764 
0130 0.110375	1.30254 1.14025 1.05874 1.01931 1.07795 1.15463 1.28058 0.995218 1.14589 1.05482 
0131 0.108168	0.613106 0.890624 0.771463 0.929214 1.03981 0.989139 0.696132 1.01837 0.783818 0.977639 
0132 0.147903	1.30373 1.0247 1.03915 0.941329 1.00005 0.988595 1.00497 0.969471 1.22747 1.10731 
0133 0.0634658	1.6944 1.24435 0.991892 1.00683 1.19444 1.01034 1.19738 0.903838 1.30553 1.11459 
0134 0.142384	0.89474 0.906517 0.972783 0.898199 1.03961 0.943227 0.89681 0.85804 1.13558 0.973053 
0135 0.165563	0.80316 0.929077 0.921926 1.01276 1.0781 1.12532 0.967064 0.969296 0.890633 0.957579 
0136 0.084989	1.95058 1.19554 1.22219 0.947551 1.18345 1.28143 1.38373 0.772141 1.37843 1.15567 
0137 0.177152	1.29148 1.04051 0.885925 1.02553 1.0641 0.793805 0.944935 0.86613 0.950825 0.988484 
0140 0.0452541	0.66003 0.806699 0.88718 0.867765 1.09145 0.927619 0.791462 0.610601 1.01384 1.09831 
0141 0.163147	1.29029 1.00464 1.13579 0.939939 0.92353 0.967374 0.990615 0.858236 1.12984 1.11311 
0142 0.184265	1.05956 1.08068 0.867774 1.04881 0.924203 0.769372 0.825825 1.0002 0.950508 0.919339 
0143 0.132049	0.722473 0.764067 0.955338 0.902414 0.908127 0.902277 0.77306 0.91656 0.89188 0.966129 
0144 0.165468	1.51528 1.19245 1.02104 1.10707 1.20628 1.04505 1.07609 0.927318 1.18242 1.12202 
0145 0.173126	0.974348 0.91029 0.965641 1.05855 0.947786 0.937773 0.892859 1.24248 0.806972 0.891341 
0146 0.0990949	2.18059 1.49305 1.20116 1.12055 1.09828 0.960819 1.3543 1.20316 1.33951 0.96236 
0147 0.0375957	1.37603 1.09571 0.991053 1.27377 1.13754 1.05648 1.12949 1.32431 1.04433 1.25079 
0150 0.0681959	0.508613 0.888751 0.779678 1.03368 1.07429 1.07426 0.76914 0.753587 0.78203 0.833964 
0151 0.0520769	0.622756 0.861857 0.905853 1.11811 1.07791 1.36349 0.976788 1.20558 0.910256 0.969804 
0152 0.201488	1.22762 1.28917 0.987575 1.18288 1.05573 0.940571 1.30767 1.44971 1.01663 1.11095 
0153 0.0508369	0.524234 0.754464 0.729788 1.32046 0.995187 0.880891 0.766311 1.45042 0.651528 0.958003 
0154 0.0979541	1.09535 1.17259 0.863931 0.974544 0.936627 0.861592 0.904325 1.01593 0.790215 0.75318 
0155 0.203348	1.02776 1.11288 0.987584 0.957217 1.05317 1.1344 1.22575 0.872916 1.19448 1.17653 
0156 0.179169	1.75326 1.52663 1.07042 0.949598 0.875531 0.952789 1.12958 0.798708 1.14313 0.670923 
0157 0.146931	0.74438 1.30574 0.87942 1.14665 1.08885 0.969518 0.94568 0.798573 0.919753 0.888142 
0160 0.221823	1.01112 1.05738 1.0767 0.89899 0.987069 0.936683 1.05298 0.916701 1.04611 1.05711 
0161 0.0761391	0.914043 1.10396 0.989149 0.983623 0.933182 0.886688 0.836762 1.1843 0.942493 0.862032 
0162 0.140887	1.21807 1.20379 1.20175 1.09876 1.12353 1.182 1.24402 0.833837 1.27662 1.1832 
0163 0.0629496	1.1836 1.14383 1.21475 0.976028 1.0798 1.18176 1.16152 1.16024 1.13011 1.0123 
0164 0.0983213	1.76106 1.55499 1.21195 1.14626 1.16472 1.00558 1.42947 0.825609 1.36028 1.14239 
0165 0.158873	0.765001 0.91719 0.880793 0.817381 0.945055 0.791658 0.681538 0.788353 0.909373 1.05257 
0166 0.13729	0.955427 1.20077 0.989691 1.11451 1.07264 0.99407 1.01582 1.03556 0.969816 0.931973 
0167 0.103717	0.6935 0.938766 0.886333 0.889934 0.937237 0.847146 0.741172 1.02791 0.772311 0.909125 
0170 0.171915	0.750578 0.91222 1.08384 0.937249 0.977224 1.20077 0.95859 0.924122 0.968907 0.859386 
0171 0.120366	1.10606 1.06341 0.951713 0.858919 0.883864 0.772724 0.901658 1.04814 0.906434 0.873491 
0172 0.111986	0.794861 0.934135 0.997606 0.886998 1.10587 0.972885 0.994684 0.979997 1.0824 1.25206 
0173 0.0406298	1.11141 1.15211 1.09862 1.11335 1.26825 1.12466 1.2519 0.945897 1.17435 1.27963 
0174 0.0967496	1.09794 1.0403 1.10794 0.874897 1.04265 1.05665 1.05539 0.77601 1.08219 1.02059 
0175 0.149822	1.71367 1.06548 1.07479 1.04998 0.954786 0.996714 1.11149 1.02059 1.04753 0.880267 
0176 0.154393	1.70181 1.31202 1.28063 0.958649 1.02796 0.986051 1.37383 0.873429 1.35117 1.12396 
0177 0.154139	0.712173 0.820417 0.82954 0.921027 0.958125 0.858625 0.67419 0.877006 0.84759 0.95259 
1000 0.140362	0.987916 0.954586 0.948917 0.952306 0.927152 0.749433 0.837502 0.997801 0.834064 1.07206 
1001 0.0805304	0.730392 0.80635 0.780267 0.945691 0.922564 0.75062 0.691026 0.950019 0.694394 0.782098 
1002 0.103169	0.654345 0.79138 0.942771 0.936923 0.968 1.00083 0.803545 0.855851 0.92407 0.895155 
1003 0.101229	1.02916 1.09149 1.13297 0.972383 0.890901 0.973119 1.06951 0.982077 1.02368 0.813609 
1004 0.118693	1.90823 1.2584 1.24065 1.04851 1.26272 1.22915 1.40067 0.710293 1.5049 1.34075 
1005 0.0663001	0.802042 0.957169 1.02358 1.12347 1.15432 1.07532 0.904254 0.937391 1.00919 0.98634 
1006 0.112549	0.78392 0.852718 1.10764 1.03741 1.21122 1.17693 1.11494 0.706381 1.11808 1.22659 
1007 0.277167	1.32584 1.06705 1.03433 0.856797 1.05765 0.925322 1.07503 0.687824 1.18422 0.977514 
1010 0.205006	0.816779 0.876642 1.12758 0.804904 0.847043 0.938245 0.938754 0.826094 1.05014 1.04196 
1011 0.100119	1.90417 1.48195 1.13941 1.06874 1.02357 0.921659 1.39999 1.06544 1.27508 0.958463 
1012 0.0548272	0.529327 0.655403 0.845369 0.882752 0.749416 0.791408 0.716855 1.12631 0.722792 0.894233 
1013 0.193087	1.22993 0.982477 1.01696 1.12954 0.926522 0.925006 1.04153 1.08889 0.936834 0.890854 
1014 0.0929678	0.796101 0.966712 0.952913 1.04324 0.954354 1.0224 0.888696 0.910507 0.918634 0.871876 
1015 0.207986	1.33118 1.31521 1.2564 0.986269 0.972304 1.16609 1.3039 0.883243 1.25943 1.29475 
1016 0.100715	1.02536 1.13076 1.04839 1.22081 0.963015 1.00092 1.137 1.23813 1.05761 0.970259 
1017 0.045292	0.826085 0.826575 0.813308 0.908279 0.839746 0.720417 0.891246 1.20996 0.71472 1.07728 
1020 0.113022	0.86493 0.874936 1.06597 1.07758 1.02145 1.20573 1.08735 1.17517 0.863093 1.14295 
1021 0.0966421	0.396632 0.677196 0.896209 0.917926 0.969722 1.03259 0.703438 0.872301 0.795858 1.10925 
1022 0.0728911	0.808964 0.759831 1.07802 0.860711 1.08499 1.18284 0.884057 0.692325 1.19566 1.07404 
1023 0.179361	1.45262 1.01629 1.09053 0.905257 0.941302 1.08889 1.21349 1.15509 1.1003 0.844319 
1024 0.135954	0.846964 0.785157 0.896405 0.793104 0.859717 0.803803 0.776651 0.832282 0.830293 0.712554 
1025 0.176085	0.680049 0.784353 0.966905 0.89792 0.819982 1.01999 0.776207 1.2052 0.672331 0.845261 
1026 0.177723	1.21738 1.02531 1.07883 1.0814 1.0939 1.0736 1.23522 0.959945 1.16798 1.07961 
1027 0.048321	1.82035 1.54475 1.30061 1.08252 1.12614 1.10599 1.44862 0.779356 1.48207 1.12073 
1030 0.124923	0.620584 0.785051 0.851538 0.926484 1.07352 0.901375 0.739686 1.0149 0.799237 1.05707 
1031 0.115692	0.811077 1.03296 1.1618 1.02731 0.985204 1.21135 1.05351 1.14076 1.04181 1.01995 
1032 0.0664615	0.914669 1.13881 0.874145 1.26519 1.28634 1.09476 0.980581 1.24453 0.892056 0.992689 
1033 0.0923077	1.17024 1.3246 0.926724 1.06329 0.945793 0.991257 0.97442 1.49116 0.801534 0.723558 
1034 0.144615	1.65692 1.32209 1.12891 1.14129 1.10269 1.17528 1.43591 1.04906 1.25118 1.45199 
1035 0.0778462	0.943202 1.04728 0.800257 1.01324 0.994855 0.867367 0.914516 0.917426 0.830191 0.892208 
1036 0.0796923	0.982809 0.980689 0.988629 0.936491 1.18909 0.995725 0.95022 0.919606 1.10256 1.34842 
1037 0.298462	1.09012 1.14487 0.959478 0.948654 1.1079 1.0467 1.0494 0.91536 1.01911 0.984776 
1040 0.111821	0.788255 0.936858 1.0016 1.03043 1.08067 1.19251 1.05348 0.881639 1.063 1.22337 
1041 0.207211	1.36319 1.0284 1.05019 1.08418 1.07475 1.02929 1.25495 0.964025 1.12888 1.33851 
1042 0.0465541	1.53834 1.03475 1.06236 1.10844 1.01111 1.16204 1.13784 1.24168 0.944356 1.57052 
1043 0.10817	1.03018 1.00948 0.999598 1.00145 1.08443 0.965331 1.10112 0.909119 1.06561 1.33056 
1044 0.110908	1.55834 1.34625 1.23708 1.02871 1.05686 1.20675 1.6186 0.705142 1.46499 1.40033 
1045 0.195345	0.981704 1.04733 0.860651 0.993005 0.842526 0.906336 0.813104 1.14279 0.816653 1.04894 
1046 0.11958	0.776458 0.803955 1.01146 0.901864 0.915329 0.908563 0.951118 0.795357 1.00515 1.17758 
1047 0.100411	0.533293 0.9166 0.837778 0.950238 0.872414 0.847006 0.738165 0.941112 0.727914 0.891257 
1050 0.0682074	0.521934 0.800601 0.816311 0.997535 0.828388 0.800479 0.650923 1.09187 0.676811 0.848831 
1051 0.158681	0.635044 0.848361 1.01533 0.923379 0.898237 1.01793 0.774809 1.04347 0.861305 0.903446 
1052 0.253946	0.993637 1.03155 1.00472 1.16123 0.903463 0.904749 1.05267 1.34017 0.891856 0.935957 
1053 0.130214	1.83016 1.39762 1.14955 1.02764 0.93423 0.96298 1.24132 1.29963 1.07111 0.721857 
1054 0.0938557	0.969285 1.10261 1.25492 1.11334 1.06428 1.3175 1.23201 0.899967 1.30815 1.06391 
1055 0.0825817	0.964129 0.90091 0.978804 0.938107 0.985413 0.831257 0.879436 0.911274 0.95075 0.867974 
1056 0.126832	1.24157 1.01079 1.05963 0.903204 0.992861 1.20406 1.01657 0.885331 1.17319 0.9129 
1057 0.0856821	1.51488 1.42416 1.1998 1.26679 1.07034 1.14265 1.54888 1.10675 1.16389 1.17335 
1060 0.107759	0.895307 0.90675 0.83931 1.02239 1.00613 0.968301 0.80515 0.965783 0.869989 1.0795 
1061 0.0718391	0.747801 0.782518 0.939475 1.06966 0.925711 1.25119 0.986915 1.43435 0.805467 0.908151 
1062 0.194923	0.953725 1.07957 1.0736 1.02625 1.09481 1.06932 1.01221 0.92505 1.0767 1.18724 
1063 0.0766284	1.20646 0.872655 0.904378 1.07332 1.0792 0.851611 1.09874 1.03452 0.97852 1.13523 
1064 0.15182	1.6997 1.07966 1.05106 1.09749 1.12466 1.08448 1.33071 1.10172 1.18087 1.03374 
1065 0.149904	0.968786 0.882775 0.965075 0.73528 0.794997 0.830736 0.783869 0.872934 0.953244 0.791935 
1066 0.106322	1.61441 1.01986 1.19486 1.00216 0.975601 1.07374 1.19077 0.917981 1.49755 1.04339 
1067 0.140805	0.666649 0.78003 0.797932 0.853669 0.836175 0.855473 0.69928 1.06755 0.746383 0.784635 
1070 0.190782	1.07671 1.04094 0.994476 0.992194 1.0378 1.08728 1.05629 0.81937 1.25265 0.955215 
1071 0.0872686	0.682391 0.868282 0.809206 1.03256 0.938983 0.919264 0.757325 1.05256 0.762857 0.956138 
1072 0.0521345	0.609893 0.834334 0.913112 0.919348 0.719591 0.785763 0.730906 1.34912 0.713416 0.861609 
1073 0.226294	0.867379 0.938509 0.992592 0.948539 0.953894 0.897288 0.941384 1.02149 0.952079 0.865216 
1074 0.0846241	0.562725 0.752937 0.885782 0.876398 1.00901 1.03201 0.758736 0.857549 0.966462 1.03012 
1075 0.227805	1.58043 1.17953 1.03688 0.846398 0.936081 1.04997 1.16957 1.05732 1.21374 1.08127 
1076 0.0540234	0.94201 0.995835 1.00854 1.15379 0.942893 0.995766 1.00204 1.58368 0.894635 1.14342 
1077 0.0770684	1.18057 0.993122 1.1349 1.10623 0.990291 1.38242 1.26776 1.2582 1.18913 0.951296 
1100 0.0494624	0.660811 0.788232 0.80487 1.20354 1.12602 1.06098 0.924891 0.965384 0.870039 1.38342 
1101 0.115054	1.06584 1.06773 0.933568 0.885298 0.941974 0.752975 0.987787 0.849059 1.05172 0.999016 
1102 0.230108	1.45751 1.23942 1.02059 1.27226 1.15222 0.954898 1.29313 0.89088 1.25136 1.07213 
1103 0.197849	0.820534 0.950854 0.92202 0.955049 0.95074 1.01072 0.893411 1.09957 0.790933 0.838016 
1104 0.0569892	0.494611 0.793703 0.926974 0.964786 0.962094 1.07465 0.858514 0.783507 1.06099 1.01047 
1105 0.0462366	0.888971 0.841209 1.07129 0.819003 0.907078 1.01986 1.01108 0.644816 1.13252 1.11911 
1106 0.168817	1.31478 1.04187 1.07027 0.946665 0.813071 0.898752 0.947327 1.2147 0.897581 0.759485 
1107 0.135484	0.59503 0.824172 0.800939 0.913126 0.873541 0.777639 0.676551 0.8616 0.781877 0.761732 
1110 0.0457478	0.847251 0.94942 0.900447 1.06862 1.01199 0.828347 0.876558 0.762277 0.986013 1.24445 
1111 0.150147	1.25023 1.17959 1.17221 1.0227 1.04123 1.15806 1.15883 0.816583 1.18505 1.01416 
1112 0.0768328	1.14003 1.15904 1.03246 0.96216 0.948906 1.08425 0.941296 1.32155 0.793307 0.931655 
1113 0.0668622	1.1881 1.18462 1.203 0.833723 0.903611 1.25713 1.07882 1.17502 0.91019 0.863249 
1114 0.21173	0.782026 0.838498 0.874032 0.857959 0.857339 0.954077 0.742987 1.08536 0.745853 0.960032 
1115 0.180059	1.74553 1.51366 1.0966 1.13034 1.01831 0.94089 1.20468 1.01493 1.12466 0.893437 
1116 0.131378	1.0037 1.02166 1.03519 1.0864 1.15002 1.29039 1.13981 0.903316 1.12951 1.30045 
1117 0.137243	0.885827 0.941546 0.979153 0.906234 0.98802 0.980046 0.862975 0.863424 0.976976 1.12862 
1120 0.144997	1.33358 1.07347 1.09392 0.909646 0.92428 0.96561 1.0328 1.24176 0.99051 1.05538 
1121 0.157879	0.971422 0.934553 1.06329 0.996829 1.16876 1.2235 1.15701 1.01527 1.12802 1.24851 
1122 0.201019	0.633098 0.79734 0.920364 1.00633 1.09652 1.16386 0.80205 1.19521 0.802401 1.09492 
1123 0.134512	1.43501 1.17124 1.18955 0.982649 1.06377 1.13337 1.31295 1.07362 1.29456 1.15601 
1124 0.0934691	0.908099 0.865847 1.03797 0.776791 0.915351 1.12972 0.851485 1.09204 0.874108 0.891303 
1125 0.103355	1.07466 1.01944 0.91892 0.957111 1.15352 1.03351 0.984788 1.01514 0.96221 1.13647 
1126 0.0994608	0.776326 0.842519 0.972132 0.78432 0.944696 1.02777 0.906409 0.807486 1.00444 1.11027 
1127 0.0653086	2.01143 1.21126 1.15073 0.98791 1.02771 0.964519 1.6314 1.10563 1.44989 1.12486 
1130 0.202368	0.973325 0.905281 0.997689 0.981794 1.05591 1.16108 0.960604 1.24223 0.951786 1.10738 
1131 0.0985683	1.0113 1.0238 0.850329 1.23479 1.16378 0.852595 0.963918 1.51998 0.818596 1.11735 
1132 0.117841	0.708922 0.917052 0.918108 1.05817 1.00781 0.960017 0.824876 1.06236 0.903453 0.915761 
1133 0.126652	0.503968 0.732762 0.821205 1.03322 1.12642 1.0348 0.741584 0.95371 0.793542 1.12744 
1134 0.0547907	1.01647 1.02027 1.23576 1.08707 1.14327 1.33827 1.39055 1.09803 1.36363 1.46371 
1135 0.0534141	0.843424 0.815165 0.840223 0.906876 0.939602 0.797625 0.755385 1.18211 0.770952 1.07681 
1136 0.148403	1.97307 1.523 1.11782 1.06281 0.908917 0.873601 1.36114 1.25436 1.23351 1.03565 
1137 0.197963	1.25673 1.10223 1.06643 1.14094 1.13302 1.1576 1.12492 1.18143 1.14596 1.05691 
1140 0.0712991	1.3649 0.907138 1.12322 0.995174 1.13641 1.18606 1.3614 0.910275 1.34504 1.17731 
1141 0.302719	0.902282 0.902708 1.02549 0.98436 0.882183 0.985747 0.976422 1.0348 0.942915 0.803653 
1142 0.0803625	1.46917 1.11074 1.13087 0.959792 0.970712 1.10408 1.15022 0.859375 1.1174 1.02518 
1143 0.166163	1.1582 1.02308 0.95967 0.924789 0.909936 1.08562 1.04087 1.13084 0.913686 0.814447 
1144 0.0960725	0.479412 0.643222 0.835071 0.889413 0.840434 1.08196 0.724567 1.23135 0.695508 1.06976 
1145 0.0664653	0.908942 0.764479 1.06307 0.880497 0.985207 1.09448 1.08814 0.808632 1.17806 1.27944 
1146 0.104532	1.82604 1.14806 1.24332 0.998932 1.10127 1.02128 1.30624 0.914892 1.27563 0.958852 
1147 0.112387	0.889674 0.785509 0.951387 0.753389 0.819575 0.971275 0.793013 0.995147 0.814402 0.730873 
1150 0.0993197	0.861103 0.820432 1.00696 0.828191 0.86566 0.975722 0.897133 1.04079 0.871625 0.887083 
1151 0.126531	1.34404 1.1824 1.07907 0.897782 1.03146 1.02206 1.27137 0.954197 1.1127 1.21814 
1152 0.153061	0.831543 0.849195 1.00491 1.03202 1.0796 1.06536 0.99496 1.00175 1.06552 1.23298 
1153 0.122449	0.814147 0.839282 0.87678 0.970062 0.856513 1.04977 0.953083 1.21392 0.80984 1.15741 
1154 0.169388	0.687442 0.698785 0.872257 0.738086 0.757147 0.890869 0.734761 0.94213 0.756576 0.995683 
1155 0.210884	1.16951 1.08339 0.989316 0.863157 0.80017 0.861116 1.03365 0.866087 0.971062 0.94154 
1156 0.0666667	1.88944 1.33844 1.28235 1.05565 1.12301 1.16797 1.44615 0.814515 1.3997 1.05598 
1157 0.0517007	1.59996 1.01209 1.0861 0.93057 0.951006 0.993419 1.21609 0.831754 1.25132 1.05071 
1160 0.198514	0.863124 0.99399 1.00081 1.1006 0.990041 1.01549 1.00336 0.834482 1.00787 0.750621 
1161 0.104034	0.812952 0.845085 0.823601 1.05719 0.884463 0.875175 0.759701 1.31679 0.792555 0.819531 
1162 0.0583864	0.653402 0.937511 0.942139 1.1005 0.981416 0.832957 0.904737 0.870743 1.04043 0.846207 
1163 0.173036	2.03043 1.39703 1.10932 1.14026 1.04301 0.937125 1.53227 1.14704 1.28842 0.921941 
1164 0.169851	1.22939 1.14092 0.9627 1.01948 0.859198 0.87556 1.05969 1.18584 0.973262 1.04041 
1165 0.113588	1.12477 1.02207 1.05239 1.25338 1.00665 1.01686 1.22276 1.27258 1.20751 0.945379 
1166 0.0902335	0.611544 0.877319 0.795005 1.1869 0.927403 0.895098 0.845979 1.35006 0.829882 0.832915 
1167 0.0923567	0.480554 0.743553 0.744178 1.05449 0.814275 0.846018 0.661757 1.28027 0.674706 0.802814 
1170 0.190525	1.06493 1.04419 1.04011 1.00672 1.12873 1.20155 1.11577 0.780315 1.16974 0.856776 
1171 0.0556128	1.92184 1.25619 0.995176 1.26683 1.21217 0.905313 1.33499 1.13532 1.26563 0.964751 
1172 0.173532	1.55017 1.14209 1.22575 1.17483 1.09247 1.29885 1.29023 1.04906 1.26669 0.847736 
1173 0.120494	1.08635 1.10969 0.934937 1.06879 0.961937 0.783969 0.946209 1.16334 0.844005 0.686667 
1174 0.122554	0.626526 0.71502 0.834096 0.880671 1.03967 0.859472 0.793424 0.970036 0.777452 0.966539 
1175 0.156025	0.765641 0.933339 0.929423 1.05728 1.07707 1.12793 0.916154 0.985659 0.959459 0.960776 
1176 0.0854789	0.832133 0.817034 0.902975 0.821589 1.01932 0.861108 0.816262 0.810445 0.889286 0.8644 
1177 0.0957775	1.25226 1.09513 1.10217 1.13868 1.15132 1.06633 1.0889 1.20206 1.06509 1.03162 
BOUNDS
LWPS R    0.0  0.0  0.0  0.0  0.0  0.0  0.0  0.0  0.0  0.0
UWPS R    0.5  0.5  0.5  0.5  0.5  0.5  0.5  0.5  0.5  0.5
LXAS R   -0.5 -0.5 -0.5 -0.5 -0.5 -0.5 -0.5 -0.5 -0.5 -0.5
UXAS R    0.5  0.5  0.5  0.5  0.5  0.5  0.5  0.5  0.5  0.5
END
