NAME moment_estimation_cluster
ASSETS 10
BENCHMARKS 0.1 0.1 0.1 0.1 0.1 0.1 0.1 0.1 0.1 0.1 
COVARIANCES
0 0 0.00786003
1 0 0.00184151
1 1 0.0052182
2 0 -0.00156307
2 1 0.0038256
2 2 0.00560799
3 0 0.00524509
3 1 0.00260469
3 2 0.000131031
3 3 0.00586814
4 0 0.00585916
4 1 0.00145148
4 2 -0.00147626
4 3 0.00459134
4 4 0.00544089
5 0 0.00382432
5 1 0.00271883
5 2 -9.65564e-05
5 3 0.00325753
5 4 0.00322693
5 5 0.00511236
6 0 0.000347219
6 1 -0.00041814
6 2 -2.23192e-05
6 3 0.000535212
6 4 0.000798511
6 5 -0.000788577
6 6 0.00112397
7 0 0.00378674
7 1 -0.00269497
7 2 -0.00419069
7 3 0.00225834
7 4 0.00381194
7 5 -6.00913e-05
7 6 0.00168833
7 7 0.0074335
8 0 0.00176128
8 1 0.00131354
8 2 -0.000475044
8 3 0.00178862
8 4 0.00165095
8 5 0.0026891
8 6 -0.000430254
8 7 0.000598441
8 8 0.00210122
9 0 0.0027048
9 1 -0.000777735
9 2 -0.00235134
9 3 0.00169007
9 4 0.00238457
9 5 0.00160889
9 6 0.000175096
9 7 0.0028013
9 8 0.00100598
9 9 0.00190112
SCENARIOS
0 0.53272	1.06706 1.02854 0.99776 1.06045 1.05745 1.03533 1.0233 1.06167 1.00909 1.01749 
1 0.46728	0.924632 0.972247 1.00073 0.94773 0.946862 0.980007 0.987013 0.95817 0.981889 0.988162 
00 0.691658	1.01372 1.02883 1.04529 1.01738 0.99781 1.03098 0.973424 0.935385 1.00444 1.00113 
01 0.308342	1.01472 0.890141 0.90556 0.975837 1.00027 1.00735 1.00845 1.00709 1.00209 1.06226 
10 0.568332	0.978361 0.987974 0.99901 0.93662 0.958462 0.926731 0.999074 1.02564 0.997471 0.977703 
11 0.431668	1.13262 1.03375 0.994948 1.08629 1.07709 1.02872 0.994232 1.02182 1.01057 1.01813 
000 0.160587	0.962731 0.927171 0.913013 0.916748 0.978728 0.957999 0.976168 1.06318 1.01906 1.01651 
001 0.261114	1.14595 1.00379 0.927403 1.15321 1.15441 1.11825 1.00558 1.17223 1.06857 1.06734 
002 0.0772947	0.834033 0.93336 1.07374 0.877522 0.822616 0.915442 0.978663 0.836304 0.93163 0.91557 
003 0.0538186	1.13615 1.17571 1.11768 1.15788 1.13286 1.04589 1.04347 0.994406 1.00433 0.992325 
004 0.121207	0.994375 0.998015 0.990645 1.00901 0.968505 1.03786 0.98164 1.00131 1.02227 0.997708 
005 0.127802	1.03625 1.11876 1.10837 1.06897 1.02678 0.998169 1.03557 1.02529 1.03181 0.970481 
006 0.0782989	0.956821 0.913416 0.950518 0.906504 0.919424 0.911264 0.982028 1.01327 0.93172 0.975346 
007 0.119877	0.895687 1.10596 1.13737 0.932042 0.937586 0.972724 1.03907 0.898489 0.994424 0.926382 
010 0.12602	1.13595 1.05009 0.974059 1.14697 1.16342 1.06636 1.01069 1.12759 1.0509 1.03706 
011 0.160721	0.98649 1.0807 1.107 1.01379 1.00817 0.945886 0.980759 0.993479 0.954086 0.935369 
012 0.115122	0.978267 1.03175 1.01487 1.02411 0.934469 0.905417 0.98501 1.0114 0.979948 0.955961 
013 0.0450505	1.28135 1.14003 0.932571 1.26305 1.22861 1.08538 0.980343 1.17145 1.07091 1.08094 
014 0.0739681	0.811049 1.00086 1.08305 0.895701 0.866987 0.940559 0.946807 0.897969 1.01268 0.919383 
015 0.18489	1.09266 1.00567 0.897336 1.04281 1.09351 1.01664 0.977383 1.15678 1.0217 1.01242 
016 0.072994	0.771403 0.945556 0.999121 0.815741 0.845549 0.887883 0.982312 1.02047 0.969367 0.919332 
017 0.221235	0.997321 0.951758 0.95174 0.923257 0.977193 0.926609 1.00071 1.11304 0.999807 0.984295 
100 0.0899198	1.07327 0.953722 0.900108 1.1552 1.10835 1.05117 1.04413 1.08755 1.03881 1.07983 
101 0.207892	0.886457 0.997301 1.11803 0.925389 0.890264 0.950492 0.986001 0.916136 0.939017 0.926737 
102 0.0748955	1.08333 0.909398 0.887532 1.0682 1.06617 1.00904 1.01506 1.09753 0.990371 1.06626 
103 0.0610762	1.13356 1.1055 0.999409 1.17074 1.12208 1.16859 0.980796 0.947589 1.07747 1.06003 
104 0.194073	1.01226 0.975467 0.984904 1.03079 1.01059 1.04716 0.998368 0.998237 0.964519 1.02087 
105 0.114621	0.920063 0.96059 0.997396 0.977075 0.9346 1.04791 0.951746 0.853244 0.998927 0.989598 
106 0.181045	0.983641 0.884716 0.86185 0.956201 1.02735 0.984389 1.01442 1.07554 1.00836 1.05127 
107 0.076477	1.03543 1.14388 1.19358 1.09475 1.01721 1.06463 0.979877 0.871725 1.00612 0.929366 
110 0.0459075	0.913603 0.838886 0.907545 0.905402 1.02365 0.889399 1.09878 1.26277 0.967045 1.02704 
111 0.129642	0.851681 0.968057 1.01679 0.865266 0.888277 0.908057 1.0023 0.98489 1.00702 0.963479 
112 0.104159	1.16918 1.03795 0.947621 1.11354 1.18441 1.05022 1.05326 1.29374 1.09675 1.07111 
113 0.0479897	1.08359 0.882222 0.841895 0.975641 1.10813 1.05285 1.03474 1.22571 1.06097 1.11847 
114 0.115463	1.04534 0.965341 0.963589 1.0132 1.07486 0.988267 1.07088 1.21634 0.987903 1.04792 
115 0.198205	0.948118 0.979654 0.984443 0.947365 0.973468 1.0047 1.01269 1.03247 0.996515 1.013 
116 0.160428	0.997776 1.02685 1.04375 1.07404 0.985125 0.99559 1.0085 1.07882 1.01884 0.976686 
117 0.198205	1.00846 1.12899 1.10596 1.00718 1.02236 1.01296 1.03494 0.968796 1.01519 0.975829 
0000 0.113064	0.914119 1.05942 1.0302 0.935793 0.900139 1.05057 0.960153 0.891144 1.0928 0.965516 
0001 0.0718269	0.97164 0.984407 0.917875 1.03974 1.02427 1.1223 0.952757 1.00445 1.1291 1.06682 
0002 0.0965016	0.844907 1.01182 1.03451 0.821724 0.867443 0.944381 0.955414 0.877716 0.964372 0.95338 
0003 0.148724	0.917978 0.997141 1.02592 0.986482 0.953909 0.995158 1.05443 1.01006 0.954199 0.973441 
0004 0.0542505	1.06646 1.03404 1.0068 0.957575 1.05406 1.05368 1.0306 0.955189 0.994894 1.00125 
0005 0.260267	1.1281 1.00043 0.923788 1.07893 1.11534 1.04419 1.01804 1.09033 1.0208 1.067 
0006 0.11374	1.0368 0.985707 0.969976 0.931502 0.977045 1.02786 1.00255 1.02753 1.0025 1.01076 
0007 0.141626	1.07616 1.12959 1.08645 1.07644 1.01612 1.0923 0.919085 0.85849 1.00207 0.975213 
0010 0.14458	0.923852 0.992019 1.02295 0.912551 0.898102 0.907493 0.996254 0.838725 0.952759 0.947445 
0011 0.080553	1.12878 1.17266 1.08604 1.22472 1.11285 0.976972 1.03434 1.0194 1.04106 0.985521 
0012 0.0535287	1.04885 1.13182 1.04877 0.971102 1.06407 1.11122 0.981595 0.897843 1.01754 1.03728 
0013 0.0767072	0.945426 1.03749 1.07233 0.911097 0.984742 0.933574 1.03702 0.931628 0.957895 0.973197 
0014 0.219832	1.04527 0.976915 0.941776 1.07219 1.04915 0.936987 1.05688 1.10882 1.01475 1.03153 
0015 0.125767	0.929185 0.890546 0.959692 0.843102 0.88984 0.916019 0.977555 0.944543 0.970772 0.985 
0016 0.137616	1.03683 1.1187 1.1142 1.057 0.993412 1.02526 0.990434 0.913365 1.02095 1.00648 
0017 0.161418	1.11592 0.94662 0.907876 0.96088 1.09212 0.983199 1.02633 1.0948 0.996097 1.05494 
0020 0.143961	0.886738 1.06506 1.12765 0.881965 0.909375 0.963325 0.974327 0.86914 0.947961 0.9223 
0021 0.0688202	1.0099 1.13408 1.11532 1.11996 0.996592 0.930166 1.01323 0.993597 1.00816 0.979253 
0022 0.236306	0.949503 0.972646 0.988295 0.947855 1.00334 0.942815 1.02967 1.13519 1.04053 1.01283 
0023 0.0944522	1.03056 1.1737 1.0661 0.982793 1.01082 1.00309 0.97234 0.984291 1.07191 0.960261 
0024 0.152037	0.937452 1.03534 1.00538 0.989564 0.928531 0.935774 0.969924 0.979594 0.997959 0.942294 
0025 0.158006	1.0464 1.00849 0.98388 1.13708 1.14612 1.01477 1.05049 1.12705 1.03157 1.01001 
0026 0.096559	1.01086 0.9373 0.894994 0.969044 1.0289 0.917536 0.989392 1.20604 1.11351 1.05412 
0027 0.0498596	1.06027 0.942207 0.900671 1.105 1.13228 1.10222 1.02738 1.2607 1.11036 1.10183 
0030 0.157842	1.10421 0.987069 0.936191 0.964346 1.05592 1.09912 0.93141 0.967014 1.05374 1.0264 
0031 0.22239	1.01259 1.00476 1.00986 1.048 0.980669 1.03111 0.926983 0.937589 0.998987 0.964049 
0032 0.113969	0.95049 0.918747 0.9282 0.973166 0.97001 0.915898 1.01143 1.07581 1.02197 0.982595 
0033 0.0872416	1.045 0.989853 0.943193 0.997101 1.11412 1.06114 1.0557 1.11903 1.08721 1.04621 
0034 0.120524	1.19932 1.06817 1.01812 1.17264 1.15458 1.12822 0.984989 1.14886 1.11467 1.09223 
0035 0.156329	0.924699 0.92865 0.942738 0.869892 0.9641 0.978189 0.977554 1.08591 1.00383 0.984336 
0036 0.0524458	0.816108 0.915124 1.01347 0.885714 0.834321 0.88504 1.02104 0.979964 0.996292 0.947265 
0037 0.0892587	0.993456 1.11572 1.13928 1.07553 1.00506 1.05325 0.958501 0.866326 1.03399 0.955111 
0040 0.124496	0.893271 0.978677 1.00281 0.903467 0.918135 0.990389 1.0077 0.97122 1.07029 0.979693 
0041 0.105911	1.09208 1.09907 1.0526 1.07587 1.08405 0.962691 1.05542 1.05896 0.997193 1.02029 
0042 0.154053	1.02853 0.954829 0.948246 1.02757 1.10331 0.979996 1.10191 1.18691 1.02745 1.06323 
0043 0.163457	1.02197 1.01761 0.973916 0.987119 1.03752 1.0786 0.999566 0.973922 1.08108 1.06817 
0044 0.041648	1.16403 1.05939 0.925224 1.16314 1.20312 1.05567 1.02153 1.1584 1.12743 1.11588 
0045 0.126288	0.814498 0.983468 1.05021 0.928034 0.91215 0.846516 1.02292 0.976202 0.942796 0.936008 
0046 0.120466	0.951042 1.0442 1.07985 0.951963 0.979585 0.999875 0.948514 0.864526 1.02445 0.952644 
0047 0.163681	0.955564 1.04358 1.08872 1.06497 0.992283 0.966308 0.993269 0.961213 0.955947 0.957962 
0050 0.24931	1.07784 0.953859 0.878796 1.01084 1.04778 1.13349 0.906143 0.898673 1.02784 1.05183 
0051 0.110639	0.948847 0.99005 1.10461 0.962582 0.95396 0.891632 1.01666 0.913514 0.891659 0.933353 
0052 0.0581865	0.985808 1.12333 1.00412 1.00641 0.991918 1.15502 0.870399 0.7577 1.03587 0.983125 
0053 0.141219	0.890395 0.838657 0.900744 0.999875 0.973817 0.9389 1.02419 0.999879 0.967562 1.03517 
0054 0.139308	1.02795 1.11959 1.07069 1.11792 1.06007 1.08233 0.992552 0.881056 1.02959 0.966398 
0055 0.101508	0.877242 0.942185 0.978001 0.841404 0.904715 0.947818 0.965379 0.962663 0.971019 0.945741 
0056 0.11701	0.903022 1.06511 1.0183 1.00987 0.925871 1.02128 0.943515 0.829837 1.03188 0.979737 
0057 0.0828201	1.22377 0.98823 0.925173 1.04133 1.18517 1.12797 0.975901 1.06779 1.02025 1.06844 
0060 0.115078	0.864809 0.998388 1.10212 0.891009 0.885796 0.954386 1.01662 0.944398 1.00309 0.943495 
0061 0.0987868	0.857713 0.961639 1.0034 0.96266 0.919445 0.97552 1.06332 0.943466 1.01722 0.956293 
0062 0.10156	0.912255 0.974765 1.00024 0.887484 0.9611 0.907211 0.99515 0.963223 1.0066 0.963253 
0063 0.0512998	0.762636 0.907878 0.993746 0.868029 0.836046 0.856983 1.01321 0.911087 0.95087 0.936495 
0064 0.241594	1.08947 1.03455 1.0245 1.09588 1.08773 1.01336 1.03461 1.03608 1.0289 1.0378 
0065 0.165338	1.03115 0.878865 0.896263 1.05783 1.09866 0.984513 1.04768 1.16047 1.04157 1.05611 
0066 0.094974	0.923741 1.00832 1.02068 1.06597 0.992205 1.03838 1.03731 0.98828 1.08646 0.971348 
0067 0.131369	0.991301 0.933354 0.956238 0.973727 0.989359 0.974266 1.03967 1.07294 1.03207 1.00933 
0070 0.0742585	1.0482 0.984986 0.943449 0.980442 0.981822 0.990577 0.910284 0.871662 0.956753 0.973941 
0071 0.066561	1.07596 0.901542 0.877087 0.989432 1.05706 1.00481 0.981161 1.16842 0.996569 1.06277 
0072 0.127688	1.03067 1.00277 1.01725 1.01324 1.01149 0.95547 1.00544 1.07904 0.998713 0.999368 
0073 0.155535	0.996063 0.884484 0.887817 0.928068 0.941951 0.863031 0.930503 1.023 0.940849 0.9945 
0074 0.111161	1.16825 0.971465 0.916333 1.10396 1.14279 0.979826 0.988515 1.20552 0.99844 1.09947 
0075 0.0769753	0.964712 1.08263 1.11759 1.00071 0.94108 1.03704 0.951392 0.855673 1.01866 0.923205 
0076 0.215531	1.13917 1.06624 1.03768 1.11436 1.04701 0.977621 0.966284 1.01442 0.997032 0.983023 
0077 0.172289	0.904021 0.963238 1.06592 0.917004 0.863464 0.885029 0.944565 0.830557 0.922803 0.928383 
0100 0.108213	1.03248 0.934317 0.971539 0.947086 0.956623 1.01979 0.937091 1.10561 1.01564 1.05144 
0101 0.102415	1.18774 1.05291 0.92423 1.09114 1.16015 1.16676 0.978715 1.06421 1.03305 1.10723 
0102 0.140097	0.959412 1.10237 1.11068 0.9546 0.903317 0.9395 0.99918 0.869625 1.01463 0.935922 
0103 0.047343	0.839816 0.919609 1.01346 0.871819 0.829382 0.857132 0.988747 0.992227 0.938346 0.920356 
0104 0.0700483	0.90408 0.826977 0.873707 0.927911 0.948365 0.889853 1.03792 1.0994 0.922753 1.01774 
0105 0.0835749	1.05051 0.829609 0.823255 1.00631 1.07264 0.941646 1.08641 1.27525 0.994412 1.07652 
0106 0.224638	1.08287 1.08981 0.95727 1.02659 1.07911 1.11506 0.970396 1.05597 1.03647 1.05035 
0107 0.223671	1.05628 0.997202 0.981722 1.04631 0.977473 1.03905 0.981991 0.995673 0.969861 1.00179 
0110 0.215909	1.0622 1.00674 0.929379 1.04263 1.12271 1.05346 1.02382 1.1214 1.04681 1.0536 
0111 0.117803	0.903214 0.975486 1.01002 0.986901 0.949473 0.99548 1.01807 0.974443 1.01305 0.981646 
0112 0.230682	1.00305 1.10681 1.07354 1.06972 1.0098 1.14011 0.940116 0.885851 1.08029 0.996597 
0113 0.0897727	1.04526 0.964438 0.889589 0.998895 1.01319 1.07561 0.954341 1.02425 1.08553 1.0709 
0114 0.128409	0.984159 0.97431 0.932012 0.903585 0.981338 0.946121 1.01004 1.06543 0.991974 1.00479 
0115 0.0662879	0.914705 1.07733 1.08721 0.933447 0.936879 0.944023 0.993385 0.923918 1.00499 0.960257 
0116 0.101894	0.816929 0.935477 0.971325 0.857986 0.885464 0.974309 1.01267 0.900047 1.00607 0.977799 
0117 0.0492424	0.909615 0.933378 0.94037 1.03665 0.971205 0.995477 1.06427 0.981127 1.0345 1.00818 
0120 0.139609	1.1262 0.996852 0.908446 1.10571 1.1423 1.09082 0.968935 1.13938 1.06424 1.07078 
0121 0.0486515	0.795052 0.8843 1.05886 0.845047 0.846114 0.938422 0.969222 0.850916 0.961488 0.930883 
0122 0.116341	0.915359 1.09218 1.11923 1.05386 1.03724 1.11985 1.02366 0.894188 0.999377 0.968962 
0123 0.162877	0.971436 0.955667 0.98722 1.00886 1.02955 1.04695 1.0231 1.01131 0.965525 1.02347 
0124 0.22422	0.850758 1.00576 1.08831 0.947443 0.925859 0.933851 0.969797 0.808199 0.97819 0.921593 
0125 0.141724	0.948601 0.949042 0.899648 1.04169 1.04688 1.06673 1.00207 1.07909 1.062 1.05705 
0126 0.0655738	0.893936 0.859645 0.896275 0.917848 0.94223 0.953712 0.994942 0.990691 0.936694 1.0037 
0127 0.101005	1.11269 1.02013 1.04007 1.18795 1.1172 1.10589 0.966193 0.997599 1.07895 1.03303 
0130 0.152703	1.01338 0.894307 0.997054 0.993301 0.987225 1.03295 1.04709 1.04206 1.01477 1.02715 
0131 0.0905405	0.859509 0.89521 1.12518 1.06329 0.964866 0.971107 1.09085 1.01268 0.983021 0.945491 
0132 0.0472973	1.04716 0.916111 0.894108 0.997182 1.15978 1.08374 1.04589 1.20395 1.05283 1.06177 
0133 0.12027	0.950022 0.975367 1.01302 1.044 1.03775 1.11706 1.04528 1.04969 1.10076 1.05197 
0134 0.0594595	1.15888 1.00197 0.91932 1.16752 1.22565 1.17732 1.01297 1.12201 1.11406 1.07314 
0135 0.154054	0.896123 1.0594 1.15251 0.96154 0.957871 1.05147 1.04776 0.964107 1.05478 0.968745 
0136 0.143243	1.12236 1.05998 1.08289 1.11028 1.08571 1.02062 1.06715 1.12809 0.99406 1.00655 
0137 0.232432	0.810176 0.919682 1.01868 0.9369 0.869772 0.870168 1.02372 0.858117 0.883796 0.91045 
0140 0.134979	1.09785 0.992389 0.938577 1.07471 0.996091 0.90444 0.982054 0.990636 0.940347 1.0214 
0141 0.054321	1.11784 1.15593 1.01639 1.15478 1.13582 1.0577 1.06201 1.00991 1.02876 1.00752 
0142 0.153909	1.19231 1.02681 0.940387 1.11459 1.12369 1.05937 1.00709 1.00327 1.02161 1.0536 
0143 0.180247	0.977397 0.994397 1.01968 0.90078 0.896688 0.928282 1.00712 0.907896 0.9024 0.922514 
0144 0.0930041	1.00816 1.15429 1.10033 1.02946 0.969858 1.07596 0.965543 0.906741 0.996501 0.961538 
0145 0.101235	0.954347 1.1081 1.05784 0.962294 0.998095 0.934829 1.05618 0.967913 0.904713 0.937374 
0146 0.203292	1.11049 0.942831 0.901011 0.949104 0.996601 0.955719 0.993614 1.03168 0.934988 1.01678 
0147 0.0790123	1.14917 1.09624 0.95947 1.0453 1.11167 1.23122 0.99661 0.969222 1.05704 1.02492 
0150 0.103062	0.817465 0.947362 1.00741 0.916895 0.910943 0.881563 0.974057 0.9418 0.91318 0.992428 
0151 0.244649	1.02351 1.08979 1.04993 1.01721 1.04334 1.03282 1.01217 0.950743 1.04263 1.02076 
0152 0.100428	0.912235 1.00837 1.06938 0.886005 0.921457 0.95976 0.993577 0.872097 0.971661 0.94512 
0153 0.0576227	0.933744 0.940813 1.0991 0.927798 0.960978 0.874219 1.07621 1.05616 0.934102 0.970578 
0154 0.0984524	1.02304 0.899921 0.909939 1.02885 0.983691 1.03581 1.02137 1.08095 1.04714 1.09083 
0155 0.192954	0.990504 1.0099 1.0881 1.05294 0.97658 0.933387 1.01607 1.01856 0.984989 1.01609 
0156 0.126441	0.960165 0.873405 0.90856 1.00121 1.07553 1.00715 1.07676 1.18934 1.0699 1.11956 
0157 0.0763912	1.11756 1.05553 1.03114 1.04661 1.17039 1.07893 1.01841 0.974877 0.995373 1.06764 
0160 0.0850709	1.04052 0.914946 0.93532 0.985502 1.05596 0.890195 1.0192 1.01233 0.87991 0.964564 
0161 0.194329	0.973098 1.01738 1.11631 0.99137 0.946852 0.931227 0.947505 0.81631 0.895599 0.957539 
0162 0.116764	1.08653 1.10653 1.15523 1.09796 1.0504 0.912997 1.05856 0.850513 0.914533 0.935925 
0163 0.11176	1.28943 1.06598 0.974861 1.09646 1.18176 1.13561 1.00405 0.985617 0.982305 1.10559 
0164 0.0959133	1.22076 0.900989 0.895087 0.998632 1.09887 1.06667 0.945526 1.00639 1.01514 1.07628 
0165 0.192661	0.825647 0.912472 0.984744 0.899031 0.894755 0.877219 0.945547 0.892463 0.980011 0.965308 
0166 0.100917	1.07147 0.928225 0.962007 1.06062 0.971649 0.981663 0.948081 0.926211 0.907473 1.02065 
0167 0.102585	1.06353 1.04351 0.974158 0.959303 1.00456 1.00063 0.911534 0.848238 1.00155 0.965988 
0170 0.0770501	0.969676 0.847975 0.852145 0.922173 0.968293 1.00056 0.997201 1.04924 0.961908 1.03508 
0171 0.191524	0.980112 1.06218 1.03418 1.06759 1.02369 1.06748 0.945279 0.874975 0.96076 0.992402 
0172 0.0525592	1.0108 0.902631 0.839702 1.10152 1.13098 1.04575 1.03016 1.12138 0.999969 1.08646 
0173 0.173638	0.828675 1.02721 1.08173 0.985178 0.913823 0.98682 1.00289 0.956977 0.989875 0.951817 
0174 0.116125	1.08422 1.0902 0.962881 1.12744 1.09596 1.16825 0.942683 0.961419 1.05933 1.07614 
0175 0.200881	0.918505 1.00836 0.984986 0.943576 0.962956 0.932433 1.00985 0.997807 0.944593 1.00974 
0176 0.13869	0.998546 0.988001 1.0943 1.0727 0.997154 0.922643 1.00034 1.0019 0.908523 0.988471 
0177 0.0495322	0.873776 0.957919 0.910029 0.951143 0.891112 1.02054 0.937784 0.96293 1.03427 1.00103 
1000 0.133585	0.838605 0.942059 1.09588 0.903503 0.876319 0.941256 0.954983 0.902277 0.945081 0.916458 
1001 0.121859	1.01151 0.964813 0.947958 0.939813 1.00061 0.982303 0.988687 1.11283 0.992693 1.01873 
1002 0.0544389	0.95925 0.890511 0.888135 0.908895 0.896171 0.952235 0.982529 1.02419 0.952084 0.985214 
1003 0.131072	1.2293 1.04965 0.930046 1.11233 1.1848 1.09294 1.02014 1.16826 0.993673 1.09837 
1004 0.0481575	1.13754 0.954956 0.890793 1.08034 1.06425 1.13176 0.90227 1.0415 1.00499 1.10549 
1005 0.0942211	1.01534 1.02055 1.07827 0.916945 0.961189 0.948394 0.954506 0.971546 0.914226 0.94402 
1006 0.236181	1.12537 1.03258 1.09339 1.01554 1.0549 0.98684 1.11931 1.0319 0.959832 0.990382 
1007 0.180486	1.05418 1.05484 0.998828 1.06745 1.01007 1.07835 0.942746 0.9256 1.03408 0.986261 
1010 0.175331	1.00335 0.991549 1.02916 0.95705 0.960786 0.940305 1.03705 0.938268 0.994952 0.961097 
1011 0.174968	0.866981 0.881685 0.895689 0.875101 0.912435 0.939467 1.01599 0.981956 0.946351 0.993953 
1012 0.126245	1.06068 0.940207 0.899169 0.984164 1.10475 1.04911 1.04921 1.08673 1.00763 1.10371 
1013 0.0581416	1.03926 1.24695 1.17255 1.15105 1.06217 1.03823 1.01366 0.878047 1.06481 0.968868 
1014 0.202137	1.03988 1.0736 0.966348 1.03464 1.02686 1.01665 1.03579 0.979927 1.04091 0.993614 
1015 0.109219	1.12854 1.0329 0.992068 1.11539 1.07305 1.05704 1.02086 0.984424 0.980952 1.03056 
1016 0.0782467	0.915018 1.19194 1.21311 0.980879 0.929298 1.00356 0.994844 0.743618 0.965274 0.872566 
1017 0.0757109	1.28156 1.10284 1.01243 1.13079 1.18971 1.0908 1.02213 1.03698 1.03961 1.02793 
1020 0.146305	1.10985 0.936113 0.948132 1.0534 1.05201 0.999425 0.986942 1.01851 0.984307 1.06652 
1021 0.0517848	1.20812 0.980037 0.905709 1.11696 1.21421 1.05983 1.0346 1.10561 1.01724 1.07822 
1022 0.0563097	1.12128 1.09349 1.12795 1.06291 1.08276 0.973704 1.04435 0.958078 0.920089 0.933983 
1023 0.170437	0.981092 1.03135 1.01601 0.9622 1.01726 0.996062 1.02159 0.987097 1.01677 0.993757 
1024 0.204625	0.877242 0.943433 1.02401 0.933976 0.926004 0.961524 0.96051 0.960618 0.98145 0.976629 
1025 0.126697	1.03561 0.971467 0.972233 1.00157 1.0411 0.928534 1.05238 1.07051 0.947504 0.99134 
1026 0.125189	0.806276 0.934378 1.0658 0.899702 0.887218 0.914135 1.02522 0.951018 0.92768 0.951322 
1027 0.118653	1.17972 1.09121 0.970137 1.06369 1.15306 1.19633 0.997357 0.965488 1.0638 1.08233 
1030 0.21455	1.01998 1.08942 1.07304 1.04072 1.00625 1.02963 1.03399 1.01375 1.00164 0.957479 
1031 0.0517879	1.18269 1.02944 0.947046 1.1296 1.21198 1.101 1.09419 1.31613 1.08368 1.08156 
1032 0.125154	0.980332 1.09171 1.11844 0.906176 0.958796 1.0845 1.00361 0.894958 0.992356 0.955794 
1033 0.0819975	0.943945 0.921051 0.907932 0.940601 0.941737 1.05761 0.907725 0.957465 1.00707 1.00629 
1034 0.130703	1.07599 0.96549 0.952226 1.0015 1.11054 1.11252 1.02818 1.06641 1.03234 1.03943 
1035 0.176942	0.888211 1.00451 1.10748 0.924449 0.867691 0.946844 0.994984 1.00946 0.99241 0.939799 
1036 0.102959	0.927471 0.961542 1.00281 1.01758 0.964266 0.987925 1.04562 1.18573 1.01348 0.987431 
1037 0.115906	1.15215 1.07559 1.03329 1.15024 1.08887 1.14784 0.978508 1.00236 1.06085 1.03573 
1040 0.080326	0.976594 1.02011 1.10042 0.964169 0.960829 0.950668 1.02846 0.971986 0.978095 0.947885 
1041 0.0463718	0.958661 1.02905 0.972497 0.992619 0.942354 1.02548 0.945363 0.866097 1.09874 1.00395 
1042 0.208576	1.06867 1.02985 0.960838 1.05324 1.07936 1.0557 1.0083 1.01152 1.07894 1.02217 
1043 0.0820722	1.18469 1.05201 0.922447 1.14764 1.1713 1.05453 1.04313 1.11554 1.05859 1.06752 
1044 0.203531	1.04215 1.09012 1.08254 1.03369 1.07319 1.07945 0.990874 0.957269 1.06132 1.00811 
1045 0.157548	0.913262 1.00947 0.971482 0.893958 0.967168 0.997934 1.01268 0.947116 1.03568 0.973041 
1046 0.130384	0.961391 0.946371 1.02214 0.998553 0.976253 0.912992 1.05463 1.04542 0.974345 0.975187 
1047 0.0911913	0.924193 1.05073 1.16573 0.954054 0.938042 1.03622 1.01475 0.859879 1.02974 0.897434 
1050 0.0900131	1.05403 1.20625 1.02563 1.09762 1.11248 1.19988 0.956014 0.990614 1.11347 1.00862 
1051 0.108081	0.911751 0.922216 0.962258 0.896295 0.900168 0.979881 0.944762 1.00163 1.00892 1.00495 
1052 0.0877135	0.949064 0.855878 0.88218 0.833875 0.893989 0.990106 0.954867 0.975855 0.973699 0.994282 
1053 0.154731	0.947142 0.972434 0.969051 0.952647 0.952561 0.851611 1.03139 1.09248 0.965505 0.96517 
1054 0.160972	0.960506 1.07853 1.00255 0.953481 0.983163 1.07028 0.975184 1.05729 1.08422 0.968464 
1055 0.105782	1.10944 1.13455 0.99824 1.00024 1.05392 1.15842 1.0077 1.14357 1.09531 1.03217 
1056 0.0696452	1.16584 1.0625 0.983755 1.15643 1.10114 1.10081 1.09472 1.20357 1.04445 1.04949 
1057 0.223062	0.992823 1.02515 1.03049 1.05897 1.03018 1.02311 1.06517 1.08441 1.01758 1.00761 
1060 0.232113	0.952893 0.970296 0.98934 0.963311 0.962205 1.00479 0.987058 1.01217 0.995808 1.01284 
1061 0.0709235	1.12081 0.903371 0.869891 1.08124 1.15289 1.08871 1.02645 1.17056 1.02339 1.11027 
1062 0.129576	1.26281 1.08037 1.0078 1.14242 1.15346 1.13235 0.983678 1.07158 1.02385 1.07012 
1063 0.0975458	1.05038 1.0856 1.11154 1.05034 1.0325 0.987674 1.02791 1.08079 0.954312 0.978557 
1064 0.125208	0.972166 0.873993 0.939191 0.942225 1.02768 0.951247 1.04255 1.05143 0.912011 1.0601 
1065 0.110441	1.04185 1.02342 0.99189 1.07063 1.0486 1.14007 1.02894 1.04841 1.04089 1.06109 
1066 0.169093	0.86158 0.941468 1.06012 0.847154 0.874849 0.941768 0.959888 0.910033 0.910966 0.928232 
1067 0.0650998	1.03057 1.11449 1.13951 0.953436 0.960559 1.03846 0.987473 0.896961 1.01609 0.965958 
1070 0.162974	0.942273 0.888261 0.930958 0.92818 0.936749 0.93441 1.05633 1.01041 0.951793 1.03375 
1071 0.117676	1.0467 0.949675 0.963917 1.12779 1.03116 0.91101 1.0897 1.23037 0.979477 1.07382 
1072 0.190547	1.07307 1.03064 0.948657 0.994105 1.05024 1.05453 1.03459 1.00825 1.0183 1.05018 
1073 0.127031	1.02019 1.01449 0.948415 1.03552 0.989508 0.996223 0.987992 0.959626 1.02314 1.03434 
1074 0.123584	0.910607 1.03134 1.12437 0.960599 0.909364 1.03602 1.00594 0.834401 0.924134 0.944245 
1075 0.0758247	0.977589 1.009 1.06854 0.889621 0.94186 0.98927 1.03645 0.980825 0.986207 0.971681 
1076 0.13097	1.07488 1.16713 1.06897 1.10321 1.08621 1.08936 0.988009 0.895704 1.00856 0.961815 
1077 0.0713934	0.921191 0.93077 0.837628 0.981668 0.963388 1.03123 0.929874 0.958838 1.02955 1.07544 
1100 0.176026	1.20777 0.959727 0.875274 1.05609 1.03568 1.10946 0.959974 1.05072 1.03866 1.0856 
1101 0.138229	0.874042 0.890374 0.920544 0.909595 0.931237 0.984644 0.973631 0.940849 0.965041 0.976216 
1102 0.102592	1.03037 0.981147 0.886726 1.02947 0.967766 1.06532 0.93504 0.981071 1.02585 1.03633 
1103 0.0691145	1.25726 1.0764 0.999744 1.13965 1.10664 1.05817 1.03285 1.14856 1.04183 1.05572 
1104 0.0572354	1.16865 1.12986 1.036 1.12865 1.09354 1.23589 0.952047 0.890756 1.11688 1.02858 
1105 0.156587	0.896441 1.07011 1.11004 0.925904 0.915094 0.941849 1.01651 0.83152 0.923257 0.921001 
1106 0.179266	0.928307 1.12497 1.07901 1.02379 0.978127 0.996233 1.0241 0.952437 1.0064 0.953738 
1107 0.12095	1.15232 0.865678 0.834152 0.982596 1.03293 0.941306 1.01262 1.14453 0.937864 1.06726 
1110 0.164818	1.1326 0.876237 0.846505 1.03312 1.10865 1.03882 1.00026 1.17394 1.04461 1.07798 
1111 0.0573614	0.956183 1.2069 1.14743 1.01038 0.964259 1.09782 0.918001 0.839272 1.04856 0.954725 
1112 0.164054	1.09237 0.967904 0.927771 1.15699 1.04197 1.1064 0.979041 1.01333 0.956927 1.05525 
1113 0.14608	0.996914 0.953366 0.989369 1.00777 1.03319 0.995679 1.07524 1.00073 0.936508 0.965569 
1114 0.0466539	0.783046 1.17419 1.32261 1.00268 0.904458 0.938463 1.05315 0.816096 0.903317 0.856103 
1115 0.0956023	0.954998 1.09513 1.15416 1.09626 1.0001 1.08506 0.99184 0.87253 0.979459 0.927494 
1116 0.155641	0.923899 0.893738 0.966353 0.895157 0.909102 0.912161 1.00732 1.01913 0.88704 0.976609 
1117 0.16979	0.980601 0.976614 1.05807 0.978858 0.925646 1.00852 0.99878 0.944595 0.935501 0.995842 
1120 0.052832	1.21132 1.06256 1.01194 1.08427 1.12923 1.15707 0.985114 1.03327 1.00676 1.10459 
1121 0.121847	1.09498 1.08926 0.96298 1.1969 1.10551 1.12522 1.04624 0.910944 0.991067 1.04212 
1122 0.0951928	1.12244 0.888941 0.90351 1.03906 1.10446 1.03835 1.0044 1.10508 0.964719 1.11298 
1123 0.247501	0.98039 1.06349 0.994006 0.963465 0.989784 1.03381 1.00595 0.984045 0.970372 1.02048 
1124 0.163732	1.01338 1.11046 1.1044 1.08063 1.01407 1.13134 1.01692 0.901456 1.02769 1.04865 
1125 0.104236	0.950589 0.848053 0.8478 0.933086 0.987024 1.03303 0.981744 1.01948 0.939828 1.07579 
1126 0.100428	0.915452 0.991356 1.10614 0.891262 0.899299 0.974857 0.985151 0.847443 0.97899 0.926322 
1127 0.114231	0.94498 0.861792 0.896247 1.01987 0.943757 1.02493 0.989147 0.930999 0.928639 1.03718 
1130 0.052686	1.05497 1.20364 1.1513 0.982876 0.993735 1.11618 0.958725 0.951965 1.06414 0.943827 
1131 0.0795455	0.993907 0.993661 0.929701 0.924863 0.987191 1.02823 0.960086 0.977935 0.991267 1.0123 
1132 0.180785	1.0349 1.00271 0.992669 1.00681 0.984317 0.937608 1.02592 1.07896 0.932544 0.972109 
1133 0.173554	1.09671 1.01725 1.01017 1.06262 1.09962 1.01643 1.08716 1.12942 0.9645 1.00774 
1134 0.0475207	0.935182 1.21571 1.20324 0.99594 0.945055 1.09485 0.95418 0.756056 0.947395 0.906885 
1135 0.178719	0.927603 0.953983 0.994221 0.88137 0.892711 0.976027 0.984242 0.936153 0.951091 0.959427 
1136 0.21281	0.979758 0.957259 0.870828 1.00669 1.02785 0.999191 0.992161 0.992053 1.00698 1.02762 
1137 0.0743802	1.19131 0.956285 0.891124 1.18806 1.148 1.04676 1.04495 1.1914 1.02678 1.0377 
1140 0.116788	1.10148 1.14033 1.02405 1.05897 1.02932 1.1035 0.931572 0.8471 1.06601 0.969551 
1141 0.172606	1.11528 0.944907 0.917393 1.01599 1.04922 1.10217 0.997849 1.01146 1.06174 1.03044 
1142 0.189352	0.965144 1.02407 0.98187 0.951627 0.939777 1.0557 0.939425 0.88267 1.04049 0.970795 
1143 0.222413	1.04327 0.969496 1.00873 1.05387 1.02611 0.982465 0.99377 0.898569 0.995377 0.992845 
1144 0.0592529	0.901614 0.947342 1.00065 0.909119 0.980157 0.938337 1.05641 0.982644 0.965968 0.964922 
1145 0.0742808	1.19502 0.934427 0.881056 1.16279 1.10836 1.09429 0.989243 1.08578 1.08953 1.07155 
1146 0.0498068	0.948326 0.837848 0.854068 0.941487 1.01463 1.05655 1.03285 1.05268 1.00457 1.0485 
1147 0.1155	0.877522 0.99158 1.04463 0.874372 0.876705 0.924632 0.99162 0.851118 0.948718 0.915586 
1150 0.121311	0.957269 0.833425 0.845927 0.919312 0.946925 0.911188 1.00532 1.05397 0.995304 1.02226 
1151 0.0907954	1.02548 0.932796 0.943529 1.15286 1.07161 0.907014 1.07823 1.10063 0.979859 1.02379 
1152 0.247874	1.07796 0.970599 0.883515 1.04142 1.06238 1.00152 0.978124 1.08482 1.01413 1.04999 
1153 0.16008	0.971589 1.01714 1.01959 1.02949 0.970242 0.969105 1.0255 0.945418 1.02445 0.954363 
1154 0.0842921	1.10386 1.11045 1.07071 1.00416 1.06097 1.05815 1.01536 1.0486 1.02242 0.983751 
1155 0.0772886	1.11529 1.08134 0.903961 1.12604 1.09652 1.09035 0.98842 1.14413 1.15264 1.10298 
1156 0.0892946	0.943675 1.08835 1.14724 0.966168 0.931253 0.969251 0.957223 0.910981 0.977771 0.896931 
1157 0.129065	1.01002 0.949835 1.04585 0.916776 0.927394 0.93544 0.987492 0.989548 0.988178 0.95474 
1160 0.0735476	1.02362 0.903124 0.989387 1.00201 0.959467 0.894033 0.993632 0.894175 0.878351 0.976415 
1161 0.264833	1.07243 0.983317 0.932624 1.04795 1.08168 0.98503 1.01267 1.07178 1.04767 1.07691 
1162 0.065822	0.860105 0.895214 0.951978 0.870376 0.896737 0.965594 1.03021 0.889039 0.956125 0.995046 
1163 0.141224	0.920583 0.976336 0.887806 0.950218 1.01139 1.1108 0.947708 0.926274 1.08848 1.0462 
1164 0.14864	0.951298 1.13547 1.18953 0.964645 0.943268 1.01951 0.982563 0.760091 0.969934 0.942205 
1165 0.144932	1.08607 1.07394 0.971774 1.14707 1.15085 1.08555 1.08553 1.04012 1.00019 1.08498 
1166 0.0689122	0.877842 1.03808 1.03912 0.847255 0.854586 1.07366 0.922281 0.760326 1.03852 0.92889 
1167 0.092089	0.935078 1.01591 1.05697 0.943573 0.943389 0.992639 0.994944 0.90226 1.00418 0.993498 
1170 0.177089	0.949954 1.02156 1.11823 0.981835 0.923787 1.00004 0.957417 0.955031 0.999411 0.927739 
1171 0.0697849	0.977261 1.11508 1.0539 1.01934 0.989129 1.16023 0.963575 0.910938 1.08902 0.942248 
1172 0.078039	1.21808 1.12278 0.986096 1.21022 1.13152 1.1758 0.949096 1.07922 1.04315 1.05017 
1173 0.0487744	1.15349 1.02625 1.06955 1.02624 1.11595 1.12871 1.05142 1.10587 1.02096 1.01138 
1174 0.16058	0.964467 0.928333 0.960843 0.974596 0.998863 1.01124 0.966357 1.09224 0.991516 1.01493 
1175 0.155328	1.00193 0.994811 1.00985 1.04752 1.01252 0.987143 1.0053 1.02017 0.98574 0.978176 
1176 0.17959	1.15586 0.9938 0.955009 1.07692 1.14428 1.16957 1.02519 1.06074 1.08139 1.08651 
1177 0.130815	0.910995 1.0095 1.10215 0.861175 0.872072 0.963763 0.957854 0.934303 1.01217 0.928271 
BOUNDS
LWPS R    0.0  0.0  0.0  0.0  0.0  0.0  0.0  0.0  0.0  0.0
UWPS R    0.5  0.5  0.5  0.5  0.5  0.5  0.5  0.5  0.5  0.5
LXAS R   -0.5 -0.5 -0.5 -0.5 -0.5 -0.5 -0.5 -0.5 -0.5 -0.5
UXAS R    0.5  0.5  0.5  0.5  0.5  0.5  0.5  0.5  0.5  0.5
END
