NAME moment_estimation_cluster
ASSETS 10
BENCHMARKS 0.1 0.1 0.1 0.1 0.1 0.1 0.1 0.1 0.1 0.1 
COVARIANCES
0 0 0.00594104
1 0 0.00339169
1 1 0.00327503
2 0 0.00332766
2 1 0.00367513
2 2 0.00494042
3 0 0.00275086
3 1 0.00244224
3 2 0.00268449
3 3 0.00430174
4 0 0.00149995
4 1 0.00127788
4 2 0.0015612
4 3 0.000948739
4 4 0.0014507
5 0 -8.60203e-05
5 1 -0.000989614
5 2 -0.00210084
5 3 -0.00251889
5 4 -0.000543798
5 5 0.00856331
6 0 0.00146627
6 1 0.00164993
6 2 0.00197116
6 3 0.000457907
6 4 0.000668324
6 5 0.000837443
6 6 0.00145928
7 0 0.00371376
7 1 0.00418812
7 2 0.00554105
7 3 0.00352977
7 4 0.00176209
7 5 -0.00388271
7 6 0.00199161
7 7 0.00697714
8 0 0.000661498
8 1 0.000655344
8 2 0.000829735
8 3 -0.000870957
8 4 0.000402728
8 5 0.00309796
8 6 0.0010533
8 7 9.6264e-05
8 8 0.00227218
9 0 0.00318828
9 1 0.00342442
9 2 0.00460624
9 3 0.0032661
9 4 0.00162364
9 5 -0.00388477
9 6 0.00145529
9 7 0.00576571
9 8 -0.000296185
9 9 0.00526498
SCENARIOS
0 0.3716	1.05605 1.04623 1.06438 1.05817 1.03066 0.956999 1.02826 1.08312 0.987165 1.07318 
1 0.6284	0.997106 0.976771 0.975614 0.970499 0.982674 1.03043 0.978488 0.95989 1.02173 0.974869 
00 0.601265	1.00038 1.02219 1.03055 1.04243 0.982707 0.899229 0.9739 1.02598 0.984298 1.01813 
01 0.398735	0.97974 0.993667 0.995003 0.953746 1.02668 1.04645 1.00512 0.964173 1.09453 0.959497 
10 0.310344	0.903024 0.92615 0.928999 0.934013 0.985764 1.02128 0.986566 0.898539 0.982881 0.921889 
11 0.689656	1.02921 1.05261 1.05048 1.05625 1.01681 0.956618 1.01647 1.0825 0.963984 1.04104 
000 0.198317	1.12304 1.12883 1.15768 1.08221 1.07426 1.03868 1.07238 1.20452 1.05866 1.19177 
001 0.100792	0.920872 0.980269 1.01165 0.957607 0.98019 0.96951 1.00932 1.04753 1.01411 1.07472 
002 0.217965	1.06627 1.04227 1.01215 1.02867 1.04191 1.00904 1.04095 1.02655 0.987425 1.05436 
003 0.151144	1.01513 0.993195 0.965675 1.05323 1.00421 1.05772 1.01986 0.99326 0.95374 1.01058 
004 0.108535	0.983813 0.981702 0.943578 0.890669 0.942415 1.30806 1.0364 0.94866 1.08828 0.932863 
005 0.094392	0.902504 0.888253 0.822637 0.922815 0.937101 1.13396 0.963392 0.838451 0.917267 0.851196 
006 0.0454729	0.950386 0.916204 0.895493 0.92397 0.991224 1.05232 0.970588 0.930034 0.983651 0.915183 
007 0.0833818	0.882688 0.962267 0.936254 0.998537 0.979901 1.08052 0.98152 0.949571 0.995444 0.965025 
010 0.0865897	1.21626 1.1565 1.18955 1.17025 1.11048 0.952926 1.06483 1.22863 0.972139 1.18849 
011 0.0655328	1.05731 1.03918 1.04701 1.09723 1.02122 0.890676 0.984625 1.12432 0.892994 1.13558 
012 0.249781	0.959515 0.974445 0.971505 0.943924 0.966267 1.08684 0.984836 0.888164 0.978025 0.947951 
013 0.0955659	1.00967 1.02104 1.02684 0.971237 0.948373 1.04818 1.0161 1.0271 0.985814 1.02485 
014 0.108457	1.08674 1.12937 1.11214 1.07611 1.04206 0.982176 1.06947 1.14461 0.998166 1.11962 
015 0.189782	1.02776 0.943117 0.907782 0.984788 1.00472 1.08443 0.967249 0.888083 0.917501 0.954145 
016 0.126544	1.03383 0.998513 0.953831 1.07251 0.948175 1.00737 0.947196 0.972402 0.938857 0.999233 
017 0.0777485	0.94835 0.977063 1.03203 0.953208 1.03109 0.916002 0.981947 1.07721 0.93681 1.09322 
100 0.102451	0.959308 0.926226 0.856992 0.931961 0.944403 1.14553 0.929874 0.867588 1.03947 0.851782 
101 0.223105	1.01267 1.02643 0.995755 1.01823 0.982921 1.02417 1.01177 1.04795 0.97421 1.01804 
102 0.0546611	1.06153 1.05951 1.04821 0.990066 1.08287 1.02505 1.03326 1.0416 1.04266 1.01001 
103 0.116706	0.916061 0.988869 0.990146 0.942398 0.937679 0.980354 1.00867 0.999804 1.00965 0.965716 
104 0.1506	1.03932 1.01822 0.952185 0.960256 1.04137 1.12019 1.03 0.959 1.01824 0.970489 
105 0.0960927	1.09502 1.09021 1.12229 1.07182 1.08155 0.961492 1.08004 1.1704 1.0281 1.13304 
106 0.162496	1.06415 1.07439 1.0595 1.05839 1.0099 0.889289 1.05761 1.17927 0.948429 1.12484 
107 0.0938878	0.872251 0.898272 0.880812 1.01994 0.930368 0.925768 0.916565 0.93844 0.894756 0.92673 
110 0.0660852	0.971734 0.950427 0.915884 0.913297 0.964162 1.17747 1.03268 0.87476 1.0563 0.9085 
111 0.159352	0.931703 0.945274 0.965945 0.958622 1.03727 1.12749 1.00706 0.91981 1.06528 0.931194 
112 0.221307	1.06641 1.06073 1.06932 1.03728 1.03466 1.03953 1.03086 1.09279 1.04633 1.06677 
113 0.109119	0.883985 0.873974 0.869789 0.943393 0.929653 1.05115 0.938646 0.828465 0.956984 0.884503 
114 0.152614	1.0197 0.991589 0.961171 1.07967 0.962195 0.964041 0.976468 0.973021 0.98689 1.02457 
115 0.0924593	0.960389 0.970968 1.01494 0.976124 0.987327 0.802084 0.983147 1.05706 0.89595 1.06023 
116 0.0748766	1.12135 1.09228 1.13618 1.14565 1.09464 0.929415 1.06122 1.14211 1.02523 1.18752 
117 0.124187	0.96591 0.975595 1.00868 0.908786 0.975608 1.03609 1.01732 0.982238 1.04935 1.00582 
0000 0.136989	0.937145 0.934632 0.962413 0.917209 1.00668 1.09773 1.01863 0.890817 1.0263 0.918109 
0001 0.0521327	0.853012 0.990472 1.06263 0.939604 0.957912 0.899987 1.04274 1.09364 1.00557 1.0503 
0002 0.102234	0.895451 0.899247 0.931205 0.880472 0.943978 1.04401 1.00756 0.895722 1.0647 0.911518 
0003 0.125028	0.991004 0.99632 0.985561 1.11446 0.957435 1.0161 1.0107 0.978768 0.993001 1.02508 
0004 0.247123	1.06521 1.01317 1.07501 1.05195 1.01482 0.850264 0.985252 1.09757 0.931604 1.06281 
0005 0.0742496	1.13994 1.04191 1.12996 1.08711 1.1072 0.858702 1.02536 1.14718 0.993424 1.14612 
0006 0.0528097	0.938264 0.931312 0.876094 1.02753 0.957217 0.993342 0.972793 0.860808 0.937842 0.846475 
0007 0.209434	1.09368 1.0261 1.04603 0.981796 1.05665 1.06489 1.05644 1.00619 1.03578 1.00259 
0010 0.0888099	1.11872 1.12 1.11794 1.0754 1.05689 0.957433 1.08634 1.14367 0.931792 1.11879 
0011 0.182948	0.990005 0.964393 0.955387 0.932891 0.983495 1.09973 1.02584 0.942946 0.992103 0.904499 
0012 0.170959	1.13439 1.07948 1.14326 1.06357 1.01972 1.04757 1.07405 1.09704 1.06488 1.05585 
0013 0.108348	1.04042 0.98248 1.05203 0.912679 1.04407 1.00174 1.05262 1.0748 1.00793 1.02949 
0014 0.12389	0.938996 0.967887 0.968376 0.893795 1.01468 1.03448 1.00355 0.943506 1.00738 0.949899 
0015 0.0484014	1.02067 1.07424 1.11643 1.2534 0.989003 0.712782 0.991365 1.18049 0.834012 1.14488 
0016 0.197602	0.983409 0.991167 0.960767 1.04029 0.967906 0.93657 0.989651 1.00702 0.9247 0.971051 
0017 0.0790409	0.890818 0.924885 0.912956 1.0405 0.9273 0.821616 0.928821 0.93218 0.804756 0.942864 
0020 0.295483	1.03363 0.972456 0.992131 0.94426 1.0146 1.05142 0.95999 0.960505 1.05099 0.909327 
0021 0.0638604	1.07058 1.02585 1.05081 1.06988 0.941086 0.952079 0.992331 1.07613 1.00615 1.02937 
0022 0.0874743	1.04181 1.07851 1.13343 1.11789 1.07701 0.998424 1.02253 1.14397 1.02821 1.11146 
0023 0.0728953	1.0181 1.04323 1.10994 0.961176 0.981355 0.965944 1.03741 1.13755 1.03543 1.06343 
0024 0.164271	1.08063 1.06076 1.09596 0.949733 0.989422 1.07554 1.01541 1.06068 1.11829 1.03126 
0025 0.144559	0.887588 0.957688 0.936931 1.02607 0.997914 1.02 0.96304 0.957966 0.953748 0.968092 
0026 0.0755647	1.06961 1.06333 1.1096 1.10007 1.00687 0.993619 1.00709 1.15198 1.05499 1.111 
0027 0.0958932	1.09045 0.982405 1.00165 1.07277 0.969209 0.94765 0.91752 1.06065 0.989986 1.04003 
0030 0.207877	1.07044 1.03763 1.03622 1.02208 1.00805 1.11034 0.983215 1.02614 1.0804 1.00853 
0031 0.116079	1.10816 1.10347 1.14082 1.11965 0.989026 1.0175 1.04057 1.1325 1.03794 1.09686 
0032 0.150133	0.989341 0.97735 0.960962 0.902343 0.983082 1.02741 0.949243 0.974417 1.05448 0.955233 
0033 0.142138	1.10433 1.03468 1.05011 1.0189 1.07389 0.956709 0.983154 1.08457 1.01545 1.07237 
0034 0.0781759	1.00895 0.950857 0.935869 0.947473 0.97393 1.16353 0.907079 0.872797 1.08477 0.88253 
0035 0.0888362	0.992159 1.02811 0.974862 1.11248 0.951479 0.992597 0.962628 1.01395 1.013 0.986154 
0036 0.15191	1.02091 0.965857 0.91809 1.01471 1.02289 1.00553 0.953905 0.950107 0.98148 0.910377 
0037 0.0648505	1.0685 0.947949 0.922745 0.944801 0.909357 0.998498 0.917384 0.894351 0.987286 0.930376 
0040 0.130309	1.0058 0.981989 1.05579 1.00575 1.06518 0.985996 1.04943 1.05881 1.04243 1.05844 
0041 0.0523711	0.9548 0.912431 0.903708 0.89533 0.948558 1.11123 0.909518 0.83368 0.985861 0.827264 
0042 0.101031	0.833796 0.90512 0.917842 0.969532 0.91451 0.907665 0.960699 0.92163 0.896578 0.958207 
0043 0.198763	0.992348 1.0471 1.08023 1.0315 0.994833 0.791918 0.972537 1.11439 0.968287 1.0717 
0044 0.223093	0.872073 0.915946 0.932623 0.958818 0.978892 0.852567 0.962562 0.885571 0.964181 0.958273 
0045 0.0775258	1.10218 1.15926 1.20684 1.06582 1.06618 0.933714 1.15566 1.22161 1.01448 1.14047 
0046 0.148041	1.06193 1.03583 1.03672 1.00567 1.00743 0.976605 1.00286 1.01321 1.02145 0.964505 
0047 0.068866	1.05534 1.07424 1.11131 1.17361 1.00675 1.0168 1.05106 1.09905 1.00106 1.0545 
0050 0.111901	0.89229 0.882232 0.927059 0.923469 0.927133 1.01656 0.914772 0.870343 1.00217 0.908927 
0051 0.161214	1.0218 0.993999 1.01872 1.08574 0.989487 0.934318 0.953581 1.00648 0.966138 1.03986 
0052 0.0943575	0.934845 1.03912 1.09 0.994082 0.995087 1.02387 1.0707 1.06257 1.05214 1.05228 
0053 0.125178	1.03492 1.1068 1.13492 1.14248 1.00553 0.865929 1.00185 1.21014 0.994399 1.11981 
0054 0.223329	0.967276 0.970932 1.01163 0.95283 0.966975 0.908506 0.964491 0.981318 1.02426 0.955709 
0055 0.147463	0.892665 0.943003 1.01091 0.984804 1.05314 0.951221 0.999112 0.985158 1.03809 1.01518 
0056 0.0630631	0.988094 1.02117 1.12906 1.01769 1.05283 0.773054 0.93955 1.15019 1.0131 1.15756 
0057 0.0734945	1.07337 1.04733 1.04391 1.02292 1.04131 1.14475 0.997451 1.01842 1.10644 1.03893 
0060 0.162402	1.06565 1.00116 0.984633 1.10584 1.02589 0.901767 0.941231 0.977901 0.919441 1.05212 
0061 0.0501969	1.1552 1.07947 1.09064 0.950459 1.03085 1.06687 1.03515 1.01352 1.03141 1.04383 
0062 0.0738189	0.897312 0.939873 0.864472 0.863257 0.966092 0.985329 0.930467 0.82064 0.955691 0.876027 
0063 0.0885827	1.02203 0.943689 0.927276 0.998866 0.937179 1.02351 0.956321 0.887986 0.964008 0.970932 
0064 0.15748	1.0488 1.00444 1.03335 0.954046 1.04087 0.975159 1.01593 0.953228 0.959052 1.02529 
0065 0.121063	1.09017 0.949579 0.951125 0.996798 0.97651 1.22729 1.00307 0.864549 0.987041 0.951878 
0066 0.230315	1.07489 1.00152 0.994241 1.00648 0.974014 0.968765 0.951693 0.938421 0.946671 1.01604 
0067 0.116142	1.23751 1.0718 1.06727 1.12666 1.00638 0.820597 0.961173 1.05602 0.928757 1.11102 
0070 0.210413	1.04477 0.982501 0.953824 0.981708 1.05359 1.07829 1.0067 0.943753 0.995401 0.96926 
0071 0.188943	1.08166 0.992288 1.01223 1.04256 0.976674 0.986241 1.02119 1.03848 1.01696 1.00549 
0072 0.151369	1.14314 1.03088 1.05833 0.944905 1.0085 1.00137 1.03756 1.02739 1.03859 1.03312 
0073 0.044015	1.12459 1.00938 0.988287 1.1858 0.978 0.902646 0.977877 1.03045 0.872562 1.028 
0074 0.128824	1.08856 0.998872 0.992964 0.938236 0.993795 1.11286 1.03663 0.968411 1.10613 0.947105 
0075 0.110038	0.993434 0.881492 0.881152 0.917889 0.967874 0.958581 0.889806 0.839323 0.982794 0.905765 
0076 0.106817	1.12404 1.05751 1.12443 1.14505 1.04729 0.935253 1.01061 1.17832 0.945746 1.15407 
0077 0.0595813	1.05044 0.995376 0.979496 1.083 1.0027 1.07032 0.958502 0.917238 1.0396 0.941442 
0100 0.144193	1.01433 0.987698 0.954698 1.00568 0.986796 1.02651 1.00797 0.947914 1.01034 0.974396 
0101 0.197973	0.946559 1.05976 1.10042 0.985411 1.03608 1.05992 1.09281 1.16613 1.07035 1.08187 
0102 0.0919719	0.916521 0.99585 0.991134 1.08924 0.935713 0.854739 0.949851 1.02668 0.917397 1.02217 
0103 0.0483242	0.928238 0.927761 0.812535 0.92364 0.950936 1.21215 0.980613 0.820621 0.934337 0.849889 
0104 0.187062	0.87052 0.938001 0.985191 0.969972 1.04129 0.931807 0.969246 0.991794 0.993762 1.01094 
0105 0.0467654	0.897228 0.874941 0.854154 0.97997 0.973238 0.940802 0.911575 0.887761 0.965106 0.905581 
0106 0.162899	0.89144 0.963138 1.00744 0.921947 0.959341 1.02982 0.963728 0.962551 1.04882 0.960838 
0107 0.120811	1.00524 1.05843 1.09101 0.987604 0.944969 0.982778 1.0974 1.09706 0.96855 1.08616 
0110 0.281153	0.960348 0.963795 0.982177 1.05018 1.00476 1.04162 0.993007 0.917516 0.987962 0.981877 
0111 0.0957775	1.0525 1.06521 1.06859 0.951917 0.987518 1.02486 1.05526 1.051 0.979272 0.997431 
0112 0.069001	0.91844 1.06065 1.1213 1.088 1.02543 0.951745 1.0849 1.14889 0.987505 1.08561 
0113 0.210093	1.07689 0.989546 1.01637 0.941314 1.00961 1.0892 1.03825 0.949976 1.09926 0.968899 
0114 0.0762101	1.02094 0.980411 0.956032 0.964896 1.06417 0.947797 0.962622 0.957931 0.991342 0.996101 
0115 0.0906282	1.06241 1.07538 1.07059 1.0996 1.04404 1.01538 1.03521 1.11204 1.02543 1.04857 
0116 0.0916581	0.914928 0.913144 0.862636 0.879277 0.937007 1.00975 0.963934 0.85219 0.964981 0.889896 
0117 0.0854789	0.964639 1.07523 1.06448 1.02114 1.03233 0.84587 1.0241 1.05981 0.962863 1.08313 
0120 0.275331	1.12557 1.04126 1.01488 1.09578 1.00173 1.02451 0.978184 1.09262 1.00645 1.07586 
0121 0.142934	1.03108 1.01559 1.06668 0.937961 1.00204 0.994471 1.08987 1.1271 1.03378 1.10389 
0122 0.0710619	0.991062 0.943685 0.908986 0.889606 0.92691 1.21723 1.03988 0.950453 1.03511 0.895799 
0123 0.119968	0.901438 0.914845 0.901643 0.969325 0.983243 0.95582 0.964139 0.997357 0.931576 0.975533 
0124 0.0613348	0.940882 0.89583 0.869093 0.903324 0.966857 1.11995 0.946231 0.846885 0.994234 0.830343 
0125 0.118617	1.06968 1.0867 1.13288 1.03672 1.0989 0.963857 1.06619 1.27927 1.02127 1.1574 
0126 0.0645771	0.964352 0.976803 0.963197 0.897861 1.03491 1.07598 1.0073 0.990706 1.13233 0.94524 
0127 0.146177	0.917472 0.91171 0.893279 0.981311 0.923492 0.912361 0.933952 0.962394 1.00497 0.935452 
0130 0.0875706	1.27886 1.06184 1.0293 0.965233 1.0517 0.899912 1.02794 1.12003 0.959725 1.05275 
0131 0.0649718	0.906534 0.913837 0.874607 0.926322 0.920444 0.947227 0.917135 0.877015 0.968599 0.904505 
0132 0.141949	1.07604 1.01789 0.991054 1.00193 1.01616 0.954028 0.994679 1.0452 0.98339 1.03514 
0133 0.079096	1.01 1.09692 1.15099 1.0172 1.03173 1.06679 1.09596 1.10097 1.12783 1.05114 
0134 0.248588	0.983224 0.987816 0.966498 1.02013 0.983588 1.03765 0.967565 0.990729 1.02934 0.966415 
0135 0.101695	1.20288 1.04748 1.0803 1.05831 1.06451 0.793381 0.973128 1.17222 0.924531 1.16963 
0136 0.114407	1.1971 1.11908 1.12124 1.07541 1.03634 0.959554 1.0611 1.18825 1.00145 1.12174 
0137 0.161723	0.970714 0.922414 0.930591 0.917766 0.964165 1.03829 0.988959 0.912154 0.927334 0.923905 
0140 0.089608	1.13432 1.00637 1.05772 0.91002 1.01679 1.0767 1.05957 1.02112 1.09389 1.01609 
0141 0.150591	1.2437 1.03246 1.1171 1.07206 1.01591 1.0023 1.04163 1.13912 0.999531 1.13119 
0142 0.0547604	0.927712 0.924357 1.02877 0.988226 0.998223 0.902809 0.948519 1.01962 0.943151 1.04159 
0143 0.104543	1.04914 0.990537 1.01236 1.00319 1.03336 1.07752 0.957387 0.956643 1.03262 0.975865 
0144 0.130056	1.11092 0.996187 1.0072 1.02442 1.05994 0.977131 1.01211 1.03464 0.975606 1.06073 
0145 0.0821406	0.994246 1.02582 1.04743 1.10014 0.979024 0.855398 0.971265 1.09557 0.926467 1.10744 
0146 0.174238	1.0185 0.935467 0.956907 0.947249 1.0148 0.934975 0.949654 0.944506 0.938964 0.9714 
0147 0.214063	1.01932 0.937129 0.953255 0.964415 0.974386 1.22646 0.959225 0.932817 1.03302 0.904542 
0150 0.142603	1.03434 1.12446 1.06766 1.00375 1.10373 1.05904 1.09262 1.10304 1.07902 1.04525 
0151 0.0714794	1.03056 1.13521 1.18204 1.13215 1.02783 0.932574 1.05969 1.25709 1.03855 1.13135 
0152 0.0697013	1.0009 0.96619 0.992236 1.04361 0.956367 1.11463 0.998462 1.01631 1.00309 0.952697 
0153 0.115576	0.898812 0.923239 0.922118 0.900985 0.951272 0.919591 0.965325 0.941595 0.988494 0.909948 
0154 0.0654339	0.887164 0.878906 0.802272 0.899911 0.938207 1.2016 0.935761 0.830213 1.01751 0.828623 
0155 0.182432	0.941303 0.987499 0.982647 0.982373 1.00479 0.921626 0.959793 1.11788 1.01051 0.989157 
0156 0.234708	1.00288 1.05362 1.03277 1.06577 1.01082 0.8786 0.974987 1.15077 1.01351 1.07089 
0157 0.118065	1.01909 0.997433 0.940542 0.916625 1.01291 1.11875 1.01039 0.931465 1.07441 0.930094 
0160 0.1504	1.02508 1.01247 1.01517 1.02844 0.976837 1.00857 1.01719 0.996475 0.968128 0.955208 
0161 0.167467	1.11353 1.06758 1.07477 1.12287 1.0765 1.09621 1.04049 1.08336 1.0708 1.06226 
0162 0.0736	0.860396 0.863533 0.868815 0.922361 0.901969 1.09408 0.956804 0.866104 0.925708 0.816506 
0163 0.101333	0.930138 0.929061 0.921479 0.942203 0.993289 1.08624 1.02835 0.915833 0.97484 0.900354 
0164 0.0698667	0.867479 0.930656 0.951642 0.929393 0.973818 0.950298 1.01787 0.970789 0.966788 0.96062 
0165 0.179733	0.972572 0.984152 0.977718 1.03608 1.02155 0.899544 0.996025 0.99891 0.946878 1.01613 
0166 0.056	0.898036 0.942927 0.950599 0.879546 0.954865 1.11945 1.00089 0.953171 1.01352 0.895679 
0167 0.2016	0.953138 1.06416 1.122 1.01007 1.01303 0.981174 1.11489 1.09811 0.977701 1.09417 
0170 0.09375	1.02807 1.004 0.986384 1.1159 0.978007 0.908686 0.950224 1.02508 0.923007 1.00885 
0171 0.211806	1.05461 1.10033 1.08648 1.09297 1.04619 0.950869 1.04253 1.09177 1.02642 1.09095 
0172 0.197917	0.960706 0.95466 0.96327 1.03489 1.02338 0.897523 0.958179 0.942486 0.944735 0.974063 
0173 0.0642361	0.964207 1.01357 1.05503 0.952094 0.991247 1.05499 1.08746 1.07635 1.04917 1.03887 
0174 0.0824653	1.07613 1.02095 0.962785 0.912 1.03088 1.07625 1.01053 0.948319 1.06596 0.921687 
0175 0.0885417	0.930039 0.950692 0.898733 0.96207 0.984265 1.06597 1.00224 0.872221 1.01368 0.900592 
0176 0.139757	0.879053 0.914057 0.872016 0.98552 0.961255 0.917628 0.94499 0.875537 0.91521 0.898132 
0177 0.121528	1.06341 1.08746 1.05422 1.046 0.980084 0.916717 1.02493 1.04621 0.98568 1.00672 
1000 0.127628	0.906242 0.936189 0.929992 0.890681 0.941427 1.16645 0.999279 0.933689 1.01033 0.866301 
1001 0.0740741	0.902688 0.970384 1.06456 0.899241 1.0418 0.963082 1.05963 1.04419 0.97658 1.02392 
1002 0.153654	0.972765 1.01563 1.04131 0.990798 0.997957 0.994549 1.03074 1.03004 0.98864 1.02074 
1003 0.0720721	0.93653 0.950337 0.943109 1.04923 0.956257 1.02101 0.963385 0.949584 0.965487 0.969737 
1004 0.108609	1.14364 1.08423 1.15767 1.1102 1.05186 0.892766 1.0626 1.14167 0.953089 1.18766 
1005 0.048048	1.01719 1.01882 0.972645 0.902699 1.0261 1.32761 1.1138 0.916719 1.09867 0.996162 
1006 0.224224	1.04484 1.07031 1.10416 1.0636 1.02067 1.04566 1.07257 1.03594 1.00998 1.06733 
1007 0.191692	0.908093 0.966216 0.989685 0.941623 1.00624 0.921748 1.00934 0.931925 0.960548 0.984369 
1010 0.114456	1.0185 1.10587 1.11764 0.962119 1.03567 0.988588 1.05511 1.08113 1.08455 1.04985 
1011 0.122271	0.930294 0.941764 0.968943 0.888985 1.01341 1.01901 0.956637 0.924507 1.03473 0.958722 
1012 0.134682	0.883368 0.929061 0.964664 0.966421 0.987512 0.869144 0.922429 0.913585 0.945631 0.950937 
1013 0.119053	0.948354 0.935153 0.919447 0.893446 0.930896 1.03339 0.990975 0.9062 1.02067 0.890417 
1014 0.243622	0.983977 0.970775 0.990785 1.04438 0.984728 0.973877 0.925578 0.945034 0.991639 0.951646 
1015 0.0799816	1.10157 1.09068 1.11811 1.06191 0.990428 0.920283 1.10023 1.13331 0.983317 1.08036 
1016 0.0997472	0.972224 0.958022 0.986316 1.02662 1.06629 0.878822 0.924832 0.976828 1.00975 1.04405 
1017 0.0861871	0.951935 1.05792 1.07925 1.14704 1.03504 0.861276 0.976472 1.10705 0.976354 1.0708 
1020 0.106004	1.06919 0.995733 1.01079 1.01398 1.01622 1.18912 1.03548 1.05492 1.08656 1.0159 
1021 0.0966229	0.882624 0.915371 0.927502 0.883798 0.928833 1.27301 1.03616 0.894322 1.07167 0.899777 
1022 0.244841	0.963564 0.987548 0.97817 0.970633 0.96632 0.974842 1.00813 1.00498 1.01033 1.02447 
1023 0.0684803	0.958142 0.932919 0.949801 0.960391 1.03343 1.05773 0.97693 1.00876 1.00346 0.992034 
1024 0.104128	0.923132 0.903459 0.937342 1.00357 0.999605 1.0519 0.927874 0.883408 0.978948 0.953754 
1025 0.226079	0.992737 1.03669 1.08623 1.08855 1.05671 0.948455 1.01418 1.12709 1.01236 1.12653 
1026 0.101313	1.00375 1.06533 1.11306 0.967857 0.968873 0.996018 1.04649 1.12341 1.10836 1.10459 
1027 0.0525328	1.091 1.05991 1.05891 0.959182 1.11195 1.10051 1.05919 1.08414 1.12965 1.04487 
1030 0.109402	0.906619 0.914555 0.924975 0.867306 1.01873 0.980281 0.944023 0.895207 0.981769 0.923818 
1031 0.107645	1.14322 1.03545 1.06253 1.02208 1.06924 0.984345 0.962111 1.0684 1.01525 1.07912 
1032 0.0900703	1.06933 0.946378 0.921978 0.954298 1.0154 1.10363 0.972293 0.917835 1.01283 0.959989 
1033 0.0821617	1.07836 1.00936 0.983426 0.904699 0.972506 1.32302 1.06263 0.920222 1.06072 0.947812 
1034 0.100615	0.920796 0.925695 0.848433 0.972333 0.945167 1.11249 0.924775 0.853091 0.981976 0.895023 
1035 0.205185	1.18759 1.08589 1.06122 1.04533 1.02813 0.998162 1.03436 1.06422 1.00774 1.07364 
1036 0.130053	0.915392 0.998056 0.969803 0.981079 0.962462 1.01408 0.997804 0.97749 1.02776 1.00876 
1037 0.174868	1.20558 1.03999 1.05972 1.09804 0.973589 0.949014 1.01681 1.09194 0.978934 1.08415 
1040 0.215186	0.958039 1.0068 1.0624 0.958672 0.994395 1.0164 1.03401 1.01536 1.07843 0.976517 
1041 0.115424	0.836318 0.898617 0.949603 0.916783 0.948866 0.962005 0.948782 0.871264 0.997258 0.91147 
1042 0.0868233	1.12374 1.09076 1.13798 1.13891 1.02056 0.974712 1.01666 1.11577 1.03774 1.08294 
1043 0.0793327	0.946207 0.964573 1.01103 1.0569 0.984151 0.786365 0.923497 1.0749 0.958972 1.06161 
1044 0.224038	1.01421 0.979132 0.962705 1.05159 0.996623 1.0152 0.936669 1.0324 1.01032 0.933531 
1045 0.102826	0.949925 1.02092 1.07161 1.03439 1.07535 0.888142 0.971396 1.08647 1.03291 1.09673 
1046 0.0888662	0.97771 0.934702 0.958439 0.879643 0.962993 1.12889 1.00032 0.885675 1.05999 0.844431 
1047 0.0875043	1.11565 1.00848 1.07865 1.05697 1.02784 1.20372 1.05628 1.02915 1.05945 1.02749 
1050 0.101387	0.980793 0.971062 0.955767 0.893918 0.993368 1.12617 0.990752 0.910012 1.04432 0.902764 
1051 0.0618997	1.12049 1.01746 0.994391 0.897392 1.06645 1.09727 1.01037 0.987868 1.0673 0.997387 
1052 0.0805763	1.07938 1.13058 1.13509 1.10053 1.06166 0.944927 1.02877 1.20596 0.972578 1.12664 
1053 0.124333	1.09332 1.06944 1.07257 1.13804 1.00359 0.836803 0.944672 1.09262 0.9129 1.09675 
1054 0.27588	1.0704 1.03266 0.99122 0.951416 0.995165 0.949266 0.969954 1.03432 0.969329 1.02227 
1055 0.147812	1.03425 0.971553 0.948184 0.981867 0.968426 1.0051 0.93392 0.890637 0.972333 0.9186 
1056 0.0720384	1.15413 1.08984 1.08212 0.938409 1.02117 1.19728 1.07219 1.00272 1.09968 1.00258 
1057 0.136073	1.06242 0.981613 1.01084 0.995685 1.0535 0.849256 0.943323 1.02298 0.941288 1.06465 
1060 0.125592	1.03192 1.02445 1.01501 1.03906 0.985856 1.10052 0.954195 0.993104 1.07907 0.970065 
1061 0.132218	0.918411 0.94172 0.976521 1.00711 0.936315 0.98312 0.902491 0.93205 0.965209 0.942983 
1062 0.227832	1.02232 1.01759 1.06505 0.930112 1.01483 1.02606 1.00707 1.02274 1.11213 0.989841 
1063 0.114547	0.929647 0.963235 0.975439 0.920153 1.01038 0.990335 0.977794 0.926842 1.04165 0.90692 
1064 0.0539602	0.959837 0.916972 0.948173 0.932936 0.979873 1.09929 0.911243 0.858307 1.0774 0.894446 
1065 0.112023	0.987081 0.985033 1.01328 1.08887 1.03951 0.90645 0.906649 1.00098 0.950371 1.01912 
1066 0.140738	1.01187 1.0613 1.14994 1.04462 0.968821 0.896338 1.00047 1.11115 1.02063 1.07358 
1067 0.0930893	1.13162 1.09575 1.1429 1.14765 1.05633 0.974746 1.02714 1.10042 0.992742 1.09861 
1070 0.0961223	0.917314 0.994975 0.955411 1.07289 0.964357 1.05889 0.992475 0.963059 0.978736 0.949906 
1071 0.129437	1.10001 1.04639 1.04365 0.995604 0.941228 0.980084 1.03722 1.07454 0.992729 1.08055 
1072 0.14473	0.882612 0.957786 0.945984 0.884295 0.934814 1.05919 1.00225 0.907247 1.01773 0.914531 
1073 0.167122	1.12474 1.09837 1.12839 1.1097 1.00554 0.987004 1.03719 1.11488 0.988442 1.10301 
1074 0.145276	1.02507 1.05687 1.08256 1.00393 1.08635 0.916308 1.03002 1.04284 1.01506 1.10328 
1075 0.120699	1.07246 1.03815 1.00664 1.01652 1.01356 0.972439 0.989989 1.00009 0.98665 0.990905 
1076 0.080284	0.928623 0.929667 0.938904 0.973066 0.953624 1.04078 0.969451 0.884168 1.02562 0.943168 
1077 0.11633	1.04501 1.03279 0.985512 0.913109 1.0132 1.12206 1.02838 0.957704 1.03001 0.96294 
1100 0.162011	1.0067 0.964841 0.941351 0.914898 0.945157 0.93919 0.92613 0.932491 0.960667 0.920394 
1101 0.0869413	1.09475 1.04166 1.04463 1.13283 0.987831 0.983524 0.956624 1.05142 0.980262 0.987391 
1102 0.268156	0.980718 0.976806 1.00368 0.983267 1.01876 0.847986 0.950766 1.03294 0.987942 0.982316 
1103 0.157123	0.98976 0.93573 0.966103 0.901386 1.0064 1.03514 0.956922 0.928553 1.05747 0.92461 
1104 0.0680866	1.08762 1.07872 1.10646 0.993628 1.05689 1.08676 1.06886 1.14634 1.08426 1.06987 
1105 0.107891	1.03288 1.02764 1.06657 1.02458 0.96631 0.951665 0.996434 1.09412 0.938754 1.02085 
1106 0.088338	1.0195 1.04182 1.1066 1.01394 1.04572 0.84283 0.934064 1.11482 0.954803 1.07615 
1107 0.0614525	1.08822 1.07272 1.11729 1.14457 1.06269 0.868743 1.0386 1.14973 0.997448 1.14913 
1110 0.0667535	1.07963 0.986391 0.941217 1.05466 0.975567 0.973525 0.930483 0.907117 0.920042 0.979263 
1111 0.184767	1.11576 1.10599 1.07628 0.975235 1.03976 0.985261 1.08971 1.12376 1.02437 1.12131 
1112 0.128439	0.957063 0.887001 0.88197 0.900709 0.989346 0.993168 0.929436 0.902029 0.945963 0.950346 
1113 0.205474	1.0943 1.06161 1.01874 1.04506 1.02305 0.926765 0.977134 1.07224 0.981576 1.06597 
1114 0.075152	1.01565 1.00108 0.920173 0.86011 0.979694 1.19699 1.02795 0.9278 1.10295 0.930807 
1115 0.0991891	1.00697 0.985418 0.875235 1.01483 0.939518 1.13897 1.00856 0.888645 0.967401 0.923418 
1116 0.12424	1.07731 0.955145 0.952426 0.953376 0.978441 1.05291 0.987208 0.957483 0.982232 1.00748 
1117 0.115986	1.02334 1.00436 0.999677 1.06283 1.00403 0.93935 0.972954 0.993979 0.913617 1.03603 
1120 0.0500469	1.03388 0.961647 0.96528 1.09194 0.943556 0.969071 0.980681 0.97039 0.994655 0.981859 
1121 0.165051	1.02774 1.00503 0.974899 1.04173 1.02316 1.05102 1.0067 0.954212 0.952333 0.948273 
1122 0.0732979	1.15471 1.11588 1.07724 1.18185 1.02337 0.979319 1.05566 1.08527 1.03688 1.10578 
1123 0.057971	0.917264 0.983103 1.07039 0.98974 0.921099 0.913172 1.00621 1.0352 1.01412 1.07136 
1124 0.180794	1.06517 1.07519 1.1561 0.980332 1.04461 0.832834 1.1017 1.12396 0.983251 1.15505 
1125 0.191951	1.00184 1.00058 1.00471 0.908292 0.989009 1.13712 1.0657 0.986682 1.05371 0.954856 
1126 0.0766343	1.0381 0.874404 0.850936 0.942776 0.97924 0.999577 0.948131 0.838821 0.94804 0.876547 
1127 0.204254	1.02544 0.998649 0.980284 0.998259 1.0317 0.906477 1.02515 1.00011 0.953416 1.03719 
1130 0.0630154	1.13603 1.08915 1.00668 0.922846 1.00304 1.25806 1.06645 1.05208 1.16071 0.966869 
1131 0.175724	1.08526 1.09055 1.06335 1.08124 1.05376 1.0869 1.04522 1.07726 1.02317 1.03886 
1132 0.0556143	1.1021 1.09611 1.13253 0.932781 1.02707 1.10908 1.10043 1.14104 1.11625 1.07491 
1133 0.122647	0.977631 1.06607 1.01368 1.0159 0.969402 0.882625 1.01761 1.13623 0.960394 1.05609 
1134 0.144428	1.03226 0.994346 0.978496 1.10666 0.987577 0.978811 0.969185 0.990281 0.972329 0.9819 
1135 0.150349	1.01758 0.973316 0.917981 0.956537 0.911247 1.11533 0.996975 0.886577 1.00756 0.937507 
1136 0.153521	0.93781 0.932245 0.906593 0.926645 0.994123 1.10209 1.02578 0.918733 1.03902 0.875281 
1137 0.134701	0.998238 1.01725 0.954238 0.998725 1.0316 0.838911 0.981356 0.993827 0.989197 1.00992 
1140 0.106592	0.980593 1.06363 1.08371 1.08682 0.987543 0.982123 1.01991 1.05824 0.967933 1.04561 
1141 0.119746	1.08718 1.04088 1.07686 1.11033 1.05709 0.921562 0.963716 1.07734 0.993369 1.05972 
1142 0.109162	0.985114 1.04685 1.09914 0.987274 0.971292 0.926523 1.0277 1.09478 0.989925 1.05242 
1143 0.221046	0.921647 0.964598 0.971603 0.960574 1.00242 1.10837 0.98659 0.880372 1.02576 0.943291 
1144 0.0752948	0.893708 0.927864 0.955762 0.995726 0.91798 0.890744 0.951036 0.98043 0.900449 0.905683 
1145 0.0940429	1.00188 1.06149 1.14851 1.00254 1.05382 0.938085 1.06148 1.13299 1.01473 1.06925 
1146 0.146961	0.90408 0.973158 1.0218 1.02189 1.02804 0.946266 0.988527 1.00995 0.947363 0.987187 
1147 0.127155	0.829594 0.88269 0.889578 0.914244 0.96325 1.12862 0.97183 0.841545 0.982097 0.847367 
1150 0.0821063	1.01711 0.970788 0.931966 0.958382 1.03938 1.00711 0.983637 0.885707 1.02243 0.919026 
1151 0.175942	1.06205 1.06891 1.07564 1.04721 1.00047 1.02923 1.04053 1.07217 1.05097 1.06909 
1152 0.146244	0.952941 0.957101 0.945806 0.971166 0.98352 1.14969 0.967263 0.921116 1.08798 0.954748 
1153 0.25131	0.968089 0.957685 0.928743 0.958441 0.939788 1.21819 0.989374 0.892099 1.09368 0.92481 
1154 0.0920888	1.0249 1.118 1.15438 1.04534 1.00488 0.934584 1.06295 1.14688 1.1063 1.12376 
1155 0.119042	0.990533 1.01388 0.954716 1.05416 1.01699 1.05058 1.00943 0.933932 1.01083 0.954062 
1156 0.077115	1.03418 1.01187 1.01385 0.966839 1.07276 1.06077 1.00537 0.967032 1.14103 1.00933 
1157 0.0561517	1.16549 1.05715 1.05272 1.11806 1.06722 0.9964 1.03816 1.08471 0.994326 1.09573 
1160 0.233898	0.999667 1.02969 1.03248 0.993153 1.04032 0.855957 0.976728 1.06059 0.945123 1.00012 
1161 0.123267	1.01488 1.04012 0.999781 1.01306 0.963261 0.959136 0.994166 1.02866 0.975737 0.970127 
1162 0.0761171	0.869918 0.946598 0.88159 0.890955 1.02926 1.14167 0.987803 0.909501 0.978833 0.854027 
1163 0.0912173	0.855161 0.905042 0.922579 0.89315 0.971899 0.807231 0.925364 0.939346 0.90292 0.919164 
1164 0.121726	1.105 1.07311 1.16339 0.964769 1.07311 1.04292 1.04427 1.17783 1.1361 1.11242 
1165 0.0952234	1.02523 0.964549 0.968961 0.958562 1.01003 1.0455 0.980663 0.893645 0.993096 0.911907 
1166 0.0933744	0.918861 0.892955 0.85784 0.998909 0.929426 0.95855 0.919382 0.87943 0.913129 0.888694 
1167 0.165177	1.01093 1.04894 1.02894 1.10192 0.963252 0.839877 0.941948 1.05655 0.960513 1.0578 
1170 0.101449	1.16638 1.16624 1.15977 1.09091 1.02891 1.01493 1.08215 1.13649 1.10546 1.1069 
1171 0.111111	0.897958 0.917324 0.897485 0.973078 0.932645 0.907012 0.920824 0.901233 0.941925 0.913552 
1172 0.262728	0.97924 0.968659 0.970521 0.948163 1.00013 1.12274 1.00275 0.959311 1.07068 0.961305 
1173 0.081754	1.09179 1.08548 1.08102 1.08387 1.07281 0.868013 1.03958 1.11625 0.971719 1.0661 
1174 0.0819398	1.0589 1.02013 0.987695 1.08227 1.00779 1.0151 1.05035 0.94911 0.98229 0.97128 
1175 0.0639168	0.932055 1.04304 1.05971 1.01918 0.919591 0.931827 1.02785 1.13964 1.02913 1.05687 
1176 0.0839836	0.989675 1.02919 1.04888 1.00454 1.0579 1.04808 1.06294 1.03851 1.0244 1.00661 
1177 0.213118	1.02957 0.9868 0.999981 1.03885 0.972352 0.938697 0.965467 1.0394 0.989573 1.00787 
BOUNDS
LWPS R    0.0  0.0  0.0  0.0  0.0  0.0  0.0  0.0  0.0  0.0
UWPS R    0.5  0.5  0.5  0.5  0.5  0.5  0.5  0.5  0.5  0.5
LXAS R   -0.5 -0.5 -0.5 -0.5 -0.5 -0.5 -0.5 -0.5 -0.5 -0.5
UXAS R    0.5  0.5  0.5  0.5  0.5  0.5  0.5  0.5  0.5  0.5
END
