NAME moment_estimation_cluster
ASSETS 10
BENCHMARKS 0.1 0.1 0.1 0.1 0.1 0.1 0.1 0.1 0.1 0.1 
COVARIANCES
0 0 0.00594104
1 0 0.00339169
1 1 0.00327503
2 0 0.00332766
2 1 0.00367513
2 2 0.00494042
3 0 0.00275086
3 1 0.00244224
3 2 0.00268449
3 3 0.00430174
4 0 0.00149995
4 1 0.00127788
4 2 0.0015612
4 3 0.000948739
4 4 0.0014507
5 0 -8.60203e-05
5 1 -0.000989614
5 2 -0.00210084
5 3 -0.00251889
5 4 -0.000543798
5 5 0.00856331
6 0 0.00146627
6 1 0.00164993
6 2 0.00197116
6 3 0.000457907
6 4 0.000668324
6 5 0.000837443
6 6 0.00145928
7 0 0.00371376
7 1 0.00418812
7 2 0.00554105
7 3 0.00352977
7 4 0.00176209
7 5 -0.00388271
7 6 0.00199161
7 7 0.00697714
8 0 0.000661498
8 1 0.000655344
8 2 0.000829735
8 3 -0.000870957
8 4 0.000402728
8 5 0.00309796
8 6 0.0010533
8 7 9.6264e-05
8 8 0.00227218
9 0 0.00318828
9 1 0.00342442
9 2 0.00460624
9 3 0.0032661
9 4 0.00162364
9 5 -0.00388477
9 6 0.00145529
9 7 0.00576571
9 8 -0.000296185
9 9 0.00526498
SCENARIOS
0 0.31246	1.08413 1.06346 1.07085 1.05881 1.03041 0.986001 1.04188 1.10218 1.00227 1.07772 
1 0.68754	0.995186 0.985264 0.982111 0.976354 0.985714 1.01974 1.01433 0.965113 0.995338 0.973762 
00 0.634065	0.987251 0.999906 1.01951 1.04747 0.98807 0.872463 0.947618 1.01975 0.973856 1.0386 
01 0.365935	0.995351 0.99668 1.02177 0.946271 1.03201 1.06034 1.00724 0.974431 1.0651 1.00586 
10 0.35739	1.013 1.04586 1.07071 1.08199 1.0052 0.923767 0.97042 1.11479 1.00138 1.10056 
11 0.64261	0.979307 0.964058 0.952924 0.967444 0.99625 1.08155 0.987908 0.956242 1.00846 0.955147 
000 0.0746013	0.990878 1.04671 1.0378 0.990974 0.940329 1.08682 1.0675 1.00632 1.03706 0.991834 
001 0.226176	0.936333 0.947753 0.903951 0.946744 0.942583 1.12002 1.0034 0.876722 0.981287 0.875871 
002 0.102059	0.850868 0.943416 0.957678 0.960256 1.02757 0.993738 1.00496 0.962284 0.983121 0.982792 
003 0.0899455	1.0288 0.978242 0.946377 1.03036 1.04146 1.11942 0.996188 0.891321 0.950966 0.959933 
004 0.135322	1.13536 1.12449 1.14339 1.14292 1.09655 1.01675 1.11445 1.19789 1.03901 1.16432 
005 0.149303	1.01485 1.01088 0.978981 0.958867 1.01331 1.18373 1.03707 0.966124 1.05862 0.976973 
006 0.062235	1.02746 1.0155 1.00928 1.12294 1.0021 0.9075 0.993789 1.03937 0.880985 1.08547 
007 0.160357	1.10082 1.07062 1.0982 1.04354 1.02178 1.05878 1.08184 1.10361 1.03698 1.10168 
010 0.274794	0.983212 1.0191 0.98634 1.00574 1.00376 0.997337 0.968553 0.980629 0.9761 1.00537 
011 0.07364	0.967222 0.972897 0.945412 0.979887 1.06043 0.98753 1.00259 0.933263 0.996082 0.955118 
012 0.132762	1.08369 1.06375 1.1186 1.07403 1.07956 0.848762 1.01894 1.19939 0.977965 1.14519 
013 0.0958545	0.995204 1.01233 0.995965 1.06684 0.97925 0.892113 0.978895 0.997479 0.943932 0.978457 
014 0.0875459	0.874818 0.862892 0.83625 0.902216 0.932803 0.952549 0.936979 0.829699 0.927662 0.854357 
015 0.115708	0.915432 0.97574 0.992996 0.959937 0.923617 0.959049 1.00921 1.08019 1.00835 0.978425 
016 0.119818	1.10043 1.15966 1.13245 1.10559 1.01388 0.887224 1.07936 1.23767 1.00127 1.12361 
017 0.0998776	0.938057 0.944681 0.919574 0.914899 0.953858 1.12139 0.980351 0.928719 1.03821 0.874386 
100 0.0839167	1.02594 1.02199 0.998664 1.05046 0.988216 1.0535 0.986754 1.00528 1.01642 0.977509 
101 0.116311	1.23535 1.12605 1.1069 1.10786 1.07923 1.01431 1.09225 1.12229 1.01515 1.13332 
102 0.177438	0.976232 0.981577 1.01295 0.960409 0.984726 0.915831 1.00213 1.00621 0.977828 1.01349 
103 0.216303	0.964175 0.917885 0.903936 0.922767 0.927233 1.04483 0.993095 0.898358 0.920354 0.894691 
104 0.101986	1.06373 1.02359 0.978324 1.14211 1.02121 0.916621 0.987732 0.984052 0.902492 1.02477 
105 0.130921	1.12727 1.07996 1.06883 0.974181 1.00653 1.13054 1.09247 1.07779 1.05439 1.0178 
106 0.0559987	1.05157 1.08589 1.12243 0.967128 1.08057 0.961908 1.13091 1.14239 1.01747 1.08879 
107 0.117125	1.02479 0.96494 0.943296 0.9767 1.04054 1.01525 1.01535 0.933932 0.988646 0.94251 
110 0.13544	1.0079 1.02369 0.996289 1.10233 1.01978 0.91354 0.974182 1.01239 0.955046 1.03419 
111 0.192522	0.942202 0.937709 0.883883 0.924187 0.931494 1.04376 0.924286 0.90976 1.01714 0.894943 
112 0.0453352	1.0769 1.15419 1.22542 1.13422 1.11361 0.884615 1.05121 1.23908 1.03214 1.23367 
113 0.148431	0.872875 0.935772 0.95295 0.967468 1.00383 0.986682 0.968144 0.928076 1.00027 0.929988 
114 0.156263	0.935994 1.01986 1.06108 1.00513 0.96908 0.889617 0.984205 1.0761 0.952662 1.06906 
115 0.145308	1.03955 1.0771 1.11744 0.986823 1.07584 0.988059 1.05968 1.12421 1.05597 1.09312 
116 0.107736	0.998552 1.00865 1.00838 0.931259 1.02403 0.99404 0.991572 1.02571 1.09313 0.989691 
117 0.0689647	1.10132 1.09181 1.14283 1.11589 1.00006 1.01386 1.0402 1.15253 1.04675 1.11836 
0000 0.136671	0.917658 0.993074 0.992449 0.953584 1.00758 0.895745 1.00949 1.01166 0.934655 1.02475 
0001 0.126522	1.08377 1.03975 1.08161 0.994771 1.06327 1.06658 0.997751 1.10051 1.04884 1.07748 
0002 0.104871	1.0801 1.0214 1.06156 1.09061 1.07023 0.85806 1.00489 1.12123 0.958092 1.10251 
0003 0.138701	1.10153 0.969313 0.966536 1.03623 1.00099 1.11767 0.980909 1.003 0.97431 0.97303 
0004 0.156292	1.0212 1.0053 1.05165 1.04543 0.97634 0.800571 0.926514 1.09096 0.909244 1.11071 
0005 0.128552	0.951361 0.926836 0.954319 0.902017 0.998049 1.04129 0.967563 0.925016 1.04363 0.967489 
0006 0.142084	0.964567 0.912912 0.915997 0.961704 0.956275 0.980234 0.94438 0.897582 0.909707 0.917321 
0007 0.0663058	1.06449 0.972286 0.988148 1.08389 1.00709 0.986565 0.98091 1.03374 0.976064 1.01399 
0010 0.0564606	0.969047 0.97357 0.99932 1.09782 0.941357 0.879758 0.943577 1.06004 0.917742 1.04764 
0011 0.114707	0.836446 0.849573 0.849513 0.923068 0.926883 1.01547 0.910129 0.861719 0.957676 0.869106 
0012 0.189913	0.998947 1.02655 1.08384 1.11118 0.997484 1.09955 1.0059 1.04616 1.01969 1.07011 
0013 0.154876	1.08075 1.00943 1.02487 0.946658 0.982067 1.20759 1.06313 1.02783 1.11079 1.01976 
0014 0.11426	0.887114 0.927014 0.946492 1.0227 0.988619 0.887372 0.910383 0.931634 0.955179 1.01309 
0015 0.0459719	0.894059 0.956297 0.985807 0.931634 0.941461 0.858005 0.975134 1.03803 0.938193 1.03447 
0016 0.10578	0.871824 0.886409 0.937298 0.872486 0.994329 1.1958 0.980269 0.921182 1.08202 0.955166 
0017 0.218032	1.13697 1.08132 1.06475 0.996001 1.05708 1.05169 1.04955 1.07743 1.06408 1.0606 
0020 0.138971	1.12954 1.0442 1.08033 0.941961 1.03607 0.893798 1.06846 1.05279 0.988604 1.07214 
0021 0.0825915	1.16647 1.15017 1.19024 1.06034 1.08485 1.05961 1.1027 1.13841 1.01713 1.12527 
0022 0.169139	1.15254 1.07107 1.04237 1.0547 1.03787 1.07772 1.01724 1.07326 0.992515 1.0289 
0023 0.0642928	0.881562 0.849601 0.838099 0.891117 0.95576 1.02618 0.925143 0.817755 0.910405 0.821485 
0024 0.126113	1.00895 0.958821 0.939951 0.92171 0.935576 0.97753 0.966641 0.919541 1.01121 0.945936 
0025 0.192878	1.0547 1.02056 1.04773 1.01241 0.974035 0.810757 0.976028 1.12051 0.93067 1.05963 
0026 0.0499505	1.06458 0.946758 0.905402 0.94474 1.02777 1.22018 1.0022 0.8747 1.07416 0.928259 
0027 0.176063	1.10157 1.0064 0.982933 1.0012 0.990786 1.00127 1.00714 0.965122 0.953754 0.931041 
0030 0.139731	0.974093 0.976216 0.940836 0.95945 1.02294 1.07434 0.97642 0.959347 0.982518 0.950934 
0031 0.308081	1.1369 1.06921 1.04864 1.06898 1.03439 0.923226 1.00558 1.12093 1.03509 1.06418 
0032 0.109428	1.05393 1.00367 0.981123 0.945244 0.983122 0.988578 0.973091 0.965291 1.10086 0.961127 
0033 0.0667789	0.852371 0.956741 0.937241 1.03044 0.961919 0.860523 0.940635 1.00641 0.96536 0.969475 
0034 0.107183	0.951023 0.953935 0.898185 0.994248 0.969682 1.09746 0.982294 0.930257 1.02234 0.942805 
0035 0.122334	1.08236 1.02065 0.95198 1.07267 0.948783 0.906261 0.953605 1.01599 0.987909 0.977157 
0036 0.0617284	1.06768 1.0248 1.04958 1.00487 1.01746 0.870095 1.01907 1.14723 0.927534 1.06492 
0037 0.0847363	0.893399 0.882046 0.850237 0.910189 0.947575 1.08181 0.93781 0.912856 1.00678 0.833062 
0040 0.080194	1.03319 1.00719 1.01581 1.00078 1.05093 0.872143 0.935372 1.04655 0.951972 1.07859 
0041 0.269675	0.975105 1.01312 0.988797 0.945369 0.964612 0.932568 0.925159 0.958757 0.973605 0.964494 
0042 0.130175	1.07047 1.07929 1.08186 0.986846 0.974024 1.02324 1.00015 1.08831 0.994028 1.05553 
0043 0.134651	1.10606 1.11366 1.06083 1.03957 1.05361 1.02118 1.02885 1.02191 0.983209 1.03966 
0044 0.119731	1.0412 1.0397 0.982857 1.09079 0.983976 0.930747 0.972455 1.0565 0.918185 1.03849 
0045 0.0675121	1.10865 1.16511 1.21876 1.06309 1.06646 0.839148 1.03402 1.24316 0.968203 1.1942 
0046 0.107423	0.946887 0.941893 0.88652 0.939065 0.929628 1.11471 0.990181 0.870982 0.948697 0.895404 
0047 0.0906378	0.980464 0.956808 0.931104 0.946822 1.00861 1.00274 0.950129 0.881325 1.00031 0.899676 
0050 0.215686	0.981596 0.975384 0.997082 0.953725 0.962562 0.980835 0.975141 0.992052 0.995144 0.949293 
0051 0.0486815	1.068 0.987749 1.02015 1.09383 0.969542 0.838911 0.974407 1.0267 0.873024 1.022 
0052 0.187627	1.07167 1.04875 1.11314 1.06391 1.05197 0.81036 1.03201 1.14158 0.961845 1.1304 
0053 0.0476673	0.992517 0.939784 0.90408 1.03234 0.988858 1.06232 0.967283 0.932841 0.987787 0.904917 
0054 0.103448	1.03542 1.04272 1.01313 0.973331 1.02809 1.16754 1.05819 1.02412 1.09612 0.952198 
0055 0.138269	0.998929 1.04202 1.03702 1.06525 1.02654 0.919863 1.02831 1.04265 0.934259 1.00734 
0056 0.137255	0.915072 0.940885 0.939402 0.922003 1.02579 1.11159 1.02873 0.934021 0.987609 0.872045 
0057 0.121366	0.892403 0.906916 0.902213 0.964162 0.917393 0.93065 0.964177 0.907508 0.907889 0.899472 
0060 0.146796	1.00579 1.09059 1.15959 1.03953 0.995159 0.90585 1.06501 1.19202 0.97228 1.096 
0061 0.0502839	1.06042 1.07305 1.00215 1.03718 0.884283 1.0364 1.04279 1.00846 1.06496 0.978855 
0062 0.143552	0.941241 1.01202 0.995054 1.02136 0.954189 0.975532 0.986471 1.03653 1.01181 0.980615 
0063 0.200324	1.00926 1.10268 1.11915 1.10648 1.05221 0.943292 0.992362 1.06115 1.06027 1.08137 
0064 0.0583942	1.09305 1.02343 0.96236 1.10411 0.963947 1.13563 1.00116 0.929358 1.00854 0.909513 
0065 0.182482	1.03217 0.995712 1.04722 1.01594 1.02373 1.17609 1.01382 0.972979 1.12201 0.943353 
0066 0.0616383	0.914015 0.913057 0.949434 0.984297 1.02867 0.937177 0.945041 0.9272 1.0685 0.976545 
0067 0.156529	0.962575 0.981397 0.942761 0.93846 0.959971 1.00822 0.946881 0.926878 1.04098 0.86299 
0070 0.188228	1.01939 1.09903 1.10195 1.04831 1.0497 0.876902 1.0169 1.13076 0.945151 1.10916 
0071 0.0484734	0.95868 1.08713 1.05897 0.955213 1.0194 1.11872 1.07122 1.06813 1.05489 1.00299 
0072 0.0922254	0.960899 1.0731 1.10558 1.04007 0.978461 0.888158 1.03527 1.11006 1.01805 1.02404 
0073 0.124646	0.93373 1.00111 1.00765 1.07542 0.983307 0.920284 0.951097 1.04858 0.933157 0.999195 
0074 0.141643	0.911075 0.92678 0.887722 0.924878 0.995403 0.894172 0.939486 0.931102 0.92057 0.917567 
0075 0.173749	1.02215 1.00325 0.978604 1.00762 1.01528 1.02704 1.00528 0.975377 0.995898 0.91653 
0076 0.0812087	1.03351 1.06353 1.04127 0.973714 1.0167 1.09888 1.0508 1.0123 1.04451 0.967441 
0077 0.149827	0.943389 0.997673 0.980814 0.936679 0.942083 0.935869 1.00187 1.01259 0.916114 0.96861 
0100 0.160089	0.905647 0.923025 0.924638 0.95031 0.965165 0.902083 0.990594 0.976511 0.914277 0.920129 
0101 0.179185	1.07682 0.986845 0.967298 1.04865 0.982359 0.988191 0.96964 0.992093 0.969766 0.968134 
0102 0.0700191	1.04842 1.01524 1.02348 0.94533 1.00164 1.12992 1.05473 1.01742 1.09507 0.929964 
0103 0.159771	1.01437 1.0369 1.11564 1.09032 1.0442 0.847672 1.05572 1.19166 0.951115 1.11226 
0104 0.124443	1.06695 1.0476 1.11423 1.01505 1.05958 0.993297 1.03498 1.09728 1.08328 1.02733 
0105 0.072247	0.95133 1.01273 1.10389 1.06053 0.992192 0.950999 1.04571 1.1658 1.02437 1.05216 
0106 0.116168	0.919515 0.984083 1.06636 0.934728 0.9979 0.95201 1.06282 1.0981 1.0403 1.03758 
0107 0.118078	0.878946 0.897244 0.924503 0.869654 0.95846 1.10254 1.02215 0.891686 1.01731 0.847305 
0110 0.0712589	0.962383 0.926258 0.960081 1.04383 0.964912 0.841551 0.92641 0.986292 0.882719 0.960796 
0111 0.0950119	0.964461 0.993017 0.996395 1.01144 0.989366 1.11645 0.996014 0.993338 1.03263 0.950121 
0112 0.105701	0.904171 0.896787 0.852033 0.995758 0.90875 1.06212 0.899551 0.869381 0.936134 0.859559 
0113 0.0653207	0.978801 1.01889 0.977735 0.968337 1.04295 0.98171 1.01447 1.05389 1.01609 0.961791 
0114 0.210214	0.994103 0.997363 1.0641 1.05269 0.971465 0.842057 0.967817 1.09974 0.941351 1.03689 
0115 0.087886	1.0947 1.04745 1.04851 1.09247 1.05066 0.929026 0.958793 1.08895 0.986838 1.0519 
0116 0.198337	1.05268 0.921644 0.957528 0.875318 0.963243 1.0342 0.957207 0.939021 0.978385 0.896754 
0117 0.166271	1.19439 1.07688 1.05861 1.14768 1.05426 0.861842 0.984609 1.11853 0.952918 1.15623 
0120 0.102108	0.883206 0.945095 0.913376 0.866814 0.942101 1.10143 1.00045 0.84518 1.00126 0.919277 
0121 0.123847	1.10342 1.13942 1.16479 1.09704 1.02012 0.882384 1.02452 1.10981 0.935772 1.15028 
0122 0.0645586	1.22778 1.20017 1.18042 1.03965 1.01903 1.05469 1.14849 1.15474 1.04743 1.122 
0123 0.181818	0.935272 1.03456 0.993386 0.96001 0.982755 1.16451 1.03925 0.939744 1.08487 0.953222 
0124 0.0612648	0.922443 1.02113 1.04956 0.984369 0.941323 1.05338 1.08258 1.04399 1.03132 1.0386 
0125 0.0869565	1.14823 1.12238 1.04401 1.0133 1.05091 1.12257 1.0919 1.01506 1.05372 1.00155 
0126 0.22859	0.924542 0.988678 0.943962 0.981967 0.982263 0.816325 0.93687 0.985885 0.85962 0.971746 
0127 0.150856	0.963641 1.04654 1.03334 1.01304 1.05534 1.09958 1.07977 1.04708 1.03965 1.01221 
0130 0.193431	1.00842 1.00006 1.00344 0.993239 0.959064 0.982016 0.997048 1.03549 0.971451 1.05779 
0131 0.135949	1.02659 1.11494 1.08656 1.10878 1.04891 1.0555 1.03754 1.13366 1.05518 1.11031 
0132 0.060219	0.959777 0.930636 0.92148 1.03186 0.939801 1.21108 0.957701 0.896412 1.05941 0.926605 
0133 0.137774	1.04914 0.97381 0.946724 1.03899 1.06371 1.07989 0.975961 0.985631 0.996029 0.958124 
0134 0.156934	1.03431 1.01692 0.998078 1.0627 1.0162 1.01232 0.99391 1.04582 0.974183 1.05724 
0135 0.0684307	0.889342 0.873028 0.833619 0.977337 0.951196 1.14107 0.924163 0.820716 0.993435 0.850464 
0136 0.112226	1.18832 1.07542 1.10148 1.05597 1.02176 1.21475 1.05723 1.04499 1.05394 1.06825 
0137 0.135036	0.943599 0.962751 0.894977 0.942685 0.978943 1.06465 0.981079 0.928863 0.974674 0.933855 
0140 0.141858	1.13962 1.10271 1.12034 1.06283 1.07848 1.04839 1.04193 1.13405 1.01996 1.11365 
0141 0.101898	0.948756 0.964686 0.979585 1.01848 0.945622 0.951448 0.994392 1.02931 0.991703 0.999657 
0142 0.0909091	0.823926 0.952278 0.988217 0.888214 0.921738 1.04729 1.02942 1.01088 1.00572 0.969492 
0143 0.155844	0.930355 0.948596 0.971768 0.907714 0.997431 0.986917 1.00515 1.01863 1.03423 0.973712 
0144 0.143856	0.936164 0.920178 0.930941 0.980619 1.01118 1.10295 0.926352 0.937042 1.00097 0.924106 
0145 0.0919081	1.06618 1.01747 1.00323 1.1044 0.973051 1.00534 0.93787 1.09812 0.990133 1.05772 
0146 0.145854	1.06917 1.06003 1.02615 1.01187 0.961376 1.1643 1.05663 1.01162 1.03952 0.989163 
0147 0.127872	0.948191 1.0661 1.07419 0.936784 1.00984 0.916403 1.05647 1.13497 0.974891 1.13479 
0150 0.232048	0.931783 0.955843 0.959116 0.922485 0.963386 1.13122 1.02429 0.853004 1.03809 0.918752 
0151 0.0695389	1.02695 1.07566 1.05176 1.119 0.97503 0.954781 1.00043 1.02659 0.895675 1.09781 
0152 0.136054	1.0663 1.09395 1.102 0.973016 1.02976 1.02878 1.06055 0.992824 0.992502 1.05116 
0153 0.0801209	0.974172 0.98511 1.05267 0.930165 1.01308 0.945206 0.970638 0.937115 1.04318 0.981568 
0154 0.0521542	0.998329 0.995798 0.958108 0.934253 0.997608 0.898239 0.947261 0.927869 0.908861 1.00973 
0155 0.243386	1.09409 1.06911 1.06163 1.08717 1.04714 0.889061 0.995141 1.03296 0.97018 1.07086 
0156 0.129252	1.08431 1.09137 1.04247 1.0888 0.97474 1.03022 1.00574 0.972745 1.03759 1.02099 
0157 0.0574452	0.888186 0.885408 0.844418 0.940667 0.971891 1.0214 0.925364 0.814118 0.919481 0.882999 
0160 0.165693	1.15374 1.04372 1.03218 1.04948 1.02307 1.24 1.03607 0.958826 1.07017 0.998817 
0161 0.165693	0.981143 0.942307 1.02375 0.974465 0.976447 0.873173 0.957645 1.03421 0.972493 1.05519 
0162 0.059854	0.825983 0.855723 0.880544 0.975907 0.956695 1.1203 0.863639 0.804866 1.00242 0.881273 
0163 0.0854015	0.879542 0.925348 0.963001 0.965911 0.98394 1.00711 0.937176 0.909217 0.942184 0.969182 
0164 0.210949	0.930312 0.970738 1.00154 1.04284 1.04911 1.03763 0.969719 0.948318 0.966968 1.00473 
0165 0.137226	0.948103 0.96434 0.975663 0.956424 0.932885 0.984864 0.98865 0.94404 0.930033 0.951173 
0166 0.0824818	1.10079 1.10949 1.15756 1.09486 1.06826 0.945024 1.04135 1.12719 0.954762 1.12296 
0167 0.0927007	1.04247 0.996471 1.03559 1.14505 0.97611 0.95278 0.928556 1.08593 0.955606 1.06063 
0170 0.160245	0.943661 1.00915 1.02599 0.976334 1.00557 0.790042 1.00851 0.983616 0.903031 1.04308 
0171 0.131349	0.981653 0.977343 0.920196 0.958395 0.929585 1.05637 0.987181 0.905928 0.96957 0.924021 
0172 0.135727	1.03813 0.968449 0.918887 0.939581 1.01875 1.06618 0.984253 0.89401 1.00727 0.931991 
0173 0.0709282	1.12357 1.10287 1.11886 1.12062 1.06644 0.8173 0.99671 1.14821 0.917409 1.18018 
0174 0.16725	1.01952 0.980411 0.988043 1.09545 0.978428 0.991222 0.982616 1.01445 0.986943 1.03979 
0175 0.0735552	1.11005 1.144 1.15304 1.09807 0.996667 1.00427 1.14188 1.16756 1.01561 1.16581 
0176 0.0516637	0.900271 0.892123 0.810224 0.978625 0.930483 1.067 0.939033 0.759043 0.946602 0.888393 
0177 0.209282	1.12058 1.09823 1.07125 1.04483 1.04338 1.04722 1.07192 1.01153 1.01287 1.05418 
1000 0.175073	0.99561 1.0394 1.02704 1.00714 1.02601 0.942068 1.04958 0.994824 0.968933 1.05298 
1001 0.138215	0.891765 0.944466 0.911879 1.00452 0.996449 0.928282 0.975856 0.929027 0.934734 0.98045 
1002 0.0548012	0.977331 1.04273 1.03351 0.986026 0.989565 1.18118 1.09042 0.994917 1.04952 0.969048 
1003 0.180407	0.94828 1.0563 1.09778 1.11102 1.009 0.902416 1.07121 1.0992 0.95973 1.06797 
1004 0.0741998	1.13765 1.06459 1.15314 1.10783 1.06754 0.891511 1.05329 1.15281 1.0289 1.16497 
1005 0.150824	1.00808 0.988331 0.986249 1.0418 0.927462 1.03335 0.999605 0.9643 0.952276 0.989158 
1006 0.099903	0.897618 0.900273 0.903828 0.960963 0.934088 1.15425 1.03409 0.924271 0.947635 0.866535 
1007 0.126576	1.0297 0.96071 0.935497 0.961581 1.02621 1.0994 0.99951 0.912379 0.986541 0.972433 
1010 0.181596	1.06595 1.07967 1.08964 1.02786 0.998586 1.03194 1.0436 1.12218 1.01625 1.01839 
1011 0.153604	0.958232 0.992141 1.06137 1.05494 1.03855 0.754622 0.970184 1.10784 0.915998 1.07089 
1012 0.153604	1.02438 0.955425 0.934909 0.95102 1.03528 1.02545 0.970855 0.87956 0.991399 0.908088 
1013 0.0755773	1.01715 1.00196 0.976606 1.07999 0.942074 0.921564 0.952318 1.03183 0.968318 0.998099 
1014 0.114766	0.912738 0.984068 0.998591 0.963454 0.952493 1.16025 1.00592 0.894277 1.01411 0.874404 
1015 0.149055	0.822667 0.923234 0.976588 0.982512 0.948192 0.81963 0.912373 0.995705 0.922852 0.995701 
1016 0.069979	1.06185 1.07608 1.17142 1.0894 1.09021 0.779586 0.996873 1.22405 0.956742 1.18348 
1017 0.101819	0.82124 0.970365 1.00104 0.916377 0.986002 1.00623 0.963081 1.0209 1.04293 0.973818 
1020 0.0727064	1.04908 1.02071 0.972108 1.07423 1.01771 0.951679 0.952901 0.99341 0.966474 0.997087 
1021 0.214679	1.06622 1.10053 1.07924 1.04894 1.01817 0.936284 1.05282 1.10008 0.944803 1.09341 
1022 0.0793578	1.00438 1.00831 0.962359 0.927095 1.01788 1.07377 1.04389 0.963502 1.02091 0.97642 
1023 0.247936	0.936144 0.912836 0.912969 0.949703 0.973527 1.08257 0.963477 0.900654 0.987383 0.888649 
1024 0.0669725	0.936361 0.988071 1.06527 0.948745 1.02332 0.89061 1.03571 1.10134 0.96264 1.08555 
1025 0.133257	1.08201 1.00773 1.02331 1.1048 0.947818 0.907276 0.969642 1.02457 0.924081 1.01414 
1026 0.0600917	1.11113 1.07001 1.07208 1.1869 1.02256 0.93078 1.02074 1.09229 0.964382 1.10483 
1027 0.125	0.881902 0.951599 0.947117 1.0437 0.997193 0.989762 0.958953 0.939059 0.954182 0.983151 
1030 0.056444	0.948368 0.957926 0.988278 0.906024 1.03788 0.984099 0.963511 0.989374 1.06195 1.01994 
1031 0.0873001	0.825716 0.929613 0.901447 0.947863 0.92807 0.851661 0.90769 0.891518 1.00292 0.900698 
1032 0.206209	0.952912 0.987122 0.977734 1.05713 0.952002 1.00074 0.973703 0.946609 1.02342 0.969965 
1033 0.0716839	0.896364 0.934581 0.901434 0.957066 1.00885 0.956056 0.931294 0.897453 1.0255 0.915853 
1034 0.251176	1.11101 1.0907 1.12154 1.07059 1.03529 0.951036 1.01218 1.12814 1.08056 1.11848 
1035 0.127563	1.02939 0.996477 0.959772 1.08023 1.02049 0.886313 0.929765 0.98563 0.973927 1.02195 
1036 0.0541863	0.967265 0.975685 0.991353 0.890635 0.978093 1.13006 1.00025 0.918455 1.10807 0.909803 
1037 0.145437	1.06944 1.05934 1.03649 1.0422 1.05046 1.10053 1.02088 0.990998 1.09723 0.994176 
1040 0.145251	1.04321 1.07156 1.09088 0.997016 0.965311 0.982978 1.00543 1.14228 1.03072 1.0562 
1041 0.121708	1.09948 1.10772 1.13392 1.06786 1.02041 0.934805 1.05546 1.27479 1.06084 1.16506 
1042 0.056265	1.03485 0.989039 0.962313 1.01495 0.893746 1.04516 0.972717 0.980447 0.990186 0.95739 
1043 0.075818	0.823685 0.872641 0.842246 0.903082 0.960854 0.974971 0.89721 0.832777 0.966656 0.84544 
1044 0.104549	1.00028 1.02638 1.02507 0.916701 0.979842 1.11005 1.01451 0.966148 1.1157 0.952954 
1045 0.0726257	0.913168 0.957901 1.01214 0.952281 0.968142 0.89846 0.969096 1.0684 0.926065 1.0629 
1046 0.160415	0.999756 0.934977 0.905917 0.925068 0.987164 1.07257 0.963294 0.920778 1.02811 0.934631 
1047 0.263368	1.03142 1.05516 1.02346 1.0554 1.04885 0.968564 1.02355 1.08158 0.986927 1.03371 
1050 0.0826857	1.08525 1.09109 1.1866 1.0837 1.05598 0.872557 1.0253 1.20641 1.02359 1.15103 
1051 0.148586	1.05859 0.998085 0.941671 0.996993 1.03519 1.07651 1.00401 0.935743 1.02494 0.922917 
1052 0.136463	0.846739 0.91611 0.960938 0.996879 0.98537 0.884999 0.942535 0.931977 0.915448 0.939475 
1053 0.0618589	1.09045 1.0715 1.05739 1.12562 1.05063 0.943077 1.02593 1.10311 0.983854 1.0945 
1054 0.0528443	0.912602 1.0135 1.13581 1.04719 1.03724 0.821783 1.05419 1.18972 0.959724 1.17919 
1055 0.12807	0.967032 0.984263 1.04476 0.990628 1.0535 0.860178 0.968728 0.975619 0.924685 1.07173 
1056 0.237799	0.956508 0.999551 1.04926 1.05118 0.978787 0.916227 0.974565 1.04516 0.981495 1.07251 
1057 0.151694	0.913642 0.948894 0.967436 0.887352 0.984 1.03909 0.990118 0.866413 1.04413 0.896084 
1060 0.0893895	1.0538 1.02635 1.08911 0.982662 1.0084 1.02051 1.05216 1.09576 1.11619 1.06246 
1061 0.106831	0.921916 0.911245 0.869877 0.880103 1.00969 1.17501 0.924914 0.85569 1.06539 0.875983 
1062 0.154797	1.12736 1.0368 1.03202 1.09095 1.00498 1.01176 0.978133 1.05552 0.992609 1.02737 
1063 0.213663	1.00288 1.03401 1.07677 1.02607 1.05123 0.94825 0.970376 1.07619 0.986368 1.0981 
1064 0.123547	0.995404 0.943534 0.92186 0.939266 0.957855 1.11384 0.950918 0.951521 1.02148 0.940531 
1065 0.0588663	1.17094 1.12036 1.20361 1.14708 1.04393 0.986865 1.05018 1.23305 1.11701 1.20313 
1066 0.103924	1.05094 0.972195 0.967841 0.980796 1.05685 1.02246 0.948077 0.952057 0.975025 0.997008 
1067 0.148983	0.904457 0.914205 0.924678 1.0088 1.01443 0.936009 0.906155 0.924877 0.941614 0.973089 
1070 0.133773	0.984088 1.03254 1.00364 1.01079 0.984196 1.14665 1.02367 1.0542 1.02874 0.955195 
1071 0.164698	0.96865 0.990038 0.93076 0.907778 1.0213 1.04481 1.01922 0.958444 1.01749 0.962497 
1072 0.0635858	0.974435 0.966098 0.972428 0.953876 0.943134 1.03154 0.989059 0.97538 0.972013 0.93888 
1073 0.0820014	0.808598 0.887242 0.877813 0.888231 0.944142 1.08105 0.943625 0.837215 0.997277 0.878012 
1074 0.0677554	1.13526 1.10131 1.15577 1.11969 1.09336 0.976675 1.02419 1.14277 1.04589 1.1065 
1075 0.24114	0.881575 1.02972 1.0358 1.01215 1.03565 0.967967 0.98357 1.0693 0.992002 1.06275 
1076 0.156011	0.985917 1.05335 1.03464 1.07693 1.00175 0.864354 0.985218 1.05891 0.941266 1.08535 
1077 0.0910354	1.03268 0.955724 0.924912 1.07041 0.964773 1.04863 0.957195 0.90674 0.976097 0.936508 
1100 0.0929144	1.04367 1.04028 1.07157 1.05156 1.08683 0.974102 1.01817 1.05513 1.0051 1.02874 
1101 0.159592	0.979167 0.997535 1.03539 0.940163 1.00656 1.14637 1.0095 0.975296 1.07609 0.949816 
1102 0.101604	0.996608 1.00135 0.962734 0.975672 1.05671 1.03879 0.985262 0.945259 1.01627 0.923176 
1103 0.170455	1.08357 0.989045 0.989905 1.08616 0.978656 1.06894 0.992745 1.03508 1.02708 0.976614 
1104 0.126838	1.03405 1.10438 1.15109 1.05311 1.04361 0.954305 1.05946 1.21085 1.03014 1.14981 
1105 0.0705214	1.0977 1.07066 1.09318 1.07865 1.11144 0.812827 1.01395 1.15562 0.939946 1.15955 
1106 0.189505	0.868395 0.94205 0.906621 0.956606 0.957557 0.996304 0.939559 0.941818 0.973155 0.897325 
1107 0.0885695	1.08763 1.0127 1.02386 1.04982 1.02706 0.831965 0.953411 1.09325 0.935556 1.08529 
1110 0.0784152	0.919024 0.941043 0.95887 0.921927 0.933768 1.19448 1.04318 0.912427 1.06671 0.913387 
1111 0.15542	1.02357 1.08202 1.18983 1.01533 1.0524 0.991685 1.11805 1.12395 1.07695 1.09511 
1112 0.207618	0.975598 1.01646 1.06811 0.974214 1.03174 1.05685 1.08467 1.01201 1.01952 0.980188 
1113 0.152951	0.857223 0.89769 0.889052 0.927507 0.977628 0.944778 0.952941 0.833789 0.930141 0.892155 
1114 0.0732424	0.851315 0.932039 1.00881 0.9157 0.968923 0.905059 1.00023 0.954629 0.924005 1.01299 
1115 0.0459676	1.05944 1.06222 1.07189 1.04576 0.932303 0.823284 1.02959 1.06109 0.915437 1.08633 
1116 0.194804	0.967585 1.01521 1.06125 1.13339 0.990066 0.843821 1.00573 1.05384 0.935398 1.09989 
1117 0.0915824	0.894192 0.968359 1.03298 1.03024 0.993441 0.985807 1.00663 0.927094 0.979064 0.965936 
1120 0.117324	1.25658 1.07739 0.99965 1.01115 0.991928 1.10649 1.06331 1.06171 1.02632 0.990255 
1121 0.0998502	1.26154 1.15111 1.10646 1.14769 1.06832 0.973769 1.00968 1.11919 1.00649 1.09097 
1122 0.118822	1.00075 0.99556 1.02017 0.964844 0.957192 1.01754 1.02867 1.05513 0.972983 0.9847 
1123 0.204693	1.13775 0.987125 0.915442 1.04918 1.03633 1.00431 0.990638 0.936316 0.959449 0.919468 
1124 0.0798802	1.03999 1.12652 1.14734 1.00029 1.01059 0.827744 1.06329 1.20439 1.00111 1.11101 
1125 0.151273	1.0947 0.942918 0.909892 0.976024 0.959896 1.11637 0.98043 0.900699 1.0147 0.92391 
1126 0.175736	1.04211 0.973445 0.997313 0.892084 1.04144 1.12381 1.06524 1.01908 1.07106 0.992597 
1127 0.0524214	1.16484 1.04344 1.00625 1.15007 0.949986 1.00633 0.990213 1.04812 0.951467 0.997488 
1130 0.0759378	1.00956 0.967863 0.93151 0.901862 1.07081 1.12358 1.02203 0.923138 1.10617 0.970533 
1131 0.094541	1.01338 1.02803 0.963358 1.08864 0.966125 0.950782 0.973848 0.951734 0.944223 0.984636 
1132 0.176273	1.11397 0.997445 0.993133 0.981012 1.03073 1.05774 0.985951 0.927722 1.04934 0.986705 
1133 0.142726	1.06012 1.03457 1.03806 1.00226 1.01454 1.05471 0.985043 1.0414 1.08252 1.05867 
1134 0.112992	0.952445 0.923799 0.925868 0.904862 0.978941 1.05095 0.983747 0.891668 0.987706 0.946778 
1135 0.142269	1.05675 1.07123 1.04309 1.03857 0.964788 0.848776 0.997373 1.09623 0.928968 1.08388 
1136 0.18222	1.04411 1.08619 1.06031 1.0926 1.06154 0.949548 1.0061 1.13432 0.991859 1.09462 
1137 0.0730406	1.0078 0.909081 0.878648 0.960363 0.933813 1.05784 0.9173 0.889749 0.966397 0.911589 
1140 0.146437	1.20604 1.08968 1.14435 1.09049 1.09029 0.835827 1.00761 1.1577 1.01536 1.16956 
1141 0.249421	1.026 1.00204 1.01126 1.01417 1.048 1.00616 1.0293 0.995642 1.04359 1.03181 
1142 0.123986	0.931071 0.952139 0.981813 0.93493 0.992045 0.887077 0.980179 1.02002 1.00078 1.01809 
1143 0.121813	1.04344 0.900017 0.902194 1.00344 0.926929 0.969911 0.947951 0.913662 1.02706 0.914381 
1144 0.0561993	1.09754 1.0386 1.05654 0.908452 1.03732 1.12369 1.11703 1.05105 1.1614 0.98289 
1145 0.0728563	1.01831 1.00881 1.02671 1.11965 1.01132 0.876728 0.931436 1.04997 0.985091 1.06058 
1146 0.116744	1.1012 1.04995 1.06528 1.03725 0.998097 0.996735 1.05144 1.08627 1.04191 1.03689 
1147 0.112543	1.0137 0.944113 0.950178 0.940144 0.981015 1.07464 1.0129 0.898986 1.05236 0.893483 
1150 0.131153	0.888241 0.915542 0.891732 0.925791 0.978793 1.08218 0.952916 0.86796 1.00189 0.895383 
1151 0.102648	1.03349 1.0254 1.04626 1.08767 1.10049 1.01882 0.993843 1.04997 1.01388 1.0439 
1152 0.0714953	1.1132 1.0854 1.11601 1.11508 0.995197 0.968381 1.0182 1.11967 0.99533 1.1028 
1153 0.0732087	0.990815 0.975815 0.974814 0.989711 0.939793 1.00389 1.00412 0.942709 1.01118 0.964301 
1154 0.105919	1.09661 1.06195 1.01479 1.14066 1.01849 0.929788 0.944256 1.01384 0.928147 1.04354 
1155 0.0834891	1.08092 0.989033 0.968748 1.06235 0.972255 1.05951 0.970583 0.963781 1.02278 0.968069 
1156 0.0750779	1.02268 0.957489 0.913826 1.0268 0.948701 0.868772 0.909339 0.938767 0.884292 0.973367 
1157 0.357009	1.06894 1.00155 1.01932 0.979648 1.02511 0.927982 1.01962 1.03047 1.00604 1.019 
1160 0.246008	1.11887 1.02983 1.0589 1.06434 1.04035 0.886428 0.979559 1.03593 0.909408 1.05845 
1161 0.0901261	0.938689 0.983939 1.02503 0.899129 1.00454 1.06816 1.01367 0.982942 0.989324 1.0098 
1162 0.113445	0.984741 0.933153 0.926592 0.922193 1.01448 1.13001 1.01807 0.862646 1.05048 0.93076 
1163 0.0957983	0.86715 0.92548 0.934121 1.02218 0.938051 1.06915 0.932158 0.885784 0.929863 0.928927 
1164 0.0955882	0.924523 0.967088 0.963269 0.946025 0.967057 0.857655 0.995718 0.981203 0.869591 0.985115 
1165 0.105882	1.0597 1.04761 0.979433 1.00785 0.951026 1.13094 1.03069 0.943123 1.01522 0.952398 
1166 0.127101	1.03758 1.08843 1.12596 1.00371 1.06691 1.07419 1.09121 1.08346 1.00942 1.08949 
1167 0.12605	0.992983 1.03126 1.06071 1.0034 0.955472 1.13893 1.06989 0.978893 1.01747 0.960738 
1170 0.191008	1.00396 1.08608 1.05313 1.01215 1.01031 0.925934 1.05792 1.09418 0.975463 1.09484 
1171 0.0813915	0.905963 0.993646 0.925595 0.98593 0.994452 0.878322 0.979762 0.988326 0.904559 1.00548 
1172 0.0987857	0.908928 0.942758 0.837824 0.971076 0.92297 0.996273 0.919199 0.842419 0.934852 0.867602 
1173 0.1362	0.976102 0.990697 0.924977 0.9247 1.01288 1.01813 0.998652 0.970817 0.995915 0.892379 
1174 0.0905809	1.02686 1.12555 1.11295 1.08424 1.09112 0.762622 1.027 1.20329 0.968493 1.18453 
1175 0.158845	1.02036 1.06254 0.996995 0.959602 1.03069 0.982959 1.03896 0.992855 0.980482 0.953504 
1176 0.142435	0.972783 1.01681 0.972524 1.06925 0.993376 0.773974 0.948821 1.00026 0.849831 1.04213 
1177 0.100755	0.959012 1.01486 0.896287 1.06704 0.963001 0.993771 0.967177 0.945308 0.982983 0.947524 
BOUNDS
LWPS R    0.0  0.0  0.0  0.0  0.0  0.0  0.0  0.0  0.0  0.0
UWPS R    0.5  0.5  0.5  0.5  0.5  0.5  0.5  0.5  0.5  0.5
LXAS R   -0.5 -0.5 -0.5 -0.5 -0.5 -0.5 -0.5 -0.5 -0.5 -0.5
UXAS R    0.5  0.5  0.5  0.5  0.5  0.5  0.5  0.5  0.5  0.5
END
