NAME moment_estimations_cluster
ASSETS 10
BENCHMARKS 0.1 0.1 0.1 0.1 0.1 0.1 0.1 0.1 0.1 0.1 
COVARIANCES
0 0 0.0197975
1 0 0.00138356
1 1 0.00532461
2 0 0.00765823
2 1 0.00418982
2 2 0.0244659
3 0 -0.00598861
3 1 0.0112998
3 2 0.0139593
3 3 0.0531873
4 0 -0.00252435
4 1 0.00562324
4 2 0.00378062
4 3 0.0263245
4 4 0.0154934
5 0 -0.00403631
5 1 0.00914716
5 2 0.0162358
5 3 0.0367711
5 4 0.0167144
5 5 0.030772
6 0 0.000778911
6 1 0.00330016
6 2 0.00667329
6 3 0.0106467
6 4 0.00350673
6 5 0.00997369
6 6 0.00750418
7 0 -0.00695401
7 1 0.0168264
7 2 0.029328
7 3 0.0776245
7 4 0.0370809
7 5 0.0596221
7 6 0.0171385
7 7 0.129562
8 0 0.00858964
8 1 -0.00549415
8 2 -0.00158167
8 3 -0.0220936
8 4 -0.0109448
8 5 -0.0171444
8 6 -0.00292132
8 7 -0.0359072
8 8 0.0184168
9 0 0.000693929
9 1 0.000988319
9 2 0.00553361
9 3 0.00534405
9 4 0.00284228
9 5 0.00461115
9 6 0.00233427
9 7 0.00832825
9 8 0.0016983
9 9 0.00463347
SCENARIOS
0 0.34502	1.02332 1.05881 1.10945 1.29068 1.10596 1.17741 1.0786 1.51451 0.923568 1.04535 
1 0.65498	1.01342 1.0132 0.936928 0.931787 0.924284 0.895185 0.971974 0.824446 1.06313 1.00562 
00 0.482088	0.928907 1.01611 1.08735 1.20457 1.11034 1.20353 1.04947 1.36421 0.934093 1.00907 
01 0.517912	1.05503 0.923252 0.986217 0.802991 0.92278 0.924953 0.964158 0.734006 1.10353 1.00949 
10 0.631073	0.985313 0.933292 0.979847 0.82854 0.943432 0.921389 0.957438 0.869056 1.08633 0.991695 
11 0.368927	0.984182 1.00707 1.06593 1.29028 1.17481 1.16627 1.04528 1.58262 0.884508 0.934539 
000 0.137378	1.03189 1.07627 0.857366 1.19989 1.20225 1.05701 0.976506 1.34384 0.801988 0.994848 
001 0.0458125	0.804978 1.04156 0.752931 1.12351 1.09452 1.03881 0.953783 0.961942 0.786675 0.937966 
002 0.182348	1.24869 1.0222 1.12768 0.798795 0.82584 0.827726 0.934504 0.658741 1.20307 0.930972 
003 0.189623	1.00242 1.05684 1.27794 1.3421 1.14058 1.39565 1.15097 1.75329 0.909487 1.07896 
004 0.042566	0.973992 0.92506 0.84711 0.987489 1.06727 0.937437 0.981108 0.974588 1.0173 1.02718 
005 0.165454	1.06146 1.09402 1.01578 0.896883 0.992514 0.933777 0.925751 0.916622 0.955536 0.98751 
006 0.0924668	0.841512 0.944892 0.715002 0.758371 0.923308 0.789831 0.849582 0.614135 0.998575 0.964546 
007 0.144352	1.04189 0.937998 1.09161 0.890939 0.866885 0.973015 1.11041 0.889894 1.02741 0.952992 
010 0.135766	0.79611 1.09538 1.06495 1.50198 1.20145 1.32133 1.12006 1.79546 0.860359 1.04119 
011 0.0824892	0.75259 1.12495 0.761851 1.26079 1.07305 1.05755 0.975306 1.14089 0.722684 0.778033 
012 0.0701214	1.16988 0.982414 1.0721 0.666862 0.775413 0.757258 0.984836 0.601586 1.37668 0.990231 
013 0.116906	1.06318 0.972381 1.12458 0.885653 0.848683 0.892982 0.968444 0.788694 1.04406 0.994689 
014 0.0472886	1.3643 1.00534 1.03715 0.93715 0.962439 0.772242 0.981863 0.659686 1.47635 1.08263 
015 0.201354	0.899473 1.06149 0.766989 1.02818 1.05224 0.885944 0.894137 1.01615 0.950312 0.965091 
016 0.175611	0.919075 0.906672 0.802694 0.812529 0.87949 0.746875 0.943674 0.700391 1.12554 0.942441 
017 0.170463	1.05832 0.973813 1.17758 1.18894 1.03244 1.05299 1.00125 1.2254 0.989889 1.03491 
100 0.11545	1.07441 0.857443 0.789548 0.693166 0.796536 0.735251 0.980804 0.447525 1.24782 1.01235 
101 0.143635	0.902661 0.982593 0.817477 0.952432 1.03489 0.988996 0.966181 0.938732 0.791039 0.816036 
102 0.0572894	1.17551 0.99904 1.26837 0.866352 0.896059 0.987211 0.976283 0.730062 1.13123 0.94829 
103 0.0949581	1.1176 1.07905 0.924605 1.3931 1.17808 1.22169 1.1283 1.46611 0.841717 0.946212 
104 0.125587	1.297 1.05529 1.31165 0.873138 0.941156 1.01899 1.10232 0.838607 1.29314 1.03873 
105 0.193957	0.94608 0.941714 0.982876 1.00038 1.04225 0.992153 0.901657 0.957437 0.935584 0.994336 
106 0.102797	1.02492 1.06006 1.34478 1.34722 1.16201 1.29664 1.12072 1.61397 0.821204 1.03844 
107 0.166328	1.22878 0.963084 1.0195 0.991098 1.0173 0.887684 0.987118 0.827993 1.08242 0.986291 
110 0.235185	1.01288 1.04851 1.02935 0.850542 0.899366 0.893655 0.978642 0.771104 1.12906 1.1155 
111 0.0972521	0.919961 1.1431 1.11347 1.45012 1.2578 1.35477 1.02571 1.4769 0.896706 1.15426 
112 0.0865337	0.888936 1.0082 1.10982 0.701563 0.883915 0.937302 0.925948 0.782067 0.972075 0.997164 
113 0.0582685	0.868862 1.10893 1.21685 1.55309 1.19285 1.65369 1.25892 2.15741 0.794685 1.13041 
114 0.103998	0.841727 1.05003 0.915897 1.18158 1.19857 1.18451 0.964585 1.27058 0.819363 1.07967 
115 0.0707664	1.23979 0.918691 0.907973 0.676201 0.842145 0.784334 0.902146 0.503369 1.35198 1.13157 
116 0.171784	0.844996 0.99247 0.755448 0.934794 1.01152 0.895264 0.931617 0.764905 0.914622 0.99959 
117 0.176213	1.02866 0.987487 1.39444 0.94429 0.92336 1.1363 1.10614 1.13929 1.01569 1.1417 
0000 0.119037	1.02341 0.829611 1.00927 0.710726 0.817902 0.746637 0.891545 0.568349 1.37671 0.918214 
0001 0.0595186	0.90227 0.928373 0.806037 0.863367 1.04149 0.787738 0.934985 0.690231 1.26693 1.00194 
0002 0.0726477	0.701973 1.07327 0.841519 1.19449 1.10103 1.14564 0.970923 0.897836 0.874417 0.969463 
0003 0.0905908	1.0211 0.994002 1.24587 1.11664 0.921306 1.09175 1.23205 1.03214 1.23734 0.953476 
0004 0.154486	0.954333 0.941406 1.0912 0.921143 0.925411 0.977992 1.02486 0.819977 1.11422 0.954346 
0005 0.0792123	0.806813 1.09518 0.725563 0.958849 0.922839 0.863723 0.906095 0.741382 0.989846 0.878563 
0006 0.204814	0.782631 0.944792 1.0059 1.07982 0.979373 1.12589 0.894278 1.13376 0.962545 1.07372 
0007 0.219694	0.896265 1.00767 1.10886 1.50779 1.20736 1.36197 1.10114 1.73075 0.980446 1.00852 
0010 0.103675	1.14565 1.12121 0.993959 0.96229 1.01761 1.03947 1.14222 1.0853 0.908249 0.960434 
0011 0.131234	0.891153 1.08299 1.17537 1.38222 1.14612 1.23474 1.11499 1.746 0.879488 1.08645 
0012 0.148294	1.13818 1.07655 1.34688 1.00856 0.974755 1.10312 1.0402 1.12211 0.899488 1.04797 
0013 0.143045	0.804097 1.11032 1.01521 1.09495 1.0725 1.09758 0.942856 1.43578 0.884879 1.05743 
0014 0.0629921	0.892651 1.03113 0.701594 0.763053 0.891883 0.78966 0.847318 0.91199 0.85561 0.8175 
0015 0.153543	0.936737 1.0228 1.17599 0.868331 0.855172 0.945167 1.06866 0.876199 1.02998 0.881614 
0016 0.0748031	0.780243 0.889822 0.851162 0.726474 0.756569 0.867331 1.03121 0.787526 1.1117 0.951577 
0017 0.182415	1.20048 0.946459 0.870978 0.786132 0.862686 0.827796 1.02205 0.654085 1.25515 0.958793 
0020 0.137817	1.28327 0.961573 0.896989 0.59016 0.761297 0.72344 0.989506 0.521784 1.29173 1.01806 
0021 0.0999011	0.962505 0.882987 0.69364 0.734599 0.968961 0.742448 0.936278 0.607611 1.08312 0.946872 
0022 0.143422	1.12572 0.999775 1.15465 0.640577 0.90477 0.799243 0.938783 0.619073 1.25025 1.13093 
0023 0.115397	0.972761 1.04692 0.961617 1.06037 1.06347 1.0901 0.930317 1.23129 0.786513 1.00313 
0024 0.147379	1.12864 1.0997 1.01853 1.05286 1.04529 1.24342 1.18012 1.28762 0.998772 1.09332 
0025 0.129904	1.03347 0.934937 1.22779 1.38181 1.15265 1.3027 1.14612 2.10519 0.951442 1.29279 
0026 0.0844049	1.05948 0.999933 0.842212 0.804303 0.999 0.93549 1.09326 0.843399 0.939713 0.990715 
0027 0.141774	0.932737 0.92665 1.02544 0.780792 0.834369 0.996402 1.05239 0.952707 1.00559 1.09575 
0030 0.116994	1.06166 1.0161 1.03829 1.09954 0.934482 1.01267 1.10215 1.16681 0.910814 0.96625 
0031 0.111287	1.36131 0.899734 1.02868 0.602626 0.691649 0.747118 0.956767 0.46548 1.26844 1.05599 
0032 0.184845	1.41787 1.15204 1.25125 1.01692 0.996896 0.937541 0.931487 0.86049 1.08628 0.973313 
0033 0.0951173	0.984449 1.06561 0.888971 1.28491 1.1502 1.04595 0.946149 1.29363 0.764205 0.960135 
0034 0.0789474	0.95838 1.03889 1.17634 1.11187 1.03993 1.22655 0.937106 1.55593 0.81169 1.04291 
0035 0.0558022	1.09461 0.948086 0.812384 1.00376 1.13208 0.897617 0.84644 0.983377 0.954015 0.976879 
0036 0.116994	0.99103 1.26124 1.09919 1.69655 1.23745 1.45272 0.956874 2.18368 0.629143 0.842402 
0037 0.240013	1.05797 1.04864 0.929294 0.834634 0.833962 0.886756 0.965532 0.721304 0.979721 0.833672 
0040 0.196328	0.959784 1.14105 0.910402 0.996962 0.946636 1.03815 1.00801 1.05729 0.874002 0.970027 
0041 0.0833333	1.21048 0.97477 1.10868 1.10831 1.05283 0.985733 1.09858 0.961202 1.25537 1.15034 
0042 0.0974576	0.913021 1.11706 1.11794 1.10142 1.01389 1.09411 1.02065 1.06736 1.06725 1.0576 
0043 0.0508475	0.983975 0.965288 0.86623 0.768863 0.878212 0.689967 0.969187 0.455886 1.47705 1.00496 
0044 0.196328	0.814817 1.04663 1.24516 1.34003 0.998386 1.2251 1.08419 1.63915 0.820747 0.931838 
0045 0.100282	0.99278 1.09935 1.1968 1.54232 1.19225 1.1347 1.1342 1.6359 1.04528 1.26054 
0046 0.153955	0.836444 1.04576 0.807969 0.840465 0.951102 0.851891 0.873347 0.604117 1.01194 0.937541 
0047 0.121469	0.935815 0.921122 0.995005 0.966324 0.96008 1.00353 1.04175 0.887573 1.07262 1.07866 
0050 0.0828488	0.982379 0.888068 0.657249 0.804321 0.899435 0.755443 0.833669 0.507115 1.03949 0.863768 
0051 0.0977471	1.09694 0.977669 1.27722 1.59844 1.14467 1.42904 1.12228 2.00673 0.875839 0.960085 
0052 0.164608	0.921571 0.967547 0.940934 1.04189 0.961997 0.995416 1.01435 0.945841 0.980945 1.0149 
0053 0.173692	0.916708 0.947681 1.03111 1.29679 1.05269 1.20443 0.991401 1.38445 0.862562 0.895982 
0054 0.0824855	0.995014 0.921405 0.929727 0.686894 0.818102 0.773681 0.892922 0.5149 1.10578 0.920013 
0055 0.072311	1.40854 0.985024 1.01744 0.982465 0.970507 1.03019 1.03272 0.947504 0.912082 0.855003 
0056 0.0875727	0.874246 0.894854 0.768549 1.00021 1.09392 0.987325 0.882206 0.971299 0.834563 0.958186 
0057 0.238735	1.15955 0.840712 1.0524 1.06268 1.03731 0.927103 0.929209 1.04053 1.18882 1.03317 
0060 0.0929779	0.93933 1.05598 1.00198 1.55721 1.27431 1.16433 0.996958 1.66652 0.830239 0.934303 
0061 0.107282	1.05872 1.04047 1.05681 1.13518 1.00795 0.963465 1.0073 1.01281 1.1046 1.03388 
0062 0.191157	1.11603 0.887808 0.995483 0.782193 0.845231 0.839529 1.06081 0.656417 1.15324 0.972789 
0063 0.0936281	1.0953 1.07973 1.12243 1.19252 1.04861 1.18224 1.18852 1.35825 0.880107 1.02709 
0064 0.250325	1.08789 0.992728 0.902361 0.92563 0.948928 0.97589 1.00553 0.872743 0.924224 0.848917 
0065 0.0695709	1.25522 1.07146 0.728568 0.627334 0.877932 0.652048 0.835678 0.455761 1.0376 0.900856 
0066 0.0617685	0.802296 1.05135 0.90005 1.29117 1.10722 1.10759 0.990105 1.33384 0.730476 0.902779 
0067 0.13329	1.3618 0.967697 1.13203 0.814943 0.856296 0.918819 1.08065 0.942219 1.26906 1.00717 
0070 0.172012	1.14889 1.07564 1.22773 1.11385 1.10849 1.19479 1.00562 1.11992 1.00094 1.07492 
0071 0.113703	0.974372 1.13283 0.785616 1.01479 1.14415 0.926558 0.888658 0.832979 0.960006 0.963136 
0072 0.162849	1.20775 1.02913 0.938989 0.965349 0.98688 0.855575 0.956135 0.717467 1.12614 1.04991 
0073 0.149105	0.978347 1.13113 0.960618 1.28634 1.20273 1.11019 0.975062 1.08665 1.01025 1.10961 
0074 0.140358	0.721683 1.1274 0.837299 1.24383 1.11836 1.23525 1.04224 1.23777 0.766438 1.0236 
0075 0.14369	0.939814 0.98416 0.763044 0.774605 0.927846 0.780318 0.948927 0.552937 1.08171 0.962195 
0076 0.0433153	0.784449 1.14662 0.989833 1.12884 1.05316 1.05251 0.89985 1.13429 0.809803 0.951647 
0077 0.0749688	0.794908 1.12698 1.11185 1.60878 1.27084 1.49683 1.09982 1.97896 0.776952 1.18522 
0100 0.249794	1.10695 1.04654 0.81533 0.717741 0.970975 0.840831 0.943302 0.672562 0.930656 0.87265 
0101 0.0972795	1.09658 1.04353 1.52847 1.04521 0.94039 1.11273 1.02947 1.2192 1.03978 1.0685 
0102 0.0956307	1.03032 0.981936 1.01232 0.861802 0.876134 0.986639 1.03142 0.843366 0.958368 0.869993 
0103 0.145095	1.43703 1.0747 1.1897 0.725985 0.937169 0.846859 1.05696 0.703664 1.28391 1.04457 
0104 0.133553	0.957588 1.21524 0.873034 1.36487 1.07103 1.1109 1.07074 1.32036 0.907147 0.956557 
0105 0.163644	1.0309 1.19527 1.1395 1.53468 1.16119 1.25851 1.02234 1.80745 0.738796 0.856961 
0106 0.0535862	0.92623 0.877846 0.949185 0.680386 0.745491 0.764058 1.10519 0.52048 1.11187 0.93268 
0107 0.061418	1.41787 1.04491 1.0535 0.826051 0.914754 0.907758 1.0615 0.89471 1.08356 0.973767 
0110 0.145862	0.99864 0.966379 1.13781 1.15778 1.07894 1.14162 1.04642 1.51338 0.890082 1.09169 
0111 0.167571	1.08239 0.952158 0.83746 0.64999 0.852499 0.76376 0.889913 0.618096 1.14641 1.00559 
0112 0.180461	1.02604 0.887812 1.32998 0.746711 0.871537 1.13626 1.05988 1.11084 0.96924 1.15005 
0113 0.0597015	0.94469 1.07639 1.03952 1.60104 1.43293 1.336 0.990568 2.21674 0.871525 1.18449 
0114 0.0976934	1.00662 0.932406 1.03795 0.663572 0.81266 0.913185 1.09147 0.804767 1.22846 1.31554 
0115 0.141113	0.86573 0.916418 1.09565 0.881373 0.926001 1.0324 1.00152 1.016 1.09628 1.17715 
0116 0.0712347	0.928392 0.903848 0.758766 0.555931 0.741638 0.804116 0.949227 0.558486 1.07722 0.993296 
0117 0.136364	0.77425 0.941778 0.796501 1.03952 1.09953 1.07478 0.898889 1.08541 0.876368 1.08277 
0120 0.117318	0.876432 0.843181 0.848027 0.709594 0.837661 0.661688 0.93811 0.446634 1.14759 0.980317 
0121 0.103751	1.09117 1.08966 1.44077 1.23163 1.10126 1.3909 1.02881 1.43047 0.948153 1.19393 
0122 0.209098	1.04253 0.92351 0.961947 0.799314 0.938697 0.810109 0.899537 0.586515 1.05199 1.01328 
0123 0.0502793	1.26439 1.14421 1.15218 1.00836 0.973919 1.21841 1.25659 1.37307 0.942559 1.01994 
0124 0.106145	0.942847 0.887097 1.00571 1.21546 1.20019 1.04515 1.04202 1.00969 1.09984 1.24121 
0125 0.0582602	0.995595 1.01632 1.15069 1.63615 1.16484 1.4529 1.27759 1.77152 0.764029 0.994722 
0126 0.120511	1.37541 0.945467 1.37288 1.12794 0.94337 1.05988 1.00197 1.24287 1.05999 0.942899 
0127 0.234637	0.870576 0.934508 0.93676 0.992049 0.903122 0.947824 0.932853 1.18643 0.859183 0.813951 
0130 0.061752	1.23548 1.19374 0.983897 0.853747 0.912993 1.04783 1.029 0.897696 1.04705 0.900801 
0131 0.133078	0.95496 1.01638 0.900343 0.773585 0.862376 0.890294 1.04079 0.70236 1.23113 0.925264 
0132 0.130206	0.903287 1.05465 1.02343 0.868362 0.920267 1.05112 1.03751 1.27333 0.841826 0.808901 
0133 0.0574438	1.24289 1.13024 1.32819 0.737928 0.846158 0.960332 1.05632 0.800286 1.19546 1.01588 
0134 0.102441	0.9662 0.986393 0.792113 0.941005 1.18364 0.997791 0.934531 1.17855 0.919329 0.93608 
0135 0.178554	0.988442 1.02477 1.16449 1.0345 1.07491 1.23051 1.20654 1.45528 0.988901 1.09311 
0136 0.181427	0.806389 0.934409 0.986182 0.927268 1.01073 0.966 1.03201 0.881998 1.1039 0.996897 
0137 0.155098	0.80547 1.01058 0.837473 0.779962 0.897177 0.858085 0.901596 0.841439 0.973427 0.933659 
0140 0.12426	1.02829 1.23178 1.16517 1.25956 1.20721 1.4309 1.09631 1.691 0.806535 1.062 
0141 0.112426	1.33202 1.10536 1.29743 0.97602 0.965684 1.19658 1.20068 1.29304 1.00209 0.951076 
0142 0.0698225	1.1484 1.20392 0.968538 1.0633 1.10395 1.16682 1.10846 1.25847 0.833939 0.929581 
0143 0.0982249	1.14961 0.883783 0.949999 0.677438 0.819749 0.843268 1.07696 0.747558 1.2475 0.960095 
0144 0.0686391	1.00986 0.979268 0.743294 0.721037 0.976426 0.849485 0.913255 0.768616 0.860519 0.792866 
0145 0.150296	0.930426 0.908698 0.769111 0.45273 0.844289 0.676746 0.848683 0.56364 1.16229 0.945206 
0146 0.153846	0.886982 0.965995 0.714516 0.835481 1.0005 0.871423 0.864002 0.92392 0.873144 0.902603 
0147 0.222485	1.05509 0.896398 0.993378 0.911904 0.922892 0.993027 1.01053 0.93029 0.954034 0.863975 
0150 0.258199	1.01295 1.00453 0.87694 0.940614 1.00413 0.855707 0.978589 0.686589 1.03444 1.00083 
0151 0.162312	0.771291 1.03789 1.15536 1.54266 1.16074 1.35465 1.1298 1.61328 0.864534 0.989256 
0152 0.0850472	1.11853 0.869516 1.03116 0.743978 0.890056 0.803086 0.961319 0.460848 1.29233 0.891003 
0153 0.0933852	0.917315 0.944938 1.20858 0.984053 1.05992 1.06791 1.08943 0.949756 1.10624 1.15357 
0154 0.0594775	1.12218 0.94301 1.18654 0.866591 0.779212 0.87363 0.992038 0.770303 1.04726 0.922226 
0155 0.152307	0.72951 0.953273 0.963802 1.16928 1.04655 1.12246 1.0101 1.18841 0.843895 0.964699 
0156 0.0594775	0.966106 1.05754 0.675765 0.963243 1.04955 0.950115 1.1605 0.574868 0.935635 0.8652 
0157 0.129794	1.23381 1.07892 1.17212 1.02365 0.930159 1.15781 1.24633 1.12568 1.04685 0.941639 
0160 0.0417463	0.824047 1.14483 0.876646 1.25615 1.10163 1.21657 1.1774 1.51961 0.806469 1.00247 
0161 0.0497132	0.95507 1.23303 1.09773 1.68653 1.25413 1.44362 1.18168 1.75983 0.763656 1.04129 
0162 0.103888	1.06048 1.17276 1.33538 0.867612 0.970298 1.27212 1.14821 0.858608 1.04229 1.04918 
0163 0.102613	0.991553 1.1954 0.983132 1.11208 1.11433 1.12333 1.17489 0.986602 0.999031 1.02676 
0164 0.208094	0.735472 1.09137 0.829771 0.918725 0.932404 0.896554 0.933781 0.663278 0.924564 0.96669 
0165 0.153282	1.19549 0.963221 0.901074 0.685237 0.922202 0.774769 0.932619 0.641973 1.22961 1.01282 
0166 0.164755	1.06775 1.03405 1.11611 1.22109 1.21535 1.20871 1.08402 0.996203 1.0186 1.01164 
0167 0.175908	0.937011 1.06005 1.03891 0.850274 0.887057 0.986983 0.902514 0.869401 0.933924 0.987356 
0170 0.124754	1.17446 1.11944 1.27951 0.910628 0.894748 1.0433 1.02371 1.14534 1.14053 1.01952 
0171 0.174655	1.06303 1.12865 1.44514 1.34601 1.06522 1.25037 1.06699 1.58457 0.930012 0.921143 
0172 0.0863427	1.33967 1.2339 0.98587 0.867554 0.976383 0.930344 1.01218 0.793429 1.08378 0.953163 
0173 0.0948785	0.89113 1.0777 1.07523 0.716689 0.836961 1.00221 0.926759 0.694111 1.11061 0.914359 
0174 0.254104	0.823139 1.13735 0.834 1.04533 1.07686 1.06478 0.971265 1.00064 0.854149 0.903189 
0175 0.0771504	0.805215 0.988306 1.09799 0.905129 0.861234 1.05463 1.11735 0.989094 1.03155 0.946967 
0176 0.0508864	1.02001 1.08362 0.850639 0.568872 0.789462 0.751725 0.917942 0.446095 1.2829 0.874392 
0177 0.137229	0.828145 0.977232 1.02951 1.13115 1.12852 1.13581 1.03899 1.16253 1.06665 1.01911 
1000 0.0963956	0.899555 1.0697 0.876039 0.986513 0.997484 1.03222 1.02604 1.08757 0.882557 0.851759 
1001 0.086337	1.17086 1.02063 0.922004 0.639236 0.880814 0.8118 0.856355 0.663912 1.01163 0.807424 
1002 0.1272	0.867167 1.10097 1.12054 1.03034 1.03956 1.21338 1.05104 1.36467 0.813357 1.02644 
1003 0.142917	0.896796 1.00012 0.851683 0.765044 0.886651 0.764647 0.893524 0.586383 1.07679 0.886021 
1004 0.220243	1.11978 0.956993 1.05488 0.523798 0.793107 0.754846 0.900452 0.642885 1.28045 0.943303 
1005 0.169111	1.07184 1.0122 1.15377 1.2313 1.18156 0.994769 1.01411 1.49987 1.04381 0.961908 
1006 0.0729254	0.825977 1.05034 0.773735 0.949027 1.12657 0.844828 0.799337 0.938441 0.847663 0.864569 
1007 0.0848701	1.11123 1.16888 1.19568 1.19518 1.11142 1.16353 1.0988 1.79223 0.865816 0.891576 
1010 0.0825333	1.33204 1.01733 0.857533 0.62395 0.796402 0.727677 1.06086 0.409253 1.32038 0.986021 
1011 0.0491831	0.8528 0.884689 0.758761 0.850203 0.933525 0.77617 1.04231 0.657442 1.24077 1.09074 
1012 0.107799	0.982369 0.978617 0.952319 0.840231 0.869336 0.807201 0.871644 0.718732 1.1729 1.04664 
1013 0.13458	0.815742 0.970193 0.81101 1.03906 1.0027 0.953337 0.944138 1.04827 0.881703 1.02923 
1014 0.228061	1.10993 1.09272 1.06583 1.37092 1.08985 1.09718 0.958269 1.38597 0.876553 1.04459 
1015 0.213071	0.984964 1.03097 1.21423 1.1726 1.00864 1.23319 1.07593 1.12581 1.06747 1.21162 
1016 0.0471619	0.880139 1.1108 0.755865 1.40428 1.25557 1.11269 1.09428 1.27093 0.95056 1.09915 
1017 0.137612	0.807192 1.04931 0.84683 1.00913 0.981686 0.970776 0.999186 0.874743 1.06593 1.12616 
1020 0.158784	1.11013 0.98198 1.27712 0.957023 0.883032 0.945429 0.963804 1.07894 1.12142 1.1073 
1021 0.198057	0.971429 0.810951 0.937681 0.635667 0.763577 0.650049 0.89797 0.565587 1.27357 0.99271 
1022 0.0641892	1.0455 1.06718 1.07826 1.29184 1.09036 1.26606 1.05902 1.77053 0.798236 0.956598 
1023 0.173564	1.07388 0.952599 0.923767 0.70466 0.953231 0.748347 0.897142 0.790418 1.00999 1.00872 
1024 0.051098	0.940841 0.993819 1.3205 1.28699 0.98573 1.19716 1.15162 2.01043 0.85406 0.97927 
1025 0.180743	0.764211 0.918988 0.859241 1.00107 0.985545 0.888374 1.04253 0.90511 1.02088 1.07269 
1026 0.0430743	0.977046 1.02658 0.900018 1.19737 1.17385 1.02407 0.878114 1.42685 0.865558 1.06579 
1027 0.13049	0.953464 1.03704 1.17141 0.975233 1.06693 1.12877 1.00957 1.18602 0.894273 1.0079 
1030 0.0828025	0.753887 0.920451 0.908145 0.979083 0.934225 0.886043 0.926501 0.889605 0.923138 0.873688 
1031 0.15465	0.878207 0.947913 0.889754 1.03489 1.15085 0.859966 0.829574 0.866481 0.972178 0.97108 
1032 0.084586	1.12956 1.04304 0.908331 0.888473 1.01386 0.977397 1.05603 0.842993 0.969811 0.959234 
1033 0.0909554	0.707452 0.909142 0.888286 1.4119 1.24017 1.14807 0.902167 1.47897 0.766751 0.979043 
1034 0.129172	0.90898 1.04578 1.15755 1.26277 1.06648 1.1796 1.03862 1.50269 0.890532 1.00712 
1035 0.0568153	1.02709 1.07392 1.28305 1.27316 1.11019 1.1887 1.03516 1.26507 1.09234 1.15014 
1036 0.207898	0.973773 0.992395 0.861421 0.645203 0.828082 0.747832 0.872988 0.523671 1.23839 0.960384 
1037 0.193121	1.06078 1.03023 1.11065 0.946143 0.940476 0.982325 1.13962 0.832992 1.15394 1.05853 
1040 0.0990175	0.852909 0.95084 0.868876 1.05533 1.09831 0.899782 0.857082 1.10213 0.938916 1.22364 
1041 0.132922	0.983148 0.902336 1.01809 1.35987 1.19362 1.09336 1.02793 1.65031 0.800154 1.04743 
1042 0.0818725	1.05405 0.876035 1.07596 1.06176 0.885211 0.963508 1.05435 0.881381 0.964993 1.01251 
1043 0.132537	1.25805 0.941305 0.925888 1.03339 1.01844 0.931007 1.02126 1.42075 0.920521 1.04502 
1044 0.164708	1.23811 1.03135 1.16081 0.966468 0.904283 0.845029 0.976879 0.957087 1.20507 1.08502 
1045 0.221345	0.860801 0.855718 0.790642 0.838931 0.946543 0.802269 0.9025 0.575006 1.21133 1.04272 
1046 0.0814872	0.776717 0.952775 0.771667 1.3168 1.08276 1.17074 1.13188 1.35019 0.895273 1.11345 
1047 0.0861106	1.01615 1.15351 1.21332 1.68293 1.37424 1.31414 1.09746 2.25883 0.825066 1.1739 
1050 0.202944	0.883135 1.0735 1.02319 1.10602 1.0432 1.074 1.13131 0.977758 0.984628 1.07031 
1051 0.0839466	0.914727 0.913402 0.732485 0.592065 0.742997 0.725751 0.91378 0.331201 1.28739 0.932657 
1052 0.199576	1.05646 1.09736 1.02701 1.48121 1.25253 1.1616 1.11448 1.79749 0.906372 1.05989 
1053 0.0607459	1.1173 1.03328 1.48258 1.0658 0.9909 1.20459 1.10873 1.68826 0.897018 0.960422 
1054 0.0760883	1.11999 0.984327 1.16808 1.05418 1.05488 1.10139 1.13227 0.820292 1.22379 1.07026 
1055 0.0707247	0.935855 0.985823 1.04927 0.771945 0.781823 0.983607 1.10746 0.729403 1.01005 1.02258 
1056 0.236248	0.904307 0.904687 0.83582 0.746217 0.903189 0.786748 0.971089 0.724395 1.03836 0.938567 
1057 0.0697268	1.21987 1.05628 1.14158 0.951581 0.991713 1.07157 0.965195 1.23365 1.0011 0.917921 
1060 0.136973	1.2485 1.03186 1.28568 1.05208 0.949533 1.19399 1.10495 1.3248 1.14561 1.14678 
1061 0.152036	0.921933 0.904402 0.929749 0.68862 0.733873 0.9206 1.00853 0.738847 1.17717 0.920624 
1062 0.104024	1.26333 0.987036 1.23963 0.741742 0.784388 0.968138 1.08109 0.851728 1.13252 0.976421 
1063 0.248764	1.03277 1.04759 0.946916 1.20557 1.07782 1.21176 1.02645 1.55255 0.881931 0.911761 
1064 0.0689574	0.875248 0.860066 0.81759 1.00482 0.985215 0.947287 0.88706 0.883465 1.01909 1.03932 
1065 0.11791	1.18474 1.01288 0.889052 0.853744 0.784222 0.86199 1.13104 0.764674 1.29098 0.98628 
1066 0.0640151	1.02032 1.20723 0.97421 1.76928 1.3681 1.53275 1.11474 2.34842 0.747955 0.881089 
1067 0.107319	0.955166 0.976603 0.711713 0.995678 0.9462 0.946118 0.971191 0.722063 0.868729 0.783465 
1070 0.185891	0.931566 0.935104 0.866541 0.722388 0.828622 0.841045 0.903987 0.684557 1.08586 0.983206 
1071 0.122036	1.01879 1.10013 1.32051 1.16623 1.0435 1.41271 1.11648 1.77425 0.936325 1.11347 
1072 0.1024	1.18452 0.840352 0.869845 0.726898 0.923612 0.768948 0.897578 0.8445 1.32721 0.971319 
1073 0.0427636	1.40453 1.13912 0.92672 0.804467 1.0226 0.965419 0.977016 0.676585 0.978513 0.858776 
1074 0.0948364	0.817567 1.08013 0.96921 1.19034 1.10407 1.25306 1.19959 1.08709 1.03574 1.00505 
1075 0.139491	0.890676 1.13108 0.893262 1.25354 1.17881 1.31684 0.997838 1.60838 0.838074 1.03805 
1076 0.165964	0.909973 0.954006 0.788723 0.853388 0.986418 0.961316 0.92281 0.756727 0.888796 0.878084 
1077 0.146618	1.12508 0.999194 1.11721 0.815133 0.902236 1.08267 0.952324 0.765922 1.08354 1.01257 
1100 0.0837586	1.12644 1.06077 1.19865 1.33167 1.18235 1.36151 1.13614 1.77904 0.909347 1.06894 
1101 0.0807672	0.651914 0.923258 0.900038 1.00324 0.99197 1.09359 0.98529 1.36572 0.83681 0.989567 
1102 0.0950202	0.93436 1.03135 0.866369 0.95589 1.054 1.05363 1.0743 0.809302 1.04813 0.938384 
1103 0.135844	1.27872 0.964066 1.16415 0.760467 0.912522 0.989408 1.06189 0.878788 1.1716 1.04254 
1104 0.27116	0.910829 0.851406 0.950714 1.00995 0.991946 1.07155 0.953247 1.03929 0.927863 0.979293 
1105 0.155024	1.10399 1.00693 1.05594 1.12907 1.1327 1.17018 0.963014 1.1272 1.16005 1.06103 
1106 0.0614112	0.887279 1.03505 0.927418 1.4882 1.33227 1.2498 1.10612 1.84795 0.764389 0.944596 
1107 0.117016	0.902241 0.776759 0.809591 0.633845 0.846126 0.798789 0.854412 0.527579 1.20687 1.01131 
1110 0.120426	0.835722 0.947765 0.873711 0.849356 0.847192 1.01383 1.15375 0.874125 0.95626 0.937568 
1111 0.105532	1.01455 1.04446 1.08431 1.44264 1.20182 1.30242 1.14284 1.57789 0.91843 0.966384 
1112 0.164255	0.895708 0.909229 0.892222 0.680112 0.820644 0.812268 1.0332 0.615786 1.12382 0.905507 
1113 0.140426	1.19927 1.00066 0.96504 0.919792 1.01418 0.952548 1.05167 0.939324 1.11499 1.01501 
1114 0.168511	1.27354 0.957939 1.10701 0.83163 0.934215 0.87473 1.10921 0.81422 1.17674 0.955441 
1115 0.0957447	0.90235 0.983238 0.975377 1.16208 1.0902 1.11567 1.13462 1.60298 0.773757 0.988187 
1116 0.0497872	1.24938 1.10746 1.43022 1.38546 1.17852 1.54044 1.14606 2.42332 0.736669 0.927726 
1117 0.155319	0.884958 0.950534 1.07951 0.928192 0.911375 1.15574 1.02397 1.08676 0.843284 0.898189 
1120 0.105213	1.18869 0.979662 1.23357 1.14468 0.990095 1.16463 1.01031 1.13237 1.05958 1.07828 
1121 0.175514	1.19487 0.875049 0.954339 0.872072 0.832707 0.85923 1.03446 0.601048 1.15858 0.966532 
1122 0.156863	1.01033 0.989749 0.984065 1.41426 1.12242 1.29091 1.13666 1.28504 0.822014 1.00396 
1123 0.152559	1.07004 0.949983 1.09836 1.48216 1.13298 1.35873 1.10579 1.6425 0.88114 1.07632 
1124 0.0937351	1.52177 0.988427 1.19668 0.929871 0.820704 1.02981 1.04489 0.912245 1.23582 0.89549 
1125 0.0774749	0.901182 0.801461 0.720105 0.862788 0.820526 0.851571 0.878462 0.711532 1.01953 0.931106 
1126 0.141559	1.01575 0.892205 0.930276 1.13422 0.992978 0.925346 0.91494 0.779469 1.00319 0.923748 
1127 0.0970827	0.777155 0.884025 0.772732 1.09263 0.963812 1.09796 0.984281 1.06945 0.805068 0.948818 
1130 0.203125	0.986481 0.914921 0.979938 1.11875 1.10409 0.998104 0.965371 1.11511 0.998706 1.0298 
1131 0.143466	0.928988 0.966885 1.1147 1.48406 1.21302 1.20342 0.996615 1.95373 0.861298 0.949196 
1132 0.068892	0.87995 0.81056 0.772865 0.682242 0.808402 0.631683 0.872252 0.463827 1.40989 1.02998 
1133 0.0497159	1.18246 0.874583 0.791328 0.635422 0.869385 0.618388 0.796525 0.594029 1.13497 0.880727 
1134 0.159801	1.21554 0.969272 1.15366 0.861669 1.02153 0.930116 1.00013 0.910598 1.24035 1.11278 
1135 0.15483	0.941653 1.02087 0.805895 0.973684 1.03418 0.912512 0.936664 0.916635 0.9323 0.962871 
1136 0.118608	0.947956 1.05938 0.95802 1.23847 1.16361 1.1378 1.03312 1.32882 0.805278 1.04545 
1137 0.101562	0.935278 0.991076 0.873245 0.676955 0.743381 0.748614 0.985792 0.598524 1.05016 0.809131 
1140 0.0553124	1.05583 1.14635 0.811505 1.151 1.1417 0.986636 0.857019 1.23012 0.890457 1.05335 
1141 0.0927179	0.861414 0.901141 0.664497 0.788198 0.881422 0.796835 0.881425 0.638657 0.977695 0.897272 
1142 0.103064	0.979014 1.1098 0.956043 1.07696 0.92943 1.01394 1.01758 1.0591 0.859387 0.905574 
1143 0.139276	0.99811 1.01013 1.22247 1.46411 1.13841 1.2134 1.01558 1.85296 0.963014 1.04184 
1144 0.0481496	0.733209 1.05086 0.952942 1.16654 0.851151 1.09162 1.05338 1.51727 0.709434 0.861445 
1145 0.167529	1.13246 1.19675 0.957013 1.38777 1.15815 1.18855 1.06861 1.43208 1.01609 0.960656 
1146 0.197772	1.11083 0.936055 1.0549 0.867136 0.917632 0.872007 0.960401 0.837953 1.10164 0.959345 
1147 0.19618	1.21689 0.984946 0.909412 0.86607 0.943725 0.891219 0.985473 0.881509 1.18338 0.988182 
1150 0.0578947	1.17285 0.855001 0.863865 0.660574 0.867977 0.689251 0.8505 0.68485 1.21113 0.931964 
1151 0.20117	0.783111 0.930456 1.02965 1.22129 1.20092 1.06674 1.10231 1.38587 0.928477 0.892538 
1152 0.0906433	1.14715 0.972206 1.5879 1.09044 1.02775 1.13153 1.02601 1.8349 0.998278 0.994824 
1153 0.148538	0.772751 0.964487 0.870173 0.753562 0.904875 0.925754 0.903363 0.932526 0.855961 0.837741 
1154 0.0701754	0.764586 1.17336 1.02651 1.04843 1.00819 1.2333 1.00217 1.57868 0.695839 0.898457 
1155 0.128655	0.739527 1.02515 0.70094 0.932686 1.03856 0.870369 0.900976 0.720945 0.984981 0.901358 
1156 0.188304	0.933484 0.840029 1.0568 0.774774 0.943066 0.811375 0.992864 0.745834 1.22916 1.00203 
1157 0.11462	1.20721 1.11798 1.1316 0.799211 0.912876 0.97548 1.11028 0.863235 1.04071 0.948703 
1160 0.241869	1.00939 0.984425 1.05601 0.92946 1.04666 1.10157 0.963988 0.910326 1.0907 1.00602 
1161 0.10913	0.973631 0.843637 0.887147 0.771586 0.798693 0.909304 1.04076 0.618952 1.12388 1.01102 
1162 0.100217	1.13405 1.09392 1.21487 1.28007 1.13373 1.24536 1.01376 1.65417 1.01455 1.08608 
1163 0.163334	0.953512 1.046 0.99843 1.35349 1.10042 1.21995 1.06362 1.50302 0.813076 0.902972 
1164 0.108408	0.788206 1.01723 0.712711 0.671231 0.889684 0.804009 0.884838 0.629803 0.982719 0.888266 
1165 0.110094	1.26927 0.901472 0.930778 0.828583 0.952694 0.872166 0.978984 0.829806 1.31753 1.00272 
1166 0.0816671	0.874232 0.938445 0.802852 1.02748 1.02406 0.965695 1.0417 0.886855 0.944606 0.884817 
1167 0.0852807	1.24465 1.21946 1.3159 1.02215 1.0005 1.20549 1.17841 1.15294 0.978778 1.03546 
1170 0.191874	1.02918 1.00865 0.811009 0.906785 1.0156 0.844982 0.879672 0.885875 1.07289 1.08188 
1171 0.0925317	1.10336 0.940188 0.974224 0.777864 0.848236 0.894491 0.954499 0.709439 1.02002 0.911704 
1172 0.104274	1.2001 1.05368 1.08747 1.38492 1.31528 1.27921 1.09388 1.68441 1.05711 1.15041 
1173 0.109676	1.35608 0.950734 1.11154 0.745173 0.824925 0.844796 0.966903 0.634859 1.48702 1.05659 
1174 0.0690465	0.982829 1.07805 1.04138 1.68963 1.3366 1.51402 0.982213 2.08802 0.826042 1.06498 
1175 0.195867	1.35748 1.14132 1.14694 1.14912 1.13481 1.0978 0.986075 1.3928 0.942086 0.931789 
1176 0.129873	1.0079 1.02673 0.805958 1.16469 1.05661 0.971962 1.04097 1.08701 0.932658 0.879282 
1177 0.106858	0.972608 1.07505 1.10473 1.04564 1.00068 1.01105 1.09472 0.925344 1.21445 1.14644 
BOUNDS
LWPS R    0.0  0.0  0.0  0.0  0.0  0.0  0.0  0.0  0.0  0.0
UWPS R    0.5  0.5  0.5  0.5  0.5  0.5  0.5  0.5  0.5  0.5
LXAS R   -0.5 -0.5 -0.5 -0.5 -0.5 -0.5 -0.5 -0.5 -0.5 -0.5
UXAS R    0.5  0.5  0.5  0.5  0.5  0.5  0.5  0.5  0.5  0.5
END
