NAME moment_estimation_cluster
ASSETS 10
BENCHMARKS 0.1 0.1 0.1 0.1 0.1 0.1 0.1 0.1 0.1 0.1 
COVARIANCES
0 0 0.0060306
1 0 0.00494179
1 1 0.00538911
2 0 0.00544774
2 1 0.00570931
2 2 0.00683297
3 0 0.0080935
3 1 0.0071914
3 2 0.00731231
3 3 0.0124613
4 0 -0.00108346
4 1 -0.000658264
4 2 -0.000264457
4 3 -0.00246442
4 4 0.00176729
5 0 0.00254128
5 1 0.00257884
5 2 0.00306907
5 3 0.00319072
5 4 0.000558513
5 5 0.00239011
6 0 -3.07867e-05
6 1 -8.40575e-05
6 2 -0.000152106
6 3 -0.000482972
6 4 0.000677534
6 5 0.000461779
6 6 0.000846243
7 0 -0.0017372
7 1 -0.00202551
7 2 -0.00356064
7 3 -0.0020501
7 4 0.000252482
7 5 -0.000625017
7 6 0.00134152
7 7 0.00652912
8 0 0.0040899
8 1 0.00413983
8 2 0.00481586
8 3 0.00547022
8 4 -7.28568e-05
8 5 0.0026277
8 6 0.000155418
8 7 -0.00176541
8 8 0.00446326
9 0 0.00109179
9 1 0.000613339
9 2 0.000512692
9 3 0.00127365
9 4 -9.87266e-05
9 5 0.000391727
9 6 0.000396578
9 7 0.000789777
9 8 0.000621043
9 9 0.000639802
SCENARIOS
0 0.43078	1.07711 1.06827 1.07128 1.12137 0.982285 1.03885 0.987941 0.965129 1.05487 1.0124 
1 0.56922	0.97303 0.96048 0.958297 0.938866 1.0179 0.987082 0.99726 1.00966 0.981252 0.998413 
00 0.739728	1.03649 1.03945 1.04635 1.05027 0.977249 1.00082 0.988481 0.991219 1.01878 0.997151 
01 0.260272	0.912124 0.94126 0.961295 0.867681 1.05761 0.963521 1.05257 1.03624 0.938282 0.978562 
10 0.338639	1.09959 1.09154 1.12063 1.14339 0.981395 1.04853 1.01297 0.960387 1.07655 1.01429 
11 0.661361	0.954828 0.960068 0.970546 0.942756 1.00571 1.00251 1.01701 1.01697 0.987321 0.978885 
000 0.0839139	0.887939 0.884437 0.893576 0.882443 0.993227 0.938096 0.966741 1.01955 0.935354 0.986722 
001 0.172817	0.997851 1.01576 1.0399 0.987005 1.07874 1.06381 1.04818 1.02351 1.03108 1.03045 
002 0.0700119	0.93562 0.894797 0.865075 0.938465 0.934988 0.901094 1.00253 1.12665 0.870335 1.02219 
003 0.0804933	1.12172 1.11797 1.11391 1.30227 0.907487 1.04083 0.994526 1.00306 1.07156 1.0145 
004 0.0939559	0.84988 0.840608 0.836306 0.787715 1.03007 0.926499 1.03313 1.09892 0.904364 0.99584 
005 0.128789	0.959671 0.962141 0.952139 0.930609 1.03212 1.00297 1.04208 1.05223 0.986816 1.01029 
006 0.225946	1.02393 1.01064 0.985304 1.06351 0.958796 0.973432 0.988456 1.04227 1.05228 1.00559 
007 0.144072	1.18022 1.145 1.15194 1.21114 1.01916 1.04197 1.01885 0.971423 1.18291 1.0425 
010 0.111755	0.945729 0.882557 0.86566 0.892842 0.994899 0.933097 0.958094 1.1388 0.945925 1.01489 
011 0.162059	1.12414 1.08348 1.07582 1.12689 1.00912 1.07191 0.997661 0.985946 1.07278 1.04445 
012 0.142347	0.956014 0.947368 0.930082 0.938808 0.940499 0.947497 0.927535 0.950183 0.996202 0.96644 
013 0.110061	1.01963 0.99979 0.953235 1.0653 0.928534 0.932741 0.935492 0.981166 0.970414 1.00011 
014 0.0819658	1.16086 1.18792 1.24065 1.25252 1.00084 1.13989 1.00484 0.887814 1.23163 1.00215 
015 0.240278	1.02566 1.03407 1.02856 0.971974 1.04787 1.09613 1.03734 1.00674 1.06189 1.01967 
016 0.0693899	1.09534 1.05619 1.03096 1.1814 0.911084 1.00137 0.993835 1.01875 1.09726 1.0315 
017 0.0821441	0.897817 0.880146 0.884694 0.797524 1.05594 0.955102 0.943633 0.971946 0.878105 0.97832 
100 0.139137	1.03264 0.997065 0.969935 1.01273 0.972841 0.989842 1.01109 1.03699 0.993839 1.01238 
101 0.133949	0.880626 0.884847 0.873306 0.88788 0.973361 0.932648 0.991664 0.997313 0.934003 0.971902 
102 0.146763	0.897517 0.965863 0.955817 0.851556 1.088 1.02692 1.0175 1.07028 0.921295 0.97576 
103 0.0471571	0.970955 0.943394 0.893245 1.05158 0.887425 0.861774 0.949743 1.1008 0.890585 0.97744 
104 0.190444	1.002 1.06291 1.07395 1.00805 1.05485 1.05402 1.02693 0.951251 1.08124 0.991337 
105 0.12653	1.13209 1.14346 1.1503 1.22809 0.981307 1.02494 0.964778 0.935951 1.11874 1.03966 
106 0.0621498	0.96037 0.954529 0.922118 0.943615 1.03384 0.983659 1.0324 1.15957 0.992519 1.02395 
107 0.15387	1.07875 1.0631 1.02859 1.14834 0.933239 1.04702 0.975362 1.08023 1.00363 0.999382 
110 0.117277	1.1512 1.12439 1.1013 1.26714 0.936355 1.05198 0.983997 0.974591 1.03111 1.04724 
111 0.160362	1.0345 1.03829 1.0578 0.981952 1.07036 1.0558 0.991513 0.970356 1.0376 1.01343 
112 0.058811	0.941179 0.884959 0.841353 0.931819 0.930521 0.886655 0.960971 1.03664 0.835667 0.994071 
113 0.274212	1.0633 1.06011 1.06712 1.11329 0.973912 1.0133 1.01562 0.989571 1.01093 1.0241 
114 0.096584	0.844871 0.858046 0.841885 0.818434 1.01134 0.946093 0.963951 1.06358 0.899287 0.991893 
115 0.0911385	0.979628 0.961145 0.976907 0.944763 0.979156 0.942095 0.955706 0.954724 0.917505 0.974704 
116 0.0740849	0.929789 0.9691 0.900545 0.987104 0.930118 0.876341 0.985236 1.15451 0.947001 1.01813 
117 0.12753	0.898055 0.949988 0.944079 0.825347 1.0959 0.96247 1.01205 0.998273 0.907551 0.992085 
0000 0.0964847	1.10912 1.06982 1.0453 1.20538 0.938742 1.04642 1.03707 1.08517 1.04422 0.976868 
0001 0.0699327	0.91457 0.930116 0.893768 0.837847 1.06897 0.974211 1.06512 1.09978 0.950361 0.981471 
0002 0.144727	1.07035 1.08201 1.093 0.990284 1.02397 1.02142 1.02474 0.952852 1.05469 1.00035 
0003 0.203441	0.976378 0.968013 0.92739 0.88134 1.00252 0.938233 1.03847 0.97767 0.905272 0.982521 
0004 0.0972326	1.09048 1.07941 1.05216 1.08203 1.0231 1.05051 1.06041 1.10623 1.07769 1.00896 
0005 0.198953	1.03345 0.994523 0.950173 0.998093 0.992422 1.00925 1.02685 1.05692 0.986546 1.01263 
0006 0.078908	1.0555 1.08308 1.05656 1.08784 0.982304 1.02134 0.999156 0.881013 1.05996 0.976643 
0007 0.110322	1.10773 1.1565 1.15728 1.14098 0.957927 1.00433 1.01831 0.849301 1.03901 0.970392 
0010 0.192482	1.02385 1.00341 0.945483 1.04703 0.954019 1.03414 1.01439 1.07456 0.972558 0.994452 
0011 0.100599	1.02017 1.06552 1.07653 1.00524 0.971664 0.967331 0.942397 0.781052 1.02973 0.946798 
0012 0.111131	0.901508 0.894884 0.88711 0.806745 1.02819 0.953113 1.02457 1.0737 0.942804 0.974391 
0013 0.205193	0.984341 1.0055 1.02405 0.945216 1.0513 1.02806 1.04913 0.914269 1.01568 0.991675 
0014 0.116397	0.958285 0.946002 0.920067 0.956297 1.00693 1.00337 1.05953 1.09627 0.974596 0.992798 
0015 0.0982386	1.08478 1.08868 1.11895 1.07052 1.04476 1.12819 1.01212 0.899379 1.17617 0.984183 
0016 0.115853	1.15954 1.10166 1.07249 1.21685 0.934742 1.03178 0.974766 1.02748 1.07475 0.978389 
0017 0.0601053	1.12227 1.14519 1.13948 1.14194 0.947218 0.973659 0.994356 0.901943 1.07616 0.983847 
0020 0.0753026	0.931555 0.908482 0.880269 0.946524 0.950205 0.939934 0.957717 0.978631 1.00273 0.945711 
0021 0.111161	0.949808 0.978997 0.911236 0.995575 1.00958 0.996247 1.0279 1.21496 1.00629 0.991629 
0022 0.145675	1.17053 1.08727 1.04197 1.21717 0.957108 1.05376 0.993459 1.08664 1.07383 1.02198 
0023 0.0914388	1.0319 1.0326 1.01675 0.969612 1.08449 1.10453 1.08431 1.03685 1.05068 1.00276 
0024 0.255939	0.990267 1.01556 1.00105 0.989896 1.01364 1.03333 0.993178 0.976289 0.99128 0.974224 
0025 0.0712685	0.882003 0.905095 0.8837 0.865708 1.01921 0.870694 0.954338 1.03662 0.936202 0.965962 
0026 0.0717167	0.888493 0.900042 0.914602 0.845989 1.09248 0.980671 0.989388 0.919621 0.966112 0.966958 
0027 0.177499	1.09319 1.10758 1.10044 1.11146 1.01501 1.12622 0.978952 0.993401 1.0989 0.982177 
0030 0.159454	1.02258 0.982558 0.991696 1.06471 0.952041 0.906918 0.913693 0.909231 1.00923 1.0167 
0031 0.0654971	1.10862 1.10721 1.07723 1.09541 0.957658 0.980024 0.932254 0.846877 1.09415 0.977208 
0032 0.168421	1.10325 1.04215 0.998951 1.0738 1.01873 1.05427 1.0571 1.00868 0.995358 1.03996 
0033 0.0440546	0.98894 0.921458 0.896272 0.944258 1.01983 0.914547 0.979904 1.00294 0.971652 1.03687 
0034 0.127875	0.92871 0.987819 1.00156 0.87955 1.02215 0.959786 0.942339 0.865697 0.97574 0.982608 
0035 0.134113	1.14312 1.09514 1.07736 1.16348 1.01617 1.1456 1.01356 0.980433 1.1442 1.02759 
0036 0.120468	1.13219 1.16335 1.21917 1.08545 1.05557 1.05415 1.01515 0.852634 1.11799 0.997672 
0037 0.180117	0.896955 0.90288 0.854455 0.861278 1.00481 0.837698 0.993724 1.07916 0.915438 1.03244 
0040 0.147963	0.912958 1.01968 0.983076 0.961647 1.01442 1.0033 1.00225 0.942532 0.972365 0.976734 
0041 0.262191	1.1042 1.10275 1.10849 1.14815 0.977968 1.03775 0.964461 0.923886 1.08303 0.995575 
0042 0.0741483	0.854887 0.839158 0.806881 0.873311 0.932413 0.887714 0.920299 1.08592 0.863191 0.94657 
0043 0.150635	1.02495 1.03925 1.02004 1.0904 0.998892 1.01009 0.982938 1.00951 1.01766 1.00546 
0044 0.0784903	0.894461 0.928234 0.858099 0.903047 0.982593 0.932914 0.94321 1.12986 0.888043 0.968453 
0045 0.0751503	0.8417 0.898234 0.843886 0.796182 1.05533 1.00801 1.02661 1.0382 0.904912 0.927814 
0046 0.143621	0.965294 1.04196 1.03511 0.949147 1.09727 1.07811 0.995224 1.014 0.992317 0.966741 
0047 0.0678023	0.993416 0.940197 0.949138 1.04351 0.891945 0.877761 0.882236 0.862503 0.891162 0.962031 
0050 0.151803	1.00614 0.994343 0.952906 1.04244 0.989761 0.950586 1.00183 1.11316 0.974452 1.01515 
0051 0.145712	0.936868 0.91232 0.939215 0.90763 1.04839 0.96944 1.0209 0.974248 0.976268 0.980316 
0052 0.194444	1.13339 1.10009 1.11932 1.17417 0.966797 1.04019 0.961779 0.917963 1.11301 0.979454 
0053 0.120127	1.04054 1.05758 1.09936 0.955943 1.06189 1.02898 1.01001 0.937405 1.07598 1.01232 
0054 0.0981969	0.992063 0.980996 0.987255 1.01819 0.950245 0.963066 0.945307 0.93494 0.973991 0.969003 
0055 0.139864	0.975661 0.992616 1.07581 0.958553 1.01849 0.944394 0.94429 0.79533 0.966234 0.956145 
0056 0.085039	0.915434 0.891904 0.883687 0.849531 1.0142 0.924023 0.96878 0.951096 0.928932 0.943724 
0057 0.0648148	1.04512 1.02359 1.02541 1.11669 0.968969 0.993762 0.998093 1.07361 0.994263 1.04285 
0060 0.14375	1.00846 0.991465 1.08023 0.936171 1.07142 0.981588 0.996752 0.904011 1.03688 1.00259 
0061 0.0656944	1.00558 1.01072 1.01106 1.13601 0.894623 0.984902 0.898497 0.832166 0.989438 0.963282 
0062 0.0755556	0.976844 0.952577 0.911906 1.06445 0.935694 1.00003 1.02343 1.14845 0.883353 1.0183 
0063 0.0840278	1.07106 1.07933 1.07765 1.13378 1.02614 1.08236 1.02848 1.0045 1.02262 1.01291 
0064 0.224722	1.08508 1.09072 1.1301 1.14915 0.985182 1.08955 1.01881 0.889853 1.01671 1.00769 
0065 0.151944	0.928631 0.942789 0.945103 0.935549 0.988592 0.958457 1.01413 0.899891 0.913202 0.996929 
0066 0.0884722	1.0484 0.994932 1.01802 1.03171 1.0551 1.06786 1.0632 1.11714 1.0026 1.03749 
0067 0.165833	0.893965 0.864519 0.846749 0.883544 0.995139 0.891771 0.998738 1.06124 0.905632 1.00283 
0070 0.201699	0.884914 0.912656 0.887028 0.896286 1.00178 1.07227 1.05281 1.09554 0.881758 0.984698 
0071 0.0860379	1.04737 1.10536 1.09955 1.09969 0.992716 1.16337 1.02311 1.00939 1.03633 1.00184 
0072 0.0629492	1.1772 1.21077 1.24442 1.29925 0.948051 1.1515 0.997736 0.881576 1.10854 1.01238 
0073 0.108037	0.963335 1.03037 1.01498 0.966981 1.05659 1.07096 1.01088 1.10475 1.00899 1.01798 
0074 0.225877	0.951117 0.975655 1.01552 0.909588 1.01535 0.999154 0.994974 0.92211 0.935511 0.989548 
0075 0.109998	0.98583 1.08342 1.12082 1.03182 1.03632 1.13519 1.0093 0.907831 1.04175 0.947199 
0076 0.143324	1.08418 1.03863 1.06114 1.16382 0.945473 1.02161 0.976344 0.986334 1.01629 0.99865 
0077 0.062078	0.976003 0.965406 0.922135 1.03765 0.938941 1.10246 1.02759 1.09695 0.87515 0.980829 
0100 0.143655	1.05521 1.07697 1.10083 1.05889 1.03576 1.07091 1.03439 0.873035 1.11652 1.00328 
0101 0.0869912	1.07022 1.09529 1.08401 1.1664 0.986748 1.17076 1.10355 1.02489 1.1401 1.03268 
0102 0.0582602	1.1191 1.06987 1.01173 1.2532 0.908094 1.03335 0.98843 1.01668 1.04303 1.05645 
0103 0.138867	1.06122 1.08396 1.07703 1.07289 1 1.12605 1.01161 0.911667 1.02375 0.988069 
0104 0.193935	0.964031 0.972429 0.960767 0.949966 0.96124 0.930062 0.955194 0.941119 0.937169 0.976859 
0105 0.258579	0.841582 0.916895 0.86757 0.865446 1.0439 1.03188 1.02783 1.09213 0.970452 0.971214 
0106 0.0654429	1.09402 1.02632 1.02106 1.08376 0.936681 1.01791 1.03613 0.991257 1.04886 1.04178 
0107 0.0542698	0.970036 0.962179 0.894738 1.04309 0.922869 0.989348 1.03919 1.1728 0.935938 0.997935 
0110 0.250963	0.885103 0.95136 0.922715 0.879916 1.00436 0.966406 0.989638 1.02652 0.996657 0.973153 
0111 0.194276	1.01749 0.993865 0.974635 1.00368 0.936668 0.985896 1.02913 1.06245 1.05196 1.00941 
0112 0.137039	1.03876 1.03106 1.06057 1.00714 1.03829 1.11151 0.991765 1.0146 1.02449 0.958239 
0113 0.131535	1.09574 1.12127 1.11734 1.23603 0.944446 1.02559 0.979597 0.961318 1.09147 1.01444 
0114 0.0693451	1.01027 1.04156 1.07669 1.05446 0.999832 1.02444 0.960862 0.891912 0.985862 0.967315 
0115 0.0632911	1.04662 1.00873 1.04095 1.08319 0.95632 0.969723 1.00821 0.872574 1.08637 0.996797 
0116 0.0594386	0.953237 1.00497 1.05157 0.889686 1.095 1.02215 1.0392 0.90907 1.06414 0.960764 
0117 0.0941112	0.994939 0.973669 0.970412 1.02848 1.01243 1.03487 1.03545 1.19048 0.978208 1.04342 
0120 0.190476	0.937612 0.976977 0.982126 0.953123 1.02405 1.06014 0.998228 1.04385 0.919491 0.980004 
0121 0.164787	0.895129 0.878975 0.851489 0.851266 1.02784 0.940048 0.99977 1.07604 0.945891 0.997138 
0122 0.14599	1.01654 1.04991 1.05603 0.985542 1.08066 1.125 1.04777 1.12684 1.02788 1.01724 
0123 0.163534	1.1205 1.12483 1.1083 1.18398 1.01823 1.00772 0.987598 0.948081 1.09397 1.04184 
0124 0.0488722	1.036 0.970174 0.916752 1.04973 0.979207 1.02347 1.03526 1.15604 1.0051 1.05203 
0125 0.0545113	1.1081 1.09619 1.06546 1.2168 0.944295 0.999315 0.948321 0.83424 0.996246 1.0362 
0126 0.0576441	0.873174 0.897877 0.860403 0.9475 0.93326 0.916042 0.945955 1.04733 0.857102 1.00742 
0127 0.174185	1.04563 1.003 0.99981 1.09201 0.974443 1.00506 0.995555 0.949377 0.927296 1.0199 
0130 0.082658	1.06613 1.02643 1.05855 1.01394 1.05978 1.08891 1.04772 1.09226 0.996192 1.0187 
0131 0.054295	0.84055 0.844518 0.828878 0.806071 1.00595 0.976907 1.03694 1.02433 0.832736 0.944457 
0132 0.0883306	1.11021 1.10187 1.13044 1.16841 0.935324 1.07917 1.02323 0.925364 1.09921 1.0223 
0133 0.146677	0.963684 0.991284 1.00721 0.960183 0.99745 1.02875 0.94268 0.837789 1.04166 0.959472 
0134 0.230956	0.922049 0.93951 0.959344 0.893825 1.03513 1.02343 1.03906 1.13616 1.04251 0.984416 
0135 0.138574	1.10093 1.10711 1.14148 1.12963 1.02186 1.12596 1.02476 0.944215 1.1543 1.01639 
0136 0.158833	1.10609 1.0067 1.03094 1.11427 0.976202 1.02913 1.0333 1.1282 1.00077 1.04529 
0137 0.0996759	0.960811 0.907513 0.92351 0.953188 0.935564 1.01187 0.952469 0.995435 0.957773 0.9992 
0140 0.104461	1.17425 1.10614 1.07597 1.15797 0.959319 1.04318 0.938092 0.924129 0.971646 0.995276 
0141 0.188248	1.15596 1.04245 1.10647 1.04525 1.04671 1.10484 0.99159 0.925819 1.07622 1.02736 
0142 0.0620239	1.22005 1.12307 1.09183 1.35162 0.922814 0.994862 0.961609 0.950189 1.04687 1.10382 
0143 0.287269	0.972064 0.948146 0.933319 0.900759 1.02507 1.01369 1.05406 1.08669 0.95349 1.01349 
0144 0.127312	1.0051 0.986034 0.96339 1.00549 0.946224 0.965287 0.997829 0.982286 0.981047 1.02679 
0145 0.0685528	1.05161 1.02532 0.956728 1.11822 0.923626 0.91379 0.941052 1.1077 0.984693 1.00793 
0146 0.0718172	1.00823 1.02876 1.09999 0.885377 1.10694 1.03815 0.939646 0.831998 0.96798 0.951938 
0147 0.0903156	1.01501 0.940895 0.911731 1.00084 1.00577 0.952538 1.00095 1.11762 0.95665 1.01347 
0150 0.0972532	0.883922 0.940998 0.915735 0.835199 1.09696 0.95391 1.00323 1.06265 0.934822 0.983999 
0151 0.270601	0.987219 0.943758 1.00077 0.956807 1.00715 0.952439 0.96446 1.01303 0.924316 0.99228 
0152 0.113957	0.975943 0.963779 0.970487 1.03388 0.933234 0.934824 0.914304 0.900639 0.998338 0.956978 
0153 0.0794358	0.962716 0.893896 0.89162 1.02229 0.941369 0.919857 0.967736 1.0964 0.910251 1.0182 
0154 0.0805494	1.21416 1.12249 1.17043 1.24692 0.977018 1.09153 0.977002 0.906998 1.14955 1.02908 
0155 0.113957	1.0446 1.05384 1.04382 1.01951 1.05833 1.07885 0.97727 0.98658 1.0932 0.966098 
0156 0.0623608	0.873573 0.928074 0.925575 0.892316 0.982852 0.922218 0.93066 0.963117 0.944777 0.965227 
0157 0.181886	1.0358 1.05583 1.02032 1.12002 0.956807 1.0207 0.980673 1.07071 1.04865 1.02276 
0160 0.141388	0.996046 0.988431 1.00407 1.03392 0.97762 1.01231 0.89777 0.902799 0.934339 0.958133 
0161 0.160668	1.10034 1.07617 1.11312 1.11437 1.00192 1.07827 0.971316 0.985437 1.0059 1.03423 
0162 0.092545	1.21246 1.18418 1.15117 1.23311 0.950327 1.06355 0.909612 0.929039 1.01931 1.02841 
0163 0.059126	1.05749 1.0811 1.10889 0.999598 1.01369 1.10716 0.925387 0.873739 1.02075 0.936747 
0164 0.119537	0.980393 0.946593 0.960673 0.999722 1.01384 1.00994 1.00941 1.06227 0.985449 1.00376 
0165 0.114396	0.909124 0.903544 0.908764 0.834359 1.07018 0.997027 0.99425 1.14277 0.946153 0.953932 
0166 0.137532	1.01423 0.99712 0.961199 1.00684 1.03364 0.977656 1.00657 1.19834 0.959815 1.02771 
0167 0.174807	0.8891 0.94801 0.915005 0.89443 0.998213 1.01082 0.929777 1.06293 0.938413 0.990591 
0170 0.0618893	0.905447 0.931189 0.90462 0.808112 1.07857 0.950121 1.11981 1.14457 0.970279 1.01827 
0171 0.120521	1.1595 1.13901 1.15103 1.25675 0.959791 1.0545 1.03543 1.02531 1.23528 1.03954 
0172 0.103149	0.974789 1.07464 1.03657 1.08416 0.998114 1.10173 1.04782 1.06936 1.06632 0.962993 
0173 0.156352	0.989151 1.00014 1.01971 1.09828 0.94332 0.981829 0.991665 0.890355 1.0897 1.00243 
0174 0.0760043	1.07236 1.00457 1.10093 1.08987 0.997827 1.12693 1.04358 0.802966 1.16698 1.03182 
0175 0.12595	1.00799 1.03481 1.02968 0.977846 1.07891 1.03432 1.02471 1.02464 1.06825 1.01183 
0176 0.181325	0.89853 0.94175 0.957837 0.925173 0.976419 0.98183 0.977468 0.943663 1.03722 0.978078 
0177 0.17481	0.85353 0.921133 0.884174 0.864907 0.992334 0.999143 1.03143 1.09434 0.88566 0.970032 
1000 0.152498	0.847568 0.957563 0.919302 0.882028 1.06199 0.984953 0.961571 1.09461 0.942924 0.974801 
1001 0.230425	1.03557 1.01988 1.05445 1.04071 0.993729 0.989798 0.981805 0.954289 1.01499 0.990223 
1002 0.137957	1.04105 1.00965 0.967179 1.10971 0.973402 1.02276 0.970631 1.07232 0.946714 0.999674 
1003 0.0663684	0.875145 0.895419 0.852751 0.896823 1.00284 0.936947 0.994173 1.12582 0.895799 0.98707 
1004 0.0637584	0.966242 1.01021 0.966528 1.02687 0.927065 0.93601 0.945214 0.992089 0.949215 0.975397 
1005 0.173005	1.08462 1.13339 1.12587 1.21296 0.988554 1.04837 0.977291 0.875527 1.06686 1.00184 
1006 0.0671141	0.852301 0.957431 0.959351 0.909351 0.956157 0.902295 0.927599 0.889582 0.921429 0.96222 
1007 0.108874	0.976203 0.969332 1.03919 0.962182 1.04694 1.00706 0.98018 0.924228 1.00523 0.995525 
1010 0.0828815	1.09767 1.18525 1.16271 1.26461 0.966618 1.04426 0.979344 0.927595 1.11749 1.00714 
1011 0.0778466	1.07082 1.08686 1.15784 0.965669 1.09964 1.02375 0.946292 0.862468 1.03543 0.940985 
1012 0.0987607	0.925797 0.928586 0.877104 0.926946 0.977722 0.908971 0.989155 1.20224 0.825952 1.02754 
1013 0.235476	0.930465 0.951212 0.933463 0.866655 1.03985 0.944167 0.973175 1.10313 0.897746 0.988915 
1014 0.0681642	0.950809 1.02235 1.06516 0.930592 1.00693 0.892816 0.923712 0.864296 0.955546 0.960749 
1015 0.136328	1.03612 1.02385 0.967518 1.08425 0.931813 0.896698 0.946714 1.06827 0.902653 1.00801 
1016 0.0735864	1.02337 1.06743 1.05787 1.05019 0.972032 1.0205 0.984943 1.0021 1.02136 1.02839 
1017 0.226956	1.08867 1.05914 1.07403 1.07796 1.00964 1.01913 0.986197 1.02696 1.00098 1.00719 
1020 0.106045	1.1094 1.05393 1.07021 1.26365 0.928395 1.03015 1.02373 1.0462 1.03647 1.04267 
1021 0.154118	0.996222 0.930637 0.931724 0.989789 0.965862 0.982514 1.02597 1.02792 1.05728 0.992088 
1022 0.166843	0.94211 0.901725 0.883284 0.88082 1.00169 0.931961 1.01473 1.1072 0.939901 1.01733 
1023 0.110286	1.14589 1.09342 1.07576 1.18529 1.01369 1.05265 1.0649 1.04355 1.14903 1.07102 
1024 0.0965005	0.990756 0.943159 0.963433 0.927203 1.08726 1.01928 1.09269 1.06283 1.00269 1.06841 
1025 0.115942	1.06453 1.07286 1.11419 1.0725 1.03191 1.08834 1.04538 0.853545 1.13927 0.992578 
1026 0.160481	1.007 1.0114 1.01386 1.05856 0.952171 0.984305 0.967151 1.0076 1.03433 0.970155 
1027 0.0897844	1.02564 0.995913 1.07936 0.973509 1.06569 1.04617 1.00989 0.875785 1.07339 0.978061 
1030 0.0825083	1.04446 1.02182 0.996711 1.06908 0.924412 1.01198 0.952719 0.902835 0.999324 0.98505 
1031 0.122112	0.929249 0.95336 0.884731 0.849428 1.08571 1.04986 1.04709 1.13914 0.981239 1.04588 
1032 0.130913	0.8859 0.915506 0.955969 0.857531 0.993618 0.962538 0.95124 0.919392 0.957691 0.957992 
1033 0.133113	1.17438 1.12382 1.1176 1.20632 0.998261 1.17425 1.01366 0.893767 1.10274 1.0466 
1034 0.128713	0.960759 1.00173 0.992484 0.951608 1.02533 1.00171 0.963332 0.893867 0.993232 0.994664 
1035 0.0550055	0.933591 0.967126 0.922407 0.943914 0.996754 1.04136 0.995502 1.09082 1.00322 1.02627 
1036 0.188119	1.03375 1.00536 0.963474 1.05305 0.996589 1.06424 1.00919 1.08731 0.934531 1.04678 
1037 0.159516	0.995201 1.09841 1.1051 1.03741 1.01901 1.12713 0.965269 0.823566 1.08833 0.96185 
1040 0.180877	1.01274 1.00573 1.04884 1.07401 0.9406 0.953516 0.95859 0.948203 0.990005 1.01131 
1041 0.174884	0.940903 0.941635 0.962883 0.89681 1.04815 0.978537 0.936314 0.954071 0.996222 0.995366 
1042 0.0683737	1.07667 1.05641 1.06171 1.17423 0.987165 1.08812 0.972328 1.0976 1.01417 1.01404 
1043 0.0904386	1.12994 1.15715 1.13879 1.26136 0.95825 1.03134 0.947669 0.94365 1.05025 0.966107 
1044 0.146554	1.08808 1.07082 1.07803 1.06344 1.00925 1.05163 0.98963 0.970213 1.0352 1.03577 
1045 0.0795424	0.966974 0.95701 0.935552 0.992421 0.936647 0.931021 0.893692 1.00398 0.921975 0.962504 
1046 0.0495778	1.02912 1.01721 1.00332 0.9489 1.10588 1.05815 1.02695 1.16958 1.00866 1.02288 
1047 0.209752	0.925141 0.950176 0.926365 0.919479 0.973855 0.947685 0.93226 0.958821 0.885324 0.942132 
1050 0.125461	0.960915 1.00647 1.02354 0.946463 1.07418 1.04532 1.02004 1.03788 0.992856 0.965769 
1051 0.145551	1.06539 1.04876 1.03838 1.15233 0.953548 1.06851 1.01602 0.978814 1.03378 1.01352 
1052 0.126691	1.1018 1.12094 1.12125 1.16372 0.946226 1.13894 0.976522 0.950002 1.15595 0.982768 
1053 0.184502	1.06527 1.04698 0.999477 1.02362 1.0243 1.08684 1.06317 1.13899 1.03129 1.00893 
1054 0.152522	0.943314 0.935681 0.944604 0.859097 1.01229 0.987489 1.00405 0.957924 0.905945 0.937203 
1055 0.0574006	1.27651 1.21773 1.22286 1.33881 0.943549 1.16661 0.983182 1.02905 1.15511 0.981457 
1056 0.0676507	0.948886 1.03145 1.05758 0.868131 1.14777 1.09263 1.0645 0.863346 1.06983 0.955626 
1057 0.140221	0.964144 0.931176 0.942348 0.976887 0.933126 0.986647 1.00157 1.10706 0.942086 0.960924 
1060 0.0826377	0.878135 0.843535 0.823063 0.830211 1.014 0.92753 0.957252 1.02178 0.846189 0.962862 
1061 0.0634391	0.977482 1.0405 1.02257 0.922857 1.09546 0.987489 1.03184 1.0071 0.983254 1.0207 
1062 0.183639	1.03107 0.984857 0.998187 1.03154 0.968602 1.01901 0.981448 1.03205 0.975689 0.977105 
1063 0.116027	1.03433 0.936326 0.926786 0.939221 1.02466 0.990271 1.00514 1.10406 0.890709 1.01792 
1064 0.0759599	0.950353 0.948135 0.939989 0.897055 1.00388 0.994505 0.974115 0.903026 0.909857 0.956725 
1065 0.233723	1.11298 1.08553 1.06452 1.16431 0.975199 1.10219 1.02956 0.972512 1.05078 1.00907 
1066 0.173623	1.04282 0.992037 1.024 1.01634 1.02823 1.06456 1.00776 0.979698 1.03771 0.982274 
1067 0.0709516	0.943723 0.904041 0.88118 0.989526 0.92917 0.856065 1.0009 1.15039 0.911573 1.03593 
1070 0.114633	0.943468 0.946868 0.968334 0.889867 1.05738 0.967836 0.975186 0.938309 0.937897 0.964136 
1071 0.108227	0.995121 1.01984 1.01839 1.07045 0.939958 0.942507 0.993389 0.910043 1.01811 1.00565 
1072 0.198584	1.01683 0.999706 0.994495 1.03854 1.00495 0.950313 0.982989 0.887706 0.985149 1.00491 
1073 0.0755226	0.996518 1.02657 1.01726 0.976613 1.0912 0.983943 1.03668 0.982995 1.0342 1.00336 
1074 0.0815914	1.09643 1.13007 1.1051 1.25016 0.939822 0.974815 1.00728 0.913255 1.09273 1.00508 
1075 0.124073	0.865397 0.921786 0.901856 0.856895 1.02765 0.892999 0.981365 1.03159 0.990975 0.980162 
1076 0.179703	0.980423 0.951061 0.926226 0.969489 0.972249 0.905027 1.03254 1.00024 0.93736 0.982213 
1077 0.117667	1.06432 1.07488 1.13345 1.13331 1.01203 1.04123 1.01032 0.921508 1.04847 1.03564 
1100 0.0783692	1.16722 1.12036 1.16939 1.25994 0.969877 1.10139 1.00597 0.871199 1.18983 1.00608 
1101 0.133862	1.06925 1.07873 1.12659 1.00914 1.08728 1.06804 1.01035 0.995804 1.07877 0.98143 
1102 0.106002	0.943347 0.898924 0.882477 0.976924 0.926059 0.924084 1.00001 1.0928 0.960008 0.995667 
1103 0.0704417	1.09134 1.14043 1.21389 1.12961 1.03659 1.0479 0.987085 0.881047 1.1956 0.990982 
1104 0.0858437	1.02578 1.05849 1.04449 1.15041 0.907857 0.951455 0.943974 0.966579 1.06429 0.980484 
1105 0.115062	1.07368 1.02948 1.04496 1.06098 1.01769 0.986676 0.98275 1.03201 1.0249 1.00774 
1106 0.111891	0.947437 0.945979 0.903162 0.957803 0.966389 0.874451 0.946872 1.02534 0.925526 0.970325 
1107 0.298528	0.935064 0.973618 1.00944 0.909145 1.04132 0.969119 0.956734 0.895215 1.05756 0.959949 
1110 0.102534	1.06627 1.17419 1.1719 1.18692 1.00337 1.048 1.00944 1.02875 1.09892 1.02425 
1111 0.191486	0.871713 0.932134 0.909403 0.946758 0.955542 0.973651 0.972795 1.03667 0.936443 0.970587 
1112 0.0964055	1.08513 1.04552 1.04044 1.20503 0.9195 1.05213 1.01898 1.03141 1.03496 1.00248 
1113 0.214014	0.991858 1.02606 1.01606 0.999791 1.00987 0.994543 1.01752 1.0278 0.961422 0.983638 
1114 0.0553255	1.07873 1.05096 1.11297 1.1044 0.961037 0.988591 1.01657 0.830797 1.02904 1.00233 
1115 0.212688	1.00144 0.992392 1.00677 0.999414 1.07105 0.987234 1.13824 1.1486 1.01969 1.03566 
1116 0.0544973	1.02575 0.957024 0.9414 1.03131 0.933295 0.914836 1.01101 1.04394 0.94481 1.00183 
1117 0.0730495	0.973153 1.03303 1.08031 0.963799 1.00502 1.00865 0.976581 0.899316 1.05171 0.963075 
1120 0.0885276	0.987664 0.97394 1.03659 0.995726 1.01078 0.973889 0.958414 0.946786 1.03479 1.00652 
1121 0.0898826	0.94465 0.931082 0.978873 0.90361 1.07796 0.981767 1.03076 0.930928 1.07503 1.01699 
1122 0.134146	0.927456 0.977994 0.982724 1.01435 0.944443 0.960926 0.99681 1.06443 0.987282 0.995053 
1123 0.0894309	0.966417 1.03823 1.13267 1.00223 1.04489 1.02777 0.971347 0.885554 1.15348 0.985459 
1124 0.0641373	0.942814 0.907176 0.866799 0.91133 0.999615 0.929512 1.01075 1.1747 0.893132 1.01475 
1125 0.315718	1.0668 1.03847 1.11771 1.17652 0.986288 1.09882 1.01737 0.912029 1.10439 1.01165 
1126 0.109304	0.875984 0.848756 0.847286 0.797445 1.00353 0.933479 0.965059 1.10113 0.84272 0.983579 
1127 0.108853	0.996368 0.982918 0.96145 0.948447 1.05044 0.994858 1.03212 1.20633 1.00657 1.03279 
1130 0.180568	0.940002 0.927554 0.915126 0.90032 1.00664 0.960275 0.945626 0.973052 0.966247 0.990224 
1131 0.127289	1.03602 1.03252 1.07636 1.00159 1.0502 1.04495 0.977276 0.955088 1.11431 0.999584 
1132 0.149181	1.06503 1.13399 1.14403 1.16224 1.0111 1.08931 0.982648 0.984423 1.10823 0.994683 
1133 0.0689722	1.09472 1.02846 0.994595 1.16521 0.909779 0.969225 0.922367 1.0689 0.974732 1.01187 
1134 0.173787	1.04131 1.03009 0.966069 1.06655 0.940425 0.961665 0.972518 1.01552 0.992479 1.00453 
1135 0.127095	0.892441 0.930089 0.892655 0.92381 0.934161 0.906274 0.975266 1.00753 0.902249 0.966985 
1136 0.135135	0.977107 0.98916 0.965936 0.885121 1.07142 1.00298 0.958542 1.02926 1.0021 1.01354 
1137 0.0379735	1.05526 1.1385 1.23833 1.03218 1.06102 1.05041 0.962475 0.83746 1.11789 0.977791 
1140 0.141089	0.883808 0.900772 0.906375 0.793926 1.01339 0.822665 1.01092 0.977466 0.831939 0.971975 
1141 0.19692	0.985413 0.970676 0.938142 0.92529 1.01238 0.949276 1.04869 1.07789 0.912197 1.0117 
1142 0.0682068	1.07916 1.03695 1.11296 1.02195 1.07305 1.05003 1.08507 0.948184 1.00928 1.00706 
1143 0.165842	1.16804 1.08107 1.12461 1.20438 0.964831 1.0375 1.04064 0.910705 1.05017 0.996382 
1144 0.106161	1.04913 1.03316 1.0096 1.01401 1.01988 0.943325 1.06885 1.1679 0.939353 1.03527 
1145 0.0528053	0.954732 0.962601 0.972534 0.842124 1.09348 0.912472 1.01793 0.918561 0.986718 0.998935 
1146 0.0844334	1.11141 1.13312 1.15579 1.18756 1.01954 1.07935 1.05699 1.04195 1.03712 1.03769 
1147 0.184543	1.03134 1.06668 1.06641 1.05671 0.976483 0.996912 0.999417 0.933005 0.974391 0.956802 
1150 0.0466336	0.857232 0.882223 0.845661 0.871196 1.00083 0.959125 1.03242 1.1688 0.929582 1.00571 
1151 0.0714078	0.863971 0.930081 0.937872 0.896894 1.00951 0.925019 0.915858 0.8821 0.933019 0.945829 
1152 0.230836	0.991951 1.0425 0.98654 1.03305 1.00394 1.04644 1.01387 1.02345 1.07071 1.02318 
1153 0.080443	0.893038 0.945402 0.956482 0.837884 1.05964 1.0061 1.05127 1.02924 0.97409 0.986192 
1154 0.0716992	0.964 0.973164 0.925986 0.955842 0.998607 0.949952 1.03445 1.04822 0.953163 1.02148 
1155 0.164675	1.08614 1.12648 1.10694 1.22402 0.965614 1.0122 0.947666 0.956132 1.15594 0.995381 
1156 0.155057	0.958905 1.02558 1.00056 1.0373 0.936243 0.960672 0.925709 0.882936 1.02292 0.990025 
1157 0.179248	0.994363 1.03583 1.04254 1.00174 1.05439 1.07452 1.02956 0.973338 1.07959 1.0078 
1160 0.0907135	1.08147 1.07882 1.15051 1.10853 0.965179 1.05761 0.938829 0.758279 1.0062 0.990579 
1161 0.146648	1.16646 1.05444 1.01972 1.18088 0.942832 1.03185 0.996677 1.03777 0.995352 1.03773 
1162 0.139835	0.96481 0.889008 0.93248 0.893292 0.991337 0.936858 0.97682 0.923776 0.93046 0.983519 
1163 0.0659735	1.15668 1.14955 1.18622 1.17985 1.03459 1.14302 1.03285 1.0059 1.05209 1.03734 
1164 0.205091	1.087 1.00249 1.01489 1.04538 0.998832 0.987707 0.98816 1.00447 0.908269 1.03603 
1165 0.103263	0.919603 0.881794 0.886183 0.842888 1.05428 1.01395 1.08837 1.12392 0.915879 1.02415 
1166 0.107207	0.9327 0.932917 0.926771 0.970662 0.932927 0.922619 0.96571 0.983683 0.865449 0.968266 
1167 0.141269	1.04196 1.02492 1.03744 0.980415 1.07974 1.12905 1.05113 1.11222 0.987235 1.02036 
1170 0.217038	1.03777 0.99148 1.00894 0.999937 1.00983 1.00038 1.03272 0.927725 1.08346 1.01448 
1171 0.109352	1.17322 1.1407 1.1696 1.26678 0.965967 1.11565 0.999813 0.867345 1.25778 0.989134 
1172 0.140804	0.890018 0.915575 0.884694 0.860584 0.987288 0.933351 0.967111 1.03409 0.954865 0.958429 
1173 0.0437409	0.843561 0.83585 0.816513 0.772495 1.07124 0.945532 1.05175 1.12132 0.929038 0.960302 
1174 0.134347	1.07585 1.01246 1.00121 1.11903 1.00268 1.07901 1.09879 1.1655 1.00623 1.04623 
1175 0.100187	0.974963 1.02329 1.06301 0.927388 1.08215 1.13769 1.0513 1.01509 1.05937 1.03433 
1176 0.117892	0.953349 0.926403 0.963563 1.00065 0.937168 0.980587 0.936858 0.976675 1.04207 0.983069 
1177 0.136638	1.06963 1.03775 1.06603 1.16793 0.927565 1.0112 0.980856 0.932371 1.06067 0.999185 
BOUNDS
LWPS R    0.0  0.0  0.0  0.0  0.0  0.0  0.0  0.0  0.0  0.0
UWPS R    0.5  0.5  0.5  0.5  0.5  0.5  0.5  0.5  0.5  0.5
LXAS R   -0.5 -0.5 -0.5 -0.5 -0.5 -0.5 -0.5 -0.5 -0.5 -0.5
UXAS R    0.5  0.5  0.5  0.5  0.5  0.5  0.5  0.5  0.5  0.5
END
