NAME moment_estimation_cluster
ASSETS 10
BENCHMARKS 0.1 0.1 0.1 0.1 0.1 0.1 0.1 0.1 0.1 0.1 
COVARIANCES
0 0 0.00752124
1 0 0.00576315
1 1 0.00543796
2 0 0.00666698
2 1 0.00606514
2 2 0.00758678
3 0 0.0039588
3 1 0.00283351
3 2 0.0031686
3 3 0.0043494
4 0 0.00208854
4 1 0.0016032
4 2 0.00195658
4 3 0.000975776
4 4 0.00146565
5 0 -0.000276318
5 1 0.000558017
5 2 -3.70748e-05
5 3 -0.00157858
5 4 -0.00013445
5 5 0.00686504
6 0 0.00276624
6 1 0.00270069
6 2 0.00320987
6 3 0.000695698
6 4 0.000855968
6 5 0.00150219
6 6 0.00205327
7 0 0.00694991
7 1 0.00603715
7 2 0.00754373
7 3 0.00380421
7 4 0.00203375
7 5 -0.00163496
7 6 0.00298039
7 7 0.00838154
8 0 0.00236389
8 1 0.0029235
8 2 0.0033396
8 3 -0.00014769
8 4 0.000816499
8 5 0.00349522
8 6 0.00207425
8 7 0.00231203
8 8 0.00394201
9 0 0.00527315
9 1 0.00437134
9 2 0.00565655
9 3 0.00329974
9 4 0.00173017
9 5 -0.00225359
9 6 0.00200179
9 7 0.00639089
9 8 0.00106597
9 9 0.00547585
SCENARIOS
0 0.45726	1.06918 1.05329 1.04794 1.06103 1.02201 1.00114 1.01972 1.06604 1.01414 1.0467 
1 0.54274	0.963866 0.972618 0.977487 0.961237 0.991855 1.03071 1.00097 0.962204 0.993887 0.97021 
00 0.390959	1.09622 1.08909 1.1428 1.05002 1.03396 1.01362 1.04306 1.12789 1.05472 1.12518 
01 0.609041	0.954446 0.956213 0.977202 0.967902 0.976032 1.00609 0.983237 0.928572 1.02346 0.945404 
10 0.321627	0.894481 0.909402 0.882676 0.957277 0.958643 0.979312 0.950564 0.897755 0.9617 0.90408 
11 0.678373	1.06036 1.05534 1.04495 1.02854 1.01621 0.931853 0.999145 1.07307 1.04278 1.04289 
000 0.139285	0.936372 1.00341 0.968687 0.983088 0.928397 1.01293 0.991884 0.95179 1.02209 0.916631 
001 0.0650557	1.03293 0.951649 0.921658 1.14322 0.992702 0.930968 0.945559 0.950305 0.896462 0.962327 
002 0.0685238	1.14405 1.16138 1.21913 1.06065 1.00901 1.00589 1.10089 1.18179 1.09575 1.0978 
003 0.279913	1.00773 1.00371 0.98118 1.02 0.985316 0.891712 0.974062 1.0314 0.927631 1.00051 
004 0.0668457	1.18579 1.09903 1.07857 1.08027 1.04453 1.00826 1.03279 1.05706 1.01515 1.0052 
005 0.127091	0.855116 0.893091 0.843542 0.941304 0.982757 1.01259 0.929202 0.833509 0.950293 0.847199 
006 0.193992	1.00329 0.997866 0.960603 0.955686 1.05573 1.01206 1.02897 1.0217 1.02118 1.00044 
007 0.0592941	1.18709 1.13752 1.132 1.08629 1.08855 0.891754 1.01167 1.16183 1.00133 1.13262 
010 0.046034	1.12912 1.12169 1.2089 1.09739 1.05312 0.871182 1.06812 1.27922 0.976552 1.21687 
011 0.072929	1.09488 1.10637 1.10925 1.10983 1.06575 1.07271 1.06335 1.17639 1.02915 1.11635 
012 0.211067	1.08983 1.0666 1.06207 1.02057 1.01545 0.980794 1.01908 1.10415 0.998341 1.0996 
013 0.0854968	0.893179 0.929569 0.908514 1.02096 0.928853 0.978634 0.953251 0.944828 0.941329 0.925412 
014 0.162304	1.01585 1.02288 1.00644 1.00019 0.963464 1.0054 1.00628 1.01733 0.977581 1.02649 
015 0.228195	0.904979 0.948112 0.920258 1.01094 1.02529 0.910644 0.956009 0.949472 0.927218 0.995339 
016 0.0635929	0.782258 0.834202 0.764243 0.936662 0.917589 0.965493 0.921077 0.845791 0.837757 0.853853 
017 0.130382	0.966213 0.954726 0.896877 0.897226 0.985854 1.103 0.998528 0.943391 0.992303 0.92327 
100 0.138004	1.07174 0.992855 1.00296 1.08849 1.00135 0.91949 0.958627 0.975311 0.93047 1.04497 
101 0.144821	0.922318 0.924868 0.871446 0.981192 0.961096 0.899562 0.897966 0.899061 0.861764 0.955381 
102 0.172548	0.989238 0.975686 0.964895 0.921422 1.03244 1.03145 0.990533 0.950439 1.02787 0.975461 
103 0.113256	0.930409 0.971026 0.981794 0.924654 0.945365 1.15261 1.01831 0.91663 1.05437 0.928954 
104 0.202051	1.13446 1.04882 1.06127 1.03161 1.071 0.978314 1.02314 1.09157 1.03247 1.05137 
105 0.0557974	1.01188 1.02327 1.01367 1.07723 0.94161 0.875369 0.962253 1.05964 0.925766 1.03017 
106 0.0467461	0.787279 0.84919 0.794272 0.844357 0.96088 1.01735 0.909228 0.77317 0.902426 0.838336 
107 0.126776	1.13678 1.15667 1.21322 1.06333 0.994732 1.01599 1.07349 1.166 1.1121 1.12913 
110 0.053262	1.25552 1.20237 1.30337 1.13155 1.07406 1.00671 1.15181 1.35863 1.0764 1.23524 
111 0.167663	1.0967 1.00698 1.03904 1.09243 1.02564 0.933232 1.01222 1.1265 0.915206 1.11912 
112 0.18969	1.06436 1.05819 1.06258 1.02481 1.03306 1.05465 1.06609 1.04798 1.03847 1.02345 
113 0.111168	1.05128 1.09719 1.10035 0.940809 1.04403 1.15341 1.10763 1.09587 1.10797 1.0601 
114 0.128252	0.965562 0.942533 0.954077 1.06426 0.955323 0.946092 0.96151 0.977119 0.872133 1.01124 
115 0.122902	0.926053 0.963839 0.959535 0.963852 0.938379 1.15844 1.0375 0.950341 0.975962 0.947786 
116 0.092998	0.835981 0.866228 0.876599 0.869397 0.946316 1.02864 0.937011 0.867035 0.956455 0.909299 
117 0.134065	0.956873 0.927468 0.930125 0.927444 1.02559 1.01824 0.977558 0.89922 0.971041 0.946835 
0000 0.148193	1.04591 1.00365 1.03215 1.07163 1.02933 1.03753 1.0483 1.02913 0.977019 1.04311 
0001 0.109237	1.15758 1.0398 1.06057 0.933233 1.03611 1.14002 1.09861 1.08841 1.07687 1.05583 
0002 0.22249	0.96883 0.929909 0.888279 0.969036 0.974813 1.07564 0.972481 0.905604 0.935722 0.957133 
0003 0.150602	0.971262 0.935947 0.961647 0.878008 0.986832 1.0078 0.923541 0.94522 0.996907 0.979782 
0004 0.102008	1.05991 0.99247 1.00251 0.999652 0.939511 0.970956 1.01164 0.987685 0.934233 1.02577 
0005 0.0767068	0.822567 0.836565 0.830201 0.922912 0.949529 0.858893 0.901634 0.867365 0.828621 0.865687 
0006 0.0453815	1.05918 1.04282 1.02396 0.876621 1.07797 1.22782 1.08623 0.983251 1.12103 0.993225 
0007 0.145382	1.10763 1.10732 1.16452 1.07454 1.0151 0.945985 1.10967 1.16612 1.04272 1.11575 
0010 0.118659	1.08737 1.16671 1.14521 1.06963 1.01675 1.10604 1.10345 1.13405 1.07819 1.07299 
0011 0.0730868	1.07166 1.14789 1.1705 1.1036 1.07562 1.00161 1.08811 1.1852 1.10349 1.21918 
0012 0.16853	0.963324 0.923838 0.917687 0.948534 1.00991 0.896396 0.938872 0.975303 0.9395 0.944229 
0013 0.0799656	0.939054 0.954451 0.931759 1.01906 0.93102 0.924207 0.930765 0.938046 0.889619 0.972073 
0014 0.241617	0.970418 1.06631 1.07433 0.974007 1.04719 1.11371 1.01572 1.03189 1.1014 1.01462 
0015 0.0662081	0.936711 0.997672 1.02022 1.04192 0.993516 0.90635 0.954195 1.08048 0.939458 1.06269 
0016 0.122958	0.868317 0.917579 0.833941 0.887166 0.956407 1.07625 0.94042 0.826014 1.03544 0.852081 
0017 0.128977	0.903744 1.00992 0.960269 0.989514 1.01013 1.15092 1.03512 0.940166 1.06139 0.922743 
0020 0.129796	1.16971 1.12437 1.06214 1.20347 1.05755 0.827641 1.00401 1.12441 0.952156 1.16785 
0021 0.0832653	0.897903 0.868104 0.824307 0.933413 0.960887 0.896917 0.86995 0.866946 0.868814 0.895496 
0022 0.167347	1.07614 1.01097 0.942542 1.01701 1.03337 0.938429 0.976426 1.05748 0.905759 1.07149 
0023 0.08	0.965134 0.970226 0.924683 0.839419 0.965282 1.14137 1.06066 0.897822 1.06586 0.857775 
0024 0.0693878	1.12779 1.12904 1.10293 0.985858 1.05176 1.19049 1.0985 1.04601 1.16802 1.00794 
0025 0.151837	0.992028 0.964055 0.929716 1.00734 0.960812 0.882845 0.938592 0.940291 0.935592 0.967326 
0026 0.196735	1.04487 1.02316 0.965783 0.9635 1.01932 1.11475 1.07098 0.989644 1.08436 0.972371 
0027 0.121633	1.13986 1.11445 1.12934 1.02554 1.07336 0.9385 1.01578 1.1786 1.02905 1.13598 
0030 0.104516	1.0924 1.1347 1.15364 1.05359 1.00448 1.14866 1.13005 1.12444 1.1202 1.10138 
0031 0.197242	0.996026 1.003 1.02942 1.04447 0.955747 0.997632 0.994334 1.01073 1.00657 1.02471 
0032 0.181655	0.936268 0.979773 0.953325 0.971703 1.03648 0.907955 1.01309 0.954079 0.906949 0.99024 
0033 0.0571543	1.03188 1.03117 1.05464 1.16608 0.993417 0.926441 0.995911 1.12143 0.968814 1.11925 
0034 0.170064	0.963875 0.998049 0.984285 0.952402 0.998773 1.1139 0.996059 0.922789 1.10338 0.910632 
0035 0.0617506	1.21938 1.11767 1.21454 1.11603 1.05802 0.80557 0.994343 1.16931 1.0044 1.1962 
0036 0.143485	0.878102 0.904637 0.896043 0.907415 0.944262 1.06028 0.953687 0.899591 0.98722 0.895561 
0037 0.0841327	1.10915 1.05073 1.04844 1.11564 1.02582 0.94406 1.04592 1.06122 0.983476 1.05885 
0040 0.154812	0.986623 1.08499 1.07393 1.03211 0.996509 0.926508 1.05192 1.08282 1.04575 1.03938 
0041 0.0627615	1.02465 1.06787 1.05337 0.951004 1.06772 1.11994 1.09976 1.09157 1.16533 1.00262 
0042 0.102092	0.914035 0.948412 0.944026 0.877452 0.979001 1.16742 1.05925 0.940212 1.06711 0.890782 
0043 0.296234	0.966281 0.985738 0.999336 1.01231 1.00585 0.977472 0.953115 0.972978 0.981822 1.01105 
0044 0.105439	0.826056 0.896556 0.868811 0.947011 0.980757 0.837223 0.906813 0.857839 0.950192 0.948295 
0045 0.0686192	0.905083 0.930004 0.893194 1.01778 0.943882 1.17642 0.975533 0.88906 1.01967 0.946389 
0046 0.107113	1.19998 1.10783 1.15413 1.12426 1.03254 0.880671 1.09786 1.20089 1.02099 1.1536 
0047 0.102929	0.978072 1.04113 1.04672 1.04841 1.02134 0.944879 1.04933 1.08628 1.00502 1.1517 
0050 0.226232	0.920731 0.879507 0.900328 0.975509 0.976182 0.881106 0.9222 0.943585 0.878175 0.959074 
0051 0.132042	1.0257 1.02518 1.00338 1.07829 0.988213 0.916933 1.01151 1.04402 0.924365 1.09934 
0052 0.0585387	1.17204 1.07049 1.11303 1.14667 1.08833 0.888748 1.04646 1.16173 0.964533 1.19721 
0053 0.198944	0.936996 0.977967 0.981182 0.943249 0.955042 1.12983 1.05098 0.946434 1.04374 0.962242 
0054 0.0541373	1.15408 1.09034 1.05804 1.03748 1.01864 1.18392 1.10002 1.03258 1.10879 0.991006 
0055 0.152289	1.13553 1.07863 1.14906 0.977658 1.03551 1.08656 1.11597 1.12607 1.06168 1.13437 
0056 0.0576585	1.03479 0.900573 0.923352 1.15638 0.995923 0.791629 0.912521 0.980016 0.838885 1.047 
0057 0.120158	0.909962 0.919283 0.959525 0.927288 1.05241 0.882901 0.971353 0.966595 0.96161 0.996941 
0060 0.0798731	1.04111 1.06282 1.03815 0.954437 1.03504 1.17366 1.07355 0.967933 1.05639 0.964156 
0061 0.128604	0.954088 0.995004 1.03155 0.91869 0.963966 1.1187 1.00828 0.879951 1.09482 0.901343 
0062 0.0712226	0.976037 0.89383 0.932066 1.08957 0.988294 0.89719 0.931933 0.917042 0.845275 0.969168 
0063 0.131776	1.00705 0.999327 0.997147 1.00768 0.969532 0.899667 0.914462 0.949401 0.935416 0.969137 
0064 0.0738178	0.873194 0.896968 0.919267 0.910737 0.917082 1.08867 0.943142 0.808181 1.01103 0.81503 
0065 0.165802	1.06039 1.03311 1.06074 1.07401 1.04197 1.01241 0.978919 0.95721 1.04689 0.992952 
0066 0.08391	0.886157 0.901453 0.938355 0.892144 0.9886 0.950292 0.971721 0.909544 0.899161 0.946715 
0067 0.264994	1.16223 1.08202 1.18703 1.06305 1.0165 1.04111 1.00676 1.0837 1.09004 1.08801 
0070 0.0915094	0.90163 0.921281 0.881426 1.02231 0.955026 0.797594 0.881357 0.926545 0.902797 0.941554 
0071 0.0575472	0.962422 0.914357 0.969133 0.973939 1.03024 0.798126 0.970373 0.980557 0.859025 1.05789 
0072 0.109434	0.964923 1.0355 1.05907 0.94711 1.05196 1.01633 1.10973 1.09858 1.07859 1.02788 
0073 0.162264	0.996223 0.97288 0.951638 0.984796 1.02211 1.14375 1.02308 0.948941 0.996213 0.950129 
0074 0.0801887	0.990986 0.966935 0.960011 0.925365 0.967998 1.08421 1.07836 1.03409 1.00509 0.986539 
0075 0.142453	1.25219 1.1932 1.17779 1.03735 1.06081 1.09909 1.1723 1.21236 1.0713 1.08429 
0076 0.271698	1.00378 1.01992 1.05482 1.03544 0.983235 1.00393 1.05488 1.0708 0.966212 1.05712 
0077 0.0849057	0.878652 0.921143 0.919036 0.930831 0.933774 1.07688 1.07351 0.938279 0.96494 0.958959 
0100 0.0702028	0.912493 0.94016 0.870872 0.877986 1.04995 1.05713 0.971234 0.905988 1.04723 0.972136 
0101 0.141966	1.13387 1.04696 1.03166 1.10006 1.05795 1.02276 1.00204 1.03076 1.05025 1.05987 
0102 0.127145	0.997228 0.983035 0.913681 0.995304 1.03171 0.954128 0.988603 1.01359 0.900951 1.0044 
0103 0.205928	1.02552 1.08172 1.01248 0.968933 1.01261 1.09623 1.01165 0.999206 1.09396 1.03943 
0104 0.0592824	1.05291 1.01212 0.985989 1.11818 0.93286 0.966857 0.919953 1.04613 0.975895 1.06127 
0105 0.210608	0.939723 0.944286 0.845342 1.01076 0.967812 0.981928 0.960174 0.886393 0.870847 0.907559 
0106 0.074103	1.07875 1.05668 0.989191 1.09036 0.972236 1.02303 0.967235 1.02104 0.966174 1.06494 
0107 0.110764	1.17193 1.2171 1.11913 1.07734 1.03673 0.994593 1.01342 1.19138 1.1177 1.15555 
0110 0.121615	1.16218 1.13402 1.13043 1.17558 0.952392 0.990497 1.03089 1.09991 1.02261 1.09899 
0111 0.133924	0.990295 1.02468 1.00107 1.00212 1.00663 0.996107 1.02955 0.969361 0.989312 1.00656 
0112 0.113245	1.11532 1.10173 1.08445 0.938434 1.08846 1.1606 1.10782 1.03051 1.17604 1.01083 
0113 0.0536681	1.17284 1.04691 0.962612 0.975761 0.996643 1.33233 1.06143 0.891976 1.14312 0.928098 
0114 0.245692	0.93314 0.933655 0.905483 0.962098 0.9522 0.917462 0.957974 0.866306 0.87896 0.954387 
0115 0.0689316	1.09572 1.10696 1.08804 1.03156 1.06923 1.01231 1.03985 1.0903 1.07647 1.02857 
0116 0.138848	1.05385 1.13159 1.11909 0.980612 0.990374 1.09515 1.06775 1.06907 1.09671 1.0807 
0117 0.124077	1.05309 0.969256 0.978084 1.12036 1.0076 0.862146 0.931741 0.985236 0.947532 1.07012 
0120 0.171147	1.12312 1.11059 1.10596 1.09367 1.03147 0.997508 1.04031 1.08532 1.04321 1.08146 
0121 0.218612	0.904655 0.967027 0.953615 0.976531 0.980774 1.0111 1.02406 0.956339 0.94825 0.931216 
0122 0.0563117	0.868721 0.932171 0.942156 0.906743 1.04135 0.994333 0.973788 0.96679 0.99776 0.946996 
0123 0.0452535	0.893657 0.910915 0.850013 0.984792 0.932072 0.989635 0.880299 0.870379 0.8905 0.892653 
0124 0.109051	1.04839 1.11788 1.09412 0.926084 1.03282 0.97536 1.11633 1.06756 1.03321 1.03965 
0125 0.0763865	0.961104 1.04514 1.03228 1.00716 1.08966 1.06342 1.04823 1.02227 1.00205 1.04335 
0126 0.117047	0.917327 0.95051 0.943068 1.07626 0.934109 0.933717 0.997102 0.962639 0.87277 0.999603 
0127 0.206193	1.04194 1.05299 1.08738 1.06633 0.967223 0.83035 0.981654 1.10568 0.995363 1.05825 
0130 0.152457	0.9928 0.945558 0.908787 1.01792 1.00335 0.99218 0.945118 0.905167 0.90552 0.964319 
0131 0.0785384	0.961475 1.00332 0.939446 0.95696 1.01754 1.15228 0.992643 0.904009 1.03991 0.954492 
0132 0.190676	1.22887 1.14183 1.12466 1.00137 1.00443 1.07472 1.05843 1.09471 1.03916 1.09514 
0133 0.0600588	1.10307 1.03467 0.993021 1.20513 1.00155 0.864024 0.93811 1.05792 0.832153 1.07759 
0134 0.050819	0.981754 0.967893 0.884156 0.991171 0.915076 1.00492 0.935099 0.876758 0.88415 0.899391 
0135 0.149937	1.2188 1.12433 1.05512 1.07478 1.0678 1.11703 1.02437 1.07473 1.00839 1.09188 
0136 0.0676186	1.10659 1.00262 1.01976 1.06875 1.02358 0.863031 0.968748 1.00095 0.846528 1.07784 
0137 0.249895	1.00641 0.950661 0.955738 0.917609 0.959348 1.09573 1.00597 0.907652 0.9341 0.980498 
0140 0.0628319	1.0415 1.04146 1.06735 0.883736 1.01082 1.25926 1.16497 1.01607 1.16064 0.930174 
0141 0.0570796	1.02891 1.00657 1.08213 0.953651 0.949071 0.97631 1.01964 1.01812 1.01659 1.02598 
0142 0.199558	0.960011 1.02527 1.01616 1.02883 1.02162 0.943154 0.968159 1.058 0.982738 1.02326 
0143 0.136283	1.12523 1.09692 1.12441 1.11101 1.02447 1.06019 1.02814 1.14275 1.07577 1.08068 
0144 0.121018	0.836432 0.908823 0.919304 0.960639 0.999473 1.01029 0.984993 0.921511 0.945212 0.908053 
0145 0.0637168	1.07287 1.09292 1.10535 0.953704 1.0878 1.09204 1.07383 1.10859 1.16675 1.06472 
0146 0.120796	0.995632 1.0712 1.10617 1.02257 1.00979 1.02776 1.04802 1.15083 1.12661 1.03084 
0147 0.238717	0.932485 0.979148 0.948689 0.993196 0.970411 1.15863 1.03381 0.962981 1.02087 0.921592 
0150 0.08214	1.14368 1.04118 1.06889 1.03414 1.04953 0.894975 0.997349 1.06373 0.934767 1.08564 
0151 0.190716	1.07624 1.04085 1.09095 0.927419 1.04831 1.12017 1.10976 1.09484 1.11229 1.03411 
0152 0.0745869	1.07085 0.942659 0.939693 1.1388 0.975765 0.931477 0.932806 0.990041 0.873104 1.00819 
0153 0.144296	1.05927 0.995173 0.954021 1.01806 1.01912 1.13548 1.0233 0.976505 0.963663 0.936633 
0154 0.116444	0.994884 0.917242 0.932309 0.966949 0.92753 0.943232 0.968675 0.98707 0.900451 0.972889 
0155 0.17262	1.07721 1.07128 1.06078 1.03037 0.987574 1.05056 1.02337 1.10995 0.975137 1.02598 
0156 0.0920535	1.22588 1.12185 1.14894 1.15528 1.05722 1.00923 1.07601 1.15712 0.987054 1.1658 
0157 0.127144	0.871418 0.852376 0.874938 0.882443 0.965383 1.03412 0.972788 0.885384 0.918751 0.910655 
0160 0.0660644	1.19635 1.14459 1.21432 1.04781 1.07001 1.0196 1.07612 1.20014 1.07056 1.16414 
0161 0.118012	1.11823 1.0555 1.09097 1.07831 1.0172 0.939314 1.02704 1.07103 0.973901 1.07418 
0162 0.0626765	1.13588 1.01324 1.04004 1.1366 1.02744 0.823948 0.949572 1.04747 0.899009 1.12108 
0163 0.181254	0.990502 1.01068 0.985554 1.04327 0.955996 0.934276 0.921742 0.919997 0.997489 0.977563 
0164 0.109543	1.00656 1.02086 1.07968 0.921449 1.00524 1.00033 1.0264 1.00459 1.05323 1.04487 
0165 0.149068	1.05419 0.994226 1.01469 1.01871 1.05454 1.00882 0.968064 1.00689 1.05369 1.03908 
0166 0.15415	1.08554 1.10095 1.15973 0.947679 0.976225 0.920773 1.00485 1.09453 1.08467 1.06828 
0167 0.159232	0.871448 0.88948 0.908308 0.907403 0.957687 1.14534 0.957755 0.80691 1.00399 0.866743 
0170 0.163591	1.13345 1.08425 1.13577 1.07425 1.0806 1.07168 1.06142 1.07129 1.05474 1.04171 
0171 0.165795	0.811849 0.905374 0.902478 0.893199 0.998523 1.05501 0.971087 0.831787 0.980439 0.904717 
0172 0.106582	0.907463 0.987546 0.945052 1.06084 1.02108 1.07308 0.958199 0.922293 0.946338 0.957004 
0173 0.16607	0.882765 0.945409 0.932836 0.999144 0.95676 0.952831 0.948467 0.939773 0.94906 0.992028 
0174 0.0834481	0.898644 0.933808 0.966511 0.988943 0.981512 1.08792 0.957392 0.913664 1.00016 0.936652 
0175 0.0589369	0.991719 0.988519 1.03149 0.919845 0.994503 1.19921 1.02674 0.960188 1.12481 0.94984 
0176 0.158634	1.01878 1.08202 1.10745 1.0948 0.987477 0.9617 1.00088 1.0626 1.04119 1.0413 
0177 0.096943	0.943749 1.06352 1.1574 0.981257 1.00948 1.01888 1.05403 1.07456 1.12672 1.0459 
1000 0.202989	1.02714 1.0959 1.08654 1.13285 1.03693 0.97976 1.06437 1.18121 1.0399 1.13376 
1001 0.0759651	0.938373 1.00002 0.945839 1.01703 0.950215 1.01677 0.972962 0.978595 1.00876 0.990709 
1002 0.0784558	0.806362 0.909654 0.818181 0.973882 0.971772 1.04124 0.924107 0.840726 0.940543 0.840525 
1003 0.225405	0.933001 1.01821 0.967645 0.982839 1.03531 1.00881 0.963707 1.00231 0.988197 0.982305 
1004 0.0967206	1.07581 1.10768 1.14739 0.996422 1.01771 1.03861 1.11084 1.17196 1.07847 1.11219 
1005 0.086758	0.838203 0.916075 0.903986 0.921788 0.946685 1.0588 0.998025 0.962724 0.961656 0.915421 
1006 0.100042	0.926708 1.00203 0.956539 0.93117 0.959825 1.22433 1.03141 0.967498 1.07643 0.926975 
1007 0.133665	1.00227 1.05238 1.0598 1.06127 0.971045 1.08846 1.06633 1.0944 0.98653 1.02747 
1010 0.0494462	0.841297 0.851696 0.914493 0.915473 0.951563 1.03568 0.947502 0.895765 1.01518 0.91053 
1011 0.157437	0.946863 0.949375 0.992218 1.03689 0.947547 1.02632 1.00858 0.971324 0.962184 0.964831 
1012 0.184335	0.953492 0.989261 1.05287 0.995036 1.04101 1.08845 1.02482 1.00709 1.09094 0.970729 
1013 0.209256	1.00381 1.06294 1.12473 0.956715 0.992221 0.955225 1.05324 1.1124 1.06304 1.0529 
1014 0.0561709	0.848777 0.86275 0.92188 0.965087 0.898799 1.08916 1.0232 0.841669 0.996788 0.872387 
1015 0.201741	1.12776 1.07548 1.11243 1.07195 1.05459 0.989129 1.07093 1.12297 1.01761 1.05404 
1016 0.0814873	0.98944 0.949519 1.0164 0.90577 0.956381 1.11135 1.02633 1.02065 1.03983 0.955723 
1017 0.0601266	0.863519 0.864922 0.93364 0.918116 1.01174 1.0172 1.01987 0.905942 0.959557 0.911661 
1020 0.303785	1.09128 1.06182 1.13727 1.06299 1.0253 0.856035 1.01908 1.14468 0.958061 1.12483 
1021 0.0730412	0.845334 0.869234 0.864667 0.911743 0.944863 1.04677 0.93951 0.841931 0.956281 0.849756 
1022 0.114542	0.995708 1.04054 1.07729 0.961887 0.960705 1.12915 1.02633 0.978379 1.09914 0.961974 
1023 0.0962815	0.938314 1.02188 1.03977 0.940342 0.997435 0.974934 1.04004 1.05357 0.968499 1.03371 
1024 0.106574	1.13891 1.14596 1.14121 1.00093 1.01188 1.03583 1.10874 1.12133 1.09193 1.02593 
1025 0.0846614	1.00429 1.04952 1.00697 1.09054 0.985398 0.970835 1.00406 0.980165 0.964024 0.996453 
1026 0.106906	0.893057 0.929534 0.958895 1.03681 0.979542 0.84142 0.911462 1.01031 0.890121 1.02512 
1027 0.11421	0.896398 0.949895 0.969049 0.962216 0.982612 1.08947 0.979789 0.946286 1.00731 0.943631 
1030 0.0854831	1.20086 1.16477 1.19362 1.01946 1.08232 1.0506 1.02347 1.12019 1.21061 1.10527 
1031 0.140617	0.904979 1.00358 0.91309 1.00212 0.952679 0.925492 0.929873 0.940692 0.914872 0.983637 
1032 0.124937	1.08045 1.0638 1.07177 1.05389 0.999212 0.988883 1.02624 1.13323 1.01428 1.0431 
1033 0.112291	1.02618 0.990685 0.90287 1.01697 1.0227 1.01744 0.960695 0.918798 0.968321 0.961978 
1034 0.248356	0.955539 0.971929 0.945933 0.904676 1.02868 1.08602 0.962688 0.949099 1.05883 0.93055 
1035 0.107233	1.16244 1.07107 1.07446 0.987433 0.981578 1.0142 1.06017 1.098 1.02608 1.05571 
1036 0.0556399	0.806323 0.879059 0.881889 0.913227 0.923424 0.950355 0.920405 0.865439 0.976843 0.92627 
1037 0.125443	1.18631 1.1205 1.0692 1.14408 1.03355 0.957792 1.01487 1.11435 0.98049 1.06498 
1040 0.0479161	1.00118 1.09469 1.09488 0.908723 0.95834 1.15301 1.08199 0.98814 1.1156 1.02119 
1041 0.0910122	0.906986 0.965228 0.922974 0.985054 1.05397 0.859726 0.914131 0.892662 0.931356 0.984565 
1042 0.202155	0.941612 1.03679 1.00446 0.979898 0.998784 1.01211 0.99953 1.01007 0.998126 1.03125 
1043 0.185427	0.809422 0.948872 0.91061 0.976768 0.943082 0.995746 0.930905 0.876158 0.92517 0.934914 
1044 0.204707	0.947649 1.01984 0.994445 0.94681 0.994181 1.24116 1.02025 0.946542 1.10754 0.958947 
1045 0.0456479	1.08017 1.13593 1.09679 0.990991 1.11265 1.05483 1.07669 1.08087 1.06733 1.13622 
1046 0.10292	1.04175 1.14606 1.16736 1.04806 1.04911 0.964844 1.10358 1.1796 1.07858 1.14128 
1047 0.120215	1.03552 1.04095 1.06919 1.15611 1.03166 1.01328 1.015 1.08632 0.966487 1.16093 
1050 0.13655	0.940587 0.897475 0.849951 1.05147 0.977838 1.00518 0.912819 0.884779 0.908596 0.948574 
1051 0.190965	0.93668 1.02633 1.07695 0.961025 0.980042 1.09016 1.03045 0.987723 1.15716 1.01681 
1052 0.0852156	0.895818 0.911811 0.910366 0.902732 0.965252 1.04175 1.02228 0.870721 0.981603 0.946045 
1053 0.12115	1.12304 1.12595 1.13912 1.10594 1.04502 1.07935 1.0784 1.11291 1.10807 1.11563 
1054 0.0626283	0.813441 0.831594 0.818247 0.972341 1.00038 0.97207 0.901927 0.783417 0.870574 0.939355 
1055 0.0821355	0.939848 0.964292 0.962634 0.937884 1.0086 1.10827 1.00805 0.926332 1.03212 0.965855 
1056 0.157084	0.940743 0.968301 1.01623 1.05072 0.938335 0.990682 0.964931 0.986611 0.988506 0.947047 
1057 0.164271	1.05842 1.01109 1.05892 1.00793 1.03866 0.861809 1.01267 1.02121 0.963891 1.10901 
1060 0.160539	1.07532 1.00945 1.08095 1.0445 1.07938 0.917682 1.05124 1.10192 0.996948 1.14654 
1061 0.064951	0.868617 0.862478 0.867425 0.873152 0.95558 1.11316 0.93045 0.848346 1.04115 0.88348 
1062 0.0637255	1.03418 1.00866 1.02549 1.07965 0.919618 0.915202 0.991301 1.04602 1.00211 1.00938 
1063 0.156863	0.938115 0.969269 1.03576 1.02313 0.986451 0.930481 1.01195 1.00148 0.973193 1.08862 
1064 0.166667	1.03733 0.985103 1.01897 1.00421 0.959203 1.0507 1.00885 0.999047 1.03138 0.972686 
1065 0.0943627	0.910025 0.881817 0.86049 0.982851 0.910605 0.962478 0.940159 0.900705 0.96069 0.926483 
1066 0.154412	1.06737 1.10954 1.14031 1.10101 1.02504 1.0951 1.07062 1.13186 1.13688 1.09783 
1067 0.13848	1.02043 0.973368 0.995433 0.988976 1.04199 1.22769 1.02628 0.990986 1.09452 0.937547 
1070 0.161771	1.18581 1.14275 1.07198 1.05622 1.09666 1.05162 1.0234 1.12269 1.0304 1.08289 
1071 0.205603	1.04683 1.02436 0.983619 0.994728 0.972545 1.07959 1.02586 0.992621 0.983331 0.996591 
1072 0.127429	0.967226 0.929759 0.959456 1.06775 0.975122 0.835998 0.926646 0.979098 0.909932 0.992096 
1073 0.046995	0.849845 0.860647 0.822042 0.931531 0.905951 1.13173 0.923322 0.795352 0.955535 0.838414 
1074 0.12291	1.07658 1.02213 0.96724 1.09493 1.07045 0.894197 0.969819 1.00539 0.888929 1.07648 
1075 0.0646182	1.01349 0.98446 0.95421 0.860592 0.976289 1.21687 1.00906 0.925913 1.11221 0.873044 
1076 0.0962494	0.879213 0.90058 0.905648 0.856637 0.978582 1.05667 1.00048 0.913517 0.959799 0.95064 
1077 0.174424	1.01094 1.00695 1.00611 0.9675 1.04174 1.24419 1.03074 0.940497 1.1047 0.940224 
1100 0.163182	0.855534 0.907973 0.929032 0.87992 0.928026 1.06751 0.960707 0.844826 0.994918 0.921679 
1101 0.106068	0.97752 1.00512 0.982976 0.914162 1.062 1.05735 1.01945 0.89457 1.03076 0.957445 
1102 0.1795	1.14264 1.09511 1.09864 1.11935 1.00114 0.994414 1.01472 1.05175 1.0138 1.07076 
1103 0.110658	1.10249 1.1636 1.16437 1.0153 1.08843 1.03895 1.03837 1.1044 1.18177 1.12753 
1104 0.0586435	0.988336 0.9923 1.02164 1.16789 1.02747 0.733585 0.895693 0.994327 0.888285 1.1098 
1105 0.109128	1.03509 1.01923 0.936964 1.04871 1.01324 1.01339 0.937243 0.867167 0.969416 0.94731 
1106 0.162672	1.02502 1.02093 1.02607 0.942555 0.946902 1.28442 1.05374 0.950709 1.09569 0.942524 
1107 0.110148	1.02055 0.974394 0.977713 0.965155 0.963688 0.852106 0.964416 0.957115 0.926976 0.998136 
1110 0.177223	0.950698 0.981478 0.993906 0.983137 1.00224 1.03304 1.00407 0.952196 1.04682 0.959898 
1111 0.126843	1.14309 1.14919 1.21838 1.06161 1.06529 0.947015 1.06572 1.17149 1.05203 1.1637 
1112 0.115179	1.03536 1.06727 1.09498 1.06199 1.03793 0.911362 0.971833 1.0277 1.0325 1.06554 
1113 0.114369	0.988463 1.11644 1.16007 1.02522 0.949722 0.947327 1.06184 1.10099 1.04082 1.04367 
1114 0.123279	0.884001 0.888915 0.852544 0.871901 0.976363 0.935148 0.945131 0.805301 0.927266 0.894718 
1115 0.0579945	1.06309 1.08055 1.09534 1.19568 1.02876 0.918789 0.959352 0.998371 0.994647 1.06157 
1116 0.186781	0.917878 0.954535 0.932694 0.971174 0.966812 0.904027 0.956929 0.877931 0.935893 0.955888 
1117 0.0983314	0.992591 1.00651 1.07278 0.950021 1.07555 1.02958 1.03943 0.967465 1.08552 1.01597 
1120 0.127434	1.12651 1.10755 1.21091 1.11132 1.05933 0.982583 1.02887 1.16889 1.05201 1.15765 
1121 0.0549828	0.966245 0.991124 1.04334 0.996711 1.1189 0.956963 1.00545 1.04271 0.991986 1.03075 
1122 0.0797537	1.04134 1.01281 1.02824 0.960507 1.00652 1.00878 1.01041 1.03158 1.00518 1.04898 
1123 0.126002	0.863844 0.932993 0.906195 0.898915 0.986359 1.12795 0.917679 0.862749 0.992887 0.922257 
1124 0.176976	1.00781 0.968909 0.960106 1.02523 1.0236 1.09685 0.953477 0.980556 1.00002 0.967524 
1125 0.058992	0.993646 1.01759 1.0274 1.1845 1.02808 0.898769 0.953989 1.08889 0.933965 1.07582 
1126 0.242125	1.02237 1.0057 0.983551 1.00689 0.949396 1.03664 0.961723 1.01513 0.951017 1.00742 
1127 0.133734	0.969798 1.00749 0.976285 1.04745 0.974276 1.1312 0.989453 0.973809 0.994126 0.975657 
1130 0.0666992	0.965023 0.952415 0.935174 0.915489 0.989918 1.24425 1.02903 0.887727 1.07597 0.895365 
1131 0.102126	1.12733 1.02164 1.09198 1.00882 1.10014 1.00615 1.03542 1.04884 0.987956 1.07752 
1132 0.0774493	0.955559 0.978956 1.02379 0.926039 0.976606 0.975202 1.00226 0.961089 1.05213 0.96287 
1133 0.0759834	1.26179 1.19791 1.24528 1.11627 1.01358 1.03157 1.06395 1.21935 1.12561 1.14592 
1134 0.162228	0.985145 0.921017 0.945577 1.04316 1.01901 0.886714 0.931724 0.935528 0.908919 0.975362 
1135 0.18495	0.929506 0.924987 0.958952 0.957515 0.924791 0.981578 0.969547 0.934695 0.92751 0.927305 
1136 0.0969949	1.077 1.07624 1.09648 1.15029 1.04456 0.907279 1.0119 1.06517 1.02393 1.08759 
1137 0.23357	1.05369 1.02477 1.11217 1.05911 0.978913 1.08099 0.999651 1.07068 1.06372 1.09244 
1140 0.0762389	1.07938 1.05648 1.07586 1.0897 1.03869 0.88047 1.02935 1.14317 0.922593 1.11715 
1141 0.096781	1.1162 1.14303 1.20761 1.01517 1.03145 0.917402 1.08117 1.20671 1.08996 1.12216 
1142 0.125371	1.00577 0.960222 0.90623 1.00331 1.05887 1.01643 0.965499 0.933315 0.934546 0.982052 
1143 0.222363	0.998044 0.943629 1.00028 1.00116 0.981697 0.898943 0.981282 0.978141 0.93969 0.997756 
1144 0.0487082	1.0726 1.08225 1.09997 0.939528 0.96492 1.06934 1.09964 1.06652 1.07495 1.0529 
1145 0.0880983	0.82639 0.827843 0.817979 0.879632 0.986775 0.928233 0.926709 0.803158 0.915409 0.868824 
1146 0.179797	1.05158 1.08729 1.05112 1.05701 1.00973 0.981503 1.03897 1.06538 1.07928 1.05868 
1147 0.162643	0.948558 0.978419 0.9646 0.909807 0.975021 1.03091 0.982125 0.966201 1.07879 0.93557 
1150 0.204199	0.988547 0.943352 0.918331 0.918226 0.979274 1.08583 0.951021 0.879643 0.998036 0.905152 
1151 0.0510497	1.09332 1.0014 0.967685 1.03851 1.08305 1.06256 1.00849 0.956671 1.0169 0.986673 
1152 0.103425	1.01398 1.06684 1.06494 1.03537 0.968548 1.09906 1.03097 1.0284 1.0933 1.01255 
1153 0.138122	0.97011 0.931351 0.911545 1.05274 0.992246 0.90472 0.900591 0.921734 0.922737 0.959595 
1154 0.0576796	0.938838 0.876986 0.840291 1.01916 1.00182 0.8936 0.88195 0.81643 0.956976 0.859487 
1155 0.195138	1.17648 1.10769 1.10076 1.0445 1.0478 0.952638 0.990575 1.02765 1.10387 1.0712 
1156 0.203757	0.971107 1.00788 0.994632 1.02757 0.991082 0.930217 0.977052 1.00723 0.956447 1.01795 
1157 0.0466298	1.02663 1.01158 1.04667 0.943373 0.951445 0.962318 1.02097 1.01905 1.0486 1.05053 
1160 0.225467	0.997107 0.979136 0.972523 1.01217 0.955478 1.0045 1.03621 0.961343 0.933917 0.977938 
1161 0.196262	1.07428 1.09673 1.09365 1.07834 1.01431 0.896158 1.05687 1.17795 0.952346 1.11044 
1162 0.0587033	0.89481 0.89846 0.928511 0.946784 1.07427 1.01773 1.00201 0.897287 0.923381 0.925158 
1163 0.126752	0.926943 0.995705 1.00263 0.91323 1.01418 1.15429 1.02287 0.933536 1.11438 0.92552 
1164 0.0680491	0.929484 0.876768 0.914025 1.13427 0.990759 0.769608 0.925522 0.97162 0.754669 1.00389 
1165 0.140771	0.852485 0.872841 0.847359 0.975805 0.977532 1.02988 0.944149 0.805684 0.946246 0.861799 
1166 0.0849883	1.05969 1.05056 1.11215 1.0138 0.93956 0.958018 1.04593 1.04413 1.04402 1.0138 
1167 0.099007	1.05021 1.08173 1.0723 1.0445 1.07531 1.05502 1.06413 1.11554 1.00241 1.05 
1170 0.179092	0.874652 0.926515 0.897018 0.958158 0.958172 1.02733 0.990825 0.922301 0.918535 0.957027 
1171 0.104133	1.04695 1.04578 1.00371 1.12034 1.05229 1.00373 1.03355 1.11411 0.942164 1.06831 
1172 0.0889384	0.816813 0.913981 0.920145 0.999016 1.03267 0.992805 0.935452 0.883239 1.00058 0.93266 
1173 0.266613	0.919539 1.02296 1.04731 0.981487 0.957285 1.0089 0.999368 1.05369 1.06433 1.01371 
1174 0.119733	0.973278 0.977964 1.0443 0.930911 1.05052 1.05586 1.02671 1.03565 0.989782 1.00902 
1175 0.0555105	1.0185 1.06177 1.01924 1.01978 1.03715 1.27628 1.05351 1.00995 1.09581 0.984878 
1176 0.0848865	1.14063 1.14154 1.1946 1.08398 1.05676 0.991567 1.09875 1.28063 1.008 1.17188 
1177 0.101094	1.08459 1.11116 1.18335 0.978092 1.02831 0.963023 1.07117 1.15233 1.08067 1.08655 
BOUNDS
LWPS R    0.0  0.0  0.0  0.0  0.0  0.0  0.0  0.0  0.0  0.0
UWPS R    0.5  0.5  0.5  0.5  0.5  0.5  0.5  0.5  0.5  0.5
LXAS R   -0.5 -0.5 -0.5 -0.5 -0.5 -0.5 -0.5 -0.5 -0.5 -0.5
UXAS R    0.5  0.5  0.5  0.5  0.5  0.5  0.5  0.5  0.5  0.5
END
