NAME moment_estimation_cluster
ASSETS 10
BENCHMARKS 0.1 0.1 0.1 0.1 0.1 0.1 0.1 0.1 0.1 0.1 
COVARIANCES
0 0 0.0070037
1 0 0.00173222
1 1 0.00488362
2 0 -0.00178881
2 1 0.00322226
2 2 0.00500656
3 0 0.00504296
3 1 0.00261852
3 2 -0.000108173
3 3 0.0060284
4 0 0.00544317
4 1 0.00169056
4 2 -0.00125328
4 3 0.00465752
4 4 0.00524269
5 0 0.00366199
5 1 0.00281388
5 2 -0.000162616
5 3 0.00338642
5 4 0.00327517
5 5 0.00531595
6 0 0.000218747
6 1 -0.000314426
6 2 0.000227219
6 3 0.000499396
6 4 0.000693656
6 5 -0.000840134
6 6 0.00113177
7 0 0.00378472
7 1 -0.00223911
7 2 -0.00365638
7 3 0.00251437
7 4 0.0036826
7 5 -4.86597e-05
7 6 0.00158485
7 7 0.00739749
8 0 0.00194059
8 1 0.00146364
8 2 -0.000580718
8 3 0.00199579
8 4 0.00172537
8 5 0.00286175
8 6 -0.000529639
8 7 0.000619026
8 8 0.00235615
9 0 0.00266401
9 1 -0.000505004
9 2 -0.00212232
9 3 0.00182261
9 4 0.00228505
9 5 0.00167694
9 6 6.13123e-05
9 7 0.00263699
9 8 0.00109598
9 9 0.00182199
SCENARIOS
0 0.7159	1.03617 1.01698 1.00991 1.03769 1.03284 1.02592 1.0141 1.03949 1.0273 1.00785 
1 0.2841	0.931383 0.939178 0.990994 0.918036 0.928334 0.939761 0.985413 0.973693 0.989299 0.962555 
00 0.652801	0.979015 0.993054 1.02415 0.966949 0.965293 0.977713 0.997726 0.949242 0.988249 0.978155 
01 0.347199	1.14173 1.03733 0.947877 1.09563 1.10797 1.04558 0.997468 1.06298 1.0456 1.06937 
10 0.398838	1.08637 1.00787 0.953784 1.07021 1.09004 1.10135 1.0331 1.08802 1.01491 1.06369 
11 0.601162	0.971073 1.02247 1.03671 0.952551 0.950875 0.961268 1.00451 0.982106 0.972895 0.996549 
000 0.115312	1.00026 0.917837 0.838598 0.968053 1.00788 0.939621 1.00787 1.11481 0.978062 1.06003 
001 0.16228	0.986736 0.980242 0.967976 0.996405 0.999169 0.997363 0.967051 0.987251 0.965712 1.01166 
002 0.206167	0.870553 0.942629 0.939462 0.854613 0.910017 0.916005 1.00435 1.02031 0.951791 0.990766 
003 0.0893354	0.865242 1.03472 1.09145 0.952398 0.884449 0.974563 0.987443 0.867612 0.949422 0.928109 
004 0.0564257	1.21841 1.0801 0.924238 1.18838 1.1827 1.09558 1.01555 1.23131 1.06919 1.10035 
005 0.113408	1.0517 0.968375 0.909422 1.08095 1.07301 1.0713 0.978063 1.11168 1.01764 1.08494 
006 0.143343	1.0406 1.11425 1.08284 1.125 1.07633 1.07502 1.00502 1.00069 0.993125 1.00955 
007 0.113729	0.955307 1.17853 1.15954 0.993041 0.973313 1.06347 0.984176 0.851664 0.970132 0.950419 
010 0.158473	0.957621 0.921884 0.970744 0.906707 0.947043 0.872388 1.02499 1.03899 0.924377 0.947453 
011 0.15972	1.06516 1.11709 1.06777 1.10332 1.05825 1.10526 0.993583 0.925748 1.0236 0.98197 
012 0.0705665	1.04911 0.92606 0.872884 0.995072 1.08708 1.01315 1.01738 1.12617 0.992169 1.03935 
013 0.124839	1.15273 0.976188 0.93901 1.147 1.15603 1.06712 1.05395 1.19389 0.990054 1.06763 
014 0.141415	0.896999 1.05491 1.12879 0.965922 0.927233 1.07586 0.996751 0.95132 0.995397 0.957821 
015 0.0437721	1.0753 1.22529 1.15901 1.20862 1.09095 1.14308 0.969912 0.851985 1.02329 0.961811 
016 0.11635	0.950282 0.820777 0.87408 0.896135 0.932501 0.993474 1.02019 1.06684 0.973596 1.01802 
017 0.184865	0.930732 0.99154 1.01918 1.00786 0.999028 1.02697 1.01304 1.01734 0.983207 0.98733 
100 0.185421	1.12319 1.1486 1.03093 1.17569 1.13254 1.08246 0.953082 1.00602 1.04168 1.03534 
101 0.0612479	0.896838 1.042 1.08869 0.880506 0.87675 0.890229 0.970304 0.841483 0.945936 0.917094 
102 0.116053	1.12222 0.855787 0.831667 1.01833 1.0588 0.961811 1.01107 1.20581 0.996495 1.10818 
103 0.246933	1.00685 1.10115 1.07733 1.02704 0.97115 0.921991 0.986918 0.89721 0.991048 0.942718 
104 0.0756332	0.940082 0.96445 0.96718 0.913961 0.972889 0.936025 0.998464 1.0129 0.973049 1.00464 
105 0.0742212	0.977525 0.914425 0.939139 0.995723 0.973912 0.930003 0.983177 1.07042 0.986651 1.0119 
106 0.0538346	0.84533 0.848141 0.93189 0.868975 0.872225 0.870049 0.980272 0.990257 0.91925 0.983753 
107 0.186656	0.988512 1.01173 0.98956 1.01028 1.04045 0.954729 1.00067 1.02221 1.00503 1.01944 
110 0.119738	1.05347 1.1244 1.11651 1.09583 1.05797 1.08421 0.976157 0.866741 0.983346 0.953823 
111 0.117513	0.938315 1.05255 1.08671 0.9575 0.965477 1.002 0.980012 0.873205 0.971817 0.921625 
112 0.0653434	0.929455 1.05715 1.07721 1.01147 1.00882 1.08248 1.04741 0.958956 0.967138 0.965476 
113 0.0944435	0.996173 0.837575 0.831306 0.946201 1.00408 0.972575 1.04591 1.16555 0.960887 1.07556 
114 0.20089	0.886676 0.948247 0.985629 0.880073 0.903965 0.965699 0.977573 0.861951 0.961652 0.962558 
115 0.0844312	1.0888 1.00123 0.865629 1.13852 1.14114 1.18383 0.980211 1.09228 1.07422 1.11039 
116 0.17624	1.1132 1.05343 0.991589 1.09025 1.10498 1.09102 0.972888 1.03264 1.02375 1.02976 
117 0.141402	0.959924 0.918872 0.939413 1.018 1.01921 1.006 1.01537 1.02731 0.995839 1.00307 
0000 0.104843	1.062 1.06406 1.0561 1.07565 0.9968 0.986491 0.980475 0.976067 1.00833 0.9882 
0001 0.0829467	1.12033 1.01893 0.960086 0.983789 1.01158 1.17265 0.878504 0.988034 1.1217 1.0528 
0002 0.164966	0.925777 0.96962 1.0352 0.894373 0.894653 1.00697 0.932061 0.951244 1.01237 0.974166 
0003 0.101503	1.00306 1.02192 1.0375 1.09342 0.99253 1.24566 0.910453 0.881945 1.10677 1.01126 
0004 0.10707	1.19125 0.896156 0.89256 1.07595 1.0889 1.14172 0.993831 1.21531 1.07152 1.12818 
0005 0.0849879	0.927249 0.921736 1.09705 0.99863 0.875864 0.908287 0.994038 0.901891 0.943738 0.934484 
0006 0.26684	0.99578 0.964883 0.98552 0.969463 1.01886 0.959292 1.01779 1.0394 0.946635 0.986831 
0007 0.0868436	1.11695 1.07199 0.966006 1.13753 1.13749 1.18046 0.989377 1.04158 1.03396 1.06122 
0010 0.0792458	0.978855 0.923626 0.938684 1.01595 0.941194 0.874516 1.03348 1.05126 1.01198 0.996195 
0011 0.219541	0.987955 0.969788 0.980172 0.991918 1.04104 0.973799 1.03576 1.17488 1.03274 1.03141 
0012 0.085443	1.00321 1.01538 1.01886 1.07321 1.00034 1.0512 0.998709 0.963595 1.04287 1.01354 
0013 0.154272	0.969651 1.0679 1.07404 0.998558 0.97363 1.00922 0.999705 0.973122 1.03573 0.971447 
0014 0.187236	1.15062 1.0054 0.947478 1.09701 1.11835 1.12032 1.02046 1.09084 1.04986 1.05257 
0015 0.0577532	0.827493 0.942503 0.996624 0.885076 0.895419 0.884684 1.04098 1.06311 0.944878 0.964208 
0016 0.101398	1.03506 1.11711 1.12811 1.10351 1.01551 0.975079 1.04874 0.988794 0.98798 0.973692 
0017 0.115111	0.95133 1.00906 1.10502 0.913644 0.919663 0.970081 1.0188 1.04202 1.01796 0.96475 
0020 0.318526	1.06726 1.05492 1.06921 1.02429 1.03003 1.05195 1.00662 0.937969 0.979559 0.9859 
0021 0.0997405	1.13909 1.10489 1.07587 1.14876 1.16685 1.08901 0.977945 1.03848 1.04512 1.03723 
0022 0.127452	0.937819 0.973959 1.04132 1.02179 0.934169 0.937696 0.946327 0.867797 0.977083 0.961198 
0023 0.115724	1.05273 0.824905 0.86715 0.950057 0.988245 0.910298 1.02539 1.18034 0.95606 1.04774 
0024 0.0727556	0.997672 0.979734 0.956074 0.994474 0.968085 1.10557 0.908291 0.879503 1.07449 1.02654 
0025 0.0731707	0.896199 0.955447 1.03331 0.851143 0.838817 0.924455 0.922041 0.849455 0.97099 0.953267 
0026 0.0760768	0.946184 1.0544 1.20631 0.960219 0.933626 0.90002 1.03078 0.808492 0.912218 0.893488 
0027 0.116554	1.1412 1.04294 1.00554 1.14213 1.05744 1.11967 0.931298 1.01563 1.03901 1.03412 
0030 0.0550898	1.08453 0.940326 0.91205 1.15267 1.08522 0.98742 1.03069 1.02501 1.02372 1.05845 
0031 0.101078	1.07727 1.01617 1.00291 1.07263 1.07635 1.00983 1.04463 1.12929 1.01594 1.03545 
0032 0.0601198	1.13425 1.05543 0.931094 1.1949 1.18089 1.13837 0.989999 1.09535 1.12238 1.08682 
0033 0.0847904	1.03148 1.00741 0.936311 1.03987 0.994523 1.01002 0.959048 1.01178 1.13688 1.04573 
0034 0.225389	0.862705 0.926255 0.977397 0.901257 0.896867 0.915049 0.991452 0.926215 0.952475 0.977789 
0035 0.123832	0.997459 0.937562 0.938195 1.01389 1.04041 0.916055 1.03665 1.14053 1.01839 1.02992 
0036 0.268024	1.00399 1.00405 1.08232 1.01172 0.994905 0.952454 1.02545 1.0561 0.958324 0.969002 
0037 0.0816766	1.02886 1.19888 1.07642 1.0359 1.02265 1.07644 0.938172 0.880763 1.02718 0.973068 
0040 0.213121	0.953322 0.952228 0.953682 0.989216 1.03113 0.981001 1.01926 0.95477 0.961242 1.01948 
0041 0.158893	0.901731 0.928553 0.985121 1.03029 0.976339 0.958648 1.03704 1.02423 0.983477 0.969681 
0042 0.105802	0.930498 1.10342 1.12743 1.0552 0.968265 1.01432 1.02784 0.898218 1.01076 0.93778 
0043 0.186196	0.91303 0.928175 1.0145 0.877816 0.907009 0.908125 1.00011 0.867894 0.925813 0.935221 
0044 0.0758438	1.0085 1.0831 1.13629 1.08826 1.08181 1.04198 1.06061 0.905675 0.996853 0.963769 
0045 0.0712931	1.08519 1.05892 1.00256 1.2544 1.1098 1.10311 1.03161 1.0391 1.09461 1.02034 
0046 0.108457	1.0774 0.918695 0.868883 1.02738 1.08054 1.08413 1.0151 1.01945 1.04674 1.11287 
0047 0.0803944	0.950387 0.852246 0.876882 0.885406 0.963302 1.06234 0.930281 0.886857 1.01217 1.07635 
0050 0.0888679	1.14203 1.0147 0.963722 1.0469 1.05462 1.01494 1.01358 1.08432 1.01507 1.02241 
0051 0.0633962	1.02826 0.912844 0.946167 1.00843 1.02345 0.859173 1.08824 1.08689 0.889808 0.999826 
0052 0.181321	0.943704 0.964525 0.976164 0.909228 0.907179 0.874803 0.991572 0.959154 0.967882 0.953215 
0053 0.0466038	1.01922 1.18264 1.12452 1.14785 1.02292 1.06821 1.01002 0.936612 1.06997 0.946139 
0054 0.113962	0.995407 0.953683 0.945028 0.9166 1.00971 0.99821 1.05618 1.00482 0.966779 1.01862 
0055 0.17566	1.09965 0.992699 0.965887 1.10303 1.11729 1.0052 1.01411 1.11718 1.03426 1.03272 
0056 0.114717	1.1008 1.07638 0.952986 0.997886 1.03311 1.06144 0.928156 0.862074 1.07575 1.00416 
0057 0.215472	0.931983 1.06391 1.03745 1.00361 0.953671 0.911786 1.03282 0.929364 1.00127 0.942395 
0060 0.0976265	1.02359 1.10423 1.01119 0.992276 1.08383 1.13828 0.984936 0.925572 1.13215 1.05476 
0061 0.175101	1.12692 1.06107 0.989741 1.12316 1.12222 1.10244 0.967355 1.0902 1.08971 1.02863 
0062 0.0495596	1.06745 0.952703 1.00618 0.970198 1.06639 0.924047 1.07388 1.09476 0.927852 0.984276 
0063 0.168533	1.00494 1.02783 0.973238 0.931881 0.946383 1.01799 0.922394 0.944727 1.09052 0.970789 
0064 0.139722	1.0017 1.08358 1.00466 1.07962 1.00398 1.07018 0.966665 0.953304 1.12233 1.02156 
0065 0.163159	0.990182 0.921444 0.892224 0.931204 0.967288 0.958727 1.01738 1.07155 0.966708 1.03326 
0066 0.050306	0.862374 0.973227 1.02682 0.852572 0.853732 0.922735 0.971647 0.9854 1.02988 0.927383 
0067 0.155993	0.98028 1.04482 1.04352 1.01306 0.979773 0.918281 1.03358 0.995594 1.02762 0.951457 
0070 0.173471	0.926586 0.965301 1.01907 0.998037 1.01761 0.921954 1.05805 1.13897 1.01767 0.996494 
0071 0.16651	1.13327 0.998796 0.995238 1.08568 1.08092 0.950119 1.04189 1.10242 0.938416 1.00717 
0072 0.114205	1.10829 0.963285 0.902902 1.12529 1.12019 1.04848 1.03716 1.06847 1.03378 1.05576 
0073 0.18984	0.921695 0.927676 0.959627 0.907909 0.948166 0.897489 0.940632 0.97156 0.993347 0.979142 
0074 0.0854186	1.01124 0.935568 0.934695 0.947559 0.98796 0.960798 0.976032 1.04458 1.01377 1.01298 
0075 0.0662277	0.966559 1.13766 1.12953 1.13057 1.05992 1.11363 0.962589 0.894816 1.05454 1.00122 
0076 0.163311	1.02145 1.05109 1.05479 0.985291 0.995618 1.00325 1.04873 0.951127 1.02217 0.953251 
0077 0.041016	1.12834 1.05947 1.05659 1.22048 1.2052 1.03833 1.10965 1.23179 1.01129 1.05067 
0100 0.250571	0.929591 1.01229 0.994158 1.02455 1.00717 1.06703 1.01144 1.03025 1.00916 1.043 
0101 0.10231	1.0958 0.909343 0.93513 1.11549 1.12779 1.04319 1.06378 1.19406 0.990591 1.08817 
0102 0.0576288	0.811673 0.896286 0.967021 0.85058 0.854742 0.861599 0.967305 0.987403 0.924635 0.995115 
0103 0.129474	0.964032 1.0183 0.988849 1.1069 1.04896 1.12727 1.04789 1.01031 1.02885 1.02634 
0104 0.167301	0.912517 0.937416 1.00433 0.956294 0.922158 1.02162 0.992525 0.948865 1.0031 0.995289 
0105 0.116527	1.05988 1.03194 1.02267 1.03603 1.10011 1.29207 0.936682 0.942541 1.08939 1.05419 
0106 0.117543	0.899883 1.05686 1.05054 0.907357 0.957066 1.01025 0.981329 0.899002 0.975942 0.966556 
0107 0.0586443	0.830434 1.00841 1.16917 0.949842 0.877694 1.02446 0.945439 0.775999 0.924902 0.920702 
0110 0.10403	1.0767 1.0337 0.935909 1.08424 1.11104 1.24259 1.01344 1.1149 1.09961 1.08348 
0111 0.122418	0.939614 0.912568 1.00401 0.94862 0.934741 0.923479 1.02122 1.06677 0.940855 1.0068 
0112 0.131738	0.95075 0.956607 0.962379 0.895307 0.985547 1.03809 1.00787 1.17213 1.06403 1.05969 
0113 0.116877	0.901137 1.02707 1.10065 0.893672 0.880919 0.941786 0.970008 0.923403 1.00334 0.932736 
0114 0.18262	1.03592 1.06719 1.01652 1.04554 1.05175 0.967728 1.04181 1.04667 0.997861 1.01919 
0115 0.161965	1.03095 0.907689 0.932756 0.99251 1.04251 0.96364 1.0084 1.05335 0.968095 1.05985 
0116 0.139043	0.942396 1.02089 1.12721 0.992848 0.976401 1.00178 0.994854 1.05927 0.963191 0.988603 
0117 0.0413098	1.02884 1.07838 1.07336 1.13697 1.15815 1.07166 1.09588 1.13391 1.04708 1.05244 
0120 0.0815279	1.13465 1.01896 1.06245 1.14683 1.11386 1.05082 1.04566 1.09109 1.0094 1.05314 
0121 0.0661345	0.849992 0.901969 1.02171 0.87227 0.865234 0.967242 0.979736 0.993788 0.941419 0.967175 
0122 0.148233	0.96142 0.869767 0.965189 0.929111 0.947661 0.954618 1.00589 1.14507 0.918771 1.04717 
0123 0.151083	1.04065 0.970672 1.03515 0.941963 0.989481 1.05126 1.00975 1.12363 1.01046 1.0579 
0124 0.0769669	1.21472 1.06606 1.00515 1.14996 1.06 1.1583 0.991886 1.05742 1.08555 1.11415 
0125 0.129989	1.10294 1.03763 1.02493 1.02393 1.09503 1.18946 1.03241 1.04247 1.11023 1.07798 
0126 0.103763	0.911676 1.01825 1.11176 0.944689 0.926728 0.905453 0.979682 0.936937 0.956965 0.966584 
0127 0.242303	1.02294 0.972169 1.08376 1.05438 1.00343 1.00718 1.01789 1.02096 0.994406 0.992534 
0130 0.148244	0.983685 0.92592 0.937895 0.949276 0.953481 0.988492 0.980913 0.967424 1.0654 1.00917 
0131 0.0470512	1.15017 1.22578 1.13048 1.17805 1.12363 1.27755 0.956627 0.894483 1.10786 1.0294 
0132 0.17757	1.09966 1.04969 0.920978 1.12884 1.12019 1.09155 1.02207 1.1047 1.10024 1.05664 
0133 0.0966806	1.13724 1.00635 0.931109 0.98203 1.05521 1.11642 0.950744 0.948875 1.05958 1.03562 
0134 0.0493071	0.900945 0.877832 0.905378 0.921728 0.836321 0.878931 0.9382 0.867872 0.986876 0.98109 
0135 0.200129	1.01812 1.07677 1.04803 1.08887 0.991545 1.04901 0.991572 0.978442 1.11814 1.00195 
0136 0.115694	0.950024 0.8752 0.88914 0.892209 0.949186 0.889803 1.01147 1.00796 0.98149 1.01805 
0137 0.165324	0.905149 1.0201 1.04763 0.968069 0.899161 0.996102 0.975302 0.869586 1.01866 0.920878 
0140 0.0913229	0.928727 1.10597 1.10469 1.09197 0.991529 0.916695 1.05561 0.88677 0.974692 0.945034 
0141 0.100996	1.09817 1.04058 0.980307 0.980692 1.02585 0.979027 0.92433 0.816714 1.02168 1.0154 
0142 0.086202	1.17131 0.991826 0.883015 1.10016 1.12956 1.10526 0.954927 1.01431 1.03941 1.07831 
0143 0.285349	0.862808 1.01966 1.069 0.912919 0.939789 0.922308 1.00205 0.894919 0.950323 0.940074 
0144 0.0793741	0.95074 0.955078 0.946395 0.982597 0.970708 0.874349 0.986785 0.924021 0.999459 0.958788 
0145 0.133428	1.01458 0.891152 0.857836 1.05685 0.98966 1.00516 0.945078 0.966409 1.00882 1.02297 
0146 0.14367	1.0974 1.0648 0.999772 1.13193 1.07075 0.960405 0.972216 0.937761 0.960523 0.988008 
0147 0.0796586	1.05287 0.95055 0.985306 0.965465 1.03434 0.845606 1.06195 0.960302 0.876315 0.974294 
0150 0.0634191	1.12534 1.05712 1.0817 1.13351 1.10297 1.17023 1.01766 1.03975 0.968234 1.04853 
0151 0.125919	0.892201 0.959814 1.09625 1.00572 0.937679 0.931629 1.07463 1.0265 0.992932 0.962356 
0152 0.0496324	0.989725 0.858297 0.919643 1.04142 0.969599 0.953149 1.0534 1.25722 1.07456 1.0284 
0153 0.0670956	1.1001 1.06914 1.01081 1.08112 1.04829 1.09829 0.987858 1.09885 1.10497 1.03561 
0154 0.238971	1.12573 0.922084 0.973292 1.08643 1.14495 1.01962 1.07406 1.1222 0.971122 1.05287 
0155 0.130515	0.998298 0.954166 0.968518 0.980325 0.96659 0.943785 1.03726 1.15009 1.00026 1.03519 
0156 0.0919118	0.861914 1.08001 1.22012 0.940969 0.912102 0.964304 1.06332 0.851256 0.96195 0.920264 
0157 0.232537	0.914822 0.907694 0.988359 0.890593 0.932616 0.971254 0.964557 0.965535 1.00035 0.992026 
0160 0.179461	1.07216 1.05449 1.01883 1.06737 1.06732 1.03905 1.00893 1.06448 1.05214 1.04121 
0161 0.0905947	1.02386 0.958271 0.950536 1.00567 0.984601 0.95822 0.965698 1.01142 0.959219 1.01604 
0162 0.121369	0.792386 1.12665 1.17729 0.913587 0.869127 0.954277 0.913972 0.827228 0.988048 0.921234 
0163 0.158022	1.03004 1.14698 0.965465 1.16197 1.1029 1.11687 0.978315 1.06204 1.09488 1.04177 
0164 0.114454	0.839301 0.968709 0.973979 0.886329 0.927608 0.826995 1.02341 1.0398 0.879211 0.952154 
0165 0.0795297	1.12016 0.938024 0.894712 1.02983 1.10534 1.02651 0.989228 1.21626 1.05952 1.09068 
0166 0.157331	0.955167 1.03776 0.966316 0.93475 0.955826 0.956739 0.944574 0.970175 0.99472 1.02615 
0167 0.0992393	0.997934 1.15141 1.08395 1.008 0.978672 1.06483 0.866781 0.838988 0.985402 0.976287 
0170 0.127748	1.10828 1.08826 0.974982 1.07647 1.06944 1.09045 1.00842 0.952856 1.02463 1.033 
0171 0.115125	0.987188 0.919271 0.91602 0.941517 0.928005 0.908469 0.957641 0.937214 0.961369 0.990146 
0172 0.0622416	1.09349 1.13071 1.04916 0.986421 1.06174 1.06016 0.957256 0.982711 1.04015 1.00281 
0173 0.178455	0.961165 0.964243 1.04585 0.919856 0.925129 0.910371 1.01289 0.940075 0.998556 0.941835 
0174 0.0911861	1.01767 1.02313 1.03069 0.97734 0.994177 1.08278 0.989339 0.92082 0.979891 1.01392 
0175 0.161697	0.997089 0.995457 0.994515 1.0735 0.961227 0.92737 0.999932 1.00644 1.0302 0.982013 
0176 0.124918	1.18956 1.11255 0.992455 1.17521 1.1062 0.964986 1.00534 1.0244 1.029 1.05081 
0177 0.138629	1.07649 0.846757 0.851172 1.03923 1.02897 0.95845 0.956368 1.16809 1.01592 1.053 
1000 0.0713946	1.06207 0.86667 0.88545 0.997956 1.01019 0.97951 0.985827 1.0593 0.977655 1.0855 
1001 0.128034	1.07892 1.02495 0.956597 1.08976 1.02736 1.10763 1.03259 0.980325 1.09048 1.03741 
1002 0.124703	0.910178 0.911156 1.0572 0.853537 0.904722 0.920535 1.00737 0.850872 0.948454 0.945937 
1003 0.109948	1.06774 0.883089 0.879239 0.990351 1.09838 0.960327 1.07686 1.25029 0.99384 1.09197 
1004 0.103284	0.963503 1.11101 1.1971 0.985405 0.954583 1.11485 0.984236 0.78985 1.05366 0.9066 
1005 0.169443	0.94605 0.898541 0.974199 0.93542 0.937106 0.938536 1.02834 0.932546 0.963699 1.0186 
1006 0.0694907	1.15567 1.04226 0.981641 1.14794 1.20406 1.09829 1.04075 1.0754 0.993258 1.07291 
1007 0.223703	1.03616 0.987833 1.05786 1.00117 0.998534 1.02203 1.04592 0.99661 1.00607 0.98086 
1010 0.0979827	0.858442 0.902826 0.998221 0.940471 0.960146 0.894845 0.992051 1.0465 1.00202 1.00658 
1011 0.102305	0.912759 1.00568 1.02689 0.954286 0.970131 1.03383 0.990357 0.936793 1.01165 1.00096 
1012 0.142651	0.907843 1.02603 1.14494 0.970502 0.920533 0.884609 1.01772 0.96301 0.943693 0.923259 
1013 0.252161	1.00866 0.909231 0.982269 1.04385 1.03557 0.932479 1.01038 1.10544 0.975894 1.043 
1014 0.092219	1.1431 1.08693 1.04056 1.10097 1.21603 1.07011 1.07331 1.13966 1.03768 1.03486 
1015 0.0936599	0.996864 1.20927 1.22501 1.15 1.05042 1.1403 1.03206 0.919138 1.02391 0.970494 
1016 0.129683	1.01497 0.9092 0.96285 1.11458 1.11129 1.07356 1.04457 1.14844 1.00173 1.07928 
1017 0.0893372	1.00328 0.994779 0.876731 0.989194 1.02684 1.15469 0.888508 0.918622 1.12329 1.0581 
1020 0.153612	0.921399 0.93357 0.971979 0.877033 0.937792 0.922089 0.947989 0.957827 0.923161 0.964314 
1021 0.0996198	1.08717 1.07181 0.962669 1.10339 1.15499 1.0806 0.98013 1.082 1.08409 1.05993 
1022 0.0494297	0.962451 1.08984 1.07242 1.07772 1.00972 0.984093 1.00977 1.00982 0.992119 0.959908 
1023 0.0539924	1.06741 1.14703 1.02961 1.16008 1.08019 1.15038 0.931717 0.889083 1.01418 0.991933 
1024 0.219772	0.901711 1.01442 1.00822 0.90367 0.940277 0.899101 0.945829 0.859842 0.919619 0.951842 
1025 0.144487	0.845964 1.06498 1.1325 1.02672 0.908298 0.943413 1.01403 0.913954 0.96056 0.916256 
1026 0.175665	0.946635 1.05666 1.01091 1.02712 1.01296 0.943669 1.01749 0.986114 0.962222 0.959606 
1027 0.103422	1.0534 1.11592 1.0165 1.11159 1.04865 1.05103 0.946723 0.920038 1.03773 0.975247 
1030 0.0872051	1.07719 1.10789 1.05093 1.04409 1.12638 1.15216 0.96814 1.12429 1.05166 1.0421 
1031 0.0661187	0.86088 0.80292 0.94271 0.841518 0.861951 0.929331 0.9742 0.972389 0.937521 0.974303 
1032 0.115797	0.996853 1.05998 1.0868 1.09794 1.04392 1.05234 1.03268 1.11184 1.03651 1.03278 
1033 0.1401	0.923997 0.967705 0.934245 1.02447 1.0003 1.02893 0.99857 1.02853 1.01654 1.04837 
1034 0.0725518	0.886711 0.929692 0.955003 0.949851 0.918738 0.938 0.950532 0.995646 1.01683 1.00134 
1035 0.194067	1.0145 0.931576 0.960028 0.976325 1.00542 1.11121 0.968084 0.922277 1.00204 1.06747 
1036 0.2198	0.910976 0.938212 1.12388 0.937493 0.912426 0.939517 0.97897 0.981356 0.966432 0.9742 
1037 0.10436	0.995097 0.94836 0.936568 1.10576 1.07994 1.08631 0.980455 1.14717 1.0863 1.0814 
1040 0.123687	1.12969 1.07651 0.999791 1.06151 1.0279 1.00116 1.00553 0.998925 1.03755 0.993087 
1041 0.121354	1.1528 1.11884 0.960545 1.11537 1.08402 1.05887 0.979817 0.994114 1.06862 1.01922 
1042 0.213536	1.08822 1.146 1.10922 1.01958 1.00248 1.16103 0.913801 0.843531 1.02427 0.979232 
1043 0.0933489	0.986158 1.03259 1.10671 0.912885 0.959968 0.889226 0.997054 0.979363 0.941749 0.941699 
1044 0.142357	0.884473 0.954247 1.00581 0.895697 0.90251 0.951197 0.972136 0.930365 1.00894 0.974895 
1045 0.0933489	1.10586 1.01669 1.01083 0.997999 1.05811 1.03613 1.02036 0.93501 0.929147 0.990321 
1046 0.0525088	1.1628 1.14313 1.06022 1.13298 1.17056 1.00368 1.02462 1.07278 1.05596 1.00537 
1047 0.15986	1.09086 0.947437 0.902916 0.9357 0.973359 1.04754 0.912192 1.003 0.992437 1.05394 
1050 0.0796671	0.92667 0.938011 0.970874 0.862818 0.880048 0.903199 0.929957 0.811171 0.941441 0.973293 
1051 0.0570749	1.08113 0.932766 0.886189 1.02367 0.962005 1.01107 0.958859 1.03491 1.07354 1.05006 
1052 0.262782	1.15634 1.05241 1.02218 1.11341 1.08736 1.03399 1.01694 0.911077 0.946328 1.02706 
1053 0.117717	0.951744 0.977596 0.916501 0.940291 0.931311 0.945944 0.9723 0.912363 0.992056 1.00202 
1054 0.108205	1.07339 0.922522 0.860003 0.976478 1.03221 1.06494 0.984976 0.9822 0.996974 1.08883 
1055 0.0915577	0.975891 0.916383 0.982905 0.942085 0.902832 0.805568 1.03685 0.964403 0.89598 0.950099 
1056 0.180737	1.07315 1.07689 1.04262 1.00502 0.983473 1.04438 0.990109 0.870886 1.00767 0.99274 
1057 0.102259	0.90307 1.02328 1.07603 1.0219 0.936927 0.919906 1.02957 0.872157 0.942127 0.960955 
1060 0.106557	1.17671 1.07393 0.93415 1.10209 1.16306 1.01256 0.98418 1.08252 1.06532 1.03131 
1061 0.221311	1.0698 1.05306 0.972304 1.06286 1.03635 0.977182 0.997866 1.03298 0.995913 1.0103 
1062 0.0786885	0.967692 0.957736 0.920231 0.900849 0.893837 1.03554 0.911041 0.882352 1.0207 1.01084 
1063 0.170492	1.10701 1.08062 1.09145 1.03496 1.08167 0.975781 1.05753 1.05581 0.977146 1.00006 
1064 0.0721311	0.961506 0.959957 0.949382 0.963966 0.968762 0.899223 0.996097 1.01457 1.01222 0.986228 
1065 0.180328	1.13421 1.05652 1.06565 0.992537 1.01411 1.02635 0.968754 1.01574 1.04227 1.00646 
1066 0.0754098	1.05145 0.954576 0.901255 0.868175 0.987691 0.886493 0.997663 1.0972 0.996654 0.987034 
1067 0.095082	0.892286 0.970482 1.13633 0.90209 0.860186 0.810966 1.0099 0.929957 0.933667 0.923425 
1070 0.191017	1.10402 0.958879 0.927468 1.03624 1.03077 0.98329 0.982543 1.12959 1.00707 1.00727 
1071 0.058156	0.93596 0.931814 0.981213 0.896944 0.889683 0.974214 0.976991 0.939222 1.04273 0.965555 
1072 0.143735	1.08017 1.08381 1.06752 1.01691 0.989645 0.965468 0.98279 0.967258 0.979311 0.94926 
1073 0.0624113	1.09002 0.983381 0.947416 1.07057 1.00742 0.92009 1.03057 1.07604 0.947044 0.966853 
1074 0.0964539	0.911498 0.855077 0.891151 0.857968 0.919912 0.90372 0.980747 1.03495 0.961725 0.966008 
1075 0.160757	1.0162 0.977254 0.972055 0.948396 0.967722 1.03987 0.981745 1.05481 1.04707 1.03142 
1076 0.078487	1.03614 1.06988 1.14385 0.911369 0.978882 0.940554 1.03797 0.991495 0.934292 0.931879 
1077 0.208983	1.15318 1.04349 0.97713 1.10493 1.12896 1.14547 1.04001 1.14045 1.02948 1.02313 
1100 0.22934	1.04647 0.97802 0.974703 0.973991 1.0085 0.946284 1.03499 1.19973 1.04825 1.05616 
1101 0.152078	0.976558 1.05795 0.978463 1.08801 0.994962 0.989939 1.00487 1.03102 1.0492 1.0126 
1102 0.0621027	1.01544 1.17507 1.14682 1.05632 0.991289 1.11348 1.03339 0.950026 1.07731 0.990785 
1103 0.113936	1.08142 0.958691 0.919327 0.988774 1.10119 1.0186 1.09454 1.34275 1.02392 1.05667 
1104 0.0621027	0.954769 0.937576 0.990162 0.870476 0.918272 0.966142 0.986217 0.93477 1.02072 1.01281 
1105 0.128606	1.09345 1.15202 1.07118 1.17929 1.09339 1.01265 1.04827 1.05666 1.03916 1.01025 
1106 0.0542787	0.807069 1.01096 1.10727 0.913797 0.885873 0.873535 1.01668 0.920233 0.995999 0.908705 
1107 0.197555	0.89427 1.04496 1.07259 0.962754 1.00187 1.03554 1.01943 0.983159 1.01417 0.984128 
1110 0.125561	1.08601 1.06314 0.983197 1.1167 1.12668 1.13974 1.00182 1.14377 1.07054 1.06749 
1111 0.0508221	1.04245 0.903348 0.83148 1.01737 1.02106 1.01187 0.924525 1.05184 1.0902 1.10858 
1112 0.0498256	1.16578 0.974728 0.871267 1.07646 1.14581 1.20245 0.989004 1.10482 1.15828 1.12699 
1113 0.190832	0.963956 0.979355 0.970315 0.964105 0.946189 0.917105 1.01242 0.975066 0.984397 1.01365 
1114 0.213752	0.997262 1.15298 1.101 1.06982 1.01494 1.10612 1.01269 0.85714 0.983028 0.99649 
1115 0.100648	0.964949 0.913573 0.934163 0.880057 0.990223 0.995075 0.965565 1.04337 0.978889 1.06072 
1116 0.125062	0.898069 1.07949 1.13702 0.939242 0.896876 0.987677 0.983365 0.93962 0.988032 1.00196 
1117 0.143498	0.968447 1.00218 0.980138 1.00227 1.04216 0.942172 1.06414 1.12772 0.974855 1.05798 
1120 0.110215	1.01798 0.935007 0.995001 0.970289 0.970519 0.89625 0.953594 0.981109 0.963168 0.970433 
1121 0.0770609	0.999052 0.945087 0.965673 0.88164 0.933243 0.910223 0.924187 0.985177 1.08631 0.985372 
1122 0.105735	0.975516 0.877166 0.940125 0.960523 0.970607 0.974531 0.95244 0.968782 0.967372 1.03751 
1123 0.0681004	1.21976 0.926413 0.891755 1.0681 1.05936 0.971771 0.938009 1.14812 1.06543 1.10648 
1124 0.198925	1.09381 0.947591 0.951 1.00886 1.07156 0.989954 0.936352 1.07627 1.08328 1.03678 
1125 0.133513	1.12213 0.995427 1.07866 1.02337 1.02768 0.816314 1.01658 1.05568 0.921938 0.973429 
1126 0.224014	1.08672 1.01217 1.01064 1.11217 1.02586 1.00784 0.970876 0.990247 1.05935 1.00149 
1127 0.0824373	0.908663 1.01678 1.13774 0.974994 0.892736 0.950707 0.957995 0.927085 1.05745 0.929129 
1130 0.112833	0.938188 0.910815 0.947743 0.911075 0.93463 0.845676 0.957151 0.986231 0.943264 0.949466 
1131 0.137012	1.08688 0.979625 0.884084 1.04367 1.06945 1.21949 0.916164 1.05619 1.11465 1.07736 
1132 0.117173	1.03867 1.18192 1.06629 1.1011 1.08446 1.03835 0.978935 0.996607 1.13044 0.969081 
1133 0.133912	1.13483 1.08783 0.935529 1.15223 1.15509 0.983139 1.01118 1.17151 1.03626 1.016 
1134 0.0427774	0.934172 1.0034 0.947316 1.04581 0.976315 1.07654 0.901517 0.924348 1.05349 1.01748 
1135 0.16181	1.07512 0.964978 0.971554 0.976303 1.05986 0.895044 1.02206 1.03501 0.928416 1.01423 
1136 0.200248	0.983799 1.05859 1.05083 0.987722 1.00545 1.10671 0.909615 0.91958 1.08493 0.977654 
1137 0.0942343	0.861308 0.955892 1.00459 0.903119 0.907176 1.01749 0.884848 0.844136 1.0466 0.947698 
1140 0.136695	1.13139 0.886423 0.913342 1.09226 1.12377 1.06655 1.02134 1.16618 1.01882 1.06979 
1141 0.234917	0.952216 0.962244 1.03489 0.966648 0.951309 0.954357 0.979408 1.09773 0.929358 0.9919 
1142 0.0749053	1.08086 1.11095 1.11455 1.15975 1.12497 1.03634 1.06565 1.10007 0.99944 0.975874 
1143 0.121247	0.98508 0.914238 0.894323 0.950276 0.997752 0.965639 1.02617 1.22677 0.979525 1.03638 
1144 0.084232	1.08864 0.995901 0.969767 1.11058 1.06265 1.09293 0.989533 1.10119 1.08241 1.04915 
1145 0.136403	0.849044 1.0876 1.17793 0.951839 0.900651 0.916613 1.01177 0.893285 0.944861 0.918531 
1146 0.0705334	0.936716 0.830466 0.927968 0.859017 0.920257 0.897223 1.01756 1.18447 0.947132 1.00903 
1147 0.141067	0.900656 1.04022 1.08459 1.06337 0.974986 0.924743 1.02533 1.03449 0.98492 0.979565 
1150 0.178225	0.932282 0.990341 1.01803 0.939395 0.922969 0.978329 0.972941 0.926939 1.04818 0.983465 
1151 0.0950069	0.957109 0.876622 0.927685 0.864581 0.906903 0.873124 1.02207 1.01473 0.916003 0.960514 
1152 0.0804438	0.924972 0.925891 1.05255 1.04213 0.915228 0.848986 1.035 1.01479 0.979589 0.94952 
1153 0.138696	1.12385 1.08538 1.09777 1.12694 1.04051 0.925985 1.03262 1.08879 1.05597 0.98099 
1154 0.186546	1.06023 0.950485 0.976152 1.07545 1.0971 1.02272 1.10625 1.19171 1.01384 1.01056 
1155 0.185853	1.04071 1.05727 0.997392 0.98385 0.996771 1.07082 0.961155 0.996355 1.07074 1.03241 
1156 0.090846	1.01965 0.866997 0.964134 0.91814 1.00562 0.900933 1.06108 1.07844 0.930994 1.01702 
1157 0.0443828	1.29068 1.0099 0.92925 1.16556 1.24198 1.09695 1.04618 1.19145 1.07003 1.12896 
1160 0.151495	0.969244 1.00916 1.02016 0.998705 1.02063 1.02845 1.00384 0.850953 0.961467 1.00982 
1161 0.151163	1.01192 0.916355 0.854722 0.943266 0.998171 1.10411 1.04431 1.0552 1.0423 1.06572 
1162 0.145515	0.938663 0.94162 1.00056 0.891648 0.968962 0.848662 1.06801 1.03307 0.963132 0.966649 
1163 0.0375415	0.886427 1.10235 1.1359 1.00673 0.967449 1.16097 1.00942 0.797787 1.06194 0.941579 
1164 0.162126	0.907186 0.969524 0.989571 0.938449 0.920886 0.978483 1.01675 0.869404 0.998869 0.951692 
1165 0.175748	0.959069 1.06415 1.04613 1.07841 1.0574 1.0802 1.02329 0.96133 1.00228 0.989498 
1166 0.0368771	1.1587 1.03974 0.976319 1.12882 1.21244 1.14147 1.09413 1.13976 1.06929 1.08569 
1167 0.139535	1.09566 0.990393 0.95552 1.12807 1.08864 1.11383 1.0538 1.09676 1.09032 1.07966 
1170 0.141615	1.11082 0.997851 0.998304 1.08157 1.06342 1.09982 1.00535 1.05513 0.995514 1.04103 
1171 0.0815735	0.894117 0.952416 1.00219 0.958522 0.898766 0.941399 0.991611 0.89388 0.929398 0.958046 
1172 0.0691511	1.06348 0.944385 0.957506 0.98294 1.03538 0.94811 1.02996 1.12015 0.87976 1.00727 
1173 0.23147	0.957703 0.950123 0.979815 0.945115 0.938473 1.0281 0.959029 0.956381 0.96595 1.02963 
1174 0.0538302	1.02567 0.95518 0.90232 0.997786 1.02262 1.02695 0.956512 1.06054 1.03472 1.05095 
1175 0.0703934	0.840524 1.02431 1.1023 0.885231 0.840759 0.992729 0.952643 0.774209 0.931852 0.905204 
1176 0.138302	1.17537 1.09136 0.986179 1.12895 1.09124 1.07657 0.987145 1.10502 0.993395 1.05142 
1177 0.213665	0.988594 1.12124 1.03767 1.00579 0.979967 1.02068 0.971217 0.944624 1.01735 1.01034 
BOUNDS
LWPS R    0.0  0.0  0.0  0.0  0.0  0.0  0.0  0.0  0.0  0.0
UWPS R    0.5  0.5  0.5  0.5  0.5  0.5  0.5  0.5  0.5  0.5
LXAS R   -0.5 -0.5 -0.5 -0.5 -0.5 -0.5 -0.5 -0.5 -0.5 -0.5
UXAS R    0.5  0.5  0.5  0.5  0.5  0.5  0.5  0.5  0.5  0.5
END
