NAME moment_estimation_cluster
ASSETS 10
BENCHMARKS 0.1 0.1 0.1 0.1 0.1 0.1 0.1 0.1 0.1 0.1 
COVARIANCES
0 0 0.0070037
1 0 0.00173222
1 1 0.00488362
2 0 -0.00178881
2 1 0.00322226
2 2 0.00500656
3 0 0.00504296
3 1 0.00261852
3 2 -0.000108173
3 3 0.0060284
4 0 0.00544317
4 1 0.00169056
4 2 -0.00125328
4 3 0.00465752
4 4 0.00524269
5 0 0.00366199
5 1 0.00281388
5 2 -0.000162616
5 3 0.00338642
5 4 0.00327517
5 5 0.00531595
6 0 0.000218747
6 1 -0.000314426
6 2 0.000227219
6 3 0.000499396
6 4 0.000693656
6 5 -0.000840134
6 6 0.00113177
7 0 0.00378472
7 1 -0.00223911
7 2 -0.00365638
7 3 0.00251437
7 4 0.0036826
7 5 -4.86597e-05
7 6 0.00158485
7 7 0.00739749
8 0 0.00194059
8 1 0.00146364
8 2 -0.000580718
8 3 0.00199579
8 4 0.00172537
8 5 0.00286175
8 6 -0.000529639
8 7 0.000619026
8 8 0.00235615
9 0 0.00266401
9 1 -0.000505004
9 2 -0.00212232
9 3 0.00182261
9 4 0.00228505
9 5 0.00167694
9 6 6.13123e-05
9 7 0.00263699
9 8 0.00109598
9 9 0.00182199
SCENARIOS
0 0.58849	1.06349 1.03361 1.0027 1.05359 1.05257 1.06822 1.00409 1.02074 1.02457 1.02228 
1 0.41151	0.940901 0.972526 1.01111 0.925323 0.947309 0.965788 0.992219 0.970696 0.989893 0.974237 
00 0.46531	1.07298 1.03528 1.03416 1.08096 1.06882 1.03839 0.988229 1.0582 1.02085 1.01392 
01 0.53469	0.980843 0.944263 0.960724 0.950444 0.957795 0.931702 0.994786 1.0147 0.964355 0.989535 
10 0.240504	1.08311 0.967648 0.922332 1.08129 1.09396 1.00268 1.0765 1.13257 1.01857 1.06251 
11 0.759496	0.981163 1.02846 1.02895 0.996995 0.980909 0.983924 1.0062 0.928043 0.974547 0.976088 
000 0.0902385	0.968073 1.03206 1.04117 1.02565 0.94513 0.959586 1.00197 0.91166 0.969705 0.977132 
001 0.154001	0.911724 1.0071 0.991299 0.914965 0.957631 0.916146 1.02776 0.956759 0.937867 0.969463 
002 0.191798	0.860434 1.03699 1.09743 0.896646 0.864 0.898162 1.01595 0.858034 0.98604 0.937976 
003 0.095059	1.18521 1.02591 0.873896 1.11268 1.18742 1.10805 0.997831 1.08608 1.04635 1.11079 
004 0.086477	1.03364 0.936127 0.854429 1.0433 1.03349 0.997879 1.01434 1.06445 1.04663 1.08938 
005 0.0564949	0.976689 1.17095 1.18373 1.04362 0.996778 1.07573 1.02665 0.798966 1.029 0.957997 
006 0.122083	1.1058 1.06398 0.992511 1.14996 1.1023 1.06146 1.04694 0.973594 1.04516 1.01487 
007 0.203849	1.02881 0.98704 0.939248 0.978211 1.0129 0.996522 0.993168 1.01681 1.02866 1.02561 
010 0.0616856	0.997649 0.910936 0.954124 0.91087 1.00773 0.917529 1.0437 1.00883 0.928151 1.02216 
011 0.073349	0.990143 0.903172 0.904005 0.972404 1.0005 0.99075 0.988533 1.04875 0.994995 1.05305 
012 0.213341	1.0097 1.048 1.01861 1.11454 1.06571 1.03927 1.03697 1.06886 1.03245 1.03103 
013 0.145236	1.11166 0.912618 0.86831 1.1159 1.16343 1.06716 1.04411 1.25162 1.04349 1.09793 
014 0.0839636	0.950151 0.929511 0.9429 1.03419 0.999873 0.946434 1.04406 1.07329 0.994931 1.01396 
015 0.0975974	0.785524 0.958418 1.08453 0.846533 0.848641 0.910601 1.00342 0.861318 0.954273 0.908684 
016 0.0958177	0.873377 0.910787 0.924794 0.910072 0.906086 0.900838 0.993557 0.952285 0.972056 0.989568 
017 0.229009	0.93734 1.04259 1.07903 0.972156 0.974501 1.05298 0.997603 0.829298 1.03848 0.964927 
100 0.152571	1.04693 1.00387 0.942793 1.06351 1.06016 1.05301 0.94643 1.05233 0.970142 1.04194 
101 0.0915429	0.879414 0.929315 1.03354 0.877705 0.896242 0.930855 0.955442 0.948967 0.943485 0.928209 
102 0.0830555	1.00576 1.00722 1.00096 0.907866 0.971401 1.0081 0.900568 0.969316 1.00403 0.985001 
103 0.0921491	1.25665 1.15172 1.0493 1.2073 1.16326 1.19144 0.972513 1.04905 1.08518 1.05881 
104 0.256744	0.976819 1.07437 1.10627 1.04123 0.994649 0.99258 0.969425 0.941915 0.938324 0.967031 
105 0.142771	0.948201 0.847852 0.927634 0.921787 0.931513 0.896203 0.973456 1.08209 0.943595 1.02998 
106 0.0827523	1.20151 1.07185 0.989142 1.05297 1.11957 1.11881 0.948726 1.04894 1.02025 1.0616 
107 0.0984137	1.13686 0.931443 0.844454 0.998044 1.04643 1.08536 0.916119 1.12043 1.05941 1.07849 
110 0.0651757	1.17153 1.09086 1.03419 1.22617 1.16926 1.09242 1.00647 1.12504 1.06109 1.05807 
111 0.0910283	0.950643 0.875499 0.928104 0.95362 0.976211 0.878113 1.00113 1.10901 0.96345 1.02831 
112 0.111314	1.07738 0.92492 0.891811 1.08707 1.05332 1.01143 1.03054 1.10824 1.01767 1.07398 
113 0.143278	0.885168 0.891022 0.941094 0.848348 0.879281 0.897376 0.957101 1.07032 0.931794 0.983141 
114 0.114545	1.05284 0.970097 0.924634 0.972937 1.02761 1.05102 0.964988 1.10217 1.01712 1.05402 
115 0.186152	0.888235 1.03106 1.08823 0.930442 0.903078 0.967915 0.98635 1.02153 1.01388 0.940324 
116 0.111794	1.13921 1.05569 0.965535 1.08813 1.10876 1.13767 0.973172 1.03554 1.051 1.04524 
117 0.176713	1.00593 1.0448 1.11128 1.0754 1.01377 1.0793 0.990498 0.942237 1.05064 1.00943 
0000 0.157426	0.942288 0.912105 0.935179 0.908823 0.956072 0.921824 1.0481 0.942421 0.954304 0.968054 
0001 0.0801295	0.918845 1.07878 1.03716 1.05662 0.984964 0.993875 0.993248 0.882101 1.02834 0.942924 
0002 0.0550384	0.82749 0.838954 0.939396 0.880128 0.883574 0.866654 1.04741 1.01277 0.952419 0.977819 
0003 0.166734	0.927814 0.978311 1.03361 0.997221 0.992729 0.9459 1.06425 1.02934 0.953261 0.954131 
0004 0.136382	1.02109 0.886628 0.918019 1.00615 1.01963 0.975598 1.04613 1.08569 0.971498 1.03414 
0005 0.0615136	0.868257 1.02311 1.0613 0.924651 0.917816 0.969446 1.03342 0.970391 1.00126 0.915101 
0006 0.196682	1.11628 1.02628 0.98816 1.04797 1.09217 1.1447 0.973687 1.03137 1.08373 1.05715 
0007 0.146095	1.08613 1.02891 1.01012 1.14014 1.09663 0.953678 1.0687 1.03628 1.01085 1.00788 
0010 0.0635523	0.942217 1.00063 1.14969 0.910328 0.931538 1.003 1.0254 0.875285 0.962549 0.936201 
0011 0.182831	1.26188 1.07492 1.03443 1.1313 1.15221 1.14037 1.03741 1.06547 1.05291 1.04152 
0012 0.0939056	0.898306 0.931137 1.02016 0.870961 0.868439 0.873535 1.02658 0.974528 0.922285 0.933728 
0013 0.160778	0.993044 1.02205 1.073 1.01088 0.987503 0.94863 0.989276 0.997853 0.999637 0.974797 
0014 0.0531183	1.09202 1.12282 1.15282 1.04973 1.06247 1.06344 1.01889 0.851218 0.998103 0.938974 
0015 0.156747	0.957559 0.925717 0.945845 0.918372 0.955462 0.948486 0.948504 1.06175 0.981467 0.987636 
0016 0.161489	1.13921 0.914629 0.930664 1.03875 1.01395 1.04459 0.951158 1.07274 1.01677 1.0469 
0017 0.127579	1.04894 1.0634 1.03564 1.02314 1.02212 1.16098 0.979251 0.868406 1.06768 0.98707 
0020 0.130998	1.07918 1.05498 0.922294 1.12462 1.10215 1.14307 1.00239 1.09203 1.0876 1.07622 
0021 0.102056	0.986056 0.899145 0.814424 0.931063 0.995942 0.958377 0.958721 0.995725 0.971102 1.02768 
0022 0.179551	0.891303 0.944762 0.996295 0.952786 0.91258 0.936315 0.945807 0.94177 0.960545 0.961833 
0023 0.0795887	1.01106 0.989072 0.914785 1.01988 1.0335 1.11913 0.940803 1.03425 1.05215 1.04406 
0024 0.19345	1.01777 1.11567 1.08058 1.09624 1.0257 1.05696 0.94113 0.894299 1.02397 0.946936 
0025 0.10872	0.810933 0.964206 1.02619 0.835445 0.856819 0.870551 1.00021 0.956087 0.885025 0.920014 
0026 0.129284	0.973509 1.05226 1.03704 0.966092 1.02185 1.03216 0.966531 0.975186 0.998896 0.975558 
0027 0.0763519	1.01381 1.00125 0.895262 1.08344 1.03693 1.11953 0.95746 0.972904 1.02122 1.01731 
0030 0.240876	1.10942 0.988274 0.921963 1.16167 1.12144 1.04605 1.08584 1.12651 1.02128 1.05829 
0031 0.0968114	0.897702 0.978645 0.955088 0.970084 0.912445 1.00876 1.01258 0.947167 1.0507 0.977424 
0032 0.132924	0.953752 0.927086 1.06962 0.877601 0.901279 0.917005 1.01869 0.959893 0.933046 0.968002 
0033 0.0983481	1.07916 1.07103 1.05783 1.04394 1.02484 1.01221 1.01949 0.980619 1.00705 0.96262 
0034 0.0679985	0.911709 0.786257 0.827412 0.918515 0.966065 0.839281 1.08135 1.24955 0.999833 1.01876 
0035 0.178256	0.987397 0.924054 0.947727 1.03753 0.999801 1.00733 1.05774 1.18324 1.03408 1.01749 
0036 0.0722244	1.0537 0.9893 1.02251 1.07045 1.00053 0.849053 1.0958 1.20531 0.929824 0.992381 
0037 0.112562	0.975607 0.968326 1.09416 0.969002 0.987391 0.966551 1.11897 1.01714 0.92588 0.980224 
0040 0.257601	1.06655 1.01143 0.97648 0.951526 0.983531 0.9393 0.98367 1.00218 0.998536 0.975848 
0041 0.0891047	1.18946 0.98577 0.958642 1.0724 1.12163 1.0797 1.01654 1.18267 0.991924 1.01217 
0042 0.0764358	1.20851 1.05734 0.999363 1.17313 1.12671 1.03747 1.0405 1.21301 0.993104 1.02656 
0043 0.0831926	1.18455 1.02207 1.0125 1.02074 1.03779 0.970022 0.995684 1.06745 0.946636 1.0079 
0044 0.0612331	1.1624 1.03912 0.917011 1.11495 1.09706 1.14219 0.945978 1.0767 1.0231 1.09133 
0045 0.144003	1.05044 0.880167 0.882678 0.943771 0.984858 0.851242 1.04049 1.21487 0.959489 0.990906 
0046 0.176943	0.954679 1.09968 1.08432 1.0197 0.972313 1.0982 0.976027 0.865707 1.05035 0.960832 
0047 0.111486	0.904028 1.00506 1.03143 1.03251 0.912769 0.955096 0.983498 0.96448 0.953528 0.934117 
0050 0.0892049	0.977029 1.06629 1.03824 0.932099 1.00682 0.928445 1.06386 1.10513 0.997224 0.964154 
0051 0.0892049	0.842464 1.02332 1.12185 0.959905 0.941169 0.832044 1.04383 0.909111 0.877424 0.891498 
0052 0.0866193	1.02496 1.07117 1.03688 1.00377 0.970365 0.951063 0.979127 0.965216 1.04709 0.936133 
0053 0.127343	0.868809 0.899139 1.00294 0.895721 0.853609 0.791913 0.976354 1.01853 0.891135 0.931354 
0054 0.201034	1.06487 0.965428 0.92092 0.969822 0.988791 0.958149 0.952835 1.03 0.98166 1.01101 
0055 0.240465	0.997716 1.03957 1.01503 1.0702 1.01103 0.897722 0.978567 1.09311 0.97345 0.952633 
0056 0.092437	1.00333 1.02107 0.932401 1.07388 1.11524 1.05459 1.04311 1.215 1.07 1.02665 
0057 0.073691	1.12628 1.1706 1.03313 1.19491 1.14255 1.10004 1.08619 1.25211 1.08024 0.976989 
0060 0.182471	0.967233 1.004 0.984576 1.00236 0.91568 0.969247 0.989713 1.0386 1.0249 1.00569 
0061 0.151959	0.930001 1.12978 1.17098 0.955038 0.932969 0.951823 0.921747 0.865133 0.974102 0.946723 
0062 0.0702961	1.00781 0.960807 0.990461 0.998174 1.07372 0.979872 1.01143 1.23594 1.01772 1.04926 
0063 0.0846545	1.01681 0.960219 0.924827 0.991843 0.990416 1.07487 0.942547 0.98769 1.0713 1.0433 
0064 0.110081	0.970649 1.011 1.03952 0.937063 1.0169 0.964808 1.05374 1.11396 0.922179 1.00952 
0065 0.119354	0.938318 0.976375 1.0255 0.886946 0.9226 0.943523 0.966963 0.98506 1.00497 1.00069 
0066 0.0945259	1.13679 1.20931 1.0855 1.15013 1.12676 1.12232 0.961061 1.03383 1.08167 1.00809 
0067 0.186659	1.03756 1.05534 0.940191 1.11898 1.06295 1.03565 0.988145 1.07702 1.01009 1.02368 
0070 0.170011	1.05818 1.07244 0.991258 1.14621 1.11181 1.08964 1.01661 0.991619 1.05073 1.02608 
0071 0.0711215	0.97057 0.902353 1.02532 0.937706 0.936608 0.92116 1.03682 0.99602 0.909706 0.963276 
0072 0.175923	1.07068 1.03419 1.0515 0.986293 1.03917 0.965709 1.04334 1.02505 0.960926 0.989253 
0073 0.136869	1.08536 1.06566 1.05316 1.0819 1.08917 0.998977 1.06411 1.06144 0.927742 0.975483 
0074 0.191329	0.943223 0.999649 1.00764 0.990447 0.940646 0.980256 1.04506 0.922438 0.945743 1.00889 
0075 0.0671802	0.915975 0.883949 0.922808 0.883074 0.915956 0.937715 0.999518 0.974446 0.945978 0.996545 
0076 0.0480115	0.802051 0.88458 0.967015 0.887048 0.858716 0.885558 1.00527 0.879723 0.929401 0.933293 
0077 0.139556	0.956798 0.862444 0.874377 1.03923 1.02795 0.952987 1.03855 1.07284 0.934986 1.05117 
0100 0.0762494	1.17026 1.14023 1.08176 1.16287 1.14968 1.07041 1.06716 1.10971 1.01838 0.999179 
0101 0.158166	0.93761 0.967403 0.982959 0.891695 0.943173 0.970003 0.96916 0.990859 1.03295 0.971659 
0102 0.0798557	1.1424 0.953751 0.857428 1.01938 1.11318 1.16906 0.942476 1.14532 1.10443 1.06524 
0103 0.173107	1.05218 0.956941 0.949038 1.05834 1.08094 1.0784 1.02332 1.14958 1.01535 1.05206 
0104 0.0577022	0.845817 1.02618 1.10826 0.867696 0.8917 0.923584 0.976408 0.947421 0.960767 0.884773 
0105 0.12983	1.00666 0.937741 1.00106 0.999405 0.964239 0.965054 1.01461 1.09282 0.956902 1.00539 
0106 0.0772798	0.859044 1.05043 1.16208 0.973908 0.906669 1.03555 0.976239 0.91408 1.02682 0.922723 
0107 0.24781	0.973574 1.08607 1.06814 1.03789 0.981265 1.08629 0.987635 1.03245 1.03562 0.959011 
0110 0.0606586	1.07133 1.00295 0.956894 1.04277 1.10524 0.976697 1.03421 1.12592 0.939587 0.986349 
0111 0.0914211	0.907396 1.07441 1.08249 1.02151 0.979076 1.09985 0.972269 0.896649 1.03598 0.945475 
0112 0.132582	1.08195 1.01109 0.956265 1.12643 1.13381 1.01094 1.01426 1.09697 1.12969 1.0545 
0113 0.195407	1.05186 0.94075 0.903403 0.984103 1.05573 1.05699 0.99185 1.07464 1.04926 1.06301 
0114 0.262132	0.899715 0.978195 1.0102 0.910712 0.938669 1.01213 1.034 0.936958 1.00317 0.961779 
0115 0.0866551	0.976843 0.904418 0.910928 0.957507 0.997009 0.831291 1.07143 1.09114 0.955041 0.996296 
0116 0.0883882	1.02557 1.05228 1.07834 1.11183 1.02971 1.08246 0.999393 0.904217 0.996502 0.984332 
0117 0.0827556	1.1178 1.0771 1.02946 0.998194 1.06409 1.08091 0.983425 1.0087 1.01391 0.986642 
0120 0.139878	0.902963 0.924493 1.027 0.903958 0.902206 0.919952 1.0216 0.949279 0.912294 0.947976 
0121 0.109489	1.15165 1.03761 1.00766 1.00268 1.07369 1.11319 0.965166 0.933986 1.05675 1.01536 
0122 0.113958	1.04724 0.988816 0.960383 0.962366 0.980616 1.08486 0.913019 0.918222 1.05529 1.00465 
0123 0.116341	1.1605 1.0076 1.02277 1.11839 1.07784 1.04817 0.968329 1.00748 1.01409 1.04871 
0124 0.225235	1.07804 1.01907 0.949636 1.06061 1.01816 1.02182 0.915282 1.01217 1.00574 1.01415 
0125 0.176672	0.956528 1.02611 1.12477 0.921288 0.937771 1.0328 0.972614 0.770447 0.992609 0.944365 
0126 0.0478177	1.25773 1.10906 0.929643 1.1915 1.19112 1.15442 0.941174 1.04887 1.14526 1.08938 
0127 0.0706093	1.0619 0.933734 0.9539 0.912902 1.03994 0.947916 0.989905 0.966902 0.966257 1.02299 
0130 0.0866521	0.831888 1.04625 1.09325 0.858928 0.870694 0.893654 0.996214 0.833737 0.954213 0.942812 
0131 0.0617068	1.07966 0.969008 1.00076 0.906214 0.987345 0.990856 0.95371 0.968729 0.973737 1.0125 
0132 0.0905908	1.10096 0.987797 0.972141 0.968685 1.05254 0.939218 1.00281 1.03605 0.967929 1.08505 
0133 0.247921	0.958584 1.08629 1.09314 0.971821 0.961401 0.967096 1.00916 0.920186 1.04555 0.971776 
0134 0.117505	1.08459 1.15492 1.07011 1.02627 1.09087 1.01081 1.00217 0.943866 0.993505 0.98682 
0135 0.147921	1.23523 1.069 0.949168 1.1351 1.1048 0.999762 0.972241 1.05953 0.990768 1.08379 
0136 0.124726	0.913694 0.969684 0.902369 0.875137 0.940475 0.90798 0.966523 0.982917 1.00395 0.988002 
0137 0.122976	1.17317 1.17207 1.0621 1.11103 1.09457 1.11806 0.98259 0.955443 1.08594 1.04364 
0140 0.261166	0.985187 1.00237 1.02898 1.00808 0.946379 0.935215 1.00824 1.02032 0.970818 1.00724 
0141 0.110901	1.13034 1.01106 1.00948 1.13295 1.10091 0.989493 1.00128 1.09368 0.971939 1.03604 
0142 0.0931113	0.896376 0.968038 1.12339 0.866457 0.865807 0.892224 1.02442 0.982314 0.937799 0.936444 
0143 0.10598	0.913446 1.11465 1.16014 0.998634 0.900829 1.00488 0.95874 0.803251 0.991302 0.944553 
0144 0.0840273	1.18181 1.03667 1.02009 1.10242 1.04442 1.10498 0.931446 0.953202 1.11375 1.03931 
0145 0.144209	1.04891 0.87195 0.942067 0.900362 0.960873 0.936869 0.983028 1.08141 0.9822 1.04059 
0146 0.102952	1.05487 1.00675 0.997928 1.0483 1.05057 0.966957 1.01337 1.08484 1.04762 1.02561 
0147 0.0976533	1.0463 0.88802 0.827102 1.0298 1.04669 0.974933 0.992935 1.22168 1.03932 1.09271 
0150 0.16379	1.05546 1.09512 1.12291 1.05603 1.00288 1.08583 0.981204 0.964717 1.01284 0.958746 
0151 0.0784761	0.962584 1.00657 1.00616 0.885908 0.92549 0.945721 0.957151 0.928825 1.03415 0.955776 
0152 0.0442852	1.00619 0.923592 0.928069 0.980795 0.904256 1.04635 0.945372 1.04555 1.0786 1.03733 
0153 0.0664279	0.925677 1.06991 1.13183 0.929275 0.905353 0.97614 0.991707 0.869808 0.962472 0.967849 
0154 0.190817	1.03173 0.954199 0.931674 0.972893 0.966729 0.986284 1.01417 1.01759 0.985604 1.01243 
0155 0.214262	1.21944 1.01993 1.01711 1.15952 1.09198 1.0713 1.01263 1.03241 1.01592 1.04039 
0156 0.141973	1.17461 0.923716 0.864393 1.04829 1.05889 1.02197 0.943739 1.11349 1.03246 1.05303 
0157 0.0999674	0.998623 0.79074 0.810967 0.878091 0.959524 0.870622 0.993513 1.1922 0.91841 1.06179 
0160 0.112769	1.04985 0.98836 0.948754 1.10772 1.06049 1.06969 0.980121 1.10094 1.10322 1.01695 
0161 0.19005	0.965712 0.899647 0.998018 0.939095 0.91997 0.922761 0.984012 1.04675 0.973057 0.974872 
0162 0.171476	1.04632 0.938266 0.963549 1.00307 1.0666 0.980887 1.09021 1.1289 0.958797 1.00817 
0163 0.0507463	1.14199 0.893913 0.985361 1.06197 1.07874 0.967181 1.05166 1.26833 0.964199 1.03873 
0164 0.164842	0.966255 1.06812 1.04879 1.05106 0.992086 1.04597 0.976855 1.03116 1.02578 1.00799 
0165 0.106799	1.11647 1.09528 1.04857 1.15969 1.14769 1.11209 1.05742 1.09123 0.981747 1.02164 
0166 0.116086	1.04304 1.04166 0.974239 0.961455 1.03107 1.20444 0.99757 0.978574 1.01094 1.05402 
0167 0.0872305	0.925806 1.05077 1.17259 0.967621 0.925649 1.0385 0.995612 0.915021 0.990046 0.934006 
0170 0.194144	1.10984 1.05791 0.957296 1.09348 1.08417 1.05451 0.945146 1.15304 1.07515 1.0638 
0171 0.0750763	1.21634 1.07612 0.908863 1.18586 1.14481 1.17193 0.957621 1.24321 1.133 1.10203 
0172 0.0986678	1.10766 0.924136 0.904222 1.01247 1.08594 0.947538 1.02341 1.27479 0.954883 1.05952 
0173 0.175964	0.992807 0.940498 0.925138 0.971429 0.995748 1.02749 0.986376 1.13953 1.04888 1.03905 
0174 0.0857619	0.894881 0.969107 0.987136 0.870578 0.892678 0.865176 0.960912 1.06538 0.88491 0.946656 
0175 0.0469054	0.822267 1.07729 1.21019 0.958327 0.872075 0.876949 1.01567 0.889664 0.913853 0.912135 
0176 0.152373	0.934522 1.03999 1.10812 1.03827 1.02323 0.886265 1.0739 1.12741 0.920978 0.975047 
0177 0.171107	1.02208 1.08235 1.03431 0.987912 0.924832 0.992467 0.918726 0.975539 0.999905 0.992159 
1000 0.188079	1.02704 0.97849 1.034 0.993915 0.955125 0.914827 1.02644 0.983874 1.04782 0.956575 
1001 0.119205	0.968506 1.09613 1.08758 0.969625 0.956175 1.03124 0.939663 0.907265 1.06164 0.957266 
1002 0.0589404	1.06787 0.901717 0.937156 0.972954 1.04601 0.876323 1.03012 1.13226 0.899638 1.02413 
1003 0.0569536	1.10953 1.07095 1.09362 1.14369 1.03482 0.979489 1.055 0.968828 1.00342 0.954811 
1004 0.233113	0.968689 0.905988 0.970972 0.899057 0.944758 0.982753 1.00381 1.04503 1.04641 1.00322 
1005 0.117219	1.10738 0.907546 0.932109 1.06751 1.02878 0.907892 1.04402 1.12175 0.979673 1.02535 
1006 0.127815	1.07896 1.0126 0.969048 1.05744 1.09628 1.01129 1.03901 1.05854 1.04994 1.01755 
1007 0.0986755	1.06324 1.13766 1.01858 1.14874 1.08343 1.13996 1.02674 1.08699 1.13174 1.00902 
1010 0.0629139	0.871062 1.01604 1.14391 0.878287 0.881362 0.887983 1.04808 0.887434 0.930683 0.923286 
1011 0.0662252	1.10816 1.1507 1.18827 1.17894 1.11707 1.11259 1.01315 0.945908 1.0181 1.01482 
1012 0.0927152	1.0321 0.948904 0.945475 0.89962 0.988204 0.962626 1.01958 1.05126 0.973726 1.05806 
1013 0.177704	0.944533 1.04235 1.0689 0.930483 0.942768 0.94364 1.0173 0.9524 0.951404 0.972648 
1014 0.173289	1.09233 0.961111 0.911036 1.01972 1.04266 0.875839 1.03809 1.14596 0.946555 1.03558 
1015 0.0717439	0.938129 0.995597 0.90629 0.909799 0.907048 1.01472 0.918504 0.877209 1.02965 1.02287 
1016 0.189845	1.01171 1.1077 1.09064 1.05025 1.04199 1.05685 1.00215 0.960889 1.03699 0.948577 
1017 0.165563	1.15035 1.09143 0.96765 1.07775 1.10839 0.980696 1.04675 1.11062 0.995514 1.02752 
1020 0.126521	0.930532 1.01142 1.00247 0.957994 0.914595 0.979828 1.03437 0.913611 1.00536 0.959878 
1021 0.0948905	0.96545 0.874627 0.89157 0.901111 0.950048 0.913219 1.00966 0.981629 0.935784 0.998566 
1022 0.0559611	1.02352 0.908769 0.937354 0.970144 1.00588 0.91604 1.11505 1.10187 0.93038 1.03697 
1023 0.173966	1.08483 0.977783 0.964349 1.09533 1.13362 0.991825 1.12055 1.16329 0.986718 1.04085 
1024 0.13747	1.08761 0.958424 0.876117 1.04603 1.09043 1.10961 1.00087 1.03548 1.0633 1.09095 
1025 0.0608273	0.83227 0.978997 1.02467 0.91782 0.875432 0.982805 1.0379 0.912615 0.92078 0.971618 
1026 0.178832	1.03113 1.0708 1.02573 1.06495 1.03534 1.11173 1.02117 0.978684 1.03955 1.0152 
1027 0.171533	0.994814 0.966474 0.937591 0.952586 1.00578 1.03254 1.03807 0.980676 0.971165 1.02817 
1030 0.139254	0.807262 0.979594 1.06934 0.919398 0.859663 0.971032 0.975211 0.901007 0.990894 0.943671 
1031 0.0614035	0.994196 0.900538 0.826125 0.946524 1.02259 0.878008 1.01133 0.987334 0.940012 1.00053 
1032 0.0449561	1.09434 0.978584 0.891556 1.08759 1.11289 0.982551 1.0257 1.11007 0.935095 1.03391 
1033 0.114035	0.994425 1.0537 0.937021 1.02836 1.06016 1.05689 1.01682 1.16856 1.09593 1.04098 
1034 0.212719	0.936649 0.985686 1.02822 0.927238 0.968213 0.933178 1.04273 0.96044 0.926652 0.981333 
1035 0.109649	1.11413 1.06393 0.905487 1.16413 1.13284 1.08978 0.994046 1.14419 1.14943 1.0829 
1036 0.212719	0.984384 1.02288 0.989761 1.08366 1.00952 0.86869 1.04678 1.03545 0.938765 0.946069 
1037 0.105263	1.00544 0.992167 1.04647 1.03271 1.01604 0.911603 1.01836 1.03569 0.958474 0.971166 
1040 0.0527351	1.02896 0.885856 0.902486 0.866574 0.90707 0.953804 0.935321 0.963949 1.01495 1.01972 
1041 0.160173	1.00131 1.04024 1.06288 1.01397 1.06226 1.0272 1.0347 1.02864 1.06439 0.971861 
1042 0.0649351	0.964349 1.00146 1.05703 0.85887 0.914275 0.952647 1.0453 0.953442 0.99873 0.947055 
1043 0.0570641	0.872297 1.00428 1.06529 0.912804 0.854784 0.931006 0.952897 0.941244 0.975178 0.956294 
1044 0.0629673	1.01572 1.18759 1.14328 1.08848 1.00574 1.12044 0.934191 0.838596 1.12835 0.965435 
1045 0.175128	0.970293 1.05671 1.01738 0.981791 0.958364 0.97001 0.982094 0.977511 1.02335 0.983548 
1046 0.207005	1.17123 1.02427 0.972758 1.11552 1.0997 1.05282 0.960405 1.04807 1.1365 1.02317 
1047 0.219992	0.936893 0.885035 0.901118 0.9629 0.984266 1.03713 1.018 1.07582 1.02046 1.03135 
1050 0.103326	0.908218 0.946936 0.890291 0.863545 0.923475 0.958053 0.933513 0.89581 0.953464 0.974395 
1051 0.0573248	1.18439 1.17778 0.969263 1.14827 1.11339 1.23238 0.912961 0.869451 1.14693 1.00439 
1052 0.094126	0.93846 1.13631 1.13481 1.01038 0.986436 1.00654 0.99154 0.943327 1.00058 0.947167 
1053 0.09908	0.882191 1.03096 1.08487 0.853388 0.870409 0.963565 0.951383 0.86768 0.993401 0.912414 
1054 0.268931	1.02679 1.00557 0.947481 0.953182 0.986608 0.921978 1.00435 1.04168 0.967349 0.965447 
1055 0.167021	1.11096 0.98952 0.953914 1.09607 1.10627 0.985358 1.02991 1.08851 0.924178 1.03005 
1056 0.0898797	1.08172 0.945517 0.820207 1.02683 1.05905 1.08744 0.929945 1.10201 1.1256 1.08332 
1057 0.120311	0.975655 1.03618 1.04775 1.10414 0.973481 1.04578 0.986955 0.950707 0.968111 0.940243 
1060 0.0964591	1.11046 0.97893 0.966248 1.08071 1.14328 1.00926 1.07419 1.07679 0.933368 1.03609 
1061 0.123321	0.858155 1.03191 0.990448 0.926337 0.987151 1.10102 0.981385 0.95252 1.0368 1.00533 
1062 0.13431	1.03737 1.03689 0.964957 1.08349 1.05415 1.0455 1.01065 1.07993 1.09222 1.06444 
1063 0.173382	0.881763 0.964793 1.04602 0.939376 0.947597 0.916797 1.01742 0.905766 0.939084 0.926267 
1064 0.0586081	0.841695 0.860124 0.93995 0.862787 0.909097 0.999102 1.01267 1.00382 0.978214 0.992513 
1065 0.123321	1.00114 0.859306 0.880842 0.985639 1.0192 1.07509 0.990781 0.952303 0.943029 1.03554 
1066 0.0854701	0.993464 1.03506 1.04533 1.20234 1.1387 1.10347 1.06401 1.05248 1.02698 1.02545 
1067 0.205128	0.963217 1.08855 1.11575 1.07195 1.01284 1.03566 1.02607 0.908105 0.976609 0.941765 
1070 0.0595483	0.87411 0.897751 0.969686 0.895282 0.921398 0.844323 1.05874 1.04768 0.895242 0.967542 
1071 0.131417	1.08095 1.02988 1.00325 1.13415 1.09217 1.05311 1.01883 1.05658 0.987353 1.07291 
1072 0.165298	0.998345 0.900537 0.961416 1.02166 1.04946 0.922317 1.03251 1.11629 0.929632 1.04491 
1073 0.175565	0.959833 1.01121 1.04853 0.99112 0.997623 0.965617 1.01109 0.915111 0.937598 0.975747 
1074 0.0965092	1.02649 1.07554 1.04989 1.09642 1.05097 1.09831 1.00088 0.870969 1.0115 1.02022 
1075 0.200205	0.863487 0.907131 1.07296 0.925962 0.898011 0.902428 1.04486 0.94105 0.905246 0.969859 
1076 0.0513347	0.902387 1.04867 1.10935 1.05037 0.94333 0.925899 1.11456 0.986237 1.01058 0.992307 
1077 0.120123	0.977483 1.05888 1.10928 1.01845 1.03299 1.04445 0.985212 0.965678 1.0185 0.983353 
1100 0.0751105	1.07543 1.16222 1.10682 1.18397 1.097 1.13264 1.04122 0.952302 1.00873 0.985113 
1101 0.0500736	1.16657 1.00979 0.870515 1.10876 1.15636 1.21291 0.997061 1.02269 1.11069 1.06928 
1102 0.174276	1.05455 1.10564 1.02821 0.968079 1.00546 1.1398 0.970148 0.951037 0.990007 1.03643 
1103 0.135002	0.916851 1.01896 1.09795 0.949154 0.887705 0.967724 0.992446 0.823926 0.961395 0.919126 
1104 0.143839	1.12429 0.986579 0.947008 1.11716 1.07627 1.07655 0.995161 1.09555 1.03366 1.0712 
1105 0.071674	0.901971 0.876985 0.87825 0.943095 0.934039 1.02214 0.955091 0.948995 1.03575 1.0368 
1106 0.111929	1.00526 0.890351 0.939529 0.929836 0.976136 0.967152 1.03139 1.11585 1.00675 1.02659 
1107 0.238095	0.989004 1.10496 1.01004 1.06362 1.01222 1.09009 0.996739 0.904142 1.06506 0.988814 
1110 0.156766	0.999697 0.945738 0.979098 0.993521 0.997241 1.07283 1.02111 1.04844 0.969017 1.02404 
1111 0.0688928	1.27655 0.93564 0.865065 1.11413 1.15165 1.06129 1.07471 1.13804 1.01798 1.11467 
1112 0.0938489	0.946007 1.0101 1.06827 1.05429 0.953358 1.05525 1.00495 1.00717 0.972351 0.968427 
1113 0.173989	0.946639 0.96608 1.01057 0.922316 0.907055 0.992566 0.992269 0.955336 0.928363 0.947148 
1114 0.17645	1.1319 1.0552 1.04787 1.11746 1.05389 1.12673 1.05129 1.16282 1.01397 1.03743 
1115 0.153954	1.04453 0.858679 0.866316 0.927749 0.958289 1.00366 1.01155 1.11416 0.996652 1.04863 
1116 0.128295	1.05268 1.06085 0.980498 1.04146 1.03387 1.04465 0.979754 1.0412 1.05896 0.999672 
1117 0.0478032	1.0233 1.00297 1.06967 1.02485 1.05692 1.05142 1.1258 1.14688 0.936975 1.00511 
1120 0.0796206	0.973667 0.974747 0.940859 1.00711 0.947578 1.05948 0.911017 0.995647 1.0786 1.01564 
1121 0.179649	0.934485 0.976778 0.998308 0.952927 0.921772 0.990721 0.927263 0.940887 1.02002 0.977163 
1122 0.0939925	1.05955 0.92744 0.865821 0.984746 1.09119 1.04763 0.950183 1.24705 1.03734 1.08694 
1123 0.163553	0.983387 1.04391 1.02672 1.01433 1.03495 1.03471 0.978936 1.05891 1.01393 0.999999 
1124 0.0896809	0.936142 0.981241 0.939721 0.960147 0.983583 0.965292 0.966257 1.13458 1.03262 0.977157 
1125 0.0934176	0.914351 0.927651 1.02962 0.885987 0.876546 0.895448 0.947898 0.931751 0.943372 0.935555 
1126 0.0603622	1.03216 1.01447 0.871439 0.929849 1.03167 1.1922 0.932718 0.958506 1.11159 1.07953 
1127 0.239724	1.05361 1.09906 1.00146 1.11922 1.09072 1.12701 0.991037 1.07179 1.05498 1.04541 
1130 0.0877624	1.20368 0.930332 0.900341 1.12481 1.16325 1.10712 1.03097 1.17277 1.08459 1.07324 
1131 0.107414	1.1113 1.10913 1.12061 1.10333 1.10106 1.06673 1.08779 0.931972 1.07241 1.00182 
1132 0.105404	1.07251 0.984523 0.962667 1.01761 1.0093 1.13787 0.97111 0.953189 1.10044 1.04513 
1133 0.0629745	0.973923 0.966094 1.02221 1.07813 0.9828 0.956322 1.0033 0.909449 0.924104 0.951207 
1134 0.132649	1.05577 1.00581 1.00831 1.11556 1.03829 1.01664 1.00522 0.922314 1.06893 1.02739 
1135 0.0520322	1.1838 0.897756 0.824496 1.05462 1.07548 1.14199 0.961855 1.11984 1.06837 1.12207 
1136 0.222197	1.03469 0.894215 0.946458 0.966619 0.9976 1.01728 1.0605 1.04844 1.02007 0.996287 
1137 0.229567	0.824495 0.970373 1.02871 0.908243 0.901262 0.908136 1.00331 0.848924 0.969408 0.935532 
1140 0.146648	0.842024 0.901113 0.978365 0.896338 0.943862 0.92771 1.06948 0.930373 0.95042 0.970307 
1141 0.247765	0.918904 1.05004 1.07123 0.954417 0.917987 0.962344 1.056 0.978314 1.01367 0.975494 
1142 0.0650838	1.11223 1.13829 1.06715 1.09226 1.11464 1.01444 1.02966 1.08565 0.969301 0.999221 
1143 0.0921788	1.08896 0.926259 0.953196 1.05839 1.09593 1.02295 1.05971 1.05096 0.976681 1.04535 
1144 0.142737	1.07856 0.987466 1.05715 1.11305 1.06588 1.04963 1.04646 1.00926 1.02759 1.00991 
1145 0.0815642	1.01024 0.901906 0.88186 0.958113 1.06509 1.08651 1.01778 1.00707 1.04558 1.03033 
1146 0.0572626	0.962202 0.880972 0.886919 0.950792 0.964525 0.994784 0.991287 1.01114 1.00742 1.03058 
1147 0.16676	0.951942 0.938813 0.987734 1.03385 1.00631 0.922088 1.03035 0.978472 0.983182 0.973579 
1150 0.0881746	1.23477 0.996577 0.906825 1.10948 1.1543 1.11502 1.02048 1.10838 1.07745 1.10162 
1151 0.0493297	1.01602 0.883665 0.845235 1.00145 0.951674 0.974329 0.952345 1.01471 1.07534 1.06761 
1152 0.113441	1.1169 0.97872 0.911875 1.08458 1.0775 0.984936 0.963734 0.983899 1.01155 1.07833 
1153 0.199725	0.954365 0.939674 1.01506 0.898868 0.917555 0.976512 0.996849 0.848701 0.933068 0.983873 
1154 0.0598144	1.10295 1.11438 1.1175 1.17672 1.0813 1.07355 1.02709 0.921751 1.02222 0.992455 
1155 0.141973	1.03777 0.907238 0.921576 0.978268 1.03012 1.06703 0.965226 0.916903 1.01527 1.03564 
1156 0.178412	1.03439 1.06583 1.10388 0.931765 0.961389 1.03457 0.943481 0.775635 0.961048 0.97192 
1157 0.16913	1.06022 0.975113 1.00752 1.06684 1.00321 1.01643 0.999581 0.987976 0.963874 1.00982 
1160 0.0626789	1.00821 1.08396 1.10583 1.07456 0.952414 0.92148 1.00017 0.957602 1.05417 0.978879 
1161 0.0732685	0.866583 0.828298 0.968995 0.851155 0.905922 0.839144 1.03232 1.16953 0.960668 1.00399 
1162 0.175157	0.957551 1.04804 1.04575 0.993805 1.0372 1.05024 1.03669 1.02497 1.04775 1.0161 
1163 0.108758	1.02284 1.04948 1.04497 1.12373 1.10389 1.07425 1.04837 1.10583 0.987144 1.05238 
1164 0.19834	0.98427 0.947058 0.948253 1.04402 1.01166 1.01761 0.990542 1.09033 1.05947 1.06197 
1165 0.19233	0.950619 0.970833 1.0454 0.906908 0.945558 0.89149 1.02877 1.07033 0.986914 0.972143 
1166 0.104751	0.887095 1.03046 1.05487 0.941349 0.901581 0.94775 1.00077 0.912067 0.961391 0.957851 
1167 0.0847167	1.11333 0.955183 0.890637 1.03301 1.13943 1.00488 1.00663 1.27928 0.981971 1.09832 
1170 0.145754	1.03622 1.10803 0.986417 0.961749 0.985151 1.06075 0.928813 0.880356 0.981896 0.97169 
1171 0.175448	1.09866 1.06078 0.967686 1.06792 1.06182 0.968874 1.02127 1.07859 0.96777 1.00225 
1172 0.0675358	0.979728 1.19132 1.1601 1.07383 1.02852 1.041 0.997138 1.04016 1.03 0.957399 
1173 0.0968676	1.01312 0.992053 0.887914 1.01638 1.04977 1.02507 1.01546 1.10753 1.04663 1.00875 
1174 0.102843	1.12931 1.16389 0.967719 1.13545 1.09239 1.13349 0.982559 1.12937 1.05513 1.01738 
1175 0.0637335	0.831568 1.02789 1.05353 0.851089 0.890968 0.840251 1.02863 0.923564 0.869327 0.882744 
1176 0.172913	0.972233 0.972126 0.903845 0.936927 0.973965 0.914984 0.985015 1.05672 0.980667 1.00861 
1177 0.174905	0.913168 1.10132 1.07192 0.970841 0.961974 0.914142 1.00098 0.987884 0.930241 0.925458 
BOUNDS
LWPS R    0.0  0.0  0.0  0.0  0.0  0.0  0.0  0.0  0.0  0.0
UWPS R    0.5  0.5  0.5  0.5  0.5  0.5  0.5  0.5  0.5  0.5
LXAS R   -0.5 -0.5 -0.5 -0.5 -0.5 -0.5 -0.5 -0.5 -0.5 -0.5
UXAS R    0.5  0.5  0.5  0.5  0.5  0.5  0.5  0.5  0.5  0.5
END
