NAME moment_estimation_cluster
ASSETS 10
BENCHMARKS 0.1 0.1 0.1 0.1 0.1 0.1 0.1 0.1 0.1 0.1 
COVARIANCES
0 0 0.00637178
1 0 0.0043598
1 1 0.00408663
2 0 0.00497243
2 1 0.00478749
2 2 0.00635652
3 0 0.00326364
3 1 0.00270538
3 2 0.00308671
3 3 0.00422841
4 0 0.00169065
4 1 0.00140548
4 2 0.00177455
4 3 0.000994351
4 4 0.00143113
5 0 -0.000282449
5 1 -0.000378416
5 2 -0.00115927
5 3 -0.00208903
5 4 -0.000415687
5 5 0.00798109
6 0 0.00209397
6 1 0.00215977
6 2 0.0026662
6 3 0.000678961
6 4 0.000771277
6 5 0.00113999
6 6 0.00178763
7 0 0.00522025
7 1 0.00501248
7 2 0.00657365
7 3 0.00375277
7 4 0.0019058
7 5 -0.00281426
7 6 0.00254727
7 7 0.00759
8 0 0.00143449
8 1 0.00167148
8 2 0.00211736
8 3 -0.000324607
8 4 0.000590755
8 5 0.00313907
8 6 0.00156254
8 7 0.00130249
8 8 0.00292469
9 0 0.0041042
9 1 0.00380861
9 2 0.00514699
9 3 0.00333479
9 4 0.00168281
9 5 -0.00318181
9 6 0.00176785
9 7 0.00601688
9 8 0.000428944
9 9 0.00533209
SCENARIOS
0 0.29175	1.08141 1.08515 1.09547 1.07185 1.02802 0.98793 1.03631 1.08937 1.00656 1.08148 
1 0.70825	0.968878 0.983912 0.959836 0.973803 0.990935 0.997938 0.982686 0.959859 1.00362 0.972125 
00 0.424473	1.06107 1.04932 1.08485 1.05457 1.03246 0.905234 1.02917 1.09145 1.03274 1.10067 
01 0.575527	0.946286 0.971224 0.949147 0.962095 0.975649 1.02282 1.01326 0.966168 0.994117 0.957966 
10 0.807469	1.03011 1.02109 1.04198 1.02271 1.01654 0.966685 0.999893 1.05885 0.984813 1.04608 
11 0.192531	0.922284 0.911828 0.898793 0.915512 0.970806 1.06632 0.953961 0.90074 0.995969 0.884833 
000 0.113937	0.954556 0.961638 1.00348 1.01261 1.04705 0.970391 0.973078 1.0604 0.946968 1.04759 
001 0.211644	0.949883 0.941758 0.918691 0.943997 0.955964 0.999309 0.978188 0.921619 0.933403 0.920967 
002 0.0490149	0.98384 0.960843 0.989376 1.02313 0.922497 1.02211 1.00607 1.05417 0.917876 0.96179 
003 0.192103	1.09111 1.08055 1.07697 1.00102 1.02919 0.995087 1.0322 1.12248 1.02945 1.04772 
004 0.0782461	0.979318 1.01684 1.03167 1.04005 0.958052 0.919949 0.9892 1.09384 0.982962 1.04225 
005 0.0903585	1.20966 1.16549 1.19251 1.11699 1.08629 1.02399 1.08008 1.26126 1.09576 1.16369 
006 0.170462	0.930187 0.910981 0.886748 0.962533 1.00955 1.04887 0.930678 0.93694 0.978682 0.910188 
007 0.0942345	1.02634 1.05606 1.0154 1.15518 1.01302 1.05408 0.992826 1.07851 0.965949 1.02816 
010 0.125663	1.04412 0.990255 0.988082 1.10117 0.980656 0.954779 0.94792 1.01633 0.942091 1.01885 
011 0.162111	1.18339 1.08984 1.13723 1.12379 1.02803 0.921304 1.01256 1.14621 1.01121 1.13016 
012 0.127032	0.917142 0.931191 0.931071 0.958637 0.941313 1.00007 0.953414 0.927003 1.00377 0.948659 
013 0.058841	1.06235 1.0573 1.10947 0.952715 1.09311 1.00949 1.04583 1.08108 1.15028 1.04013 
014 0.193318	1.06002 0.989515 1.01355 1.03907 1.05222 0.997606 0.982154 1.05434 1.0163 1.06137 
015 0.0826038	0.893577 0.85544 0.843694 0.95554 0.957948 1.11696 0.926381 0.832426 0.981135 0.852422 
016 0.189209	1.02504 0.983019 1.01787 0.9395 0.999111 1.06435 1.00562 0.975439 1.10026 0.966762 
017 0.0612233	0.929795 0.90699 0.918572 1.003 0.993635 0.856783 0.897758 0.927584 0.900757 0.981805 
100 0.301631	1.08376 1.03354 1.05084 1.04033 0.979101 1.05774 1.05969 1.0471 0.997026 1.02394 
101 0.088496	1.18691 1.10481 1.12448 1.15783 1.0695 1.09645 1.05939 1.10209 1.09004 1.1051 
102 0.166973	0.907646 0.916886 0.902649 0.967593 0.90913 1.02187 0.95094 0.894966 0.96838 0.904532 
103 0.108325	0.924622 0.893953 0.867359 0.951611 0.976881 1.06285 0.943616 0.836894 0.94756 0.878277 
104 0.0645229	1.03851 1.06168 1.11796 0.947663 1.06488 1.17831 1.09845 1.03738 1.1125 1.00781 
105 0.114445	1.15231 1.10331 1.13775 1.09571 1.06315 0.968406 1.0563 1.15341 1.00625 1.15626 
106 0.0849289	1.0009 0.979541 0.949898 0.970551 1.04705 1.05701 1.02125 0.933741 0.997867 0.966068 
107 0.0706779	0.939044 0.970475 0.988378 0.894115 0.969597 1.1652 1.03399 0.958169 1.06623 0.936942 
110 0.101056	0.939562 0.924199 0.948202 0.899578 0.965943 1.03786 0.999752 0.908607 1.0233 0.924966 
111 0.14315	1.03768 0.987414 1.0129 1.03259 1.06163 0.976859 0.959674 0.989122 0.992951 1.02721 
112 0.126137	1.06757 1.13228 1.19888 1.11552 1.06257 1.09894 1.11426 1.16888 1.07646 1.14615 
113 0.119683	1.03091 1.0665 1.03742 1.05919 0.96381 1.13797 1.01722 0.983578 1.03365 1.00236 
114 0.0443678	0.87633 0.860378 0.859178 0.932231 0.960629 1.12029 0.947004 0.800522 0.997376 0.850914 
115 0.102743	0.911271 0.934024 0.949159 1.07103 0.9271 0.963486 0.952772 0.934931 0.928772 0.959464 
116 0.190672	0.983676 1.02273 1.0481 0.981391 1.01052 1.11622 1.09231 0.986964 1.06145 1.03265 
117 0.172191	0.918979 0.9718 0.960599 0.99012 0.955312 0.957464 0.984334 0.990295 0.96917 0.998445 
0000 0.0552799	0.84753 0.922247 0.91022 1.05107 0.941763 1.01848 1.00486 0.897155 0.979276 0.92607 
0001 0.0992204	0.982371 0.987119 0.907336 0.944126 0.973389 1.01088 0.974502 0.873875 1.00751 0.906645 
0002 0.216867	1.00813 1.01468 1.01145 0.968755 0.96673 0.781604 0.972409 0.98755 0.964817 1.02923 
0003 0.148122	1.10347 1.07349 1.03959 1.09613 1.00521 0.812393 0.965679 1.03079 0.960124 1.03542 
0004 0.128987	0.920624 0.959697 0.931717 0.870227 1.02205 1.00909 1.00138 0.935313 1.02005 0.933205 
0005 0.0758327	1.07084 1.03756 0.988368 1.09361 1.05041 1.16377 1.0209 0.929715 1.01449 0.955288 
0006 0.184266	1.11723 1.12394 1.13911 1.08746 1.06395 0.966824 1.09911 1.12527 1.06936 1.12842 
0007 0.0914245	1.04976 1.00575 0.9262 0.986159 1.0297 0.910395 0.952098 0.937049 0.937172 0.951775 
0010 0.179321	1.03418 1.0559 1.08704 0.985958 1.04882 1.09243 1.08429 1.10561 1.08146 1.05652 
0011 0.0976726	0.891294 0.890354 0.87599 0.950668 0.980185 1.04819 0.919029 0.851653 0.937509 0.904198 
0012 0.174361	0.874401 0.916771 0.959928 0.96692 0.948521 0.937168 0.943288 0.945017 0.970598 0.995062 
0013 0.112171	0.922798 1.01294 1.09397 0.896323 1.0455 1.04151 1.00072 1.16423 1.15061 1.05341 
0014 0.12934	1.05015 1.08487 1.16202 1.06273 0.997544 1.12939 1.04244 1.07877 1.14041 1.06013 
0015 0.141549	0.956018 0.982011 1.01449 0.947952 0.985945 1.2177 1.01455 0.985545 1.10511 0.956761 
0016 0.108737	1.06662 1.09307 1.0454 1.12731 1.03333 0.921786 1.00568 1.1666 0.998102 1.1344 
0017 0.0568485	1.06652 1.01553 1.04063 1.05394 0.997192 0.892703 0.938919 1.06352 0.954449 1.05496 
0020 0.130148	0.920863 1.02955 1.00439 0.943416 0.939797 0.877342 0.946653 0.967957 1.04105 1.00913 
0021 0.0757825	1.04932 1.11189 1.00455 0.941576 1.04117 0.967005 0.99145 1.02574 1.072 1.06718 
0022 0.108731	1.14536 1.12523 1.11239 1.14385 1.05649 1.0781 1.02474 1.03089 1.07873 1.09699 
0023 0.135091	0.910663 0.940404 0.915274 0.909242 0.943905 1.14092 0.926794 0.811892 1.00516 0.924343 
0024 0.0675453	1.15561 1.08207 1.03896 0.911188 1.02023 1.20281 1.01126 0.92447 1.17915 0.950481 
0025 0.115321	1.16159 1.11944 1.15129 1.01642 1.03422 1.05856 1.03501 1.07779 1.14148 1.04471 
0026 0.199341	0.960184 1.00979 0.951747 1.08076 0.971351 0.93001 0.953816 0.965695 0.952436 1.02957 
0027 0.16804	1.10102 1.02305 0.938139 1.02161 1.00587 1.1153 0.956961 0.937442 1.07098 0.919119 
0030 0.103825	1.07015 1.06513 1.08789 1.09503 0.995422 1.08979 1.08211 1.01816 1.0579 1.09126 
0031 0.0769231	0.925596 0.993394 0.978266 0.976159 0.932225 1.16891 1.05841 0.951121 1.00909 0.993112 
0032 0.0630517	1.09451 1.06826 1.13421 1.16059 1.05243 0.904772 1.01095 1.12155 1.00685 1.13668 
0033 0.173182	1.05285 1.01331 1.04283 0.957698 1.0629 1.13273 1.02911 1.0209 1.14144 0.986672 
0034 0.25641	0.891868 0.898559 0.925721 0.921472 0.984768 1.11459 1.01189 0.882456 0.953378 0.92684 
0035 0.145019	0.975872 1.00384 1.0406 1.0437 0.999514 0.923175 1.007 1.05314 0.956829 1.08267 
0036 0.0521227	1.04669 1.11444 1.11056 0.989737 0.955364 1.09212 1.09649 1.08885 1.0634 1.06701 
0037 0.129466	1.00486 1.01311 0.964536 1.03133 1.01262 1.25818 1.04154 0.966454 1.04825 0.950262 
0040 0.0701754	1.1272 1.13946 1.18417 1.1169 1.04767 0.857808 1.03564 1.16123 1.01237 1.14728 
0041 0.0681115	0.961456 0.987317 0.991855 0.942827 1.03109 0.99231 1.02344 1.06506 0.974886 1.04287 
0042 0.266254	0.917638 0.972316 0.936856 0.935201 0.975319 1.01654 0.964421 0.937253 1.0213 0.929338 
0043 0.131063	1.0768 0.979158 0.99331 1.13741 1.00028 0.929019 0.947724 0.98718 0.896759 1.04651 
0044 0.0784314	0.975742 0.895171 0.896973 1.02014 1.00398 0.949336 0.907062 0.910349 0.872162 0.97444 
0045 0.105263	1.08895 1.00419 1.03964 1.00898 1.02093 0.982955 0.975324 1.02144 0.949957 1.0623 
0046 0.181631	1.05339 1.00536 1.00636 1.0172 0.989447 1.19584 1.04706 1.04012 1.00303 0.98403 
0047 0.0990712	1.22405 1.09025 1.1384 1.0851 1.02183 0.973941 1.04196 1.15526 0.927934 1.16411 
0050 0.0411081	0.856344 0.874065 0.891592 0.84852 0.985122 1.24102 0.997139 0.834067 1.01645 0.862033 
0051 0.190349	1.00731 1.04721 1.02645 1.12072 0.961865 0.828154 0.947526 1.08968 0.874808 1.07363 
0052 0.155496	0.922486 0.919825 0.918867 0.951474 0.926044 0.911 0.950684 0.885702 0.886069 0.924874 
0053 0.0509383	1.20481 1.06768 1.04859 1.01177 1.01759 1.30195 1.08362 0.962553 1.1426 0.939728 
0054 0.172475	0.932073 0.996978 0.994473 1.00247 0.997639 0.996963 0.985223 0.950416 0.925032 0.957261 
0055 0.10992	1.14135 1.14101 1.1927 1.00577 1.04085 1.03896 1.12155 1.21862 1.09884 1.17386 
0056 0.155496	0.936037 1.00132 0.993876 0.904304 0.9937 1.11513 0.998006 0.948556 1.04193 0.917907 
0057 0.124218	1.02751 1.04715 1.07467 0.978732 1.01043 0.941413 1.05861 1.10378 0.906047 1.06509 
0060 0.0511606	0.968141 0.940977 0.929758 0.971525 0.920932 1.07444 1.03238 0.873549 0.936557 0.913402 
0061 0.207011	1.02084 1.09453 1.11343 1.14718 1.02187 0.949378 1.05579 1.09511 0.963597 1.06877 
0062 0.106585	1.06325 1.05265 1.0931 0.934929 1.01747 1.33945 1.1121 1.01059 1.14606 0.963197 
0063 0.0606348	0.868599 0.886681 0.889331 0.840087 0.967127 1.01899 0.958922 0.861375 0.907218 0.909768 
0064 0.0876362	1.03033 0.998634 0.948222 1.10906 0.964156 0.972345 0.941002 0.923419 0.912847 0.955361 
0065 0.233539	1.01908 1.03946 1.04784 0.994533 1.05469 1.00666 1.05056 1.05084 0.97256 1.04832 
0066 0.171956	0.961868 0.962963 0.961807 0.972708 0.979221 0.961592 0.942428 0.91906 0.957561 0.933763 
0067 0.081478	0.961592 0.963759 0.922934 0.920398 1.01629 1.18154 1.0147 0.854582 1.0028 0.925373 
0070 0.144816	1.11236 1.01353 0.981774 1.04447 1.00334 0.944551 0.956549 0.991877 0.921299 0.990774 
0071 0.261354	1.08314 1.04111 1.14385 0.983735 1.01083 0.896595 1.06351 1.12247 1.01941 1.11117 
0072 0.059126	1.03392 1.01456 1.07045 1.11148 0.956958 0.790732 0.992596 1.08034 0.918794 1.11737 
0073 0.0574122	1.12833 1.12901 1.18416 1.15795 1.04794 0.915822 1.01108 1.18385 1.0559 1.14265 
0074 0.137104	1.0218 0.961172 1.01016 0.955077 0.927758 1.07886 1.02038 0.944367 0.980072 0.95898 
0075 0.0942588	1.03423 0.948859 0.905668 0.879379 0.978559 1.02735 0.971344 0.857966 0.995301 0.868913 
0076 0.0582691	0.860163 0.887387 0.864022 0.979238 0.965753 1.00703 0.932155 0.805241 0.932264 0.921398 
0077 0.187661	1.08966 0.964122 0.971786 0.958392 1.04929 0.93991 0.927441 0.974003 0.991953 1.00288 
0100 0.0985782	1.07589 1.06321 1.07084 0.967273 1.03977 0.895913 1.04092 1.11022 1.07041 1.07933 
0101 0.146445	0.968613 0.978216 0.949033 1.07719 0.940013 0.915256 0.928616 0.944794 0.951515 1.0154 
0102 0.20237	0.91462 0.915881 0.928812 0.943163 1.00057 0.885108 0.928073 0.89287 0.948758 0.947422 
0103 0.0649289	1.00251 1.00424 1.01677 1.02094 1.06099 0.944742 0.935095 0.963122 1.03301 0.977507 
0104 0.19763	0.973611 1.01805 1.02393 0.959209 0.958813 0.89252 0.995821 0.964039 1.06199 0.992855 
0105 0.0436019	1.0548 1.1002 1.17359 1.03879 0.966967 0.968219 1.08117 1.17152 1.1146 1.16173 
0106 0.0796209	1.07071 1.1102 1.13364 1.05925 1.05544 0.730122 0.988129 1.15528 0.975883 1.15283 
0107 0.166825	0.990279 1.04959 1.08194 1.0819 1.02107 0.943869 1.05038 1.05248 0.996264 1.00341 
0110 0.103233	1.0231 1.06845 1.10313 1.07086 0.990474 1.0396 0.98531 1.09715 1.04369 1.0614 
0111 0.0911095	1.05107 0.999374 0.982965 1.06866 0.945803 1.08667 0.979982 0.969843 0.992844 0.93776 
0112 0.0749449	1.05901 1.15239 1.14102 1.06 1.01955 0.970166 1.03185 1.14762 1.02494 1.10694 
0113 0.220059	1.05134 1.03732 1.05712 0.984877 1.03553 1.05283 1.06937 1.01622 1.0173 1.00044 
0114 0.0573108	1.12908 1.22814 1.2538 1.09789 1.06218 1.09987 1.11998 1.28214 1.14197 1.17802 
0115 0.0793534	0.943701 0.994855 1.00933 0.973185 0.973936 0.965757 0.979807 1.02209 0.975201 1.06538 
0116 0.276267	0.886791 0.983318 0.937664 0.922228 0.945354 1.14391 1.02006 0.885905 1.03015 0.927707 
0117 0.0977223	0.917583 1.00108 0.942755 1.08048 1.03825 0.937051 0.971629 0.959556 0.89953 0.973381 
0120 0.11955	1.16511 1.04104 1.05892 1.07133 1.05126 0.862527 0.934087 1.09052 0.923683 1.0669 
0121 0.0600094	1.26463 1.18962 1.23928 1.1686 1.03839 0.970054 1.05546 1.19632 1.02412 1.15467 
0122 0.110173	0.956066 0.909251 0.933096 0.878287 0.948948 0.967824 0.970214 0.896505 0.932576 0.890519 
0123 0.10361	1.11615 1.06368 1.03689 1.04597 0.989185 1.1213 1.03333 1.07553 1.0646 0.975243 
0124 0.112986	1.08867 1.0262 1.0696 1.09833 0.972757 0.923444 0.996183 1.02225 0.950738 1.04549 
0125 0.0562588	1.20107 1.09142 1.13368 1.03242 1.04185 0.91433 1.0518 1.13679 0.953538 1.12057 
0126 0.16737	1.02781 0.995598 0.966513 0.959473 1.03621 1.00609 0.972472 1.03635 1.01049 0.982819 
0127 0.270042	0.963947 0.961225 0.918008 0.961066 0.980892 0.984671 0.955238 0.952077 0.942466 0.948875 
0130 0.152834	0.932475 0.973807 0.971084 0.970408 0.949584 0.952324 0.981382 0.981889 0.923928 1.01162 
0131 0.104251	1.05292 1.08609 1.07685 0.980286 0.986259 1.13981 1.05081 1.07841 1.0631 1.0485 
0132 0.251012	0.883841 0.945197 0.886183 0.926019 0.989736 1.18423 0.954212 0.853367 0.987969 0.909046 
0133 0.082996	1.00881 0.999961 0.976992 1.07659 1.0472 1.13216 0.958193 0.985227 0.95868 0.977722 
0134 0.0799595	1.01573 1.02343 1.01178 1.02124 1.05819 1.08642 1.00268 0.98571 0.998088 1.01632 
0135 0.177126	1.12956 1.07121 1.11844 1.04182 1.00382 0.9418 1.0725 1.17256 0.940252 1.13288 
0136 0.0536437	1.11309 1.05737 1.01861 1.04572 0.954096 1.27049 1.0564 1.00124 1.03343 0.969643 
0137 0.0981781	1.13982 1.16243 1.17021 1.13555 1.06179 1.02198 1.02273 1.23932 1.07929 1.10374 
0140 0.0794824	0.88011 0.884657 0.892829 0.851522 0.9602 0.948486 0.907307 0.834088 1.00649 0.866117 
0141 0.220579	0.919046 0.980814 1.02937 1.0306 0.983417 0.799293 0.989413 0.990104 0.897361 1.00202 
0142 0.120148	0.975483 1.04007 1.07442 0.978563 1.04431 1.04965 1.01392 0.987116 1.0728 1.00677 
0143 0.161429	1.06093 1.05458 1.10054 1.08682 1.05706 0.846178 0.942575 1.06094 1.03141 1.07389 
0144 0.21719	0.872624 0.948619 0.91356 0.953058 1.00444 1.01413 0.990027 0.833888 0.974086 0.921079 
0145 0.0471349	1.08201 1.12229 1.12604 0.955058 0.974191 0.868488 1.06059 1.1412 1.02674 1.06089 
0146 0.0902649	1.0267 1.12894 1.14685 1.02495 1.02187 0.813804 1.06883 1.18136 0.979865 1.14833 
0147 0.0637708	0.971956 1.0408 1.03549 0.915677 0.970283 0.962389 1.01341 0.978792 1.03669 1.00079 
0150 0.0865177	1.18129 1.11449 1.13553 1.13557 1.0638 0.974076 1.01817 1.18083 0.919587 1.2432 
0151 0.0620043	1.15211 1.15821 1.13525 0.987704 1.1058 0.971505 1.05464 1.19961 1.07415 1.09892 
0152 0.253064	1.03741 1.01546 1.04144 0.976111 1.04659 0.98359 0.976234 1.00188 1.03904 0.997175 
0153 0.0699351	1.08244 1.10145 1.0692 1.13096 1.04924 0.926958 1.02211 1.0363 1.04905 1.06758 
0154 0.149243	1.12272 1.06753 1.0099 1.08723 0.964435 0.928261 0.952193 1.0175 0.982164 1.02066 
0155 0.0583994	0.871189 0.868248 0.871946 0.892373 0.942222 0.914566 0.880475 0.823277 0.963044 0.903665 
0156 0.130497	0.93664 0.963414 0.941621 0.908759 0.969149 1.10644 0.960105 0.905677 1.05388 0.887403 
0157 0.190339	0.960495 0.943948 0.9365 0.972539 0.962962 0.85295 0.883752 0.951279 0.980723 1.01553 
0160 0.149197	0.846714 0.94443 0.903211 0.905602 0.951687 1.12234 1.01611 0.880983 0.960241 0.908855 
0161 0.118351	1.03432 1.12135 1.09939 1.02127 0.970397 1.17178 1.0674 1.04411 1.08282 0.997127 
0162 0.168713	1.04919 1.09702 1.09692 1.07895 1.0145 0.998469 0.977366 1.13742 1.03417 1.12738 
0163 0.0727101	1.03645 1.04012 1.03047 0.951172 1.04899 1.14173 1.03152 0.966217 1.02396 0.979586 
0164 0.239849	0.939391 1.01414 0.981792 1.00997 1.01731 1.00821 0.969153 1.02837 0.986969 0.987925 
0165 0.126534	0.988309 1.00107 1.05658 0.949921 0.959262 0.864131 1.03434 1.09974 0.96147 1.07672 
0166 0.0616934	0.928572 0.970015 0.939728 1.0073 0.946153 0.943733 0.956667 0.912446 0.913148 0.949312 
0167 0.0629525	1.04555 1.12953 1.12838 1.19657 1.05064 1.11997 1.07857 1.13264 0.982054 1.07768 
0170 0.171206	0.968136 1.02579 0.997951 1.04893 0.975151 0.950361 1.03432 1.0243 0.989034 1.04364 
0171 0.121595	0.954735 0.911576 0.857957 0.954617 0.926725 1.07778 0.959311 0.869204 0.988736 0.861538 
0172 0.0914397	0.993235 0.994284 1.01656 0.979769 1.0454 0.994215 1.02411 1.0715 1.01573 1.04967 
0173 0.11284	0.982523 1.00275 0.975767 1.01352 0.985211 1.12143 1.0066 0.980411 1.09215 0.926737 
0174 0.0856031	1.04572 1.14577 1.1614 1.08032 1.03509 1.08775 1.11371 1.20412 1.07817 1.08905 
0175 0.150778	1.01275 0.981746 0.9596 0.96614 1.03704 0.953477 0.993105 0.988325 0.956062 0.989197 
0176 0.132296	0.925319 0.891421 0.882979 0.923188 0.990166 0.907129 0.913631 0.892265 0.960452 0.921923 
0177 0.134241	1.03697 1.01535 1.04008 1.10495 1.04825 1.08532 1.01882 0.9944 1.04812 0.996347 
1000 0.285043	0.89547 0.952301 0.950214 0.95162 0.966354 0.940574 0.983285 0.907896 0.970678 0.922847 
1001 0.216116	0.93905 0.965757 0.993306 0.937107 1.02911 0.876436 0.955894 0.993424 1.05391 0.979212 
1002 0.0702029	0.839841 0.898508 0.852474 1.05134 0.972801 0.857355 0.923102 0.895087 0.872037 0.965734 
1003 0.0904348	1.04761 1.04845 1.08603 1.00753 1.09326 1.02479 1.04005 1.05825 1.14926 1.05938 
1004 0.103246	1.04795 1.10489 1.1621 0.998578 1.02675 0.932908 1.11008 1.14176 1.0627 1.13144 
1005 0.0705507	1.00446 1.06419 1.08116 1.03667 0.963645 0.907018 1.00631 1.09746 1.05732 1.06863 
1006 0.0916522	0.986504 1.01151 1.00132 1.10882 1.03696 0.810335 0.904451 1.01111 0.97216 1.05159 
1007 0.0727536	1.01509 1.08071 1.10227 1.15045 1.00438 0.825598 0.960209 1.1355 1.00462 1.08603 
1010 0.179609	0.999338 1.01492 0.99895 0.948322 1.02455 1.09039 1.01518 0.978833 1.02081 0.926997 
1011 0.171903	0.867744 0.968356 0.9391 1.05841 0.962505 0.931567 0.944548 0.990345 0.919336 0.95404 
1012 0.0620431	0.898993 1.01416 1.01393 0.912553 0.941425 0.975501 1.04741 0.999208 1.01461 0.95898 
1013 0.108872	0.851382 0.941422 0.898494 0.961548 0.948481 1.04926 1.00874 0.908451 0.952853 0.881598 
1014 0.20905	1.08005 1.07139 1.11453 1.03244 0.987286 0.989987 1.07558 1.10637 0.954341 1.0423 
1015 0.0980043	1.17443 1.15329 1.18715 1.07975 1.02753 0.987061 1.04809 1.22538 1.06068 1.12578 
1016 0.103932	1.03327 1.05474 1.08004 0.966361 1.08283 0.92555 1.07381 1.11146 0.959721 1.04003 
1017 0.0665876	0.835903 0.895246 0.855541 0.877282 0.960406 1.04988 0.944787 0.803142 0.940934 0.811815 
1020 0.195413	1.13162 1.09168 1.11169 1.04318 1.04366 1.02208 1.05894 1.12383 1.00739 1.08301 
1021 0.0974971	1.03026 1.05784 1.09367 1.0146 0.962466 1.02852 1.04854 1.08317 1.01848 1.05497 
1022 0.0701644	0.943803 0.934841 0.884743 1.00772 0.944619 0.8957 0.946746 0.951373 0.873566 0.971939 
1023 0.153105	0.979827 0.978762 0.979638 1.01273 1.03709 0.961806 0.991357 1.00715 0.937799 1.00474 
1024 0.144204	0.932549 0.997664 0.9823 0.946696 0.992511 1.0296 1.03176 0.985123 0.969559 1.00326 
1025 0.15897	0.920789 0.910732 0.906187 0.883862 0.980616 1.10593 0.973846 0.845879 0.981389 0.917881 
1026 0.106713	1.04063 1.06824 1.05281 1.19538 1.01787 0.963039 1.03023 1.12335 0.957689 1.12808 
1027 0.0739344	1.01607 1.03636 1.02771 0.99585 1.08569 1.02197 1.01955 0.980228 1.07458 1.02135 
1030 0.0623083	1.09007 1.09804 1.175 1.17296 1.04722 0.8184 1.04267 1.2551 0.994551 1.17534 
1031 0.204681	0.96454 0.959241 0.920924 0.894831 0.981986 1.08781 0.992263 0.928625 1.03861 0.92942 
1032 0.125585	0.975592 0.985551 0.955593 1.05387 0.988661 1.05763 0.968344 0.943976 0.975987 0.922703 
1033 0.123002	1.00501 1.05228 1.06711 1.07904 1.02199 0.99101 1.02327 1.04439 1.05492 1.0238 
1034 0.202583	0.950642 0.970613 1.00903 0.951483 0.982113 0.90432 0.996711 1.05473 0.987593 1.01969 
1035 0.130912	1.00861 1.01553 1.04208 1.06951 1.02344 0.858105 1.02188 1.06488 0.964181 1.09115 
1036 0.0458434	1.10723 1.13768 1.19032 1.06307 1.0387 1.08784 1.10951 1.19282 1.16981 1.11161 
1037 0.105085	1.05626 1.05085 1.0872 0.967321 1.05981 0.935095 1.0363 1.11819 1.12563 1.10279 
1040 0.173984	0.895406 0.94554 0.871432 0.956826 0.9985 1.10202 0.992378 0.88586 1.03264 0.886779 
1041 0.100542	0.965776 0.975007 1.00092 0.929022 0.997121 1.01967 1.02963 1.01704 1.05141 0.97815 
1042 0.0742547	1.0346 1.02227 1.05476 0.987318 0.973061 0.947321 1.0878 1.10217 1.05207 1.10289 
1043 0.0628726	1.13417 1.13712 1.09581 1.07672 0.96799 0.986627 1.04662 1.08966 1.10755 1.05797 
1044 0.0845528	1.00427 1.02597 0.98054 1.11254 0.953854 1.02242 0.978146 1.02974 1.00122 1.01906 
1045 0.180759	0.959925 0.945591 0.898327 0.996751 0.958359 0.922148 0.987258 0.983736 0.937661 0.985096 
1046 0.20271	1.08801 1.00199 0.9976 1.05899 1.03713 0.950661 1.0095 1.04611 0.95862 1.08006 
1047 0.120325	1.17755 1.1485 1.17291 1.11199 1.0578 1.02723 1.10236 1.15997 1.13361 1.1526 
1050 0.219557	0.965804 0.996615 1.02948 1.04999 1.00553 0.909137 1.02295 1.06762 0.917336 1.06005 
1051 0.1178	1.23259 1.13672 1.1728 1.0825 1.07641 0.932628 1.08831 1.22821 1.05655 1.17775 
1052 0.0579068	1.0022 1.01832 1.05248 1.04858 1.08749 0.802947 1.00096 1.08163 0.93047 1.07181 
1053 0.19068	0.974424 0.934132 0.939428 0.947506 1.03066 0.922406 0.962288 0.985383 0.977092 0.984417 
1054 0.070741	0.929038 0.967481 0.957626 0.907548 0.951425 0.997515 1.00907 0.989909 1.03686 0.922483 
1055 0.146066	0.962941 0.963685 0.956819 1.0142 0.961295 0.945874 0.985374 0.970626 0.936233 0.959905 
1056 0.0909091	0.858784 0.840993 0.849258 0.94304 0.95006 0.992255 0.918147 0.859903 0.968727 0.865939 
1057 0.106341	1.03409 1.10808 1.13029 1.06184 0.98477 0.949826 1.06635 1.12409 1.03132 1.07764 
1060 0.124768	0.853293 0.911339 0.960759 0.896816 1.03351 1.05618 0.988855 0.976937 1.0567 0.984268 
1061 0.114886	0.967448 0.928405 0.914913 1.05424 1.00614 0.961084 0.942136 0.942137 0.912585 0.956096 
1062 0.21083	0.91955 0.931803 0.953997 0.95625 0.953615 1.02123 0.924705 0.982206 1.01169 0.915973 
1063 0.0910027	1.04505 1.03202 1.11448 1.08911 1.05529 0.855454 0.992572 1.12232 1.01243 1.10003 
1064 0.079267	1.06273 1.04734 1.14796 1.08632 0.997169 0.806824 1.00261 1.22762 0.973618 1.11687 
1065 0.236978	1.10539 1.01278 1.06416 1.00405 0.995015 0.980299 1.02219 1.01207 1.0374 0.97879 
1066 0.0490014	0.907358 0.988537 1.04551 1.02909 1.04848 0.794366 0.95137 1.06637 0.951342 1.08657 
1067 0.0932674	1.07062 1.03498 1.06642 1.21062 1.00101 0.999879 0.955063 1.07466 1.0005 1.0602 
1070 0.109352	0.952621 0.945397 0.924432 0.956723 0.922334 1.00513 0.960069 0.913113 0.957632 0.951128 
1071 0.218209	0.980997 0.966209 1.02587 0.926356 1.02443 0.924498 1.01742 1.0174 0.986182 1.04051 
1072 0.0667986	1.109 1.02816 1.05284 0.968015 0.955151 1.12558 1.0294 0.968213 1.10372 0.980268 
1073 0.0907966	1.07723 1.13717 1.15821 1.10109 1.06181 0.949226 1.03984 1.17415 1.04881 1.07158 
1074 0.092281	1.09189 1.08497 1.10623 1.1162 0.988746 0.874076 1.00598 1.16768 1.01422 1.09686 
1075 0.0870856	1.02855 1.03976 1.05581 1.07594 1.00881 0.966905 1.00174 1.01895 1.02608 1.03412 
1076 0.147699	1.00434 0.945553 0.963224 0.998792 1.00473 0.774554 0.962933 1.02554 0.91761 1.04681 
1077 0.187778	1.00197 0.988849 0.933059 0.993135 0.987621 0.97059 0.992181 0.95034 0.958188 0.981924 
1100 0.108853	0.899153 0.941256 0.918159 0.918357 1.00335 1.09015 0.985527 0.948529 0.939715 0.990898 
1101 0.157475	0.956278 1.01601 0.954628 1.07796 1.01199 1.00788 1.01581 0.985879 0.90961 1.01933 
1102 0.0558781	1.07859 1.10979 1.08092 1.08372 1.0088 1.10409 1.02997 1.07303 1.03341 1.04732 
1103 0.112482	0.889156 0.892536 0.881103 0.924851 0.937244 1.11648 0.939983 0.829769 0.960402 0.893979 
1104 0.148766	0.946828 1.02047 0.970405 0.996724 1.06204 1.05546 0.999088 0.945017 1.01049 1.02942 
1105 0.148041	0.974986 0.966616 0.9859 0.985143 0.959389 1.21909 1.00112 0.943096 0.999354 0.921252 
1106 0.0965167	1.06387 1.08354 1.08854 0.978207 0.986605 1.05287 1.09131 1.11814 1.01624 1.05495 
1107 0.171988	1.07 1.13416 1.10447 1.05897 1.06927 1.08079 1.0769 1.13056 1.04617 1.09682 
1110 0.225922	1.10647 1.08278 1.10301 1.0732 1.05258 1.09677 1.16291 1.11389 1.00043 1.11316 
1111 0.101947	1.02598 1.06494 0.980682 1.05006 1.04752 1.1025 1.06185 0.964715 1.01694 0.95453 
1112 0.0794057	0.886993 0.958648 0.929978 0.958267 0.96045 1.11275 1.03018 0.899881 0.942992 0.945029 
1113 0.18084	0.968104 1.01449 1.00156 0.993352 0.98611 0.881428 1.02515 1.05963 0.914348 1.08471 
1114 0.0558402	0.766574 0.892546 0.879415 0.895057 0.950784 1.03674 0.995913 0.845258 0.961507 0.891642 
1115 0.140369	0.946763 0.943785 0.921167 1.11144 0.985997 0.869783 0.922785 0.93345 0.902377 0.98189 
1116 0.0809426	0.906988 0.994104 0.948052 0.894068 1.03235 1.14704 1.06979 0.921278 1.03373 0.962065 
1117 0.134734	0.969476 1.06211 1.01396 1.06642 0.942337 1.00119 1.03915 1.04114 0.97286 0.996501 
1120 0.216279	0.999077 0.949475 0.923532 0.895042 0.997134 0.860403 0.948585 0.966495 0.937641 0.966287 
1121 0.107558	1.05703 0.961671 0.867976 1.02717 0.94864 0.867627 0.904352 0.884078 0.917597 0.926026 
1122 0.155814	1.08146 0.984014 1.00902 1.09366 1.00942 0.894861 0.967771 1.03858 0.92793 1.02488 
1123 0.115698	1.11805 1.05667 1.0162 0.969992 0.946006 1.00475 1.01912 0.993619 0.991236 0.98319 
1124 0.0662791	0.981372 0.941708 0.910035 0.971044 0.953412 0.785075 0.93418 1.01156 0.876398 1.04138 
1125 0.0959302	0.977953 1.06436 1.06321 0.882583 0.977518 1.12868 1.06449 0.988956 1.13495 0.956847 
1126 0.190116	1.16498 1.0667 1.0579 1.0687 1.05051 0.914116 1.04162 1.04695 0.981386 1.04997 
1127 0.0523256	1.18232 1.08356 1.06844 0.954586 1.07278 1.04294 1.04446 0.987927 1.1173 1.00932 
1130 0.199755	1.1047 1.07996 1.08853 1.00606 1.03533 0.99123 1.06298 1.12236 1.10434 1.07812 
1131 0.0594363	0.962335 0.914719 0.896553 1.00485 0.969472 0.839269 0.927928 0.903501 0.870635 0.972212 
1132 0.158701	1.04581 1.03153 1.05461 1.01976 0.976082 0.984181 1.02425 1.08966 1.0221 0.985734 
1133 0.0453431	1.04553 1.08078 1.08319 0.979362 0.945937 0.841112 1.05945 1.12745 0.970648 1.06799 
1134 0.158701	0.995946 0.94905 0.948199 0.894716 0.949724 1.02176 1.0266 0.91478 1.03813 0.902921 
1135 0.172181	1.04482 0.975903 0.966963 0.973128 1.03485 1.08668 1.03139 0.957931 1.0379 0.929867 
1136 0.0778186	0.919462 0.918002 0.867946 1.00538 1.0027 1.16298 0.975104 0.827912 0.940363 0.889926 
1137 0.128064	1.14906 1.10567 1.14927 1.14273 1.04358 0.908066 1.11875 1.238 0.998056 1.14969 
1140 0.122314	0.980417 1.03396 1.05724 1.01493 1.05915 0.887285 1.01345 1.08866 0.970273 1.14176 
1141 0.104132	1.03531 0.942667 0.915589 0.967241 1.02282 0.964071 0.933197 0.964995 0.872254 0.97163 
1142 0.175207	1.0825 1.0439 1.02519 0.985677 1.06418 0.986158 1.03589 1.00593 0.993511 1.01244 
1143 0.183471	1.05925 1.00066 1.0296 1.05677 0.988751 0.991308 0.982263 1.05287 0.993304 1.05632 
1144 0.22314	0.837174 0.913514 0.866917 0.883896 0.924122 1.00266 0.985507 0.902349 0.941618 0.891735 
1145 0.0727273	1.04888 1.00391 0.989557 1.17682 1.061 0.930743 0.971228 1.03588 0.902428 1.06921 
1146 0.0727273	1.10363 1.05665 0.981201 0.933112 0.951561 1.1881 1.04442 0.982701 0.998936 0.98204 
1147 0.046281	1.08529 0.975625 0.895252 1.05123 0.960515 0.90291 0.903929 0.961525 0.807886 0.987136 
1150 0.118487	0.94187 1.04053 1.02434 0.934243 0.957022 1.03776 1.05711 1.02666 1.01864 1.02406 
1151 0.0849393	1.05711 1.06228 1.01168 1.1378 1.05242 0.802586 0.962221 1.01924 0.872063 1.13954 
1152 0.104211	1.04303 1.0634 1.02514 0.979943 1.01392 1.0798 1.06828 1.03517 1.08386 1.01415 
1153 0.237687	1.00493 0.974186 0.957889 1.05554 1.00264 1.0038 0.973247 0.963522 0.917002 1.03959 
1154 0.0992148	1.2182 1.15911 1.17265 1.13507 1.07817 0.990554 1.07942 1.25612 1.01089 1.18636 
1155 0.0985011	1.02485 1.01776 1.0372 1.0314 1.08292 0.875306 1.0014 1.00899 0.95515 1.10043 
1156 0.0578158	1.20809 1.15873 1.10635 1.08601 1.00085 1.12302 1.1283 1.16517 0.989751 1.14679 
1157 0.199143	0.923183 0.950628 0.847896 0.939632 0.973377 1.0544 0.976637 0.859118 0.928035 0.900314 
1160 0.0607692	1.01692 0.938911 0.922698 0.995624 0.958542 1.02614 0.962595 0.89646 0.943749 0.901507 
1161 0.104615	1.11983 1.06231 1.05028 1.07691 0.990898 0.964115 0.948541 1.07023 1.0252 0.998954 
1162 0.125769	0.997753 0.94294 0.9678 0.939361 1.01794 1.05088 0.924893 0.931479 1.02832 0.916457 
1163 0.182308	1.13857 1.09132 1.05063 1.00699 1.04125 1.07005 1.01794 1.01595 1.0607 0.990422 
1164 0.13	1.18362 1.17885 1.2137 1.08762 1.05114 0.919741 1.04383 1.19872 1.07261 1.12315 
1165 0.110769	1.03261 0.972962 0.942139 1.06223 1.01236 0.89673 0.904598 1.01156 0.890774 0.990443 
1166 0.115385	1.00865 1.00214 0.988759 0.967597 0.988431 0.872612 0.963032 1.05925 1.01971 1.03273 
1167 0.170385	0.934804 0.937113 0.933358 0.918279 0.958504 1.07882 0.937905 0.886796 1.03622 0.876236 
1170 0.0941227	1.12027 1.09297 1.13056 1.05426 0.988666 0.986436 1.08548 1.11599 1.01131 1.09809 
1171 0.0626065	1.15617 1.11768 1.16856 1.08381 1.07035 0.925657 1.03888 1.12378 1.06462 1.1192 
1172 0.0540886	1.11575 1.0374 1.07684 1.09708 1.04901 0.873091 1.03284 1.07444 0.884472 1.09517 
1173 0.208688	1.02109 0.988161 1.01444 0.948832 0.952029 1.19251 1.0469 0.909977 1.05109 0.941987 
1174 0.198467	0.997467 0.897467 0.885282 0.967532 0.996363 1.10028 0.937413 0.852197 0.915924 0.907407 
1175 0.203152	1.10994 1.01409 1.04549 1.06783 1.03996 0.980045 1.07916 1.00592 0.944793 1.03644 
1176 0.0907155	1.00091 0.942916 0.965063 1.02695 0.988949 0.860025 0.944423 0.932076 0.915674 1.02804 
1177 0.0881601	1.06154 1.03042 1.09306 0.945215 0.992653 1.02405 1.06445 0.999404 1.01638 1.03204 
BOUNDS
LWPS R    0.0  0.0  0.0  0.0  0.0  0.0  0.0  0.0  0.0  0.0
UWPS R    0.5  0.5  0.5  0.5  0.5  0.5  0.5  0.5  0.5  0.5
LXAS R   -0.5 -0.5 -0.5 -0.5 -0.5 -0.5 -0.5 -0.5 -0.5 -0.5
UXAS R    0.5  0.5  0.5  0.5  0.5  0.5  0.5  0.5  0.5  0.5
END
