NAME moment_estimations_cluster
ASSETS 10
BENCHMARKS 0.1 0.1 0.1 0.1 0.1 0.1 0.1 0.1 0.1 0.1 
COVARIANCES
0 0 0.60846
1 0 0.00782783
1 1 0.0027871
2 0 -0.0164333
2 1 0.00109298
2 2 0.00805706
3 0 0.0503073
3 1 -0.00134853
3 2 0.00236514
3 3 0.0248118
4 0 -0.0456067
4 1 0.000321417
4 2 0.00315305
4 3 -0.00165288
4 4 0.00595054
5 0 0.0517946
5 1 0.00204278
5 2 0.00341849
5 3 0.00891236
5 4 -0.00203784
5 5 0.0118173
6 0 0.013013
6 1 0.00225869
6 2 0.00301844
6 3 -0.000281806
6 4 0.00099518
6 5 0.00366388
6 6 0.0114959
7 0 0.0485515
7 1 0.00537857
7 2 0.006593
7 3 0.00102579
7 4 0.0003325
7 5 0.00697928
7 6 0.0142065
7 7 0.0388418
8 0 -0.172301
8 1 -2.16902e-05
8 2 0.0109307
8 3 -0.0201774
8 4 0.0169788
8 5 -0.0112463
8 6 0.00785753
8 7 0.00347316
8 8 0.0711576
9 0 -0.0378254
9 1 0.00173698
9 2 0.0038805
9 3 -0.00573249
9 4 0.00540732
9 5 -0.00201131
9 6 0.00502234
9 7 0.00981408
9 8 0.0201825
9 9 0.0101909
SCENARIOS
0 0.21336	0.546162 0.967226 1.05325 0.959324 1.08577 0.940032 0.989381 1.05889 1.31066 1.0876 
1 0.78664	1.54273 0.948819 1.0101 1.01839 0.967827 0.999999 0.979185 1.01661 0.953086 0.990339 
00 0.783605	1.11234 0.952199 0.984591 1.05933 0.967048 0.995154 0.983443 0.951169 0.919911 1.00868 
01 0.216395	0.396802 0.990617 1.06021 0.873983 1.07293 0.882406 1.05516 1.0689 1.58602 1.15088 
10 0.486233	2.17678 1.09045 0.978157 1.13533 0.939506 1.06227 1.02729 1.11192 0.696216 0.928747 
11 0.513767	0.484102 0.995134 1.02303 0.978647 1.08924 1.00944 1.017 0.909097 1.33276 1.03319 
000 0.138764	1.75506 1.00591 0.917359 0.905044 0.927716 0.981345 1.06081 1.44435 0.855379 1.05894 
001 0.0515581	0.190481 0.933077 1.17211 0.821882 1.21197 0.939755 1.03169 1.05402 1.93716 1.12281 
002 0.204857	0.999793 1.01067 0.935233 0.892698 0.989899 0.941282 0.991776 0.876192 1.11292 0.962544 
003 0.194449	0.616428 0.983435 0.95174 1.12432 0.989921 1.01781 0.882767 0.791789 0.836873 0.881245 
004 0.180633	3.87498 1.11768 1.01341 1.30247 0.887133 1.10422 0.984792 1.06019 0.611056 0.955382 
005 0.0937855	0.263083 0.995516 1.09597 0.925394 1.14665 0.913812 0.928083 0.890457 1.48945 0.998985 
006 0.0831988	0.478082 1.05182 1.11143 1.15434 1.066 1.09356 1.31204 1.47267 1.29372 1.07376 
007 0.0527544	8.0363 1.20165 1.05919 1.40013 1.06236 1.34341 1.20965 1.75519 0.757696 0.945058 
010 0.106996	2.87966 1.0168 1.1237 1.07166 1.05231 1.18979 1.1443 1.31009 0.93572 1.10347 
011 0.138185	0.381833 0.919434 0.970812 0.881091 1.12606 0.893433 0.980095 0.83103 1.31805 0.910061 
012 0.128655	0.481889 1.11735 1.08818 0.877624 1.14191 1.07168 1.14884 1.23098 1.70266 1.23514 
013 0.146849	1.21993 0.934118 1.12711 1.10742 1.07489 1.10595 0.991683 0.944024 1.06931 0.992953 
014 0.165692	0.551974 0.934641 0.90764 0.878051 0.981579 0.936549 0.85278 0.755908 0.851229 0.880423 
015 0.131471	1.09929 1.03264 0.989003 0.855226 0.983584 1.07809 1.17129 0.920613 0.999147 0.913683 
016 0.0965995	4.23247 0.959648 0.915841 1.07449 0.900089 1.17357 1.06055 0.997483 0.642267 0.814239 
017 0.0855534	1.586 1.25336 0.921665 1.09997 1.01633 1.19082 1.25336 1.47195 0.731246 1.00188 
100 0.0996627	0.606566 0.992792 1.13645 0.891927 1.15039 1.0207 1.12959 1.33801 1.51898 1.17926 
101 0.0837669	2.52885 0.980889 0.912614 1.1557 1.03138 1.08012 0.939791 0.8321 0.839017 0.89576 
102 0.208215	0.350213 1.02437 1.06752 0.943683 1.11934 0.970748 0.936459 0.927117 1.6176 1.18163 
103 0.145965	1.41768 0.888219 0.901519 1.0367 0.900182 1.02495 0.974805 0.904586 0.849792 0.939789 
104 0.0740412	0.852977 0.986477 1.24481 0.884537 1.15055 1.15705 1.31286 1.52969 1.90415 1.23796 
105 0.113702	0.467954 1.02109 0.84793 0.675762 1.05515 0.803035 0.93522 0.899724 1.17226 1.04917 
106 0.167612	0.557458 0.907306 1.02297 1.18831 1.07408 0.996316 0.892905 0.755298 1.04619 0.957202 
107 0.107035	5.87215 0.944951 1.07748 1.05514 0.873498 1.28077 1.15156 1.30499 0.772653 0.989663 
110 0.153656	4.06618 1.07395 0.961842 1.06777 0.847922 1.14731 1.14251 1.25035 0.682842 0.935511 
111 0.125622	1.52137 1.06922 1.02779 0.80797 1.02488 0.963992 1.17662 1.5548 1.1056 1.16718 
112 0.094074	0.668093 0.959645 0.874778 0.845119 0.954096 0.835052 0.924422 0.746217 0.933982 0.878917 
113 0.1952	0.428811 1.05924 1.03714 0.899423 1.03228 0.965921 1.01834 0.91304 1.23649 1.102 
114 0.0576024	1.71458 1.0369 0.91576 1.09588 0.861424 1.04134 0.779469 0.76019 0.579038 0.76438 
115 0.205518	0.843133 0.947604 0.976515 0.957241 1.00271 0.945703 0.943002 1.02748 0.870013 0.935502 
116 0.0498577	0.50045 1.01929 0.981919 1.3272 1.06194 0.99425 0.894556 0.79158 0.881518 0.933519 
117 0.118471	0.519 1.10147 1.15195 0.715991 1.14144 0.928247 1.20467 1.18056 1.82803 1.1685 
0000 0.0853448	6.52996 1.23909 0.960689 0.9377 0.914618 1.15316 1.21058 1.51989 0.767588 1.16586 
0001 0.075	1.48689 0.996933 0.99656 0.934748 1.05964 1.02775 0.98001 0.881174 0.94971 0.909913 
0002 0.125862	3.37046 1.19304 0.980755 1.00771 0.95303 1.24425 1.05551 1.00838 0.721895 0.799874 
0003 0.175862	0.344077 1.20499 1.08673 1.0001 1.0727 1.02286 1.08801 1.01478 1.43459 1.06759 
0004 0.101293	0.907783 1.12086 1.12993 1.02885 1.08125 1.037 1.13547 1.39942 1.70441 1.18113 
0005 0.150862	1.1529 1.11384 0.864955 0.854164 0.940527 0.895434 0.829692 0.643993 0.747394 0.897795 
0006 0.0590517	1.25699 1.1778 0.890031 0.959929 1.13205 0.956515 0.999607 1.11928 0.926529 0.985808 
0007 0.226724	0.271776 1.00057 1.02422 0.809694 1.03153 0.956474 0.939149 0.748424 1.36047 1.03878 
0010 0.157773	1.05603 1.3465 0.856888 0.857668 0.923146 1.01082 1.0018 0.933727 0.842347 0.922037 
0011 0.0580046	0.202636 1.16178 0.894525 0.812871 0.936268 0.801423 1.13943 1.11909 1.26225 0.998201 
0012 0.0986079	0.145384 1.12268 1.12102 0.850729 1.20413 0.794158 1.25884 1.19696 1.79117 1.19321 
0013 0.133411	4.41036 1.32405 0.944791 1.26835 0.872721 1.03446 1.21518 1.60349 0.769816 1.10961 
0014 0.147332	0.171789 1.1408 0.881371 1.01778 1.00822 0.855065 0.899444 0.603796 1.10628 0.963145 
0015 0.160093	0.220749 1.08311 1.02037 1.21328 1.11808 0.988996 0.976331 0.742102 1.26949 1.05148 
0016 0.175174	0.705124 1.17365 0.771148 1.27977 0.961355 0.887856 1.05774 0.783925 0.776645 0.878893 
0017 0.0696056	1.70143 1.20151 0.850533 0.957328 0.944903 1.04913 1.20506 1.18993 1.04365 1.1301 
0020 0.137226	0.0899558 0.958295 0.955552 0.709922 1.09899 0.944272 1.04853 0.791096 1.55278 1.15471 
0021 0.190657	1.81783 0.987284 0.909845 1.02524 0.932313 0.977452 0.976295 0.842291 0.704084 0.867196 
0022 0.059854	0.378988 1.15129 1.0459 0.780269 1.09424 0.978835 1.01198 1.25767 1.08326 1.1188 
0023 0.199708	0.551964 1.1273 1.04199 1.05363 1.0681 1.11371 1.17925 1.2331 1.24322 1.18982 
0024 0.0852555	0.884134 1.05644 1.14324 1.04671 1.02472 1.09347 1.08681 1.26783 0.928221 1.06189 
0025 0.107153	0.191665 1.06026 0.923793 0.793453 1.04003 0.971007 0.905333 0.711062 1.09193 1.06973 
0026 0.171387	1.10508 1.17366 0.975472 0.884114 0.983102 0.914996 0.971646 1.11884 0.860912 0.991235 
0027 0.0487591	4.19038 1.07905 1.06157 1.08741 0.953483 1.25565 1.03043 1.28859 0.619711 0.909088 
0030 0.0587512	3.77341 0.987374 1.12435 1.49609 0.994173 1.18059 1.25159 1.38435 1.06717 1.02087 
0031 0.212858	3.14819 0.896108 0.8552 1.16949 0.919901 0.952691 0.931984 0.90496 0.671941 0.862828 
0032 0.257459	2.2122 1.06223 1.01217 0.890343 0.933046 0.964148 0.97372 0.929322 0.903763 1.00846 
0033 0.0547524	0.129873 1.01236 1.06703 0.827359 1.04639 0.68042 0.899187 0.68107 1.82793 1.06921 
0034 0.167948	0.234432 1.10822 1.14649 1.08815 1.1055 0.99712 1.19034 1.09827 1.53886 1.12755 
0035 0.121501	0.319858 1.08224 0.917837 0.820917 1.04303 0.831998 0.791467 0.699719 1.0282 1.01282 
0036 0.0710551	0.173931 1.14243 0.974609 1.03438 1.17534 0.8021 1.036 0.842144 1.30471 1.11557 
0037 0.0556752	1.33216 1.09895 0.898026 1.02677 1.10311 0.966975 1.19294 1.14782 1.14539 0.974552 
0040 0.13245	0.314253 0.854717 0.928621 1.09398 1.07218 0.871954 0.773865 0.819601 0.976588 0.943778 
0041 0.0705298	1.84297 1.21121 1.10227 0.903196 0.953853 1.12478 1.16048 1.69201 0.756586 1.09135 
0042 0.145364	0.15935 0.958606 1.10795 0.90509 1.18843 0.834314 0.939208 1.10865 1.80417 1.05318 
0043 0.159934	0.307849 1.14597 1.12766 0.903249 1.13423 1.06999 1.09916 1.39882 1.40447 1.03643 
0044 0.144371	4.20318 0.94495 0.872522 1.05024 0.87355 1.20185 1.11293 0.918584 0.679704 0.760242 
0045 0.230464	0.839448 0.911716 0.83452 0.984291 0.999075 0.939242 0.921158 1.0145 0.8847 0.905652 
0046 0.0615894	0.436655 0.889054 1.13881 1.27593 1.13126 1.05594 0.915132 0.95365 1.24245 0.963341 
0047 0.055298	0.761967 0.982803 0.991514 1.34882 1.15221 1.1601 1.07365 1.0181 1.15395 0.964617 
0050 0.184949	0.162849 1.15776 1.03664 1.03316 1.16142 0.974997 0.93127 0.900489 1.37956 1.0095 
0051 0.234694	0.699841 1.04081 0.900171 0.968168 0.902744 0.978363 0.898813 0.810692 0.750285 0.908487 
0052 0.0497449	0.558399 1.0364 1.16042 1.00048 1.22115 1.01128 1.23868 1.2933 1.58648 1.21888 
0053 0.205995	1.5858 1.20513 0.965289 0.76827 0.931237 1.03679 1.05688 1.11245 0.965906 0.992259 
0054 0.0478316	1.1939 1.28513 1.37389 1.24622 0.965294 1.52842 1.22057 1.40259 1.05766 1.20138 
0055 0.0484694	8.52031 1.12085 1.12346 1.69159 1.06315 1.41806 1.19258 1.43458 0.795878 1.13711 
0056 0.120536	0.460857 0.969469 0.795134 0.975854 1.00936 0.91495 0.846301 0.626684 1.10291 0.975867 
0057 0.107781	1.49143 1.07201 1.10409 1.13379 1.09562 1.14805 1.00286 1.22841 0.899552 1.13932 
0060 0.0654206	9.97235 1.15464 1.03812 1.13304 0.97188 1.33818 1.13631 1.1376 0.715451 0.94662 
0061 0.132279	3.72377 1.00171 1.05173 1.23805 0.996967 1.16749 1.01047 1.0321 1.08549 1.02876 
0062 0.11215	3.83423 1.02597 0.878583 0.8375 0.85278 0.836459 0.862725 0.73609 0.66293 0.807161 
0063 0.21711	1.47272 1.13196 0.926259 0.741897 0.974773 0.860194 0.917624 1.10049 0.901628 1.12996 
0064 0.0452912	0.305259 1.01384 1.08026 0.78606 1.06345 0.852321 1.05387 1.46282 1.71692 1.42596 
0065 0.207045	0.843425 1.14475 1.00203 0.78895 1.11181 0.909927 0.925178 0.858378 1.23919 1.07622 
0066 0.0567937	5.05682 1.0622 1.04774 1.17064 0.960432 1.20269 0.87448 0.752651 0.659343 0.801702 
0067 0.163911	2.01531 1.16774 1.15734 0.738435 1.06919 1.00498 0.932028 0.984352 1.06444 1.0973 
0070 0.195011	0.187102 0.839906 1.1853 0.996746 1.03421 0.917845 1.01903 0.83232 1.57275 1.16911 
0071 0.0578231	0.588647 0.987506 0.985159 1.25516 0.955822 0.940912 0.972513 0.995483 0.889287 0.962164 
0072 0.106576	0.636412 0.975915 0.991186 1.22638 0.887853 0.927654 0.961172 0.607573 0.874454 0.942389 
0073 0.111111	5.37817 0.969772 0.891642 1.13631 0.736421 1.02122 0.837324 1.17671 0.381384 1.02913 
0074 0.0566893	0.988848 0.943427 0.752601 0.914559 0.863097 0.766616 0.897473 0.954841 0.654099 1.01145 
0075 0.112245	0.546285 1.06496 1.33967 1.069 1.03628 1.22732 1.15286 1.37277 1.3229 1.21156 
0076 0.132653	1.85339 1.00786 0.897007 1.05176 0.848896 1.03706 1.12935 1.15616 0.733445 0.945031 
0077 0.227891	0.618481 0.964126 1.15236 1.07918 0.921137 1.05244 1.17434 1.11074 0.946431 1.08847 
0100 0.0465587	0.467649 1.19101 1.25559 0.995838 0.919485 1.1859 1.05397 1.4077 0.917933 1.11881 
0101 0.224696	0.246999 1.15285 1.05524 0.882035 1.08024 0.926071 0.993627 1.04011 1.40798 1.07919 
0102 0.0910931	0.497486 1.12591 1.03859 1.09412 1.00209 0.924956 1.34661 1.8124 1.21665 1.07867 
0103 0.131579	0.327821 1.10318 0.837173 1.01009 0.959639 0.956377 0.895763 0.880596 0.832401 0.817926 
0104 0.176113	0.345571 1.16341 1.05129 0.859801 1.02156 0.87188 0.910822 1.20288 1.22131 0.984157 
0105 0.0688259	0.698805 1.12354 0.940281 0.788394 0.889885 1.12707 0.90518 0.943407 0.719702 0.767893 
0106 0.196356	1.35709 1.15795 1.0438 1.32106 1.07445 1.23567 1.16072 1.16546 1.00414 1.0892 
0107 0.0647773	1.35071 1.01659 1.01111 1.34846 0.846526 1.20256 0.970153 0.928231 0.601392 0.832413 
0110 0.0862069	0.466861 0.933778 0.814503 0.761184 0.919493 0.684863 0.909934 0.803694 1.11405 1.19114 
0111 0.115987	0.446837 1.18452 0.997239 0.90199 1.05711 1.00066 1.15777 1.19281 1.22309 1.15428 
0112 0.0579937	1.27888 0.967771 0.880518 1.25279 0.95675 1.06905 1.14563 1.00737 0.924219 1.09354 
0113 0.10815	0.530374 1.03165 1.08835 0.873493 1.06091 0.898269 1.11155 1.01665 1.64383 1.3798 
0114 0.122257	2.34126 1.13421 0.975197 1.1627 0.929264 1.17393 0.881181 0.841084 0.678074 1.03837 
0115 0.0846395	0.250094 0.92538 0.950299 0.756979 0.930329 0.865447 0.954381 0.736589 1.41191 1.18768 
0116 0.22884	0.431259 1.03646 1.10852 1.07072 0.918703 1.13063 0.996853 1.02653 1.04975 1.23366 
0117 0.195925	1.87241 1.08129 0.983812 0.908007 0.985275 1.10527 1.01348 0.954842 0.867154 1.06221 
0120 0.0673401	3.77378 1.04109 1.09052 1.11916 0.929642 1.13927 1.32767 1.50905 0.706609 1.01133 
0121 0.119529	0.606031 0.967352 0.989873 0.749617 0.936352 1.00125 1.04502 0.986137 0.939401 0.963906 
0122 0.294613	0.351973 0.88321 1.00722 1.05599 1.09238 1.01221 1.01179 0.959639 1.25826 1.05389 
0123 0.0993266	0.217036 0.930012 0.911446 1.19341 1.06356 0.901833 0.938718 0.749474 0.912642 0.934253 
0124 0.141414	0.133237 0.869353 0.997737 0.977745 1.10393 0.9016 1.11964 0.729363 1.64441 1.00045 
0125 0.0791246	1.13954 1.03231 1.12078 1.40088 1.02801 1.06861 0.970046 0.919558 0.880469 0.944128 
0126 0.127946	2.7586 0.968376 0.867002 1.23924 0.984055 1.02181 0.97336 0.884571 0.605609 0.886567 
0127 0.0707071	0.315157 0.975864 1.09823 0.989369 1.11999 1.14522 0.863933 0.636372 0.964939 0.944158 
0130 0.0737463	0.299195 1.18524 1.10964 1.0356 1.12775 1.09885 1.17964 1.22767 1.37071 1.20828 
0131 0.134218	0.266697 1.23345 0.934026 0.853634 1.03337 0.834279 0.974385 0.911248 1.14292 1.19284 
0132 0.0781711	2.79111 1.21578 0.910831 1.08104 0.859379 1.1275 1.05731 1.12936 0.639876 1.07365 
0133 0.10767	0.283451 1.21364 1.10018 0.941809 1.01764 0.989092 1.1551 1.31297 1.15907 1.16128 
0134 0.079646	0.202245 1.16236 1.03757 0.742924 1.15325 0.975355 0.907863 0.809256 1.66506 1.15516 
0135 0.190265	0.58487 1.09522 0.936028 1.15551 0.907901 0.85712 0.86751 0.850116 0.781722 0.835253 
0136 0.277286	1.0324 1.0785 1.05852 1.00643 0.970783 1.12826 1.00912 0.882005 0.85087 0.969572 
0137 0.0589971	0.233356 1.25935 0.848702 0.832714 0.99238 0.852794 0.795021 0.859577 0.967198 0.984301 
0140 0.129412	0.402417 1.03101 0.947795 0.945698 1.12655 0.969661 0.979901 0.850386 1.29665 1.18653 
0141 0.124183	1.24235 1.09409 0.957446 1.0251 0.944258 1.01523 0.902608 0.640739 0.801147 0.897227 
0142 0.172549	1.42298 0.969936 1.0639 1.19494 0.976908 1.04733 1.09714 1.07879 0.897854 1.01244 
0143 0.176471	2.14486 0.969364 0.895272 1.14546 0.947406 1.08633 0.9805 0.781737 0.656866 0.856845 
0144 0.108497	0.731224 0.938653 0.867619 0.903345 1.03767 0.818432 0.933855 0.771953 1.02312 0.961233 
0145 0.0823529	1.78148 1.08173 0.9384 1.13791 1.09998 0.966728 0.881705 1.02601 1.02867 1.16881 
0146 0.0823529	1.98571 1.16816 1.02394 1.45381 0.978194 1.09688 1.08648 1.0921 0.813114 1.06076 
0147 0.124183	0.400832 1.10767 1.11798 0.944918 1.19013 1.03878 1.09368 1.06508 1.61979 1.21107 
0150 0.177924	4.27878 1.10616 1.01902 1.31409 0.9868 1.0994 1.08054 1.34202 0.879474 1.05198 
0151 0.0527183	0.167524 1.03657 1.01337 1.1339 1.21738 1.00451 1.06273 1.07463 1.82922 1.27749 
0152 0.062603	4.61307 1.17687 0.794525 1.10185 0.827878 1.0912 1.06618 0.836243 0.610362 0.984174 
0153 0.159802	0.138944 1.06236 0.860591 0.753542 1.1091 0.815687 0.977589 0.915283 1.47297 1.12321 
0154 0.21911	0.475672 1.05599 1.00267 1.10804 1.01779 0.926967 1.04745 1.17635 1.09263 1.1931 
0155 0.108731	3.16003 1.07834 0.960841 0.804305 0.920689 1.02363 0.980939 1.34442 0.801394 1.07215 
0156 0.15486	1.63159 0.989929 0.978664 1.23597 0.95476 1.06119 0.86777 0.978317 0.760248 0.982315 
0157 0.0642504	1.52994 1.00809 1.03558 1.2485 1.1367 1.06969 1.21367 1.47883 1.39057 1.31634 
0160 0.188341	1.18873 1.03808 0.937694 0.979878 0.952834 0.975017 0.824481 0.875562 0.838699 1.03826 
0161 0.0650224	0.238597 1.13533 1.10919 0.843742 0.983087 0.966876 0.931694 1.11376 1.08872 1.14431 
0162 0.0717489	0.481061 0.923681 0.980199 1.21402 1.01379 0.85916 0.85544 0.645563 0.890789 1.01023 
0163 0.0470852	2.39889 1.23319 1.18968 1.02949 0.936855 1.12258 0.936199 1.41348 0.669826 1.05952 
0164 0.0672646	1.35447 1.09668 1.10879 0.859152 1.00123 0.853273 1.04503 1.67382 1.09935 1.45447 
0165 0.132287	0.190087 1.04295 1.09835 0.821778 1.06354 0.844348 1.02314 1.14585 1.45163 1.32713 
0166 0.2287	2.7833 1.07771 1.01449 1.17708 1.00001 1.01273 1.03886 1.22542 0.861235 1.0435 
0167 0.199552	0.222513 1.07639 0.962953 0.919776 1.05649 0.762606 0.898693 0.83364 1.2088 1.15447 
0170 0.18481	2.34503 0.88974 0.925941 0.788215 0.887399 0.892275 0.829251 0.688857 0.823499 1.02271 
0171 0.205063	1.20061 0.960299 1.01757 0.875602 0.85044 0.948781 0.949783 0.902606 0.987204 0.901621 
0172 0.126582	0.557924 0.890667 1.18749 0.952573 0.991675 1.01742 0.983862 0.83231 1.24942 0.991901 
0173 0.222785	0.517493 0.957759 0.963797 0.806846 1.00913 0.913232 1.04005 1.11352 1.52884 1.06514 
0174 0.0810127	7.50184 0.904869 1.08543 0.773864 0.859682 1.08951 1.13009 1.33389 0.818675 1.06079 
0175 0.0506329	13.0571 0.840598 1.01666 1.22255 0.833591 1.24019 1.02993 1.73048 0.676214 1.09241 
0176 0.0506329	8.98756 0.849016 1.15134 1.44669 0.844315 1.30213 0.960979 1.24085 0.754566 1.0222 
0177 0.078481	0.265643 0.754723 0.985988 0.629426 0.927535 0.684761 0.814814 0.781581 1.64971 1.10698 
1000 0.188615	0.55679 1.09585 0.913545 0.920523 0.985482 0.880379 1.05284 1.12741 1.23912 1.14198 
1001 0.106506	1.17805 1.027 1.00029 0.988857 0.948736 0.980624 1.10327 1.35351 1.09802 1.09678 
1002 0.181532	2.34816 1.03054 0.961021 1.25472 0.942549 1.06751 1.04443 1.16243 0.743385 1.10018 
1003 0.0556139	0.571723 1.07329 0.995098 1.26128 1.00003 0.84388 0.81096 0.842004 0.928379 0.966528 
1004 0.118573	0.534305 1.22988 0.961544 1.20504 1.03157 1.05047 0.999832 1.03221 1.06365 1.03523 
1005 0.113589	0.284812 1.08312 1.02757 0.902798 1.03944 0.928605 0.853338 0.815102 1.1204 0.931968 
1006 0.166579	1.28046 1.09509 0.862908 0.926142 0.908262 0.976331 0.901728 0.906299 0.688436 0.881567 
1007 0.0689927	5.47227 1.0514 0.773552 1.05103 0.882007 1.07733 0.992459 1.12008 0.612564 1.09254 
1010 0.079588	2.08292 0.914223 0.964947 0.953229 0.804594 0.999452 0.987859 1.0931 0.669045 0.985041 
1011 0.0720974	1.70209 1.0693 0.978039 0.934095 0.847507 1.04689 1.13958 1.08964 0.691115 0.969501 
1012 0.215044	0.361549 0.915937 1.16614 0.898582 0.992476 0.932066 1.06048 1.04891 1.4409 1.14521 
1013 0.124844	3.73749 1.08302 0.95929 1.16357 0.835893 1.27522 1.15207 1.395 0.535563 0.893457 
1014 0.198502	0.628085 1.01354 0.937597 0.798627 0.923447 1.04556 0.990333 0.897096 0.969032 1.00104 
1015 0.0805243	1.02324 1.03738 1.1306 1.05033 0.967414 1.17607 1.20227 1.46423 1.06021 1.15634 
1016 0.108614	1.22053 1.00543 1.05497 1.00872 0.919249 0.899796 1.10263 1.37335 0.964863 1.09295 
1017 0.120787	1.09579 0.866392 1.07756 1.23909 0.861228 1.05367 0.922906 0.891444 0.741036 1.06078 
1020 0.191487	0.904806 0.999307 0.938783 0.978226 0.91442 0.940576 1.16619 0.939916 0.914686 0.908021 
1021 0.0899046	0.579706 0.93167 1.04589 0.97555 0.92909 0.971232 0.8823 0.764328 0.80536 0.818148 
1022 0.0847564	0.524863 1.00599 1.13098 1.12213 1.11632 1.00798 1.18843 1.47137 1.17577 1.00402 
1023 0.104596	0.762173 0.905551 1.1088 0.951233 1.03952 1.0913 1.11902 0.967706 1.14718 0.895504 
1024 0.0990708	0.139141 0.940234 0.964215 0.826089 1.07776 0.829132 1.03276 0.734973 1.54519 0.993577 
1025 0.205048	0.472494 1.00716 0.912784 0.69271 0.912764 0.87099 1.07848 0.952694 1.08044 0.954292 
1026 0.182195	3.91325 0.967975 0.948359 1.04123 0.839605 1.05419 1.0295 1.07472 0.633016 0.783626 
1027 0.0429432	0.996788 0.955594 1.17588 1.45845 1.08495 1.10257 1.03094 0.95335 0.889515 0.925871 
1030 0.220312	0.446322 1.0842 0.91787 0.856034 1.08926 0.963009 0.921108 0.789324 1.10493 0.946916 
1031 0.0763031	2.52771 1.16142 0.874074 1.00267 0.990258 1.01196 0.994933 0.85521 0.60097 0.971727 
1032 0.128605	1.18579 0.990792 1.00869 1.18888 1.04727 1.09267 0.907445 1.11752 0.87988 1.00006 
1033 0.0471073	5.53206 1.2347 1.0027 0.995725 0.883362 1.09268 1.24749 1.29157 0.709352 1.10795 
1034 0.082393	1.98421 1.19765 1.01555 0.965543 1.04679 1.0274 1.09342 1.5494 0.897394 1.11522 
1035 0.105141	0.448191 1.02046 1.06941 0.846472 1.04841 0.880754 1.12914 1.16274 1.41578 1.13857 
1036 0.216013	0.730014 1.16284 1.10076 1.08817 1.18535 1.01646 1.0156 1.10261 1.17651 1.04074 
1037 0.124127	1.80984 1.14646 0.910878 1.06397 0.982811 1.02897 0.952883 0.876902 0.730491 0.867554 
1040 0.0681497	2.66329 1.01825 0.883587 1.11434 0.842021 0.921365 0.993048 0.826023 0.590752 0.811708 
1041 0.0727401	5.55659 0.93792 0.833916 1.04331 0.897702 0.986522 1.00372 1.09799 0.579702 0.792424 
1042 0.271893	0.253915 0.899171 0.994056 0.935676 1.0503 0.845465 0.969083 0.84053 1.33632 1.05538 
1043 0.245056	0.412996 1.02972 1.01477 0.997611 1.01646 0.905843 1.11679 1.208 1.13974 1.0825 
1044 0.0812147	1.80434 1.04498 1.06154 1.19671 0.949695 1.13141 1.01049 1.09477 0.746136 0.946379 
1045 0.102754	1.19417 1.04585 1.03415 1.29784 0.981991 1.15468 0.929385 0.885178 0.713045 0.841334 
1046 0.0561441	2.55626 1.06242 1.00721 1.13634 0.996979 1.22267 1.0772 1.50148 0.79824 1.05707 
1047 0.102048	0.902424 0.990941 0.853479 0.767308 0.804224 0.874965 1.05631 1.01703 0.843696 0.86208 
1050 0.0763394	1.27102 0.914547 1.03925 1.38591 1.02428 1.16748 0.966097 0.86123 0.980509 0.932008 
1051 0.10968	1.29317 1.02049 0.942173 0.974612 0.973201 1.03896 1.24592 1.22348 1.02881 1.05254 
1052 0.105312	5.58685 0.993398 0.939365 1.16931 0.808024 1.32384 1.12664 1.1376 0.66345 0.844208 
1053 0.081398	1.07681 0.880055 0.845078 0.839575 0.843744 0.885921 0.841573 0.624771 0.907728 0.846966 
1054 0.150839	2.35363 0.90188 0.966345 1.06653 0.854112 1.07055 0.94451 0.988299 0.773328 0.865837 
1055 0.161186	0.811014 0.936974 1.06892 1.02259 0.940067 1.01074 0.992345 0.999666 1.11169 0.991764 
1056 0.166935	0.183639 0.81508 0.985124 0.965531 0.95421 0.902669 0.89399 0.681258 1.32967 0.899045 
1057 0.14831	0.603187 1.0473 1.0806 0.966084 1.00568 1.03841 1.09604 1.3013 1.34368 1.1226 
1060 0.119482	4.01448 1.09568 0.913418 1.16493 0.91465 1.17003 0.990537 1.30738 0.73557 1.03369 
1061 0.0553736	1.0668 0.910354 0.959571 1.42416 0.908081 0.999029 0.880242 0.825481 0.746566 0.696084 
1062 0.10248	1.83922 1.03667 0.904324 1.00546 0.93975 1.1303 0.850107 0.726931 0.599984 0.71293 
1063 0.106224	0.423402 1.00029 0.967353 0.835406 1.02855 0.876991 0.855026 0.809181 1.31347 0.980006 
1064 0.121042	0.572953 0.953215 0.751459 0.753916 0.939308 0.792913 0.777913 0.713545 0.832274 0.861855 
1065 0.0974887	0.601862 1.00427 0.902207 0.68159 0.964749 0.867578 1.0333 1.04043 1.40139 0.924767 
1066 0.16846	0.793285 1.00973 1.07532 1.12322 1.0783 1.13491 1.1116 1.07086 1.32865 1.03585 
1067 0.229449	1.1262 0.944158 0.971719 1.00821 0.950899 1.01648 0.967342 0.999897 1.01678 0.855357 
1070 0.0598437	2.29772 1.12598 0.787086 1.17733 0.947534 1.17664 1.04142 1.09799 0.786305 0.911853 
1071 0.0979482	0.23504 1.04449 0.979116 0.875481 1.19665 0.852158 1.00662 1.15518 1.4985 1.17468 
1072 0.0532487	1.40488 0.917979 0.868388 1.12862 0.948282 0.978483 1.0523 1.17282 1.07395 1.02636 
1073 0.136786	0.371892 0.857838 0.892306 1.09203 1.05052 0.90682 0.842223 0.565815 1.21787 0.796695 
1074 0.258427	0.88559 1.20517 1.01478 1.04191 1.02503 0.965718 0.968624 1.06755 0.851954 0.831095 
1075 0.110894	1.75592 1.19867 0.773435 1.12539 1.00188 1.01994 0.877807 0.764119 0.611098 0.864976 
1076 0.178554	0.473595 1.02343 0.96902 0.881 0.977987 0.935595 1.03911 1.09652 1.37534 1.0876 
1077 0.104299	4.94737 1.1878 0.782234 1.29432 0.923732 0.980685 0.789651 0.954917 0.402826 0.855764 
1100 0.289372	0.320328 0.879505 1.03637 1.07376 1.13809 0.933535 0.992558 0.786202 1.21333 0.998852 
1101 0.0885668	0.46063 0.971964 0.854116 0.922169 1.00123 0.816488 0.864839 0.655154 0.810002 0.854942 
1102 0.11562	0.711534 1.12917 0.913932 0.907662 1.09595 0.954352 0.977259 1.1387 0.929251 0.927382 
1103 0.0590982	0.250463 1.09106 0.962782 0.731072 1.07066 0.878222 0.913816 0.844462 1.41584 1.05377 
1104 0.0677939	1.73377 0.966159 0.851095 1.00674 1.00378 0.868495 0.881518 0.757396 0.65499 0.794986 
1105 0.165217	1.15714 1.05028 1.15928 1.21523 1.17815 1.21421 1.18077 1.33079 1.11646 1.21239 
1106 0.124155	2.10865 1.12863 1.00583 1.12678 1.0785 1.10759 0.9508 0.977761 0.813082 0.869044 
1107 0.0901771	5.12596 0.997081 0.984808 0.965474 0.894918 1.02104 1.07998 1.09697 0.826257 0.905793 
1110 0.0675596	1.10405 0.975254 0.83682 0.941035 0.848409 0.893062 0.806386 0.746771 0.681292 0.826655 
1111 0.0565294	0.0615728 1.24598 1.14186 0.959153 1.29453 1.03574 1.00754 1.02064 1.80395 1.20598 
1112 0.11621	3.54237 1.13743 1.02703 1.24776 0.931102 1.2001 1.21349 1.28567 0.742065 0.906153 
1113 0.0567264	0.856931 1.13116 1.14007 1.163 1.05756 1.19923 1.25303 1.59448 1.29022 1.1706 
1114 0.144377	0.485365 1.06274 1.17668 1.29757 1.01691 1.12765 1.04816 1.06576 1.17691 1.0994 
1115 0.147134	1.28775 0.999436 0.856869 0.942999 0.918741 1.05051 0.934554 0.716537 0.833814 0.880626 
1116 0.197164	0.815097 1.07024 0.946179 1.06492 0.959435 1.0688 1.00311 1.09295 0.882264 0.938366 
1117 0.2143	0.489012 0.986401 0.92195 1.01411 1.04201 0.917045 1.0023 0.874162 1.29034 1.00607 
1120 0.0473435	4.34246 0.964361 0.864046 0.997461 0.917036 1.08376 1.08265 1.06082 0.58097 0.949034 
1121 0.147554	0.659986 1.00072 0.83359 0.800187 0.88502 0.758695 0.77313 0.874281 0.801337 1.01466 
1122 0.0552341	0.860958 0.9326 1.23348 1.11041 1.04754 1.08596 0.845853 0.818821 1.05187 1.09508 
1123 0.192004	0.629106 1.04494 1.00283 0.99404 1.01445 0.973175 1.12323 1.21227 1.21662 1.19671 
1124 0.169648	0.781749 0.994348 0.961027 1.18486 1.03875 0.9332 0.851178 0.887244 0.885548 1.07684 
1125 0.081536	1.97554 1.01262 1.02904 1.20323 0.982408 1.09838 1.15471 1.46037 0.877745 1.0175 
1126 0.148869	1.57107 1.05863 0.943242 0.917902 0.918432 0.990726 1.05155 1.01467 0.805726 0.983556 
1127 0.157812	0.143523 0.975343 0.97085 0.885408 1.10055 0.74049 1.0441 0.930084 1.53006 1.07141 
1130 0.218659	0.675344 0.912855 0.950693 0.914484 1.03208 0.984405 1.03168 0.962523 1.15884 0.938937 
1131 0.0915198	0.24818 0.898643 1.07016 1.06451 1.08089 0.900575 0.998118 0.879252 1.3347 1.02342 
1132 0.107365	1.70334 1.00136 1.06357 1.11014 0.999464 1.12144 0.986259 1.16712 0.886385 0.899694 
1133 0.0633794	1.59955 1.04986 1.11626 1.42821 1.02057 1.06412 0.967269 1.05276 0.698427 0.84163 
1134 0.279757	2.2456 1.10516 0.859269 0.894994 0.952517 1.05799 1.03324 0.886782 0.809229 0.927598 
1135 0.0613512	0.10299 0.988179 0.985897 0.807433 1.17417 0.800675 0.999664 1.08181 1.67921 1.04036 
1136 0.0944353	0.703377 0.999162 1.2109 1.10911 1.1351 1.0919 1.13009 1.2817 1.36835 1.13176 
1137 0.083534	6.57327 0.921373 1.1195 1.25645 0.851659 1.37595 1.23803 1.36595 0.787413 0.910519 
1140 0.0786082	4.54275 0.969874 0.962038 1.06363 0.844371 1.1505 1.03597 0.857985 0.629488 0.848389 
1141 0.0829038	0.259121 0.880707 0.783118 0.752237 1.03949 0.745925 0.872981 0.667455 1.19329 1.11318 
1142 0.189433	1.2719 0.972215 0.972918 1.08583 1.00986 0.996246 1.06542 0.792305 0.857882 0.967785 
1143 0.166237	0.786068 0.93913 1.07021 0.780435 1.01397 1.02172 1.08741 1.03675 1.30174 1.06788 
1144 0.106529	1.07662 0.872332 0.923046 1.01901 1.07173 0.884837 1.04911 1.00024 1.04627 1.11073 
1145 0.104811	1.47027 0.977302 0.797849 0.853079 0.961897 0.787727 1.04666 0.90186 0.784931 0.994033 
1146 0.14433	2.87469 1.01944 1.11625 0.94947 1.0564 1.16271 1.05887 1.29185 0.976991 1.21591 
1147 0.127148	0.660919 0.980267 1.03869 0.976869 1.07512 0.88573 1.04409 0.959549 1.12264 1.08241 
1150 0.0946304	1.48113 1.11654 0.84096 0.857867 0.837605 1.01606 0.912169 0.990566 0.871885 0.911768 
1151 0.11883	1.53858 1.17253 1.17625 1.25546 0.992958 1.19851 1.15514 1.08242 1.07834 1.12112 
1152 0.215507	3.16188 1.17251 1.01102 1.11328 0.863645 1.06776 1.10302 1.11194 0.701934 0.953118 
1153 0.0692271	0.576048 1.03736 0.942546 0.922984 0.907081 0.900208 0.759915 0.718621 0.891696 1.01734 
1154 0.066458	1.21061 1.02596 1.03996 1.02027 0.900154 1.09284 0.832317 0.691846 0.885634 0.813639 
1155 0.0819889	1.62687 1.03272 1.30679 1.12333 0.916736 1.08581 1.00534 1.27032 1.04275 1.07145 
1156 0.0764508	1.1002 1.05116 0.904363 0.818663 0.891341 1.01246 0.884603 0.660025 0.820824 0.958213 
1157 0.276908	0.392037 1.1178 1.05433 0.758625 0.967545 0.838732 1.03045 1.12217 1.35939 1.22467 
1160 0.0496278	0.238826 0.867552 1.14409 0.891786 1.14323 0.846485 1.0045 0.947662 1.86559 1.0842 
1161 0.0883375	0.747694 0.964968 1.00172 0.709916 1.06495 0.960973 1.06036 0.837895 1.33754 1.04546 
1162 0.0694789	6.41168 0.905119 1.15793 1.39418 0.834107 1.2391 1.14277 0.955456 0.581307 0.785144 
1163 0.122581	3.6329 0.823781 0.911298 1.00083 0.825364 1.00316 0.830731 0.800277 0.596041 0.823421 
1164 0.143424	0.420359 1.03553 1.1403 1.10629 1.0157 0.987585 0.968072 0.959283 1.17064 0.99703 
1165 0.240695	0.998426 0.88945 0.878883 0.83868 0.990321 0.901633 0.865616 0.789264 0.964821 0.96131 
1166 0.206452	1.90371 1.08989 1.10373 1.0687 0.930091 1.14641 1.03264 1.10182 0.861043 1.0118 
1167 0.0794045	3.85092 1.14411 1.07334 1.33573 1.04758 1.18499 1.18492 1.27751 1.06636 1.26091 
1170 0.0641186	0.797581 0.938844 0.899482 1.09746 0.979567 1.01984 1.0297 1.11455 1.03867 1.15983 
1171 0.075188	0.989887 0.937134 1.05912 1.67777 0.911338 1.19116 1.11731 1.12397 0.752415 0.930617 
1172 0.171261	0.226896 1.01601 1.05873 0.853895 1.12632 1.02882 1.1262 1.13087 1.64022 1.18759 
1173 0.126358	2.3674 1.02054 1.04989 1.42249 0.93145 1.18005 1.11315 1.54269 0.875778 1.14177 
1174 0.165831	0.691671 0.870047 0.836908 1.05517 0.996936 0.945576 0.809918 0.837847 0.919013 0.993451 
1175 0.0810359	0.11197 0.882595 0.894815 0.939503 1.04797 0.773082 0.81572 0.859288 1.24869 1.11358 
1176 0.213241	0.63544 1.04465 0.865654 1.26556 0.934667 0.951966 0.93547 0.890455 0.668403 0.951465 
1177 0.102966	0.136817 1.14977 1.08971 1.12149 1.0708 1.0977 0.983632 0.934775 1.19486 1.1187 
BOUNDS
LWPS R    0.0  0.0  0.0  0.0  0.0  0.0  0.0  0.0  0.0  0.0
UWPS R    0.5  0.5  0.5  0.5  0.5  0.5  0.5  0.5  0.5  0.5
LXAS R   -0.5 -0.5 -0.5 -0.5 -0.5 -0.5 -0.5 -0.5 -0.5 -0.5
UXAS R    0.5  0.5  0.5  0.5  0.5  0.5  0.5  0.5  0.5  0.5
END
