NAME moment_estimation_cluster
ASSETS 10
BENCHMARKS 0.1 0.1 0.1 0.1 0.1 0.1 0.1 0.1 0.1 0.1 
COVARIANCES
0 0 0.00546266
1 0 0.000762065
1 1 0.00565394
2 0 -0.00173311
2 1 0.00672384
2 2 0.0112555
3 0 0.0011674
3 1 0.00231195
3 2 0.00282951
3 3 0.00279096
4 0 0.000956202
4 1 0.00224857
4 2 0.00265013
4 3 0.00105587
4 4 0.0016461
5 0 0.00325305
5 1 0.00237381
5 2 0.000846992
5 3 0.00260355
5 4 0.00131307
5 5 0.0048238
6 0 -0.000787672
6 1 0.00370847
6 2 0.00533796
6 3 0.00120342
6 4 0.00121038
6 5 0.000812979
6 6 0.00320845
7 0 -0.000704472
7 1 0.00481533
7 2 0.00722769
7 3 0.00223621
7 4 0.00233297
7 5 0.00142733
7 6 0.00332565
7 7 0.005692
8 0 0.00167946
8 1 0.00426579
8 2 0.0049933
8 3 0.00293281
8 4 0.00223629
8 5 0.00325379
8 6 0.00216789
8 7 0.00420566
8 8 0.00501468
9 0 -0.000389877
9 1 0.00041548
9 2 0.000948086
9 3 0.000235123
9 4 0.000608262
9 5 -0.000234249
9 6 0.000145785
9 7 0.00100905
9 8 0.00078522
9 9 0.00108555
SCENARIOS
0 0.54646	1.01086 1.06467 1.06324 1.02356 1.03153 1.02664 1.03805 1.05662 1.04708 1.00844 
1 0.45354	1.00412 0.946287 0.937327 0.965576 0.969314 0.957801 0.957995 0.930674 0.943067 0.991609 
00 0.278721	1.02244 0.994479 0.962179 1.02562 0.953271 1.05024 0.98464 0.929839 0.992892 0.967515 
01 0.721279	0.983349 1.00914 1.06779 1.00797 1.0161 0.983622 0.998419 1.0041 1.01157 1.02061 
10 0.743154	1.00341 1.06744 1.04712 1.02483 1.02132 1.06148 1.02676 1.06575 1.05532 0.985405 
11 0.256846	0.951935 0.912725 0.922098 0.934203 0.956828 0.941723 0.953882 0.918041 0.924096 0.965902 
000 0.0483225	1.06194 1.13385 1.16269 1.13065 1.05032 1.12881 1.06344 1.16084 1.14915 0.990405 
001 0.211805	1.02094 1.03734 1.0773 1.05729 1.05246 1.04246 1.02997 1.09221 1.10311 1.00393 
002 0.0538376	1.129 1.15679 1.21101 1.08452 1.11543 1.0691 1.08021 1.2283 1.12124 1.00502 
003 0.0779332	0.806214 0.961457 1.1235 1.00584 0.960884 0.829977 1.04085 1.09062 0.954475 1.03911 
004 0.181012	0.978927 0.983983 1.09735 0.945187 1.01091 0.936057 1.03374 1.0499 0.955953 0.995174 
005 0.116933	1.00223 0.964626 0.888927 0.951681 0.975251 1.00558 0.986065 0.937416 0.924193 0.955529 
006 0.103736	0.978508 0.82263 0.855691 0.891305 0.921456 0.890088 0.918078 0.904329 0.801608 0.993272 
007 0.206421	1.07522 0.881018 0.873957 0.997449 0.980708 0.996082 0.925788 0.928919 0.926334 1.00182 
010 0.113688	1.09764 1.03202 1.03131 1.08884 1.02283 1.06319 1.04272 1.03904 1.03662 0.998356 
011 0.15593	1.00061 0.882585 0.826874 0.904036 0.930721 0.947661 0.941544 0.916854 0.88149 0.965566 
012 0.158341	1.10115 1.01593 0.909412 1.00814 1.04031 1.06151 0.980868 1.01392 1.06915 1.02209 
013 0.135152	1.03642 1.20197 1.25607 1.08406 1.08808 1.08786 1.11311 1.23452 1.19749 1.01031 
014 0.207967	1.04167 0.936385 0.873959 0.995797 0.972493 1.02656 0.970228 0.93195 0.994308 0.961396 
015 0.0496004	1.03889 0.999267 0.998614 0.902962 1.02625 0.923052 1.0396 1.04034 0.958404 1.01287 
016 0.0932894	1.00113 1.13101 1.18375 1.01588 1.02354 1.03316 1.14222 1.16213 1.01231 0.962082 
017 0.0860332	0.888593 1.02222 1.08879 0.965785 0.969057 0.893721 1.04953 1.05832 0.960137 1.00302 
100 0.118914	1.08267 0.904988 0.90393 1.05082 0.9918 1.05236 0.933611 0.90085 1.00931 1.03552 
101 0.0679721	1.08742 1.02913 1.00176 1.13191 1.00494 1.12807 1.01278 1.0094 1.11482 0.989652 
102 0.0914108	1.03697 0.948848 0.890484 0.943177 1.0422 1.00221 0.974885 0.962201 0.97354 1.03954 
103 0.253968	0.977613 0.892587 0.919346 0.94781 0.946512 0.888517 0.936358 0.906766 0.893449 1.00649 
104 0.0812936	0.935724 0.971829 1.02504 1.00056 0.995086 0.988053 1.00718 1.0196 0.989882 1.06198 
105 0.108293	1.02548 1.14175 1.21374 1.07147 1.08337 1.09091 1.13184 1.13022 1.12194 1.05564 
106 0.0798991	0.893086 1.05976 1.15725 1.02479 1.05188 0.91694 1.08312 1.1157 1.09153 1.0819 
107 0.19825	0.90321 1.06762 1.16141 1.00618 0.992494 0.935263 1.09005 1.08118 0.982718 0.999319 
110 0.10825	0.974064 1.09847 1.12852 0.984736 1.05538 1.00115 1.09388 1.08967 1.02549 1.04921 
111 0.0938278	0.952668 0.823583 0.820473 0.943693 0.925507 0.907722 0.935219 0.872181 0.86271 1.04573 
112 0.227917	1.00753 0.955403 0.968957 0.993341 0.984383 1.00836 0.965489 0.997148 0.996916 1.02555 
113 0.0606919	0.894642 1.13245 1.25526 1.06916 0.997729 1.02019 1.17644 1.15898 1.0968 1.02644 
114 0.0988068	1.14291 1.05307 1.0075 1.08508 1.07665 1.14161 1.01741 1.05489 1.0881 1.05849 
115 0.180874	0.975238 0.971165 0.932502 0.986416 0.958227 1.01438 1.01449 0.951325 0.971001 0.968791 
116 0.106275	1.03308 1.08721 1.03574 1.09787 0.971418 1.05846 1.03367 1.0653 1.08528 0.984197 
117 0.123358	0.991587 1.00406 1.0027 1.06202 1.03345 1.01086 0.981656 1.05453 1.02176 1.09623 
0000 0.0475543	1.19124 0.900683 0.768615 1.01171 0.920481 1.08545 0.923713 0.810595 0.897477 0.939036 
0001 0.115489	0.922675 0.939059 0.965549 0.964096 0.933061 0.966954 1.01329 0.909101 0.968078 0.967984 
0002 0.16712	1.02132 1.05512 1.02905 0.987903 1.02648 1.0432 1.04016 1.01317 1.0289 1.02553 
0003 0.153533	1.07536 0.892408 0.909737 1.07532 0.966483 1.02075 0.882668 0.861002 0.977774 0.983271 
0004 0.0652174	0.933329 0.840663 0.864296 0.936029 0.940908 0.88893 0.966385 0.862986 0.815218 1.01781 
0005 0.182065	0.920929 1.0458 1.18742 1.00257 0.980329 0.915647 1.11199 1.04635 0.966618 1.04692 
0006 0.163043	0.856299 1.15226 1.322 1.03174 1.03567 0.959471 1.17236 1.17426 1.08098 1.02702 
0007 0.105978	1.12181 0.958448 0.894672 1.11489 1.0446 1.1372 0.963375 0.921274 1.07718 1.03797 
0010 0.0855549	1.16541 0.897973 0.863418 1.04969 0.982315 1.10103 0.880992 0.902822 0.967837 1.02729 
0011 0.149101	0.94887 0.933136 0.976586 0.913451 0.96996 0.934299 0.955988 0.974839 0.950861 1.04398 
0012 0.0545567	1.10048 0.881189 0.80596 0.998722 0.944817 1.03885 0.91652 0.88549 0.863142 0.956384 
0013 0.0582765	1.11217 0.883037 0.830308 0.970113 1.02924 0.963981 0.866546 0.950146 0.952545 1.01035 
0014 0.229386	0.983605 1.01724 1.0426 1.02915 0.993086 1.01196 1.05713 1.02181 0.940104 1.05947 
0015 0.109733	0.914232 0.984166 1.08847 1.0075 0.940078 0.953454 1.00257 1.01093 0.942244 1.00689 
0016 0.0871048	0.8915 1.17456 1.26661 1.05687 1.05256 0.971294 1.12247 1.18983 1.05809 1.01605 
0017 0.226286	1.10326 1.09553 1.06517 1.03471 1.03151 1.06065 1.0161 1.09899 1.05595 1.01442 
0020 0.190244	1.0571 0.949318 0.839964 1.01628 0.985727 1.14854 0.998536 0.866967 0.983639 0.991741 
0021 0.1	0.887721 1.09883 1.28823 1.04595 1.04754 0.967845 1.09241 1.11824 1.13645 1.07543 
0022 0.106098	0.842872 1.09364 1.1674 1.02179 1.00168 1.05643 1.12843 1.07044 1.06938 1.03917 
0023 0.208537	0.92256 1.09842 1.11406 1.1443 1.04775 1.14918 1.05172 1.00844 1.1331 1.0012 
0024 0.0865854	0.924131 0.968891 0.990847 1.02241 0.99521 0.988391 1.01922 0.951206 0.99994 1.04685 
0025 0.120732	0.884096 0.973239 0.968433 0.931406 0.963624 0.969171 0.999185 0.948929 1.06444 0.976583 
0026 0.109756	1.03798 1.0131 0.963027 0.974544 1.03158 1.14226 1.02075 0.926878 1.05343 0.986539 
0027 0.0780488	1.10906 0.871682 0.753958 0.922078 0.940699 1.10718 0.936298 0.841564 0.939199 0.975479 
0030 0.151643	1.21519 1.01276 0.986964 1.03746 1.02382 1.14429 0.986731 0.965454 1.03027 0.994456 
0031 0.20219	1.08055 1.02616 0.992065 0.938962 0.984268 1.02235 1.05006 0.925098 0.924339 0.946463 
0032 0.145746	1.05394 0.902674 0.834374 0.968764 0.95139 1.06068 0.873394 0.871107 0.944763 0.977343 
0033 0.0775063	0.866118 1.06146 1.08603 0.977228 0.988761 1.04452 1.07948 1.06248 1.00849 0.977967 
0034 0.0876158	0.976187 1.18104 1.28438 1.07373 1.07826 1.11517 1.14054 1.27692 1.14512 1.06564 
0035 0.111205	0.992223 0.975302 0.93682 0.974866 0.939945 1.07488 1.01925 0.925659 0.923006 0.909516 
0036 0.0817186	0.942847 1.03834 1.12061 0.966845 1.03106 0.97062 0.990115 1.04437 1.013 1.02339 
0037 0.142376	1.03319 1.16714 1.17821 0.993857 1.01727 1.10397 1.13523 1.08129 1.03137 0.950086 
0040 0.0507798	0.967123 0.850889 0.766323 0.86255 0.919729 0.804511 0.869787 0.844094 0.870525 1.03446 
0041 0.134929	0.958823 1.10684 1.14373 1.03457 1.02619 0.998171 1.04802 1.08706 1.09087 1.02968 
0042 0.23395	0.954896 0.963792 0.885617 0.970361 0.985312 0.933659 0.957075 0.927334 0.996652 1.05416 
0043 0.116431	0.949331 1.00647 1.00127 1.00507 0.976549 0.882198 0.997394 1.0102 0.974009 1.0365 
0044 0.178455	0.928219 1.0744 0.971729 1.00737 1.04057 1.00711 1.02395 1.03795 1.00331 1.0185 
0045 0.0609358	1.00129 0.979709 0.889189 0.956942 0.956115 0.974373 1.01115 0.959555 0.93431 0.929611 
0046 0.0906783	1.07453 0.909615 0.806259 1.02373 0.977394 1.09007 0.890538 0.86971 1.01047 1.00344 
0047 0.133841	0.976534 1.15065 1.14911 1.05341 1.08201 1.07168 1.09528 1.15829 1.10534 1.05183 
0050 0.119596	1.01433 0.923657 0.965805 0.959189 0.959008 0.926907 0.976553 0.968609 0.941491 0.995273 
0051 0.104997	0.979895 1.19068 1.31658 1.06761 1.01831 0.974024 1.15987 1.10018 1.07956 1.01476 
0052 0.116788	1.02999 1.09358 1.10278 1.08611 1.02719 1.05659 1.05527 1.0932 1.13081 1.00969 
0053 0.229085	1.00852 0.979158 1.04643 0.98858 0.9848 0.917613 0.984272 0.991779 1.01818 0.985669 
0054 0.0735542	1.09275 1.15029 1.22368 1.11139 1.09557 1.04049 1.10246 1.20344 1.19685 1.03943 
0055 0.0808535	1.1425 0.994997 0.962018 1.02832 1.05621 1.10222 0.9536 1.00602 1.0769 1.00252 
0056 0.0763616	0.990253 0.844362 0.869304 0.925214 0.963047 0.876895 0.917478 0.940821 0.904211 1.02486 
0057 0.198765	1.0583 1.03852 1.0608 0.973741 1.02963 0.923903 1.05118 1.01723 1.02708 1.02636 
0060 0.0449367	0.850523 1.08032 1.09219 0.995071 1.06467 0.892561 1.05992 1.08908 1.11127 1.08485 
0061 0.181013	0.969617 1.14232 1.13308 1.09515 1.05362 1.06872 1.05385 1.0327 1.14889 0.963303 
0062 0.0658228	1.19405 0.964115 0.918331 0.98685 1.05109 1.04276 0.943143 0.915371 1.10085 1.00629 
0063 0.0689873	0.899469 1.11161 1.13798 1.07728 0.950015 0.927812 1.10351 1.00067 1.08614 0.968621 
0064 0.165823	0.954113 0.971955 0.829189 1.00527 0.993437 1.00986 0.924377 0.96583 1.03045 0.959139 
0065 0.162658	0.954578 1.01578 1.002 1.09145 0.991418 1.01513 1.02226 0.982087 1.04908 0.936587 
0066 0.0943038	0.95636 0.871406 0.812434 0.954109 0.94086 1.00208 0.936771 0.869097 0.929507 0.950382 
0067 0.216456	0.814847 0.995472 1.04383 0.957875 0.986636 0.809776 0.998006 0.971435 0.943162 1.01742 
0070 0.287532	0.919398 1.06543 1.12454 1.03377 1.04419 1.01004 0.999878 1.13185 1.09679 1.03422 
0071 0.121501	0.938939 0.977768 0.888952 0.986453 0.973077 0.974828 0.990799 0.96102 0.991031 0.980537 
0072 0.0582061	0.824968 0.912152 1.00164 1.02024 0.941309 0.935735 1.0109 0.994397 1.00913 0.975275 
0073 0.0903308	1.10016 1.11019 1.03846 1.07529 1.08088 1.12692 1.03181 1.03896 1.13664 1.04033 
0074 0.0632952	0.948849 0.87278 0.837732 0.914428 0.926535 0.861433 0.872931 0.910267 0.953892 0.990183 
0075 0.0970102	1.11138 0.902885 0.789109 0.975995 1.0128 1.06577 0.881734 0.933977 0.983197 1.01886 
0076 0.141221	0.904908 0.99067 1.06022 0.976208 1.00095 0.872611 1.01 1.09211 0.982398 0.983481 
0077 0.140903	0.926797 1.0687 1.07541 1.08206 0.98135 1.03709 1.02914 1.06926 1.13912 0.979758 
0100 0.0653872	1.09886 1.07599 0.945024 1.02188 0.989516 1.06157 0.998171 0.94523 1.0146 0.939021 
0101 0.156661	0.947636 1.01233 0.991289 1.03631 1.03011 1.03492 0.947295 1.10933 1.10386 1.02588 
0102 0.118277	0.980373 0.935244 0.881153 1.00829 0.959588 0.994207 0.883296 0.954303 1.01768 1.00171 
0103 0.0810087	1.07725 0.939552 0.91835 1.00898 1.01006 1.03079 0.946027 0.961604 1.04652 1.00252 
0104 0.114037	1.06926 1.12114 1.18579 1.05309 1.07829 1.05721 1.03195 1.16758 1.18623 1.05975 
0105 0.138362	0.953271 1.10409 1.06712 0.972519 1.01291 0.994105 1.01008 1.09118 1.03125 1.01787 
0106 0.0707431	1.01294 1.05159 1.0458 1.16078 1.03662 1.17704 0.942579 1.13294 1.19723 1.03066 
0107 0.255523	0.915138 0.936642 0.938439 0.945174 0.951857 1.00679 0.974456 0.987584 0.956557 0.980037 
0110 0.125773	0.825437 0.970761 1.03806 0.935109 0.95101 0.878083 1.0782 0.999884 0.867979 1.00045 
0111 0.123007	0.85535 1.0531 1.20859 1.01318 1.02209 0.872774 1.08108 1.03179 1.0174 0.995403 
0112 0.0857468	0.996509 1.05344 1.09162 1.08537 1.00693 0.994133 1.02626 1.01691 1.06294 1.00699 
0113 0.156525	1.0726 1.09547 1.04903 0.963112 1.07288 1.0268 1.04131 1.03442 1.06395 1.01603 
0114 0.178165	1.00841 0.859606 0.806942 0.989627 0.932313 0.988206 0.888656 0.834941 0.884937 0.995667 
0115 0.127075	1.01708 0.95328 0.955041 1.00389 1.02258 0.957323 0.921768 0.930972 0.992373 1.04149 
0116 0.0548324	0.97324 1.12568 1.25698 1.04087 1.02907 0.961811 1.17159 1.08692 1.08405 0.972941 
0117 0.148877	1.00713 0.902235 0.889063 1.05592 1.01088 0.997709 0.922172 0.909871 0.931167 1.00935 
0120 0.0588047	1.09714 1.13454 1.08762 1.04603 1.06206 1.10324 1.11105 1.08134 1.0372 0.969098 
0121 0.231694	0.905009 0.991243 1.11667 0.975972 0.962567 0.911666 1.03022 1.00964 0.932276 1.01897 
0122 0.0730652	1.25356 1.02347 0.958002 1.02485 1.0238 1.06261 0.980717 0.941332 0.988769 0.941729 
0123 0.175613	0.988465 0.938661 0.883843 1.00989 0.979293 1.03261 0.933409 0.949379 0.959369 0.999537 
0124 0.0677776	0.911235 0.879418 0.93381 0.925346 0.921751 0.891942 0.996956 0.871504 0.78307 0.945598 
0125 0.0564012	1.05691 1.11873 1.21772 1.02879 1.10311 1.00589 1.0313 1.21182 1.06203 1.02038 
0126 0.198526	0.918059 1.06457 1.19474 1.0171 1.02638 0.987778 1.1265 1.07499 1.06867 0.98788 
0127 0.138119	1.02214 1.00385 0.952563 0.963476 1.02577 1.11082 0.995447 0.988836 0.976176 1.01197 
0130 0.0916088	0.922534 0.964872 1.03668 1.02563 0.934836 0.936712 1.03981 0.928317 0.944564 1.005 
0131 0.149052	0.998383 1.02121 1.09653 1.09952 1.02839 1.12339 1.03403 1.06441 1.08816 0.988083 
0132 0.144359	1.00732 1.12921 1.20795 1.07244 1.06792 1.03904 1.11673 1.10766 1.05069 1.02661 
0133 0.0559414	1.22691 0.973905 0.837016 1.05256 0.993716 1.09765 0.939435 0.922043 1.02086 0.995941 
0134 0.204243	0.924057 0.954323 0.893435 0.97773 0.973767 0.997478 0.968836 0.913332 0.96434 0.994114 
0135 0.177398	1.12774 0.985445 0.915585 0.977777 1.04975 1.06833 0.979089 0.941714 0.979574 1.0338 
0136 0.11545	1.05208 0.878323 0.90637 1.0188 0.965728 0.976196 0.905971 0.948171 0.962247 0.997146 
0137 0.0619486	0.913356 0.898485 0.796809 0.917519 0.923955 0.98083 0.960447 0.846158 0.858067 0.997685 
0140 0.130902	0.992644 1.07757 1.16406 0.976784 1.04228 0.983195 1.05666 1.14393 1.07117 1.03296 
0141 0.112846	1.14419 0.911422 0.856514 0.945958 1.01361 1.07137 0.910187 0.955089 1.00677 1.02078 
0142 0.0906429	0.992087 1.11842 1.21585 1.08634 1.06632 1.07357 1.04445 1.18979 1.05598 1.0173 
0143 0.212517	1.11192 1.07288 1.00465 1.0094 1.03481 1.04038 0.979077 1.00196 1.01497 1.02376 
0144 0.1797	0.959528 0.984467 1.02995 0.983423 0.988437 0.973239 0.996222 1.06701 0.928378 1.02935 
0145 0.059534	0.997728 0.96938 0.865566 0.888735 0.982799 0.972699 0.944819 0.974473 0.907574 0.985398 
0146 0.057704	0.877924 1.01575 1.15978 1.05263 0.981698 1.02163 1.04797 1.10763 1.01425 1.02432 
0147 0.156155	1.02655 0.916336 0.90089 0.948849 0.952879 0.96401 0.923471 0.941481 0.929785 1.01814 
0150 0.0982097	0.958927 1.12382 1.11849 1.04074 1.08773 1.08958 1.06689 1.12424 1.11112 1.02465 
0151 0.0710997	0.972705 1.06362 1.13045 1.09055 1.06743 0.971918 0.992849 1.13102 1.14262 1.02997 
0152 0.108951	0.909189 1.05562 1.08352 0.981036 0.977568 0.952406 1.04409 1.02695 1.03737 0.990406 
0153 0.192327	1.0224 0.956247 0.914461 0.980835 1.02646 1.00616 0.939677 0.984207 1.0059 1.05116 
0154 0.158056	0.925169 1.09329 1.1826 1.04753 1.0172 0.980725 1.01558 1.08898 1.07474 0.996026 
0155 0.0542199	0.904425 0.962068 1.01892 0.996995 1.00855 0.963923 0.930897 1.0347 1.04713 1.07075 
0156 0.059335	0.907381 1.02112 0.92845 0.980052 0.969772 1.00655 1.00959 0.940845 0.958422 0.903667 
0157 0.257801	0.900828 0.867532 0.889338 0.940234 0.951001 0.946547 0.922131 0.84267 0.903273 1.02384 
0160 0.169976	1.02914 0.965542 0.896279 0.939139 0.99761 0.994837 0.938565 0.971058 1.05839 0.998307 
0161 0.149306	1.02363 1.09966 1.08356 1.087 1.00106 1.0664 1.05863 1.03405 1.13662 1.0457 
0162 0.150938	0.858932 0.934591 1.02288 0.990887 0.98046 0.94135 1.00911 1.00643 1.0138 1.04639 
0163 0.15121	1.04505 1.07276 1.14209 1.01628 1.07101 1.03686 1.0872 1.04826 1.13585 1.04587 
0164 0.0562959	0.785249 1.08429 1.20367 0.951003 1.00233 0.852944 1.10789 1.07729 1.03226 0.997849 
0165 0.138156	1.01844 0.92382 0.848008 0.964759 0.937874 0.965762 0.950043 0.888929 0.968888 0.980592 
0166 0.0378026	0.893609 0.971553 1.04278 0.942635 0.953666 0.93088 1.03304 0.957512 0.900331 0.965584 
0167 0.146315	1.0758 1.00666 0.980215 1.03244 1.01989 1.05314 0.989568 0.960812 1.05946 1.01055 
0170 0.104984	1.00901 0.987297 1.00408 1.05251 1.03694 1.08099 0.992544 1.07688 1.0947 1.06796 
0171 0.142141	1.06155 0.962822 0.916267 1.01611 0.977684 1.04462 0.973731 0.94599 1.02069 0.976884 
0172 0.103214	0.966493 1.13683 1.31067 1.0605 1.02224 1.15628 1.1606 1.15365 1.10624 0.968169 
0173 0.0625184	0.921438 1.00852 1.08796 0.964901 1.05529 0.991377 1.0639 1.11666 1.07317 1.04062 
0174 0.150693	0.912962 0.916932 0.917474 0.918979 0.967192 0.900886 0.944309 0.941869 0.840097 1.0242 
0175 0.0778531	0.917024 1.1011 1.21506 1.02507 1.07281 1.02 1.13705 1.18486 1.09494 1.0086 
0176 0.258921	0.879238 0.952453 1.03713 0.969014 0.981976 1.02309 1.05067 0.985613 0.905037 0.943037 
0177 0.0996756	0.966562 0.996052 1.09118 1.07313 0.959988 1.02376 1.0188 1.01572 1.11606 0.99317 
1000 0.0503992	1.00696 1.11159 1.186 1.04939 1.09345 1.13089 1.10164 1.25307 1.15633 1.02901 
1001 0.103792	1.03786 0.992598 0.946749 1.04774 0.981876 1.06287 0.9649 1.02863 0.987327 0.947892 
1002 0.158433	0.945822 1.07585 1.12112 0.99343 1.0351 0.991862 1.10813 1.07165 0.953901 1.01688 
1003 0.136228	1.0453 1.03416 0.986381 0.977966 1.05224 1.04788 0.981371 1.03134 0.983938 1.02906 
1004 0.118762	0.898599 0.983417 1.0438 0.984463 1.01264 0.893141 0.98986 1.08532 1.04163 1.0753 
1005 0.0708583	0.915098 1.036 1.16857 1.07602 1.00074 1.03242 1.07127 1.08655 1.09016 1.00697 
1006 0.17989	0.950206 1.00191 0.986853 0.939277 0.968062 0.945155 1.03232 1.0139 0.963581 0.977656 
1007 0.181637	0.900816 0.889647 0.820196 0.936696 0.950107 0.993597 0.939177 0.974966 0.936289 0.998721 
1010 0.0641641	0.962933 0.843769 0.865159 0.929268 0.905831 0.945147 0.930314 0.874283 0.804848 0.936679 
1011 0.0920995	0.867473 1.0881 1.20773 1.07322 0.989648 1.01961 1.10581 1.06083 1.04344 0.982351 
1012 0.200786	1.0144 0.890157 0.90079 0.956092 0.967338 0.91469 0.92234 0.914858 0.896524 0.992342 
1013 0.104758	1.00183 1.07953 1.10272 0.956398 1.05902 1.03293 1.08376 1.03595 1.03406 1.02963 
1014 0.0833697	0.952872 0.967388 1.07676 1.02036 0.975371 0.930171 0.999597 1.01645 0.966506 1.03329 
1015 0.0816237	1.03186 0.999827 0.985813 1.02149 0.939988 1.03982 1.03644 0.962018 0.923059 0.978114 
1016 0.0999564	1.18508 1.15401 1.17403 1.02709 1.06764 1.12132 1.07025 1.10264 1.10332 1.00629 
1017 0.273243	1.00194 1.038 1.01972 0.973954 1.01366 1.00327 0.998681 1.02792 1.0087 0.981181 
1020 0.115547	1.15513 1.11136 1.07578 1.14085 1.0477 1.10956 1.05104 1.0469 1.07689 0.990057 
1021 0.0736774	1.11814 1.09818 1.1691 1.04644 1.07684 1.10309 1.06804 1.1597 1.13011 1.03149 
1022 0.311263	1.06645 1.01613 1.04548 0.992675 1.02213 1.02257 0.999587 1.02541 1.02325 1.00482 
1023 0.0658877	1.04145 1.00751 0.956953 0.900589 1.02764 0.969155 1.00208 0.976179 0.953376 1.00476 
1024 0.121389	1.08632 0.957793 0.990638 1.02784 0.98845 0.910493 0.916763 0.989675 0.99084 1.0077 
1025 0.129828	1.04138 0.877277 0.896691 0.957939 0.963327 0.943704 0.890668 0.850588 0.960384 0.973827 
1026 0.10581	1.11758 0.9508 0.969811 1.02166 0.957427 1.03705 0.927735 0.931867 1.03763 0.926867 
1027 0.0765985	1.00367 0.885211 0.92386 0.867611 0.924829 0.848467 0.929607 0.880484 0.849644 0.96314 
1030 0.0650701	0.960132 1.14336 1.17268 1.11071 1.04189 1.11635 1.10591 1.12063 1.15659 1.02269 
1031 0.142757	0.789186 1.0124 1.11335 0.986268 0.958311 0.880273 1.13315 1.04439 0.966955 0.975433 
1032 0.112734	1.12136 1.01984 0.943766 0.973727 0.973391 1.0261 1.02732 0.901296 0.961754 0.932742 
1033 0.204322	0.95324 0.914929 0.876098 0.948268 0.984054 1.01894 0.952558 0.981872 0.966782 1.00996 
1034 0.053271	0.90417 0.920137 0.861873 0.936698 0.905162 0.927889 0.957373 0.887229 0.869599 0.94669 
1035 0.161565	1.03263 1.04225 1.02312 1.06131 1.02434 1.07365 1.02314 1.03742 1.04955 0.972198 
1036 0.115537	1.00511 1.01753 1.01101 1.06 0.98381 1.07035 1.02553 1.04755 1.05195 0.989669 
1037 0.144743	0.939619 1.10519 1.17117 0.99995 1.07693 0.974155 1.10024 1.09313 1.04669 1.04505 
1040 0.182482	0.903377 1.10674 1.11501 0.999622 1.04715 0.928828 1.10458 1.05573 1.0173 1.00263 
1041 0.0770073	1.15938 1.00547 0.846628 0.965678 0.994536 1.09669 0.98372 0.891867 0.984412 0.95451 
1042 0.190511	0.988783 1.00007 0.9979 0.945796 1.01765 0.882627 1.05687 1.02612 0.913198 1.02679 
1043 0.139051	0.897132 0.943287 0.907407 0.902689 0.993518 0.837491 0.942715 0.973575 0.900881 1.01824 
1044 0.187591	1.00714 1.0319 0.993851 1.01979 0.987698 0.985684 1.03969 0.963025 0.984662 0.976854 
1045 0.079927	0.992081 0.966383 0.845961 0.966475 0.927035 0.884961 0.940229 0.856595 0.911206 0.982823 
1046 0.0846715	1.09762 1.117 1.19011 1.08437 1.0772 0.995657 1.04681 1.06873 1.16304 1.02662 
1047 0.0587591	0.996858 1.01792 1.08098 1.08629 0.984808 1.02617 1.05259 1.02661 1.03584 0.990599 
1050 0.0890411	0.918356 0.983775 1.07908 1.00418 0.935699 1.00264 1.03658 1.02876 1.01 0.935041 
1051 0.0728767	0.981567 1.13734 1.19825 1.17429 1.06672 1.06303 1.05073 1.2002 1.19111 1.03294 
1052 0.123562	1.04344 0.952822 0.889611 0.987552 1.05308 0.918872 0.89536 0.99894 1.01473 1.02189 
1053 0.0989041	0.950737 1.15735 1.1979 0.978812 1.08553 0.978512 1.12396 1.20897 1.12183 1.05899 
1054 0.308767	0.961055 0.93534 0.919806 0.976222 0.984652 1.03073 0.963823 0.953622 0.926347 0.970955 
1055 0.131233	1.00952 1.0622 1.15118 1.0451 1.03137 0.94307 1.04316 1.0796 1.1165 1.00175 
1056 0.107123	1.14773 1.03641 0.952579 1.0251 1.01639 1.07146 0.973335 1.00141 1.04903 0.967161 
1057 0.0684932	0.941134 1.04441 1.23563 1.06537 1.01268 0.905741 1.03557 1.16499 1.03579 1.01029 
1060 0.112143	1.04731 0.954699 1.00706 1.04668 0.970592 1.05738 0.969497 0.931266 0.97375 0.973408 
1061 0.0415893	1.00219 0.971192 1.07394 0.943362 1.09476 0.97855 0.95089 1.06304 0.98738 1.0726 
1062 0.0857779	0.923586 0.884125 0.937426 0.922039 0.945409 0.967855 0.950138 0.971227 0.863399 1.01045 
1063 0.203862	1.0903 1.02759 1.01004 0.924492 1.02413 0.961569 1.0287 0.963579 0.921741 0.987471 
1064 0.119941	0.979565 1.03427 1.21215 1.05409 1.01759 0.917335 1.02798 1.10066 1.06692 1.01891 
1065 0.180097	1.0651 1.04502 1.00279 1.06494 1.02768 1.11358 0.993614 1.06001 1.05001 1.02765 
1066 0.057928	0.976363 1.12042 1.17562 1.01908 1.07433 1.12176 1.08113 1.15549 1.068 1.02851 
1067 0.198663	1.17223 0.886638 0.872601 0.982631 0.994692 1.0706 0.865822 0.877645 0.93027 0.996976 
1070 0.147112	0.952485 0.950123 0.950663 0.9738 0.934689 0.909511 0.960994 0.951243 0.986303 0.971313 
1071 0.215205	0.910214 1.06295 1.15593 0.998995 1.0446 0.990305 1.10684 1.04592 1.0181 1.01583 
1072 0.0589644	1.05399 0.86725 0.882691 0.949824 1.0184 0.923132 0.873333 0.927692 0.95288 1.03994 
1073 0.133942	1.08208 0.965951 0.884975 0.973654 0.976476 1.02589 0.956154 0.908729 0.969183 0.991256 
1074 0.214756	0.993572 1.0876 1.12761 1.11219 1.01718 1.07415 1.06222 1.07552 1.13758 1.00057 
1075 0.0577671	1.05459 1.03805 1.00035 0.997011 1.05951 1.02271 1.01914 0.995799 1.04561 1.07365 
1076 0.127207	1.0404 0.974364 0.944385 0.941818 1.03865 1.00865 0.971416 0.983419 1.04523 0.976165 
1077 0.0450464	1.03952 0.86074 0.842049 0.908326 0.974346 0.888845 0.915979 0.873824 0.885891 0.998563 
1100 0.0880254	0.902089 1.11074 1.27218 1.06247 1.08296 0.964058 1.10725 1.25524 1.13802 1.07485 
1101 0.214116	0.992693 1.03523 1.03405 1.06843 1.00376 1.06878 1.0289 1.05218 1.01566 1.03056 
1102 0.0713719	1.06178 0.967768 0.839288 0.938398 1.0026 0.98869 0.918457 0.918113 0.986123 0.979615 
1103 0.0721649	0.983179 1.19182 1.23633 1.10176 1.05724 1.10291 1.14312 1.18307 1.10845 1.036 
1104 0.0555115	0.834527 1.07865 1.16644 1.07183 0.994129 0.954959 1.10331 1.09342 0.998714 1.02981 
1105 0.138779	0.933821 0.936462 0.94222 0.972937 0.989617 0.890402 0.970546 1.05875 0.997965 1.08477 
1106 0.123711	0.947566 1.00193 0.982026 0.979057 1.05608 0.984241 0.988058 1.07019 0.995949 1.04998 
1107 0.23632	0.851527 0.981496 0.947105 0.934344 0.953172 0.871143 0.967895 1.00412 0.894827 0.96834 
1110 0.122598	0.893422 1.0942 1.17252 1.07814 1.02759 1.08144 1.07445 1.17204 1.03805 1.0135 
1111 0.0768527	1.15493 0.896399 0.752696 0.967939 0.934914 0.968799 0.868523 0.786674 0.859063 0.925672 
1112 0.0576395	0.980699 1.05374 0.959281 0.936196 1.06 1.06203 0.925743 1.10273 1.12721 1.03658 
1113 0.074108	1.13625 1.01273 0.862421 1.04816 1.04161 1.10777 0.893594 0.922681 1.03995 0.99063 
1114 0.231473	1.02831 1.03795 0.952895 0.975198 0.987274 1.0386 0.980577 1.04934 0.999351 0.95892 
1115 0.108875	0.89427 1.15802 1.21109 1.01648 1.07348 1.11863 1.06234 1.25764 1.09586 1.03268 
1116 0.0914913	1.00203 1.12161 1.02737 0.971442 1.03716 1.00465 1.05919 1.06505 0.945177 1.00383 
1117 0.236962	0.905876 1.07804 1.00102 0.969466 0.943882 0.97818 0.9623 0.973461 0.991258 0.930958 
1120 0.086629	0.900803 0.877748 0.833034 1.02858 0.952619 0.935271 0.927639 0.921613 0.954232 0.937477 
1121 0.0757062	0.934471 0.878717 0.873594 0.899753 0.979467 0.911962 0.954305 0.909804 0.849565 0.984802 
1122 0.151789	0.912027 0.961221 0.929345 1.04255 0.988741 0.961138 0.990727 0.957329 0.955322 1.00784 
1123 0.0757062	0.977392 0.906166 0.868385 0.963132 1.0014 0.891486 0.922129 0.94529 0.963468 1.02134 
1124 0.174388	0.924809 1.0307 1.06666 0.987107 0.989486 0.946694 1.04475 0.988992 0.950434 0.949543 
1125 0.187194	1.0479 1.00028 0.93145 0.993612 1.04335 1.08779 1.01179 0.962216 1.01668 1.01045 
1126 0.154426	0.954267 1.13749 1.10726 1.06397 1.05531 1.03982 1.06337 1.11703 1.09419 0.974142 
1127 0.094162	0.850531 1.03955 1.16213 0.983104 1.01398 0.840921 1.06897 1.09741 0.942961 1.00696 
1130 0.049505	1.11897 1.15803 1.00099 1.00632 1.09489 1.03566 1.0465 1.04244 1.03055 1.00696 
1131 0.165488	1.02965 0.98229 1.04359 0.976508 1.05175 0.996855 0.949781 1.07039 0.949733 0.994149 
1132 0.0990099	1.12986 1.03826 0.946055 1.00596 1.05705 1.06809 0.923222 1.0565 0.975428 0.942089 
1133 0.0763791	1.00341 1.19066 1.25983 1.07829 1.04934 0.980846 1.15722 1.16434 1.05755 0.968037 
1134 0.115983	0.93984 1.0073 1.02037 1.09106 0.99826 1.03357 0.997729 0.990941 0.981305 0.982375 
1135 0.151344	1.00545 1.01891 1.10554 0.987199 0.991626 0.945259 1.0462 0.996912 0.932477 0.977441 
1136 0.202263	1.0923 0.966895 0.863852 0.93592 0.969368 0.975952 0.94098 0.909093 0.884591 0.999515 
1137 0.140028	0.921111 0.917517 0.902392 0.911639 0.928662 0.903834 0.979135 0.8948 0.86124 0.969834 
1140 0.179844	0.962278 0.901518 0.784321 0.891541 0.945756 1.00116 0.923102 0.911888 0.992305 0.959393 
1141 0.0738488	0.887806 1.08198 1.14771 0.93301 1.04879 0.877322 1.05845 1.14015 0.989409 1.06907 
1142 0.0668983	1.03513 1.13261 1.21354 1.10227 1.07305 1.0818 1.14389 1.16507 1.03188 1.10074 
1143 0.143354	0.966822 1.15718 1.20728 1.04698 0.999872 0.997152 1.14111 1.07767 1.12207 0.935828 
1144 0.0860122	1.12378 1.04185 1.00216 0.949342 0.978518 0.971692 1.01798 0.974962 0.990445 0.921512 
1145 0.202433	1.0704 0.981808 0.988078 1.05282 0.981501 1.09771 0.971365 0.983804 1.00225 0.947521 
1146 0.0590791	1.09491 1.08702 1.05027 0.960135 1.07033 0.967236 1.02313 1.05204 1.00555 0.994955 
1147 0.188532	1.04198 0.99529 0.88203 0.974682 1.02328 0.984003 0.951804 1.01435 0.975121 0.99887 
1150 0.103939	1.04896 1.26538 1.14548 1.04391 1.07592 1.01927 1.06792 1.1395 1.13191 1.0655 
1151 0.114381	1.19039 0.990067 0.956568 1.04788 0.975994 1.15689 0.977881 0.980905 1.05453 0.992784 
1152 0.273374	1.01842 1.05742 0.977344 0.990333 1.02441 1.01634 1.00864 1.05879 1.01156 1.07355 
1153 0.078785	1.01732 0.880793 0.765631 0.895136 0.958521 0.914189 0.882398 0.856095 0.887874 1.03603 
1154 0.0953963	0.892333 0.930765 0.948946 1.01475 0.925135 0.985219 1.00769 0.960201 0.88785 0.988844 
1155 0.0555292	1.20162 1.02852 0.868709 0.95901 1.03841 1.0089 0.927448 0.946227 0.995122 1.05608 
1156 0.0574276	1.25203 1.03314 0.876261 1.1338 1.06196 1.16424 0.911754 1.02478 1.07808 1.0604 
1157 0.221168	0.967765 1.03463 1.03094 0.976524 0.977535 0.94009 1.07989 1.01375 0.906044 1.02604 
1160 0.117124	0.822477 0.92258 1.02403 0.98472 0.945676 1.01548 1.08406 0.943554 0.897317 0.979406 
1161 0.179321	0.844432 0.94911 0.989792 0.988066 0.997069 0.957436 1.01931 0.973395 0.898123 1.04605 
1162 0.0831987	0.888818 1.0369 1.10208 0.990208 0.994109 0.975942 1.11352 1.01954 0.94612 1.0052 
1163 0.156704	0.877217 0.879518 0.854792 0.912868 0.937472 0.929942 0.952154 0.918353 0.887741 0.956359 
1164 0.150242	0.942891 1.0015 0.982373 0.984642 0.988541 1.03388 1.05504 0.907948 0.900181 0.991022 
1165 0.0735057	0.873784 1.04214 1.17697 1.00583 1.03893 0.965357 1.09354 1.10241 1.0175 1.0645 
1166 0.164782	1.12331 1.10956 1.06885 1.03173 1.05939 1.06056 1.03234 1.0608 1.06033 1.02665 
1167 0.0751212	1.04028 0.949375 0.845431 1.04682 1.00014 1.08996 0.921532 0.843785 0.974864 0.960766 
1170 0.106472	0.925714 0.979972 1.17587 0.983317 0.9785 0.968248 1.08235 1.03687 0.974424 0.956742 
1171 0.124565	0.988627 1.01466 0.979911 0.971418 1.0478 1.12381 1.06916 1.01137 0.98903 0.959837 
1172 0.141962	0.968243 1.08291 1.20449 1.01576 1.04866 0.882904 1.08957 1.16923 1.06208 1.02878 
1173 0.121086	0.954238 0.919091 0.963061 1.05018 0.988487 1.06506 0.974514 1.00106 1.03042 1.01009 
1174 0.115518	0.960531 0.984668 0.980584 0.892606 0.999315 0.971074 0.985832 1.0368 1.00227 1.00266 
1175 0.109255	1.0137 1.12569 1.12646 1.10053 1.01733 1.09574 1.04949 1.11233 1.09396 0.953158 
1176 0.194154	1.011 0.890217 0.862404 0.916947 0.959285 0.972383 0.980273 0.85296 0.928199 0.973223 
1177 0.0869868	1.09068 0.95008 0.855551 1.00778 1.00938 1.11947 0.928798 0.974924 1.07258 0.979843 
BOUNDS
LWPS R    0.0  0.0  0.0  0.0  0.0  0.0  0.0  0.0  0.0  0.0
UWPS R    0.5  0.5  0.5  0.5  0.5  0.5  0.5  0.5  0.5  0.5
LXAS R   -0.5 -0.5 -0.5 -0.5 -0.5 -0.5 -0.5 -0.5 -0.5 -0.5
UXAS R    0.5  0.5  0.5  0.5  0.5  0.5  0.5  0.5  0.5  0.5
END
