NAME moment_estimation_cluster
ASSETS 10
BENCHMARKS 0.1 0.1 0.1 0.1 0.1 0.1 0.1 0.1 0.1 0.1 
COVARIANCES
0 0 0.00791412
1 0 0.00381766
1 1 0.00427811
2 0 -0.000183611
2 1 0.000980055
2 2 0.0013734
3 0 0.0060689
3 1 0.00429567
3 2 0.000406744
3 3 0.00712045
4 0 0.0054512
4 1 0.00317217
4 2 0.000155394
4 3 0.00501486
4 4 0.00472872
5 0 0.00454537
5 1 0.00276201
5 2 -0.000583726
5 3 0.00394681
5 4 0.00358583
5 5 0.00490834
6 0 -0.000590078
6 1 -0.000768618
6 2 0.000513043
6 3 -0.000610627
6 4 -5.67957e-05
6 5 -0.00110195
6 6 0.00144942
7 0 0.00219264
7 1 -1.19106e-07
7 2 -0.000167764
7 3 0.00174143
7 4 0.00213475
7 5 0.000572059
7 6 0.00123812
7 7 0.00412039
8 0 0.0031826
8 1 0.00250637
8 2 -0.000384042
8 3 0.00350121
8 4 0.00246643
8 5 0.00319621
8 6 -0.00112776
8 7 0.000554833
8 8 0.00326567
9 0 0.00234219
9 1 0.000457498
9 2 -0.000678874
9 3 0.00165866
9 4 0.00170673
9 5 0.00191029
9 6 -0.000157108
9 7 0.00122522
9 8 0.00118719
9 9 0.00134515
SCENARIOS
0 0.38036	1.10506 1.04702 0.991112 1.09122 1.07446 1.06596 0.998096 0.993836 1.03357 1.02876 
1 0.61964	0.93846 0.974156 0.999052 0.957925 0.968609 0.973912 0.99434 0.98285 0.974416 0.977945 
00 0.570538	0.962078 0.963553 0.992468 0.950887 0.962098 0.925332 1.01985 1.00399 0.957366 0.98809 
01 0.429462	1.07131 1.0787 1.02233 1.10609 1.07612 1.07284 1.01948 1.03305 1.07311 1.02377 
10 0.551078	1.10698 1.05162 1.01328 1.08944 1.04773 1.04123 1.01554 1.04298 1.03425 1.02035 
11 0.448922	0.93723 0.933059 1.0142 0.922678 0.939237 0.930531 1.03757 0.989606 0.949312 0.994079 
000 0.207778	1.15739 1.10568 1.0268 1.15561 1.1306 1.13794 0.970671 1.10544 1.07422 1.01599 
001 0.158518	0.848193 0.897088 0.985455 0.85673 0.88211 0.99052 0.967409 1.00698 0.96246 0.96554 
002 0.116492	1.06357 1.04331 0.967346 1.06041 1.06267 1.1586 0.954237 1.10981 1.10697 1.05452 
003 0.0722087	1.01013 1.00117 1.04337 0.926061 1.02069 1.05142 0.979718 1.03177 0.979796 0.990099 
004 0.11746	0.932973 0.964487 1.02771 0.947013 0.934458 0.979977 0.99784 0.956314 0.998752 0.977089 
005 0.0938666	0.97017 1.01267 1.03598 0.982663 0.956181 1.04155 0.956305 0.955349 1.05454 0.98541 
006 0.0617483	1.00443 1.07588 1.07691 1.02531 1.03258 1.01024 1.00826 0.997028 0.989173 0.979973 
007 0.171928	1.00197 0.984803 0.981532 1.0195 1.01907 1.0613 0.975862 1.11283 1.05501 1.0343 
010 0.183226	1.09031 1.04382 0.990964 1.05171 1.04979 1.01001 0.938164 1.08474 1.00204 1.01524 
011 0.131925	0.953116 0.992243 1.04802 0.996734 0.934657 0.952632 0.962407 0.965518 0.935305 0.963859 
012 0.133946	0.975722 0.9459 0.94003 0.986292 0.94385 1.02457 0.947902 1.05344 1.04681 1.01504 
013 0.0647689	1.1553 1.10092 1.05813 1.1739 1.08676 0.979383 0.991439 1.0533 1.03571 0.983243 
014 0.0970309	1.21154 1.04986 0.97397 1.16487 1.16941 1.08959 0.895601 1.1156 1.11381 1.0732 
015 0.125742	0.910342 0.930369 0.960646 0.906987 0.924375 0.917806 0.950046 1.03203 0.992235 0.979153 
016 0.160759	0.992637 0.993506 0.972751 0.961341 1.02806 1.00774 0.980072 1.10208 0.995588 1.02362 
017 0.102602	0.846177 0.902715 0.990822 0.851812 0.854076 0.859464 0.925237 0.941546 0.926436 0.92486 
100 0.16962	0.927334 1.01674 1.03269 0.961025 0.991317 0.950845 1.03229 1.00015 0.954394 0.968529 
101 0.081647	0.993722 1.02831 0.987649 0.998109 0.995395 1.01946 0.933967 0.928812 1.06853 1.00342 
102 0.103523	0.874991 0.898112 0.976821 0.849852 0.900847 0.871685 1.04434 0.970155 0.926799 0.976208 
103 0.057721	0.862375 0.994203 1.0067 0.885269 0.899794 0.936393 0.922397 0.899009 1.00316 0.945519 
104 0.253317	1.17514 1.09751 0.985235 1.13453 1.13064 1.07943 0.932397 1.01803 1.08367 1.04068 
105 0.129675	1.06466 0.957932 0.964692 1.00769 1.04735 1.01913 0.971303 1.05122 1.0514 1.05653 
106 0.0921018	1.02729 1.07074 1.03137 1.05582 1.01488 1.06218 0.974942 0.994212 1.06569 0.994879 
107 0.112396	1.01011 0.936642 0.949637 0.9178 0.979298 1.04529 0.948317 1.00863 1.02324 1.05551 
110 0.0924255	1.001 1.07386 1.04976 1.12148 1.03129 0.929387 1.02558 1.063 1.00001 0.970946 
111 0.0989683	1.23269 1.03787 0.973705 1.09611 1.141 1.13033 1.02577 1.1534 1.01448 1.05752 
112 0.0999389	1.05468 0.982829 0.927546 0.976805 0.972623 1.04807 0.957027 0.996892 1.06151 1.02436 
113 0.100262	1.09759 1.16244 1.01048 1.12719 1.04498 1.05529 0.90195 0.916594 1.1201 0.977089 
114 0.0466981	1.13233 1.10056 1.0329 1.22132 1.10175 1.08354 1.00323 1.09556 1.12821 1.04545 
115 0.232843	1.03427 1.01056 0.983143 1.01039 1.04103 1.03218 1.02617 0.997071 1.01442 0.995003 
116 0.126398	0.912606 0.975254 1.02812 0.877541 0.914665 0.907266 1.02251 0.956446 0.894981 0.913914 
117 0.202466	0.898438 0.935877 0.949001 0.909834 0.90378 1.02065 0.983292 0.952456 0.974566 0.983753 
0000 0.0833888	0.823072 0.877644 1.00183 0.864695 0.878306 0.829331 1.04235 1.03229 0.928899 0.971273 
0001 0.187625	0.96179 0.944532 0.993751 0.944721 0.977075 0.905158 1.02027 0.95806 0.970624 1.00593 
0002 0.0822799	0.912785 0.992985 1.01 0.866538 0.933034 0.929643 1.02606 0.961729 0.941253 0.995552 
0003 0.185851	1.07696 1.05238 1.03584 1.09701 1.0488 1.02306 1.06788 0.948757 0.997484 1.01777 
0004 0.0867155	0.882735 0.963999 1.00835 0.940304 0.902557 0.8825 0.960299 0.859025 0.973939 0.931555 
0005 0.168774	1.05766 0.987318 0.917579 1.0077 1.05944 1.08643 1.01886 0.922494 1.04902 1.10494 
0006 0.117099	1.04892 1.08371 1.0609 1.12812 1.12921 1.10621 1.05099 1.03026 1.07864 1.0584 
0007 0.0882679	0.917117 0.914683 1.01008 1.03074 0.942762 0.925782 1.01481 0.979078 0.976711 1.01822 
0010 0.0840116	1.21136 1.04493 1.00575 1.11015 1.12148 1.17828 1.00429 1.03359 1.07567 1.08081 
0011 0.115988	1.07815 1.04727 1.0843 1.01768 1.06185 1.00442 1.00337 1.00366 1.03957 1.04149 
0012 0.222384	1.05641 0.972636 0.968026 0.946836 0.991527 0.945504 1.03039 0.986574 0.979932 1.03184 
0013 0.164535	0.998549 1.02546 1.01963 1.09698 0.995038 1.04196 0.944493 0.898377 1.09784 1.00716 
0014 0.189244	0.924518 0.99719 1.04464 0.963691 0.913185 0.890412 1.01337 0.888344 0.953374 0.944737 
0015 0.0857558	1.04347 1.11364 1.07272 1.16238 1.08583 0.964493 1.06543 0.940856 0.99803 0.980628 
0016 0.0723837	0.829918 0.879623 0.949562 0.840847 0.876167 0.909502 1.02997 0.911584 0.947981 0.936655 
0017 0.0656977	0.921992 0.918781 1.02044 0.852304 0.945717 0.929384 1.10015 0.92497 0.884556 0.987282 
0020 0.234573	1.18128 0.996803 0.976741 1.05312 1.10251 1.05739 1.01366 1.01759 1.03065 1.05001 
0021 0.104035	0.892027 1.04851 1.06223 1.06205 0.927274 0.98773 0.887653 0.806025 1.05556 0.945585 
0022 0.0810918	0.901619 0.934445 1.01626 0.959246 0.894674 0.934772 1.02333 0.951667 0.952836 0.969296 
0023 0.174051	0.97188 0.990095 0.992243 0.967077 0.988767 0.931826 1.00916 0.856944 0.965269 0.993918 
0024 0.0656646	0.863461 0.895799 0.993822 0.854452 0.91267 0.845408 1.00543 1.04363 0.886243 0.977929 
0025 0.119066	1.08141 1.06883 1.02043 1.19064 1.08887 1.03974 1.04772 1.08264 1.09894 1.02004 
0026 0.0901899	0.916074 0.92879 0.986201 0.900387 0.978295 1.03336 1.01052 0.963623 0.982199 1.01003 
0027 0.131329	1.05462 0.999394 1.03454 0.993906 1.01665 1.0011 1.06509 0.962786 1.00376 1.02985 
0030 0.126356	0.939601 1.00556 1.02533 1.0034 0.987114 0.987185 1.08048 1.01189 0.997315 0.995238 
0031 0.0938098	1.00299 1.10821 1.02929 1.0877 1.02861 0.967461 1.05201 1.01312 1.10646 1.00022 
0032 0.179324	0.895584 0.947082 0.995896 0.875634 0.903918 0.881462 1.0754 0.981883 0.979951 0.980252 
0033 0.0478622	1.14326 1.07644 1.01007 1.1955 1.14201 1.15067 1.03957 1.07023 1.0899 1.09146 
0034 0.0931717	0.922095 0.930453 1.03025 0.94279 0.966265 0.941955 1.06336 1.02096 0.929047 0.960723 
0035 0.121889	1.05837 1.02601 0.967313 1.08947 1.09926 0.915158 1.02201 1.0699 1.01088 1.00751 
0036 0.12508	0.992389 0.994774 0.990907 0.958812 0.941013 0.997672 1.00039 0.883242 1.00479 0.960576 
0037 0.212508	1.03326 0.981559 0.940971 1.01629 1.0335 1.0634 1.01771 1.01001 1.03371 1.08463 
0040 0.122793	0.955651 0.986975 0.999097 0.920312 0.982691 1.02453 0.951567 0.916612 0.962141 0.989859 
0041 0.0949392	0.953324 0.99175 0.999168 1.01871 0.993266 0.978436 0.994079 1.12335 0.947778 0.983234 
0042 0.122009	0.895246 0.887175 0.965185 0.881998 0.939004 0.973159 1.02193 1.03494 0.905793 1.01302 
0043 0.219694	1.0373 1.05837 1.02876 1.04638 1.02289 1.01698 0.993977 1.02979 0.986661 0.953688 
0044 0.0553158	1.12391 1.06627 0.937849 1.01833 1.08269 1.14477 0.94189 0.998293 1.10617 1.04792 
0045 0.135347	1.06176 0.963931 0.944787 0.984831 1.03488 1.05423 0.96272 1.12085 0.973232 1.06917 
0046 0.147509	0.875761 0.969686 1.01528 0.953962 0.922614 0.975476 0.945235 0.920722 0.953932 0.945431 
0047 0.102393	1.18145 1.13078 1.00717 1.12382 1.14664 1.12729 0.979499 1.05278 1.05302 1.02999 
0050 0.208149	0.887898 0.943239 0.956286 0.897988 0.927556 0.929652 1.02269 1.11487 0.913846 1.03666 
0051 0.145312	0.945046 0.98359 0.987883 1.01469 1.01085 0.972173 1.04281 1.01061 0.971715 1.00563 
0052 0.071674	0.944272 0.968358 0.891029 0.95282 0.934193 1.06456 0.923571 0.846834 1.05706 1.02023 
0053 0.0682376	0.964132 1.08447 1.07973 0.982457 0.971068 0.939501 1.04022 1.02003 0.946737 0.947371 
0054 0.0746195	0.851161 1.00648 0.940748 0.995777 0.909445 0.947412 0.967337 0.952854 1.03258 0.975941 
0055 0.14433	0.988723 1.08339 0.999313 1.16634 1.05458 1.04736 0.920545 0.938365 1.01505 1.0082 
0056 0.219931	1.08892 1.0716 0.965637 1.07075 1.09744 1.14689 0.988965 0.962099 1.02417 1.06227 
0057 0.0677467	1.04032 0.954352 0.924255 0.937579 1.01765 1.05093 1.02573 1.02869 0.993547 1.0385 
0060 0.129851	1.01228 0.894617 1.0073 0.971819 1.013 0.942745 1.10777 1.09164 0.880405 0.984057 
0061 0.193284	1.01376 1.02032 1.03761 1.10556 1.01441 0.978782 0.946186 0.981202 1.0184 0.96299 
0062 0.141791	0.883327 0.880847 1.00575 0.902146 0.895917 0.888617 1.05939 1.07442 0.956894 0.937138 
0063 0.179851	1.00336 0.994768 1.02181 1.01331 0.970564 1.04977 1.07584 1.05658 1.01163 0.982019 
0064 0.109701	1.0992 1.09921 1.00295 1.02938 1.06747 1.08729 0.968565 0.977987 1.09763 1.04596 
0065 0.0723881	1.11744 1.05763 0.979004 1.09958 1.10198 1.12472 0.963178 1.03534 1.10103 0.991754 
0066 0.0492537	1.17753 1.14185 0.971372 1.23738 1.16253 1.08653 0.984042 1.16755 1.19522 1.02605 
0067 0.123881	1.02255 0.992345 0.966609 0.935869 0.973392 1.06876 1.00524 1.02612 0.958958 1.01541 
0070 0.103458	0.895641 0.958093 0.996248 0.892009 0.90322 0.911938 0.990453 0.932922 0.951297 0.939076 
0071 0.182525	0.993042 1.08725 1.04217 1.07922 1.03144 1.0573 0.967299 0.844668 1.07502 1.00617 
0072 0.15197	1.05541 0.953704 0.978263 1.00014 1.06309 1.04153 1.02162 1.05239 0.96882 1.01815 
0073 0.110962	1.01381 0.997729 0.970793 0.943011 0.963051 1.04294 0.899358 0.918023 1.05257 0.986347 
0074 0.0581614	0.889817 0.891805 0.984074 0.844444 0.890302 0.908701 1.04636 0.937039 0.880812 1.00639 
0075 0.119003	0.967117 0.983722 1.02909 1.02312 0.928909 0.92657 1.04963 0.912586 0.99094 0.96804 
0076 0.119271	0.961187 0.95632 1.06443 0.932552 0.958869 0.924012 1.06281 0.922768 0.918281 0.956473 
0077 0.15465	1.08136 1.03098 0.993192 1.14423 1.09062 1.08134 1.00308 1.06649 1.05929 1.01959 
0100 0.141998	1.18449 1.08924 1.00996 1.15486 1.12741 1.14789 0.961346 1.09165 1.11514 1.03072 
0101 0.0992315	0.870527 0.921408 0.971714 0.919204 0.896101 0.981446 0.974754 0.87273 1.02763 0.986982 
0102 0.145339	0.926266 0.959577 1.0296 0.95874 0.975023 0.990957 1.05546 0.897662 1.03869 0.973989 
0103 0.0658202	0.991214 1.00928 0.972922 1.03749 0.927884 0.925295 0.98436 0.881161 1.07605 0.978573 
0104 0.08286	1.14645 1.05762 0.982925 1.02042 1.10821 1.15151 1.0141 0.998377 1.03364 1.03595 
0105 0.0688273	1.04881 0.974935 0.920484 0.949627 0.97563 1.13912 0.970524 0.815132 1.10607 1.08109 
0106 0.300033	1.03352 1.01512 1.00577 1.07109 1.02939 1.08971 1.05829 0.987012 1.12146 1.05 
0107 0.0958904	0.949219 0.93819 0.973034 0.889917 0.964037 0.994538 1.00555 1.05903 0.997371 1.00401 
0110 0.196752	0.881443 0.995284 0.995322 1.03935 0.991779 0.99067 1.00214 1.00725 1.02448 0.980053 
0111 0.0640371	0.757438 0.972381 1.00236 0.874448 0.878095 0.880172 1.03506 0.964361 0.924938 0.928452 
0112 0.0928074	1.03085 1.07609 1.03988 1.13074 1.08097 1.03951 0.994999 1.08835 1.10637 0.993819 
0113 0.087239	1.09711 1.04883 0.973891 1.18299 1.13658 1.07806 1.02028 1.11158 1.10731 1.04193 
0114 0.0686775	0.969798 0.938995 1.01585 0.897225 0.942007 0.873625 1.0477 1.01676 0.93246 0.955946 
0115 0.0761021	0.877693 0.97964 0.966047 0.935429 0.931736 0.930978 1.02569 0.869273 0.984477 0.957887 
0116 0.198608	1.04037 1.04165 0.980746 1.06849 1.10315 0.99031 1.00808 1.03491 1.07289 1.04627 
0117 0.215777	0.946806 0.970197 1.00622 0.952846 1.01078 0.954828 1.04082 0.966203 0.986032 0.983164 
0120 0.083638	0.951401 1.07326 0.988433 0.919062 0.948151 1.02588 0.890747 0.870291 1.02995 0.985017 
0121 0.176874	1.16344 1.05972 1.00903 1.16211 1.10244 1.05312 0.992997 1.02344 1.06628 1.02267 
0122 0.0909506	1.09115 0.969757 0.947575 0.985795 1.02339 1.05721 0.976563 0.997237 1.03867 1.06015 
0123 0.0507313	1.08444 1.16432 1.08123 1.06346 1.04752 1.03508 0.965259 0.890442 0.992652 1.00652 
0124 0.180987	0.924189 0.996601 1.03719 0.930748 0.932821 0.910073 0.981789 0.857831 0.933071 0.912584 
0125 0.221207	1.09693 1.02696 0.99946 1.03035 1.05201 0.931088 1.0088 0.925699 0.958079 0.999964 
0126 0.0758684	0.99395 0.921995 0.968301 0.906734 0.947067 0.983585 1.00883 0.934676 0.943565 0.997741 
0127 0.119744	0.937854 1.06968 0.982345 1.03659 0.989261 1.05904 0.934164 0.936901 1.03471 1.00156 
0130 0.0661626	0.997589 1.10628 1.01103 1.02612 1.07814 1.13831 1.0381 0.915934 1.06069 1.01771 
0131 0.118147	1.14974 1.13833 1.01543 1.09064 1.1027 1.14367 0.94687 0.974877 0.986995 1.03791 
0132 0.0973535	1.0332 1.09161 0.977384 1.09133 1.03078 1.02161 0.92006 1.06915 1.10749 1.0033 
0133 0.0879017	0.884284 0.958939 1.01238 1.01787 0.939229 0.923234 1.00124 1.05063 1.00426 1.00515 
0134 0.122873	1.01069 0.972334 1.05334 0.983066 1.01251 0.979944 1.12314 1.11408 0.90278 1.01481 
0135 0.0680529	1.18504 1.101 0.951611 1.24733 1.1415 1.12022 0.945079 1.02357 1.16382 1.06323 
0136 0.188091	0.939513 1.01372 0.994954 0.972096 1.00749 1.05693 0.938961 0.914661 1.08384 1.00153 
0137 0.251418	0.859128 0.949117 1.0044 0.90524 0.937423 0.996674 1.04818 0.937063 0.891795 0.967795 
0140 0.164669	0.994965 1.00179 1.01012 0.975798 0.976887 0.970308 1.08589 1.01969 0.910495 1.02921 
0141 0.0788644	1.05979 1.07042 1.06045 0.99453 1.03298 1.0464 1.12193 1.00528 0.891276 0.988519 
0142 0.115457	0.902236 0.990548 0.950776 0.984245 0.911994 1.02234 1.05613 0.94807 0.951245 1.01157 
0143 0.104101	0.947947 0.99905 0.98352 1.04051 0.943352 0.977736 1.02585 0.933433 1.00377 0.967771 
0144 0.146372	1.19028 1.12769 1.04118 1.18891 1.1284 1.13635 1.00176 1.0039 1.05754 1.0159 
0145 0.0971609	1.01183 1.04699 1.01902 1.11814 1.03018 1.02799 1.0395 0.960252 0.958032 1.03024 
0146 0.196845	0.906564 0.914072 1.00471 0.887768 0.908233 1.00255 1.07489 0.94179 0.905632 1.00118 
0147 0.09653	1.06857 1.11209 0.967751 1.04438 1.08883 1.21018 1.09579 1.03576 1.05797 1.06048 
0150 0.254625	1.01521 1.06531 0.976958 1.04458 1.02066 1.02234 0.964631 0.928776 1.05784 0.988844 
0151 0.0929893	0.993995 0.980376 1.07583 0.914958 0.964406 0.969625 1.03609 0.825394 0.907288 0.922177 
0152 0.20594	1.13848 1.0919 1.05353 1.08595 1.11261 1.07811 1.02335 1.02933 0.987377 0.964054 
0153 0.0895813	0.970934 1.04767 1.0399 0.967542 0.971407 1.07475 0.942056 0.869166 0.990411 0.984084 
0154 0.0545278	1.10787 0.984669 1.00769 0.950288 1.0382 1.14443 1.05929 1.04944 0.967622 1.04188 
0155 0.110516	0.992361 0.899108 0.962316 0.950565 0.981194 0.98391 1.06796 1.084 0.912692 1.05328 
0156 0.0769231	0.979358 1.01321 0.979673 1.04236 0.957708 0.980445 0.951406 0.870273 0.94169 0.977749 
0157 0.114898	0.924896 0.911886 0.997211 0.894289 0.900469 0.850279 1.02081 0.879343 0.878515 0.933582 
0160 0.154608	1.00892 0.988637 1.02168 1.01863 0.95563 0.929301 1.02263 0.983102 0.954071 0.975607 
0161 0.0624524	1.20499 1.06952 1.02354 1.16945 1.1365 1.16397 0.97518 0.975399 1.10098 1.07904 
0162 0.172125	1.04612 1.00639 1.07965 1.05283 1.05212 1.01604 1.01202 0.890594 0.971635 0.986243 
0163 0.130617	1.21372 1.01334 0.958396 1.06061 1.08098 1.06418 1.0338 0.961436 1.01287 1.03035 
0164 0.145849	0.855241 0.949108 1.03815 0.910204 0.907801 0.871717 1.01298 0.939013 0.89682 0.903182 
0165 0.115004	0.989102 0.912979 1.0355 0.881051 0.962606 0.987074 0.991645 0.925744 0.958421 0.979061 
0166 0.15575	1.01341 0.936428 0.979858 0.95692 0.971437 1.03277 1.00333 0.938426 1.0029 1.02761 
0167 0.0635948	1.07821 1.07465 1.05759 1.18308 1.06495 0.913854 1.05944 1.0097 1.00404 0.967346 
0170 0.112768	0.928659 0.918096 0.960932 0.873834 0.891011 0.897017 1.02341 0.994196 0.914026 1.01436 
0171 0.0495227	0.890663 1.03239 0.988569 1.024 0.95808 1.06451 0.986239 0.903952 1.00816 0.997466 
0172 0.099642	0.972521 0.935404 0.958354 0.965766 0.938824 1.00246 1.0268 0.979222 1.01975 1.01105 
0173 0.0841289	1.06765 1.09219 1.01625 0.974188 1.06105 1.08149 1.06074 1.0148 0.998708 1.004 
0174 0.179594	0.903954 0.977134 1.01479 0.908158 0.950288 0.955757 1.07128 0.956723 0.947022 1.00111 
0175 0.152148	1.1743 1.02303 0.974791 1.15566 1.136 1.15999 1.02569 1.16586 1.10568 1.1021 
0176 0.119928	0.999 1.07341 1.0359 1.12068 1.06371 1.05335 1.0151 1.04578 1.05541 0.997484 
0177 0.202267	1.01771 0.90798 0.913075 1.0039 1.03646 1.06215 1.04368 0.978058 1.01625 1.06447 
1000 0.0799378	0.9631 0.969688 0.988817 0.940702 0.916789 0.926017 0.979557 0.999107 1.00246 0.970453 
1001 0.069924	1.05893 0.990062 1.05473 0.978642 1.03218 0.989107 1.04624 1.02648 0.948268 0.997407 
1002 0.101865	0.990004 0.900698 0.953158 0.959219 0.976288 1.01369 0.991608 0.995814 0.972659 1.04199 
1003 0.0940953	1.19307 1.06979 0.989622 1.15189 1.13473 1.11544 0.960446 0.988558 1.12658 1.03563 
1004 0.123446	0.986095 1.03823 1.04187 0.983323 0.946642 0.950836 0.942583 0.853319 0.985529 0.943516 
1005 0.118267	1.05163 1.07031 1.00728 1.14429 1.00819 1.0128 0.939196 0.955483 1.02944 0.999202 
1006 0.301278	0.998591 0.949443 0.971589 1.03103 0.997791 0.98925 0.931267 1.01442 1.05624 1.0252 
1007 0.111188	0.87806 0.865185 0.988655 0.879251 0.880808 0.85447 0.92003 0.893271 0.960645 0.947882 
1010 0.132353	1.08079 1.08005 1.02293 1.15346 1.10681 1.02474 0.964837 1.10696 1.0631 1.0163 
1011 0.0853659	1.01894 1.03625 0.99742 0.97172 1.03233 1.06718 1.02237 1.00263 0.976801 0.985756 
1012 0.0634864	1.00917 1.1231 0.996589 1.04271 0.971387 1.0084 0.938644 0.908215 1.05302 0.976034 
1013 0.215567	1.06775 1.03379 1.00444 1.0602 1.05447 1.13169 1.0466 1.03443 1.02359 1.04908 
1014 0.0570301	0.834765 0.943115 0.976841 0.881711 0.851935 0.837637 1.00483 0.903734 0.918322 0.937779 
1015 0.109756	0.969223 1.01542 1.02205 1.03269 0.986358 0.997124 1.03411 1.02831 0.963794 0.98601 
1016 0.17396	0.944411 0.990106 0.993821 0.922652 0.937458 0.976588 1.04943 1.04882 0.914668 1.00434 
1017 0.162482	0.967602 0.917424 0.960971 0.975007 0.934207 1.01199 1.00103 1.00819 1.02066 0.989505 
1020 0.12843	1.0248 1.04861 1.02137 0.987118 1.0921 1.01101 1.04964 1.02678 0.933234 1.00558 
1021 0.18727	1.00947 1.01201 1.0085 1.07798 0.995373 0.93222 0.946661 1.02831 1.03166 0.967256 
1022 0.136351	0.93787 1.0304 1.025 0.929857 0.992373 1.01883 0.944251 0.925848 1.01603 0.98542 
1023 0.0644979	1.00021 0.89987 0.914297 0.899592 0.939477 1.08863 0.931803 1.01952 1.05009 1.06126 
1024 0.120792	1.11077 1.0731 1.01399 1.17287 1.12287 1.09711 0.891187 0.998943 1.05574 1.00851 
1025 0.170297	0.859125 0.968411 0.988453 0.900513 0.891755 0.943263 0.951268 0.929504 0.96798 0.961236 
1026 0.119378	1.09082 1.02348 0.942005 1.01891 1.02715 1.1142 0.926235 0.904994 1.06281 1.05516 
1027 0.0729844	1.1828 1.01603 0.935156 1.10962 1.11506 1.1848 0.959947 0.95354 1.10011 1.10306 
1030 0.150685	0.982066 0.980201 1.04296 0.951275 0.977191 0.986689 1.06155 0.925611 1.02745 0.944199 
1031 0.0816844	1.19556 1.05724 0.986125 1.15821 1.13806 1.13573 1.04196 1.06587 1.09774 1.08847 
1032 0.225774	1.02687 0.96838 0.954691 1.0509 1.01632 1.13052 1.05488 0.978006 1.0521 1.01791 
1033 0.0476915	0.866529 0.911466 0.951357 0.939561 0.906582 1.04602 0.987753 0.876792 1.02507 1.00443 
1034 0.113648	1.04867 0.965941 1.02698 1.10723 1.03134 0.975735 1.10799 1.0394 1.01231 0.98004 
1035 0.0908168	0.820974 0.917845 1.01678 0.905832 0.886704 0.953902 1.06966 0.936251 0.938313 0.985139 
1036 0.189244	0.958831 0.912446 0.951726 0.95729 0.970207 1.05336 1.04024 0.964973 0.981978 1.04383 
1037 0.100457	1.06879 1.16078 1.05338 1.11906 1.05685 1.03554 0.936266 0.985644 1.10315 0.992747 
1040 0.069711	0.791976 0.91033 0.999031 0.846198 0.844501 0.831751 1.02976 0.889421 0.891728 0.941311 
1041 0.0786127	0.871988 0.852483 1.00368 0.96174 0.932987 0.940524 1.08099 0.989892 0.953495 0.979797 
1042 0.208555	1.06032 0.995651 0.995243 1.00908 1.05178 1.06584 1.04636 1.11772 1.00201 1.03327 
1043 0.121618	1.10495 1.15147 1.03837 1.20809 1.15867 1.09263 1.02154 1.03943 1.04008 1.00463 
1044 0.114451	1.07069 0.985241 0.942278 1.11416 1.07181 1.1131 1.02468 1.0753 1.04316 1.09452 
1045 0.129827	0.873297 0.915159 0.958846 0.895594 0.933162 0.940689 1.03921 0.918715 0.98015 0.970903 
1046 0.172717	0.929122 1.04455 1.08938 1.06096 0.989637 0.975164 1.00628 0.915082 1.03196 0.942346 
1047 0.104509	0.90768 1.01563 1.05435 0.95267 0.924096 0.937098 1.06946 0.930752 0.964738 0.929717 
1050 0.139341	0.95134 0.989661 0.939609 1.03803 1.00178 1.08832 0.938858 1.00535 1.02221 1.01275 
1051 0.0932701	1.11746 1.00617 0.910958 0.987436 1.08993 1.10203 1.06076 1.08321 1.01516 1.05551 
1052 0.126016	1.14962 1.09979 0.975357 1.15214 1.15464 1.16457 1.02853 0.996619 1.00414 1.03365 
1053 0.158085	0.971609 1.01717 1.06667 0.947199 1.01909 0.999474 1.07552 1.04883 0.899887 0.990103 
1054 0.118338	0.944454 1.0203 0.985221 0.989189 0.969134 1.00036 1.00804 0.973276 0.957949 0.964423 
1055 0.0657182	0.955278 1.12186 1.04635 1.07588 1.0127 1.01799 1.00508 0.983297 1.0074 0.958769 
1056 0.221996	0.891905 0.95339 0.984399 0.926106 0.922602 0.939106 1.03468 0.957522 0.948111 0.941987 
1057 0.0772358	1.05618 1.0066 0.982119 1.13394 1.07545 0.975745 1.05386 1.04328 0.925663 1.03558 
1060 0.114467	0.939406 1.03286 1.03453 0.929561 0.986244 0.924495 0.98447 0.89788 0.92918 0.93669 
1061 0.181876	0.975211 1.09273 1.03601 1.07014 1.02727 1.01619 0.972606 0.965795 1.06264 0.98881 
1062 0.191415	0.970486 1.04904 1.01147 0.986365 1.03758 0.941958 1.00593 1.01066 0.961215 0.971124 
1063 0.114785	1.11624 1.06753 0.980762 1.1188 1.11171 0.99932 1.04622 1.01958 0.998125 1.0565 
1064 0.137679	0.973403 1.00825 1.02001 1.01345 0.954852 0.852528 0.932078 0.921972 0.992496 0.977265 
1065 0.0406995	1.0854 1.13717 1.06532 1.17302 1.14686 0.908857 1.01438 1.07952 0.97195 0.974741 
1066 0.136407	0.885073 0.943886 1.03416 0.893745 0.893552 0.830355 0.996585 0.835988 0.92069 0.926735 
1067 0.0826709	1.00358 0.992384 0.96766 0.920797 1.00364 0.974013 0.987688 0.905857 0.929068 1.04157 
1070 0.150078	1.06091 0.999126 0.920202 1.12698 1.08121 1.03325 1.04917 1.03002 1.04414 1.02249 
1071 0.197759	0.984651 1.01136 0.95288 1.02986 1.02025 1.00883 0.992604 1.05698 1.01479 1.03277 
1072 0.20297	0.975803 1.01588 0.992872 0.950455 1.00634 1.00834 1.0574 0.897083 0.930008 0.962735 
1073 0.0482022	0.966504 0.869953 0.970676 0.955384 1.03519 0.915611 1.10378 1.19812 0.879117 1.00463 
1074 0.109171	0.955225 1.01134 1.04689 1.1328 1.01413 0.947721 1.04872 0.998714 1.01838 0.961691 
1075 0.0685253	1.01652 1.04363 1.02266 1.09103 1.10727 0.987487 1.09996 1.15336 0.997977 1.02075 
1076 0.166493	0.843271 0.916465 0.949795 0.895262 0.894623 0.918083 1.00992 0.923018 0.925825 0.954052 
1077 0.0568004	1.07772 1.0177 1.01153 1.0145 1.09448 0.989746 1.12628 1.12212 0.934084 1.00506 
1100 0.0968495	1.04525 1.04286 1.03163 0.95565 1.07094 1.07406 0.975145 0.979326 0.956388 0.994832 
1101 0.075846	0.963487 0.99329 0.958107 1.05689 1.00459 1.08165 0.953613 0.943165 1.08008 0.999757 
1102 0.23804	0.927521 0.902246 0.978966 0.900872 0.934231 0.984179 1.04442 1.00109 0.914499 0.968332 
1103 0.108907	1.07562 1.14344 1.03086 1.0745 1.05723 1.07881 0.965804 0.85638 1.03117 0.940871 
1104 0.0987942	1.11284 0.984607 1.00559 1.03094 1.09985 1.02191 1.02944 1.02946 0.993159 1.02295 
1105 0.0680669	1.07224 1.05146 0.963767 1.09553 1.15493 1.20846 0.941042 1.08261 1.06023 1.01758 
1106 0.245819	0.930064 1.00816 1.00267 0.948344 0.957656 1.10035 0.968764 0.83347 0.97123 0.966798 
1107 0.0676779	1.14934 1.1094 1.02965 1.16543 1.13573 1.08446 1.04252 1.06761 1.04735 1.0055 
1110 0.240828	0.867335 0.928193 0.994233 0.899829 0.912752 0.934462 0.970053 0.852141 0.979686 0.94899 
1111 0.0828187	0.98335 1.11975 1.02683 1.04635 1.00581 0.942568 0.945337 0.90425 1.03809 0.961516 
1112 0.127134	0.860541 0.947456 0.963346 0.99155 0.973853 0.925499 0.953456 0.992276 1.03641 0.988671 
1113 0.150018	1.17386 1.11351 1.01495 1.15062 1.15184 1.10125 0.956212 1.0209 1.10056 1.01864 
1114 0.112241	0.993839 0.93031 0.960987 1.00811 1.03885 0.962251 1.05892 0.996727 0.947199 1.0442 
1115 0.0755539	0.909935 1.00512 1.05996 1.02557 1.01031 0.871462 1.05534 1.00999 1.00013 0.967252 
1116 0.0969851	0.953061 1.06144 0.954111 1.07481 1.04529 1.08101 0.918031 0.905321 1.12867 1.04628 
1117 0.114421	1.03322 1.0174 0.969358 0.995976 1.00281 1.03273 0.945045 0.934385 1.10285 1.03306 
1120 0.0881295	1.02383 0.975911 0.962393 1.01269 1.05556 1.11823 0.998752 1.04943 1.00274 1.04149 
1121 0.136691	1.07304 1.04052 0.977106 1.12042 1.04051 1.07508 0.918853 0.970808 1.00852 1.01623 
1122 0.120863	1.01618 1.0915 1.01876 1.01858 1.05956 1.07224 0.947599 0.998984 0.956781 1.00987 
1123 0.0446043	1.06508 0.926919 0.913267 1.08506 1.10264 1.14396 0.952821 1.15215 1.00521 1.0879 
1124 0.166547	0.982032 1.03589 1.04138 1.03203 0.969105 0.983852 0.998942 0.983314 0.993867 0.971394 
1125 0.0989209	1.0928 1.09698 1.04324 1.19582 1.13916 1.1312 1.04111 1.05548 1.09528 1.05618 
1126 0.177698	0.875592 0.991627 1.00686 0.945241 0.943229 0.949559 1.027 0.934429 0.926638 0.961091 
1127 0.166547	0.820639 0.932553 0.961222 0.908895 0.895092 0.936553 0.958572 0.938824 0.94909 0.974586 
1130 0.104697	0.860283 0.863699 0.925509 0.899859 0.900057 1.00127 1.07025 1.05913 0.915733 1.00642 
1131 0.3019	1.04679 1.02156 1.01801 1.08286 1.06916 1.11153 1.07835 1.08584 1.04639 1.04079 
1132 0.094299	0.897803 0.973276 0.978607 0.904035 0.976743 1.02022 1.00447 0.999898 0.961594 0.989676 
1133 0.124059	1.0483 0.93077 0.967529 0.981493 1.00988 1.01512 1.0421 1.20379 0.99501 1.08196 
1134 0.0864109	1.16647 1.0907 1.00258 1.12668 1.16443 1.24728 1.01754 1.06818 1.03872 1.06113 
1135 0.0856938	0.892583 0.991194 1.02111 0.987836 0.917238 0.898882 1.05513 1.11268 0.943355 0.99557 
1136 0.127644	0.97392 1.0188 1.01405 1.00084 0.988744 1.00354 1.07355 1.07611 0.991367 0.990809 
1137 0.0752958	0.866261 0.927983 1.0376 0.876705 0.865472 0.880798 1.02706 1.00243 0.930596 0.947988 
1140 0.112394	1.30096 1.1651 1.0223 1.1541 1.14518 1.04865 0.952288 0.961921 1.00548 0.999902 
1141 0.0561971	0.884957 0.963806 1.00242 0.868332 0.903747 0.883811 1.02888 1.04071 0.894129 0.957867 
1142 0.177829	0.97976 0.952555 0.939369 0.942265 0.916407 0.918812 0.966116 0.938954 0.911939 0.984648 
1143 0.095458	1.14072 1.13139 1.01447 1.08443 1.06253 1.0749 1.00662 1.0293 1.0342 1.00688 
1144 0.0754426	1.16803 1.0502 0.911077 1.14745 1.07737 1.12044 0.89409 1.02988 1.06818 1.02522 
1145 0.113164	0.996314 1.04732 1.02804 1.02211 0.985755 0.885237 1.03597 0.966736 0.957249 0.954402 
1146 0.100847	1.16286 1.04158 0.938291 1.05531 1.10031 0.992542 0.943586 1.08052 0.924587 1.02509 
1147 0.268668	1.05861 0.969819 0.947479 0.968575 1.0054 1.01773 1.00896 1.01177 0.988794 1.0337 
1150 0.105759	1.11891 1.08974 0.981978 1.0596 1.11167 1.13335 0.980716 1.12552 1.05444 1.07205 
1151 0.137872	1.11577 1.12014 1.00206 1.06545 1.03186 0.981486 0.937651 0.994595 1.02377 0.991238 
1152 0.0605218	1.25064 1.1309 1.00369 1.18904 1.1493 1.25761 0.902902 1.02708 1.0784 1.05546 
1153 0.0649992	1.0281 1.06731 0.983036 1.02634 0.991088 1.11754 0.908593 0.934636 1.06028 1.00974 
1154 0.0687046	1.07129 1.02575 1.00058 1.14157 1.03851 0.990965 1.0059 1.10498 1.02362 1.03483 
1155 0.259379	1.03115 1.04773 1.05691 0.961875 0.948078 0.932278 1.03949 1.02764 0.969804 0.940606 
1156 0.188668	0.95494 0.904529 0.975545 0.89646 0.972127 0.990069 1.02043 1.08509 0.95618 1.02233 
1157 0.114096	0.997698 0.966416 0.950109 0.998631 0.987967 0.980336 0.931273 1.00493 0.988181 1.036 
1160 0.158987	0.962847 0.909423 0.979266 0.93239 0.993811 1.0423 1.01197 0.967024 0.969396 1.04768 
1161 0.199659	0.957802 0.977479 1.01615 1.01775 0.98096 0.955448 0.987456 1.07073 1.00299 1.01883 
1162 0.0523322	0.863505 0.850552 0.933559 0.8442 0.921012 1.02558 0.973109 0.918231 0.960378 1.076 
1163 0.149317	1.09739 1.06997 1.02857 1.17916 1.14118 1.07806 0.971985 1.08096 1.00436 1.06085 
1164 0.0415245	0.770566 0.842077 0.991679 0.825822 0.805642 0.821851 0.946513 0.880982 0.910349 0.944085 
1165 0.0938567	0.750593 0.941939 1.02521 0.919459 0.871907 0.955133 0.934999 0.856141 0.975567 0.970772 
1166 0.156712	1.06232 0.919949 0.962899 1.06739 1.10861 1.03099 1.05851 1.167 1.04474 1.10467 
1167 0.147611	0.935286 1.07964 1.0605 1.08867 0.98792 1.05464 0.9278 0.929619 1.0743 0.985492 
1170 0.207386	1.05876 1.10273 1.05488 1.08141 1.02772 1.02104 0.965554 0.890993 1.01674 0.972968 
1171 0.116477	0.997709 0.94881 1.00894 0.911915 0.983966 0.945863 0.985216 1.02053 0.990317 0.976633 
1172 0.0669389	0.886293 1.00624 1.07544 0.980979 0.955227 0.848121 1.04365 1.06523 0.917528 0.942898 
1173 0.0727983	0.968797 0.999606 0.994756 0.91276 0.916691 0.929631 0.942385 0.858598 1.03784 0.956298 
1174 0.219283	1.15865 1.06108 0.961476 1.10343 1.14706 1.00275 1.00304 1.0923 1.06485 1.04498 
1175 0.13956	1.03143 0.960772 0.99055 0.971624 1.06536 0.995016 0.991705 1.09426 1.0459 1.03064 
1176 0.0671165	0.879876 0.922739 0.961239 0.82267 0.87773 0.878642 0.97548 0.927581 0.938324 0.971193 
1177 0.11044	1.03966 0.982148 0.963859 1.02522 0.976042 0.980799 0.923515 0.918239 1.04994 1.03526 
BOUNDS
LWPS R    0.0  0.0  0.0  0.0  0.0  0.0  0.0  0.0  0.0  0.0
UWPS R    0.5  0.5  0.5  0.5  0.5  0.5  0.5  0.5  0.5  0.5
LXAS R   -0.5 -0.5 -0.5 -0.5 -0.5 -0.5 -0.5 -0.5 -0.5 -0.5
UXAS R    0.5  0.5  0.5  0.5  0.5  0.5  0.5  0.5  0.5  0.5
END
