NAME moment_estimations_cluster
ASSETS 10
BENCHMARKS 0.1 0.1 0.1 0.1 0.1 0.1 0.1 0.1 0.1 0.1 
COVARIANCES
0 0 0.0641417
1 0 0.0311876
1 1 0.0192592
2 0 0.0125238
2 1 0.00537171
2 2 0.00554308
3 0 0.00206221
3 1 0.00453949
3 2 -0.00290328
3 3 0.0121411
4 0 -0.00807676
4 1 -0.00282902
4 2 -0.00399001
4 3 0.00648806
4 4 0.00640361
5 0 -0.0153269
5 1 -0.00643896
5 2 -0.00314001
5 3 0.0032978
5 4 0.00361583
5 5 0.00627654
6 0 0.0128878
6 1 0.00693457
6 2 0.00332508
6 3 0.00347329
6 4 -0.000595518
6 5 -0.00119031
6 6 0.00712811
7 0 0.00635119
7 1 0.00623875
7 2 -0.000197589
7 3 0.0101262
7 4 0.00412715
7 5 0.00208028
7 6 0.00531259
7 7 0.0126906
8 0 0.0149701
8 1 0.00444213
8 2 0.00472438
8 3 -0.00256463
8 4 -0.00244443
8 5 -0.00472666
8 6 0.00331003
8 7 -0.000315313
8 8 0.00864622
9 0 -0.0160477
9 1 -0.0104654
9 2 -0.00144791
9 3 0.00320023
9 4 0.00582423
9 5 0.00628326
9 6 0.000735002
9 7 0.0041177
9 8 0.00206482
9 9 0.0232604
SCENARIOS
0 0.46843	1.29911 1.11876 1.06137 1.02511 0.973165 0.952834 1.05769 1.02642 1.05844 0.944223 
1 0.53157	0.861373 0.960599 0.977239 1.0138 1.01759 1.02482 0.954883 0.989206 0.974798 1.02418 
00 0.551886	1.20002 1.0682 1.05247 0.900776 0.936399 0.935549 1.01286 0.941197 1.0283 0.947181 
01 0.448114	0.835604 0.964355 0.923944 1.04259 1.08038 1.08783 0.955157 1.08441 0.932752 1.11081 
10 0.491544	1.00174 0.931841 0.991923 0.988981 1.01346 1.00272 0.929343 0.982008 1.02922 1.1027 
11 0.508456	1.10131 1.0202 1.04023 1.0103 1.00529 0.977924 1.04875 1.01143 0.961011 0.991291 
000 0.104402	1.19762 1.05534 1.07846 1.04917 0.977792 0.964814 1.0722 1.05992 1.11691 1.03075 
001 0.205942	0.973461 1.00496 0.993693 0.997801 0.979635 1.03768 0.911536 0.990898 0.938543 0.938093 
002 0.0974006	1.53818 1.21653 1.06755 1.02448 0.920293 0.915897 0.997341 1.02625 1.0838 0.788332 
003 0.100495	1.63923 1.37064 1.08505 1.2599 1.02737 0.952014 1.23228 1.34242 1.13581 0.930186 
004 0.0849064	1.07867 1.20419 0.924677 1.33327 1.08967 1.12259 1.10255 1.25063 0.984742 0.887543 
005 0.14935	0.762841 0.83036 0.937491 0.964293 1.04781 1.02997 0.891436 0.991093 0.96315 0.904481 
006 0.125484	0.922001 1.01058 1.02869 1.08893 1.04544 1.03538 1.13131 1.21469 1.08655 1.29932 
007 0.132021	0.546023 0.803441 0.934185 0.985351 1.03456 1.19636 0.935643 0.957791 0.883499 1.11195 
010 0.0524511	0.940459 1.0423 0.909417 1.18296 1.11344 1.02297 1.03408 1.1498 0.850267 0.95552 
011 0.0639322	0.946261 0.870902 0.94142 0.98071 1.01683 0.948626 0.924082 0.853773 1.01368 0.929144 
012 0.127578	0.809272 0.808452 1.01248 0.903755 0.985186 0.98355 0.949845 0.934596 1.12673 1.23087 
013 0.122672	1.19554 1.02089 1.09572 0.810178 0.944424 0.867373 1.0025 0.869256 1.09489 0.917911 
014 0.237864	0.686375 0.861547 0.9329 1.00192 0.981906 1.0909 0.968873 0.939235 0.886018 1.03285 
015 0.089324	1.34622 1.28434 1.01746 1.0849 0.984606 0.947929 1.01626 0.945266 0.950631 0.737779 
016 0.0924206	1.57842 1.16557 1.14395 1.08663 0.981772 0.899708 1.24228 1.02001 1.22246 1.05753 
017 0.213758	1.05732 0.993687 0.993175 1.22617 1.11235 1.06749 1.19177 1.19258 1.04348 1.12646 
100 0.178155	0.9048 0.949092 0.901776 1.25834 1.15177 1.12745 1.06699 1.21326 0.915369 1.22438 
101 0.0666309	0.778262 0.862993 0.964995 0.911282 1.00421 0.985338 0.958387 0.870037 1.01287 1.11695 
102 0.0785717	1.64793 1.33792 0.990598 1.13377 1.02402 0.908149 1.18247 1.18543 1.0183 0.735429 
103 0.0819779	1.19855 1.06524 1.06769 0.838785 0.823128 0.872606 0.967665 0.78101 1.0398 0.783185 
104 0.230548	0.661411 0.902106 0.891974 0.932221 1.04105 1.05357 0.903348 0.872157 0.873956 1.02088 
105 0.1426	1.00695 1.06779 1.08083 0.928191 0.957642 0.994028 1.13026 0.965408 1.17089 1.19331 
106 0.0961001	1.7942 1.27534 1.12379 0.934591 0.935808 0.763304 1.16836 0.972121 1.22158 0.828382 
107 0.125416	1.19373 1.12357 0.976012 1.08564 1.09172 0.945874 1.09281 1.07476 1.04054 0.952883 
110 0.151584	0.953294 0.91156 0.970596 0.940621 0.982569 1.04313 0.988214 1.00603 1.11358 1.16705 
111 0.0961965	1.00588 1.17146 0.907184 1.09961 1.01681 1.10736 1.02229 1.17464 0.880563 0.861181 
112 0.0942356	0.627067 0.891546 0.878289 0.868402 0.969988 1.13102 0.851584 0.825124 0.808189 0.857342 
113 0.103892	0.826017 0.922341 0.988257 1.03352 0.967016 1.1231 1.06243 1.09179 1.01227 1.10977 
114 0.167826	0.983013 0.915176 1.027 0.822836 0.877274 0.982921 0.932225 0.819626 0.982228 0.838572 
115 0.117582	1.83068 1.23554 1.12432 0.91238 0.855736 0.873947 1.1296 0.927577 1.23733 0.799716 
116 0.13856	0.636491 0.817488 0.847655 1.06945 1.06648 1.1701 0.939632 1.05833 0.877658 1.08533 
117 0.130124	1.36938 1.18987 1.00269 1.17522 1.0397 1.04477 1.12652 1.24816 1.09109 1.02887 
0000 0.048907	1.14318 1.29446 0.95614 1.20828 1.01651 0.949374 1.15367 1.21246 0.872976 0.862646 
0001 0.147833	1.0989 1.03192 1.05548 0.695144 0.843264 0.894523 0.935245 0.841221 1.05753 1.00851 
0002 0.096332	1.61636 1.3031 1.14278 0.864053 0.884063 0.85383 1.08487 1.04102 1.13546 0.673835 
0003 0.100037	0.696901 0.876981 0.947035 0.911281 1.06293 1.07625 0.884812 0.819613 0.931679 0.946224 
0004 0.20452	0.960437 1.00731 0.965041 1.02684 0.981868 1.06826 1.00984 1.00497 0.915611 0.984557 
0005 0.117821	1.33784 1.19983 1.11663 0.903737 0.860556 0.911585 1.09291 1.00417 1.0514 0.925223 
0006 0.197481	1.06262 1.08387 0.949655 1.09447 1.04946 0.996328 1.05568 1.02015 1.00047 1.11993 
0007 0.0870693	0.661153 0.906006 0.986615 0.927972 1.09597 1.20989 1.00171 1.00522 0.89987 1.04403 
0010 0.0570999	1.25698 1.26631 1.08928 0.997527 0.877044 0.892462 1.13325 1.09248 0.974618 0.759573 
0011 0.209617	0.864912 0.969871 1.04349 0.88456 0.982821 1.01501 1.0549 0.858651 1.04709 1.08105 
0012 0.119459	1.07516 1.1243 0.931061 1.30418 1.13919 1.00039 1.11288 1.13821 0.952055 0.901406 
0013 0.0858377	0.949257 0.929802 0.933544 0.838251 0.917484 0.838733 0.983051 0.802445 0.971254 0.658138 
0014 0.0725019	0.835146 1.08152 0.955546 1.02668 0.958538 1.04633 1.09468 1.11023 0.847107 0.92703 
0015 0.0854621	0.730755 0.914831 0.868393 1.17989 1.15036 1.15485 1.01141 1.00873 0.858903 0.831915 
0016 0.0899699	0.729449 0.760299 0.978873 0.93567 1.02213 0.943552 0.939938 0.721564 1.07795 1.06595 
0017 0.280053	1.35915 1.07222 1.04982 1.04064 0.899113 0.855268 1.0642 0.940123 1.13804 0.87623 
0020 0.140985	0.740804 0.873313 1.02668 0.795065 0.983045 0.98196 0.995842 0.769906 0.977707 1.14001 
0021 0.230739	1.19175 1.13681 1.0334 0.903918 0.990989 0.86284 1.07731 0.993668 1.03607 1.09241 
0022 0.127085	0.892798 0.89681 0.947673 0.857799 0.968715 0.951087 0.97145 0.866962 0.953129 0.898686 
0023 0.0802224	1.03805 1.10992 0.906723 1.20672 1.14114 0.975763 1.01685 1.18241 0.958823 0.890873 
0024 0.0984909	1.77054 1.27119 1.05954 0.920793 0.90055 0.827185 1.15949 1.05306 1.21618 0.878963 
0025 0.139793	0.716417 0.93361 0.866321 1.03736 1.05903 1.20745 0.89859 0.972515 0.884336 1.14031 
0026 0.0746624	1.39027 1.20323 1.14373 0.830734 0.932258 0.761218 1.00981 0.937047 1.25299 1.05455 
0027 0.108022	1.05688 1.14155 0.92418 0.963672 1.10483 0.966393 0.977366 0.892922 1.00545 0.823563 
0030 0.125096	0.963035 0.918063 1.0452 0.763037 0.911781 1.04036 0.96456 0.708166 1.09163 0.844819 
0031 0.129715	0.935625 0.884727 1.07747 0.985399 1.0148 1.0654 1.15039 1.07231 1.027 1.33406 
0032 0.123557	0.738196 0.794885 0.856249 1.04287 1.05704 1.0716 0.932147 0.977 0.917417 1.24508 
0033 0.243649	1.5348 1.12048 1.02553 0.917333 0.89082 0.874916 1.05496 0.88775 1.17775 0.993684 
0034 0.106236	0.991911 1.02811 0.884633 1.08688 1.0534 1.04034 0.983877 1.10865 1.00022 1.02373 
0035 0.0858353	1.2924 0.935525 1.18429 0.783725 0.820361 0.980285 1.11567 0.853896 1.18949 1.19914 
0036 0.0723634	0.56957 0.708175 0.940635 0.926354 1.02437 1.07744 0.905515 0.971351 0.915565 1.23194 
0037 0.113549	0.777505 0.859241 0.947065 0.952146 1.03219 0.972041 0.94836 0.91923 1.0103 1.17622 
0040 0.0501139	0.697238 0.789913 0.929639 1.20328 1.06333 1.10495 1.1467 1.22551 0.848497 1.07818 
0041 0.229157	1.01815 0.902958 0.941323 1.0212 1.09407 0.956111 1.01044 1.08265 0.964999 1.06203 
0042 0.0719818	1.32344 1.11274 1.01762 0.979298 0.975599 0.877562 1.0451 1.0558 0.968449 0.790617 
0043 0.0810934	1.03942 1.13202 1.0385 1.13068 1.08663 0.994849 0.99964 1.12269 0.877846 0.85115 
0044 0.0783599	1.27229 1.04338 1.20469 0.944495 1.02366 0.933091 1.16281 0.994285 1.04687 1.08621 
0045 0.203189	0.991936 0.865326 1.05622 0.816361 0.908765 0.938729 0.970275 0.856293 1.033 1.13375 
0046 0.0947608	1.57048 1.23655 1.11479 1.02703 1.03206 0.86984 1.06584 1.09916 1.09298 1.38684 
0047 0.191344	0.667582 0.78314 0.985818 0.893714 1.01182 0.957564 0.928126 1.0069 0.862986 1.24968 
0050 0.0554261	0.660373 0.833568 0.820162 1.0119 1.07528 0.994299 0.841445 0.833855 0.992759 1.36091 
0051 0.112665	1.14953 1.3249 0.941443 1.23774 0.9889 1.02698 0.97673 1.05143 0.86779 0.90742 
0052 0.0813261	0.89147 0.767507 1.01732 0.813426 0.86658 0.973012 0.976083 0.754744 1.16298 1.39272 
0053 0.0787361	0.914562 0.883772 0.979787 0.843942 0.925905 0.962537 0.800023 0.676468 1.00432 0.853881 
0054 0.0611241	0.976448 0.930778 1.0812 0.760638 0.760745 0.970947 0.905523 0.786598 1.04587 1.11287 
0055 0.175343	0.759136 1.0311 0.834774 1.10244 0.995897 1.06483 0.987753 0.97704 0.827173 1.12414 
0056 0.206164	0.949187 0.999169 1.00683 0.972158 1.05127 1.03679 1.02408 0.85209 1.05631 1.1255 
0057 0.229215	1.42759 1.19185 1.04441 1.03974 0.937429 0.935377 1.12282 1.05005 1.16423 0.976978 
0060 0.137176	0.744096 0.9059 0.944663 1.04101 1.11212 1.1749 1.01997 0.925128 0.864331 0.942515 
0061 0.068434	0.616276 0.792693 0.842919 1.23388 1.22422 1.20607 0.895617 0.988633 0.955001 1.28248 
0062 0.135018	1.33742 1.09647 1.11336 0.959715 0.950323 0.964867 1.03256 0.896028 1.11154 0.951289 
0063 0.0924784	1.61942 1.23551 1.10128 1.10048 0.987088 0.916176 1.07706 0.966961 1.12298 0.890099 
0064 0.188656	0.892716 1.01354 0.97705 1.195 1.15127 1.11696 1.01784 1.07644 0.939876 1.01467 
0065 0.133169	1.01454 0.948773 0.936219 1.00027 0.988644 0.926897 0.879984 0.877364 1.00936 0.949162 
0066 0.0487053	0.994445 1.06738 1.11426 0.943381 0.94807 1.1661 1.08244 1.13392 0.965361 1.0843 
0067 0.196363	0.965853 0.881311 1.02711 0.840558 0.976118 0.962505 0.963095 0.830327 1.12597 1.06211 
0070 0.0503955	0.691407 0.764359 0.955488 1.18983 1.23556 1.19734 1.0213 1.14685 1.04483 1.78112 
0071 0.191327	1.00834 1.04677 0.935682 1.02413 1.03825 0.880509 0.968559 1.06219 1.06814 1.1301 
0072 0.0665104	1.48553 1.17402 1.04993 1.04523 0.989326 0.902785 1.12665 1.08725 1.21583 1.1735 
0073 0.0999121	1.01531 0.781447 1.12585 0.852644 0.953018 0.860602 0.95205 0.91643 1.21774 1.29129 
0074 0.0966891	1.6244 1.20453 1.22041 0.889768 0.833316 0.861123 1.02983 0.993923 1.11545 0.94106 
0075 0.219748	0.878958 0.867763 0.918112 0.980932 1.0358 0.989249 0.877625 0.9481 0.900632 0.829676 
0076 0.187225	1.24733 1.25126 0.977884 1.10807 0.970968 0.938572 1.10983 1.15986 0.933226 0.923536 
0077 0.0881922	1.00813 0.874458 1.03526 0.995277 0.937521 1.01522 1.12682 0.9621 0.98215 1.14237 
0100 0.0590372	1.12888 1.08199 1.28082 0.91897 0.80994 1.03339 1.05708 0.952858 1.01901 0.839722 
0101 0.0590372	1.78009 1.44674 1.14879 1.10759 0.934407 0.987047 1.18156 1.01747 1.04722 0.738387 
0102 0.0826521	1.03217 0.9162 1.06058 0.954676 0.902676 1.01896 1.08387 0.90512 1.0489 1.04248 
0103 0.202543	0.948118 1.06242 0.956514 1.06543 1.00509 1.01574 0.891877 0.940237 0.925687 0.761183 
0104 0.0490463	1.48886 1.26612 1.15172 1.10074 0.914856 0.926752 1.19705 1.29398 0.985119 0.898081 
0105 0.206176	1.32913 1.12521 1.06053 1.05244 0.892728 0.911213 1.0493 1.04327 1.06477 0.815808 
0106 0.212534	0.781025 0.834862 0.92425 1.00576 0.94252 1.05644 0.84249 0.864521 0.885928 0.931444 
0107 0.128974	0.830347 0.996315 0.912695 1.20722 1.06687 1.19928 0.983572 1.26605 0.936777 1.1773 
0110 0.0991058	1.58199 1.19846 1.17768 0.9767 0.878658 0.954497 1.072 1.04097 1.18175 0.917447 
0111 0.219821	0.968777 1.0844 0.959481 0.894238 0.971198 0.954689 0.914547 0.995856 0.985432 0.799086 
0112 0.052161	1.23783 1.25359 1.12905 0.920871 0.860311 0.973102 0.939405 1.06512 0.952832 0.931499 
0113 0.0931446	0.854016 1.00135 0.936211 0.962376 1.10431 0.962852 0.881266 0.868252 1.03249 1.07628 
0114 0.0827124	1.23741 1.18894 1.06221 1.15174 1.06939 0.996015 1.09493 1.35658 1.11981 1.26179 
0115 0.172131	0.801629 1.0129 0.907647 0.997935 1.04526 1.09275 1.0614 1.12959 0.917417 1.03985 
0116 0.0976155	0.624778 0.919797 0.96626 0.969306 0.982423 1.18889 0.869448 0.938337 0.889888 1.0405 
0117 0.183308	1.26589 1.15001 1.1319 1.05266 0.943683 0.97959 1.07971 1.14091 1.03922 1.00838 
0120 0.0832711	1.47156 1.27756 0.975616 1.17486 1.09847 0.9726 1.13136 1.14713 0.934947 1.03175 
0121 0.0862584	1.09171 0.867354 1.05501 0.798281 0.99233 0.977785 1.03 0.850914 1.14439 1.12124 
0122 0.0668409	0.798308 0.861401 1.04663 0.884471 0.929617 1.10456 1.13718 0.981705 1.04584 1.33457 
0123 0.101195	0.847776 1.05513 0.969235 1.20535 1.17748 1.09179 1.11229 1.26605 0.934002 1.24121 
0124 0.231889	0.885319 0.919734 0.887237 1.10336 1.1269 1.02027 0.946752 0.93354 0.907061 0.960934 
0125 0.0941001	0.968784 0.947333 1.03193 1.1381 0.977301 1.03154 1.16964 1.01587 0.98169 0.961176 
0126 0.220314	1.10377 0.989078 1.00605 0.967415 1.03179 1.00089 0.990207 0.878394 1.03757 0.891676 
0127 0.116131	1.66927 1.19974 1.22432 1.00097 0.947058 0.938144 1.11943 1.0195 1.2034 1.05705 
0130 0.13165	0.86183 0.913788 0.989387 1.11913 1.05923 1.09913 1.05683 1.00183 1.014 1.2087 
0131 0.192621	1.21424 1.0513 0.984362 1.02664 0.887544 0.900798 1.02587 0.985347 0.966441 0.725487 
0132 0.0978641	0.807994 0.849935 0.894826 1.18089 1.06381 0.951114 0.872935 1.01599 1.03072 1.01055 
0133 0.137864	0.690814 0.842504 0.925882 0.87747 0.937751 1.06546 0.901681 0.823007 0.9105 0.93825 
0134 0.0768932	1.09632 1.05892 0.989878 1.25561 1.01053 1.14926 1.04885 1.23344 0.950654 1.04594 
0135 0.0893204	1.75625 1.3192 1.16753 1.03277 0.848819 0.876953 1.15771 1.15302 1.20895 0.994828 
0136 0.174757	1.2265 1.09969 1.04972 1.08327 0.979927 0.934851 1.04061 1.0576 1.1565 1.07694 
0137 0.0990291	0.909164 1.12499 0.975991 1.18261 0.942228 1.08637 0.996101 0.975671 0.910679 0.874402 
0140 0.147607	1.47441 1.18242 1.13746 0.891021 0.90608 0.864345 1.09884 0.920086 1.15495 0.854174 
0141 0.0664931	0.741474 0.781393 0.872305 0.969918 1.06932 1.09141 0.88438 0.902759 0.846347 0.936114 
0142 0.153815	0.773622 0.919613 0.970153 0.97444 1.11107 1.07387 0.991669 0.863771 0.91071 0.91807 
0143 0.118967	0.920217 1.00536 0.908129 1.15336 1.17727 1.17688 1.07327 1.16392 0.946379 1.2163 
0144 0.138794	0.990624 0.939555 1.06685 0.93761 1.08526 1.00157 1.03736 1.04889 1.10161 1.16626 
0145 0.1432	0.819571 0.811779 1.02363 0.788923 0.973933 0.968686 0.868724 0.764155 1.0431 1.04116 
0146 0.125175	1.20871 0.992811 0.987558 1.013 1.03711 0.877979 1.0071 1.01721 1.05764 0.964147 
0147 0.105948	1.1901 0.995643 1.02965 0.893908 0.9939 0.954997 0.841643 0.829946 1.01967 0.772537 
0150 0.2016	1.01215 0.964198 0.911271 1.07144 0.96705 1.00886 0.967573 1.07044 0.969137 0.921534 
0151 0.0730667	1.37018 1.14155 0.977461 1.1682 1.11186 0.893235 1.03552 1.09809 1.10163 0.982325 
0152 0.164267	1.28194 1.12001 1.05487 1.03541 0.943556 0.992559 1.1375 1.20118 1.12679 1.09011 
0153 0.1328	0.901786 0.932818 0.938088 1.14589 1.10015 0.987755 0.964286 1.18515 1.06528 1.12589 
0154 0.1536	0.841253 0.815453 1.04861 0.819985 0.945812 0.942403 0.962899 0.929691 1.05924 1.15036 
0155 0.109333	1.64843 1.16396 1.09962 0.87354 0.878518 0.732642 1.07563 1.17621 1.25017 1.18485 
0156 0.0784	0.827675 0.871154 0.913585 0.96193 0.90781 0.945555 0.962268 0.949064 0.789834 0.629431 
0157 0.0869333	0.608352 0.702073 0.902621 0.93509 1.0337 1.11869 0.869808 0.896438 0.896085 1.21729 
0160 0.192784	1.03248 0.986485 0.954684 0.920967 1.02705 0.937999 0.920025 0.975883 1.00266 0.926152 
0161 0.0927835	0.648874 0.764342 0.921661 1.12062 1.13752 1.20385 0.932089 1.25479 0.954439 1.44312 
0162 0.212887	1.68788 1.1067 1.07556 0.982833 0.984135 0.848422 1.11802 1.15486 1.10194 0.893011 
0163 0.16701	1.02711 1.08557 1.01033 1.133 1.04914 1.1526 1.01663 1.21922 1.03472 1.1072 
0164 0.104124	0.992348 0.832438 1.05978 0.813035 0.877454 1.01697 0.951865 0.927053 1.17256 1.41143 
0165 0.107732	0.845058 0.89376 0.998801 1.03048 1.0048 1.08659 0.976802 1.24162 0.961189 1.06226 
0166 0.0515464	1.20142 1.07595 1.01734 1.05863 0.98362 0.959926 1.16932 1.03168 1.01414 0.954716 
0167 0.071134	0.703548 0.745428 0.957413 0.844424 1.0813 1.0317 0.821016 0.922749 1.07776 1.14064 
0170 0.211277	1.12928 1.12125 0.968574 1.04446 0.93956 0.966849 0.930179 1.02406 0.963087 0.863023 
0171 0.1384	0.964301 1.01066 0.932843 1.06197 1.04322 0.958704 0.944968 1.04963 0.956674 1.11686 
0172 0.133943	0.975347 1.00933 1.08266 0.939301 1.02127 1.0252 0.968308 0.97683 1.09443 1.18305 
0173 0.0924894	0.815275 0.995277 0.978246 1.02207 0.894023 1.07466 1.00389 1.0769 0.865419 0.960737 
0174 0.0427903	1.60925 1.39476 1.01069 1.16719 1.13099 0.817113 0.991534 1.01917 1.08023 0.966693 
0175 0.182527	0.721787 0.813402 0.958583 0.935866 0.98819 1.04243 0.866033 0.898246 0.876496 1.0144 
0176 0.102741	1.18515 1.21624 1.02907 0.906425 0.865743 0.992348 1.05186 0.977438 0.93458 0.683385 
0177 0.0958324	1.64935 1.43665 1.14205 0.977883 0.899464 0.932918 1.08151 0.979159 1.0559 0.830493 
1000 0.156176	0.699904 0.920158 0.8674 0.972995 1.09899 1.09986 0.927555 0.987709 0.882866 1.00972 
1001 0.10333	1.26247 1.20398 0.911001 1.02915 1.04852 0.900845 1.02097 1.05242 0.909345 0.702198 
1002 0.0951665	1.53376 1.10974 1.03562 1.03763 0.962633 0.916301 1.2321 1.20277 1.11288 1.009 
1003 0.100107	0.863458 1.08386 1.01126 0.929152 0.920855 1.03637 0.959995 0.903105 0.914979 0.771146 
1004 0.183459	0.714308 0.898019 0.969622 0.948641 0.990998 1.04343 1.0649 0.982646 1.01637 1.0723 
1005 0.21246	1.11548 1.03061 1.14434 0.769113 0.852562 0.86039 1.02981 0.815713 1.0975 0.956847 
1006 0.0575725	0.427006 0.767471 0.926546 0.866813 1.04569 1.30814 0.900655 0.940401 0.855771 1.2141 
1007 0.0917293	0.710541 0.841195 1.03152 1.07026 1.16155 1.14585 1.1021 1.11178 1.04139 1.33412 
1010 0.184951	1.42031 1.12994 1.04994 1.00823 1.07165 0.962599 1.09455 1.03218 1.12698 1.07034 
1011 0.145319	0.810951 0.925023 1.02248 1.00544 1.10883 1.18582 1.06246 0.974641 1.05384 1.36693 
1012 0.0941987	0.814802 0.775751 0.866776 1.05558 1.08527 1.10867 0.850637 0.995604 0.923966 1.01929 
1013 0.157381	1.11005 0.897199 1.00768 0.838052 0.905579 0.940156 0.915152 0.907972 1.09476 0.894023 
1014 0.142447	1.25749 1.17001 1.04172 1.02438 0.985611 1.03631 0.962492 0.982177 0.996973 0.878303 
1015 0.113728	1.11631 1.04028 0.94082 1.18891 1.11346 0.999035 0.982921 1.05586 0.929884 1.01983 
1016 0.0959219	0.992608 0.991774 0.954572 0.889848 0.886989 0.976212 0.918261 0.898155 0.933364 0.81141 
1017 0.066054	0.821341 0.722488 1.01505 0.652727 0.887121 0.943501 0.861576 0.650687 1.12079 1.01435 
1020 0.203604	0.882277 1.02936 1.05352 0.846983 0.895611 0.999104 0.869218 0.814517 0.896635 0.915397 
1021 0.0711154	0.835325 1.07429 1.06439 0.956681 0.93983 1.08833 0.934814 1.02634 0.94596 1.19434 
1022 0.0988797	1.28366 1.10589 1.03396 1.10036 0.958203 0.994342 1.07976 1.18795 0.997203 1.13583 
1023 0.0438383	1.11326 1.02391 1.01422 0.909819 0.952148 0.904168 0.784729 0.67487 1.09257 0.793973 
1024 0.172431	0.990148 1.01157 0.903554 1.29155 1.15707 1.0788 1.03835 1.17521 1.02138 1.43084 
1025 0.185095	0.965146 1.02873 1.02429 0.990203 0.940445 0.95072 0.969066 0.926049 1.03055 1.0583 
1026 0.0969313	1.2345 1.08071 1.04913 0.975431 0.947404 0.967086 1.0361 0.867903 0.970975 0.883474 
1027 0.128105	1.76141 1.30671 1.07322 0.995003 0.982176 0.829709 1.00229 1.06513 1.18339 0.75908 
1030 0.0994398	1.01076 1.0519 1.0811 0.901416 1.06652 0.91008 1.12076 1.00532 1.178 1.09513 
1031 0.231559	1.44489 1.1271 1.05634 0.890174 1.0502 0.950125 1.12712 1.05964 1.12897 0.97115 
1032 0.0751634	0.700815 0.933301 0.955516 1.04027 1.0518 1.0772 1.04578 1.08379 0.885859 0.91115 
1033 0.160131	0.846942 0.878234 1.01986 0.757478 1.02315 0.948514 0.8634 0.921628 1.06514 1.07156 
1034 0.0812325	1.2704 1.20962 1.05508 1.14024 1.12207 0.927784 1.10184 1.22968 1.00035 0.937369 
1035 0.193277	0.991827 1.09649 0.901419 1.00126 1.08469 0.904019 0.963596 0.991729 0.936637 0.935902 
1036 0.0989729	0.602087 0.735398 0.893426 0.924438 1.21707 1.05647 0.926326 1.05801 0.944309 1.08811 
1037 0.0602241	1.12063 1.12372 0.946217 1.08199 1.0465 1.04329 1.19747 1.3258 1.10478 1.34531 
1040 0.118692	1.89809 1.30293 1.09952 1.07017 0.962002 0.84958 1.1245 1.10974 1.0609 0.599537 
1041 0.0747012	0.573671 0.629837 0.850855 1.08549 1.17469 1.20296 0.970911 1.05751 0.831081 1.10467 
1042 0.144256	0.726791 0.759685 0.982041 0.794426 0.925563 1.00684 0.895988 0.859313 0.977397 0.949929 
1043 0.224436	0.981033 0.802464 0.907126 1.07188 1.12231 1.08699 0.995059 1.19001 0.950332 1.09379 
1044 0.065073	1.3814 0.868047 1.17321 0.781786 0.873917 0.903611 1.10926 0.876035 1.21764 1.01204 
1045 0.1333	1.17906 1.0194 1.08765 0.906693 0.891821 0.927234 1.04464 0.956656 0.963892 0.707012 
1046 0.187417	1.25349 0.995033 1.10291 0.999131 1.02075 1.02446 1.16232 1.08577 1.04069 1.12907 
1047 0.0521248	1.01593 0.956578 0.997816 0.850197 0.874522 0.958364 0.8876 0.842394 0.940753 0.729541 
1050 0.0944713	0.86074 0.793442 1.03226 0.760271 0.929454 0.928587 0.853318 0.686001 1.09323 0.851929 
1051 0.129898	1.45463 1.03658 0.951977 1.19042 1.01925 0.99596 1.10294 1.22537 1.04522 0.991786 
1052 0.0711218	1.40236 0.861012 1.07249 0.740338 0.91686 0.84193 0.951635 0.835364 1.12891 0.880991 
1053 0.122383	1.56456 1.2301 1.07645 1.05238 1.04267 0.891313 1.04825 1.00015 1.11023 0.868787 
1054 0.234836	0.992821 0.923137 1.01712 0.930484 0.986665 0.940147 0.967893 0.922135 0.95139 0.81051 
1055 0.127483	0.745745 0.792209 0.868686 0.93526 1.06724 0.990766 0.898648 1.01121 0.849267 0.967998 
1056 0.104938	0.90351 0.799285 1.08364 0.953353 1.02281 1.04294 1.06626 0.940372 0.998003 1.38933 
1057 0.114868	0.786905 0.85186 0.95365 1.17159 1.17504 1.11478 1.0172 1.0943 0.908699 1.14235 
1060 0.138192	0.889545 0.846389 1.00906 0.835176 0.902878 1.12659 0.896003 0.719406 0.958309 0.869431 
1061 0.189566	1.58512 1.29371 1.13605 0.94982 0.83038 1.00785 1.05952 1.04092 1.1416 0.845544 
1062 0.0971724	0.932783 0.958551 0.97604 1.20608 1.08209 1.20165 1.04824 1.13779 0.938269 1.34922 
1063 0.152529	1.33374 1.09271 1.06628 1.17893 1.05306 1.08247 1.11335 1.1956 1.16269 1.25911 
1064 0.164875	0.999826 0.926756 1.02134 0.995808 1.05933 1.09044 1.06813 0.954559 1.08371 1.09898 
1065 0.0832338	0.787699 0.904526 0.881898 1.02277 1.02271 1.1315 0.869486 1.0733 0.86239 0.938851 
1066 0.0541617	1.13852 0.978473 0.979096 0.974226 0.992136 1.03386 0.899027 0.809841 0.981777 0.948188 
1067 0.120271	0.657027 0.75793 0.953946 0.998707 0.982644 1.25914 0.969805 1.01085 1.00726 1.21968 
1070 0.138847	0.929728 0.961197 0.880623 1.1418 1.07715 1.05077 1.06541 1.20441 0.916346 1.09736 
1071 0.069881	1.63987 1.34926 1.03715 1.08773 0.945044 0.913406 1.10821 1.14483 1.10068 0.899622 
1072 0.213	1.28319 1.0691 1.04907 1.07319 0.945604 1.00137 1.09757 1.1568 1.10909 1.28844 
1073 0.121147	0.921648 0.980006 0.989204 0.986986 0.953018 1.02906 1.09581 1.1273 1.02254 1.27217 
1074 0.0503509	0.76724 0.753168 0.927202 1.13759 1.2253 1.13568 0.954754 1.15506 1.01467 1.50631 
1075 0.163564	0.850356 0.972121 0.948951 0.938888 0.895344 1.03124 0.900219 0.930469 0.890428 0.800093 
1076 0.0848337	0.621651 0.702712 0.917349 0.927846 1.05025 1.2108 0.944461 0.914841 0.92085 1.24669 
1077 0.158377	1.08435 1.04666 1.01363 0.965782 0.953779 0.977611 0.896732 0.943752 0.946385 0.874529 
1100 0.188919	1.02013 0.901293 1.06471 0.91928 0.960102 0.952472 1.03293 0.884912 1.07619 0.965978 
1101 0.0959238	1.25096 1.14761 0.972059 1.07246 0.935841 0.882093 1.01093 0.969058 0.947428 0.779326 
1102 0.180376	1.31532 1.28684 1.06787 1.15278 1.08322 0.983812 1.10975 1.09197 0.960969 1.07109 
1103 0.0795704	0.767031 0.875089 0.838894 1.14757 1.20621 1.10348 0.986568 1.06313 0.876843 0.967223 
1104 0.0768855	0.848872 0.916348 0.934544 1.05 1.05326 1.03965 1.09488 0.964454 0.993433 0.973666 
1105 0.161582	0.668918 0.793017 0.966969 1.01115 1.12194 1.0903 0.882285 1.01069 0.956151 1.09131 
1106 0.132536	1.27698 1.13144 1.2168 0.931678 0.938291 0.903285 1.15288 1.00874 1.18408 0.963427 
1107 0.084208	1.04579 1.04733 0.963439 1.0751 0.985626 0.994652 0.93097 0.908148 0.859199 0.746947 
1110 0.101538	0.734135 0.768904 0.883546 1.05076 1.0243 1.0574 0.836555 0.88555 0.892067 0.987227 
1111 0.127692	0.821988 0.812575 1.05341 1.10795 1.12712 1.08031 1.01371 1.11354 0.965346 1.25433 
1112 0.112692	1.37091 1.21389 0.979009 1.24412 1.12775 0.987895 1.11158 1.10386 1.10012 1.02197 
1113 0.138846	1.08396 0.93405 0.971796 0.904597 0.851199 0.922406 0.880836 0.826053 0.974778 0.810344 
1114 0.0965385	1.06273 1.16042 0.963842 1.14597 1.01036 0.96398 0.921278 1.00763 0.861164 0.793507 
1115 0.0742308	1.18939 1.16851 1.00147 1.33137 1.22421 1.02936 1.21368 1.16409 1.01192 1.05668 
1116 0.104231	0.709141 0.878889 0.913841 1.32902 1.19624 1.17177 1.06642 1.3386 0.926541 1.2592 
1117 0.244231	1.3946 0.970144 1.04785 0.886891 0.903972 0.8726 1.03004 0.973076 1.14178 0.986392 
1120 0.0816647	0.613393 0.785444 0.987074 0.900743 0.938185 1.16443 0.867642 0.965008 0.922994 1.12498 
1121 0.136631	1.02861 0.931856 1.05252 0.873953 0.983759 0.872834 0.914121 0.930513 1.08986 0.973298 
1122 0.227326	1.34997 1.01723 1.04344 1.04289 1.02508 0.909194 1.04683 0.998316 1.08618 0.795114 
1123 0.0663526	1.33101 0.919538 1.04038 0.903571 0.802626 0.859959 0.879383 0.838685 1.06276 0.812306 
1124 0.131527	0.729555 0.783326 0.90216 0.944974 0.960687 0.99491 0.837996 0.87255 0.986505 0.950761 
1125 0.135061	1.06835 0.856389 1.06508 0.933309 0.972135 1.00476 1.05287 0.893821 1.21904 1.33424 
1126 0.145662	0.931003 0.991245 0.904607 1.22611 1.1179 0.975533 0.928182 1.1561 0.933944 0.842378 
1127 0.0757754	0.61947 0.711233 0.843873 1.14872 1.12989 1.18106 0.904414 1.05751 0.943785 1.42374 
1130 0.135684	0.722951 0.7362 0.874453 0.953669 1.05857 1.09451 0.954387 0.890615 0.967073 1.28375 
1131 0.0658832	1.39784 1.34822 1.12599 1.09609 1.03968 0.964252 1.16573 1.1359 1.05912 1.0522 
1132 0.20406	1.16429 1.08005 0.990782 0.906843 1.0314 0.895392 1.02972 0.976078 0.955748 0.928266 
1133 0.0655271	0.777095 0.87762 1.00673 1.04427 1.10649 1.13605 1.08174 1.18487 0.894437 1.61904 
1134 0.0815527	1.31952 1.0419 1.13297 0.777604 0.904501 0.87711 1.0539 0.896876 1.07574 0.917086 
1135 0.151353	1.05433 1.0122 1.03342 1.02202 1.03999 1.00908 1.05648 1.13637 1.00725 1.2713 
1136 0.223647	0.785221 0.900134 0.992026 0.813246 0.998338 1.01711 0.923351 0.93313 0.920537 0.954387 
1137 0.0722934	1.79666 1.38405 1.17283 0.974122 0.924345 0.836836 1.1695 1.10728 1.16159 0.858313 
1140 0.183862	1.05117 1.09536 0.981837 0.98349 0.915138 0.939581 1.02637 1.01639 1.11087 0.932894 
1141 0.0685626	0.766894 0.970042 0.924421 1.13439 1.11845 1.15077 1.02773 1.16582 0.975777 1.25212 
1142 0.17769	0.987074 1.083 0.990838 0.887736 0.864949 0.963103 0.924875 0.951544 0.972502 0.864624 
1143 0.106922	1.0359 1.2014 0.882484 1.26019 1.109 1.06504 0.997152 1.11918 0.929798 0.86824 
1144 0.116402	1.26036 1.09027 1.04732 0.973864 0.991181 0.916453 1.10698 1.08585 1.17867 1.02542 
1145 0.0667989	1.45797 1.21179 1.14928 0.846067 0.88358 0.857225 1.12574 0.990885 1.25301 0.916992 
1146 0.104277	1.45364 1.37334 1.00363 0.961943 0.884566 0.919904 0.977883 1.03604 0.949191 0.736707 
1147 0.175485	0.621136 0.779856 0.990336 0.958496 1.00041 1.08433 0.926851 0.864131 1.02554 1.17533 
1150 0.233166	0.755534 0.850871 0.998366 0.995687 1.10052 1.07348 0.970597 0.995375 0.974952 1.1944 
1151 0.0538074	1.3887 1.17108 1.0824 1.20405 1.03572 0.986181 1.16002 1.23733 1.10241 1.3286 
1152 0.0733166	1.21532 1.05123 1.05373 0.910199 0.993232 0.988828 1.00776 1.06001 1.17503 1.32601 
1153 0.13562	0.957707 0.972954 1.06871 1.04792 0.880533 1.0367 1.08658 1.07306 1.00849 1.08594 
1154 0.100378	0.914366 1.07699 0.915012 1.20102 1.13737 1.02786 0.961169 1.27519 0.870757 1.06973 
1155 0.110447	0.620188 0.797334 0.912944 0.900419 1.0411 1.08349 0.792516 0.976427 0.844223 0.887339 
1156 0.11202	1.69236 1.3337 1.083 1.02511 0.895805 0.856559 1.03088 1.04948 1.05167 0.767142 
1157 0.181246	1.16595 1.22048 0.958096 1.04115 0.97193 0.882435 0.968335 1.00868 0.956087 0.73079 
1160 0.0646195	1.50796 1.27512 1.12533 0.889555 0.945418 0.805782 0.996023 0.890348 1.10935 0.685754 
1161 0.148198	1.04079 1.14609 1.01778 1.00236 0.941172 1.04569 0.993275 1.01947 0.937098 0.992153 
1162 0.165287	0.959912 0.974759 0.990181 1.21181 1.18365 1.11221 1.04423 1.12177 1.00252 1.12266 
1163 0.107076	0.777328 0.81551 1.07927 0.951021 1.13669 1.114 1.10003 1.04183 1.06055 1.32643 
1164 0.130841	1.43665 1.4117 1.05517 1.14561 1.01308 0.927303 1.0218 1.01853 0.880598 0.805561 
1165 0.111615	0.923406 1.0564 0.970327 0.930766 0.979262 1.04193 0.877026 0.841756 0.894801 0.750518 
1166 0.178638	0.774165 0.977419 0.891655 1.05843 1.15569 1.07719 0.902572 0.983743 0.828349 0.945081 
1167 0.093725	1.62432 1.35866 1.17491 1.03214 0.981736 0.993533 1.15243 1.0972 1.1612 1.00102 
1170 0.232869	1.02165 1.16513 1.03192 0.963227 0.992137 0.954733 1.088 1.02247 0.96646 0.915465 
1171 0.0932613	1.49563 1.22775 1.04414 0.97909 0.96455 0.885237 1.00376 0.948451 0.926985 0.70149 
1172 0.24538	0.883612 0.872225 0.962171 0.94237 1.02755 1.06129 0.936949 0.945723 0.940029 0.990947 
1173 0.0798976	0.716409 0.751205 0.949725 0.792444 0.89928 0.967921 0.833397 0.813041 0.963557 0.958496 
1174 0.163776	1.5683 1.20062 1.09644 1.02705 1.00928 0.895528 1.09462 1.08676 1.1559 1.03445 
1175 0.0514643	0.758167 0.792688 1.00037 0.910334 0.961408 1.11728 1.0015 1.02388 0.992415 1.346 
1176 0.0713676	1.15008 1.10644 0.952772 1.35211 1.06311 1.0014 1.0015 1.3172 0.967538 1.07653 
1177 0.0619846	1.19161 1.14603 0.95229 0.95641 0.933625 0.932383 0.996469 0.909683 0.876864 0.591623 
BOUNDS
LWPS R    0.0  0.0  0.0  0.0  0.0  0.0  0.0  0.0  0.0  0.0
UWPS R    0.5  0.5  0.5  0.5  0.5  0.5  0.5  0.5  0.5  0.5
LXAS R   -0.5 -0.5 -0.5 -0.5 -0.5 -0.5 -0.5 -0.5 -0.5 -0.5
UXAS R    0.5  0.5  0.5  0.5  0.5  0.5  0.5  0.5  0.5  0.5
END
