NAME moment_estimations_cluster
ASSETS 10
BENCHMARKS 0.1 0.1 0.1 0.1 0.1 0.1 0.1 0.1 0.1 0.1 
COVARIANCES
0 0 0.0814157
1 0 0.0365482
1 1 0.0199262
2 0 0.0152367
2 1 0.00587235
2 2 0.0056249
3 0 0.00520366
3 1 0.00487389
3 2 -0.00213396
3 3 0.00956541
4 0 -0.00680368
4 1 -0.00213738
4 2 -0.00349038
4 3 0.00566013
4 4 0.00626827
5 0 -0.0128633
5 1 -0.00541835
5 2 -0.00271886
5 3 0.0017748
5 4 0.00270639
5 5 0.00377638
6 0 0.0200575
6 1 0.0091842
6 2 0.00465408
6 3 0.00402467
6 4 9.95003e-05
6 5 -0.00133549
6 6 0.0109806
7 0 0.0087401
7 1 0.00600597
7 2 0.000152961
7 3 0.00758262
7 4 0.00340852
7 5 0.000842651
7 6 0.00542523
7 7 0.00914288
8 0 0.0166827
8 1 0.00520485
8 2 0.00537208
8 3 -0.000839129
8 4 -0.00144833
8 5 -0.00281504
8 6 0.00568704
8 7 0.00101788
8 8 0.00834846
9 0 -0.0138263
9 1 -0.00888446
9 2 -0.00102585
9 3 0.00220831
9 4 0.00510499
9 5 0.00432484
9 6 0.00120189
9 7 0.00288106
9 8 0.00340501
9 9 0.0192584
SCENARIOS
0 0.42607	1.31533 1.09374 1.04929 1.01323 0.990691 1.00568 1.0925 1.03298 1.07092 0.979678 
1 0.57393	0.87263 0.908551 0.975482 0.965012 1.01031 1.03867 0.9466 0.950648 0.958328 1.01756 
00 0.56202	1.26998 1.09288 1.04997 1.00031 0.959518 0.966123 1.0332 1.01238 1.02747 0.972109 
01 0.43798	0.806427 0.90308 0.946199 1.05388 1.06765 1.03394 0.99049 1.01727 0.971747 1.07092 
10 0.780304	1.11351 1.06661 0.981618 0.966973 0.981251 0.968045 0.967855 0.983422 0.992235 0.889783 
11 0.219696	0.980127 0.99625 1.027 1.07118 1.08918 1.04836 1.08126 1.16286 1.09814 1.32107 
000 0.0737075	0.810357 1.02579 0.920757 1.0543 1.05438 0.956463 0.836064 0.947316 0.898376 0.874388 
001 0.15844	1.2085 1.20725 0.947988 1.18892 1.07386 0.935293 1.01233 1.16399 0.953728 0.857861 
002 0.167126	1.09748 1.05357 1.0563 1.0066 0.986324 0.91002 1.09163 1.02811 1.05653 0.937158 
003 0.105153	0.547099 0.79513 0.873851 0.89135 1.02226 1.01553 0.781088 0.873533 0.912872 1.08267 
004 0.0744174	1.16991 1.03752 1.10662 0.842228 0.943962 0.945434 0.936203 0.872743 1.18343 1.09919 
005 0.0746262	0.737749 0.926468 0.923888 0.981355 0.925706 0.972364 0.916126 0.964211 0.844868 0.795743 
006 0.141318	1.85838 1.37481 1.17704 1.07349 0.912563 0.889553 1.2048 1.07401 1.19379 0.81023 
007 0.205212	0.772372 0.816706 0.986533 0.935759 0.996207 0.991566 0.952569 0.932004 1.03121 1.12168 
010 0.134719	0.856379 1.03618 1.00795 0.995588 1.01162 1.03077 1.07019 1.06348 0.968849 1.10799 
011 0.149992	0.705338 0.800817 0.941139 0.880451 0.894621 1.01311 0.878022 0.864395 0.925645 1.05139 
012 0.0768448	1.02598 1.10753 1.10496 0.806869 0.849439 0.931436 0.972416 0.905375 1.04552 1.01045 
013 0.141525	0.620211 0.821459 0.901266 1.04136 1.10026 1.13199 0.920355 1.07785 0.910826 1.25952 
014 0.110659	0.943696 1.11032 0.951632 1.03347 1.00546 0.985978 0.940087 1.05093 0.870977 0.793802 
015 0.122073	1.19829 1.16689 0.968968 1.18937 1.0375 0.990222 1.00102 1.12006 0.95151 1.00051 
016 0.147259	1.43996 1.26442 1.1078 1.15756 0.996363 1.03762 1.25855 1.24174 1.16594 1.23684 
017 0.116928	1.69646 1.35254 1.10805 1.00233 0.962811 0.887727 1.19861 1.1426 1.07749 0.865063 
100 0.0906574	0.810169 0.906937 1.00681 1.08228 1.14101 1.05931 1.19524 1.05975 1.01299 1.33962 
101 0.171401	0.997582 0.949665 1.10304 0.932594 0.938333 0.946354 1.02549 0.883842 1.09573 1.14559 
102 0.0819712	1.37893 1.22822 1.03132 1.07345 0.977493 0.960383 1.06045 0.972047 1.04757 0.874153 
103 0.116001	0.888406 1.02086 0.951772 1.22248 1.18965 1.05706 0.996355 1.12632 0.963976 1.20352 
104 0.041555	1.30517 1.28054 1.10686 1.11262 0.941119 0.950456 1.15206 1.17264 0.996677 0.868172 
105 0.161084	0.51813 0.792937 0.875196 1.00543 1.08471 1.10248 0.848029 0.909043 0.842683 1.10783 
106 0.140653	1.89475 1.33271 1.14798 1.12848 0.92643 0.939906 1.26094 1.14209 1.15983 0.954056 
107 0.196677	0.749154 0.951919 0.986932 1.03485 0.94591 1.06816 0.957049 1.04063 0.869659 0.956574 
110 0.0610675	0.987907 0.898203 1.03682 1.00468 1.02233 0.976106 1.02112 1.03077 1.12234 1.17109 
111 0.17091	0.754438 0.933324 0.864811 1.10439 1.15324 1.05736 0.964352 1.02253 0.874347 0.942592 
112 0.0565469	1.43679 1.01046 1.14413 0.871082 0.898837 0.971246 1.06002 0.929394 1.2523 1.06841 
113 0.171386	0.557736 0.743587 0.922396 0.854597 0.967293 1.00521 0.825052 0.845217 0.915661 1.11074 
114 0.120232	1.24988 1.10735 1.04085 0.887079 0.854657 0.87492 0.942412 0.925428 0.97858 0.862395 
115 0.232056	0.964514 0.938606 1.04705 0.888973 0.906708 0.957584 1.01825 0.903783 1.0289 0.869512 
116 0.109208	1.28621 1.05911 0.981693 1.1775 1.00701 0.984353 1.06983 1.11601 0.949339 0.894273 
117 0.0785947	2.09925 1.39863 1.18437 1.13999 0.982203 0.936563 1.30252 1.08254 1.15529 0.857678 
0000 0.094051	0.946959 1.07327 0.897888 1.24647 1.05014 1.05773 0.973769 1.22185 0.87216 1.02305 
0001 0.245892	1.10822 0.909761 0.991961 0.896406 0.919145 0.976581 0.945135 0.947973 1.00537 1.03491 
0002 0.190935	0.729531 0.817856 0.927842 0.82991 0.894198 0.993644 0.870467 0.906269 0.848812 0.832017 
0003 0.139943	1.43066 1.18653 0.961918 1.09834 1.02933 0.958974 1.05562 1.14124 0.976252 0.948499 
0004 0.070255	1.08953 0.966496 1.04296 0.77399 0.827414 0.974187 0.990236 0.810707 1.03809 0.946438 
0005 0.0764873	1.26067 1.0744 1.0314 1.10689 1.10727 1.01381 1.07579 1.06022 1.04994 1.27314 
0006 0.101983	0.787131 0.861215 0.876282 0.99444 1.14331 1.08416 1.01144 1.1178 0.928733 1.15668 
0007 0.0804533	1.83122 1.26596 1.04376 1.0005 0.932335 0.894419 1.1841 1.05583 1.13301 0.815359 
0010 0.174486	1.11285 1.02196 1.00377 0.867244 0.836719 0.941337 0.89207 0.85952 0.955531 0.742111 
0011 0.175277	0.907241 0.935678 0.985975 0.911925 0.967705 1.07355 0.940257 0.890021 1.03113 0.965941 
0012 0.227464	1.43391 1.07284 1.05354 1.03647 1.02119 0.951383 1.1654 0.974375 1.14499 1.04345 
0013 0.164734	0.944893 0.967755 1.05751 1.10422 1.12588 1.15893 1.09171 1.07562 1.06239 1.17933 
0014 0.0798629	0.616757 0.790952 0.894544 0.991677 1.0164 1.03908 0.946282 0.939648 0.976277 1.1697 
0015 0.0479705	0.680662 0.872898 0.893857 1.00175 1.01336 1.09867 0.821016 0.874969 0.82089 0.94529 
0016 0.0698471	1.76868 1.2454 1.22506 0.841225 0.872867 0.8856 1.08532 0.840746 1.22596 0.820376 
0017 0.0603585	0.784881 0.835077 0.989986 0.828835 0.973712 0.962023 0.853636 0.798875 1.04173 1.10791 
0020 0.0737131	1.00729 0.880076 1.09776 0.929099 0.945081 1.06961 1.08544 0.923818 1.15787 1.17471 
0021 0.0672164	0.655379 0.871773 0.981329 0.892496 0.908104 1.09576 0.836944 0.844794 0.969604 1.08142 
0022 0.0857071	0.861117 0.954567 0.970102 0.962435 0.967649 1.10734 0.89767 1.04941 0.973236 1.09866 
0023 0.083958	0.84184 1.0832 1.04363 1.05747 1.0287 1.11909 1.14357 1.1259 1.01382 1.30778 
0024 0.118941	0.869415 0.89883 1.03302 0.707499 0.755494 0.985197 0.899264 0.765595 0.915557 0.780052 
0025 0.0862069	0.647303 0.879483 0.927554 0.998279 1.05841 1.09275 0.863184 0.952936 0.875997 1.14981 
0026 0.327336	1.43446 1.31968 1.14694 0.979247 0.898479 0.902904 1.15981 1.09518 1.1163 1.06944 
0027 0.156922	1.05174 1.10548 0.982534 0.913522 0.916369 0.995949 0.889229 0.962198 0.955404 0.917046 
0030 0.109611	1.5167 1.30722 1.09766 1.06237 1.04902 0.958389 1.11706 1.02806 1.02342 0.756513 
0031 0.109214	0.951685 0.966777 1.0311 1.1549 1.01439 1.08084 1.13641 1.07642 1.032 1.04154 
0032 0.0837967	1.71567 1.27637 1.14227 1.12506 0.948318 0.871854 1.17491 1.31319 1.13993 1.01697 
0033 0.23193	0.905476 1.01794 1.05124 0.87882 0.871717 0.961353 0.925316 0.800874 0.950159 0.770595 
0034 0.232724	1.07334 0.930806 0.98243 1.02124 1.03533 1.02247 0.980102 1.11075 0.917068 0.912593 
0035 0.0635425	0.763082 0.855592 0.907946 1.22082 1.13379 1.14206 0.878955 1.22021 0.843427 0.886352 
0036 0.113979	0.704484 0.853586 0.982974 0.906052 0.981935 1.01765 0.891282 0.903234 0.966941 1.00819 
0037 0.0552025	0.847734 0.92885 1.06827 0.932717 1.04429 0.997919 0.950442 0.962699 1.1271 1.23074 
0040 0.29349	1.37623 1.08971 1.02275 1.13219 0.911622 0.91342 1.16617 1.17694 1.03787 0.968982 
0041 0.0600449	0.744833 0.803418 1.09615 0.744876 0.920966 0.921774 1.00821 0.789921 0.987713 0.834027 
0042 0.0695847	0.631164 0.810595 0.884173 0.892233 0.905662 0.928602 0.778714 0.93655 0.880324 0.861698 
0043 0.0673401	0.751566 0.922834 0.945071 1.07163 1.05737 0.978201 0.955496 1.15466 0.961917 1.13941 
0044 0.112233	0.896259 0.960093 0.959292 0.90693 0.903954 0.892007 0.899142 0.987098 0.931597 0.843467 
0045 0.0813692	0.659932 0.748543 0.94602 1.04845 1.03523 0.974749 0.932613 1.02572 0.945982 1.16578 
0046 0.195286	0.947377 0.895298 1.03718 1.03376 1.09716 1.00553 1.20526 1.01486 1.1176 1.2385 
0047 0.120651	1.27526 1.09138 1.15014 0.835854 0.870371 0.830944 1.08482 0.96761 1.14375 0.877966 
0050 0.317292	0.74087 0.844199 0.918375 0.950762 0.981705 1.10106 0.885125 0.929571 0.916646 0.985624 
0051 0.0716284	1.4698 1.18536 1.10178 0.924957 0.90036 0.927578 1.07642 0.985023 1.05196 0.937637 
0052 0.0733072	1.5183 1.32392 0.985856 1.18728 1.07685 1.07558 1.2556 1.22382 0.958965 0.959343 
0053 0.0844992	1.38122 1.18534 1.20318 0.939632 0.932396 0.929957 1.17078 1.1392 1.14188 1.05535 
0054 0.121433	1.04343 1.01875 1.12975 0.791841 0.893519 1.00572 0.940842 0.812603 1.10214 0.980513 
0055 0.106883	1.21453 1.12638 0.999233 0.981973 1.0479 1.01817 0.962068 1.03824 0.989758 0.99692 
0056 0.105204	0.710023 0.980074 0.852702 1.15135 1.23288 1.10424 0.953365 1.07531 0.930934 1.25297 
0057 0.119754	1.0577 1.10627 1.03178 0.943964 0.981897 0.966062 0.9746 0.927104 0.964992 0.926023 
0060 0.143913	1.74065 1.36457 1.10351 1.16525 1.1059 0.899703 1.17977 1.0849 1.08178 1.02454 
0061 0.188239	0.805002 0.850613 0.963131 0.902709 0.994184 1.01539 0.915094 0.850436 0.952561 1.36931 
0062 0.0874704	1.1247 1.02066 0.949557 0.868022 0.978843 0.826659 0.793103 0.813706 0.943196 0.768838 
0063 0.0502364	0.851969 0.960127 0.854404 1.12199 1.29942 1.06242 1.15169 1.20318 0.928192 1.41182 
0064 0.22961	1.1877 1.18822 0.962234 1.00314 1.07884 0.938585 1.06651 1.076 1.00706 0.9825 
0065 0.109338	0.580392 0.780876 0.871746 0.812987 0.969692 1.1115 0.838154 0.872974 0.849431 0.979593 
0066 0.0626478	1.20938 1.03323 1.03663 0.914223 0.91458 0.900415 1.08992 1.05071 1.19137 1.22638 
0067 0.128546	0.877595 1.09861 0.897699 1.0841 1.02572 0.964707 0.902754 0.979666 0.822994 0.903267 
0070 0.191901	0.665926 0.823469 0.975594 0.965253 1.01326 0.996723 0.888896 0.95851 0.984698 1.03701 
0071 0.160765	1.31365 1.25095 1.00424 1.12989 1.03886 0.97585 1.05317 1.15599 1.05387 0.906822 
0072 0.157509	1.02253 0.995742 1.01937 0.941712 0.927435 0.946057 0.901314 0.822329 0.99848 0.917246 
0073 0.0573871	1.74389 1.30468 1.26695 0.952852 0.86166 0.956757 1.18531 1.01172 1.15436 0.998347 
0074 0.119048	1.02206 1.07497 1.11038 0.91916 0.82336 0.982477 1.10691 0.963959 1.07197 0.888498 
0075 0.10582	0.832038 1.11716 0.901487 1.07231 1.05032 1.07186 0.914777 0.972282 0.86283 0.875223 
0076 0.121083	0.740392 1.07125 0.982629 1.08552 1.12349 1.07279 1.04277 0.997629 0.970825 1.30097 
0077 0.0864876	1.17462 1.17871 1.05893 1.15815 1.15529 1.04864 1.24811 1.21527 1.13875 1.19974 
0100 0.0974543	0.886513 0.869604 1.0329 0.982875 0.986485 1.08195 1.11973 1.0242 1.14694 1.24095 
0101 0.0994431	1.08327 0.898716 1.03729 0.965794 0.894216 0.954023 0.834947 0.860634 1.00129 0.892674 
0102 0.0811456	1.22601 0.982051 0.958752 1.21385 1.0465 1.03488 1.16368 1.18394 0.984628 0.928212 
0103 0.168656	1.05407 0.970898 0.996518 1.01767 0.980701 0.968379 0.873534 1.0622 1.02653 0.940762 
0104 0.133652	1.19193 1.07237 1.01952 1.07406 1.03342 0.939174 1.01929 0.948612 1.07639 1.10232 
0105 0.145585	1.22584 0.954854 1.0958 0.949751 0.843844 0.977343 1.0052 1.03674 1.22337 1.18232 
0106 0.0934765	1.66559 1.17 1.21718 1.07533 0.916404 0.998739 1.12751 1.12016 1.13396 0.910534 
0107 0.180589	0.710652 0.760337 0.90763 1.10829 1.0689 1.08833 0.874619 0.987436 0.922945 1.02474 
0110 0.0635941	0.558755 0.90782 0.921625 0.847923 0.984473 1.02233 0.767418 0.943179 0.858535 0.771422 
0111 0.0814577	0.815568 0.998398 1.0474 1.10267 1.07731 1.00242 0.898806 0.991488 0.999227 1.13252 
0112 0.139693	0.8382 0.94335 0.976009 1.12557 1.14265 0.947405 1.08591 1.19808 0.969701 1.05677 
0113 0.262594	1.33998 1.11172 1.06626 1.05048 1.13892 0.977086 1.04358 1.06692 1.04067 0.944552 
0114 0.0857449	1.29493 1.18714 1.21705 1.01172 1.05533 0.973696 1.16213 0.970132 1.34401 1.27238 
0115 0.18721	0.91942 1.01626 1.01725 0.959794 1.0304 0.958941 0.911465 0.927116 1.01764 0.943046 
0116 0.115398	0.770875 0.900836 1.05967 0.856723 1.00101 1.10809 0.959508 0.993538 1.04011 1.16629 
0117 0.0643087	0.969758 1.06812 0.95632 1.01266 0.98293 1.04475 0.967853 1.03304 0.78775 0.746867 
0120 0.163877	0.944468 0.858475 1.01614 1.06641 1.06627 1.07719 1.07383 0.916722 1.01157 0.988477 
0121 0.0962343	1.05972 0.980143 0.957683 1.06808 1.03833 0.973913 0.889855 0.896174 1.05816 0.883632 
0122 0.0711297	0.748305 0.839319 0.935292 0.880293 0.940065 0.997143 0.878995 0.937544 0.836979 0.74566 
0123 0.0550907	1.73145 1.16929 1.1395 0.966984 0.934753 0.959264 1.27166 0.982919 1.15944 0.947071 
0124 0.13947	0.82165 0.75784 0.894217 1.09827 1.06189 0.990279 0.905835 1.01212 0.923684 1.14807 
0125 0.254533	1.26096 0.939606 1.08059 1.01578 1.02641 0.905075 1.0995 0.95572 1.13596 1.09585 
0126 0.123431	1.16396 1.02307 0.978365 1.19477 1.1469 1.01997 1.14822 1.17892 1.06581 1.06885 
0127 0.0962343	0.883534 0.903183 0.998683 0.971909 0.906578 1.00562 1.01905 0.954131 0.921315 0.82124 
0130 0.0776221	0.830486 0.947369 1.06303 0.969798 1.03122 1.00027 0.989586 0.875475 1.08622 1.12662 
0131 0.0586899	1.99197 1.39876 1.03716 1.34176 1.10955 0.924984 1.26867 1.24607 1.07169 0.822352 
0132 0.101098	1.46797 1.03974 1.10466 1.02453 0.940646 0.963557 1.20182 1.02937 1.11124 1.10919 
0133 0.134797	0.867053 0.924338 0.950994 1.19409 1.1799 1.11257 1.0392 1.06057 0.940262 1.05105 
0134 0.123438	0.607538 0.875937 0.886822 0.949329 1.03261 0.95115 0.796795 0.881382 0.914057 0.998684 
0135 0.138205	1.26669 1.08385 1.05818 1.13425 1.06275 0.947675 1.19971 1.08684 1.19955 1.23079 
0136 0.0870882	1.35637 1.1533 0.909067 1.1815 1.08752 0.904957 1.01061 1.11922 1.02922 0.930452 
0137 0.279061	1.0774 1.05115 0.943319 0.910947 0.965341 0.892894 0.894884 0.883347 0.91276 0.798002 
0140 0.0493947	0.945958 0.969683 0.991007 0.921855 0.911048 0.976183 0.849213 0.895287 0.818979 0.863284 
0141 0.0687651	2.09491 1.24678 1.1407 1.04398 0.913909 0.918165 1.21662 1.09932 1.0765 0.87925 
0142 0.223245	1.11589 1.11874 1.03454 0.990171 0.879774 1.01723 1.02165 0.979254 0.949196 0.908656 
0143 0.11816	1.53631 1.1142 1.12892 1.02282 0.985624 0.977388 1.09403 1.00153 1.08327 1.01153 
0144 0.096368	1.29619 0.982944 0.995642 1.09957 1.03385 0.984426 1.23411 1.13267 1.04758 1.38789 
0145 0.179661	1.17333 1.04918 1.07768 0.867669 0.919312 0.906466 0.941831 0.998128 1.09763 1.21195 
0146 0.152542	0.741333 0.915853 0.907014 1.06463 1.12077 1.0435 0.875079 1.06053 0.890294 1.18966 
0147 0.111864	0.680692 0.821903 0.984225 0.870726 0.905668 1.0795 0.814077 0.857795 0.96893 1.03644 
0150 0.203687	1.39627 1.16281 1.04681 0.862446 1.00877 0.912212 1.01778 0.992516 1.03733 0.956197 
0151 0.196225	0.938333 1.07788 1.01594 0.843431 0.888165 0.937296 0.869211 0.888768 0.989602 0.879258 
0152 0.0601405	0.669021 0.964197 0.896453 0.994982 1.0123 1.10697 0.981105 0.92616 0.88999 0.833556 
0153 0.0891133	1.26074 1.04283 1.15786 0.943968 0.987756 0.982202 1.10087 0.94714 1.24254 1.14379 
0154 0.046532	0.777753 0.753447 1.01813 0.828046 1.01255 0.943761 0.983213 0.895842 1.0922 1.26569 
0155 0.130378	0.692535 0.891903 0.89429 1.06168 1.22173 1.07357 0.943124 1.10579 0.904191 1.07547 
0156 0.15935	1.01351 0.976581 0.926705 1.01951 1.09776 0.929224 1.01235 1.04303 1.02077 0.96815 
0157 0.114574	1.55303 1.22066 1.01548 1.18254 1.0818 0.995792 1.2504 1.11929 1.05805 0.753048 
0160 0.113901	1.04327 0.963304 1.08292 0.870467 0.90041 0.771877 0.926126 0.807034 1.06599 0.84676 
0161 0.177584	0.801611 0.824202 0.914507 1.00766 1.11122 0.999257 1.01851 0.948905 0.907943 1.04301 
0162 0.0636827	0.691972 0.642806 0.952847 0.807753 1.00665 0.971225 0.842954 0.813727 1.06071 1.23962 
0163 0.101892	0.910699 1.11734 0.938538 1.2361 1.22202 1.00636 0.976781 1.16675 0.881221 1.07827 
0164 0.12591	0.7814 0.911306 0.934766 0.882257 1.07096 0.891142 0.889442 0.813409 0.905717 0.885776 
0165 0.101164	0.845803 0.942458 1.05181 1.00059 1.04648 0.952375 1.11027 0.947304 1.03519 1.32718 
0166 0.25182	1.5374 1.05298 1.10171 1.0255 1.02209 0.888769 1.10747 0.975282 1.0411 0.882025 
0167 0.0640466	1.04944 0.928568 1.07729 0.777596 1.03154 0.78065 0.90047 0.846243 1.21444 1.10774 
0170 0.227314	1.11309 1.05178 0.99249 1.03445 1.0333 0.965011 0.877051 0.861351 0.983333 0.901291 
0171 0.0857012	0.82288 0.91612 0.923385 1.08117 1.11959 1.00466 0.896818 0.978897 1.04463 1.42057 
0172 0.170944	0.74791 0.777756 1.02889 0.891266 0.922506 1.10828 0.944523 0.88512 0.962384 1.21876 
0173 0.0623281	0.716755 0.781362 1.03276 0.879929 0.879243 1.10743 0.836161 0.828576 1.03626 0.940038 
0174 0.0769936	0.639125 0.861402 0.875544 1.06939 1.0798 1.12021 0.809055 0.993563 0.830878 1.08784 
0175 0.0582035	1.03573 0.951565 0.900459 1.3683 1.05398 1.05179 0.999172 1.23508 0.947893 1.26986 
0176 0.205775	1.67002 1.16298 1.06174 1.16395 1.0922 0.999475 1.0589 1.00523 1.08239 1.0707 
0177 0.112741	1.10244 1.05969 1.09577 0.956786 0.816744 0.94168 1.07975 1.01381 1.0951 1.04069 
1000 0.263793	0.851806 0.908911 0.943015 1.03675 0.913592 1.1034 0.883889 0.979716 0.941182 0.898333 
1001 0.0825123	0.567146 0.768389 0.8291 1.18407 1.08226 1.17326 0.85112 1.14948 0.8941 1.13705 
1002 0.0756158	1.72743 1.36553 1.08268 1.08168 0.908632 1.03562 1.06327 1.06731 1.05602 0.718567 
1003 0.0578818	1.80642 1.47009 0.999398 1.34559 1.04384 0.926757 1.31445 1.33998 1.0922 0.773302 
1004 0.0773399	1.48636 1.14572 1.11831 0.930838 0.943386 0.896274 1.0397 1.0112 1.22548 1.1356 
1005 0.191379	0.755868 0.822159 1.02467 0.855892 0.827593 0.995046 0.90501 0.921317 1.06833 1.15164 
1006 0.152463	1.08065 1.02176 0.936862 1.25985 1.02897 1.04275 1.12549 1.2259 0.971107 0.961067 
1007 0.0990148	1.30498 1.13561 1.07105 1.00106 0.851595 0.914807 1.06241 1.04545 1.06078 0.894396 
1010 0.0726941	0.926919 0.980803 1.00324 1.02779 1.01935 1.0304 0.963518 1.10855 0.999061 1.06769 
1011 0.16024	0.845007 0.750052 0.911033 1.02659 1.07763 1.08272 0.941891 1.01551 1.06483 1.28998 
1012 0.226811	0.779413 0.944921 0.910442 0.939737 0.954501 1.02862 0.860097 0.930797 0.896433 0.947841 
1013 0.0871548	1.36266 1.13206 1.06134 0.902042 0.888843 0.893437 0.861146 0.984825 0.987735 0.787703 
1014 0.159458	1.54887 1.07938 1.09445 0.8993 0.820197 0.97337 1.02876 1.03212 1.16261 0.925781 
1015 0.151902	1.30445 1.09453 0.97884 1.00106 0.963273 0.989224 1.08013 1.07153 0.966116 0.912411 
1016 0.0578426	1.17702 1.11368 0.952247 1.1485 1.05523 1.02631 1.17624 1.31276 1.05837 1.11148 
1017 0.0838979	0.864981 0.97355 1.04709 0.801787 0.919078 1.02481 0.896794 0.853949 1.00445 0.947342 
1020 0.081994	1.177 1.13237 1.01865 1.0804 1.06693 0.907617 0.981469 1.08187 1.06459 1.11858 
1021 0.0656497	0.971471 0.969286 1.06495 0.9074 0.97483 0.972484 1.0576 1.04086 1.10167 1.08481 
1022 0.183874	0.617831 0.790436 0.902724 0.903494 0.969202 0.976946 0.871954 1.02464 0.879556 1.042 
1023 0.123944	1.65255 1.26509 1.09345 1.13016 0.985074 0.917427 1.12278 1.1717 1.03561 1.02872 
1024 0.0986107	0.877394 0.993087 0.986076 1.16607 1.16164 1.05492 1.02301 1.15527 0.986076 1.16621 
1025 0.202942	0.85551 0.901725 0.974069 0.964132 1.03279 0.973467 1.03642 0.976299 0.943511 1.00796 
1026 0.122582	1.16591 1.11839 1.04918 0.983232 0.970529 0.866908 0.917529 1.06756 1.02517 0.95564 
1027 0.120403	1.14737 1.09964 1.07568 0.828952 0.812843 0.934254 0.920066 0.970657 0.956989 0.833472 
1030 0.0771896	1.9729 1.32467 1.05424 1.1652 0.931433 0.947909 1.16404 1.25177 1.06147 0.896583 
1031 0.115111	1.25685 1.17769 1.00496 1.07392 0.965378 0.945612 1.08156 1.15902 1.00562 0.857728 
1032 0.100289	0.927948 0.89549 0.846018 1.06968 1.04626 0.948914 0.86885 1.06618 0.93667 1.00229 
1033 0.153802	1.14656 0.996225 1.03477 0.990714 1.0113 0.942352 1.09307 0.993535 1.17569 1.17578 
1034 0.232339	0.672828 0.805955 0.932113 0.894877 1.00489 1.05835 0.918387 0.897819 1.04405 1.12094 
1035 0.081232	1.27024 1.12226 1.01342 1.06227 1.02899 0.968999 1.21887 1.16634 1.11342 1.0933 
1036 0.133205	1.2822 1.06712 1.02544 0.865186 0.869026 0.901078 1.03693 0.951402 0.995832 0.922907 
1037 0.106833	0.91657 0.950566 1.07528 0.793566 0.83463 0.928656 0.973756 0.855504 1.08198 0.951272 
1040 0.123052	1.15656 0.996019 1.0518 0.960256 0.906318 0.954896 1.07758 0.806128 1.02945 0.979408 
1041 0.0601827	1.65804 1.26942 1.00196 1.09443 1.07392 0.917411 1.22964 0.93805 0.979814 0.883786 
1042 0.124664	1.03168 1.03307 1.07403 0.936108 1.00281 0.996893 1.11762 1.05526 1.11461 1.09862 
1043 0.224073	0.788089 0.921889 0.906053 1.15844 1.11231 1.10085 0.962228 0.983301 0.938073 1.21367 
1044 0.0849006	0.739725 0.826009 0.95998 0.811886 0.896263 1.03086 0.877451 0.815482 0.911976 0.974802 
1045 0.0650188	1.41882 1.15303 1.06077 1.0968 1.08366 1.03908 1.21033 1.07211 1.12387 1.20391 
1046 0.135948	1.42379 1.11712 1.02208 0.93876 0.985977 1.00437 0.965217 0.996262 1.0343 0.917907 
1047 0.18216	0.8944 0.827223 0.960678 0.853329 0.92892 0.991129 0.933325 0.880033 0.934518 0.959449 
1050 0.15359	1.21132 1.15511 0.947045 1.08407 1.00472 0.950094 0.946941 1.18486 0.943513 0.878067 
1051 0.127391	0.729641 0.910135 0.914236 0.941329 0.932462 0.982355 0.911414 0.917273 0.857228 0.929542 
1052 0.0844192	1.01878 0.891858 1.10375 0.793718 0.832089 0.889956 0.863259 0.884641 1.11745 0.956567 
1053 0.0770724	1.36391 1.22654 0.972665 1.30634 1.08096 1.04527 1.21328 1.38053 1.03994 1.13708 
1054 0.138481	1.64278 1.24154 1.06466 1.01831 0.939053 0.853352 1.0986 1.15916 1.12603 0.871438 
1055 0.210424	1.06579 0.903042 1.06064 0.954592 0.913968 0.975423 1.00436 1.0104 1.09921 1.09327 
1056 0.0766565	0.595401 0.733398 0.890118 1.12651 1.17201 1.11591 0.908398 1.08832 0.961787 1.26762 
1057 0.131966	0.934033 0.940717 0.861673 1.10849 1.08563 1.08806 0.923265 0.992426 0.896631 0.8594 
1060 0.0652485	1.15266 1.09185 1.04401 0.887704 0.937251 0.842383 0.78942 0.890866 0.938281 0.755045 
1061 0.22956	0.706855 0.815655 0.884806 1.02323 1.16669 1.09007 0.9116 0.975441 0.933666 1.12452 
1062 0.0700111	0.924301 0.955219 1.03414 0.973076 1.02255 0.941546 1.2122 0.962424 1.06477 1.02424 
1063 0.111923	1.63043 1.26074 1.11276 0.955341 1.01806 0.900512 0.995875 0.974367 1.14281 0.916238 
1064 0.0588982	2.07811 1.33213 1.12653 0.983474 1.03163 0.870476 1.19194 0.924456 1.1942 0.939616 
1065 0.07398	1.03957 1.12129 0.954737 1.31627 1.15886 1.00237 1.0833 1.2566 0.969689 1.17296 
1066 0.18876	0.83906 0.877353 1.11252 0.824247 0.958619 1.00198 0.941572 0.826319 1.1134 1.34781 
1067 0.201619	1.18084 1.10468 1.04873 1.01702 0.995545 0.96298 1.06015 1.05235 1.02083 0.934581 
1070 0.115577	0.962832 0.976318 1.03119 0.832483 0.849545 0.912796 0.869155 0.847319 0.95425 0.868074 
1071 0.108197	1.5084 1.17968 1.06842 1.06226 1.11927 0.896552 1.24098 1.00925 1.17072 0.972469 
1072 0.170413	1.30924 1.0507 1.01615 1.11715 1.06246 0.940377 1.06685 1.03941 1.09746 1.11514 
1073 0.115123	0.787616 0.915432 0.807661 1.24282 1.21947 1.13043 0.972676 1.11763 0.916914 1.1832 
1074 0.094119	1.76968 1.33205 0.994845 1.04093 0.970362 0.850582 1.04932 0.974831 1.07125 0.677634 
1075 0.213556	1.01292 0.919064 0.96394 1.05875 1.0776 0.992156 1.0258 0.950516 1.03321 1.12308 
1076 0.110808	0.679139 0.729904 0.926374 0.919026 1.02405 1.04101 0.979221 0.919822 0.94926 1.07149 
1077 0.0722071	0.740974 0.687491 0.99159 0.836137 0.993462 0.951885 0.961317 0.895476 1.15329 1.39999 
1100 0.151948	1.23271 1.12116 0.980823 1.22347 1.14452 1.02897 1.10846 0.947978 1.06604 1.03994 
1101 0.0688312	1.19213 1.27143 1.14887 0.965425 0.879474 0.914252 1.15648 1.0476 1.15619 0.937158 
1102 0.0987013	0.680041 0.950162 0.951763 0.995448 1.08751 1.14304 1.0975 1.05679 0.916166 1.2517 
1103 0.263636	1.16188 1.24532 0.972513 1.1382 1.02971 0.907289 1.04275 1.0244 0.943251 0.860766 
1104 0.151948	0.76732 0.833216 0.95635 0.935539 0.925772 1.10187 0.929508 0.879881 0.959079 1.12138 
1105 0.0792208	0.952961 0.929888 1.01418 0.958914 1.05661 1.04476 1.05447 0.942189 1.08777 1.37993 
1106 0.111688	0.584407 0.795193 0.836247 1.117 1.12648 1.10911 0.964642 1.08338 0.838964 1.21995 
1107 0.074026	1.66242 1.42622 1.07588 1.2536 1.12515 1.05907 1.41294 1.15027 1.12799 1.12606 
1110 0.110441	0.462001 0.724861 0.94928 1.05851 1.06523 1.16616 0.814525 0.919244 0.849685 1.19416 
1111 0.156845	0.898225 0.855962 0.934975 1.1222 0.973726 1.01712 0.984027 1.03242 0.908695 0.959351 
1112 0.124826	0.899217 1.07825 0.97836 1.16845 1.06582 1.1002 1.07593 1.09539 0.941534 1.10119 
1113 0.0468677	1.3045 1.23964 1.07054 1.30707 1.03706 0.900398 1.22018 1.31481 1.05037 1.08123 
1114 0.137355	1.18526 1.05027 1.1295 0.912388 0.864805 0.906302 1.08924 0.999646 1.17732 1.12932 
1115 0.103016	1.29035 1.09294 1.03493 1.14617 0.920132 0.922054 1.068 1.03004 0.991665 0.733353 
1116 0.210673	0.859788 0.947751 1.04028 0.926339 0.939676 1.04161 0.917288 0.896696 0.959024 1.02886 
1117 0.109977	0.826689 0.88565 1.08846 1.07205 0.981915 1.10938 1.0617 1.15046 1.03764 1.59922 
1120 0.190743	1.05742 0.99482 0.980784 1.10379 1.03029 0.924928 0.906613 0.889755 1.01443 0.935332 
1121 0.0617111	0.566139 0.810615 0.84841 0.998967 1.01899 0.964803 0.792772 0.866483 0.853243 0.874782 
1122 0.220196	0.837222 0.991686 1.03094 0.855482 1.01931 0.906575 0.946475 0.899787 1.06388 1.01817 
1123 0.0925666	0.947808 0.909155 0.960637 1.20351 1.1259 1.00795 0.963798 0.921246 0.966968 1.19675 
1124 0.165498	1.44894 1.27853 0.994824 1.19764 1.11328 0.939635 1.11186 1.088 1.10356 0.924476 
1125 0.0687237	0.900956 1.11745 0.888322 1.16643 1.08562 1.05005 1.04868 1.17992 0.947993 1.03004 
1126 0.124825	1.51367 1.38425 1.07508 0.952735 0.880628 0.855911 1.09122 1.00273 1.15154 0.909581 
1127 0.0757363	0.576498 0.834872 0.880877 0.950997 1.11587 0.994033 0.90892 0.925849 0.882127 1.15924 
1130 0.086534	1.18619 1.21327 0.990712 1.15609 0.990663 0.967855 1.11211 1.09021 0.940012 0.714905 
1131 0.103193	0.727033 0.863962 0.850606 1.11447 1.04286 1.05016 0.845495 0.923944 0.814578 0.970085 
1132 0.185099	1.27206 0.976229 1.10346 0.982966 1.00933 1.07295 1.08499 0.902189 1.15672 0.925502 
1133 0.0758908	0.868499 0.827504 1.03462 0.818488 0.894625 0.98569 0.941033 0.786011 1.08604 1.14477 
1134 0.142989	0.804193 0.882185 0.923491 1.12152 1.09465 1.15769 0.95953 1.06689 0.969982 1.06003 
1135 0.180935	1.07092 1.05444 1.02417 0.948724 0.924551 0.943578 0.93075 0.939659 0.982951 0.785622 
1136 0.0869968	1.00154 0.829584 1.01795 1.19085 1.17636 1.08718 1.05021 1.13102 1.15305 1.41588 
1137 0.138362	1.83334 1.23179 1.10733 1.1254 0.948654 0.967341 1.23396 1.10937 1.22493 0.962752 
1140 0.264512	0.919772 0.924879 0.980779 0.985505 0.984095 1.05901 0.918775 0.953112 1.01965 0.88846 
1141 0.073219	1.45141 1.15647 1.0168 1.30656 1.08017 1.03082 1.05636 1.26797 1.05791 0.877543 
1142 0.098285	0.680109 0.791021 1.0526 0.860753 1.01844 1.03778 1.03144 0.864903 1.01559 0.939356 
1143 0.0573879	1.8999 1.37951 1.17293 0.948575 0.92802 0.865402 1.15876 0.929666 1.17341 0.693998 
1144 0.120053	1.38446 1.15166 1.18864 1.01114 0.924838 1.01247 1.11885 1.07411 1.19379 0.997498 
1145 0.149736	0.80959 0.987923 0.902284 1.15626 1.12233 1.10218 1.033 1.021 0.888766 0.91936 
1146 0.119393	0.592087 0.944673 0.891975 1.06887 1.16643 1.16846 0.840677 0.9183 0.875413 0.905882 
1147 0.117414	1.11094 1.08325 1.09226 0.962851 0.900778 1.00831 1.06858 0.960326 1.09366 0.848346 
1150 0.0403281	1.18493 1.11265 0.928307 1.35261 1.24422 1.07654 1.16513 1.12292 0.969332 1.16008 
1151 0.138072	1.1596 1.128 0.970704 1.0913 1.01423 1.009 1.00884 1.0496 0.959261 0.948238 
1152 0.144224	0.734372 0.896587 0.869364 1.08888 1.03376 1.02174 0.870739 0.937176 0.88245 0.954169 
1153 0.146617	0.737554 0.998555 0.914971 1.14344 1.11897 1.17258 1.00501 1.06539 0.870248 1.16664 
1154 0.126452	1.01344 0.843487 1.08982 0.806387 0.933793 0.948929 0.994181 0.740595 1.07839 1.04111 
1155 0.130554	1.32225 1.30441 1.07711 1.11266 1.06909 1.01693 1.28559 1.05039 1.07208 1.14517 
1156 0.117225	1.1511 0.992793 0.992507 1.1614 1.10644 0.921681 1.05765 0.946893 1.11651 1.11551 
1157 0.156528	1.56926 1.18664 1.0309 1.02818 0.989484 0.916448 1.14419 1.01199 1.06329 0.972249 
1160 0.158315	1.10074 1.15277 0.963448 1.21826 1.1174 1.00884 1.12468 1.01291 1.11823 1.09622 
1161 0.129993	1.62516 1.32905 1.13936 1.04632 0.989741 0.950139 1.22704 1.08516 1.10667 0.951041 
1162 0.100944	1.45824 1.27471 1.03364 0.937433 0.943656 0.890329 0.978992 0.92399 1.03684 0.747192 
1163 0.12854	1.02853 1.13411 0.866249 1.1214 1.04577 0.94434 0.988854 1.08002 0.95061 0.835376 
1164 0.129267	1.10497 1.13362 1.04922 0.95899 0.979834 0.950497 1.15831 0.973597 1.20274 1.11909 
1165 0.0994916	0.609413 0.898727 0.87587 1.04719 1.10865 1.19777 0.8365 0.963354 0.858827 1.05076 
1166 0.114742	0.868735 1.04222 1.01811 1.0073 0.957628 0.948998 1.0512 0.947389 0.993463 0.964296 
1167 0.138707	0.888342 1.05292 0.954951 0.944508 0.968877 0.962274 0.862811 0.891974 0.945169 0.990094 
1170 0.174571	1.03563 1.18657 0.914382 1.12852 0.967222 0.914192 1.02442 1.1889 0.848076 0.753145 
1171 0.139253	1.04725 0.979418 0.853568 0.979476 0.933925 0.895358 0.865471 1.02838 0.977074 1.04811 
1172 0.182644	1.65595 1.12045 1.08596 0.94098 0.795013 0.880534 1.04118 1.0202 1.2148 0.980163 
1173 0.0837538	0.800167 0.821047 0.907048 0.8575 0.912178 0.9492 0.982465 0.901969 0.900889 0.875718 
1174 0.119072	0.936145 0.917721 1.02092 0.697737 0.816996 0.889812 0.818104 0.827096 1.05239 0.871201 
1175 0.139253	0.707698 0.741544 0.888527 0.987848 1.03458 1.04904 0.880798 1.01917 0.989624 1.16798 
1176 0.0413724	0.642457 0.793523 0.796492 1.23839 1.26876 1.00859 0.917063 1.13041 0.931412 1.26166 
1177 0.120081	1.04981 1.10167 1.04989 0.889502 0.955984 0.904668 1.11115 0.968456 1.06933 0.95878 
BOUNDS
LWPS R    0.0  0.0  0.0  0.0  0.0  0.0  0.0  0.0  0.0  0.0
UWPS R    0.5  0.5  0.5  0.5  0.5  0.5  0.5  0.5  0.5  0.5
LXAS R   -0.5 -0.5 -0.5 -0.5 -0.5 -0.5 -0.5 -0.5 -0.5 -0.5
UXAS R    0.5  0.5  0.5  0.5  0.5  0.5  0.5  0.5  0.5  0.5
END
