NAME moment_estimation_cluster
ASSETS 10
BENCHMARKS 0.1 0.1 0.1 0.1 0.1 0.1 0.1 0.1 0.1 0.1 
COVARIANCES
0 0 0.00698834
1 0 0.00279249
1 1 0.00656603
2 0 0.0018583
2 1 0.00819061
2 2 0.0132695
3 0 0.00312502
3 1 0.00428682
3 2 0.00651356
3 3 0.00535697
4 0 0.00243615
4 1 0.00305998
4 2 0.00385584
4 3 0.00262317
4 4 0.00248317
5 0 0.00414749
5 1 0.00458453
5 2 0.00581141
5 3 0.00465338
5 4 0.00332819
5 5 0.00537723
6 0 0.00015658
6 1 0.00404682
6 2 0.00578306
6 3 0.00209039
6 4 0.00144752
6 5 0.00198422
6 6 0.00333275
7 0 0.00161976
7 1 0.0056334
7 2 0.00835859
7 3 0.00450045
7 4 0.00315123
7 5 0.00447574
7 6 0.00351874
7 7 0.00634466
8 0 0.00318407
8 1 0.00499393
8 2 0.00638379
8 3 0.00440166
8 4 0.00302573
8 5 0.00473973
8 6 0.00242766
8 7 0.00498958
8 8 0.00550532
9 0 0.000207899
9 1 0.000261225
9 2 0.00039541
9 3 0.000617297
9 4 0.000565583
9 5 0.000681103
9 6 -3.38071e-05
9 7 0.000683428
9 8 0.000766492
9 9 0.000873541
SCENARIOS
0 0.51705	1.02363 1.07235 1.09462 1.05588 1.04433 1.04704 1.04727 1.05902 1.08038 1.01226 
1 0.48295	0.984129 0.946064 0.923108 0.946983 0.964771 0.959948 0.96178 0.945013 0.968857 0.98519 
00 0.804313	1.0785 1.02326 1.04392 1.02916 1.01643 1.02443 1.02638 1.02201 1.02698 0.993242 
01 0.195687	0.911114 0.881747 0.858122 0.912079 0.918554 0.895255 0.933526 0.905967 0.906807 0.974547 
10 0.398426	1.00478 1.07831 1.12021 1.08167 1.06151 1.06136 1.02942 1.06421 1.05533 1.01966 
11 0.601574	0.945043 0.964624 0.956438 0.965897 0.964158 0.964276 0.974504 0.964567 0.945822 0.999845 
000 0.111165	0.953481 0.977262 1.02005 1.00152 0.950136 0.931208 1.01538 0.948961 0.931938 0.981803 
001 0.206314	0.980608 1.02702 1.03313 1.0016 1.03461 1.05306 0.994953 1.05169 0.99681 1.00543 
002 0.051242	0.952743 0.971623 0.866943 0.902466 1.01547 0.997074 0.951881 0.989755 0.960777 1.00526 
003 0.175415	0.92005 0.910191 0.888083 0.95159 0.977726 0.986553 0.946305 0.928606 0.929995 1.02517 
004 0.155962	1.12361 1.13947 1.15373 1.16464 1.08594 1.20609 1.01971 1.15918 1.14372 1.04944 
005 0.156299	0.871278 0.874341 0.848139 0.890712 0.907148 0.891917 0.938663 0.880152 0.843764 1.01953 
006 0.0660543	0.999729 1.18012 1.35026 1.0985 1.08918 1.1367 1.13758 1.26693 1.10081 0.982753 
007 0.0775483	0.8952 1.12041 1.27141 1.091 0.996696 1.05478 1.09324 1.13213 1.05767 0.991297 
010 0.107828	1.04536 1.1151 1.27888 1.14548 1.07458 1.11522 1.09409 1.17675 1.05108 0.99634 
011 0.132437	1.03704 1.00404 1.03208 1.06669 1.00545 1.06728 0.982633 1.00518 1.00806 0.994361 
012 0.0825262	0.960928 1.05166 1.20042 1.03835 0.950144 0.969599 1.09139 0.991409 0.958643 0.963631 
013 0.0466495	1.2362 1.0396 0.967615 1.11022 1.09884 1.11123 0.934529 1.03042 1.09273 1.04444 
014 0.170093	0.993183 0.904224 0.877854 0.905347 0.927206 0.865244 0.96304 0.94588 0.892012 0.985845 
015 0.179779	1.00679 0.928603 0.895868 0.910454 1.01111 1.0057 0.92976 0.958051 0.913444 1.00321 
016 0.178	1.00471 1.10823 1.16803 0.981669 1.04629 1.04072 1.0831 1.09327 0.964534 0.96793 
017 0.102688	1.15165 1.01125 0.981815 1.0026 1.02347 1.06201 0.966184 1.01973 1.03178 1.02803 
100 0.0710425	1.14397 0.972505 0.793275 0.897864 0.995682 0.968119 0.980557 0.899789 0.955861 0.979822 
101 0.106122	1.19122 1.0834 1.13491 1.15936 1.02567 1.09426 1.06904 1.07801 1.11408 1.03757 
102 0.0971313	0.856318 1.06933 1.13342 0.980415 0.966174 0.950869 1.11264 1.01913 1.02154 0.968226 
103 0.0981187	1.0302 1.00497 0.99841 1.0337 0.990332 1.03015 0.949398 1.04902 1.0406 0.980688 
104 0.0916225	1.07817 1.22159 1.22327 1.10013 1.09106 1.14143 1.12464 1.19805 1.14018 1.00797 
105 0.109344	1.04921 1.03252 1.04014 1.03233 1.09328 1.12623 1.03186 1.11112 1.12097 1.0496 
106 0.224353	1.00444 0.970862 0.966046 0.945801 1.00743 0.996841 1.02535 1.02817 1.00733 1.02414 
107 0.202266	1.03448 0.943044 0.866951 0.934022 0.933879 0.928268 0.97597 0.917682 0.945655 1.00227 
110 0.0649158	1.1003 1.1693 1.24141 1.2125 1.09787 1.12424 1.11758 1.21467 1.16893 1.03014 
111 0.123533	0.990917 0.93669 0.854066 0.907003 0.965338 0.930098 0.964649 0.919895 0.924744 0.987097 
112 0.0733487	0.934659 0.848547 0.752225 0.83858 0.896822 0.836654 0.916493 0.839089 0.835029 0.964264 
113 0.0682201	0.926539 0.880855 0.92134 1.03685 0.949008 0.976453 0.914897 0.924721 0.917219 1.02359 
114 0.108216	0.882728 0.986466 1.06062 0.966081 0.958968 0.869478 1.10623 0.987308 0.915338 0.993192 
115 0.207655	0.998054 1.05304 1.14307 1.07113 1.01939 1.01301 1.06819 1.07218 1.02788 1.01385 
116 0.12756	1.11218 0.951757 0.93412 0.973281 1.02021 1.00294 0.973318 0.96707 0.967304 1.00193 
117 0.226551	1.0902 1.06998 1.07551 1.07319 1.07979 1.05771 1.01275 1.08753 1.07072 1.04305 
0000 0.12719	1.08253 1.02716 0.929431 0.98674 1.05158 1.10897 0.951053 0.94819 1.04467 1.0158 
0001 0.101017	1.03102 1.05052 0.971119 0.968456 0.987348 1.01385 0.980511 1.01977 0.972805 0.977464 
0002 0.106424	0.869486 0.926951 0.99172 0.976464 0.959168 0.952089 0.943454 1.01458 0.980701 0.9989 
0003 0.0713822	1.04469 0.949623 0.859803 0.961234 0.956254 1.00563 0.961501 0.919067 0.988868 0.958877 
0004 0.171101	1.08302 0.943496 0.928344 1.03608 1.01138 1.08692 0.919789 1.00435 1.05547 1.02372 
0005 0.0845771	0.946874 1.03449 1.08416 1.01132 0.957803 1.04506 1.01056 1.05953 0.956735 0.995065 
0006 0.269738	1.0925 1.16695 1.18681 1.11274 1.06407 1.1724 1.07594 1.17584 1.10073 0.988912 
0007 0.0685702	0.928145 0.926714 0.861422 0.860611 0.953746 0.967727 0.95591 0.91958 0.935735 0.941412 
0010 0.113986	1.05742 1.11854 1.09216 1.00571 1.0817 1.09201 1.0419 1.10165 1.13193 1.03281 
0011 0.074359	0.99465 1.11915 1.21995 1.16361 1.09065 1.1783 1.09059 1.12161 1.13927 1.04788 
0012 0.0604895	1.13886 1.03756 1.12486 1.12228 1.03956 1.09077 1.00076 1.06185 1.06069 1.00391 
0013 0.177156	0.978563 1.04314 1.07091 1.04243 1.00513 0.999206 1.01818 1.00124 1.04016 0.985463 
0014 0.0679487	0.950015 1.0547 1.04355 0.875579 0.952155 0.911708 1.09691 0.996416 0.966894 0.956603 
0015 0.0820513	1.14567 0.944758 0.867237 1.00455 1.04123 1.00128 0.906586 0.906101 1.07336 1.05204 
0016 0.255711	0.879654 0.939596 0.912323 0.950376 0.944474 0.942894 0.976166 0.931477 0.944261 0.995908 
0017 0.168298	0.914729 1.02194 1.01127 0.972336 1.01648 0.957149 1.00461 1.03228 1.0221 1.01131 
0020 0.163773	0.983608 0.990725 1.11233 0.997486 0.984671 0.926341 1.01955 0.989549 0.922428 0.998005 
0021 0.125293	1.00232 1.0867 1.24731 1.0309 1.03543 0.994987 1.0981 1.08915 1.06979 0.957312 
0022 0.234632	1.01118 0.900735 0.919943 0.90212 0.944748 0.917801 0.919791 0.86905 0.988664 1.00898 
0023 0.0675739	1.24614 1.02702 0.987372 1.07129 1.11234 1.1231 0.922919 1.03207 1.049 1.02488 
0024 0.0825903	1.11417 0.865586 0.862482 0.987479 1.04379 1.07039 0.886346 0.868908 0.962728 1.03591 
0025 0.175504	1.17864 1.013 1.03229 1.01312 1.03 1.04783 1.00748 0.982937 1.0297 1.00401 
0026 0.102769	1.05532 1.10823 1.29203 1.086 1.08071 1.08607 1.037 1.06577 1.06266 1.05299 
0027 0.0478649	1.07089 0.940682 1.02037 1.0792 1.02054 1.08348 0.915929 0.937795 1.06545 1.06431 
0030 0.100617	0.918403 0.954794 0.975389 0.923677 0.90528 0.851036 1.00101 0.9541 0.874206 0.976583 
0031 0.0901988	0.970869 1.0057 0.969529 0.910172 0.978666 0.928996 1.03051 1.01009 0.954094 0.955587 
0032 0.162714	1.05896 1.10409 1.14307 1.07162 1.03767 1.03995 1.02041 1.09109 0.988994 0.964333 
0033 0.0712817	0.999424 0.899011 0.798927 0.905422 0.977082 0.947324 0.904346 0.945982 0.946581 1.02322 
0034 0.216313	1.01174 0.967124 0.89973 0.999163 0.97521 0.983181 0.889828 0.961386 0.978997 0.966178 
0035 0.117478	0.993742 1.18268 1.18835 1.101 1.05406 1.03874 1.0809 1.17622 1.15021 1.02683 
0036 0.105415	0.977479 1.0295 1.1063 1.06664 1.04444 0.98596 0.997242 1.14076 1.02748 1.02873 
0037 0.135984	1.10642 1.02169 0.927269 1.00008 1.06121 1.01427 0.976777 1.03594 0.981273 0.990224 
0040 0.0787851	1.00846 0.940696 0.849985 0.882055 1.02399 0.956991 0.94756 0.923789 0.919673 0.991871 
0041 0.15202	1.022 0.887588 0.84814 0.938478 0.965546 0.91712 0.942506 0.862658 0.944713 0.993032 
0042 0.217237	0.945935 0.997345 1.04814 1.00565 1.00945 0.976408 1.03422 0.995638 1.0542 0.973496 
0043 0.147857	1.00239 1.0765 1.13774 1.04178 1.07807 1.08087 1.05248 1.10034 1.01883 1.01045 
0044 0.116405	1.03532 1.12375 1.27703 1.15522 1.10329 1.1585 1.12128 1.12531 1.18811 1.00185 
0045 0.130435	0.933325 0.914945 0.842885 0.872643 0.91408 0.874414 0.958847 0.881888 0.875702 0.940116 
0046 0.0760099	0.863147 0.890365 0.979138 1.0142 0.919611 0.886595 0.978415 0.937044 0.903318 0.991204 
0047 0.0812519	1.04575 0.947961 0.96693 1.09011 0.969751 0.976798 0.947189 0.94397 0.953635 1.0166 
0050 0.0743077	0.939117 1.18321 1.35153 1.20965 1.07814 1.14553 1.09222 1.16628 1.13995 0.962148 
0051 0.0944615	0.842663 0.988099 1.04757 0.946064 0.928554 0.92015 1.03384 0.959594 0.973126 0.952005 
0052 0.123077	0.860769 0.933942 0.974901 0.95273 0.949502 0.946445 0.928091 0.945397 0.983771 0.961791 
0053 0.181385	1.04752 1.00799 0.946901 1.0166 1.03242 1.05877 0.948602 1.00132 1.09584 0.993158 
0054 0.159692	1.00894 1.11575 1.18008 1.04022 0.993944 1.0052 1.09295 1.03295 1.05726 0.919429 
0055 0.205538	1.01301 1.05321 1.09593 1.07762 1.06215 1.05399 1.02202 1.07275 1.06499 0.974131 
0056 0.0749231	1.01974 0.880843 0.752858 0.913463 0.93547 0.905442 0.923653 0.867908 0.889651 0.969794 
0057 0.0866154	1.0064 0.956543 0.878077 0.898874 0.998301 1.01085 0.891423 0.956498 0.986293 0.985335 
0060 0.0910084	0.953455 1.04653 1.10321 1.11451 1.03024 1.08222 0.998938 1.06468 1.13301 0.997513 
0061 0.140517	0.936588 0.994801 1.01471 1.02738 0.991866 1.03187 0.993453 0.937356 0.997111 0.989485 
0062 0.133236	1.04376 1.01756 0.965837 0.93502 0.957563 0.89538 0.996169 0.907923 1.00746 1.00614 
0063 0.0902803	0.968941 0.848046 0.81829 0.880215 0.903613 0.884612 0.885427 0.804394 0.86755 1.00152 
0064 0.0753549	1.08425 1.14762 1.22665 1.16132 1.13178 1.2131 1.0722 1.19086 1.17292 1.05038 
0065 0.223153	0.94324 1.09183 1.03154 1.01682 1.03336 1.01302 0.980644 0.986852 1.07788 1.03775 
0066 0.156534	0.864515 0.902698 0.857289 0.935882 0.979968 0.933265 0.954414 0.917893 0.981138 1.04952 
0067 0.0899163	1.12302 1.21996 1.1873 1.1165 1.05002 1.15817 1.07766 1.13722 1.13574 1.03484 
0070 0.167442	1.12904 1.10013 1.12393 1.09327 1.04021 0.988382 1.04968 1.08475 1.10478 0.9835 
0071 0.221085	0.974914 0.938799 0.866769 0.913467 0.982253 0.943195 0.951652 0.924992 0.897718 1.01776 
0072 0.0979845	0.949677 1.04475 1.0984 0.983544 0.991586 0.981656 1.07714 1.07222 0.969634 0.963216 
0073 0.104496	0.925836 0.857115 0.857149 0.914754 0.926189 0.863915 0.919646 0.886406 0.861633 0.96575 
0074 0.157829	0.912805 0.920487 0.990774 0.983644 0.943157 0.897751 0.987026 0.956105 0.864398 0.973461 
0075 0.103256	1.00525 1.04927 0.984157 0.956591 1.051 0.997149 1.02249 1.04626 1.06038 1.02928 
0076 0.0635659	1.02662 1.04102 1.07132 1.07161 1.09289 1.09215 1.02236 1.09337 1.07027 1.06489 
0077 0.0843411	1.14347 1.0573 0.946219 1.05646 1.03407 1.09101 0.981566 0.995653 1.03081 0.970822 
0100 0.0522456	0.8113 0.930901 0.885075 0.877886 0.947994 0.900362 0.952016 0.867685 0.936864 1.05414 
0101 0.0751604	0.951225 0.928971 0.920455 1.04081 0.945829 0.969877 0.937586 0.917499 0.946643 0.995139 
0102 0.0669111	0.930403 0.8532 0.760293 0.92475 0.888606 0.838962 0.889891 0.80877 0.848534 1.02979 
0103 0.215399	0.896422 1.02526 0.988695 0.969422 0.949608 0.936677 1.04398 0.944689 0.951491 0.969064 
0104 0.134739	1.1767 1.18885 1.24112 1.15955 1.03938 1.14742 1.06223 1.10652 1.19242 1.03774 
0105 0.0586618	0.906667 0.903969 0.816158 0.857497 0.925399 0.881937 0.927964 0.920434 0.922821 0.962145 
0106 0.153987	1.02648 1.01037 0.876396 0.981033 1.02669 1.0017 0.952362 0.950383 1.10591 1.06859 
0107 0.242896	0.913835 1.11582 1.1017 1.01985 1.03191 1.03795 1.0384 1.03713 1.09603 1.05578 
0110 0.0813433	1.02658 1.13914 1.29549 1.0736 1.0595 0.999563 1.13904 1.23487 1.05126 0.990231 
0111 0.0761194	1.17137 1.16005 1.16905 1.13355 1.10327 1.15209 1.09079 1.14027 1.20921 1.02407 
0112 0.229851	1.04341 0.970233 0.915783 0.928301 0.927215 0.933539 0.946548 0.945573 0.956814 1.01078 
0113 0.0985075	0.922887 1.06517 1.08226 1.05248 0.970271 0.949323 1.01358 1.01387 1.06495 0.982974 
0114 0.0902985	1.08792 1.09507 1.06783 1.0437 1.07078 1.07802 1.03928 1.0828 1.11212 1.03254 
0115 0.156716	1.06765 1.08454 1.0695 1.01789 1.03551 1.03566 1.02759 1.0381 1.06303 1.00527 
0116 0.217164	1.01656 0.960618 0.966034 0.988446 1.01819 0.990099 0.941316 1.04794 0.983978 1.02613 
0117 0.05	1.10839 1.15855 1.19571 1.02854 1.03632 1.00016 1.10658 1.05954 1.08791 1.02059 
0120 0.111377	0.972656 0.983543 0.936938 1.04958 1.00818 0.983341 0.959521 1.08729 1.0179 1.04288 
0121 0.0886228	0.818118 1.04594 1.01827 0.994079 0.958809 0.952017 1.04812 1.01998 1.00947 1.02978 
0122 0.0682635	0.83973 1.01021 1.02942 0.982138 0.9854 0.980003 1.04031 1.07086 1.02861 1.05244 
0123 0.0682635	1.17225 0.979805 0.959172 1.08573 1.0152 1.09092 0.966499 0.975666 1.02437 0.991526 
0124 0.162874	1.01758 1.08281 1.12392 1.03346 1.07382 1.08262 1.07107 1.21569 1.14095 1.09058 
0125 0.281437	1.00479 1.05877 1.04076 1.02901 1.03941 1.0193 1.01522 1.09962 1.00417 0.982311 
0126 0.131737	0.875662 0.863491 0.763163 0.943112 0.92964 0.889318 0.867131 0.993619 0.929175 1.03426 
0127 0.0874251	0.906406 0.965897 0.938789 0.873411 0.979466 0.936268 0.986191 0.983139 0.908619 0.931573 
0130 0.188559	1.02044 1.1449 1.21618 1.02665 1.06472 1.10974 1.09908 1.1333 1.081 1.00848 
0131 0.103814	1.09668 0.941444 0.947974 1.02328 1.0215 1.06645 0.986794 0.968503 0.894729 0.986537 
0132 0.0466102	1.16547 1.15111 1.16581 1.01526 1.10577 1.18187 1.11663 1.11246 1.01283 1.07363 
0133 0.197034	0.969822 1.07327 1.05215 0.962513 0.999987 1.05489 1.06341 1.02677 1.00587 0.953538 
0134 0.065678	1.22705 1.08863 1.07637 0.978936 1.05289 1.1207 1.05456 1.06244 1.11354 0.961141 
0135 0.0868644	0.823777 0.993201 1.03466 0.901914 0.990708 0.975669 1.07707 0.980457 0.907177 1.07775 
0136 0.0868644	0.889941 0.966421 1.00344 0.976019 1.02372 0.994413 0.99245 1.08184 0.917802 1.04323 
0137 0.224576	0.984828 0.90374 0.896738 0.924658 0.934195 0.91306 0.987574 0.873964 0.781311 0.995539 
0140 0.187682	0.952614 0.943919 0.914294 0.856427 0.940179 0.928238 0.971864 0.878581 0.975806 0.981167 
0141 0.0929692	0.966143 1.04913 0.985185 0.984508 1.05564 1.13856 1.01088 0.96321 1.04494 1.00844 
0142 0.0987798	0.910111 0.995075 0.994226 1.00697 0.945024 1.03359 1.00435 0.848393 0.905949 0.976329 
0143 0.144102	0.941654 0.904201 0.939462 1.02335 0.975389 1.00139 0.923946 0.886293 0.989315 1.05077 
0144 0.0511331	1.05144 1.08547 1.04204 0.934586 1.02193 1.05053 1.05468 1.00055 0.959643 0.952772 
0145 0.133062	1.17556 1.00121 0.95897 1.06229 1.02441 1.16973 0.950184 0.928937 0.95132 0.992147 
0146 0.20337	1.0618 1.14164 1.21384 1.08822 1.06897 1.14308 1.10792 1.02774 1.07205 0.97507 
0147 0.0889018	0.900223 0.979949 1.10001 1.10514 0.955632 1.09116 0.983637 0.962838 0.940661 0.976007 
0150 0.0593733	1.10943 1.08048 1.10473 1.08458 1.0985 1.06839 1.04807 1.04297 1.09919 1.06111 
0151 0.13359	0.930925 0.995815 1.00439 0.938259 1.00173 0.926413 1.06178 0.965801 0.987111 1.00497 
0152 0.1116	1.08789 1.1325 1.13634 1.0786 1.07121 1.09831 1.11251 1.09081 1.14255 1.01127 
0153 0.203408	0.916381 0.944691 0.862569 0.898698 0.934876 0.932789 0.949361 0.914994 0.930623 1.03082 
0154 0.0549753	1.01689 1.00202 0.931853 0.982704 0.908231 0.933521 1.02214 0.881282 0.947636 0.956586 
0155 0.242441	0.96448 1.01573 1.07963 1.0634 0.975667 0.970663 1.04606 0.942733 0.968061 1.05282 
0156 0.0890599	1.13644 1.01094 0.9778 1.04897 1.02408 1.06115 0.994568 0.922534 1.02824 1.07569 
0157 0.105553	1.08181 1.12156 1.15694 1.13507 1.03078 1.04591 1.13674 1.06039 0.995083 1.00048 
0160 0.214881	0.902418 1.01925 1.02203 0.942685 0.967204 0.927959 1.0699 1.00631 1.10287 1.01311 
0161 0.0971682	1.06814 0.995511 1.0283 1.06156 0.993189 0.971516 1.03785 0.934237 0.996928 1.01421 
0162 0.132149	1.13593 1.15665 1.13876 1.10952 1.10001 1.17482 1.11283 1.05477 1.16708 1.02096 
0163 0.0705164	0.94753 0.945411 0.868672 0.981239 0.978092 1.00206 0.929902 0.933172 1.08349 1.05127 
0164 0.0871738	0.886415 0.927002 0.807388 0.912492 0.959417 0.905389 0.959927 0.898731 0.990118 1.04755 
0165 0.0816213	0.78488 0.91673 0.843822 0.907955 0.888416 0.833684 0.98598 0.855198 0.974407 1.0019 
0166 0.263187	1.0602 1.07557 1.07515 1.07505 1.02232 1.00354 1.0478 1.05458 1.14457 1.05461 
0167 0.0533037	0.915318 0.922576 0.931793 0.95255 0.911008 0.906011 0.998145 0.950984 0.932222 0.992929 
0170 0.114533	0.979787 0.997809 0.937779 0.976668 1.00972 0.995053 0.966494 0.909063 0.925489 0.980082 
0171 0.179981	1.09643 1.10943 1.09662 1.0518 1.07569 1.06589 1.051 1.04893 1.10742 0.991646 
0172 0.124158	0.991316 1.01868 1.03037 1.07676 1.03112 1.10419 1.03172 0.924766 0.995701 1.03026 
0173 0.152069	0.835841 0.908651 0.91571 0.924083 0.929793 0.835846 0.960637 0.900921 0.879827 0.948595 
0174 0.143407	1.04239 0.985399 0.890975 1.02221 1.03847 1.03953 0.980987 0.995182 1.01149 1.01598 
0175 0.145332	0.971664 1.02074 1.09002 1.01063 0.980268 1.0146 1.05471 0.95455 0.93809 0.920931 
0176 0.0481232	1.01513 0.930662 0.867715 1.01535 0.941645 0.925857 0.93456 0.882589 0.962609 1.0156 
0177 0.0923965	0.854451 0.922368 0.863786 0.941517 0.971238 0.940469 0.946711 0.956663 0.984214 1.05366 
1000 0.145574	1.08285 0.968139 1.0181 0.993279 1.01218 1.05303 0.925611 1.00886 0.951158 0.985129 
1001 0.108998	1.23101 1.06213 1.15157 1.08851 1.08673 1.14362 0.971051 1.04784 1.10169 1.02277 
1002 0.119971	1.0302 1.13862 1.35237 1.20813 1.08727 1.17968 1.03177 1.17931 1.11095 0.964714 
1003 0.213606	0.839695 0.852727 0.95139 0.929628 0.92534 0.900588 0.940544 0.928727 0.93053 0.967156 
1004 0.0716898	1.0244 0.844092 0.835973 0.954884 0.983546 1.01641 0.83248 0.901961 0.86224 0.989914 
1005 0.0607169	0.940423 1.03433 1.02873 0.977791 1.08729 1.10452 0.989225 1.07251 1.01421 1.00421 
1006 0.0972933	1.05876 1.01425 1.0268 1.03986 1.04012 1.0618 0.975841 1.05944 1.01749 0.983292 
1007 0.182151	0.965405 1.05687 1.0931 0.983613 0.997652 0.95386 1.07289 1.06243 0.972791 0.96573 
1010 0.0670911	0.949227 1.17456 1.24647 1.13086 1.01621 1.10325 1.11031 1.16534 1.14756 0.967897 
1011 0.06905	0.920982 0.903954 0.825619 0.933752 0.938209 0.924035 0.934819 0.896888 0.848073 0.969019 
1012 0.287953	1.1086 0.997435 0.966626 1.00475 1.01679 1.01636 0.930401 1.03324 1.01904 1.00237 
1013 0.131734	0.888043 1.08958 1.21495 1.02622 1.01753 1.0194 1.10522 1.13614 1.06563 0.957711 
1014 0.100881	0.917319 0.952372 0.899518 0.91047 0.983161 0.971179 1.00295 0.977191 0.947768 0.929504 
1015 0.0886386	0.843576 0.875289 0.817242 0.87115 0.918031 0.897929 0.933803 0.903994 0.887092 0.957469 
1016 0.169931	1.03167 1.08573 1.14055 1.10949 1.05719 1.09165 1.04584 1.09346 1.01076 1.01005 
1017 0.0847209	0.823402 1.00331 0.982771 0.966346 0.928176 0.931291 0.989839 0.975494 0.974133 0.95856 
1020 0.0914928	0.96327 0.992805 1.06877 1.1099 0.998468 1.05336 1.01096 1.12823 0.968837 1.03603 
1021 0.139647	1.15235 1.06117 1.10485 1.01178 0.98072 0.996663 1.04365 1.06881 1.03125 0.98916 
1022 0.0599251	1.28371 1.11335 1.11607 1.00981 1.10559 1.11309 1.09745 1.17559 1.10485 1.02823 
1023 0.162654	1.1471 0.961114 0.944979 1.01267 0.965151 1.00209 0.97285 1.00138 0.974158 0.972685 
1024 0.219369	0.9848 1.00727 1.03619 0.980254 1.02046 1.00835 1.05717 1.07576 0.983463 0.993862 
1025 0.153023	1.22307 1.19298 1.25638 1.1452 1.07135 1.14478 1.11146 1.20444 1.09241 0.997629 
1026 0.0658106	1.07871 1.03262 0.834697 0.899727 0.968418 0.933867 1.01823 0.966412 0.9541 0.998648 
1027 0.108079	0.935984 0.853337 0.902541 0.847041 0.911398 0.854099 0.9648 0.951561 0.855238 0.972301 
1030 0.18803	1.07949 0.971174 0.883417 0.990219 0.994277 0.983593 0.978707 0.941824 0.934519 1.04692 
1031 0.193326	0.864719 0.98617 1.07106 1.0013 1.01519 0.949897 1.10076 1.0103 0.913082 1.07232 
1032 0.0879237	1.02206 1.17004 1.27513 1.0961 1.09457 1.15765 1.23994 1.2217 1.17837 1.01156 
1033 0.115466	1.08844 1.05485 1.09151 1.08541 1.07029 1.11573 1.04046 1.08625 1.06158 1.06573 
1034 0.159428	0.990837 0.926366 0.988023 0.922567 0.952221 0.89095 1.07609 0.9773 0.929594 0.998742 
1035 0.0513771	0.959106 0.891242 0.891663 1.05045 0.96955 0.982845 0.980518 0.973661 0.959831 1.07275 
1036 0.0550847	0.898787 0.830222 0.841588 0.875041 0.912618 0.880494 0.9746 0.860652 0.88782 0.974564 
1037 0.149364	1.0774 1.0513 1.09369 1.01472 1.03979 1.06657 1.03947 0.985957 1.00398 1.04696 
1040 0.256948	1.13199 1.03059 1.05649 1.03766 1.04117 1.00705 1.00328 0.972452 1.07282 1.04459 
1041 0.121384	0.909829 0.961321 0.97991 0.905553 0.940866 0.93824 1.04738 0.946369 0.915403 0.984806 
1042 0.106069	1.23462 1.10704 1.1459 1.18771 1.1234 1.15179 1.02685 1.09163 1.12858 1.02688 
1043 0.0584231	1.12677 0.839259 0.860811 0.952279 0.957451 0.988534 0.879541 0.827064 0.925423 0.977181 
1044 0.0958593	0.871492 0.887788 0.896428 0.84493 0.913803 0.874571 1.00612 0.882392 0.848195 0.965912 
1045 0.0618264	0.999041 0.959736 0.913768 0.9076 1.04427 0.94705 0.971614 0.966365 0.940788 0.936859 
1046 0.140102	0.930116 0.989153 0.999324 0.92004 0.990124 0.961125 1.03954 1.06432 0.997165 0.984939 
1047 0.159387	1.04437 1.0672 1.18716 1.08514 0.985004 1.01841 1.08124 1.12452 1.07152 0.962655 
1050 0.140684	0.985155 0.912089 0.839938 0.892099 0.92034 0.858606 0.926374 0.898594 0.92313 1.02255 
1051 0.19962	1.04352 1.01338 0.967009 0.9733 1.0398 1.02209 0.959001 0.990132 0.999836 1.00322 
1052 0.101236	1.10323 0.908782 0.935021 0.936731 0.965588 0.925626 0.951449 0.932929 0.868296 0.931424 
1053 0.178232	1.13905 1.14719 1.11151 1.09447 1.0264 1.04625 1.04003 1.02166 1.09875 1.01374 
1054 0.118821	0.87975 1.02413 1.0308 0.968727 0.956892 0.885739 1.01755 1.02881 0.929711 0.97757 
1055 0.114544	1.13877 0.975838 0.87112 1.01227 0.96251 0.972158 0.940469 0.966733 0.988513 0.988609 
1056 0.0955323	1.08897 1.13074 1.26498 1.19484 1.06938 1.1649 1.08049 1.17056 1.15053 0.976178 
1057 0.0513308	1.08722 1.1562 1.14568 1.10759 0.976629 1.04474 1.04337 1.06213 1.0091 0.942242 
1060 0.0755154	1.13888 1.03039 0.963352 1.03717 1.04722 1.07039 0.975787 1.02094 1.01696 0.99157 
1061 0.226083	0.950097 1.01538 0.982316 0.983828 0.991372 0.982124 0.996501 0.978506 0.962219 1.01211 
1062 0.131804	0.975549 0.889857 0.839975 0.917781 0.928818 0.905976 0.857417 0.920514 0.901164 0.977057 
1063 0.135974	0.998723 1.19465 1.18736 1.10635 1.05141 1.13101 1.09432 1.10173 1.08546 0.969959 
1064 0.196896	1.01433 0.916602 0.828417 0.935943 0.979386 0.907565 0.902772 0.893921 0.948144 0.980441 
1065 0.0928886	1.08032 1.05533 1.07933 1.14855 1.09886 1.16731 1.00794 1.04513 0.999542 0.993012 
1066 0.066713	1.1003 0.964783 0.920359 1.10873 0.993548 1.04111 0.931847 0.934531 0.973484 1.02011 
1067 0.0741256	0.877421 1.0647 1.10297 0.967629 0.974297 0.943431 1.10377 1.03252 1.01863 0.973273 
1070 0.0583248	0.961075 0.915866 1.00981 1.04138 1.04793 1.05064 0.921213 1.08566 0.982055 1.05246 
1071 0.152107	0.989857 1.07376 1.11767 1.11068 1.01457 1.09687 1.02721 1.06686 1.02297 0.979376 
1072 0.215827	0.916984 1.01567 1.05084 0.950436 0.997615 0.948287 1.04927 1.0192 0.954636 0.98444 
1073 0.1963	0.908922 0.90632 0.881072 0.894279 0.919981 0.930209 0.930802 0.90568 0.931661 0.984058 
1074 0.162127	0.948335 0.908145 0.911518 1.01645 0.994105 1.03438 0.946886 0.973706 1.01773 0.970323 
1075 0.0485612	0.870554 0.989072 0.94257 0.948983 1.04168 1.00405 0.994687 1.02721 0.966026 1.00772 
1076 0.0881295	1.08627 1.18286 1.25623 1.17666 1.09178 1.16587 1.10169 1.18319 1.10348 0.966195 
1077 0.0786228	0.832677 1.05583 1.26506 1.05177 1.06293 1.05291 1.09803 1.18419 1.04178 0.996716 
1100 0.221103	1.00018 0.94879 1.01373 1.00808 0.949561 1.01454 0.943217 0.942823 1.00462 0.973356 
1101 0.203606	1.12633 0.998699 0.961702 0.963821 1.03111 1.06182 0.999649 0.896659 1.08277 0.987602 
1102 0.0811241	1.08205 1.00002 0.982396 1.05763 1.03324 1.05261 0.936615 0.954382 1.06069 0.99017 
1103 0.0620361	1.10219 1.19553 1.32717 1.16935 1.11712 1.11404 1.08495 1.21995 1.20938 1.0003 
1104 0.0673383	1.10363 1.03486 1.15623 1.11551 1.08115 1.12802 1.01723 1.05385 1.09751 1.02025 
1105 0.106045	1.0176 0.865068 0.819761 0.909065 0.924849 0.940348 0.906467 0.811761 0.868469 0.995578 
1106 0.0609756	0.952551 1.1709 1.28894 0.96339 1.01254 1.03808 1.10063 1.04573 0.982816 0.956053 
1107 0.197773	1.06444 1.08253 1.19709 1.06949 0.997857 1.07848 1.04879 1.10037 1.1116 0.977454 
1110 0.178044	1.07367 0.920578 0.890564 0.983092 0.975785 0.957182 0.922387 0.893998 0.925151 0.990347 
1111 0.113959	1.07749 0.987256 0.991347 1.05104 1.03574 1.01297 0.948831 0.976245 1.04241 1.05868 
1112 0.257732	0.906666 1.01647 1.07148 1.00008 1.02649 0.982378 1.03746 0.982686 1.03157 1.02725 
1113 0.0760658	0.964549 1.01252 0.951524 0.944948 0.941739 0.887163 1.04643 0.909628 0.943798 0.947193 
1114 0.0897186	0.878418 0.913098 0.952955 0.905822 0.944933 0.879952 0.970315 0.933123 0.89311 1.02254 
1115 0.0835887	0.948716 1.03506 1.14388 1.06857 0.976217 1.01121 1.10664 1.05898 1.01283 0.987675 
1116 0.0599053	0.903638 0.830439 0.828641 0.969017 0.901138 0.897291 0.860558 0.834753 0.923627 0.961532 
1117 0.140986	1.13928 1.12877 1.1862 1.14794 1.05947 1.07315 1.04486 1.07739 1.12958 0.984685 
1120 0.0947912	1.06035 1.04705 1.17079 1.14227 1.03027 1.05013 1.03255 1.00703 1.07537 0.979492 
1121 0.190521	0.919605 1.0326 1.23178 1.03561 1.03951 1.02057 1.09743 1.03083 1.07848 1.0245 
1122 0.0938527	1.07256 1.06946 1.15918 1.08054 1.10055 1.09221 1.06389 1.06799 1.00607 1.02311 
1123 0.0581886	0.968424 1.10845 1.2742 1.13118 1.01096 1.07042 1.10572 1.13622 1.09331 1.05534 
1124 0.225246	0.909559 0.967228 0.95135 0.962517 0.954666 0.877681 1.05007 0.912247 0.923953 0.998793 
1125 0.102769	0.947223 0.909925 1.06042 1.12138 0.969377 0.994419 0.988393 0.995356 1.00736 1.02592 
1126 0.0877522	0.868017 0.802895 0.790447 0.916157 0.938337 0.883726 0.856361 0.869333 0.966935 1.0401 
1127 0.146879	1.02695 0.983808 0.941362 0.948702 1.03442 1.01445 0.95843 0.924467 1.07435 1.04854 
1130 0.19778	1.04774 1.00186 0.986193 0.9604 1.02763 0.966659 1.00816 0.996535 1.06139 1.03208 
1131 0.15338	0.952029 0.957851 0.918388 0.917678 0.921812 0.883049 1.02495 0.969834 0.922876 0.963949 
1132 0.0479314	0.997987 1.03836 1.02171 1.03965 0.937946 0.919368 1.05079 1.00772 0.877104 0.940999 
1133 0.159435	0.984609 0.873403 0.861093 0.898332 0.963041 0.880085 0.96907 0.902571 0.952868 1.00756 
1134 0.0534813	1.20057 1.11155 1.07648 1.12755 0.998924 1.05416 1.07824 1.08303 1.11236 0.961931 
1135 0.0650858	1.0456 0.905115 0.824949 0.940285 1.02691 0.962234 0.91271 0.941464 0.991 1.03287 
1136 0.192735	1.0755 1.08206 1.13227 1.09151 1.09148 1.07044 1.05877 1.07168 1.1582 1.03826 
1137 0.130172	1.00469 1.01048 1.08103 1.02415 1.00724 0.999519 1.02948 0.984073 1.05949 0.952323 
1140 0.226781	1.07723 1.07085 1.11035 1.05578 1.02282 1.13809 0.97871 1.06788 1.11933 0.96229 
1141 0.145674	0.911652 0.933298 0.827965 0.890614 0.935392 0.975668 0.911316 0.931316 0.999798 0.971787 
1142 0.0896947	0.957085 0.996679 1.04557 0.950831 0.970416 0.998226 0.997542 1.03603 0.967506 0.943656 
1143 0.132952	0.953669 0.978392 0.957234 1.02687 0.984464 1.09434 0.969155 1.03191 1.03519 1.00217 
1144 0.0470738	1.1333 1.17441 1.12213 1.13259 1.1276 1.24215 0.965023 1.23858 1.29826 1.0414 
1145 0.0798346	1.05545 1.14515 1.27397 1.15955 1.05825 1.13505 1.04521 1.26545 1.26842 0.9849 
1146 0.138677	1.02077 0.948801 0.975332 1.01083 0.919029 0.987671 0.900258 0.904704 0.956807 0.940117 
1147 0.139313	0.961771 0.974484 0.968544 0.977356 1.04341 1.0308 0.910587 1.00824 1.09509 1.04652 
1150 0.171391	0.981227 0.933525 0.947077 0.975598 0.959055 0.931452 0.959241 0.956511 0.921063 0.978973 
1151 0.119509	0.931093 0.90099 0.787269 0.885124 0.910995 0.867606 0.931332 0.871581 0.849582 0.955801 
1152 0.0576827	1.18148 0.918824 0.872009 1.0986 0.966723 1.01993 0.879391 0.944472 0.966632 1.0121 
1153 0.0941488	1.01919 1.20297 1.27599 1.14886 1.06804 1.12776 1.16006 1.16501 1.12731 1.01067 
1154 0.153986	1.03923 1.00538 0.98809 1.02433 1.04867 1.11315 1.02476 0.997866 1.00411 0.997778 
1155 0.0570197	0.875909 0.948661 0.992275 0.968638 0.92745 0.893486 1.03322 0.975937 0.922329 0.933758 
1156 0.218631	1.01554 1.02372 1.03684 0.963997 1.00433 0.96909 1.02773 1.03312 0.941271 0.971608 
1157 0.127631	1.00806 1.06212 1.10364 1.07224 0.98753 1.00918 1.04495 1.08741 1.05703 0.994535 
1160 0.0866163	0.852723 0.868261 0.832308 0.92046 0.916181 0.844026 0.931236 0.919349 0.87209 0.968432 
1161 0.054776	1.10219 1.14132 1.088 1.06608 1.01597 1.03415 1.08884 1.06323 1.05222 0.983187 
1162 0.134916	1.08601 0.937389 0.830029 0.941064 1.00758 0.949809 0.934917 0.919698 0.925921 1.0313 
1163 0.102536	0.903103 1.00476 0.95616 1.03431 0.950784 0.995835 0.964555 0.957314 1.05166 0.960347 
1164 0.152186	1.02137 1.04291 1.04475 1.08547 1.029 1.05963 0.970335 1.10284 1.14156 1.01008 
1165 0.206422	0.938819 1.06814 1.09996 0.955513 1.01804 0.980968 1.07709 1.02585 1.04407 0.966587 
1166 0.0833783	1.04804 1.14774 1.12144 1.16131 1.08768 1.08913 1.06108 1.1943 1.17343 1.03634 
1167 0.179169	0.915983 1.01409 0.982617 0.940414 0.9609 0.95065 0.988285 0.990727 0.9512 1.00262 
1170 0.096931	1.02755 0.89992 0.80398 0.949384 0.943401 0.940222 0.943779 0.881771 0.904928 0.963761 
1171 0.126253	0.909568 1.0032 1.07641 0.99579 0.954492 0.989415 1.09676 0.985636 1.00707 0.977145 
1172 0.216044	1.02361 1.12548 1.26858 1.10554 1.05022 1.14335 1.13248 1.13785 1.18164 0.988285 
1173 0.0469462	1.02038 0.880694 0.83157 0.970717 0.929437 0.944627 0.932183 0.861599 0.971841 1.02915 
1174 0.0635065	1.05561 0.957976 1.00767 1.06126 1.04434 1.09199 0.958692 1.02532 0.999693 1.0185 
1175 0.152385	0.925672 0.887209 0.890817 0.870199 0.973789 0.918864 0.995516 0.944446 0.944432 0.995457 
1176 0.0844728	0.927838 1.09883 1.10083 0.955735 0.984977 0.936283 1.17397 0.99834 0.9484 0.959883 
1177 0.213461	0.958803 1.00251 1.02612 1.02306 1.01312 0.985985 1.05825 1.0027 1.03282 1.0068 
BOUNDS
LWPS R    0.0  0.0  0.0  0.0  0.0  0.0  0.0  0.0  0.0  0.0
UWPS R    0.5  0.5  0.5  0.5  0.5  0.5  0.5  0.5  0.5  0.5
LXAS R   -0.5 -0.5 -0.5 -0.5 -0.5 -0.5 -0.5 -0.5 -0.5 -0.5
UXAS R    0.5  0.5  0.5  0.5  0.5  0.5  0.5  0.5  0.5  0.5
END
