NAME moment_estimation_cluster
ASSETS 10
BENCHMARKS 0.1 0.1 0.1 0.1 0.1 0.1 0.1 0.1 0.1 0.1 
COVARIANCES
0 0 6.24689
1 0 0.225869
1 1 0.019002
2 0 0.11577
2 1 -0.00207545
2 2 0.0944617
3 0 0.48158
3 1 0.014566
3 2 0.0432353
3 3 0.0760846
4 0 0.38273
4 1 0.0175799
4 2 0.0173678
4 3 0.0401339
4 4 0.0309921
5 0 0.820339
5 1 0.0318076
5 2 0.0555764
5 3 0.0960034
5 4 0.0642793
5 5 0.156054
6 0 0.689616
6 1 0.0295592
6 2 0.0642626
6 3 0.0753426
6 4 0.0543509
6 5 0.126066
6 6 0.131877
7 0 0.0308601
7 1 -0.000780504
7 2 0.0983057
7 3 0.0422824
7 4 0.0164421
7 5 0.0594716
7 6 0.0716335
7 7 0.126859
8 0 -0.100749
8 1 0.00627265
8 2 -0.00973855
8 3 -0.021792
8 4 -0.00462628
8 5 -0.0228125
8 6 0.000330342
8 7 0.00172623
8 8 0.0384204
9 0 0.216471
9 1 0.00660882
9 2 0.0428617
9 3 0.0327609
9 4 0.0203696
9 5 0.0487543
9 6 0.0544177
9 7 0.0485538
9 8 0.00303122
9 9 0.0339669
SCENARIOS
0 0.29265	76.3443 1.21369 1.17238 1.36262 1.25952 1.45063 1.47136 1.06248 1.01256 1.23533 
1 0.70735	0.885734 0.885671 0.983918 0.847967 0.966318 0.853205 0.900341 1.03853 1.03655 1.02716 
00 0.564702	25.8029 1.02503 0.917994 1.38702 1.03747 1.87407 1.97341 1.24229 0.952495 0.997242 
01 0.435298	0.0558477 0.831825 0.92914 0.823586 0.743962 0.818909 0.776796 1.07263 1.0889 0.809269 
10 0.320987	0.937029 1.0481 1.56979 1.16741 1.00046 1.19903 1.21879 1.54042 0.973065 1.21075 
11 0.679013	34.6077 1.05884 0.98656 0.961329 0.956922 1.06086 0.89692 0.853881 0.770067 0.809549 
000 0.235387	0.0041502 0.893993 0.976205 0.632786 0.894303 0.430986 0.341968 0.766019 1.08002 0.884813 
001 0.096212	0.101638 0.906814 1.26599 0.782374 1.08297 0.98492 0.697603 1.10315 0.760033 1.08774 
002 0.0985719	0.0241398 0.834797 1.10558 0.610183 0.825077 0.704758 0.606114 0.949164 0.765842 0.945592 
003 0.129977	0.263019 0.965772 1.03189 1.12753 1.20211 0.939528 0.706028 1.08717 1.07372 0.945084 
004 0.10668	0.00652831 0.759776 2.23389 1.00426 0.856866 0.79662 0.754449 2.37769 0.669139 1.20838 
005 0.177841	80.3317 0.881348 0.739418 0.841838 1.37618 0.844964 0.843031 0.236691 0.588778 0.735288 
006 0.0784219	0.0486937 1.21361 1.23304 0.69513 1.11297 0.786798 0.679316 1.13276 1.29672 0.835407 
007 0.0769091	0.714951 0.843458 1.5892 1.03324 1.01831 1.04166 0.867014 1.11128 0.601609 0.90374 
010 0.110448	150.815 1.4168 0.905792 1.39941 1.62962 1.8102 2.07115 0.615052 0.666039 0.986491 
011 0.100165	7.99899 1.09577 0.945779 1.03616 1.32856 1.32192 1.53323 0.926631 0.925766 1.14784 
012 0.0875265	0.213466 1.10896 0.823857 0.87257 1.12639 0.79638 0.959616 0.695175 1.15112 0.962754 
013 0.083052	0.621742 1.00957 0.480746 0.826443 1.06057 0.749416 0.629154 0.454856 1.09637 0.739014 
014 0.162022	0.0375335 0.866885 0.723146 0.568235 0.816549 0.450198 0.484262 0.575561 0.975421 0.692888 
015 0.0583248	3.0412 1.12519 1.27759 1.16371 1.27694 1.30035 1.42366 1.18515 1.04943 1.27012 
016 0.273412	0.0166799 0.913262 1.47592 0.943555 1.04332 0.87791 0.907078 1.56961 1.00106 1.16841 
017 0.125049	1.25503 0.956226 1.21805 1.14364 1.10195 1.25525 1.44457 1.43044 0.784407 1.13855 
100 0.120062	3.94186 1.08554 0.737274 0.948659 0.895857 1.13697 1.01953 0.755026 0.971878 0.691745 
101 0.245893	0.658885 0.820468 1.1482 1.14957 0.890231 0.902708 0.98089 1.19869 1.05105 1.09348 
102 0.0648756	0.0330101 0.845435 0.922891 0.934099 0.862647 0.647117 0.597427 0.735286 0.989532 0.699106 
103 0.11786	2.45602 0.869546 0.718397 1.2038 0.952455 0.91596 0.960859 0.713186 0.971034 0.847377 
104 0.0753579	0.000399307 0.816938 0.81072 0.644259 0.696845 0.485352 0.600787 1.0282 1.2072 0.841989 
105 0.189694	2.5517 0.951376 1.52541 1.34766 1.17362 1.80008 1.68281 1.76089 0.930728 1.30361 
106 0.0658886	833.12 1.4261 1.42471 1.71175 1.43197 2.58634 2.19408 1.06726 0.823472 1.09212 
107 0.12037	0.0522764 0.950264 0.506054 0.610512 0.840186 0.476799 0.517772 0.555771 1.23713 0.735237 
110 0.234957	0.000669338 1.00322 0.837869 0.772914 0.792878 0.58984 0.772192 0.944182 1.55602 1.01252 
111 0.146242	0.296542 0.937525 0.927515 1.5625 1.1336 1.43275 1.29705 0.930181 1.20476 1.02469 
112 0.135457	0.0196008 0.901841 0.45068 0.79545 0.899595 0.573288 0.677207 0.447617 1.36057 0.750144 
113 0.0625859	480.474 1.73876 1.41306 1.15134 1.45704 1.63529 4.0197 0.83345 1.95346 1.61359 
114 0.122528	0.0278858 1.03257 1.04899 1.08472 1.06029 0.946271 1.21069 1.0445 1.59427 1.02564 
115 0.105517	2.45203 1.13664 1.24101 1.37482 1.31164 1.68758 1.87045 1.18305 1.03928 1.45809 
116 0.102207	0.00192865 0.904792 0.582646 0.62011 0.685027 0.3025 0.454754 0.572974 1.45467 0.754726 
117 0.0905059	0.0581803 1.09573 1.44822 1.3829 1.19665 1.46759 1.3451 1.80231 1.31936 1.36077 
0000 0.230591	2.21947 0.90453 0.625445 0.708639 0.850993 0.983235 1.17456 0.756113 0.948774 0.966335 
0001 0.0856041	0.054413 0.80711 0.959776 0.634052 0.743272 0.636476 0.770416 0.926923 0.819381 0.954283 
0002 0.0604113	0.311774 0.715546 1.65087 1.33468 0.909398 1.25169 1.71236 1.76894 1.16235 1.41038 
0003 0.100771	0.0224002 0.658146 0.681048 0.749964 0.73343 0.571931 0.600262 0.571013 0.73195 0.639874 
0004 0.118252	204.895 1.03707 1.18909 2.19307 1.51091 2.25476 2.92081 1.15911 0.964803 1.56838 
0005 0.194087	4.071 0.888842 1.28336 1.48648 1.27728 1.48984 1.68879 1.20847 0.656963 1.29813 
0006 0.0951157	0.0568283 1.15737 1.58745 0.800779 0.727312 0.901965 1.14516 1.78696 1.09323 0.91264 
0007 0.115167	1.23154 0.870759 0.438308 0.535172 0.729065 0.472735 0.547495 0.24846 1.08936 0.597389 
0010 0.137736	0.424427 0.925747 0.831832 1.32969 0.963086 0.772725 0.70818 0.997096 1.05145 0.741491 
0011 0.0861635	0.167002 0.763686 0.940799 0.965365 0.84382 0.567369 0.914501 0.880239 1.92705 1.12957 
0012 0.0773585	2.52577 1.18383 0.603266 1.46706 1.38241 0.868836 0.917278 0.585682 1.34295 0.881887 
0013 0.0459119	0.10747 1.00021 0.586876 0.766853 0.773491 0.479433 0.572368 0.348002 1.2435 0.824166 
0014 0.120126	112.469 1.34685 0.346418 0.798445 1.13697 0.583975 0.754433 0.207064 1.1262 0.612924 
0015 0.171069	1.19716 1.35187 0.647042 0.909787 1.18253 1.03653 0.957262 0.593789 0.978234 0.663092 
0016 0.15283	0.0370777 0.923171 1.01652 0.681649 0.746862 0.433849 0.675755 0.961661 1.80818 0.543734 
0017 0.208805	8.04119 1.15556 1.47221 1.37274 1.16254 0.992349 1.60184 1.27191 1.29352 1.08054 
0020 0.0669122	18.3475 1.70953 0.656286 0.708988 1.41445 0.850301 1.61266 0.537847 2.66592 1.33472 
0021 0.0773481	4.58519 0.856918 1.08934 0.94309 0.97793 0.978245 0.704102 1.05316 1.18844 1.04737 
0022 0.0890117	208.536 2.06075 0.292448 0.504861 1.32884 0.569368 0.924677 0.143269 2.24757 0.54694 
0023 0.124616	0.102242 0.815874 1.57188 1.18763 1.15411 0.889096 0.988432 1.41328 1.2703 1.19223 
0024 0.320442	0.249 1.00621 0.763411 1.014 0.980408 0.554028 0.637959 0.96072 1.25071 0.857677 
0025 0.154082	1.25886 0.785385 1.2774 1.35775 1.24981 0.915196 1.03552 0.889727 0.856721 1.17977 
0026 0.0810313	8.60061 1.19269 1.3315 1.26771 1.27316 1.27159 1.09604 1.50292 1.13004 1.08468 
0027 0.0865562	2.62931 0.967253 0.97326 1.55267 1.29705 0.939534 0.925922 1.15543 1.42009 1.2458 
0030 0.0810056	0.0730232 0.647286 1.26593 0.714738 0.728354 0.511171 0.685192 1.02547 0.673083 1.22026 
0031 0.133147	4.77309 1.06096 1.20399 0.872345 1.27765 1.38853 1.44221 0.822371 0.469062 0.982699 
0032 0.270019	0.343257 0.980236 1.16486 0.887289 1.07521 0.759062 1.00557 0.767362 0.82657 1.25424 
0033 0.108939	15.1567 1.0341 1.31952 0.777767 0.949938 1.48436 1.19512 0.759889 0.510471 1.19489 
0034 0.102421	1.97582 1.11707 1.18332 0.592322 0.787393 1.1443 1.13239 0.741108 0.755088 1.05505 
0035 0.115922	0.0170988 0.855848 1.39802 0.631084 0.82154 0.638981 0.733512 1.21717 0.801557 1.08446 
0036 0.089851	182.716 1.27428 1.39059 1.30586 1.32592 1.77679 1.37427 0.828481 1.0889 1.33163 
0037 0.0986965	0.993639 1.03854 1.5916 0.744232 1.02058 1.16932 1.10368 1.30537 1.2827 1.30087 
0040 0.157119	0.110369 0.680134 1.22768 0.935954 0.860035 0.742627 0.728231 1.0306 1.07656 0.944558 
0041 0.260919	0.185136 0.955316 0.669182 0.659251 0.996526 0.764377 0.697213 0.529477 1.13508 0.993975 
0042 0.0964265	0.0278385 1.31439 1.82017 0.834523 1.39696 1.03746 1.21277 2.04577 1.82292 1.36819 
0043 0.104935	1.75381 1.33537 0.794072 0.92466 1.27209 0.861659 0.91903 0.622264 1.29309 0.865544 
0044 0.0941577	176.523 1.24137 1.29407 1.29851 1.57152 1.78146 2.053 0.828616 1.20832 1.34169 
0045 0.116846	0.215474 1.1277 1.16511 0.927635 1.0932 1.06618 1.18128 1.37107 1.61502 1.04672 
0046 0.0964265	8.24303 1.65763 0.839154 1.62427 1.69272 1.51509 1.12145 0.819412 2.29158 1.24369 
0047 0.0731707	2.9357 1.08328 1.17211 0.843011 1.27763 1.09213 1.87604 1.18986 1.48508 1.23552 
0050 0.236475	0.00352985 0.793225 2.92416 1.3175 0.802477 1.05859 0.997645 4.54592 1.13108 1.85843 
0051 0.136101	1.26809 2.28487 0.853242 1.74435 1.50195 3.75039 2.04455 3.87367 3.2777 2.20082 
0052 0.0816604	0.384627 1.58561 1.74404 0.873326 1.05207 2.11556 2.19429 4.67526 1.35125 1.36622 
0053 0.0592038	0.221661 1.00236 1.33969 1.78995 0.915753 2.54846 1.78353 4.26762 1.14592 2.29577 
0054 0.117387	140.174 1.27943 2.1267 1.99615 1.29908 2.71419 2.37426 4.23996 1.44754 1.74088 
0055 0.113304	0.0165468 1.2639 0.855959 1.34122 1.00894 1.37205 0.962054 2.07661 1.48393 1.18525 
0056 0.113984	0.11583 1.27251 0.762578 0.662369 0.692858 0.673104 0.553966 1.47271 1.15994 1.02139 
0057 0.141885	0.0433702 1.31753 0.489311 0.926675 0.813946 1.10236 0.742922 1.68678 1.31611 0.855965 
0060 0.0887346	213.035 1.00962 1.20379 2.16741 1.08641 2.03025 1.79449 1.22931 0.811417 1.19718 
0061 0.119599	15.2276 0.95725 0.85703 1.59218 1.15771 1.16164 1.2664 0.562207 0.758812 1.58732 
0062 0.113426	4.7251 0.772387 1.52922 1.65876 0.975635 1.5628 1.2917 1.51196 0.479481 1.6019 
0063 0.099537	0.97098 0.796265 1.16235 0.927928 1.04162 0.918653 0.952221 1.14819 0.805921 1.43915 
0064 0.156636	0.0687863 0.706121 1.26274 1.23877 0.764339 0.946129 0.948336 1.49744 0.650718 1.1434 
0065 0.119599	0.0836875 0.752148 0.714036 0.653392 0.757307 0.484839 0.475942 0.441479 0.818611 0.990235 
0066 0.141975	2.09264 0.812389 1.31925 1.28983 0.940935 1.22979 1.06516 0.906836 0.734767 1.41432 
0067 0.160494	0.428914 0.822645 1.18034 1.33516 0.916901 1.014 1.0209 1.1521 0.706142 1.41865 
0070 0.13454	0.321356 0.68764 0.809726 1.24315 0.921423 0.738941 0.672585 0.919562 1.1873 1.2693 
0071 0.0952006	8.81272 1.68718 1.01119 1.89669 1.97257 2.95842 3.5649 1.67999 3.66477 2.84785 
0072 0.0755311	22.0425 1.52896 1.80946 1.21736 1.53049 1.18348 1.7866 1.36601 1.67886 1.75 
0073 0.0771046	212.913 1.34088 0.482776 1.0179 1.40924 1.29753 0.588709 0.356931 0.750645 0.765622 
0074 0.133753	0.828311 1.12841 0.714321 0.839311 1.02151 0.870198 0.805048 0.625398 0.888481 0.69162 
0075 0.142408	1.8823 1.30915 0.727156 1.15875 1.12629 0.843539 0.840749 0.85802 1.80958 1.15027 
0076 0.24705	0.0623574 1.24442 1.02632 0.852078 1.19936 0.793528 0.809517 1.23785 3.08643 1.42037 
0077 0.0944138	4.10566 1.615 0.511214 0.734178 1.31039 0.837463 1.1695 0.55187 2.00195 1.22555 
0100 0.201137	0.0166183 0.681086 1.26134 0.825728 0.762686 0.656404 0.445144 1.5654 1.21065 1.15138 
0101 0.117982	2.43624 1.13864 0.520278 0.931895 1.09227 1.34129 0.783006 1.25384 1.85397 1.07069 
0102 0.0547264	1236.72 1.25922 1.56928 1.42098 1.89782 2.76614 3.40292 2.7365 1.68321 1.73603 
0103 0.121535	0.0646864 0.663697 1.32347 0.597545 0.726928 0.740477 0.755528 1.69632 1.20385 0.941635 
0104 0.151386	0.168417 0.715499 1.13192 0.872852 0.764735 0.731585 0.664231 1.87528 1.2296 1.29906 
0105 0.0724947	19.2927 0.944102 0.986874 1.82672 1.07625 0.972611 1.11145 0.835326 1.04479 1.32032 
0106 0.21393	0.655997 1.0132 1.24219 1.03666 1.02607 1.01616 1.06523 1.47504 2.18823 1.46549 
0107 0.0668088	6.43184 0.886957 2.17075 2.43674 1.24426 1.60144 1.3659 2.33044 1.46327 1.63103 
0110 0.0783699	20.809 0.817783 1.22824 1.34346 0.90718 1.44489 1.35172 0.924547 1.33028 1.80421 
0111 0.0846395	595.742 1.06926 0.394726 1.54743 1.32554 1.29829 0.875847 0.300515 1.54313 0.988886 
0112 0.118339	1.32268 1.24046 0.933662 1.03772 1.12312 1.01651 0.821017 1.09206 0.883119 1.13986 
0113 0.202194	0.477151 0.839171 1.45726 1.38493 0.859681 0.892119 0.852361 1.24311 0.722028 0.969576 
0114 0.0721003	4.33588 1.06237 1.02665 0.776098 0.968699 1.01619 0.875056 1.13735 0.656572 0.836176 
0115 0.0697492	2.43057 1.03704 1.47746 1.29211 1.06408 1.12107 1.1813 1.36429 0.873816 1.19401 
0116 0.29232	0.0706952 1.00199 1.07704 0.964415 0.880482 0.87427 0.565248 0.962651 0.645286 0.851567 
0117 0.0822884	8.11411 1.14375 1.33042 1.30888 1.04175 1.04409 0.90333 0.732452 1.02744 0.981307 
0120 0.0726457	3.02729 0.96365 1.3194 1.15184 1.02731 1.36171 1.54831 1.61387 1.17443 1.5838 
0121 0.10583	0.0413607 0.960112 1.08404 0.838561 0.716728 0.629344 0.702862 1.57385 1.44207 0.951741 
0122 0.255605	0.230145 1.11371 1.04949 0.933428 0.922733 0.896935 0.80244 0.947802 0.717878 0.93416 
0123 0.181166	0.0144281 0.818238 0.766125 0.695278 0.79658 0.710055 0.571468 0.931823 0.854427 0.886373 
0124 0.0547085	24.5722 0.973823 1.19611 1.23981 1.16637 1.47621 1.19326 1.19857 1.01164 1.10213 
0125 0.192825	2.01651 1.02003 1.25788 1.24528 1.01297 1.35694 1.02977 1.80492 1.03625 1.18525 
0126 0.070852	8.95359 0.893029 0.988164 1.18754 0.967479 1.13461 1.27759 0.953415 1.08109 1.08624 
0127 0.0663677	335.609 1.3743 1.75027 1.47857 1.67867 2.24668 2.52969 1.42912 0.668341 1.28977 
0130 0.141777	161.431 1.39444 0.813457 1.09481 1.26196 1.39283 0.622283 0.414257 0.570712 0.900365 
0131 0.0831758	0.0352891 1.05888 0.569259 0.533696 0.695275 0.409239 0.458013 0.447663 1.04933 0.642105 
0132 0.0680529	0.947466 1.14958 0.69469 0.650785 0.857785 0.701805 0.709353 0.530411 0.91259 0.740227 
0133 0.120038	0.0503707 0.976254 1.08051 0.659326 0.865191 0.686642 1.06636 0.936853 1.39442 1.17188 
0134 0.0746692	6.68902 1.27965 0.894709 1.16751 1.2583 1.65456 1.16715 1.3616 0.823293 1.41412 
0135 0.194707	0.080423 0.856309 0.973534 0.745427 0.815049 0.578644 0.645648 0.688418 0.733922 0.76363 
0136 0.199433	0.718096 1.03269 1.31732 1.0373 1.09347 0.923087 1.39984 1.22039 1.21409 1.39861 
0137 0.118147	2.99819 0.987823 1.04821 1.20129 0.922555 0.838831 1.4459 0.957542 0.945088 1.23074 
0140 0.0964147	0.0280128 0.991563 0.534504 0.8539 0.847056 0.588198 0.48004 0.45777 0.820558 0.67591 
0141 0.188469	9.01653 1.13203 1.01503 1.39406 1.14474 1.61389 1.1589 1.04629 0.804868 1.02003 
0142 0.121609	0.290402 0.889566 0.880028 0.932572 0.877453 0.703031 0.713343 0.902043 0.671881 0.858306 
0143 0.117248	4.32301 0.952937 1.6098 1.33238 1.06028 1.46158 1.24155 1.81876 0.635755 1.41018 
0144 0.0862403	0.136805 0.861395 1.2782 0.773447 0.854174 0.870754 1.03758 1.69664 1.13877 1.29312 
0145 0.181202	0.234725 1.15245 0.704069 0.701266 0.95116 0.932362 0.947417 0.80108 1.21837 0.982987 
0146 0.136143	10.1137 1.23318 1.07301 1.72336 1.25126 1.33439 1.68545 1.51712 1.01874 1.45407 
0147 0.0726744	414.992 1.07293 0.902793 1.55689 1.20632 2.08544 1.69539 1.18571 1.00199 1.29596 
0150 0.133244	2.2954 0.850753 1.41535 1.23949 0.931231 1.49783 1.25156 1.34103 0.673667 0.806468 
0151 0.191117	0.0112905 1.0145 0.743123 0.594403 0.721579 0.571434 0.552956 0.793363 0.839231 0.733336 
0152 0.191117	1.43235 0.780266 0.443488 1.03671 0.916774 0.807226 0.793966 0.427704 0.709722 0.709142 
0153 0.176312	16.7548 1.17172 0.433114 1.11534 1.25086 1.04516 0.921283 0.517867 0.796409 1.12324 
0154 0.0969044	0.383546 0.724612 1.01908 1.1037 0.905012 0.891359 0.876533 0.961009 0.790731 1.06439 
0155 0.064603	0.536721 0.923963 1.71386 1.03049 0.998365 1.36663 1.32401 2.76811 0.529837 0.910951 
0156 0.0847914	0.181309 1.06505 0.40514 0.501267 0.756269 0.466726 0.51205 0.327584 0.976255 0.628704 
0157 0.0619112	261.538 1.19385 0.518037 1.11336 1.30862 1.80706 1.18247 0.337629 0.595494 0.940224 
0160 0.185185	13.0079 0.850499 0.864859 1.00314 0.961452 0.918074 0.907935 0.837118 0.871271 1.04571 
0161 0.140109	1582.82 1.07734 0.760655 1.59394 1.09799 1.81528 1.57234 0.740448 0.644179 1.02447 
0162 0.0534022	0.0110865 0.877257 1.06963 0.620674 0.696843 0.526883 0.781415 1.15993 1.21825 1.12073 
0163 0.104508	18.1647 0.817962 0.933864 1.55291 1.25247 1.46144 1.26449 1.01902 0.86662 1.20853 
0164 0.0459374	33.4418 1.00354 0.461283 0.976324 0.897013 0.833438 0.59175 0.410243 0.776416 0.680679 
0165 0.225668	2.47532 1.18439 0.639122 0.776875 0.901497 0.867336 0.732393 0.575349 0.796384 0.684009 
0166 0.0657479	25.4007 1.04652 1.22322 1.14298 1.09465 1.65489 2.32194 1.76654 1.17215 1.11575 
0167 0.179443	0.292404 1.05303 1.55054 1.06654 0.935961 1.01151 1.35924 1.54953 1.09658 1.25008 
0170 0.15882	0.648121 1.286 1.55426 1.10571 1.23358 1.51104 1.39414 1.42166 1.27837 1.25954 
0171 0.0797238	7.86328 1.24161 1.16796 1.24097 1.49573 1.40808 1.08049 0.774745 1.17026 1.22236 
0172 0.0922787	4.05508 1.04708 0.793324 1.17018 1.26465 0.98021 0.872537 0.808151 1.23015 1.11894 
0173 0.14752	0.220944 1.39647 0.980159 0.853092 1.23033 0.762907 0.909215 0.895319 1.44664 1.1262 
0174 0.268675	0.476336 1.29767 0.729064 0.636062 0.977991 0.628506 0.567105 0.661573 1.32071 0.736934 
0175 0.0878845	19.99 1.41132 1.05 1.09424 1.2874 1.30499 1.5714 0.965482 1.5244 1.33161 
0176 0.0809793	0.408258 0.895551 2.49042 1.41509 1.19485 1.12191 1.08207 2.09044 1.17391 1.84676 
0177 0.084118	208.85 1.48961 0.872735 1.15214 1.4421 1.85887 1.89805 0.723296 1.54043 1.14019 
1000 0.0873074	0.00275803 1.11 0.650554 0.627619 0.966105 0.48177 0.434774 0.837986 1.27612 0.898486 
1001 0.132795	0.504215 0.81668 1.62524 1.40735 1.07174 1.27202 1.57586 2.04941 1.00726 1.52298 
1002 0.172781	256.378 1.38432 0.620638 2.38282 1.91769 2.78698 1.90778 0.691355 0.698624 1.42646 
1003 0.0796038	0.00321563 1.04286 0.656552 0.807913 1.03121 0.612384 0.789082 1.017 1.79472 0.97305 
1004 0.169112	1.08202 1.00896 0.772373 1.01667 1.16951 1.04861 1.06568 0.784917 0.974624 1.33111 
1005 0.0509905	0.12655 0.853782 0.733084 0.654288 0.90877 0.571669 0.8206 0.748602 1.29728 0.958353 
1006 0.0997799	0.0924604 0.84236 1.17394 1.16566 1.11596 1.00499 0.819201 1.28502 0.923004 1.54802 
1007 0.20763	0.25425 0.911386 0.917416 0.8564 1.00961 0.82437 0.882984 1.25034 1.19743 1.26758 
1010 0.156905	1.11252 1.25633 0.972695 1.35631 1.28052 1.39698 1.21443 1.03473 1.01052 1.06518 
1011 0.100663	0.40362 1.03459 1.41343 1.16175 1.13061 1.38659 0.878139 1.48968 0.854431 1.01432 
1012 0.213684	0.0171683 0.984688 1.04817 0.91141 1.01175 0.844681 1.03977 1.24211 1.29493 0.962458 
1013 0.077736	585.268 1.4235 0.632883 0.789422 1.37634 0.979303 1.07545 0.45446 1.26386 0.772335 
1014 0.198997	0.050465 0.796628 0.785561 0.608382 0.904784 0.782374 0.665072 0.711044 0.717942 0.694062 
1015 0.0474655	15.7529 1.33334 1.05683 1.18635 1.52834 1.61641 1.3682 1.09637 0.901178 1.04852 
1016 0.121798	0.0780514 0.961647 0.607591 0.695236 0.874272 0.713324 0.793407 0.779844 1.45738 0.90049 
1017 0.0827512	1.42817 0.830882 1.87346 1.02232 0.981818 1.24488 1.47634 1.69737 0.595209 0.985423 
1020 0.253225	0.73168 1.06972 0.598198 0.643276 0.838044 0.837537 0.830145 0.692132 0.982382 0.954999 
1021 0.211134	4.04252 1.13921 1.04448 0.795555 0.985019 1.01418 1.05061 1.06608 0.805559 1.07623 
1022 0.0651731	0.0598753 0.728326 1.01536 0.845238 0.708364 0.658125 0.710444 1.24805 0.687682 1.25158 
1023 0.0801086	0.804282 1.19955 1.2502 1.15844 1.01512 1.19435 1.65154 1.93857 1.01519 1.60637 
1024 0.0610998	2551.73 1.3582 1.26654 1.65527 1.39121 2.41807 3.37089 1.24331 1.07121 2.11578 
1025 0.0583842	202.652 1.48649 0.745648 1.13232 1.18018 1.56742 1.30961 0.847509 0.883607 1.10022 
1026 0.185336	2.92295 0.913621 1.37847 0.904642 1.11803 1.18596 1.15277 1.52606 0.785029 1.32646 
1027 0.0855397	6.71636 1.03993 0.873329 0.995965 1.00136 1.15644 0.995701 0.963316 1.03034 1.19837 
1030 0.124066	1.3159 1.27667 1.49231 1.21181 1.34881 1.59026 1.15384 1.91002 1.06953 1.22392 
1031 0.147235	419.743 1.84166 0.562579 1.38165 1.2831 1.21005 1.32652 0.568076 1.24663 1.13186 
1032 0.156577	0.00456591 1.00252 0.726564 0.703249 0.929904 0.741398 0.554448 0.648607 0.892198 0.794767 
1033 0.193946	1.01761 1.48771 0.839492 0.919481 1.31612 1.197 0.954164 0.841244 1.05332 1.02609 
1034 0.127803	0.0302472 1.02046 1.27818 1.06934 1.0554 0.931481 0.884046 1.09627 0.770263 0.992154 
1035 0.0620329	0.00651412 1.34305 0.654827 0.604854 0.899446 0.527462 0.833047 0.759187 1.78866 0.873234 
1036 0.0855755	0.00872156 1.12567 0.973423 0.888778 1.03078 0.72802 0.848912 1.27611 1.4979 0.972266 
1037 0.102765	1.7042 1.57414 1.28044 1.30714 1.15287 1.78008 1.58445 1.33812 0.951766 1.05353 
1040 0.108708	2269.75 0.958194 0.830416 1.1138 1.11344 1.67467 1.52841 0.781118 0.99875 0.915466 
1041 0.26768	348.561 0.885453 1.27985 1.062 1.04329 0.95838 1.1256 1.01563 0.95742 1.19727 
1042 0.147867	0.0317719 0.955082 0.919355 0.811024 0.846118 0.704081 0.582773 0.888058 0.852376 0.658494 
1043 0.0730567	0.177646 1.20925 0.825829 0.66877 0.882519 0.498643 0.782133 0.915892 1.59881 0.884268 
1044 0.145529	27.0668 1.00703 1.78388 1.23155 1.13205 1.62922 1.23108 1.67858 0.914106 1.0597 
1045 0.125658	107.529 1.17612 0.694653 0.589971 1.00813 0.563307 0.982568 0.608416 1.48638 0.826687 
1046 0.075979	35.255 1.15818 1.04838 1.03385 1.05884 0.964267 1.21888 1.36899 1.55176 1.22738 
1047 0.0555231	0.786108 0.988847 0.799846 0.79082 0.883886 0.549496 0.564737 0.535208 1.00977 0.736849 
1050 0.077316	14.1103 1.2502 0.890614 1.17229 1.13025 1.12207 1.31901 0.885306 1.27599 0.979596 
1051 0.104249	0.231619 1.32117 0.70286 0.822051 0.843093 0.770528 0.726205 0.645565 1.21451 0.724292 
1052 0.177618	0.0336846 1.13699 1.64013 1.15332 1.1096 0.905568 1.06111 2.09394 1.12749 1.11244 
1053 0.244254	0.307536 1.01324 0.871518 0.856888 0.83101 0.589682 0.728737 0.922339 1.41236 0.742033 
1054 0.0687253	0.00735812 1.13234 0.545862 0.571753 0.776233 0.439107 0.438017 0.655742 1.55954 0.7104 
1055 0.0833527	250.028 1.37536 1.01088 2.30463 1.5372 2.31286 1.81806 0.734401 1.10835 1.20336 
1056 0.0603668	5.72724 1.27542 1.29417 1.3618 1.27051 1.98142 1.61436 1.38046 0.752693 1.11895 
1057 0.184119	0.495672 0.908462 1.16866 0.949469 0.910655 0.765895 1.04678 1.145 1.18073 0.846298 
1060 0.133021	65.1654 0.823758 0.520028 1.03702 0.920845 1.10507 0.812895 0.407839 0.745607 1.0154 
1061 0.0969251	0.136372 0.916333 1.22545 0.930479 0.991279 0.826598 1.29878 2.23021 1.99859 1.34346 
1062 0.0875668	0.00650392 0.583664 1.0746 1.16823 0.992743 0.921266 0.846828 1.70373 1.03086 1.29466 
1063 0.078877	0.00392597 1.05689 0.5423 0.688844 0.857446 0.419048 0.456828 0.634992 1.46781 0.77581 
1064 0.191176	0.0282702 0.894997 0.625513 0.96498 0.880693 0.814582 0.833547 1.14612 1.22018 0.958253 
1065 0.0835561	0.0785848 0.671239 0.677355 0.871194 0.887411 0.670948 0.663612 0.87831 1.15057 0.840789 
1066 0.207888	1.39225 0.776777 1.12078 0.5949 0.976498 0.943347 0.833148 1.13301 1.15106 1.47552 
1067 0.120989	0.308455 0.971907 0.916846 0.973085 0.985665 0.65499 0.609351 1.06568 1.38642 0.97188 
1070 0.130992	0.00350555 0.827401 1.56004 1.1324 0.803123 1.14466 1.11435 1.79655 1.03044 1.08233 
1071 0.064764	618.641 1.67424 0.967708 1.29869 1.41587 1.95873 1.64325 0.727352 0.645389 1.03413 
1072 0.160629	7.1139 0.850709 0.90673 1.09622 0.88709 1.22958 1.41402 1.03287 1.17921 0.94118 
1073 0.156239	0.0776975 0.962927 0.781069 0.805538 0.744128 0.660819 0.537204 0.820898 1.0739 0.775519 
1074 0.0548847	4.7732 1.08363 0.58059 1.18722 0.971977 1.39842 1.01616 0.576043 0.753512 0.596867 
1075 0.227589	0.00592609 0.725452 1.1255 0.982206 0.690765 0.731245 0.625741 0.990154 0.830269 0.823555 
1076 0.125869	5.51896 0.957836 1.73821 1.23994 1.07503 1.2169 1.58184 1.62117 0.971063 1.1467 
1077 0.079034	0.0580583 1.14381 0.667629 0.682237 0.964239 0.654166 1.03426 0.755284 1.54101 0.752025 
1100 0.156402	29.0952 0.710778 1.54021 1.58679 1.23733 1.63044 1.30758 1.3594 0.56028 1.0702 
1101 0.154719	0.0667933 0.912991 0.792692 0.92962 0.958239 0.617067 0.877663 1.10827 1.29651 0.954231 
1102 0.0732831	0.308013 1.02864 1.842 1.11345 1.12744 1.17473 1.47516 2.29598 1.04446 1.16047 
1103 0.077891	2489.61 1.37679 0.840485 1.28553 1.3603 1.67357 1.46824 0.47324 0.610192 0.972227 
1104 0.103677	5.03492 0.913154 1.04128 1.34158 1.14774 1.0769 0.719631 0.910341 0.5597 0.91949 
1105 0.157111	0.0170705 0.834065 0.59 0.832706 0.891543 0.664356 0.625889 0.613217 0.864634 0.633279 
1106 0.128046	81.9771 1.12027 0.989259 1.3502 1.27011 1.55691 1.50293 0.998228 1.11924 1.19522 
1107 0.14887	0.114667 0.786969 1.31419 0.922587 0.718451 0.488567 0.758676 1.2092 0.996416 0.98344 
1110 0.0578018	0.110877 0.93605 1.13638 1.00811 0.975174 0.788396 0.706726 0.90584 0.716767 1.06264 
1111 0.071754	7.49096 1.43184 1.19243 1.38249 1.33409 1.46522 1.43112 1.00177 0.86223 1.59449 
1112 0.0879841	0.4023 1.10179 1.69183 1.09827 1.01514 1.03248 1.32627 1.76779 1.40373 1.45697 
1113 0.115034	0.167688 1.25275 0.497271 0.457997 0.725381 0.563435 0.544131 0.523279 1.06527 0.583328 
1114 0.10279	0.215798 1.19401 0.769722 0.860629 1.17364 0.940572 1.00599 0.872765 1.08041 1.1247 
1115 0.164721	111.373 1.29275 1.09235 2.0602 1.52769 1.53048 2.08398 1.20745 1.13467 1.98144 
1116 0.150484	0.255056 0.957973 0.970794 0.730421 0.939468 0.717147 0.753455 1.13176 0.873153 1.1259 
1117 0.249431	2.36697 1.14753 0.783569 0.874705 1.16996 1.21992 1.14783 0.885912 0.984133 1.4075 
1120 0.112512	0.00359589 1.1675 0.652537 0.699419 0.773349 0.476725 0.597419 0.598524 1.28063 0.90531 
1121 0.13941	0.272513 1.23078 0.638039 0.817153 0.959316 0.902458 0.746036 0.668796 1.0681 0.880061 
1122 0.074854	0.0046976 1.01505 0.803335 0.701385 0.667049 0.597394 0.456989 0.699808 0.615869 0.690811 
1123 0.080541	1.08057 1.14521 0.992139 1.54373 1.1701 1.56064 0.691189 1.02583 0.814606 1.12963 
1124 0.059791	3.92283 0.999756 1.66099 1.80283 1.12189 1.51938 1.38303 1.42254 0.686152 1.05189 
1125 0.241623	0.00380498 0.928775 1.18301 1.04081 0.917548 1.0341 0.80922 1.09741 1.05163 1.11449 
1126 0.20289	106.533 1.17203 0.951078 1.16344 1.40102 2.38254 1.169 0.901864 0.855309 1.33652 
1127 0.08838	2.67843 1.22486 2.0675 1.59994 1.29177 2.19917 1.71454 1.71675 1.03535 1.63928 
1130 0.0691949	2.95256 1.36557 0.715481 1.78563 1.65846 1.64525 0.713271 0.687703 0.510818 0.768236 
1131 0.144378	0.00337398 0.574685 0.745301 1.70828 0.873918 1.13899 0.327234 1.05026 0.469149 0.640662 
1132 0.144711	0.116606 0.713657 0.888425 2.38367 1.27804 1.70035 0.648273 2.2489 0.785592 0.893923 
1133 0.076181	119.914 1.08455 0.120698 2.20427 1.29328 1.63328 0.384037 0.146576 0.561325 0.43549 
1134 0.12841	0.343225 0.894125 0.759336 2.16838 1.27723 1.8227 0.867973 0.976356 0.854549 0.96592 
1135 0.0595476	0.000363323 0.592643 0.878637 1.21158 0.783041 0.737492 0.38986 1.30513 0.830282 1.06836 
1136 0.297073	0.0269086 0.877458 0.654694 1.89332 1.11177 1.17017 0.593296 0.646995 0.535832 0.796595 
1137 0.0805057	0.954149 0.746184 0.737622 3.20562 1.41946 2.45751 0.76581 1.7375 0.478927 1.00143 
1140 0.147664	0.0617462 1.06191 0.958475 0.864665 0.942448 0.947599 1.32252 1.43661 1.10643 1.29598 
1141 0.138997	0.00347734 0.86155 1.21014 0.768198 0.797673 0.640707 0.820368 1.11136 0.744445 1.08707 
1142 0.0582838	2.7014 1.21682 1.76478 1.24443 1.03876 1.53355 1.85476 1.941 0.941685 1.31 
1143 0.0895497	11.0288 1.35829 0.665625 0.926721 1.05745 1.18643 1.19937 0.876421 0.971214 0.935926 
1144 0.100425	242.939 1.4846 0.542547 1.73379 1.36898 1.95852 1.563 0.938653 1.1209 1.48922 
1145 0.0853016	1.86479 1.20042 1.13068 1.6853 1.08414 1.50925 1.5524 1.3973 0.781143 1.44438 
1146 0.263891	0.707699 0.920527 0.736048 1.15687 0.91442 1.00028 0.933648 0.934694 0.790024 1.16285 
1147 0.115888	0.255818 1.08719 0.543197 0.905857 0.952892 0.599195 0.668808 0.576031 1.12231 0.900893 
1150 0.177388	0.583698 1.1776 0.858575 1.042 1.01243 1.10402 1.15132 0.8162 1.07106 0.962037 
1151 0.143054	2.53235 1.53709 1.06049 1.14522 1.24316 1.48582 1.54269 1.14413 1.44449 1.27765 
1152 0.0907656	5.76511 1.10366 0.750789 1.26438 1.40017 1.92017 1.38732 0.998511 1.93213 1.05107 
1153 0.247435	0.102777 1.05047 0.561488 1.11281 0.805926 0.616606 0.617902 0.580296 0.99143 0.713503 
1154 0.0605762	1.215 1.10276 0.912799 1.33277 0.986588 0.838847 1.05117 0.75424 0.954791 0.806029 
1155 0.100829	160.436 1.01045 1.33505 1.27753 1.17283 1.84241 1.62581 1.87037 0.86466 1.16654 
1156 0.081689	13.812 1.17731 0.737275 1.08253 1.19982 1.40881 1.5447 0.926202 1.10224 0.668942 
1157 0.0982636	0.0822477 0.82089 1.24712 1.12211 0.894868 1.17737 1.05177 1.84372 0.977509 1.00941 
1160 0.119373	0.00227225 0.747514 0.639407 0.854134 0.848727 0.849281 0.402752 0.639104 0.780304 0.814423 
1161 0.142188	0.00494795 0.820263 0.674638 0.477517 0.704123 0.534632 0.625032 0.733393 1.24792 0.801882 
1162 0.0822978	0.00318972 1.04798 0.814041 0.599341 1.03238 1.11475 0.872858 0.916255 1.61659 0.900242 
1163 0.164799	33.3816 0.964939 1.49117 1.53717 1.36577 2.61457 1.97059 1.56986 0.708549 1.61187 
1164 0.199022	12.235 1.0995 1.07303 1.15622 1.24387 2.06923 1.16214 0.98119 0.757588 1.06978 
1165 0.109391	0.0136982 0.861833 1.33689 0.889502 0.820116 0.93639 0.64934 1.40913 0.769528 1.02929 
1166 0.112039	0.0365473 1.15229 1.05708 0.970927 1.16464 1.52709 1.14782 1.38678 1.50854 1.2105 
1167 0.0708902	2.32346 1.02423 0.670081 1.08612 1.17201 2.04848 1.09654 0.815171 0.876919 0.803127 
1170 0.204049	0.0473533 0.890504 0.671639 0.829918 0.708148 0.522636 0.679252 0.661506 1.05472 0.770384 
1171 0.0860363	0.0903106 0.96996 1.2105 1.32737 0.835996 1.00098 1.00151 1.42669 0.758593 0.980862 
1172 0.126984	104.791 1.06652 1.09044 1.69277 1.59594 2.38238 1.55152 1.15285 0.566925 1.10536 
1173 0.15896	0.19677 1.27061 1.00301 0.918825 0.960573 0.735832 1.09664 0.997599 1.23717 0.971795 
1174 0.112721	0.681972 0.990548 0.938566 1.3967 0.940948 1.29121 1.30169 1.05315 0.743141 1.14424 
1175 0.10536	0.0201521 0.699057 1.31976 0.778376 0.76964 0.600206 0.748104 1.20066 0.918486 1.0223 
1176 0.0973085	1.4322 0.890333 1.70072 0.988034 0.90738 1.4696 1.84314 2.03327 0.841021 1.48784 
1177 0.108581	1.94926 1.00923 0.75932 1.09467 1.02559 1.08432 1.09175 0.769145 1.11539 0.879116 
BOUNDS
LWPS R    0.0  0.0  0.0  0.0  0.0  0.0  0.0  0.0  0.0  0.0
UWPS R    0.5  0.5  0.5  0.5  0.5  0.5  0.5  0.5  0.5  0.5
LXAS R   -0.5 -0.5 -0.5 -0.5 -0.5 -0.5 -0.5 -0.5 -0.5 -0.5
UXAS R    0.5  0.5  0.5  0.5  0.5  0.5  0.5  0.5  0.5  0.5
END
