NAME moment_estimation_cluster
ASSETS 10
BENCHMARKS 0.1 0.1 0.1 0.1 0.1 0.1 0.1 0.1 0.1 0.1 
COVARIANCES
0 0 0.00477012
1 0 0.00254019
1 1 0.00356656
2 0 0.00504702
2 1 0.00388129
2 2 0.00683143
3 0 0.00371162
3 1 0.00288004
3 2 0.00405203
3 3 0.00379287
4 0 0.00108577
4 1 0.000581846
4 2 0.00135814
4 3 0.000472803
4 4 0.000976767
5 0 0.00667169
5 1 0.00320745
5 2 0.00725219
5 3 0.00509724
5 4 0.00157212
5 5 0.0110075
6 0 0.00159839
6 1 0.00103267
6 2 0.00151093
6 3 0.00153845
6 4 0.00030157
6 5 0.00223086
6 6 0.00102597
7 0 -0.00408087
7 1 -0.00246349
7 2 -0.00678644
7 3 -0.00209151
7 4 -0.00148069
7 5 -0.00720639
7 6 -0.000259836
7 7 0.0120102
8 0 0.00465571
8 1 0.00275853
8 2 0.00542823
8 3 0.00356159
8 4 0.00114749
8 5 0.00680586
8 6 0.00149151
8 7 -0.00529729
8 8 0.00511624
9 0 0.000738445
9 1 0.00015357
9 2 0.000281314
9 3 0.000649513
9 4 9.61894e-05
9 5 0.000588335
9 6 0.00044342
9 7 0.000761156
9 8 0.000565799
9 9 0.000573264
SCENARIOS
0 0.64184	1.03452 1.03645 1.04857 1.03654 1.01381 1.0436 1.01289 0.967591 1.04417 0.998197 
1 0.35816	0.947756 0.959439 0.927937 0.958087 0.984905 0.931516 0.986212 1.07351 0.949621 0.990687 
00 0.810436	1.03573 0.999313 1.05172 1.03349 0.998689 1.08046 1.00052 0.980914 1.03345 1.0109 
01 0.189564	0.898419 0.924953 0.893181 0.898788 0.975402 0.87065 0.958786 1.10448 0.903766 0.982251 
10 0.373464	0.932425 0.94986 0.91927 0.952207 0.960645 0.916104 0.977501 1.09276 0.910156 0.992796 
11 0.626536	1.05259 1.03339 1.0737 1.03191 1.01315 1.03988 1.02619 0.964925 1.05575 1.01243 
000 0.195436	0.867802 0.934004 0.863355 0.909246 0.967285 0.869615 0.993603 1.11855 0.89291 0.974813 
001 0.0494838	1.24531 1.19267 1.23791 1.20181 1.03462 1.24197 1.1324 0.85378 1.16608 1.05542 
002 0.0782821	0.988032 1.08262 1.00765 1.02844 0.97703 0.951833 1.03172 0.975759 1.01412 0.998547 
003 0.138493	1.05939 1.04252 1.04153 1.04144 1.05173 1.03307 1.06516 1.02853 1.03202 1.01852 
004 0.072534	1.07439 1.12606 1.08491 1.11134 0.984864 1.06276 1.06193 0.9625 1.05244 1.00692 
005 0.156891	0.999421 1.00786 1.00352 0.975642 0.993999 0.986154 0.998379 0.877173 0.968254 0.976735 
006 0.203203	0.983791 0.964874 0.948007 0.957286 1.02905 0.968546 0.984343 1.00928 0.964778 1.00694 
007 0.105677	1.13781 1.08095 1.15777 1.07611 1.05834 1.20695 1.08471 0.849489 1.16122 1.00488 
010 0.116791	0.938489 0.980215 0.928345 0.970571 0.991792 0.881767 0.984862 1.08297 0.923046 0.981615 
011 0.100107	0.962596 0.886924 0.908456 0.890893 1.00018 0.916595 0.993871 0.957819 0.953338 0.995937 
012 0.166352	1.06146 1.03723 1.08487 1.01467 1.06994 1.05122 1.01157 0.875099 1.04829 0.987666 
013 0.114161	1.0749 1.10939 1.10288 1.13459 1.00975 1.1215 1.03534 0.946857 1.08658 0.998565 
014 0.171283	1.01186 1.04705 0.964841 1.05968 0.9963 1.00935 1.03308 1.11468 0.992084 1.03003 
015 0.062875	0.936662 1.01774 0.992431 0.931534 1.02054 0.885281 0.942144 0.929815 0.93874 0.96883 
016 0.182296	1.06727 1.00666 1.05427 1.02946 1.01371 1.13421 1.04487 0.888523 1.07931 1.00322 
017 0.0861346	0.970603 0.913441 0.890676 0.969335 0.939054 0.909282 1.0063 1.07499 0.944547 1.0244 
100 0.131355	0.930629 1.01284 0.943203 0.957711 0.965642 0.875353 0.979753 1.09729 0.913666 1.00375 
101 0.251047	1.00936 1.03116 1.03107 1.03048 0.999032 1.00884 0.993383 0.991325 1.08358 0.989173 
102 0.0974133	0.910578 0.933456 0.873333 0.948661 1.00408 0.841253 0.981969 1.28522 0.923335 1.01041 
103 0.0758822	0.880773 0.862152 0.875208 0.877754 0.969972 0.870449 0.910639 0.979171 0.885771 0.974022 
104 0.0598086	0.987929 0.903493 0.965732 0.936289 1.07555 0.99557 0.976438 0.974361 0.99847 1.01707 
105 0.110123	1.10445 1.0575 1.0814 1.0471 1.07448 1.07741 1.03584 0.915847 1.17938 1.03073 
106 0.138756	1.09502 1.08537 1.13244 1.14003 0.989856 1.18247 1.0615 1.0302 1.1365 1.02319 
107 0.135616	0.975816 0.968876 0.990698 0.945158 1.03726 0.939883 0.973609 0.918843 0.974671 0.998703 
110 0.103209	0.969204 0.990677 1.01929 0.93065 1.0474 0.962454 0.95238 0.884498 0.964676 0.974436 
111 0.0881016	1.14059 1.06624 1.18186 1.11298 1.05548 1.28185 1.00115 0.782326 1.17306 1.01597 
112 0.252139	0.896129 0.917793 0.887054 0.906437 0.999001 0.882557 0.944782 1.0822 0.907425 1.00842 
113 0.122193	1.04953 0.997564 1.02454 1.0571 0.974877 1.11174 1.00066 0.964421 1.03863 0.999147 
114 0.0646168	1.03527 1.15873 1.16365 1.08797 0.981805 1.06292 1.02095 0.877343 1.06418 0.971855 
115 0.0701872	0.926417 1.05772 0.97497 1.00521 0.948974 0.960583 0.929694 1.04036 0.934019 0.976993 
116 0.220856	1.03888 0.989671 0.986115 1.01509 1.01929 1.04929 0.982337 0.996591 1.01208 1.01434 
117 0.0786988	1.05728 1.11331 1.0757 1.10917 1.00884 1.09951 1.02144 1.09361 1.06618 1.0146 
0000 0.085481	1.00008 0.993994 0.965492 1.03764 0.930106 0.970003 1.01373 1.10288 0.930214 1.03529 
0001 0.0808578	0.960807 1.01571 0.951591 0.947305 1.05032 0.887491 1.00286 1.0988 0.970948 1.01045 
0002 0.0871533	1.05382 1.04907 0.942035 1.0375 0.980387 0.95464 1.03067 1.25179 0.985695 1.05048 
0003 0.15178	1.1563 1.10884 1.1417 1.12938 0.970271 1.05996 1.02621 0.986636 1.14627 1.02279 
0004 0.266968	0.961384 0.9607 0.958468 0.928565 0.976481 0.8508 0.924737 0.967957 0.943788 1.00088 
0005 0.0675782	1.01252 0.898473 0.972852 0.910627 1.04073 0.981618 0.927249 0.83702 0.993211 0.992737 
0006 0.187881	1.09066 1.06347 1.09002 1.0267 1.03098 1.07426 0.962901 0.891175 1.07536 1.01533 
0007 0.0722998	1.05688 0.951417 0.951011 1.02483 1.02526 1.06607 0.952464 1.03472 1.03092 1.05043 
0010 0.0738151	1.02628 0.927518 0.987046 1.04549 0.962569 1.11077 0.992622 1.01322 1.1099 1.00005 
0011 0.0644911	1.02985 1.0328 1.11994 0.963229 1.0939 1.0747 0.946732 0.716651 1.13376 0.954123 
0012 0.157731	0.99853 1.02198 0.986371 1.02485 1.02222 1.02009 0.966032 1.08768 1.04811 1.0076 
0013 0.109169	0.90155 0.997048 0.901653 1.00779 0.97473 0.919304 0.96452 1.366 0.938307 0.976505 
0014 0.242813	0.898904 0.952926 0.968711 0.929048 0.955701 0.949839 0.915278 1.05678 0.990275 0.932854 
0015 0.0714841	1.02046 1.03032 1.11757 1.04343 0.952085 1.13853 0.997537 0.890443 1.10043 0.975658 
0016 0.0745921	0.903526 0.902158 0.853321 0.940211 0.998663 0.850658 0.959431 1.38332 0.877264 1.02563 
0017 0.205905	1.0531 1.11306 1.15879 1.10777 1.03476 1.17208 0.993761 0.895609 1.14095 1.00734 
0020 0.10167	0.890986 0.998681 0.974766 0.920495 1.00835 0.881516 0.928382 0.892016 0.926977 0.962422 
0021 0.0709725	0.874746 0.938705 0.873083 0.941313 0.962584 0.821035 0.95883 1.26378 0.80495 0.975567 
0022 0.141945	1.03351 1.11802 1.14271 1.00787 1.03514 1.03856 1.01268 0.924006 0.996446 0.970769 
0023 0.255157	1.07726 1.02073 1.04521 1.03451 1.02645 1.03195 1.03949 1.06748 1.02728 1.05977 
0024 0.0699902	1.13202 1.08442 1.18669 1.11195 0.991622 1.13366 1.04047 0.902716 1.19243 1.01941 
0025 0.0891454	0.917001 1.01078 0.953039 0.950282 1.01894 0.905958 0.96378 1.21178 0.937912 0.982818 
0026 0.100688	0.957724 1.03806 0.955144 1.0292 0.939955 0.868898 1.00108 1.20574 0.937975 1.00069 
0027 0.170432	0.992403 0.944847 0.966848 1.02211 0.985319 0.936176 0.985528 1.12139 0.960342 1.04842 
0030 0.0702388	0.92245 0.901697 0.899477 0.906961 0.996231 0.934408 0.984924 1.05156 0.956327 1.00935 
0031 0.103692	1.15194 1.12289 1.15915 1.10852 1.0455 1.27663 1.04352 0.878172 1.18382 1.02232 
0032 0.218212	1.00234 0.983254 1.0388 1.01008 0.997098 1.13575 0.965187 0.934591 1.07176 1.00051 
0033 0.15186	0.933828 0.978199 0.900335 0.9669 0.947697 0.948757 0.958222 1.18508 0.91285 1.00437 
0034 0.079678	1.01393 1.03096 1.02692 0.977306 0.985673 1.03698 0.977546 0.913954 1.04249 0.983958 
0035 0.173237	1.02199 1.0762 1.04054 1.05391 1.00794 1.08623 1.03412 1.03191 1.04634 0.993687 
0036 0.0488617	0.862736 0.947573 0.850561 0.872561 0.98382 0.782332 0.922882 1.12079 0.863664 0.968727 
0037 0.15422	0.97471 1.02642 1.00494 0.930715 1.02864 0.96301 0.953971 0.849971 0.995362 0.971283 
0040 0.116618	1.06833 1.02454 1.12741 1.02687 1.01196 1.14274 1.00874 0.82931 1.0798 0.977706 
0041 0.0885237	1.06019 1.12435 1.14144 1.07383 1.05275 1.07198 0.992416 0.943743 1.13524 0.999047 
0042 0.121124	1.0333 1.06252 1.03352 1.09335 1.0004 1.03164 0.997671 1.11671 1.03788 1.01186 
0043 0.193745	0.959044 0.988997 0.991169 0.917222 1.01504 1.04499 0.967268 0.908288 1.01125 0.925419 
0044 0.109992	0.965044 0.924977 0.904462 0.997749 0.94477 1.04101 1.01341 1.11716 1.01757 1.02123 
0045 0.0485025	0.946289 1.01253 0.942789 0.973104 1.01543 0.927193 1.035 1.22428 0.961231 1.02824 
0046 0.171482	1.01898 1.01694 1.00301 1.0299 0.970212 1.10223 0.970361 0.952608 1.04209 1.01259 
0047 0.150013	0.901232 0.970016 0.87228 0.945603 0.944048 0.820603 1.0023 1.22591 0.897273 0.989677 
0050 0.0889597	1.00146 1.0623 1.13442 0.986887 1.01732 1.0111 0.964608 0.811062 1.09972 0.959499 
0051 0.143365	1.05704 1.05731 1.08372 1.07524 1.03026 1.11174 1.02796 0.997808 1.13 1.01585 
0052 0.212474	0.991287 1.04121 1.01471 1.03652 0.974445 1.00987 0.972567 1.06172 1.0801 0.996782 
0053 0.0896949	1.12739 0.952211 1.1018 1.0192 1.04019 1.25673 0.984185 0.833519 1.17202 1.05042 
0054 0.0873667	0.895348 0.952335 0.877894 0.900443 0.953739 0.80396 0.982002 1.2351 0.9291 1.0094 
0055 0.1441	1.088 0.991477 1.00988 1.11043 0.965091 1.13804 1.03744 1.16745 1.10415 1.0571 
0056 0.0550178	0.973036 1.05603 1.04582 0.9488 1.06298 0.979055 0.992195 0.899893 1.03055 0.971842 
0057 0.179022	0.949891 0.962083 0.952502 0.940578 0.985885 0.895675 0.977292 1.06233 0.989544 1.00745 
0060 0.0999054	0.992659 0.931659 0.980346 0.891217 1.04297 1.00525 1.01543 0.863642 1.02152 0.96214 
0061 0.097824	1.06513 0.963723 1.00242 1.05081 0.99544 1.15241 1.06224 0.971107 1.12189 1.03655 
0062 0.124882	1.00587 1.07429 1.05204 1.01095 1.03436 0.968461 1.06725 1.03337 1.00514 1.01319 
0063 0.097824	0.90914 0.928946 0.838532 0.963468 0.935494 0.818648 1.00453 1.22612 0.893333 0.986615 
0064 0.206433	1.04664 1.01623 1.02285 1.03632 0.971624 1.02787 1.00929 0.972163 1.03915 1.00656 
0065 0.0614948	1.12494 1.12082 1.15371 1.12854 1.01404 1.25675 1.08037 0.939645 1.16996 1.01459 
0066 0.194513	0.956604 0.978691 0.952482 0.937151 1.01758 0.87132 0.98315 1.10186 0.941507 1.00674 
0067 0.117124	1.07156 0.977444 1.06635 0.984364 1.01126 1.14649 1.05208 0.863396 1.07144 0.970518 
0070 0.0805894	0.963928 0.945035 0.979115 0.966177 0.962577 0.9561 0.933444 0.913761 0.965562 0.982724 
0071 0.13189	0.979665 0.957012 0.962502 1.00108 0.982615 0.999327 0.986941 1.12512 0.962609 1.02445 
0072 0.222667	1.11195 1.05025 1.1225 1.0639 1.02692 1.18456 0.968375 0.868271 1.094 0.977059 
0073 0.0547571	0.938585 0.883124 0.961492 0.865611 1.00528 0.928053 0.863777 0.804789 0.924986 1.00395 
0074 0.193742	1.00764 1.0132 0.995267 0.959954 1.03578 0.986823 0.996975 0.940114 1.00376 0.983607 
0075 0.0496635	0.951151 0.858866 0.873374 0.93759 0.922883 0.945198 0.931961 0.960691 0.942655 1.03546 
0076 0.200655	1.06172 1.03707 1.02029 1.07171 0.970293 1.02898 0.987966 1.06537 0.998377 1.01449 
0077 0.066036	0.922079 0.937695 0.898915 0.927747 0.984144 0.842281 0.959401 1.03797 0.892934 1.00726 
0100 0.0570021	1.09468 1.02357 1.0911 1.01085 1.08825 1.1593 1.00973 0.821829 1.0737 1.01198 
0101 0.195637	1.11376 1.08196 1.12164 1.07519 1.01116 1.16511 1.04589 0.899619 1.14547 1.04064 
0102 0.0710767	0.919351 0.903426 0.901542 0.891124 0.990128 0.997059 0.952801 1.03159 0.908503 0.984435 
0103 0.155524	0.966386 1.00868 0.989545 1.0177 1.00864 1.05033 1.00588 1.08774 1.00494 1.06213 
0104 0.0661506	0.930308 0.968064 0.835192 0.895912 0.977601 0.794556 0.977061 1.237 0.88261 1.0169 
0105 0.210415	0.986413 0.984856 0.991129 0.967441 0.985751 0.986694 0.931228 0.947409 0.946784 0.979815 
0106 0.0957072	1.05093 0.988779 1.02671 1.01102 0.987627 1.16518 1.03852 0.921261 1.07806 1.02071 
0107 0.148487	0.992819 0.958727 0.977064 0.970801 1.04893 0.995449 1.00647 1.08583 0.91811 1.0789 
0110 0.0977011	1.09355 1.05672 1.20336 1.08852 1.05012 1.23561 0.981023 0.798665 1.09438 0.982134 
0111 0.104269	0.916817 0.948962 0.909163 0.961335 0.954501 1.0101 0.951952 0.964614 0.91689 0.942833 
0112 0.0837438	0.899873 0.929989 0.918058 0.895271 1.03788 0.772793 0.951339 1.10783 0.857202 1.01178 
0113 0.149425	0.961114 0.963235 0.925459 1.02143 1.01521 0.970895 1.02185 1.22265 0.911358 1.03747 
0114 0.119869	0.906771 0.989904 0.946658 0.94449 0.971151 0.874799 0.939772 1.10235 0.899799 0.986099 
0115 0.134647	1.06397 1.02025 1.08579 1.10281 0.978316 1.13705 0.974809 0.878083 1.09151 0.998302 
0116 0.126437	1.06482 1.00946 1.1322 1.00787 1.09883 1.09225 1.00049 0.901815 1.01399 0.988054 
0117 0.183908	1.0413 1.02028 1.02845 1.06153 1.02012 1.04216 0.930739 0.991827 0.979627 1.01339 
0120 0.180336	1.05641 1.09993 1.08958 1.08279 1.00779 1.06445 1.03283 0.967426 1.10002 1.04503 
0121 0.259387	0.98763 0.965004 1.03633 0.959281 1.0158 1.0725 0.968703 0.878007 1.01688 1.00339 
0122 0.0909091	1.02402 1.11116 1.09569 1.03933 0.982794 1.07816 1.01353 0.979949 1.03053 1.01378 
0123 0.0716403	1.04866 0.978837 0.989896 1.0351 1.02303 1.07161 1.04331 1.03996 1.08141 1.03642 
0124 0.100296	0.996485 1.00721 0.99386 1.00222 0.963584 1.00546 0.980599 1.03197 0.969107 0.971101 
0125 0.0785573	1.12074 1.09028 1.20717 1.05188 1.06993 1.17315 1.00227 0.730565 1.15991 1.02953 
0126 0.114625	0.950795 0.869412 0.88651 0.893876 1.0162 0.923814 1.01938 1.10708 0.967126 1.03171 
0127 0.104249	0.919242 0.949989 0.912437 0.92843 0.963613 0.879077 0.93744 1.10283 0.918303 0.995771 
0130 0.0979122	1.0113 0.955583 0.906816 1.01354 0.928413 0.959622 0.98609 1.28478 0.899624 1.07304 
0131 0.141829	1.02495 1.01448 1.04209 0.960946 0.995562 1.03677 0.919495 0.851544 1.02115 0.99782 
0132 0.154068	1.13996 1.09157 1.14824 1.06645 1.03599 1.15768 1.02935 0.855862 1.14551 1.01253 
0133 0.146868	0.937343 0.912968 0.87955 0.923967 0.940487 0.881534 0.970106 1.18426 0.966167 1.06168 
0134 0.11879	1.03523 0.964716 0.926012 0.994312 1.02786 0.99503 1.03646 1.16031 0.953559 1.05512 
0135 0.087113	1.15115 0.982221 1.05844 1.01881 1.07726 1.17222 1.05372 0.953791 1.1524 1.08166 
0136 0.0784737	1.08265 1.04681 1.0031 1.04805 0.987222 1.03071 1.03444 1.19347 1.04872 1.07678 
0137 0.174946	1.07965 0.93858 1.02938 0.998737 0.974778 1.14208 1.02502 0.938117 0.987052 1.01034 
0140 0.147313	1.03084 1.01409 1.09578 1.01629 1.00532 1.04237 0.958673 0.883154 1.02669 1.00194 
0141 0.140115	0.950506 0.98053 0.942035 0.984516 0.968476 0.908994 0.930487 1.10497 0.925215 0.997094 
0142 0.100288	0.901404 0.909084 0.893804 0.906202 0.992115 0.749445 0.952757 1.29004 0.886373 1.00465 
0143 0.167466	1.14551 1.11854 1.14875 1.08561 1.02356 1.03606 1.01896 0.92764 1.10029 1.01174 
0144 0.090691	0.998321 1.02382 1.05947 0.992258 0.95928 0.928708 0.96658 0.97037 0.935931 0.978155 
0145 0.0681382	0.90966 0.863187 0.931177 0.899438 0.949924 0.905518 0.948506 0.967097 0.932929 0.950871 
0146 0.182342	1.07072 0.922119 1.01672 1.00011 1.01546 1.05439 1.02827 1.01882 1.00737 1.0292 
0147 0.103647	0.996398 1.05738 1.08618 0.962864 1.04477 0.961999 0.939524 1.01382 0.977542 0.965903 
0150 0.177778	0.939864 0.9124 0.887134 0.936833 0.9681 0.964891 0.940063 0.911847 0.947146 0.944777 
0151 0.180392	1.01871 0.964005 1.02476 1.03708 0.973143 1.03457 1.04284 0.974976 1.05651 0.999006 
0152 0.14902	1.04181 0.941865 0.959839 1.01409 0.994406 1.12746 1.05342 1.12137 1.00269 1.00061 
0153 0.0993464	1.07667 1.07238 1.11605 1.12487 0.976509 1.07706 1.05368 0.852551 1.0596 0.977965 
0154 0.169935	0.95521 1.00576 1.00222 0.971179 1.02998 1.04597 1.04854 1.04549 1.00511 0.970126 
0155 0.0862745	1.04311 0.993734 1.0007 1.0366 0.95514 1.2055 0.969223 0.869424 1.11262 0.977467 
0156 0.0666667	1.07636 1.06283 1.17059 1.07479 1.04263 1.20644 1.02787 0.750366 1.09034 0.98638 
0157 0.0705882	1.16468 1.02265 1.10499 1.09064 1.03219 1.11684 1.01507 0.891726 1.17628 1.0112 
0160 0.129396	1.12554 1.03147 1.11477 1.07395 1.05271 1.13777 1.04829 0.956224 1.06972 1.03672 
0161 0.0581605	0.959982 0.976898 0.933626 0.975902 1.02169 0.900456 0.964289 1.18991 0.932934 1.03771 
0162 0.114067	0.923252 0.905177 0.892091 0.89956 0.969383 0.820785 0.899078 1.01882 0.901298 0.979368 
0163 0.0901713	0.953098 0.948975 0.965596 1.01566 0.945802 0.993804 0.959898 1.02701 0.937051 0.993534 
0164 0.265104	0.993159 0.986675 1.02703 0.97242 1.02263 0.966935 0.951496 0.954243 0.987102 0.971176 
0165 0.0658251	1.05162 1.03351 1.08393 1.09436 0.950135 1.05032 0.953419 0.837022 1.01797 0.980805 
0166 0.187106	1.03895 1.02847 1.06372 1.04995 0.999351 0.997275 1.01021 0.983075 1.0084 1.0308 
0167 0.0901713	1.13183 1.14294 1.18796 1.12386 1.0371 1.22373 1.02033 0.877669 1.12408 0.986723 
0170 0.108779	1.03606 1.06064 1.06304 1.00583 1.04992 1.01691 1.0161 1.03569 1.01282 0.996087 
0171 0.109733	1.05671 1.12397 1.16704 1.10397 1.02337 1.23002 1.05727 0.868951 1.05682 0.997474 
0172 0.139313	1.01441 1.06373 1.04343 1.08231 0.951412 1.16343 0.972379 0.960989 0.976219 0.963368 
0173 0.0744275	0.976237 0.901067 0.967266 0.954189 1.00828 1.1124 0.987339 1.00942 0.998727 0.974327 
0174 0.218511	0.891963 1.02801 0.956863 0.939606 1.00096 0.933205 0.920393 0.992852 0.916508 0.960609 
0175 0.0868321	1.08963 1.01888 1.10706 1.04925 1.01779 1.22847 1.02946 0.864997 1.11176 1.01225 
0176 0.0667939	0.845695 1.02642 0.930005 0.939863 0.960508 0.81919 0.927309 1.10204 0.877507 0.958643 
0177 0.195611	0.95293 1.01847 0.970842 1.04159 0.977807 0.88949 0.998088 1.20541 0.940787 1.00778 
1000 0.0882186	0.922712 0.904062 0.883525 0.988449 0.966379 0.922705 0.979365 1.12263 0.944781 0.999884 
1001 0.101878	0.899733 0.971387 0.970781 0.938078 0.997615 0.916691 0.958297 0.861376 1.01991 0.950818 
1002 0.052362	0.941314 1.03763 0.92342 1.01796 1.00471 0.916351 1.01148 1.15548 0.96099 0.977611 
1003 0.109846	0.891316 0.938316 0.906089 0.920919 1.02395 0.89262 0.994282 1.02041 0.940376 0.953351 
1004 0.190666	1.09543 1.04971 1.10842 1.12664 0.978715 1.17165 1.00818 0.949849 1.09517 0.985329 
1005 0.155378	1.01997 1.05497 1.06648 1.03228 1.07686 1.03044 1.04512 1.03758 1.13161 1.03589 
1006 0.239044	1.01914 0.986994 0.989214 1.0485 1.0055 1.00337 1.00436 0.943355 1.06708 1.0049 
1007 0.0626067	0.956812 0.938985 0.974656 0.969573 0.966247 1.03181 0.976135 0.920461 0.991737 0.965538 
1010 0.116141	1.04993 0.992163 0.957295 1.03071 0.946938 1.01098 1.01983 1.06706 0.929658 1.03897 
1011 0.175104	1.11029 1.06444 1.1512 1.05698 1.05103 1.23195 1.06508 0.809645 1.09397 1.01497 
1012 0.184634	1.01548 1.06653 1.11179 1.02173 0.984112 1.0263 1.00837 0.812818 1.02148 0.995737 
1013 0.177189	0.953631 0.966922 0.9846 0.947907 1.00694 1.00389 0.984845 0.879685 0.937545 0.950789 
1014 0.116736	0.971256 0.979917 0.953782 0.976483 1.03226 0.945944 1.01933 1.13589 0.945409 1.05041 
1015 0.0893389	1.15919 1.00012 1.05948 1.09927 1.02552 1.22972 1.06536 0.952227 1.09903 1.07198 
1016 0.0524122	0.908939 1.00987 0.951705 0.926828 0.986064 0.888522 0.998944 1.04352 0.861147 1.0004 
1017 0.0884455	0.920833 0.914965 0.86531 0.918207 0.969176 0.889822 0.993019 1.1318 0.871581 1.00953 
1020 0.0874904	0.936195 0.924705 0.856291 0.938091 0.967017 0.910024 1.05151 1.2894 0.922552 1.01804 
1021 0.0982348	1.13663 1.09036 1.08824 1.09377 0.997632 1.27763 1.0892 1.00422 1.12549 1.04579 
1022 0.0844206	0.964441 1.03418 1.02869 0.940428 1.05655 0.912068 0.965594 0.921345 0.967475 1.02829 
1023 0.121259	1.05695 1.04604 0.989715 1.0474 0.942743 1.02549 1.05259 1.17705 0.977686 1.04118 
1024 0.250192	0.901853 0.989427 0.889909 0.920384 0.96592 0.941211 0.950725 0.981641 0.910215 0.973307 
1025 0.0514198	1.23624 1.03904 1.1735 1.16912 1.02598 1.27165 1.05988 0.902552 1.22928 1.06935 
1026 0.207982	1.05925 1.06467 1.06153 1.00656 1.03043 1.13484 1.00245 0.892046 1.06745 1.00785 
1027 0.0990023	1.09629 1.11147 1.04818 1.10422 0.959796 1.10372 1.03438 0.965383 1.07377 0.997169 
1030 0.0541872	1.24036 1.0941 1.20987 1.18489 0.995371 1.29132 1.04589 0.869794 1.23519 1.00455 
1031 0.13399	0.882735 1.02153 0.910061 0.930615 0.953047 0.858584 0.961736 1.0903 0.922744 0.95648 
1032 0.0453202	1.04142 0.947321 1.01502 0.987635 0.994312 1.05647 1.01513 0.914913 1.08179 1.04537 
1033 0.107389	1.06134 1.11627 1.10432 1.02136 1.08517 0.995766 1.04909 0.919904 1.12749 0.999324 
1034 0.194089	0.988187 1.04897 1.0185 1.01649 0.989639 1.00335 1.02544 1.03341 1.06201 1.00774 
1035 0.170443	0.936079 0.977932 0.968211 0.887911 1.04173 0.841123 0.932383 1.04001 0.926296 0.974664 
1036 0.105419	0.969487 0.959801 0.902665 0.979154 0.999752 0.936577 0.9959 1.24285 0.982447 1.042 
1037 0.189163	1.10345 1.04422 1.07011 1.07579 1.00965 1.14121 1.11728 1.02679 1.13503 1.06688 
1040 0.08625	1.04872 0.995152 1.03135 0.979763 1.00865 1.05157 1.01418 0.836693 1.10597 0.982123 
1041 0.105	0.981439 0.978856 1.01632 0.92005 0.968332 0.904506 0.953659 0.829182 0.9996 0.968587 
1042 0.20375	1.14801 1.05265 1.10974 1.083 1.01592 1.26105 1.0624 0.973935 1.12611 1.02213 
1043 0.07625	0.976486 0.958543 0.911722 0.912609 1.04403 0.839257 1.02727 1.13348 0.924695 1.03016 
1044 0.12625	1.00976 0.98707 0.943938 1.00399 0.950182 0.991758 0.996848 1.15112 0.989993 1.02319 
1045 0.065	0.925539 0.979696 0.969293 0.872773 0.995913 0.933256 0.913747 0.910513 0.9392 0.932107 
1046 0.20625	1.05897 1.03162 1.03645 0.994826 1.01443 1.00773 1.04943 1.01996 1.08805 1.01245 
1047 0.13125	0.921549 0.981906 0.889045 0.92338 0.976416 0.869917 0.976775 1.17469 0.8617 0.981382 
1050 0.0841819	1.10085 1.03011 1.18224 1.04781 1.00009 1.21091 1.02255 0.78476 1.06699 0.961373 
1051 0.173795	0.968192 1.0266 1.04262 0.983444 0.968076 0.896093 1.00489 0.969965 0.987104 0.987414 
1052 0.105906	0.928213 0.870236 0.922614 0.914951 0.993276 0.934521 0.928775 0.960841 0.90121 0.941166 
1053 0.065852	0.862299 0.969667 0.885067 0.924793 0.993896 0.853234 0.984352 1.25262 0.825463 0.997596 
1054 0.234216	1.07846 1.02568 1.11489 1.07557 1.01407 1.16699 0.972105 0.923166 1.04007 0.99506 
1055 0.0549898	1.10081 0.934948 1.1079 1.04447 0.981255 1.23549 0.950737 0.847695 1.05061 1.02167 
1056 0.130346	0.996639 0.953137 0.931138 0.988838 0.98357 0.980008 0.997792 1.24024 0.913441 1.03095 
1057 0.150713	0.957458 0.996966 0.998441 0.939226 1.04493 0.952662 0.964009 0.916615 0.941271 1.01574 
1060 0.106142	1.16508 1.11176 1.17111 1.08716 1.04536 1.0743 0.977108 0.823231 1.11303 1.01185 
1061 0.186422	1.00123 1.04971 0.961805 1.02548 1.00245 0.934029 0.973217 1.0893 0.939753 0.996496 
1062 0.0565733	1.1698 1.05783 1.13456 1.12317 1.05096 1.31545 1.03765 0.859686 1.11234 0.998411 
1063 0.112069	1.07552 1.03566 1.07173 1.02613 0.984058 1.12027 0.966532 0.744354 1.07438 0.954151 
1064 0.0587284	1.19651 1.06937 1.09205 1.14466 0.996917 1.173 1.05436 1.06733 1.06796 1.06724 
1065 0.141164	0.965128 0.940362 0.92148 0.92328 0.962363 0.836276 0.896852 1.02545 0.886833 0.991467 
1066 0.153556	0.9794 1.00401 0.986769 0.965599 1.04333 0.951813 0.984761 0.890251 0.966576 0.999251 
1067 0.185345	0.923465 0.953271 0.899212 0.948509 1.00839 0.801372 1.00149 1.19988 0.908567 1.04941 
1070 0.256891	1.04866 0.972428 0.99439 1.02748 0.968344 0.983008 1.01785 1.13018 1.03885 1.04198 
1071 0.0656009	1.05539 1.00916 1.03919 1.01055 1.07279 1.05915 1.02017 0.979512 1.05085 1.01168 
1072 0.211687	0.955929 0.957208 0.9872 0.943377 0.963518 1.02182 1.02572 0.950476 0.971228 0.977092 
1073 0.0898567	0.890735 0.94826 0.869812 0.903599 0.968258 0.814113 0.934914 1.19522 0.925851 1.00949 
1074 0.0931643	0.953116 1.03894 0.984518 0.984164 0.999691 0.979947 0.953053 1.13033 0.956954 0.972096 
1075 0.0667034	1.20889 1.05362 1.17232 1.13179 0.997659 1.22224 1.04989 0.863082 1.15163 1.04807 
1076 0.0937155	1.08301 1.07422 1.15244 1.0526 0.990709 1.06478 1.0287 0.91929 1.13629 1.02262 
1077 0.122381	1.12582 1.03049 1.12054 1.03739 1.02166 1.25752 1.01272 0.856028 1.17523 0.982785 
1100 0.205959	0.989161 0.93878 0.940453 0.987611 1.00978 0.986868 1.02838 1.06868 0.980506 1.02408 
1101 0.164076	1.01881 0.973179 0.998244 1.01612 0.973697 1.02672 0.957663 0.893067 1.07222 0.985397 
1102 0.105786	1.11251 1.09902 1.08058 1.09497 1.01416 1.16556 1.05979 0.946579 1.07997 0.997412 
1103 0.0911054	1.13777 1.15024 1.17775 1.11539 1.0369 1.15474 1.00839 0.818775 1.15875 0.981198 
1104 0.112263	0.859787 0.962191 0.866701 0.921674 0.942698 0.840129 0.905283 1.17631 0.88337 0.953496 
1105 0.112694	0.992298 1.05294 1.02616 1.03458 0.97739 0.955019 0.976616 0.990019 1.04242 0.994686 
1106 0.048791	1.12064 1.01923 1.12472 1.03392 1.06718 1.29927 1.01021 0.854841 1.15929 0.978797 
1107 0.159326	0.950777 1.01514 0.977941 0.936032 1.02845 0.998713 1.00228 1.03869 0.960506 0.971842 
1110 0.14871	0.985279 0.907718 0.975279 0.931818 1.01122 1.00854 0.995486 0.832199 0.969145 0.973216 
1111 0.0384421	1.16125 1.20102 1.19515 1.23204 0.979061 1.23499 1.10622 1.10405 1.07734 1.04922 
1112 0.146181	1.09717 1.09883 1.11004 1.08585 1.00877 1.09544 1.06556 1.07197 1.04523 1.01676 
1113 0.11735	1.07714 1.04174 1.0525 1.03714 1.02068 1.16082 1.08155 0.975787 1.09979 1.02626 
1114 0.161861	0.937917 0.945606 0.887654 0.935074 0.980626 0.808896 0.995307 1.27844 0.924515 1.01351 
1115 0.119879	1.00546 0.940235 0.985322 0.966469 0.961242 0.975494 1.00714 1.04565 0.942919 0.964402 
1116 0.128983	1.07467 1.04774 1.02193 1.0777 0.956391 1.13882 1.07299 1.07147 1.02721 0.987455 
1117 0.138594	0.954419 1.0738 1.00992 0.979264 0.997965 0.851957 1.01569 1.00006 0.951315 0.946594 
1120 0.100035	1.01203 1.00105 0.959397 1.09289 0.91892 0.992506 1.03112 1.16183 0.979718 1.0238 
1121 0.0835984	1.07183 1.00473 1.06712 1.02936 1.0106 1.17911 0.982095 0.880444 1.08425 0.945374 
1122 0.198657	0.908269 0.916548 0.904321 0.917246 0.963703 0.909661 0.957228 0.983877 0.875509 0.947362 
1123 0.141216	1.17743 1.08828 1.12544 1.14423 1.01615 1.25902 1.01973 0.865697 1.1202 0.995269 
1124 0.147048	0.94899 1.06755 0.909988 1.00287 0.980478 0.85901 0.98561 1.17806 0.92491 0.9823 
1125 0.068222	0.997477 1.083 1.09059 1.00001 1.00947 1.03079 0.986235 0.808501 1.02699 0.958103 
1126 0.102686	1.0559 0.944112 1.02567 0.994857 0.951835 1.19028 1.01529 0.853912 1.00103 0.950235 
1127 0.158537	1.03661 0.998186 1.01449 1.00659 1.04218 1.03842 1.0224 0.999597 0.98087 0.994009 
1130 0.0769511	1.06432 1.07355 1.1378 1.05578 1.05603 1.19236 0.993091 0.829786 1.14436 1.0032 
1131 0.154632	1.07469 1.08182 1.07292 1.11088 0.982241 1.08818 1.05337 0.983277 1.04843 1.0246 
1132 0.137856	1.00798 1.01907 0.979468 0.965806 1.01324 0.93842 1.01618 1.10047 0.999893 1.01229 
1133 0.0485047	1.21952 1.07225 1.19846 1.13352 1.01324 1.27351 1.0219 0.925156 1.21105 1.05275 
1134 0.0904449	1.10526 0.986846 1.01189 1.05226 1.00399 1.1907 1.05277 1.03725 1.04625 1.0184 
1135 0.110503	0.874941 0.948693 0.882191 0.93594 0.946558 0.829998 0.979004 1.11007 0.866686 0.976297 
1136 0.211889	0.931136 1.01226 0.98371 1.00931 0.950789 0.957401 0.953622 1.02333 0.959559 1.00761 
1137 0.16922	0.963897 0.966951 1.03952 0.918137 1.00476 0.953212 0.987485 0.823855 0.993014 1.00367 
1140 0.12	1.04994 1.01393 0.983206 1.01743 0.988219 1.09703 0.977428 0.922597 1.05267 0.966012 
1141 0.0675862	1.10367 1.02683 0.994088 1.08595 1.02517 1.00896 1.01219 1.17829 1.00022 1.06202 
1142 0.127586	1.09495 1.02103 1.08886 1.0417 1.03631 1.18755 0.970068 0.785795 1.13338 1.00771 
1143 0.117241	0.984773 1.01901 0.974124 1.01328 1.04473 1.02463 1.00957 1.06172 1.01772 1.0225 
1144 0.157931	1.12201 1.13329 1.08178 1.15469 0.96949 1.21975 1.06551 0.946778 1.12868 1.03005 
1145 0.202069	0.937172 0.934573 0.856267 0.956853 0.988934 0.911762 0.959297 1.10379 0.886246 0.960802 
1146 0.145517	0.991724 0.861018 0.917214 0.934104 1.00651 1.02695 0.975595 0.926644 1.01112 0.990161 
1147 0.062069	0.99586 0.955801 1.05766 0.918488 1.06109 1.06696 0.984588 0.721484 1.01316 0.957648 
1150 0.0971429	1.12249 1.08132 1.12266 1.07985 1.07161 1.11435 1.07858 0.883898 1.05754 1.01405 
1151 0.0914286	1.05927 1.01509 0.947166 1.10041 0.962772 1.01221 1.05156 1.05678 0.999909 1.01385 
1152 0.0984127	1.0272 1.03815 1.00314 1.04343 1.03045 0.943944 1.13274 1.21847 0.968427 1.06581 
1153 0.121905	0.953085 0.920602 0.930966 0.880541 0.967891 0.87068 0.979954 0.916827 0.957223 0.962351 
1154 0.133968	0.975099 1.01396 0.997672 0.916966 1.02213 0.865861 0.991671 0.905565 0.982258 0.969426 
1155 0.0647619	0.975907 1.08802 1.02165 1.01423 0.983104 0.827182 1.00118 1.0222 0.963676 0.976838 
1156 0.150476	1.07669 0.984826 1.08942 1.01449 1.02016 1.11228 1.03755 0.839425 1.07923 0.966273 
1157 0.241905	0.971177 0.950291 0.957523 0.981072 0.963512 0.920569 1.01366 1.11913 0.957063 1.00896 
1160 0.101695	0.858987 0.980939 0.867128 0.947894 0.974529 0.867385 0.988773 1.29888 0.874581 1.01194 
1161 0.0770783	0.95791 0.994486 0.990773 0.934839 1.04626 0.959252 0.994185 1.06512 0.979909 1.00013 
1162 0.0920097	1.15091 1.09737 1.18977 1.10664 1.05669 1.1796 1.04945 0.925244 1.12252 1.01087 
1163 0.273204	0.922962 0.919794 0.96624 0.921655 0.982389 0.970477 0.967795 0.976394 0.947599 0.969325 
1164 0.112793	0.983021 1.06378 1.00912 1.03572 0.96308 1.04856 1.03747 1.09279 1.00302 0.999104 
1165 0.153148	0.972102 1.03882 1.04754 1.01369 1.04756 0.98 1.01923 0.998143 0.981878 1.00083 
1166 0.119855	1.13471 0.989118 1.07257 1.05522 1.03332 1.16417 1.02459 0.93482 1.11476 1.0388 
1167 0.0702179	0.988438 0.981124 1.02227 1.03433 0.952973 0.977795 1.03644 1.15865 0.962128 1.02147 
1170 0.0509626	1.09241 1.02728 1.0885 1.02522 1.07313 1.01446 1.05567 0.866053 1.07596 1.04297 
1171 0.110985	1.14849 1.09806 1.15165 1.12559 1.0332 1.19965 1.02971 0.85217 1.14521 1.02362 
1172 0.0849377	1.01111 0.937279 0.969598 0.967382 1.04004 0.969435 1.01441 1.00191 0.96366 1.01419 
1173 0.153454	0.938015 0.979162 0.943306 0.917463 1.02179 0.895223 0.923064 0.976727 0.928047 0.973141 
1174 0.150057	0.871423 0.935995 0.837151 0.904137 0.956599 0.828567 0.981676 1.11557 0.879158 0.994107 
1175 0.129105	1.05152 0.98924 0.941638 1.05999 0.94274 0.985595 1.02538 1.16977 1.00732 1.05353 
1176 0.227633	1.00281 1.0814 1.02311 1.01907 1.00129 0.912592 1.02925 0.946667 0.991136 1.03033 
1177 0.0928652	1.02862 1.04385 1.00662 1.00728 1.05058 1.01546 1.01803 1.02504 0.953432 0.990394 
BOUNDS
LWPS R    0.0  0.0  0.0  0.0  0.0  0.0  0.0  0.0  0.0  0.0
UWPS R    0.5  0.5  0.5  0.5  0.5  0.5  0.5  0.5  0.5  0.5
LXAS R   -0.5 -0.5 -0.5 -0.5 -0.5 -0.5 -0.5 -0.5 -0.5 -0.5
UXAS R    0.5  0.5  0.5  0.5  0.5  0.5  0.5  0.5  0.5  0.5
END
