NAME moment_estimations_cluster
ASSETS 10
BENCHMARKS 0.1 0.1 0.1 0.1 0.1 0.1 0.1 0.1 0.1 0.1 
COVARIANCES
0 0 0.345905
1 0 0.00569024
1 1 0.00262221
2 0 -0.0124435
2 1 0.00129931
2 2 0.00857122
3 0 0.0367138
3 1 -0.00117102
3 2 0.00216888
3 3 0.0231452
4 0 -0.0295225
4 1 0.000484022
4 2 0.00324422
4 3 -0.00130803
4 4 0.00504485
5 0 0.0355988
5 1 0.00178391
5 2 0.00334953
5 3 0.00810817
5 4 -0.00156317
5 5 0.00970785
6 0 0.00872044
6 1 0.00156755
6 2 0.00270951
6 3 0.000390623
6 4 0.000265091
6 5 0.0021817
6 6 0.00676776
7 0 0.038056
7 1 0.00404642
7 2 0.00582831
7 3 0.00224924
7 4 -0.00229529
7 5 0.00454866
7 6 0.00917197
7 7 0.0400713
8 0 -0.114548
8 1 0.000534306
8 2 0.0110239
8 3 -0.0172143
8 4 0.0144039
8 5 -0.00915632
8 6 0.00440222
8 7 -0.0041855
8 8 0.0592821
9 0 -0.0267255
9 1 0.00143932
9 2 0.00395196
9 3 -0.00480315
9 4 0.00430698
9 5 -0.00228193
9 6 0.00246158
9 7 0.0060342
9 8 0.0163046
9 9 0.00789322
SCENARIOS
0 0.71197	1.40487 0.958334 0.991286 1.04985 0.961295 1.00518 1.00889 1.02048 0.9199 0.975237 
1 0.28803	0.519606 1.00145 1.08938 0.978054 1.08955 0.984736 1.00427 1.03066 1.37517 1.10723 
00 0.280152	2.17214 1.09323 0.970841 1.12421 0.954612 1.13049 1.05477 1.22024 0.769058 0.999177 
01 0.719848	0.705 1.05504 0.993157 0.964775 1.05212 0.986593 0.961784 0.879129 1.10725 0.997684 
10 0.453356	1.59772 1.01308 1.01976 1.11195 0.964548 1.05547 1.09196 1.17617 0.869921 1.01843 
11 0.546644	0.835174 1.01728 0.96697 0.883623 1.02683 0.942442 1.04474 0.846362 1.12897 0.987996 
000 0.0471272	2.10564 0.966457 1.09134 0.794494 0.844653 0.966324 1.09284 1.53007 0.886982 0.990663 
001 0.152612	0.849442 0.927703 0.925321 1.06341 0.972129 0.981521 0.850518 0.742973 0.83545 0.848 
002 0.222601	0.45082 1.00859 0.977803 0.721716 1.05623 0.844986 0.956761 0.901856 1.30382 1.0872 
003 0.0921488	3.43427 0.94006 0.908184 0.981583 0.891134 1.03778 0.97786 1.05743 0.691711 0.851061 
004 0.163391	1.11283 0.925867 1.10062 1.04541 1.00096 1.04598 1.07971 1.0516 1.07747 0.975502 
005 0.0808182	2.39719 1.09608 1.02425 1.34737 0.959381 1.19825 0.998058 0.923589 0.663518 0.859616 
006 0.162639	0.664088 0.953315 1.1578 0.913937 0.985753 0.970571 1.0831 1.41696 1.17723 1.02664 
007 0.0786624	1.42611 0.973047 0.913045 0.90822 0.873271 0.919677 0.900474 0.783979 0.745006 0.857588 
010 0.24101	1.44441 1.02098 0.912173 0.99258 0.907326 0.95594 1.02537 0.975082 0.792466 0.938799 
011 0.13711	0.60029 0.984122 1.05577 0.989062 0.983801 0.975056 1.17692 1.5949 1.25689 1.16679 
012 0.143587	2.50164 0.921711 1.02746 1.16745 0.941203 1.18118 1.00195 1.05209 0.785596 0.879121 
013 0.0488576	0.648879 0.966043 1.1694 1.13267 1.10418 1.05686 1.15578 0.985209 1.5984 1.05858 
014 0.168875	0.518775 0.981158 1.05423 0.832205 1.14235 0.871662 0.995619 0.950788 1.53612 1.09927 
015 0.0582037	2.69767 0.963081 1.18273 1.07436 0.954908 1.14853 1.16394 1.55574 0.940291 1.09824 
016 0.0911202	0.814709 0.948588 1.023 1.16226 1.01308 1.08197 0.94796 0.774557 0.974605 1.00671 
017 0.111237	0.629257 0.951622 0.851235 0.785611 0.937771 0.889017 0.965759 0.89959 1.00905 0.989675 
100 0.0775004	4.48278 1.02466 0.840435 1.21453 0.917416 1.18551 0.959354 0.825503 0.578994 0.805587 
101 0.253484	0.391166 0.984358 1.12025 0.794551 1.07011 0.980352 1.02293 0.975075 1.43882 1.07186 
102 0.0728289	0.78647 1.01784 0.905138 0.841329 1.0674 0.878939 0.924038 0.818112 1.17427 0.938039 
103 0.220861	1.34814 0.961868 0.968544 0.941866 0.935378 1.0716 0.987561 0.866358 0.929111 0.833826 
104 0.132256	1.30319 0.981971 1.21727 1.00484 1.01521 1.11319 1.08046 1.38808 1.14803 1.04673 
105 0.0619544	1.88302 1.02028 0.957291 0.718675 0.893318 0.925251 1.09047 1.51611 1.06244 0.986766 
106 0.117323	0.762421 0.94544 0.827332 0.893016 0.93167 0.86727 0.879032 0.8939 0.761273 0.944266 
107 0.0637923	2.57966 1.0559 1.03498 1.02652 0.906964 1.10168 0.96088 1.17996 0.637331 0.877226 
110 0.131915	1.0152 0.951858 0.959261 0.919586 0.983344 1.01797 0.88623 0.710904 0.953851 0.938145 
111 0.0872658	1.10034 0.93106 0.861107 0.965751 0.969502 0.837787 0.799903 0.833466 0.78742 0.977138 
112 0.235313	0.531593 0.98017 1.09733 1.16685 1.01889 0.993791 0.950869 0.954 1.12812 1.00521 
113 0.0906319	0.864451 0.937534 1.17385 1.04559 1.04752 1.06493 1.07936 1.29377 1.52315 1.09187 
114 0.0931089	0.154446 0.953817 1.08198 0.703731 1.14317 0.835649 1.02588 1.09461 1.81255 1.13324 
115 0.0628771	0.301682 0.910338 0.925784 0.794438 1.05165 0.838004 0.777467 0.704376 1.21353 1.03923 
116 0.188631	2.11112 0.977964 0.975079 1.28963 0.94408 1.10285 0.86235 0.942072 0.664455 0.929721 
117 0.110257	1.9017 1.03931 0.978432 1.01881 0.94445 0.914038 1.05798 1.35419 0.86336 1.07815 
0000 0.214894	0.487052 1.1578 1.00903 1.05252 1.24753 0.920964 1.05853 0.974578 1.53217 1.20474 
0001 0.118085	0.646474 1.10065 0.840241 0.97856 1.13314 1.04203 0.932266 0.643375 1.12324 1.03298 
0002 0.148936	0.826759 0.980345 0.947207 0.970893 1.1397 0.991737 1.06677 1.10828 1.54231 1.05203 
0003 0.0797872	0.772301 1.07522 0.918049 1.1961 1.16239 0.963372 0.91765 0.946791 0.85565 1.0232 
0004 0.0659574	1.08326 1.21728 0.922403 1.19987 1.24945 1.17589 1.0099 0.849628 1.23244 1.13464 
0005 0.120213	1.47512 0.984104 0.853593 1.13547 1.07417 0.911788 1.06406 0.984763 0.861127 1.05891 
0006 0.115957	0.938055 1.09393 1.12822 1.14134 1.05843 1.13064 1.03953 1.29479 1.03287 1.07963 
0007 0.13617	2.74277 1.22299 0.999229 1.20133 0.938034 1.43495 1.07269 1.09666 0.674257 0.868683 
0010 0.0890276	1.79524 1.05528 0.995041 1.19785 0.983376 0.968344 1.08716 1.46477 0.785474 1.04805 
0011 0.0594612	1.42907 0.989749 0.930267 1.08909 0.953801 0.981253 0.91512 0.667444 0.64505 0.925018 
0012 0.140933	1.30328 1.14088 1.00538 0.801173 0.983014 0.903011 1.06021 0.930512 0.968541 1.03376 
0013 0.278252	0.6125 0.982112 1.04222 0.849692 1.05203 0.91336 0.938094 0.8407 1.11821 0.959529 
0014 0.142904	0.442225 1.08663 1.21159 0.981695 1.11485 0.98499 1.17301 1.24296 1.42698 1.15241 
0015 0.0923127	1.52401 1.05442 0.927093 0.926854 0.968637 1.08234 1.03874 1.27644 1.05023 0.931953 
0016 0.0913272	2.82794 0.998928 1.06901 1.02585 0.857753 1.16229 0.972352 1.27009 0.620399 1.00986 
0017 0.105782	0.745151 0.941527 0.857968 0.860782 1.00534 0.781834 1.0244 1.14782 1.26373 1.08029 
0020 0.234685	0.540067 0.887585 1.06402 1.11724 1.05109 0.965014 1.12407 0.837829 1.45966 1.03566 
0021 0.0648649	1.36605 0.814792 0.97312 1.14846 0.915667 0.922182 1.10035 1.57593 0.986006 1.00194 
0022 0.123874	0.411671 0.799886 0.896407 0.755653 0.969747 0.835778 0.901036 0.89749 1.43712 0.982854 
0023 0.0594595	2.67024 0.871588 0.951695 1.19188 0.817545 1.0278 0.912872 1.09577 0.670613 0.83715 
0024 0.102703	0.603246 0.920144 1.22911 1.09686 0.944305 1.13938 0.992777 1.02544 1.15068 0.994458 
0025 0.172748	0.64845 0.856527 0.926373 1.30932 0.891355 0.937324 0.947212 1.08756 0.835721 0.888773 
0026 0.14527	1.33909 0.845705 0.833164 1.04753 0.902219 0.89995 0.973281 0.839544 0.859998 0.813366 
0027 0.0963964	2.72991 0.858267 1.11841 1.40901 0.955584 1.24536 1.06721 0.950178 0.939735 0.904729 
0030 0.175734	1.45736 0.944648 1.0263 1.11854 0.988063 1.11783 1.01035 0.96108 0.950003 1.0049 
0031 0.0952122	3.68526 0.98651 0.917767 1.2644 0.80369 1.13824 0.900917 1.26257 0.470073 0.955166 
0032 0.100653	0.525104 0.87877 1.19797 1.22935 1.01102 0.959396 0.892822 0.992359 1.10661 0.942404 
0033 0.0685528	2.23674 1.18579 0.897966 1.17374 0.873763 1.11317 1.02706 1.04614 0.582281 0.874779 
0034 0.242111	0.506698 1.02721 0.971623 0.993221 0.925567 0.893508 1.00602 0.883347 0.905986 1.01279 
0035 0.117519	0.959992 0.93435 1.02081 0.950215 0.929543 0.964715 1.02123 1.07788 0.945225 0.93854 
0036 0.1284	0.594543 0.910911 0.928756 0.780144 0.923911 0.936847 0.852565 0.553514 1.02208 0.994823 
0037 0.0718172	1.05022 1.24823 0.843626 1.01785 1.01183 0.840097 1.02683 1.12909 0.885455 1.2041 
0040 0.125499	0.920683 1.12768 0.971199 1.13627 1.08076 1.01631 1.05178 1.27117 0.885523 1.0002 
0041 0.169684	1.41094 1.09483 0.96011 0.870749 0.872443 1.02756 0.957063 1.1767 0.805477 0.94331 
0042 0.0718012	0.539136 1.13973 0.896753 0.804065 1.13095 0.740386 0.923747 0.800565 1.21931 1.09927 
0043 0.208653	0.859835 1.02737 0.993972 0.925391 1.02697 1.05589 1.03817 0.874263 1.06645 0.964322 
0044 0.100644	0.60498 0.991859 1.0692 1.14152 1.09581 0.987448 1.0443 0.836711 1.48607 1.1084 
0045 0.165081	2.65328 1.06605 1.0626 1.2513 0.888428 1.11906 1.06362 1.10596 0.71576 0.94002 
0046 0.0635164	0.899509 1.09136 1.12328 1.08597 1.06857 1.21689 1.17782 1.50544 1.37009 1.08781 
0047 0.0951212	1.22543 1.01294 1.09122 1.33522 1.00529 1.24749 0.966012 1.03115 0.922625 0.868985 
0050 0.0440447	0.873809 0.990731 0.872945 0.752838 1.01044 0.842412 1.03233 1.01493 1.38359 1.15406 
0051 0.204715	2.44834 0.95339 0.877904 1.14419 0.892455 1.03935 1.05436 1.36581 0.727048 0.990255 
0052 0.154467	1.4289 0.807595 0.923861 1.0704 0.908298 1.01892 0.884341 1.02148 0.825409 0.942394 
0053 0.186725	0.529086 0.931423 0.999118 0.855463 1.02535 0.865921 0.977812 1.2125 1.09966 1.01697 
0054 0.167494	0.856548 0.930629 1.00818 1.0316 0.964952 1.06817 1.02017 1.13538 1.03922 1.00088 
0055 0.106079	0.596014 0.913509 1.07799 0.669869 1.01283 0.996872 1.05271 0.751996 1.55795 1.12213 
0056 0.0415633	0.838671 0.988876 0.858996 1.02725 0.98039 0.872614 0.801842 0.927382 0.76201 0.975115 
0057 0.0949132	1.00749 0.929565 1.14901 1.02509 1.09509 1.01313 1.15696 1.47649 1.4367 1.13504 
0060 0.185573	1.36805 1.0576 0.958588 0.903872 1.03102 0.987472 0.940426 1.01748 1.05979 0.962268 
0061 0.0616523	0.521113 0.887722 0.809848 0.830914 0.898475 0.806686 0.897369 0.715931 0.963101 0.975463 
0062 0.100801	0.820506 0.910613 0.9296 1.06696 1.02026 0.814876 0.870629 0.92466 0.92659 1.04394 
0063 0.124538	1.69441 0.979331 0.846944 1.31603 0.939586 1.04969 0.89444 0.87798 0.549195 0.961587 
0064 0.170469	1.96233 1.12979 1.1298 1.07729 1.01403 1.01569 1.04141 1.53404 1.09412 1.32353 
0065 0.0388409	0.421676 1.00687 1.08891 0.662429 1.20783 0.82983 1.09545 1.08639 2.4 1.4014 
0066 0.193896	0.660833 1.08257 0.986696 0.853088 1.04629 0.904373 0.929635 0.899859 1.19516 0.988489 
0067 0.124229	0.522934 0.988003 1.09426 1.12363 1.14994 0.984398 1.03508 1.04185 1.38494 1.14007 
0070 0.145315	0.487932 0.875266 0.965154 0.76274 1.03059 0.915271 0.894116 0.890257 1.27174 0.980973 
0071 0.195029	1.07062 1.00545 0.91679 1.01874 1.07589 0.894333 1.01466 1.28806 0.928702 1.10057 
0072 0.0873168	0.875544 0.903005 0.880263 0.934276 1.01888 1.10718 1.00138 0.89734 1.21623 0.956345 
0073 0.0777565	0.886936 0.974361 1.13151 1.0754 1.1064 1.05778 1.04129 1.16779 1.25577 0.922088 
0074 0.101976	0.469731 0.912803 0.964514 1.04986 1.04291 0.830112 1.12057 1.10115 1.4673 1.23357 
0075 0.182282	2.49272 1.02861 0.913252 1.11888 1.01085 1.06867 1.13619 1.13584 0.901284 1.0129 
0076 0.108349	1.47721 1.00845 0.93472 1.27642 1.08258 1.10921 0.959021 0.654435 0.88816 0.877838 
0077 0.101976	0.723919 0.847599 0.997896 1.20246 1.04787 0.947056 0.939373 0.89553 0.816314 0.870148 
0100 0.200696	0.627739 0.902055 0.951568 0.979611 1.05921 0.922371 0.946251 1.01319 1.15275 1.00257 
0101 0.0494657	0.807605 0.931734 1.2463 1.4935 1.11046 1.13786 1.00619 1.11635 1.21671 0.95887 
0102 0.142649	2.50628 0.9203 0.892994 1.18391 0.919841 1.17878 0.907733 0.85955 0.623342 0.889707 
0103 0.133905	1.55874 0.999209 0.964849 1.01537 0.926644 1.11967 1.04096 0.907088 0.935006 0.926496 
0104 0.17398	0.882984 1.031 1.10418 1.05332 1.00706 1.0807 1.03248 1.37602 1.07629 1.19572 
0105 0.0847636	0.348118 1.00698 1.18029 0.88755 1.12608 0.958652 1.03531 1.03356 1.6778 1.18938 
0106 0.111561	0.744497 0.859173 0.896618 0.929935 1.02168 0.952138 0.834512 0.771815 0.856183 0.830367 
0107 0.102979	1.2269 0.844912 0.967515 1.42392 0.978879 0.982065 0.87041 1.00161 0.706786 0.847452 
0110 0.10787	2.1982 1.08138 0.819119 0.692905 0.989399 0.916075 0.898808 1.17002 0.811337 0.948329 
0111 0.0589156	1.31262 1.0754 1.16867 1.42664 1.15245 1.08174 1.06027 0.96588 1.19153 1.03053 
0112 0.103173	1.58953 0.93099 0.972132 1.14777 0.996159 0.985104 0.983672 0.799366 0.816746 0.884831 
0113 0.0752811	0.478255 1.2051 1.17793 0.836799 1.19579 1.00292 1.1545 1.26642 1.62874 1.1482 
0114 0.0492387	2.49297 1.06962 1.21024 1.0375 1.05509 1.2572 0.952711 1.01524 0.844564 0.966632 
0115 0.214316	2.71399 0.878555 1.01407 1.08996 0.96421 1.03289 1.04467 1.25362 0.830184 0.939259 
0116 0.152981	0.884346 0.883101 0.948389 0.782238 1.03006 0.884293 1.03642 0.837705 1.3587 1.09096 
0117 0.238224	1.03814 1.12524 1.05204 0.941638 1.07369 0.952611 0.921257 0.844241 1.05185 1.05317 
0120 0.163202	0.776704 1.1874 1.16792 0.91678 1.12295 1.03674 1.08118 1.32041 1.29576 1.15886 
0121 0.0686235	4.01178 1.23089 0.852751 1.2954 0.972402 1.07308 0.943621 1.17513 0.468648 1.1605 
0122 0.0649545	0.240372 1.1463 1.19392 0.764759 1.13586 0.88297 1.05599 1.11393 1.58085 1.26762 
0123 0.100285	0.784629 1.19973 0.935033 0.654894 1.03408 0.892761 0.949896 0.86081 1.18689 1.17142 
0124 0.134665	0.687761 1.07693 1.06502 1.22384 1.08984 0.968996 0.914491 0.760862 0.888225 1.08951 
0125 0.0712053	0.506892 1.15631 0.850164 0.873899 1.02359 0.832862 0.868797 1.24852 0.964886 0.993436 
0126 0.293382	1.54492 1.10643 0.905941 1.16504 0.973542 0.99048 0.952493 0.940941 0.686671 0.959816 
0127 0.103683	0.799851 1.13202 1.18614 1.29663 1.19111 0.973443 1.07595 1.37029 1.12108 1.27104 
0130 0.24401	1.56459 1.00431 0.945618 1.20818 0.988029 1.01497 0.993164 0.979849 0.746942 1.04545 
0131 0.0886581	1.21956 0.993049 1.02924 0.952661 1.04795 1.08878 1.11515 1.06841 0.96972 1.12528 
0132 0.0682907	0.418507 1.18062 1.19618 0.752403 1.18748 1.02865 1.13265 1.01795 1.80477 1.2677 
0133 0.0519169	0.180085 1.06848 1.16366 0.720966 1.14857 0.889072 0.918822 1.01589 1.53296 1.2754 
0134 0.0786741	0.336384 0.974756 0.91849 0.990228 1.08916 0.846292 1.03319 0.769004 1.27312 1.12576 
0135 0.185304	0.418846 1.03238 1.09421 1.04044 1.08961 0.956498 0.969977 1.11698 1.15349 0.991062 
0136 0.172524	0.413069 0.928643 0.949887 1.03876 0.975007 0.917025 0.878837 0.864498 0.899837 1.07254 
0137 0.110623	2.51231 1.06281 1.09897 1.22658 1.04128 1.18207 1.04035 1.32653 0.737434 1.02034 
0140 0.15933	1.72419 1.04608 0.921673 0.932991 0.893339 1.09955 1.06518 1.06984 0.892531 1.04792 
0141 0.231427	0.595871 0.916131 0.927366 0.811148 0.992636 0.913688 0.932564 0.798312 1.00806 1.05959 
0142 0.0694396	1.37269 0.936068 0.858831 1.26963 0.926787 1.09813 0.979693 0.765138 0.651587 0.944235 
0143 0.0754477	3.14945 1.0011 0.837517 1.07657 0.833272 1.09333 1.07851 1.19819 0.661947 0.906076 
0144 0.218602	0.606777 0.960105 1.02102 0.885993 1.0878 1.01423 1.08286 1.12127 1.47141 1.1748 
0145 0.0561525	0.948161 0.948835 0.910987 1.0471 0.899771 0.997061 0.901946 1.07094 0.629935 0.902789 
0146 0.113923	0.320683 0.996123 1.05541 1.2554 1.00551 1.04158 0.884214 0.962479 0.865356 0.998016 
0147 0.0756788	0.448982 1.0996 1.20772 1.07474 0.945897 1.08066 1.19284 1.24333 1.21625 1.16934 
0150 0.111633	1.994 1.1237 0.981332 1.14486 0.957485 1.18679 1.07167 1.29908 0.710512 0.979953 
0151 0.0657057	2.47211 1.02072 0.809113 0.975423 0.886058 1.06838 1.04836 1.00223 0.697597 0.971882 
0152 0.123366	0.318816 1.25844 1.17359 0.70254 1.18061 1.07211 1.00459 1.05974 1.70298 1.18283 
0153 0.210191	0.540492 1.12473 1.0077 1.07204 1.04832 0.981255 1.06042 1.16335 1.01375 0.998993 
0154 0.152196	0.621713 1.20938 1.08729 0.92122 1.13705 1.03855 0.983293 0.807754 1.32377 1.06735 
0155 0.110627	3.4822 1.06648 0.844408 1.22587 0.951342 1.14838 0.935506 0.860854 0.784311 0.769165 
0156 0.0908481	1.14098 1.28751 1.12041 1.14034 1.06607 1.23258 1.23939 1.46022 1.09159 1.04696 
0157 0.135434	0.859016 1.00906 0.866541 0.746173 0.902909 0.917035 0.958281 0.972418 0.986359 0.951463 
0160 0.280514	1.2728 0.896736 0.892282 0.923213 0.905818 0.983517 0.952751 0.925272 0.88019 0.852141 
0161 0.0980728	0.815054 1.01954 1.21128 0.990965 1.12328 1.0227 0.965972 1.19906 1.33128 1.01791 
0162 0.159957	1.33645 1.05064 1.06977 1.24667 1.12261 1.13144 0.978327 0.974827 1.05274 0.99039 
0163 0.0875803	0.941218 1.01443 1.01354 0.821496 1.04504 1.00767 0.989241 0.84936 1.18381 0.875003 
0164 0.148608	0.799598 0.914631 1.04576 0.819557 1.03655 0.934057 1.08186 1.18732 1.31613 0.987151 
0165 0.0884368	0.267829 1.019 1.18804 0.842636 1.21843 0.978853 1.04968 1.18551 1.67361 1.23919 
0166 0.0631692	0.700776 1.0848 0.945287 0.956005 1.07563 1.03305 0.872621 0.821787 0.983572 0.860811 
0167 0.0736617	1.93857 0.86559 1.12057 1.26166 0.973744 1.08482 1.12176 1.48846 0.83445 0.936178 
0170 0.175408	0.431412 0.93793 1.11238 1.02747 1.15299 0.937913 0.984512 0.684051 1.43815 1.04777 
0171 0.141028	1.78424 0.982804 0.790551 0.97525 1.0069 0.876904 0.867447 0.87869 0.715544 0.901218 
0172 0.127346	1.19602 1.07486 1.03537 0.922137 1.02246 0.887669 0.997243 1.20578 1.00514 0.98326 
0173 0.129451	0.971522 1.00075 0.977486 1.30116 1.11244 0.975301 0.821646 0.821517 0.848796 0.942743 
0174 0.0556043	0.299251 1.05119 1.10551 0.788189 1.18875 0.884275 0.941285 1.23245 1.60769 1.12268 
0175 0.194352	0.608305 1.02434 1.03275 0.933145 1.05828 0.948514 0.879623 0.771094 1.06654 1.0369 
0176 0.0582354	3.7412 1.07418 0.937711 0.908513 0.944994 1.06849 1.02781 1.03171 0.850721 0.976519 
0177 0.118576	1.87625 1.01364 1.05717 1.18848 0.917206 1.05108 1.08159 1.27952 0.831923 1.01933 
1000 0.0671937	0.940384 1.09353 1.31024 1.08066 1.01757 1.17233 1.04845 0.948773 1.14729 1.03652 
1001 0.200593	0.925257 0.999825 1.11678 1.03748 0.982148 0.931024 0.984313 1.21713 1.04642 1.07305 
1002 0.0701581	0.472685 0.911873 1.15838 0.972419 1.02801 0.977866 0.858533 0.751551 1.20427 0.908875 
1003 0.106719	0.318391 0.957188 1.12348 0.909582 1.03829 0.989855 1.04042 1.06651 1.52678 1.08392 
1004 0.0513834	4.43835 1.12553 1.00867 0.91344 0.870028 1.15169 1.04264 1.64219 0.783873 0.962722 
1005 0.0800395	0.699445 0.949984 1.21303 1.25239 1.14226 0.954123 0.933235 0.966231 1.2848 1.01861 
1006 0.170949	0.754234 0.948864 0.962817 0.679362 0.885986 0.830605 0.925521 1.18354 1.05043 0.995039 
1007 0.252964	1.78257 1.10171 0.951619 0.871278 0.908447 1.03685 1.04156 1.30757 0.803943 1.05763 
1010 0.136556	0.898296 1.03044 0.832516 1.14776 0.970651 0.888265 0.848773 1.01276 0.722465 0.857338 
1011 0.107855	0.872448 0.904583 1.05096 1.30931 1.04705 1.03739 0.885582 0.907639 0.992784 1.02566 
1012 0.107553	2.75062 1.07577 1.06661 1.38256 0.998426 1.19448 0.986622 0.812344 0.810766 0.83142 
1013 0.143202	1.48588 1.06142 1.07721 1.30034 1.0277 1.10094 1.04419 1.11269 1.01706 1.00725 
1014 0.0930514	0.724677 1.08577 0.908791 0.809902 1.14717 0.865073 0.964854 0.956924 1.55103 1.19456 
1015 0.188218	0.524958 0.984437 1.05192 1.10892 1.1798 0.909829 1.14596 1.19209 1.39918 1.09138 
1016 0.151057	1.29824 1.04908 0.925716 0.974107 1.03535 0.843485 0.972839 0.918904 1.06284 1.02652 
1017 0.0725076	5.27655 1.11843 0.949754 1.14109 0.918265 1.21947 0.99963 1.08306 0.662067 0.889432 
1020 0.203996	0.104355 0.855843 0.999054 0.886024 0.982998 0.847253 1.00863 0.846847 1.21196 1.14789 
1021 0.253417	0.56296 0.924661 0.980646 0.881848 0.92465 0.909828 0.957965 1.00344 1.02701 1.02699 
1022 0.0872766	0.414332 0.873206 1.06402 1.5783 0.912837 0.967072 0.91211 0.896182 0.753107 0.951058 
1023 0.0809674	0.704831 0.968221 1.01594 0.744062 0.989642 0.822165 1.21252 1.32877 1.64444 1.1767 
1024 0.0672976	0.147629 0.887888 1.12452 1.37005 1.05579 0.91852 0.848781 0.607226 0.992569 1.02786 
1025 0.0662461	0.643693 0.940911 1.08537 1.13467 0.989754 1.02563 0.984378 1.13004 0.971512 1.03746 
1026 0.0820189	0.824965 0.918175 0.892342 0.961122 0.874167 0.941452 1.11717 1.5418 0.884317 1.06125 
1027 0.15878	1.55051 0.908437 0.864169 0.963062 0.860221 0.951144 0.940047 0.769665 0.644895 0.850951 
1030 0.123093	1.0091 1.09882 0.977462 0.804548 1.07998 0.90496 1.01879 1.17394 1.09818 1.12327 
1031 0.176144	0.637951 0.969248 1.04271 0.939793 1.05682 0.881111 0.956336 0.909983 1.22785 1.09789 
1032 0.0527046	0.798532 1.03617 0.862139 0.743205 1.01078 0.842953 1.01155 0.814237 1.04759 1.00144 
1033 0.0617198	0.642292 0.953264 0.899994 0.79949 1.01532 0.903685 0.817452 0.849058 1.03008 1.04912 
1034 0.102288	1.25565 1.08058 1.11153 1.02546 1.06278 1.018 1.08074 1.37099 1.09234 1.19543 
1035 0.0592926	0.881792 0.999394 1.12013 1.23903 1.00075 1.14648 1.03566 1.03773 1.19907 1.08393 
1036 0.161581	3.0044 1.05053 0.951888 1.14477 0.993 1.00699 0.983814 1.09556 0.710135 1.0053 
1037 0.263176	1.04293 0.981692 0.942918 1.25132 1.04548 1.02624 1.00754 1.00138 0.72325 1.09185 
1040 0.0903301	0.776749 1.11648 1.10672 1.07292 0.986417 1.10558 1.05771 1.41068 0.880212 1.06868 
1041 0.111175	0.635749 1.11103 0.99272 0.809161 1.09327 0.933935 1.01615 1.18449 1.39004 1.2704 
1042 0.130863	0.616182 1.11696 0.940814 0.815247 1.05343 0.857841 0.93874 0.987366 0.961815 1.02537 
1043 0.0804864	0.342469 1.06123 0.997638 1.04155 1.10357 0.989256 1.03214 0.818932 1.41342 0.975957 
1044 0.165026	0.538292 0.988654 0.835219 1.0977 0.983033 0.911959 0.823188 0.737221 0.7704 0.908191 
1045 0.178344	0.707805 0.970612 0.940421 1.17188 0.968443 1.00552 1.02539 1.10913 0.873802 1.01271 
1046 0.154024	0.903426 1.05652 0.978888 0.921145 0.978577 1.03188 0.910255 0.760499 1.01647 1.02706 
1047 0.089751	2.56119 1.1219 0.914138 1.04824 1.00093 1.16879 1.01423 1.08039 0.72276 0.860487 
1050 0.0988875	0.410303 1.165 1.11944 0.941815 1.17052 0.932902 1.0946 1.52633 1.21142 1.29658 
1051 0.142151	1.01691 1.16233 0.90246 1.13924 1.11447 0.99495 1.04412 0.856573 0.824854 1.0436 
1052 0.103832	0.498041 1.10516 1.12013 0.873066 1.15697 0.949387 1.01866 0.760738 1.51269 1.16648 
1053 0.211372	0.600556 1.10217 0.944574 1.05668 1.22172 0.982557 1.07519 1.17851 1.22676 1.24341 
1054 0.199011	0.530718 0.908193 0.894228 0.819354 1.03877 0.802576 1.04638 0.860654 1.10421 1.09537 
1055 0.0457355	2.13883 1.07687 1.00506 1.28574 0.895114 1.20655 1.07445 1.1734 0.568096 0.870137 
1056 0.0593325	3.44156 1.03699 0.842261 1.36624 0.925614 0.992884 1.16201 1.24443 0.507111 0.905151 
1057 0.139679	1.13643 1.02459 0.953582 1.1552 0.972152 1.01065 1.01656 1.3373 0.775332 1.13672 
1060 0.0828982	0.875159 0.980346 1.138 1.40979 1.07787 1.12459 0.940751 0.786211 1.17355 0.969352 
1061 0.122063	1.15517 0.951994 1.07403 0.785252 0.969416 0.994664 0.977374 0.80559 1.20261 0.905934 
1062 0.0920366	0.945925 0.855144 0.907584 1.0525 0.923832 0.929745 0.97402 0.885911 0.924504 0.808369 
1063 0.0665796	3.92188 0.981813 0.808999 1.23006 0.888 1.07667 0.910039 0.707992 0.623638 0.819312 
1064 0.127937	1.68926 1.02031 1.05924 0.971461 0.987016 1.00573 0.979606 1.08737 0.985886 0.884037 
1065 0.125979	0.382469 0.950076 1.05757 0.981547 1.08956 0.879256 0.986761 1.11362 1.48642 0.982196 
1066 0.191906	1.78384 0.932657 1.01534 1.26557 0.981584 1.21369 0.904826 0.760863 0.926899 0.857605 
1067 0.190601	2.18723 0.952348 1.02388 0.978316 0.972999 1.09123 1.03099 1.42161 1.02296 0.926614 
1070 0.0672269	1.07584 0.910536 0.832302 1.31817 0.998323 0.866307 0.971869 0.973213 0.768457 0.825692 
1071 0.0912365	0.548287 1.00251 1.04342 1.79121 1.14257 1.11496 0.913643 0.74199 1.03261 0.955642 
1072 0.0912365	0.867739 1.05271 1.15808 1.12535 1.11356 1.18905 1.07323 1.13506 1.28527 1.09532 
1073 0.110444	2.87564 0.978222 0.761369 1.19162 0.849072 0.859584 1.01474 0.981885 0.549514 0.847002 
1074 0.216086	1.77625 0.930336 0.967614 1.37409 1.00189 1.01834 1.122 1.24922 0.960391 1.00961 
1075 0.204082	0.907694 0.916407 0.861516 1.04631 0.924675 0.959667 1.01066 0.939394 0.984983 1.02893 
1076 0.170468	0.374018 0.932529 0.94318 1.06097 1.08546 0.836852 1.10886 0.94482 1.56842 1.16879 
1077 0.0492197	2.85606 1.05454 1.05905 0.981202 0.895984 1.19545 1.27155 1.87363 0.86648 1.00965 
1100 0.159364	2.2303 1.04492 0.929577 1.14112 0.882357 1.15513 0.96826 1.15908 0.657095 0.943328 
1101 0.149735	0.841932 0.974562 0.919595 0.9515 0.968843 0.835846 1.09932 1.35735 1.02936 1.11453 
1102 0.114588	0.204244 0.949099 0.975751 0.813102 1.0316 0.889051 1.03777 1.18777 1.34978 1.08854 
1103 0.188734	0.966101 0.94428 0.936383 1.03667 0.971381 0.942303 0.895991 0.837554 0.872915 1.01858 
1104 0.129995	1.23088 0.995748 1.05313 1.02973 1.01858 0.975528 1.03242 1.10297 1.12331 1.03865 
1105 0.144921	1.01334 0.96233 1.03551 0.898066 0.949881 0.946469 0.969557 1.45215 0.901559 1.02838 
1106 0.0515166	0.398165 1.13005 1.07116 0.951269 1.04949 0.838725 1.19452 1.64891 1.44034 1.29774 
1107 0.0611459	0.389806 0.953236 1.00779 0.925306 1.02378 0.972603 1.1356 1.11064 1.57622 1.20506 
1110 0.141194	0.871237 1.03158 0.978159 0.747262 1.01543 0.930124 1.17631 1.22916 1.33515 1.07223 
1111 0.256186	0.875905 1.02835 0.864331 0.992745 0.91431 1.10491 0.954942 0.830257 0.846088 0.852788 
1112 0.203057	1.81024 1.12372 0.988601 0.969036 0.903693 1.25201 1.00772 1.17811 0.777068 0.945051 
1113 0.103348	0.828818 1.03935 1.01466 0.821359 0.956621 1.12963 1.11403 1.05745 1.21095 0.866069 
1114 0.0873362	0.246624 1.08525 1.15195 0.802664 1.05794 0.991089 0.958324 0.940262 1.49284 1.07329 
1115 0.0516739	1.2567 0.830776 0.944059 1.33406 0.890448 1.20387 0.987221 0.734952 0.810659 0.766278 
1116 0.084425	0.548791 0.880361 1.11748 1.13435 1.05185 0.985633 0.960932 0.831176 1.08837 0.837394 
1117 0.0727802	0.91457 1.08256 1.05725 0.852564 0.975812 1.00366 1.10622 1.68835 1.02834 1.07108 
1120 0.106073	4.67387 1.03971 0.947473 0.915981 0.932813 1.25496 1.16348 1.38622 0.79891 1.05107 
1121 0.0785425	0.810379 0.931482 0.989514 1.00599 1.04934 1.06897 0.9079 0.682761 0.962356 0.927378 
1122 0.112821	1.51663 0.90773 0.964621 0.892788 1.01733 1.0377 0.939449 1.11621 0.984234 1.00822 
1123 0.054251	1.17741 1.01691 1.35674 1.28254 1.12036 1.32562 1.11144 1.24533 1.08274 1.04892 
1124 0.117949	0.561911 0.999807 0.882776 0.924575 0.948796 1.04601 1.13404 1.01978 0.919557 0.987296 
1125 0.0744939	2.23542 1.23387 0.99004 0.735492 0.972826 1.00061 1.15641 1.23835 1.11502 1.14801 
1126 0.197301	3.99259 0.995844 0.955103 1.13866 0.880947 1.2152 0.967391 1.05684 0.695891 0.878734 
1127 0.25857	0.348695 0.993784 0.985486 0.911333 1.11143 0.95611 0.896532 1.00736 1.37442 1.07741 
1130 0.169587	1.39773 1.31497 1.05753 1.06133 1.10915 1.06565 0.974839 1.03357 0.708085 0.943171 
1131 0.114926	1.92252 1.22742 1.099 1.15228 1.12135 1.11492 1.22556 1.61599 0.849155 1.06989 
1132 0.11773	0.299832 1.02417 1.14127 0.975206 1.12834 0.95699 1.01306 0.825797 1.18978 1.19264 
1133 0.0889979	0.804406 1.1906 1.09548 0.72873 1.17237 1.02353 1.04365 0.951086 1.53541 1.25415 
1134 0.116328	0.342832 1.21817 0.922027 0.912298 0.959999 0.967415 0.957991 0.960586 0.80943 1.04376 
1135 0.076384	0.420111 1.06469 1.20038 0.978314 1.13009 0.876203 1.10491 1.19249 1.25291 1.29483 
1136 0.220042	0.639049 1.03367 1.00512 1.01952 1.08585 0.989172 0.992214 0.945738 0.965458 1.04713 
1137 0.0960056	0.475357 0.993278 1.00031 1.19139 1.09359 0.998687 0.966781 0.640625 0.879476 0.935983 
1140 0.122783	2.80253 1.0915 0.818262 1.19221 0.928102 0.9645 0.881391 1.02548 0.641156 0.818956 
1141 0.165075	3.61343 1.04742 1.09576 1.14175 0.945148 1.17337 0.969183 1.04633 0.953342 1.07678 
1142 0.111869	2.04512 0.98765 0.867647 1.35246 1.00266 0.957903 0.829748 0.651064 0.952842 1.05399 
1143 0.114598	1.25831 1.03936 1.14543 1.13263 1.0816 0.848755 1.19119 1.11595 1.67095 1.3709 
1144 0.0859482	3.02662 1.00811 0.806698 1.35324 0.916233 1.09698 1.09885 1.04245 0.714097 0.957772 
1145 0.257162	1.31937 1.10533 0.983656 0.920929 1.01208 1.0233 0.904514 1.00382 1.2221 1.08424 
1146 0.0538881	2.50606 1.00584 0.992806 1.06025 0.961097 0.950966 1.09349 1.52468 0.967665 1.24364 
1147 0.0886767	3.79835 1.1039 0.927992 0.899042 0.959076 0.983401 0.986622 1.00785 0.811179 1.17004 
1150 0.120202	2.30004 0.972215 0.911949 0.989569 0.888464 0.890499 0.986409 1.33808 0.732162 0.973488 
1151 0.135354	0.96416 1.00358 0.893414 1.20872 0.99356 0.932488 1.13912 0.813918 0.816303 0.893177 
1152 0.124242	0.350395 0.97314 1.0891 0.896253 1.14898 0.965141 1.0172 0.953789 1.66749 1.17336 
1153 0.175758	1.26593 1.02309 1.03615 1.24322 0.990928 1.05732 0.988819 0.925586 0.839298 0.982173 
1154 0.105051	1.21799 0.974161 1.05208 1.26965 0.929659 1.06937 1.05996 0.817695 1.01106 0.869746 
1155 0.0666667	1.00138 1.08261 1.04624 1.09267 1.03698 0.992209 1.21191 1.2001 1.15468 1.00326 
1156 0.107071	0.591251 1.0258 1.07913 1.16868 1.00542 0.869185 1.00128 1.32039 1.04123 1.05283 
1157 0.165657	0.742153 0.902714 1.00124 1.01455 0.997777 0.810988 1.08044 1.07582 1.19684 1.08289 
1160 0.120539	1.18041 1.03421 0.970204 0.696948 0.945837 0.990504 1.13302 1.22917 1.21868 1.04108 
1161 0.111111	0.719537 0.863437 0.874186 0.95831 0.982043 0.941673 1.0034 0.779647 0.950161 0.838706 
1162 0.20303	0.38356 0.934341 1.10555 0.977034 1.00887 0.996503 0.97027 0.71119 1.33557 0.887296 
1163 0.0710438	0.605984 0.943158 0.979922 0.892772 0.973034 0.876451 1.06031 1.15215 1.04691 0.885372 
1164 0.076431	0.664727 0.987899 0.801932 0.673043 0.930144 0.887702 0.937256 0.842491 0.938761 0.879327 
1165 0.197306	2.96026 1.08894 0.966711 0.930091 0.88014 1.06452 1.08253 1.16118 0.766716 0.896588 
1166 0.0414141	1.1817 1.00158 1.00471 1.0681 1.00737 1.02096 1.12081 1.86537 1.04903 0.994985 
1167 0.179125	1.06386 1.01473 0.950079 1.15893 0.949171 1.01927 0.885707 0.721111 0.742508 0.820122 
1170 0.0576037	0.708434 0.837718 0.782057 0.742607 0.838808 0.947688 0.959178 1.1474 0.846442 0.897777 
1171 0.138249	0.321407 0.992448 1.18917 0.722852 1.01981 1.10969 0.957835 0.956908 1.32164 1.12855 
1172 0.152074	0.581883 1.11205 0.990776 0.689077 1.14683 1.11507 1.15716 1.22378 1.56354 1.11954 
1173 0.078341	0.391726 1.05404 0.962307 0.833419 0.927369 1.01457 0.805873 0.98254 0.836106 0.924951 
1174 0.157258	0.61001 1.01714 0.888605 0.795972 1.00452 0.879858 0.880899 0.759172 1.13372 0.970687 
1175 0.12212	1.01777 0.961292 0.958465 1.28552 1.04028 1.24219 0.873423 0.852745 0.80834 0.825954 
1176 0.164171	0.613229 0.870252 1.09089 1.11326 0.990276 1.15116 0.980272 1.23128 1.04066 0.981912 
1177 0.130184	3.02234 1.02191 1.02241 1.04057 1.0017 1.37095 1.00868 1.01881 0.790844 0.85995 
BOUNDS
LWPS R    0.0  0.0  0.0  0.0  0.0  0.0  0.0  0.0  0.0  0.0
UWPS R    0.5  0.5  0.5  0.5  0.5  0.5  0.5  0.5  0.5  0.5
LXAS R   -0.5 -0.5 -0.5 -0.5 -0.5 -0.5 -0.5 -0.5 -0.5 -0.5
UXAS R    0.5  0.5  0.5  0.5  0.5  0.5  0.5  0.5  0.5  0.5
END
