NAME moment_estimations_cluster
ASSETS 10
BENCHMARKS 0.1 0.1 0.1 0.1 0.1 0.1 0.1 0.1 0.1 0.1 
COVARIANCES
0 0 0.163644
1 0 0.0662914
1 1 0.0308693
2 0 0.0347059
2 1 0.0143535
2 2 0.0121413
3 0 -0.00106493
3 1 0.00390401
3 2 0.000490437
3 3 0.0161935
4 0 0.00235195
4 1 0.00283166
4 2 0.000594376
4 3 0.00976724
4 4 0.010266
5 0 -0.00300601
5 1 0.000908673
5 2 0.00443607
5 3 0.00945008
5 4 0.00885316
5 5 0.0176323
6 0 0.0611327
6 1 0.0262514
6 2 0.0156197
6 3 0.00522358
6 4 0.00595523
6 5 0.00643016
6 6 0.0318841
7 0 -0.0195251
7 1 -0.00310333
7 2 -0.00252213
7 3 0.0166716
7 4 0.00738644
7 5 0.00971027
7 6 -0.00251775
7 7 0.027295
8 0 0.0619053
8 1 0.0227936
8 2 0.0148025
8 3 -0.00533644
8 4 -0.000576337
8 5 -0.00207956
8 6 0.0250898
8 7 -0.0143965
8 8 0.0307527
9 0 0.00132259
9 1 -0.000361736
9 2 0.00236417
9 3 0.00491219
9 4 0.00714925
9 5 0.00702886
9 6 0.00763142
9 7 0.0029612
9 8 0.00482105
9 9 0.0153907
SCENARIOS
0 0.63656	1.34809 1.0816 1.06587 0.955479 1.00995 1.01505 1.11058 1.00398 1.09159 1.01041 
1 0.36344	0.689319 0.836112 0.904623 0.986474 1.00772 0.990184 0.884723 1.09495 0.851566 0.98446 
00 0.548322	1.45119 1.11992 1.11624 0.957235 1.0172 0.977981 1.17518 0.832222 1.16936 1.01726 
01 0.451678	0.726067 0.882979 0.904668 1.12969 0.976301 1.01082 0.848124 1.13358 0.867689 0.919787 
10 0.779909	1.00353 0.907717 0.966422 0.988209 0.973499 0.962009 0.881339 1.02453 0.936102 0.930968 
11 0.220091	1.78672 1.27213 1.1487 1.02924 0.991667 1.03732 1.22253 0.963024 1.26491 1.09976 
000 0.0621132	0.592753 0.724526 0.928187 0.883859 0.934986 0.91547 0.854098 0.94398 1.06844 1.17895 
001 0.126518	0.468485 0.743379 0.910262 1.11975 1.01225 1.27265 0.753766 1.30781 0.745092 0.988124 
002 0.0632306	0.933364 1.04067 1.01899 0.832602 0.841059 0.990603 0.837884 0.809905 1.16607 1.04224 
003 0.0867809	2.78799 1.7245 1.17652 1.19597 1.14987 0.973067 1.4826 1.04705 1.49068 1.24922 
004 0.206853	1.06063 0.963938 0.939209 1.03614 1.00791 0.897392 0.907827 1.04998 1.04646 1.002 
005 0.148235	1.5909 1.24656 1.15247 1.07121 0.98668 1.0247 1.21171 1.13343 1.28744 1.19743 
006 0.145685	1.12796 1.02518 1.04838 1.31959 1.16747 1.18626 1.09925 1.49848 0.994511 1.05622 
007 0.160583	0.66559 0.905819 0.847814 1.13997 1.02825 0.991007 0.811591 1.1379 0.803902 0.987318 
010 0.0793336	0.883141 0.91334 0.870886 0.761731 0.989741 0.859011 0.917163 0.630926 1.06847 1.15189 
011 0.100723	2.10621 1.35978 1.25036 0.997737 1.05757 0.957663 1.42172 0.901578 1.34784 1.07264 
012 0.163606	0.638546 0.938102 0.993556 1.16631 1.10007 1.10734 0.992887 1.16684 0.89052 1.1543 
013 0.168893	0.930723 1.02375 1.06079 0.944299 1.15312 1.11387 1.16722 0.994045 1.02947 1.19346 
014 0.112236	0.944306 1.00849 0.982454 0.867452 0.939311 0.909832 0.911486 0.920353 0.957492 0.907179 
015 0.161867	0.454105 0.873681 0.840497 0.907819 0.981179 0.951349 0.727498 0.888968 0.782244 1.03722 
016 0.0898024	1.45273 1.17036 1.08071 0.805722 0.988015 0.836707 1.10356 0.775226 1.13215 0.9435 
017 0.123539	1.41838 1.20917 1.08218 1.21243 1.17762 1.04577 1.30642 1.00611 1.06745 1.29273 
100 0.149656	1.42051 1.33443 1.21044 1.13024 1.01241 1.22486 1.30829 1.03359 1.23176 1.15956 
101 0.0876698	1.25197 1.24241 1.01325 1.0255 1.04079 0.927066 1.09661 0.761221 1.16794 1.06355 
102 0.147433	0.521719 0.840646 0.885544 0.877655 0.88097 0.894863 0.723314 0.817657 0.838783 1.00592 
103 0.0728876	0.854792 0.895376 0.964281 0.713893 0.799091 0.738834 0.921868 0.621345 1.14383 1.01224 
104 0.121009	2.24826 1.50964 1.21537 0.913923 0.994559 1.0525 1.406 0.789794 1.44726 1.17884 
105 0.268654	0.67485 0.987682 0.993849 1.33462 1.168 1.22914 1.04459 1.14575 0.904055 1.19409 
106 0.0829776	0.427331 0.830084 0.84386 1.08947 0.987307 1.10483 0.746837 1.14713 0.656257 0.917264 
107 0.0697125	0.928897 0.999987 1.08682 0.80735 0.942666 1.03014 0.966619 0.785378 1.05179 1.07092 
110 0.16077	1.40451 1.04724 1.1159 1.03827 0.960486 1.00878 1.26495 0.890921 1.30307 1.10306 
111 0.218777	1.21942 0.96496 1.05304 0.827048 0.910772 0.827933 0.96368 0.81339 1.08015 0.837558 
112 0.0996375	0.867165 0.83457 1.10026 1.13924 1.11428 1.29861 1.04617 1.14305 0.903716 1.07886 
113 0.079885	2.52958 1.47484 1.20306 1.0151 1.05796 0.924606 1.32859 0.828895 1.40181 0.965332 
114 0.0695087	1.13193 1.00581 1.01418 1.40234 1.30119 1.23135 1.17739 1.31041 0.945478 0.988225 
115 0.148644	0.92847 0.873595 1.00561 1.03011 1.02002 1.05718 0.878331 1.06303 0.852812 0.877644 
116 0.0575072	0.831627 0.931586 0.893472 1.05056 1.1077 1.05447 0.963997 1.02327 0.955184 1.06793 
117 0.165271	0.517459 0.789349 0.796666 1.16015 1.14733 1.05763 0.857388 1.22159 0.805943 1.14558 
0000 0.072417	0.963635 1.11869 1.02339 1.10812 1.00088 1.27678 0.990566 1.24964 1.01457 1.1243 
0001 0.122694	0.516219 0.812894 0.744961 0.907436 0.886899 0.809256 0.668262 0.868178 0.694663 0.840572 
0002 0.11393	0.883568 1.06907 0.886885 1.24326 1.10156 1.06256 1.12494 1.13858 0.883563 1.0235 
0003 0.192804	1.70827 1.2768 1.06003 1.25717 1.17621 1.19006 1.43714 1.10562 1.17533 1.06047 
0004 0.0691882	2.112 1.4089 0.941402 0.903316 0.919639 0.948546 1.23081 0.711362 1.37388 0.906402 
0005 0.10286	1.33843 1.24845 1.08236 1.05155 0.985307 1.04425 1.14994 0.855397 1.18021 1.06023 
0006 0.124539	0.734517 1.12582 0.94341 1.16168 1.12914 1.10649 0.872636 1.23551 0.817911 0.931715 
0007 0.201568	1.14241 1.1209 0.832125 0.923038 0.870819 0.71834 0.862061 0.813622 1.04911 0.760316 
0010 0.103034	0.633306 1.02417 0.973853 1.21783 1.1186 1.17605 1.02285 1.4104 0.905705 1.22431 
0011 0.0790308	2.25388 1.58276 1.18892 1.08622 1.08505 1.09196 1.40473 1.04919 1.42849 1.30497 
0012 0.186368	1.08764 1.10348 0.983308 1.12156 1.05889 1.08363 1.16891 1.05209 1.08566 1.21337 
0013 0.134737	1.58525 1.23064 1.06839 1.00614 1.0844 1.02751 1.29646 0.959689 1.32951 1.19495 
0014 0.178216	0.732644 0.814386 0.909795 1.00111 0.981861 0.865788 0.863939 0.979041 1.00238 1.0482 
0015 0.124547	0.849747 0.967945 0.925426 0.98624 0.873347 0.925751 0.885309 1.10959 0.928068 0.869867 
0016 0.0772192	0.460025 0.874255 0.679098 0.993394 0.896061 0.791345 0.687671 1.07351 0.731755 1.00054 
0017 0.116848	1.149 0.918785 1.01089 0.829148 0.907896 0.755755 0.957604 0.754733 1.21692 1.00926 
0020 0.061169	2.22857 1.34936 1.27387 1.02645 0.9477 0.950864 1.33088 0.976624 1.41599 0.964224 
0021 0.13865	0.718384 0.806272 1.00131 1.27839 1.0724 1.24709 1.09106 1.12762 0.945876 0.94903 
0022 0.0724966	1.31513 0.975887 1.02052 0.764612 0.962563 0.762249 1.26603 0.81694 1.33063 1.11596 
0023 0.202084	0.786306 0.893319 0.902863 0.883305 1.07275 0.803183 0.89675 1.03535 0.940299 0.949501 
0024 0.172633	1.48765 1.10569 1.14418 1.09071 1.15809 0.992314 1.30687 1.00943 1.19628 1.02093 
0025 0.0552787	0.567244 0.642737 0.860958 1.09175 1.06042 0.919923 0.963839 1.24665 0.765096 1.07994 
0026 0.0992297	0.432956 0.623151 0.896362 0.944012 0.998443 0.975344 0.749561 1.05724 0.667216 0.793281 
0027 0.198459	1.03229 0.941795 1.01915 1.12035 1.15434 0.995197 1.06134 0.873252 1.01254 1.08949 
0030 0.0835259	1.02613 0.948356 0.891923 0.933826 0.953135 1.1231 0.922894 1.13691 0.8596 0.819141 
0031 0.0944206	2.5074 1.44458 1.26667 1.05916 0.964954 1.27454 1.4875 1.00022 1.3731 1.15007 
0032 0.158468	0.866555 0.891961 1.03096 0.902435 0.763235 1.02432 0.818512 0.893879 0.877052 0.722764 
0033 0.174645	0.520846 0.788369 0.919659 1.06356 0.907628 1.07532 0.723896 1.23887 0.740563 0.557649 
0034 0.0574447	0.608518 0.713342 0.931411 0.835212 0.871657 0.936792 0.831282 1.06536 0.887199 0.896224 
0035 0.165071	0.861873 0.879879 1.04428 0.934015 1.06714 1.09358 1.10414 0.750484 1.11991 0.875153 
0036 0.151535	1.59079 1.08306 1.08996 0.767752 0.919544 1.18659 1.1239 0.677346 1.13665 0.866663 
0037 0.114889	1.20683 1.02199 1.10409 1.0511 1.02074 1.16661 1.13432 0.962577 1.02727 0.805833 
0040 0.226454	1.74012 1.37191 1.11795 0.925837 0.829341 0.848155 1.23758 1.05122 1.30191 1.0839 
0041 0.0635734	0.462166 0.956739 0.814553 1.07572 0.925179 0.939614 0.72726 1.13475 0.670461 0.844827 
0042 0.159834	0.809395 0.955257 0.935528 0.960297 0.892913 1.00733 0.933495 0.987773 0.88057 0.912467 
0043 0.0873961	0.601816 0.989565 0.947568 0.924018 0.872591 1.06476 0.816693 0.995568 0.76872 0.914601 
0044 0.0547091	0.780467 0.960086 1.02464 0.884588 1.05353 1.09976 1.07456 0.960987 1.07657 1.14472 
0045 0.0886427	0.827408 1.14454 1.1092 1.13504 1.15806 1.19885 1.04656 1.17632 0.895589 1.08778 
0046 0.265651	1.18952 1.2309 0.996754 1.13001 0.910733 1.15541 1.07582 0.99356 0.959054 0.913209 
0047 0.0537396	1.01969 1.01815 0.857454 0.768537 0.827924 0.664633 0.859664 0.787339 0.964951 0.890875 
0050 0.107267	0.649644 0.841039 0.869006 1.00737 0.933468 0.932913 0.901506 0.871821 0.84644 0.84377 
0051 0.0701585	0.729776 0.875638 0.987766 1.51431 1.36862 1.50272 1.27109 1.28367 0.878212 1.08527 
0052 0.105528	1.47974 1.11735 1.06099 0.853886 0.872022 0.953138 1.09831 0.795284 1.16213 0.810012 
0053 0.0976034	0.538471 0.800916 0.854528 1.06429 1.09873 1.06404 0.765723 1 0.734562 0.865248 
0054 0.121763	2.03225 1.46398 1.11572 0.935137 1.01918 1.01974 1.40174 0.665925 1.26728 0.882556 
0055 0.195787	1.16766 1.09903 1.02161 1.31277 1.17282 1.15654 1.2352 0.960777 1.01322 1.00169 
0056 0.0862002	1.21148 1.09115 0.990683 0.749925 0.854494 0.963039 1.00785 0.626085 1.19098 0.806117 
0057 0.215694	0.854195 0.773386 0.930734 0.792403 0.866158 0.812186 0.909684 0.73666 1.00694 0.855092 
0060 0.0556539	0.467146 0.934893 0.82006 1.06921 0.987107 1.1117 0.731597 0.878094 0.766481 0.930864 
0061 0.0566372	0.555192 1.00454 0.912453 1.05351 1.10987 1.21093 0.923568 1.08228 0.741906 0.936584 
0062 0.13943	1.02741 1.19044 1.03294 1.02909 0.902278 1.02612 0.961903 0.847926 0.94816 0.933324 
0063 0.060767	0.668105 0.90254 0.912724 0.783944 0.720737 0.897604 0.747708 0.838745 0.899012 0.888066 
0064 0.0936087	0.844474 0.985203 0.873161 1.27637 1.06954 0.910844 1.06811 0.999603 0.887263 1.16203 
0065 0.0995084	0.967338 1.20593 0.885905 0.814383 0.833898 0.824447 0.829958 0.709675 0.920953 0.978048 
0066 0.244444	1.58267 1.58627 1.19315 1.24315 0.962698 1.10079 1.2636 1.09535 1.04357 0.833542 
0067 0.249951	1.24545 1.24044 1.13711 0.727526 0.816664 1.01877 1.18951 0.672155 1.18187 0.894934 
0070 0.136307	1.6607 1.16429 1.15117 1.16748 1.24909 1.2438 1.43601 1.07313 1.18877 1.318 
0071 0.0956289	0.473767 0.659396 0.82368 0.930708 0.953788 0.974366 0.733514 1.16932 0.694409 0.889924 
0072 0.12471	0.754378 0.815006 0.908763 0.844029 0.879318 0.921583 0.831734 1.07113 0.953939 0.891344 
0073 0.135415	1.70419 1.06821 0.98987 0.99925 0.976074 0.834368 1.15014 0.903748 1.17966 1.10793 
0074 0.152721	1.08966 1.06226 1.01496 1.05604 1.11207 0.989761 1.11528 1.07005 1.20637 1.1848 
0075 0.115076	1.13776 1.15306 0.983891 1.00388 1.04597 1.02642 1.12783 1.19321 0.963289 1.01522 
0076 0.102052	0.754142 0.947382 0.899867 1.42964 1.27736 1.24983 1.14023 1.55487 0.854535 1.30441 
0077 0.138091	0.799646 0.86376 0.985838 0.857816 0.887185 0.896884 0.95112 0.936937 1.0416 0.982835 
0100 0.183253	0.496825 0.805704 0.871996 1.0548 0.973673 0.942938 0.809607 1.37722 0.714602 0.890636 
0101 0.174485	0.9992 0.920876 1.01232 0.840972 0.819979 0.772983 0.842339 0.894549 1.01893 0.709945 
0102 0.0863656	1.16723 0.973016 1.20316 1.01199 0.962099 1.00537 0.97353 0.954501 1.15532 0.976024 
0103 0.115739	0.846661 0.880333 0.943054 1.04425 0.97868 0.916668 0.949074 1.14466 0.960236 0.986327 
0104 0.128891	1.29196 1.10923 0.918988 1.36782 1.18568 1.05466 1.03434 1.42349 0.949459 0.830194 
0105 0.119246	2.14873 1.41876 1.12245 0.920657 0.965215 0.930948 1.15705 0.930321 1.34007 0.920786 
0106 0.0705831	1.37499 1.09322 1.11772 0.90938 0.864294 0.781643 1.16158 0.969422 1.31164 1.00036 
0107 0.121438	0.988375 1.06074 1.07333 1.01231 0.958835 1.17138 1.06632 0.915165 0.920052 0.856174 
0110 0.109461	1.09456 1.06207 1.12685 0.873125 1.09809 1.23235 1.21944 0.978493 1.15091 1.39869 
0111 0.100483	1.09853 0.983942 0.919018 0.815227 0.828835 0.808508 0.855353 0.70299 1.11564 0.796328 
0112 0.0859807	2.44347 1.42685 1.0001 0.958514 0.947201 0.805363 1.20601 0.837517 1.34051 0.864092 
0113 0.094268	1.68668 1.41274 1.14182 1.05545 0.967818 0.886168 1.23726 1.12027 1.17518 1.10894 
0114 0.239296	0.563556 0.737694 0.890319 1.10698 1.01533 1.15734 0.856124 1.16194 0.835551 1.21997 
0115 0.116713	0.703111 0.962716 0.977047 0.632077 0.841345 0.962207 0.85481 0.611385 1.12988 1.09277 
0116 0.089779	1.50963 1.12047 1.10136 0.802916 0.949848 0.967394 1.12695 0.677485 1.3132 0.989784 
0117 0.164019	1.01173 1.17796 0.940428 1.13004 1.02931 1.03754 0.987153 1.02645 0.935488 1.07457 
0120 0.139243	1.11235 0.783382 1.04172 0.639905 0.903824 0.8932 0.889421 0.669065 1.24433 0.989212 
0121 0.192602	0.73525 0.707253 0.856734 1.19808 1.14469 1.11673 0.915295 1.34424 0.797753 1.14275 
0122 0.146896	0.969223 0.890032 0.916879 0.884407 0.971041 0.99366 0.917369 0.98153 0.890525 0.877333 
0123 0.0933248	0.884551 0.788898 1.05765 0.857321 1.13587 1.35782 1.01279 0.925825 0.99104 1.22066 
0124 0.0593112	0.836066 0.907856 0.837835 0.69451 0.896365 0.829823 0.813425 0.723215 0.981349 0.905997 
0125 0.160289	1.92951 1.1682 1.27376 1.04005 1.12964 1.15467 1.33444 0.905692 1.29228 1.17259 
0126 0.0873724	0.687192 0.785524 0.890894 0.767936 0.811904 0.882272 0.705405 0.906474 0.799432 0.95554 
0127 0.120961	1.44605 1.08226 1.07691 1.17533 1.02671 1.10421 1.01861 1.26243 0.962338 0.808959 
0130 0.0943163	0.612154 0.752931 0.898771 0.890971 0.824119 0.873177 0.686854 0.967903 0.753426 0.955073 
0131 0.188221	0.848072 0.78836 0.915746 0.933341 0.874316 0.764819 0.894504 0.789144 1.02225 1.12854 
0132 0.0696046	0.631126 0.861783 0.907625 1.29661 1.08459 1.13173 0.888512 1.28159 0.662824 1.05939 
0133 0.0885502	2.31863 1.42001 1.30482 0.834049 0.793222 0.927876 1.21861 0.785078 1.42688 1.12781 
0134 0.207784	1.42682 1.11678 0.958987 1.05045 0.851052 0.777426 0.962401 0.9974 1.13077 0.990868 
0135 0.0698105	0.894163 1.10937 1.02253 1.21783 0.938386 1.01555 0.849327 1.22032 0.852936 0.873565 
0136 0.144357	1.44701 1.14873 1.14785 1.17275 1.04233 1.10431 1.25482 1.1529 1.0713 1.09546 
0137 0.137356	1.06706 1.10027 1.04481 1.10138 1.08567 1.16236 1.00619 0.965707 0.989532 0.95663 
0140 0.132631	1.26345 1.23806 1.01377 1.32147 1.13154 1.06499 1.04309 1.16427 0.89929 0.788563 
0141 0.249148	0.752515 0.906718 0.847515 1.01107 0.930812 0.879947 0.760951 1.0219 0.824843 0.894943 
0142 0.145956	1.39627 1.1799 1.04276 0.95349 0.847424 0.871863 1.06907 0.90434 1.21688 0.949029 
0143 0.121785	0.706351 0.921703 0.869161 1.19021 1.10169 0.945981 0.875233 1.34165 0.716845 1.01969 
0144 0.0697242	1.53934 1.35252 1.05059 1.2208 1.21369 1.1159 1.23465 1.16667 1.12106 0.980811 
0145 0.0904865	2.61611 1.38029 1.21785 0.972279 0.965334 0.920848 1.35361 0.787016 1.36111 0.992766 
0146 0.0542299	0.91721 0.949847 0.985804 1.21207 1.04222 1.10613 1.05433 1.0584 0.949941 1.15016 
0147 0.13604	1.18132 1.03568 1.01013 0.881326 0.824467 0.783999 0.839728 0.722368 1.03065 0.840179 
0150 0.130211	0.909799 0.71134 0.984712 0.79688 0.840399 0.785822 0.776692 0.784124 1.00138 0.911843 
0151 0.174474	1.05357 0.793815 0.864507 0.932063 0.94393 0.828028 0.911765 1.01927 0.892872 0.924379 
0152 0.0633863	0.741859 0.874594 1.0023 1.10068 1.03674 1.36059 1.00551 0.990793 0.829415 1.10739 
0153 0.107864	2.02106 1.07116 1.13211 0.737821 0.834023 0.809362 1.1804 0.752351 1.42912 0.893698 
0154 0.230984	1.42699 0.945533 1.08454 0.912898 0.980358 1.07672 1.11686 0.839675 1.11654 0.930618 
0155 0.0719811	1.54547 1.0624 1.16248 1.30408 1.13188 1.14332 1.34077 1.21845 1.19007 1.18521 
0156 0.0878814	1.09176 0.9644 1.07952 1.05867 0.878983 0.982413 1.04271 1.27186 0.974586 1.01829 
0157 0.133219	0.526497 0.651359 0.916395 1.22815 1.15104 1.15797 0.903521 1.55252 0.68996 1.13298 
0160 0.20062	0.980812 1.02447 0.90368 1.1448 0.89156 1.00225 0.88085 0.996161 0.968779 0.799785 
0161 0.196359	0.860383 0.859982 0.998914 1.05991 1.02629 1.07914 0.948963 1.09417 0.98615 0.973926 
0162 0.0499613	0.785344 0.668246 1.00661 0.794494 0.849785 0.95673 0.736719 0.736483 1.09215 1.06105 
0163 0.21921	1.42 1.16366 1.04911 1.11593 1.02319 0.900965 1.06772 1.10208 1.18964 0.968323 
0164 0.0948877	0.686013 0.814712 0.84127 1.10172 0.922779 0.875091 0.857916 1.08712 0.904331 0.984889 
0165 0.0658404	2.46609 1.47044 1.16989 0.900787 1.02481 1.06654 1.26949 0.539517 1.45971 0.826575 
0166 0.0933385	1.61883 1.28219 1.045 0.887239 0.874731 0.899686 1.19568 0.912429 1.28428 1.11964 
0167 0.0797831	0.647193 0.774631 0.934426 1.25021 1.06312 1.29003 0.808871 1.46015 0.669041 0.93014 
0170 0.109516	1.47945 1.32111 1.04402 0.945817 0.991626 1.00009 1.23764 1.14273 1.23082 0.972235 
0171 0.109797	0.967156 1.06245 1.01272 1.13962 1.30379 1.28964 1.09417 1.39148 0.915594 1.07171 
0172 0.080518	0.558688 0.934791 0.909982 0.97295 1.06241 1.27923 0.78494 1.46739 0.721012 0.792464 
0173 0.206363	1.01008 1.15744 0.936285 0.844185 0.892785 0.827454 0.892408 0.940097 1.01942 0.825005 
0174 0.182151	1.18958 1.1888 1.10858 0.840334 0.868924 1.0287 1.01443 1.0711 1.17923 0.803359 
0175 0.101351	0.904353 1.12133 1.01771 1.17112 1.25151 1.46837 0.972392 1.32288 0.874454 0.923102 
0176 0.113176	0.635006 0.868499 0.812243 0.907071 0.874179 0.950143 0.774931 1.2486 0.854686 0.810039 
0177 0.0971284	2.26464 1.7037 1.16397 0.929785 1.11811 1.15183 1.37037 1.02722 1.26263 0.781816 
1000 0.0709571	1.68574 1.17405 1.1534 1.09662 1.11436 1.13365 1.10921 1.05503 1.0149 0.86054 
1001 0.0787364	0.767118 0.931937 0.966114 1.21132 1.16375 1.13849 0.991801 1.41687 0.710101 0.97276 
1002 0.102782	0.673955 0.892319 0.849539 0.989202 0.98347 0.794335 0.831552 1.06171 0.824055 0.938647 
1003 0.108439	0.464024 0.792144 0.870782 0.962772 0.886261 0.758757 0.682958 1.104 0.717523 0.866543 
1004 0.0761433	2.15821 1.35646 1.21958 1.19399 1.08178 0.964166 1.36371 1.30675 1.25986 1.06372 
1005 0.139793	1.05271 1.15851 1.02017 1.06037 1.01965 1.04276 0.958763 1.27212 0.851336 0.892106 
1006 0.190005	1.23934 1.04562 1.09343 0.958325 1.06111 0.917282 1.07367 0.891868 1.20968 1.23067 
1007 0.233145	1.00419 1.01334 0.939258 0.758904 0.84122 0.728342 0.853951 0.867256 0.974529 0.862157 
1010 0.100604	0.899892 0.830888 0.87017 0.813955 0.925336 0.942648 0.867432 0.701411 1.02961 0.940441 
1011 0.155734	1.31806 1.06845 0.985473 1.07571 1.07189 1.09041 1.12748 1.09265 1.11026 1.02888 
1012 0.0684105	0.715806 0.771257 0.896158 1.16895 1.12591 1.15406 0.936185 1.44805 0.735512 0.981638 
1013 0.114688	0.992805 0.924596 1.01777 0.782713 0.815608 0.996918 0.934964 0.998148 1.03437 0.725713 
1014 0.177062	1.30153 1.02287 0.945393 0.921031 1.03646 1.05414 1.08724 0.921394 1.00489 0.998871 
1015 0.188732	0.617119 0.854676 0.862708 0.938285 0.883012 0.909237 0.703004 1.04476 0.762492 0.731528 
1016 0.117103	1.35616 0.963531 1.03127 0.899926 0.9913 0.998921 1.27846 1.11568 1.22415 1.15361 
1017 0.077666	2.34178 1.36344 1.09581 0.942116 1.00283 0.895797 1.32712 1.04045 1.36446 0.90941 
1020 0.118449	1.51039 1.13311 1.0683 0.877425 1.09072 1.1568 1.37892 0.733218 1.36189 1.13077 
1021 0.067241	2.46148 1.35035 0.934877 0.855884 0.931308 0.832112 1.14233 0.786073 1.28235 0.821199 
1022 0.0662838	1.92404 1.2038 1.03514 1.2553 1.10991 0.999104 1.33955 1.25134 1.31969 1.02978 
1023 0.0906916	0.765923 0.780926 0.820427 1.17677 1.09152 1.01089 0.955505 1.2156 0.841921 1.26773 
1024 0.238574	1.23575 1.0416 1.00371 1.09635 1.07595 1.12729 1.06575 1.17941 1.05383 0.914599 
1025 0.148361	0.597259 0.63681 0.872678 0.799518 0.846058 0.872179 0.822837 0.936302 0.900776 0.818414 
1026 0.0942809	1.37356 1.11532 1.06832 0.785485 0.810975 0.941738 1.09317 0.898487 1.18313 0.735468 
1027 0.176119	0.786063 0.816806 0.986206 1.17738 1.2375 1.38731 1.00239 1.38354 0.925543 1.06047 
1030 0.0958374	1.03215 1.01772 0.893938 1.06329 1.0945 1.17236 1.05116 1.03917 1.11536 1.0497 
1031 0.0677638	1.03405 0.975463 1.08842 1.20741 1.21798 1.33195 1.14417 1.25192 1.01378 1.255 
1032 0.227009	0.536988 0.871878 0.892468 1.22993 1.08574 1.08695 0.880216 1.26667 0.818978 1.04541 
1033 0.0788964	1.87025 1.5478 1.07442 1.21384 1.11131 1.22079 1.26048 1.29243 1.12417 1.12143 
1034 0.0677638	0.816087 0.914715 0.964922 1.09458 1.06521 1.19024 1.00815 1.17927 1.09506 1.452 
1035 0.14424	2.12105 1.3227 1.16962 1.11339 1.03984 1.10162 1.32897 0.879236 1.41792 0.861904 
1036 0.0958374	1.2914 1.2055 0.971043 1.23084 1.06431 1.04483 1.09222 1.2245 0.891041 0.81067 
1037 0.222652	1.15551 1.06313 0.937069 0.916357 0.86925 0.853165 0.845394 0.908508 1.04964 0.893887 
1040 0.137609	1.38635 1.25106 1.06422 1.02135 0.924692 1.01462 1.13833 1.15827 0.998456 0.848754 
1041 0.0591837	0.823761 0.82996 0.857678 1.03663 1.00884 0.823267 0.896367 0.788218 1.11289 0.942726 
1042 0.119242	1.29473 1.05444 1.24534 0.808522 0.889094 0.958855 1.12029 0.888269 1.31701 1.12466 
1043 0.221283	0.953045 0.947388 1.01242 0.835714 0.809445 0.875568 0.870174 0.959603 0.979664 0.811158 
1044 0.102624	0.79807 1.14147 1.05381 1.26456 1.05173 1.13029 1.02689 1.20427 0.964015 0.921258 
1045 0.128863	0.53134 0.75447 0.850622 0.818148 0.793644 0.799155 0.640713 0.891004 0.732148 0.676803 
1046 0.0865889	0.722566 1.00467 0.930348 1.32607 0.965037 1.03215 0.78049 1.47599 0.721924 0.71936 
1047 0.144606	1.98051 1.35756 1.15198 0.868935 0.728329 0.770946 1.1139 0.787249 1.33492 0.634082 
1050 0.0367695	2.12342 1.34534 1.13383 0.845174 0.801017 0.868575 1.06722 0.84994 1.06524 0.705614 
1051 0.128956	2.35928 1.45111 1.14112 0.828469 1.04686 0.988963 1.37475 0.795832 1.3011 0.850573 
1052 0.105187	0.965257 1.1666 1.15938 1.17231 1.22651 1.32559 1.15923 1.42509 0.924258 1.09972 
1053 0.108339	1.28564 1.04164 0.934361 0.746971 0.861422 0.7477 0.964171 0.764159 1.19474 0.98018 
1054 0.181221	0.9745 0.97958 1.00225 0.806451 0.913457 1.05362 0.948163 0.797205 0.925083 0.920685 
1055 0.120289	1.14464 1.03701 0.977787 0.915638 0.948903 0.932464 1.01249 1.03482 1.11663 1.03166 
1056 0.181353	0.97786 1.06149 0.866903 0.950296 1.08432 1.0982 0.965034 1.08986 0.899282 1.04511 
1057 0.137886	1.00657 1.03975 0.987718 1.03281 0.858881 0.862273 0.836695 1.34953 0.874835 0.815376 
1060 0.0863095	0.614083 0.769712 0.791623 0.823804 0.853268 0.711607 0.718296 0.840441 0.885695 1.0544 
1061 0.0909864	0.609062 0.809926 1.05719 1.19562 1.16823 1.19175 0.980629 1.09403 1.02978 1.17988 
1062 0.0697279	0.607809 0.767297 0.89038 1.02122 0.946113 0.93333 0.793069 0.95519 0.935652 1.08799 
1063 0.306122	0.73465 0.982709 0.979754 0.954055 0.828035 0.874689 0.888563 0.935257 1.09035 0.908378 
1064 0.167517	0.903774 1.03876 0.898436 1.27037 1.14594 1.02266 0.947937 1.34145 0.862329 1.09666 
1065 0.0790816	0.425831 0.680988 0.75685 0.995582 1.02261 1.1398 0.764223 1.06607 0.715461 0.967537 
1066 0.0748299	1.13294 1.17536 1.07663 1.25994 1.19196 1.3716 1.27007 1.271 0.981495 1.21149 
1067 0.125425	2.0303 1.26872 1.17085 0.982549 1.00444 0.943518 1.20923 1.00585 1.45858 0.990346 
1070 0.0855263	1.24503 1.09474 1.06699 0.958839 0.826892 1.09177 1.20975 0.849309 1.19454 0.793467 
1071 0.104251	1.08634 1.08213 1.07813 1.05573 1.00059 1.25494 1.16085 1.01529 1.05667 0.906938 
1072 0.0981781	1.4593 1.34828 1.05652 1.02991 1.0666 1.13075 1.17631 1.05342 1.12478 1.03894 
1073 0.229757	0.531217 0.733311 0.91174 1.00116 0.961957 1.0184 0.875671 0.857749 0.88989 1.0085 
1074 0.0511134	0.76528 0.858291 1.00532 0.984688 0.875584 0.863718 1.07896 0.81616 1.18402 1.029 
1075 0.0926113	1.67034 1.15425 1.18845 1.07376 0.875893 1.1374 1.29146 0.939522 1.42607 1.06246 
1076 0.230263	0.785947 0.985007 0.969401 1.2265 0.963304 1.06041 0.897983 1.32731 0.823719 0.690969 
1077 0.1083	0.982032 0.985891 1.0817 1.03203 0.913032 0.94912 0.966981 0.985053 1.04138 0.955935 
1100 0.0762053	0.541452 0.865146 0.902932 1.19276 1.25059 1.11385 0.936313 1.06854 0.764501 1.01425 
1101 0.104977	2.25499 1.43632 1.21553 0.935942 1.08256 0.972908 1.35719 0.886737 1.24745 0.92038 
1102 0.184292	1.50791 1.24913 1.02666 1.05643 1.17968 0.978592 1.08698 1.19155 0.910843 0.855135 
1103 0.0520995	1.05688 1.15026 1.19902 1.05827 1.06541 1.37097 1.08902 1.34903 0.96265 1.04777 
1104 0.230949	0.961119 1.15061 0.892921 0.974606 1.16729 1.0545 1.0261 0.972946 0.886179 1.07582 
1105 0.143857	0.570679 0.894668 0.879428 1.00829 1.03109 0.919317 0.734157 1.14613 0.810011 1.14202 
1106 0.115086	1.4356 1.38819 1.20983 1.2707 1.41025 1.19888 1.32455 1.18574 1.07765 1.13376 
1107 0.092535	1.04613 0.951052 0.937172 0.858145 1.02905 0.724745 0.759442 0.697268 0.945981 0.785171 
1110 0.0862857	0.599174 0.838362 0.945922 1.13429 1.04791 1.21833 0.787737 1.10372 0.779545 0.999339 
1111 0.142286	0.721987 0.840845 0.903447 0.7366 0.830166 0.970209 0.835833 0.81712 0.953799 1.12805 
1112 0.275429	1.20287 1.13951 0.990141 1.04497 0.990268 0.992621 1.03752 0.969702 1.08029 1.17126 
1113 0.0805714	1.32036 1.27503 1.12336 1.34644 1.07582 1.30106 1.35807 1.15674 1.16532 1.19208 
1114 0.116	2.20385 1.54285 1.19949 0.966943 0.929967 0.961954 1.25065 0.983724 1.38559 0.885932 
1115 0.101143	0.936864 1.23144 0.977261 1.00542 1.00959 1.14 1.04805 0.976299 1.02639 1.145 
1116 0.125714	0.683372 0.884213 1.05406 0.99233 1.01454 1.15909 0.970614 1.0391 0.981247 1.38459 
1117 0.0725714	0.410756 0.716644 0.728167 0.845804 1.03193 0.948407 0.659441 0.868845 0.792871 1.05316 
1120 0.116688	0.622248 0.849342 0.812094 0.928218 1.08049 0.932554 0.707132 1.06452 0.862624 1.10446 
1121 0.214555	1.71415 1.39425 1.11074 0.953628 0.846218 0.806298 1.1304 1.01522 1.25496 0.986131 
1122 0.0790464	0.832621 1.18466 0.882974 0.997626 1.13033 1.13931 0.878358 0.811119 0.871439 0.879365 
1123 0.097867	0.763075 1.22779 0.809395 1.14994 1.14856 1.00457 0.911893 1.17371 0.835841 0.957274 
1124 0.163112	1.05284 1.06201 0.8526 0.982625 0.976032 0.793503 0.878862 1.01476 0.999099 0.740143 
1125 0.0740276	1.07959 1.18441 0.839515 0.79014 0.944413 0.706182 0.911982 0.736099 1.12699 0.952759 
1126 0.148055	1.25191 1.15123 1.09324 1.23157 1.23011 1.15391 1.06599 1.32361 1.01156 1.16455 
1127 0.10665	1.0031 1.02472 1.01858 0.946391 1.03069 0.91549 1.12332 0.746059 1.30387 1.40743 
1130 0.0954617	1.67866 1.15197 1.04596 0.967084 1.07572 1.05267 1.25051 0.919947 1.15948 1.10071 
1131 0.209703	0.646742 0.865535 0.885309 0.7703 0.948996 1.00042 0.79744 0.653666 0.911975 1.05313 
1132 0.111111	1.31338 1.01389 1.12412 0.950996 0.889732 0.984398 1.10167 0.959774 1.06252 0.783778 
1133 0.0766823	2.54665 1.54474 1.3203 1.12125 0.943634 1.00253 1.49654 1.3528 1.47591 1.0848 
1134 0.27856	1.08406 1.00896 1.01018 1.03561 0.997868 0.963576 1.00589 1.08203 0.909782 0.858856 
1135 0.0704225	0.974783 1.13882 1.12885 1.19791 1.05398 1.33014 1.25914 1.3773 1.03165 0.912412 
1136 0.0641628	1.26349 1.12522 1.09682 0.932557 0.872632 0.829657 1.24779 0.931241 1.35901 0.977526 
1137 0.0938967	0.723955 1.02438 1.10061 1.34127 1.22957 1.44609 0.98745 1.61915 0.749644 1.0498 
1140 0.0791367	0.696398 1.0852 0.942353 0.871393 1.00011 0.899644 0.904128 0.8324 0.791132 1.18603 
1141 0.134892	0.956116 1.04252 1.07339 0.993143 1.10008 0.973126 1.04228 1.01024 1.07627 1.39602 
1142 0.246403	1.34691 1.44167 1.02847 1.0117 1.0755 0.964107 1.08465 0.877415 0.998341 0.953306 
1143 0.140288	0.639244 1.0355 0.963979 1.14195 1.07227 1.15834 0.970078 1.16708 0.834033 1.13345 
1144 0.057554	1.33855 1.25536 1.19928 1.16216 1.0692 1.14094 1.37294 1.31483 1.21588 1.18676 
1145 0.100719	2.33227 1.75006 1.13952 1.06675 1.03862 0.940741 1.41277 0.840783 1.19269 0.967635 
1146 0.0701439	0.827444 0.944935 1.30746 0.879491 0.983094 1.51087 1.30578 0.821431 1.11472 1.33352 
1147 0.170863	0.434489 0.813528 0.917179 1.16761 1.07156 1.36298 0.856965 1.10695 0.748694 1.20815 
1150 0.107653	0.855709 1.16763 0.994388 1.31777 1.13355 0.973727 0.954703 1.2889 0.818944 1.0382 
1151 0.0824222	0.610564 1.0569 0.904753 0.728906 0.776161 0.671995 0.804367 0.826431 1.01668 0.790364 
1152 0.0613961	0.570784 0.90739 0.86903 0.966528 0.912233 0.894967 0.830346 0.915132 0.886551 0.877055 
1153 0.127839	0.832065 1.02629 0.916848 0.968811 0.904031 0.898478 1.00846 1.03846 0.883396 0.875647 
1154 0.253154	0.89277 0.922176 0.981297 1.06525 0.978418 0.983419 1.02937 0.994362 1.06281 1.07003 
1155 0.186712	1.36674 1.2173 1.07971 1.02469 0.935221 1.01942 1.25362 0.953588 1.13172 1.21513 
1156 0.0555088	0.463588 0.845991 0.766189 1.0156 0.909282 0.755185 0.712259 1.16879 0.700112 0.778036 
1157 0.125315	2.00032 1.64395 1.19982 1.12736 1.01929 0.887958 1.4784 0.880924 1.4054 0.990293 
1160 0.0673913	0.736102 0.8598 0.930014 1.35758 1.26806 1.0256 0.904506 1.16427 0.805374 1.04799 
1161 0.0804348	0.723579 0.933033 0.792117 0.871002 1.00009 0.795518 0.755662 0.749439 0.779611 0.781203 
1162 0.171739	0.729657 0.897104 0.957134 1.06464 1.0074 0.954416 0.878594 1.08305 0.745478 0.765831 
1163 0.117391	1.53645 1.35513 1.1911 1.0147 1.09412 1.0522 1.48378 0.940259 1.17139 1.14459 
1164 0.213043	1.4034 1.27008 1.05964 1.14872 1.16057 0.977817 1.18027 0.956589 1.09253 1.08078 
1165 0.0891304	0.630046 0.8098 0.831323 1.01114 1.07276 0.936128 0.880822 0.872082 0.903364 1.08263 
1166 0.152174	1.31053 1.03125 0.957934 0.976795 0.960185 0.780098 1.03241 0.766159 1.15494 1.01212 
1167 0.108696	1.11322 1.10211 0.884356 1.07876 1.0564 0.666051 0.856284 0.830305 0.941318 0.729468 
1170 0.121029	1.30142 0.967757 1.18766 0.963274 1.07469 1.26382 1.37248 0.82929 1.3366 1.3021 
1171 0.214826	0.717248 0.952961 1.12437 0.969054 0.868355 0.99259 0.980581 0.998846 1.01547 0.955791 
1172 0.125567	0.548754 0.852039 0.997916 0.887952 0.867181 1.15281 0.759738 1.09613 0.688256 0.814643 
1173 0.0733737	1.5591 1.11478 1.16091 0.673401 0.750912 0.763113 1.04088 0.749903 1.33835 0.852655 
1174 0.16944	0.771058 0.771049 0.903339 0.770768 0.911037 0.908986 0.718089 0.70085 0.862431 0.867229 
1175 0.0582451	1.28417 0.901041 1.1158 0.916082 1.1041 1.0919 1.18283 0.813473 1.21586 1.20936 
1176 0.141452	1.35928 1.14534 1.19102 1.24767 1.19639 1.24441 1.21144 1.1677 0.944898 1.00154 
1177 0.0960666	1.17766 0.870977 1.10885 0.8771 0.971709 1.12853 1.04498 0.881696 0.991387 1.16175 
BOUNDS
LWPS R    0.0  0.0  0.0  0.0  0.0  0.0  0.0  0.0  0.0  0.0
UWPS R    0.5  0.5  0.5  0.5  0.5  0.5  0.5  0.5  0.5  0.5
LXAS R   -0.5 -0.5 -0.5 -0.5 -0.5 -0.5 -0.5 -0.5 -0.5 -0.5
UXAS R    0.5  0.5  0.5  0.5  0.5  0.5  0.5  0.5  0.5  0.5
END
