ASSETS 10
STAGES 4
COVARIANCE
81.68490515628612
4.193993278663958 2.177105868830279
-3.887249815261159 5.183278472377988 60.92471473256297
13.423302995018487 -0.503156395106714 7.506267408422189 24.148502973151867
-15.410108995947544 2.6554760969505624 25.29835875554238 -1.0787324515294234 23.479250036426063
26.855112438599168 4.725521711846188 23.55485299867943 7.878561899910377 3.2874776477086893 29.021898802936214
30.159911913858018 7.527360728712783 46.09864420398848 10.963678554001618 23.325182880889415 31.106847052515114 85.83534942428578
27.775934752135363 2.255989606927011 8.973376189026478 14.52438611533286 -17.601447281187465 11.747084560090798 -0.6269650980142558 78.34064480375606
-56.034389652992104 6.3574038734900435 88.21648735470528 -10.839868092038433 70.77223539274692 11.375056753076688 78.58046904063143 -60.060241977480665 243.68084072046165
-3.8028003334293956 3.0170008078887203 22.748594028728032 -0.150988243236786 15.291401474915043 4.9793798233920095 22.71491709069279 -0.9658879904534593 49.67836196331092 16.232248271616008
INITIAL
32.0482 27.69 80.65 47.14 52.39 55.89 89.74 50.18 74.35 46.1601
GROWTH
-0.008253953375028204 0.00029072281179942644 0.001479562731271864 -0.0002882625580024075 0.0017716151415620878 0.00023042436773532674 0.0010693977560563947 -0.001271408913653475 0.007746247627852606 0.0015193004818655077
BRANCHING
2 2 8 8
END
