NAME moment_estimation_cluster
ASSETS 10
BENCHMARKS 0.1 0.1 0.1 0.1 0.1 0.1 0.1 0.1 0.1 0.1 
COVARIANCES
0 0 0.00914595
1 0 0.00730072
1 1 0.0134608
2 0 0.00167791
2 1 0.0056239
2 2 0.00493974
3 0 0.00388953
3 1 0.00315433
3 2 0.0020998
3 3 0.00528582
4 0 0.00390309
4 1 0.00214848
4 2 0.000137572
4 3 0.00327546
4 4 0.00337793
5 0 4.96155e-05
5 1 0.000629553
5 2 0.00228925
5 3 0.00149347
5 4 0.000734336
5 5 0.00415524
6 0 -0.00119998
6 1 -0.00352282
6 2 -0.000749816
6 3 0.00132868
6 4 0.000828731
6 5 0.00134902
6 6 0.0024413
7 0 -0.00384676
7 1 -0.0115247
7 2 -0.00443391
7 3 0.00150608
7 4 0.00137084
7 5 0.00128895
7 6 0.00545377
7 7 0.0154712
8 0 -0.00303042
8 1 -0.00334172
8 2 0.000856264
8 3 0.000832613
8 4 -0.000326477
8 5 0.00333384
8 6 0.00248799
8 7 0.00492933
8 8 0.00485409
9 0 -0.00147488
9 1 -0.00457906
9 2 -0.00136847
9 3 0.000650065
9 4 0.000604354
9 5 0.00129464
9 6 0.00248174
9 7 0.00612024
9 8 0.00259018
9 9 0.00289334
SCENARIOS
0 0.49537	1.08744 1.07827 1.03851 1.06264 1.04356 1.01664 1.01017 0.978658 1.0109 0.996246 
1 0.50463	0.949 0.929679 0.960458 0.952625 0.973129 0.985865 0.997374 1.05924 0.987774 1.01232 
00 0.678624	0.949534 0.907652 1.00588 1.01888 0.998291 1.02883 1.04535 1.09157 1.0287 1.0318 
01 0.321376	1.00111 1.11105 1.01603 0.937135 0.97852 0.976468 0.930645 0.843782 0.909785 0.945642 
10 0.706755	1.04615 1.05176 1.05073 1.0486 1.01474 1.02275 1.05063 1.03804 1.03698 0.999239 
11 0.293245	0.923831 0.95221 0.940754 0.916736 0.944273 0.972785 0.980471 0.998183 0.983836 0.974255 
000 0.148734	0.98898 1.12852 1.06287 1.12013 1.02915 0.971378 1.01692 1.05823 1.01893 1.001 
001 0.0671089	0.830407 0.805097 0.911074 0.937389 0.932242 0.993727 1.04054 1.21889 1.08678 1.08038 
002 0.168337	0.935041 0.908949 0.896031 0.8614 0.92113 0.942772 0.977469 0.99539 1.00317 1.00949 
003 0.066157	0.880471 0.805878 0.886097 1.038 1.01958 1.11414 1.08091 1.36267 1.15186 1.15663 
004 0.180742	1.23235 1.14805 0.964403 1.11361 1.1413 0.997763 0.970078 0.982135 0.956429 0.996286 
005 0.116905	1.05526 0.960269 0.918062 1.00355 1.05298 0.958183 1.02964 1.0832 0.972152 1.03847 
006 0.094238	0.89574 1.02464 1.02666 0.964303 0.958682 1.01468 1.01891 0.975675 1.05201 1.02549 
007 0.157777	1.0255 1.24129 1.10583 0.991573 0.948539 0.993315 0.936851 0.836431 1.02728 0.914646 
010 0.121608	1.04369 1.16713 1.15332 1.03304 0.958247 1.07196 0.937652 0.89419 1.0098 0.905692 
011 0.0952889	0.973036 0.846401 0.895361 1.08092 1.0718 1.03775 1.05865 1.29015 1.10128 1.06975 
012 0.097299	0.829706 0.839832 0.966325 0.855029 0.867073 1.02655 1.0023 1.0734 1.08854 1.01112 
013 0.159296	0.942776 0.954434 1.04415 1.02822 0.964848 1.01733 1.02153 1.15788 1.09961 1.01601 
014 0.0552764	1.33252 1.26304 1.12432 1.2306 1.16076 1.00468 0.996123 0.905717 0.985002 0.953541 
015 0.125188	1.15016 1.14495 1.02961 1.07589 1.05444 0.954769 0.961561 0.912553 0.904612 0.938204 
016 0.124058	1.06089 1.00694 0.962743 1.06973 1.10569 0.998124 1.05861 1.13035 1.04822 1.05262 
017 0.221985	1.00324 0.895987 0.903469 0.930456 0.958156 0.909697 0.961818 1.08284 0.946028 0.975453 
100 0.0961727	0.809772 0.776815 0.965133 0.875569 0.887315 0.991702 1.01927 1.0881 1.10221 1.07011 
101 0.0661433	0.978479 0.73045 0.823328 0.927554 1.02837 1.0214 1.03138 1.20685 1.06558 1.11819 
102 0.157437	1.19137 1.18262 1.01242 1.10782 1.1325 1.04415 0.938209 0.963663 0.915791 0.961223 
103 0.0558811	0.977594 0.991182 0.915613 0.873868 0.938035 0.864454 0.896964 0.85356 0.84121 0.926069 
104 0.17555	1.03457 0.966416 0.971833 1.06278 1.04709 0.976859 0.978845 1.02602 0.997192 1.018 
105 0.144848	0.861788 0.823354 0.997552 1.05467 0.985568 1.04302 1.05225 1.16708 1.11692 1.10195 
106 0.100014	0.992284 0.86787 0.892481 0.969933 1.03131 0.987617 0.980908 1.01814 0.975257 1.05123 
107 0.203953	0.966274 1.10498 1.09344 0.960415 0.93131 0.978469 0.88436 0.803578 0.978475 0.935191 
110 0.236924	1.18007 1.17224 0.99345 0.981425 1.04773 0.88399 0.939332 0.808368 0.909345 0.96506 
111 0.246655	1.09022 0.914303 0.95199 1.06381 1.08713 0.955606 1.08077 1.09662 1.0094 1.10012 
112 0.0752804	0.973163 1.17454 1.17936 0.902146 0.903869 1.06428 0.944325 0.768425 1.05063 0.924432 
113 0.0504122	0.854296 0.847858 1.06053 1.06066 0.988621 1.18707 1.16517 1.24078 1.27932 1.14677 
114 0.0761589	0.838193 0.809987 0.938684 0.866406 0.89178 0.988961 1.01104 1.08202 1.08369 1.05031 
115 0.0837951	0.871533 0.720032 0.897996 0.937837 0.978588 1.02721 1.11823 1.28503 1.11239 1.16002 
116 0.071834	0.916921 0.899931 0.99445 0.929226 0.926581 0.936804 0.989964 1.00041 0.967551 1.00291 
117 0.15894	0.993016 1.09745 1.1112 1.00061 0.955498 1.09701 0.977924 0.880912 1.03882 0.990292 
0000 0.0658	1.14133 0.912993 0.894482 1.01366 1.04438 0.916249 1.00154 0.997429 0.938051 1.00978 
0001 0.14	0.993496 0.949768 1.04339 0.997179 0.955965 1.04672 1.00689 0.941 1.04747 1.01469 
0002 0.1122	1.09093 1.00938 0.938401 0.941103 0.98597 0.985602 0.95148 0.893817 0.93305 0.963695 
0003 0.1004	1.19662 1.06695 0.982358 1.00154 1.06036 0.993142 0.970347 0.876448 0.90529 0.954099 
0004 0.1314	1.26344 1.24572 1.09856 1.04559 1.05364 1.04434 0.910857 0.764746 0.939564 0.939538 
0005 0.1352	0.953658 0.882 1.00342 0.900404 0.9075 1.03307 0.965424 0.852541 1.01319 0.972289 
0006 0.209	1.10843 1.03641 1.08678 1.14203 1.09415 1.10303 1.0546 1.10505 1.07188 1.09739 
0007 0.106	0.962014 0.794909 0.887999 0.887517 0.947338 0.944045 0.995268 1.11484 0.963668 1.03234 
0010 0.148493	1.19235 1.07869 0.954061 1.09721 1.09672 1.00986 1.01477 1.00871 0.98773 1.00872 
0011 0.0620567	1.05952 1.19439 1.05153 1.14803 1.06704 0.951179 1.03741 0.964942 0.949913 0.989175 
0012 0.0744681	0.856501 0.832208 0.998987 0.862667 0.87509 1.0143 1.03489 1.08143 1.12194 1.06698 
0013 0.124557	0.876934 1.10127 1.12969 1.05242 0.977207 1.00852 1.03448 0.895752 1.02175 0.974343 
0014 0.180408	0.960364 1.03856 0.978766 0.932966 0.948817 0.94344 0.971494 0.919409 0.963334 0.941421 
0015 0.120567	1.02065 1.11925 1.01495 0.994529 1.00866 1.0426 0.985522 0.888885 1.03237 0.997561 
0016 0.152482	0.94219 0.812539 0.896334 0.949792 1.0255 0.947943 1.07595 1.23111 1.00823 1.1158 
0017 0.136968	0.948373 0.881471 0.920798 1.0382 0.99007 0.981045 1.05566 1.19515 1.03411 1.06476 
0020 0.135006	1.03906 1.17673 1.13538 1.06502 1.06126 1.11328 0.96564 0.924606 1.00798 0.970794 
0021 0.0581375	0.894704 0.964332 0.929713 0.932331 0.924976 0.879546 0.958578 1.03065 0.940963 0.965886 
0022 0.201802	1.00161 1.15131 1.00426 0.974618 1.0006 0.871784 0.930211 0.889635 0.861622 0.929551 
0023 0.0735112	0.767851 0.852566 0.985801 0.876748 0.868015 0.942682 0.955582 1.00003 1.0221 0.995919 
0024 0.100371	1.18545 1.13648 0.956415 1.09863 1.14396 0.900977 0.99933 1.02982 0.87961 1.00723 
0025 0.112564	0.92358 0.90093 1.07676 1.01681 0.977466 1.13497 1.00587 1.04563 1.08695 1.04124 
0026 0.103022	1.12029 1.19936 1.06679 1.1721 1.07551 1.00955 0.965135 0.987838 0.924144 0.962481 
0027 0.215586	0.964693 0.85115 0.932516 0.967885 1.02726 1.03857 1.06782 1.16194 1.00687 1.08232 
0030 0.056205	1.17407 1.07563 1.08614 0.982142 1.04652 1.01562 1.06478 1.01604 1.03527 0.983425 
0031 0.0867806	0.968585 0.860055 0.871892 0.837099 0.989808 0.925108 1.02419 1.12926 0.995378 1.07953 
0032 0.268885	1.00866 0.957607 0.971687 1.00347 1.06039 0.920798 1.09351 1.08739 0.972667 1.00621 
0033 0.118705	1.04335 0.95515 1.15428 1.08297 1.01861 1.11863 1.08566 1.08981 1.18654 1.09165 
0034 0.102068	0.924188 0.9477 0.909885 0.901378 0.962723 0.844662 0.988427 0.984609 0.9228 0.991819 
0035 0.174011	0.865098 1.11739 1.1662 0.952971 0.95792 1.02172 0.99509 0.901956 1.04534 0.944337 
0036 0.11241	1.07857 1.13268 1.12173 1.17911 1.08842 0.988405 1.13096 1.01443 1.00353 1.01178 
0037 0.0809353	0.925617 0.827401 0.978671 0.931022 0.980371 1.02603 1.08584 1.2317 1.09615 1.0594 
0040 0.154872	1.03875 1.09464 1.01443 1.02681 1.046 0.951404 0.989052 1.02589 0.98721 1.0029 
0041 0.0651745	0.869562 0.87145 0.947806 0.91589 0.963532 0.951483 1.05917 1.20006 1.06919 1.08682 
0042 0.0847597	0.992477 1.19794 1.12389 1.04644 0.990184 0.989473 0.999052 0.886369 0.903412 0.932908 
0043 0.0748848	0.842956 0.734654 0.849152 0.877052 0.955604 0.974192 1.04691 1.32021 1.00924 1.06342 
0044 0.129855	1.11279 1.13943 1.10404 1.19459 1.12119 1.02924 1.08934 1.12685 1.07157 1.04536 
0045 0.287525	0.955779 1.05588 1.04299 0.898811 0.920223 1.01706 0.928116 0.932521 0.944055 0.936226 
0046 0.0956221	0.972434 0.867622 0.987812 1.06685 1.06603 0.958229 1.16455 1.39933 1.03598 1.14023 
0047 0.107307	0.975189 0.916568 0.879006 0.97794 1.00825 0.958332 1.04977 1.20509 1.01017 1.06455 
0050 0.165649	0.938454 0.909161 0.853426 0.948634 1.03024 0.98791 1.01484 1.14676 1.02394 1.03767 
0051 0.0577608	1.0695 1.18504 1.19353 1.1643 1.06189 1.08745 0.962877 1.02898 1.102 0.955548 
0052 0.210433	0.86392 0.948627 1.01772 1.04504 0.989586 1.11197 1.05293 1.13205 1.1192 1.05868 
0053 0.138931	1.0654 1.15697 1.05964 1.06593 1.02455 0.994467 0.96851 0.850128 0.952139 0.956288 
0054 0.10687	0.985841 0.883603 0.954873 1.14475 1.10382 1.09585 1.05096 1.21968 1.0254 1.05521 
0055 0.078117	0.830725 0.924629 0.960319 0.878554 0.903274 0.967497 0.929796 0.969053 1.03837 0.986208 
0056 0.111705	0.939172 1.12428 1.08075 0.973729 0.946611 1.06999 0.953817 0.971506 1.06039 0.966016 
0057 0.130534	1.04667 1.03824 0.938163 0.991687 0.982897 0.883437 0.94673 0.963362 0.925267 0.960757 
0060 0.187816	0.97875 0.914637 0.931282 0.938088 0.96819 0.916684 0.944276 0.97303 0.967606 0.996648 
0061 0.117424	0.989064 1.03281 1.01995 0.989566 0.945844 0.936851 0.944442 0.936847 0.966344 0.949714 
0062 0.0849116	1.12291 0.997319 0.95345 0.928535 1.00875 1.04533 0.915525 0.93515 0.94015 0.944753 
0063 0.0587121	0.978804 0.942959 1.02386 1.10064 1.04909 1.06457 1.04547 1.31144 1.10794 1.06429 
0064 0.146149	1.21322 1.15763 1.0599 1.03615 1.01212 1.06606 0.940718 0.975454 0.970326 0.972635 
0065 0.157828	1.17393 0.991617 0.944472 1.03847 1.06533 0.968854 0.987849 1.02778 0.904285 0.982231 
0066 0.167614	0.939225 0.831117 1.02283 0.923494 0.928567 1.13267 1.02429 1.10322 1.12121 1.04005 
0067 0.0795455	1.22306 1.1591 1.03255 1.1294 1.09824 0.977751 0.978982 0.994385 0.964731 0.984114 
0070 0.118778	0.776495 0.805738 0.958305 0.864333 0.902866 0.966861 1.04577 1.05069 0.994709 1.0495 
0071 0.174397	1.10395 1.05028 0.995456 1.02918 1.05181 1.02139 0.988636 0.959726 0.911984 1.00383 
0072 0.113876	0.969119 0.85627 0.978508 1.03341 1.03999 1.05423 1.03618 1.28221 1.09211 1.14367 
0073 0.076546	0.940956 1.04653 1.04258 0.874586 0.913265 0.927286 0.892689 0.736095 0.874566 0.913939 
0074 0.0999246	1.09487 1.08607 1.11142 1.18184 1.12486 1.08074 1.03913 1.01424 0.970924 1.05315 
0075 0.135935	1.03283 0.915919 0.930712 0.94767 0.973762 0.98826 0.937852 0.96892 0.919838 0.98997 
0076 0.10954	0.825644 0.864293 1.08518 0.974506 0.926814 1.07741 1.03511 1.07895 1.0833 1.05976 
0077 0.171003	1.11059 1.17091 1.1188 1.0446 1.04377 1.0674 0.992242 0.908992 0.979373 1.01609 
0100 0.104339	0.806503 0.816733 0.946541 0.897448 0.938137 1.04874 1.07126 1.12257 1.08881 1.13636 
0101 0.198347	1.00151 0.955057 0.973276 0.992384 0.986818 0.941973 1.0037 0.983708 1.02497 1.05325 
0102 0.114153	1.17494 1.22731 1.05847 1.0625 1.04516 0.962186 0.935526 0.902868 0.915667 0.967912 
0103 0.266012	1.03313 1.03277 0.966531 0.912723 0.979292 0.936291 0.936155 0.798404 0.934607 0.979085 
0104 0.0666322	1.0361 0.861182 0.942448 0.975208 1.02178 0.991593 1.05678 1.03827 0.993927 1.11154 
0105 0.0940083	0.948325 1.06659 1.17354 0.970438 0.90657 1.13996 1.02862 0.89284 1.13121 1.00615 
0106 0.0563017	1.09073 1.21972 1.124 1.19944 1.12599 1.11388 1.02875 0.800281 1.12052 0.996234 
0107 0.100207	1.04738 0.978877 1.02801 1.11209 1.06797 0.957315 1.1051 1.09677 1.07646 1.09787 
0110 0.0659196	0.905452 0.953853 1.00947 0.923649 0.916136 0.881106 0.993954 0.942866 0.956061 0.994134 
0111 0.0810811	0.77428 0.843286 0.994008 0.878255 0.883155 1.0563 1.0586 1.0404 1.12071 1.04576 
0112 0.26236	0.987261 1.13167 1.1263 1.11451 1.04881 1.12888 1.09689 0.980606 1.10967 1.04211 
0113 0.0758075	0.954235 0.958652 0.938851 0.946272 0.976851 0.946914 1.05911 1.09611 0.990495 1.04974 
0114 0.174028	1.12026 1.18183 1.09996 1.00144 0.979803 0.974954 0.956234 0.769252 0.896544 0.907138 
0115 0.113382	0.965238 0.99476 1.02606 1.02444 0.960068 1.02623 1.09354 1.03043 1.02056 1.05274 
0116 0.110086	1.062 1.0269 0.92583 1.02328 1.05807 0.846313 0.999103 0.93521 0.82976 0.963176 
0117 0.117337	0.933105 0.820976 0.943202 0.925989 0.984911 0.951434 1.06035 1.1896 1.0142 1.05893 
0120 0.082634	0.869704 0.823928 0.863575 0.879212 0.945617 0.831919 0.965924 1.05023 0.90299 1.01299 
0121 0.180762	0.998968 0.770634 0.881011 0.991519 0.985071 0.95116 1.05142 1.26107 1.06949 1.06962 
0122 0.0684312	1.02203 0.998096 0.904423 1.08421 1.0732 0.803676 1.00901 1.08637 0.928452 0.99037 
0123 0.104584	0.941315 1.03702 1.01576 0.863246 0.903791 1.02348 0.969995 0.858768 0.979335 0.989952 
0124 0.0645578	1.05907 1.03057 1.02915 1.15334 1.1407 1.09158 1.09522 1.08129 1.08427 1.0658 
0125 0.174952	0.925781 1.07201 1.03485 1.00321 0.993005 1.01483 0.932387 0.936674 1.02453 0.957339 
0126 0.10071	1.12762 1.16734 0.994554 0.967858 1.01544 0.868993 0.848735 0.711128 0.807133 0.867824 
0127 0.22337	1.0243 1.21973 1.11647 1.07105 0.981578 0.955471 0.940359 0.854242 0.989705 0.952971 
0130 0.0611199	0.898732 0.967169 0.984365 0.900549 0.88117 0.901109 0.913073 0.771985 0.949524 0.953602 
0131 0.108438	1.01302 1.11209 1.0818 1.06064 1.05707 1.17149 1.0371 1.0213 1.1188 1.01379 
0132 0.0626972	1.12807 1.16747 1.08458 1.17897 1.13736 1.0059 1.01641 0.925366 0.967723 1.01736 
0133 0.0871451	0.882946 0.879376 1.0062 0.93609 0.931864 1.05871 1.0563 0.990818 1.05373 1.03621 
0134 0.250394	0.980453 0.997251 0.985133 1.0668 1.04828 1.02419 1.05345 1.01922 1.00535 1.03342 
0135 0.161672	0.890558 0.749964 0.906817 0.910845 0.948237 0.979328 1.12171 1.13884 1.04303 1.09205 
0136 0.199527	0.986043 1.11033 1.06053 0.966049 0.980113 0.935981 0.952999 0.829577 0.905027 0.918591 
0137 0.0690063	0.895774 0.995913 1.09071 0.947688 0.917741 1.02869 0.988882 0.91001 1.0689 1.00905 
0140 0.1625	1.05333 0.933177 0.937372 1.08824 1.09568 1.17979 1.09697 1.24249 1.04466 1.11171 
0141 0.0715909	1.10264 1.05566 0.932714 1.03334 1.09073 1.11672 0.995875 1.0162 0.967951 1.012 
0142 0.256818	0.932495 1.07184 1.02234 0.952031 0.941197 1.01852 0.946845 0.853438 0.989374 0.933785 
0143 0.0681818	1.12771 1.29049 1.02173 1.0221 1.0065 0.968534 0.88476 0.800366 0.795069 0.895003 
0144 0.0863636	0.954966 0.893301 1.02647 1.0247 0.937247 1.08343 1.0587 1.09585 1.02001 1.08995 
0145 0.222727	0.89201 0.784029 0.835236 0.969145 0.986043 1.02121 1.11549 1.25159 1.08524 1.09935 
0146 0.0579545	0.929471 1.08503 1.15305 1.05695 0.981703 1.15069 0.998133 0.952742 1.03428 0.968311 
0147 0.0738636	1.05736 1.27223 1.13648 1.10253 1.06562 1.15374 0.978407 0.862309 1.02268 0.97256 
0150 0.152534	1.09881 0.965186 0.917372 0.931509 0.973906 0.906097 0.954407 1.02423 0.883322 0.966171 
0151 0.0737582	0.832358 0.841391 0.89079 0.855392 0.89519 0.985539 1.02885 1.06543 1.08096 1.0246 
0152 0.204717	1.11298 1.05466 1.08799 1.08594 1.05007 1.05819 1.0183 1.11589 1.08911 1.04847 
0153 0.155043	0.993413 0.918352 0.957068 0.957246 1.03068 0.99679 1.06743 1.13314 1.0494 1.05351 
0154 0.102358	0.962425 0.831062 0.904983 1.00034 0.98456 0.991286 1.0806 1.20666 1.05584 1.11295 
0155 0.0441545	0.93087 1.07302 1.07305 0.928763 0.91907 1.06998 0.934939 0.747568 0.996489 0.907611 
0156 0.174109	0.993881 1.10607 1.08328 1.01471 1.00393 1.04667 1.00316 0.937424 1.08157 0.961335 
0157 0.0933266	0.910637 0.903782 0.940575 0.96107 0.951421 1.00082 1.03384 0.977568 1.05065 0.998189 
0160 0.173671	1.1956 1.14867 1.03714 1.01836 0.983612 0.96031 0.917318 0.792709 0.837646 0.909758 
0161 0.078481	1.24826 0.961878 0.860264 1.06494 1.08782 0.895582 0.965823 1.13655 0.877533 0.999708 
0162 0.076962	1.247 1.09712 0.992426 1.19617 1.12169 1.07433 1.00712 1.08309 1.02789 1.03049 
0163 0.134684	1.16987 1.0766 1.06995 1.04111 1.0351 1.1448 0.993203 1.04637 0.962535 1.00091 
0164 0.128608	0.958643 0.933135 1.00965 0.959106 0.907273 1.0528 1.00389 1.08003 1.0295 0.995541 
0165 0.0708861	1.10586 0.808749 0.912 1.03726 1.05844 1.09872 1.02818 1.24872 1.06687 1.07727 
0166 0.0916456	0.972794 0.85018 1.0772 1.01662 0.954987 1.09642 1.01554 1.09242 1.14986 1.05178 
0167 0.245063	0.999357 0.900777 0.924876 0.90334 0.967096 0.928014 0.956654 0.997139 0.884618 0.973509 
0170 0.0970572	0.927727 0.953369 0.971016 0.863955 0.897137 0.938374 0.942527 0.905245 1.01576 1.00436 
0171 0.149123	1.00925 1.20658 1.0749 1.02142 1.02966 1.05412 1.01786 0.875922 0.975423 1.00879 
0172 0.131013	0.858516 0.741781 0.883254 0.937959 0.962625 0.986282 1.12976 1.20256 1.08649 1.14151 
0173 0.10017	1.0697 1.05597 0.965714 1.12107 1.15584 1.0477 1.03373 0.963869 1.00064 1.02511 
0174 0.0667799	1.02814 1.08516 1.03028 1.076 1.06396 1.05928 1.07718 1.02976 1.03651 1.02507 
0175 0.0885682	1.09807 1.35785 1.11022 0.962368 0.969135 0.938216 0.908963 0.640244 0.893321 0.867762 
0176 0.237974	0.959551 0.960721 0.997753 0.993086 0.98994 1.00486 1.02764 0.962799 1.03954 0.973445 
0177 0.129315	0.97647 0.898279 0.957104 1.01496 1.06078 1.04558 1.08013 1.13502 1.12571 1.09942 
1000 0.121283	1.09916 1.11237 0.958594 1.12353 1.07151 0.944535 1.0171 1.07261 0.941991 0.979254 
1001 0.159184	0.889079 0.969155 0.955547 0.928989 0.933088 1.02975 0.956497 1.0685 1.06724 0.991465 
1002 0.117201	1.02811 1.07096 0.915339 1.01865 1.05814 0.888172 0.939567 0.879443 0.839202 0.935501 
1003 0.0825073	0.959845 0.94492 1.04302 1.0571 1.06246 1.26043 1.05865 1.15322 1.19125 1.08949 
1004 0.194461	1.02638 0.947729 0.908264 1.02343 1.03727 0.991484 1.04569 1.12314 1.04442 1.04341 
1005 0.100875	1.09355 1.01392 1.0094 1.16455 1.10204 1.10393 1.06484 1.1669 1.07723 1.06196 
1006 0.136735	1.04573 1.19155 1.03535 1.01776 0.930726 0.917582 0.922833 0.777669 0.922999 0.90378 
1007 0.0877551	0.961329 1.12499 1.03847 0.890158 0.94452 1.03385 0.876181 0.79854 0.949103 0.906323 
1010 0.164053	0.942101 1.12361 1.06581 0.904012 0.942362 1.00877 0.951319 0.927187 0.924843 0.971385 
1011 0.0830861	1.10931 1.16766 1.06545 1.07005 1.04937 0.873636 0.953699 0.919023 0.875592 0.970769 
1012 0.224248	0.835818 0.917614 0.908457 0.951108 0.958887 0.916108 1.02899 1.12499 0.975666 1.02335 
1013 0.0568037	1.05988 1.12646 0.915824 1.15207 1.1565 0.85486 1.03061 1.1851 0.91971 1.02028 
1014 0.103434	0.854831 0.8525 1.0184 1.11508 1.08779 1.08977 1.17973 1.26347 1.13204 1.15723 
1015 0.0627384	0.958595 0.952819 0.896118 0.965588 1.02866 0.947903 1.01761 1.10576 0.921972 1.02085 
1016 0.0716405	1.03229 1.12235 0.997805 0.980019 0.982552 0.886268 0.904444 0.83961 0.882868 0.940615 
1017 0.233997	0.9787 1.03385 1.03426 1.05045 1.01062 0.933137 1.02968 1.03532 0.972586 1.0064 
1020 0.0968833	0.933274 0.930545 0.889209 0.896377 0.930435 0.807299 0.981762 0.941418 0.900086 0.985933 
1021 0.0648264	1.04893 1.32065 1.28662 1.11195 0.995185 0.972949 0.975457 0.74383 0.995205 0.956636 
1022 0.182725	1.07597 1.10315 1.14666 1.03 0.966169 1.11303 0.984112 0.8096 1.0782 0.992543 
1023 0.158148	0.964509 1.06058 1.0561 0.891715 0.887749 0.946723 0.908568 0.755173 0.953872 0.950287 
1024 0.172573	0.943564 0.885247 0.93873 0.947919 1.00076 0.905536 1.06288 0.956258 1.05527 1.06314 
1025 0.0730187	1.20694 1.23087 1.04711 1.04202 1.05077 0.819436 0.921193 0.732995 0.863698 0.912262 
1026 0.186465	1.05375 0.854435 0.935433 1.02601 1.0571 1.02327 1.13968 1.1938 1.09737 1.14724 
1027 0.0653606	1.10673 0.989341 0.98938 1.19235 1.13458 0.955509 1.08741 1.06802 1.10119 1.10082 
1030 0.0481686	1.10313 1.01522 0.987031 1.13991 1.11052 0.968982 1.01239 1.09495 1.06124 1.03006 
1031 0.148018	1.12244 1.08339 0.923786 1.03559 1.06678 0.954778 0.966112 0.982767 0.943212 0.958073 
1032 0.223783	0.998526 1.05367 0.976816 0.908756 0.970574 1.03361 0.953094 0.882137 0.985191 0.962573 
1033 0.0592072	0.936175 1.0273 1.10295 0.949332 0.924064 1.17822 1.05052 0.937481 1.19998 1.0227 
1034 0.0827898	0.80013 0.809551 0.950438 0.85831 0.9133 1.08881 0.991567 1.05763 1.06758 1.0339 
1035 0.127446	0.918903 0.841182 0.926804 1.06707 1.07177 1.0922 1.05663 1.25388 1.16143 1.08237 
1036 0.131962	1.08042 1.21904 1.1127 1.08056 1.07718 1.0763 0.966853 0.787993 1.02071 0.970035 
1037 0.178625	0.945023 0.903099 1.00696 0.960867 0.982669 1.01737 1.02127 1.02726 1.10085 1.07873 
1040 0.15908	0.988547 1.13143 1.04841 0.990721 0.992348 0.999596 0.971214 0.832851 0.950088 0.939856 
1041 0.201885	0.977468 1.03773 0.933467 0.899732 0.957626 0.944217 0.92927 0.824403 0.916042 0.93956 
1042 0.0603737	1.10605 0.946295 0.859805 1.02682 1.15996 0.981779 1.04698 1.2398 0.972602 1.06174 
1043 0.125858	0.984145 0.960012 1.01058 0.963174 0.991313 1.12884 1.07114 1.04093 1.13248 1.06966 
1044 0.205239	0.966969 0.927003 0.939194 1.04579 1.06642 1.00574 1.08773 1.15738 1.085 1.07352 
1045 0.0595751	1.08393 1.11797 1.06988 1.17642 1.11214 1.01736 0.998693 0.985974 0.995413 0.978987 
1046 0.0905606	0.951681 0.96921 1.12386 1.01111 0.938029 1.02415 1.04028 1.05307 1.13941 1.06044 
1047 0.0974285	1.08479 1.23207 1.04628 0.952296 1.01332 1.0695 0.897174 0.780822 0.923357 0.936607 
1050 0.0627178	0.959877 0.846196 0.849251 1.02125 1.01379 0.896309 1.0237 1.25654 1.01287 1.04942 
1051 0.1235	0.985164 1.23422 1.12767 0.993366 0.953809 1.03056 0.953194 0.807009 1.00979 0.904275 
1052 0.105691	1.17934 1.17259 1.07192 1.06184 1.09102 1.0654 1.04451 0.966306 1.01677 1.00874 
1053 0.170345	1.13819 1.08336 0.952853 1.07963 1.07568 0.980263 1.03009 1.07835 1.02382 1.02324 
1054 0.0665892	1.00474 1.02999 1.09898 1.16454 1.05288 1.22054 1.10499 1.1343 1.23272 1.11272 
1055 0.0514905	0.78281 0.833927 1.06868 0.94726 0.90812 1.10726 1.07747 1.14746 1.21249 1.07999 
1056 0.204026	0.958682 0.870358 0.896643 0.960382 1.0293 1.01046 1.03609 1.27592 1.0675 1.08826 
1057 0.215641	0.914839 0.978085 0.994148 0.875389 0.937602 1.04441 0.982992 0.953822 1.03931 0.995789 
1060 0.0871881	1.18364 1.23826 1.08713 1.02442 1.02728 1.0166 0.902139 0.923803 0.934855 0.90728 
1061 0.0877488	0.947969 0.962333 1.00783 0.943663 1.002 1.08291 1.02949 1.0233 1.08802 1.05045 
1062 0.206897	0.918521 1.06869 1.07872 0.997127 0.941899 0.944668 0.964028 0.929312 1.03763 0.952655 
1063 0.132324	1.12294 1.09059 1.05919 1.09974 1.08784 1.12892 1.07407 1.20873 1.05597 1.06185 
1064 0.154752	1.11524 1.03292 0.945773 1.02993 1.08288 0.946788 0.972324 1.1519 0.986144 1.00233 
1065 0.166807	1.03642 1.0931 1.00208 0.923366 0.942875 0.867954 0.971884 0.886722 0.879246 0.932403 
1066 0.0992431	0.864561 0.923491 0.979746 0.945242 0.91884 0.928615 1.00163 1.09386 1.00834 0.99384 
1067 0.0650407	0.900513 0.797536 0.89794 0.973562 1.01216 0.910573 1.11092 1.33059 1.03792 1.0778 
1070 0.112593	1.17217 1.26662 1.044 0.968858 1.01723 0.940339 0.934427 0.793731 0.868341 0.902865 
1071 0.101045	1.00734 1.10877 1.00696 0.994053 0.959748 0.919086 0.956107 0.812595 0.841933 0.947446 
1072 0.14325	1.20018 1.20443 1.04297 1.11476 1.09914 1.04706 1.0718 0.989954 1.00077 0.988376 
1073 0.0969205	1.03083 0.98193 0.876298 0.957674 1.00574 0.972218 0.955879 0.938202 0.90098 0.970946 
1074 0.0783613	0.802896 0.878033 0.935913 0.828814 0.899542 1.03166 1.02647 0.96818 1.06987 1.01022 
1075 0.0782238	0.860776 1.10185 1.17032 1.08861 1.00249 1.10868 1.08613 0.985212 1.11877 1.02858 
1076 0.244845	0.944807 0.929811 0.969363 1.05683 1.07346 1.03449 1.11824 1.15266 1.02791 1.04212 
1077 0.144762	0.908025 0.934099 1.01986 0.975093 0.942921 1.08886 1.08067 0.986406 1.10098 1.06357 
1100 0.118654	0.828317 0.768512 0.886921 0.916938 0.950617 1.05295 1.09092 1.31022 1.11761 1.07831 
1101 0.0869937	1.05988 1.16864 1.05014 1.08351 0.986277 1.02576 0.909376 0.88983 0.906946 0.874492 
1102 0.125214	0.980847 1.01628 1.10856 0.988078 0.977925 1.09242 0.968957 0.934373 0.977322 0.997452 
1103 0.298346	0.987738 0.886931 0.917602 0.97089 0.96568 0.99395 1.00064 1.03561 0.890065 0.995487 
1104 0.09498	0.901855 0.955237 1.07595 1.0581 0.968178 1.08469 1.03945 1.13024 1.14927 1.02315 
1105 0.141757	0.927433 0.817559 0.943991 1.07767 1.03855 1.01676 1.12627 1.34631 1.08232 1.09101 
1106 0.0604678	1.07682 1.12437 1.09685 0.953272 0.962502 1.14947 0.917945 0.786525 0.919592 0.90932 
1107 0.0735881	1.15799 1.27608 1.13115 1.09163 1.0569 0.994817 0.909494 0.850591 0.923512 0.911795 
1110 0.0556164	0.892027 0.746182 0.899816 0.956844 0.984829 1.10098 1.09035 1.35571 1.16928 1.12063 
1111 0.243836	0.971967 1.04993 1.06586 1.06689 1.01336 1.08578 0.964974 1.02269 1.04429 0.980754 
1112 0.15589	0.931916 1.02067 0.986194 0.951702 0.956272 0.985613 0.948574 1.05351 0.983549 0.948806 
1113 0.117534	1.11097 0.932639 0.866957 0.998323 1.04926 0.887176 0.939374 1.15002 0.904943 1.00667 
1114 0.0808219	0.878034 0.801479 0.888517 0.898354 0.939427 1.06124 0.991985 1.16295 1.02388 1.05067 
1115 0.0693151	1.10597 1.1764 0.971552 1.14396 1.1625 0.958579 1.01609 1.05733 0.935967 0.962235 
1116 0.18	1.24447 1.18076 1.07133 1.08999 1.08725 1.15097 0.944431 1.02707 1.04121 0.986582 
1117 0.0969863	0.968956 1.0474 1.05795 0.909964 0.90478 1.0754 0.9474 0.904962 1.05538 0.937257 
1120 0.0493716	1.03505 0.981868 1.0466 1.15407 1.11485 1.11572 1.01582 1.08964 1.08776 1.0859 
1121 0.20018	1.03628 0.895814 0.886034 0.894442 0.927042 0.897338 0.946217 0.973503 0.899936 0.992364 
1122 0.059246	1.12123 1.31361 1.17611 1.14131 1.00642 1.05853 0.882771 0.758279 0.966903 0.879414 
1123 0.121185	0.928267 0.931673 0.986287 0.951874 0.929528 0.957816 0.95675 0.923204 0.983525 1.02338 
1124 0.152603	0.837764 0.75754 0.873071 0.978148 0.999129 0.996584 1.07957 1.2114 1.02503 1.15375 
1125 0.236086	1.02641 1.07234 0.974753 0.996017 1.01582 0.939096 0.953008 0.910185 0.889019 0.943412 
1126 0.0888689	1.23165 1.27336 1.08073 1.08326 1.0719 0.985105 0.913305 0.7502 0.906407 0.918511 
1127 0.0924596	1.06117 1.0968 0.972322 0.948105 1.02707 0.934 0.947398 0.81367 0.837399 0.981993 
1130 0.261394	1.08653 0.981 1.00134 1.05035 1.04813 0.940119 0.95187 1.01508 0.95812 0.978306 
1131 0.131367	1.03578 0.918637 0.991827 0.861594 0.906746 0.989176 0.939585 0.963347 0.989151 1.01658 
1132 0.126005	0.980494 0.88594 0.904467 0.914129 0.959143 0.837325 0.963806 1.0942 0.958672 1.02146 
1133 0.100536	1.28321 1.14292 1.13705 1.12251 1.07339 1.0518 1.01299 0.976291 1.01633 1.02498 
1134 0.116622	0.986014 0.847084 1.06146 1.01265 0.998201 1.09032 1.02215 1.2416 1.10888 1.03894 
1135 0.0857909	0.867417 1.1126 1.10519 0.925596 0.896734 0.975121 0.884073 0.750489 0.93191 0.88102 
1136 0.0630027	1.25151 0.9278 0.879463 0.952799 1.08647 0.984585 1.02208 1.15633 0.964294 1.08433 
1137 0.115282	0.988834 0.792856 0.881016 0.952581 0.967619 0.84403 1.00166 1.24762 0.969266 1.05551 
1140 0.123336	1.07536 1.01254 1.06247 1.12921 1.09824 0.974363 1.06926 1.11036 0.982543 1.06251 
1141 0.103815	0.796567 0.849765 0.989493 0.931816 0.919865 0.955277 1.02813 1.07932 1.09767 1.03823 
1142 0.133984	1.05934 1.12142 1.03961 0.993318 1.03347 0.985601 0.925387 0.79938 0.851619 0.908097 
1143 0.156167	0.987427 0.823975 0.869029 0.94194 0.984093 0.931968 1.03415 1.13444 1.00824 1.07162 
1144 0.147294	1.02357 0.921189 0.86493 1.03468 1.04913 0.821896 0.997771 1.06454 0.809155 1.00392 
1145 0.136646	1.04296 1.01531 1.03255 0.908988 0.960295 0.979522 0.942952 0.850934 0.926094 0.957913 
1146 0.0771961	0.832841 0.844751 0.939383 1.06992 1.03279 0.980102 1.14465 1.31588 1.06466 1.13484 
1147 0.121562	0.926993 1.04888 1.0831 1.05267 0.981454 1.02738 0.993226 0.8814 1.03203 0.956074 
1150 0.128226	1.03628 1.11579 0.965591 0.928983 1.01375 0.89138 0.946933 0.874833 0.897455 0.924916 
1151 0.0637097	0.96607 0.935017 0.913263 1.06379 1.07734 0.886942 1.02934 1.12073 0.910635 1.054 
1152 0.214516	1.1588 1.25543 1.09033 1.03806 1.07604 0.968104 0.940414 0.909507 0.955088 0.953685 
1153 0.0620968	0.869335 0.796792 0.94455 0.926706 0.957449 0.998534 1.08008 1.28272 1.07122 1.14245 
1154 0.133871	0.809542 0.962861 1.01963 1.05448 0.983799 1.10025 1.07517 1.13259 1.14165 1.03422 
1155 0.23871	0.8475 0.946107 0.988522 0.936252 0.932961 0.926112 0.924687 0.974882 0.970828 0.954941 
1156 0.104032	1.0174 0.958852 0.917389 1.05826 1.06244 0.973228 1.0606 1.16879 1.0991 1.07903 
1157 0.0548387	1.11659 1.17586 1.04022 1.19676 1.10305 1.12515 1.0233 1.05685 1.09772 1.00777 
1160 0.070555	1.02106 0.938092 0.906296 0.980896 1.05567 1.01145 1.05852 1.11845 1.03247 1.0614 
1161 0.117592	1.07225 0.99058 0.978934 1.0575 1.04315 0.98172 1.02357 1.02698 1.01344 1.03011 
1162 0.177799	1.00801 1.03843 1.06985 1.00447 0.9433 1.01339 1.02457 0.958114 1.09583 1.03299 
1163 0.142051	1.06818 1.14546 1.056 1.0124 0.988586 0.893685 0.865475 0.860328 0.923292 0.903348 
1164 0.116651	0.848011 0.862631 0.923726 0.904243 0.931622 0.955508 1.05585 1.16418 1.12097 1.07874 
1165 0.136406	1.03934 1.08861 0.953214 0.919621 0.983552 0.994676 0.958716 0.833767 0.972229 0.951088 
1166 0.148636	1.17035 1.14271 1.00333 1.06286 1.07057 1.08481 1.02891 0.878809 1.07624 1.00758 
1167 0.0903104	1.02639 0.848353 0.891841 1.08047 1.04304 0.9133 1.03071 1.13178 1.00036 1.03903 
1170 0.134354	1.09479 1.13485 1.0851 1.12065 1.06033 0.942401 0.980252 0.923372 0.983567 0.932841 
1171 0.147959	0.869687 0.738501 0.897152 0.926565 0.97893 0.913292 1.10701 1.21311 1.06131 1.10089 
1172 0.212585	0.908599 0.969173 1.01033 0.948753 0.95108 0.890141 0.980599 0.925829 1.00267 0.971587 
1173 0.0671769	0.968063 0.849971 0.907104 0.994355 1.08885 0.904398 1.01712 1.11161 0.945697 1.03832 
1174 0.099915	1.10906 0.994862 0.984306 1.08397 1.06998 0.849945 0.996984 1.01402 0.9604 0.971173 
1175 0.161139	0.981963 1.00516 1.04693 1.02857 1.04713 0.982316 1.05085 0.975176 0.997486 1.03933 
1176 0.109694	0.874798 0.863902 1.03591 0.997343 0.991269 1.03581 1.06068 1.13632 1.14514 1.04833 
1177 0.0671769	0.874907 0.787126 0.937789 0.85165 0.886876 0.913623 0.962216 0.964759 0.956292 0.975923 
BOUNDS
LWPS R    0.0  0.0  0.0  0.0  0.0  0.0  0.0  0.0  0.0  0.0
UWPS R    0.5  0.5  0.5  0.5  0.5  0.5  0.5  0.5  0.5  0.5
LXAS R   -0.5 -0.5 -0.5 -0.5 -0.5 -0.5 -0.5 -0.5 -0.5 -0.5
UXAS R    0.5  0.5  0.5  0.5  0.5  0.5  0.5  0.5  0.5  0.5
END
