NAME moment_estimation_cluster
ASSETS 10
BENCHMARKS 0.1 0.1 0.1 0.1 0.1 0.1 0.1 0.1 0.1 0.1 
COVARIANCES
0 0 0.00692832
1 0 0.000527402
1 1 0.00127737
2 0 0.00415361
2 1 0.000465316
2 2 0.00320655
3 0 0.00580716
3 1 0.00056174
3 2 0.00436457
3 3 0.0072074
4 0 -0.00279052
4 1 -0.000282851
4 2 -0.00276388
4 3 -0.00562382
4 4 0.00715853
5 0 0.00925848
5 1 0.000431672
5 2 0.00638896
5 3 0.00919599
5 4 -0.00522279
5 5 0.0147606
6 0 0.00257929
6 1 0.000212959
6 2 0.00172656
6 3 0.00270114
6 4 -0.001402
6 5 0.00388651
6 6 0.00169305
7 0 -0.0072416
7 1 0.00100782
7 2 -0.00572363
7 3 -0.0095989
7 4 0.00833019
7 5 -0.0125664
7 6 -0.00312628
7 7 0.0175162
8 0 0.00585963
8 1 0.000260806
8 2 0.00392141
8 3 0.00580873
8 4 -0.00335418
8 5 0.00873642
8 6 0.00246326
8 7 -0.00795813
8 8 0.0057559
9 0 0.00307824
9 1 0.00011323
9 2 0.0022863
9 3 0.00376509
9 4 -0.00318114
9 5 0.00457282
9 6 0.00138465
9 7 -0.00529952
9 8 0.00306047
9 9 0.0023514
SCENARIOS
0 0.34938	0.949962 0.995831 0.943719 0.926118 1.05623 0.903327 0.951844 1.13754 0.932792 0.953973 
1 0.65062	1.05526 0.99658 1.03455 1.05617 0.972263 1.08004 1.0068 0.969103 1.05144 1.03129 
00 0.687418	0.958694 0.998524 0.969817 0.948124 1.05326 0.958988 0.996056 1.08432 0.948269 0.972707 
01 0.312582	1.04436 0.98878 1.07348 1.12053 0.892617 1.16357 1.07057 0.857379 1.06916 1.06796 
10 0.664489	0.950431 1.01239 0.972379 0.954223 1.02437 0.954647 0.966328 1.01426 0.956572 0.973292 
11 0.335511	1.08555 0.996466 1.07466 1.13156 0.915938 1.16949 1.06732 0.790152 1.12736 1.04126 
000 0.0641629	0.88681 1.04617 0.962362 0.952964 0.941458 0.831525 0.997189 1.14315 0.966873 0.976887 
001 0.0827747	0.959813 0.998049 0.913834 0.846469 1.22743 0.8879 0.947703 1.31071 0.912357 0.905495 
002 0.154016	0.94439 1.0029 0.981299 0.916549 1.08177 0.87022 0.979063 1.10663 0.977819 0.941406 
003 0.0409293	1.12739 1.00012 1.06353 1.02602 1.15446 1.1428 1.0184 0.925579 1.13791 0.993948 
004 0.194737	1.07701 1.03809 1.09364 1.15418 0.855292 1.08907 1.04495 0.812352 1.14824 1.09863 
005 0.157305	0.933625 0.98024 0.997922 0.952982 1.00409 0.904983 0.981292 1.02307 0.928449 0.992455 
006 0.146854	1.11156 1.01451 1.1095 1.13547 0.984498 1.27239 1.06206 0.781612 1.17982 1.08984 
007 0.159221	1.01663 1.00238 1.01572 1.03248 0.934791 0.967304 1.00818 0.866153 1.0179 1.02035 
010 0.0548485	0.981936 0.996441 0.974848 1.04058 0.887393 0.959607 0.990108 0.897277 0.985667 1.02367 
011 0.0943137	1.22315 1.04174 1.08552 1.12446 1.03965 1.22928 1.0186 0.899551 1.13858 1.06685 
012 0.106401	1.10796 1.06871 1.03211 1.02428 1.04608 1.04325 0.99646 0.990014 1.05565 0.997315 
013 0.118213	0.994219 1.08281 1.00608 0.989398 0.984688 0.917217 0.960444 1.10452 0.957708 1.00093 
014 0.158044	1.13575 1.03231 1.07226 1.17314 0.857392 1.14832 1.06407 0.818498 1.1151 1.07978 
015 0.109331	0.880526 0.996565 0.91329 0.944065 0.932515 0.856895 0.961579 1.07437 0.938636 0.999292 
016 0.217013	0.938592 0.993175 0.949932 0.883286 1.14873 0.850013 0.998477 1.22483 0.953454 0.931672 
017 0.141837	0.99425 0.99653 1.00054 0.978055 1.02099 0.937414 0.985762 1.01878 0.989976 0.998876 
100 0.0634932	0.863774 0.965285 0.924933 0.962566 0.925522 0.881439 0.963365 1.0437 0.906587 0.983709 
101 0.0726991	1.20729 0.981721 1.1513 1.1768 0.908707 1.25631 1.10457 0.769727 1.18697 1.10243 
102 0.272708	1.02009 1.00232 0.998266 0.957976 1.15219 0.932303 1.03188 1.12133 0.975788 0.981789 
103 0.0736243	1.09381 1.0154 1.03952 1.1038 0.909332 1.05465 1.08006 0.887521 1.06812 1.05709 
104 0.161219	1.00987 0.966957 1.02407 1.04182 0.976508 1.02982 1.05294 0.887257 1.03122 1.03378 
105 0.111928	0.991716 1.00528 1.03901 1.12224 0.820794 0.963337 1.05789 0.895596 1.05472 1.0899 
106 0.0650429	1.22196 1.04111 1.11198 1.12465 1.00635 1.21727 1.11488 0.997189 1.14084 1.04797 
107 0.179284	0.870041 0.987231 0.905925 0.876152 1.09118 0.857552 0.971643 1.24586 0.865409 0.926687 
110 0.247102	1.02072 1.02827 0.976823 0.9442 1.09846 1.02431 0.981979 1.22458 0.955625 0.989149 
111 0.0594164	1.25435 1.06051 1.11595 1.18125 0.939715 1.30845 1.1095 0.940261 1.15462 1.12241 
112 0.0719685	0.887474 0.977415 0.919312 0.893578 0.992406 0.855506 0.909414 1.15085 0.864787 0.957736 
113 0.16446	0.945503 1.00556 0.968261 0.996349 0.933566 0.946444 0.941391 0.948548 0.962863 1.0138 
114 0.0710065	1.05504 1.00846 1.06997 1.08886 0.893148 1.07558 1.05913 0.903577 1.05621 1.08857 
115 0.0995465	0.906958 1.00457 0.896868 0.839036 1.20946 0.824651 0.973318 1.37465 0.848941 0.929786 
116 0.0837418	1.14525 0.9715 1.06798 1.17791 0.809193 1.16548 1.03212 0.851066 1.09789 1.12207 
117 0.202758	1.08165 1.00493 1.05069 1.05259 0.996461 1.12423 1.03807 0.949612 1.00437 1.04023 
0000 0.0934458	0.959564 1.06764 0.994181 0.943047 1.05074 0.905306 0.945999 1.13928 0.889147 0.977636 
0001 0.0889033	1.10283 1.00416 1.06324 1.07988 0.972392 1.21355 1.0321 0.913281 1.06225 1.05938 
0002 0.106424	0.917892 0.897289 0.948015 0.942689 0.976373 0.915228 0.87332 0.928232 0.924865 0.979864 
0003 0.155094	0.904241 1.01133 0.931568 0.906742 1.09657 0.848952 0.932356 1.16705 0.824139 0.960137 
0004 0.169371	1.07746 1.02288 1.00567 1.04947 1.03008 1.1151 0.927573 0.89718 0.979052 1.01277 
0005 0.144062	0.982569 0.997997 1.00095 0.98881 0.943937 1.0024 0.913245 0.902219 0.952439 1.00642 
0006 0.0519143	1.08309 0.977574 1.12265 1.21039 0.884471 1.33747 1.07164 0.723636 1.1276 1.11706 
0007 0.190785	1.00285 1.02197 1.0448 1.11869 0.869788 1.15435 1.01983 0.912639 0.998306 1.06855 
0010 0.145875	0.988275 1.0108 1.07704 1.00974 1.04896 0.961864 1.0253 0.954132 1.07346 1.00929 
0011 0.146881	0.917831 1.02347 0.992367 0.956412 1.0498 0.842642 1.01921 1.16387 0.954564 0.97293 
0012 0.235915	1.07689 1.06252 1.13435 1.09527 0.978358 1.15183 1.1225 0.891428 1.08787 1.03317 
0013 0.177062	0.882959 0.935499 0.990782 1.01754 0.949864 0.967769 0.999046 0.880249 1.0174 1.00944 
0014 0.0789738	1.04559 0.981505 1.13865 1.23235 0.862201 1.23376 1.08401 0.778593 1.23891 1.10938 
0015 0.0970825	0.814891 0.995063 0.937298 0.836496 1.11896 0.708726 0.941239 1.2479 0.830554 0.930125 
0016 0.0674044	0.936035 1.0074 0.962837 0.893354 1.22995 0.965231 1.04155 1.11147 0.981948 0.935853 
0017 0.0508048	0.905441 1.04065 0.990731 0.993392 0.86155 0.898218 1.03098 1.00235 0.941967 1.00786 
0020 0.0962422	0.988118 0.954971 0.94429 0.923016 1.17221 1.03834 0.971819 1.07636 1.00303 1.00224 
0021 0.146256	1.00776 1.00438 1.01278 0.990779 1.06357 1.10055 0.97927 1.00023 1.01428 1.00299 
0022 0.0881319	0.876467 1.0233 0.899975 0.873986 1.04222 0.84299 0.943117 1.33057 0.792617 0.962248 
0023 0.0729927	1.10914 1.0129 1.06699 1.09323 1.03006 1.29271 1.03953 0.982493 1.09071 1.04278 
0024 0.182211	1.03452 1.01254 1.0087 1.07657 0.9336 1.15453 1.06063 0.920691 1.07698 1.06089 
0025 0.109489	0.864747 0.966607 0.899258 0.900466 1.04288 0.870418 0.921112 1.04043 0.895831 0.959321 
0026 0.115707	1.22492 0.997711 1.0931 1.19178 0.91007 1.40513 1.0558 0.773007 1.16765 1.10156 
0027 0.18897	0.960994 0.929565 0.938619 0.997772 0.984937 1.04956 0.9838 0.882899 0.941853 1.01196 
0030 0.225839	1.00288 0.998002 0.976829 0.928813 1.03067 0.90361 0.98447 1.21505 0.962038 0.984841 
0031 0.0722279	0.995604 0.973764 1.01721 1.06944 0.878406 1.02323 1.07732 0.962779 0.98283 1.0088 
0032 0.207528	1.03573 0.966187 0.99558 1.02881 1.05161 1.06534 1.03282 1.03154 1.00948 1.00022 
0033 0.153611	1.00152 0.980126 1.03698 1.06458 0.939062 1.05688 1.06869 1.03894 1.0292 1.0292 
0034 0.0905392	1.19956 1.03409 1.10937 1.20308 0.877122 1.17519 1.08414 0.927202 1.1272 1.13495 
0035 0.0610376	1.13468 1.05563 1.1037 1.09735 0.948624 1.1279 1.09878 0.908765 1.06541 1.06557 
0036 0.101729	0.912762 0.957436 0.959496 0.873626 1.18541 0.912642 1.02713 1.26557 0.893754 0.92615 
0037 0.0874873	0.969325 0.995916 0.958992 0.981404 0.957471 0.958135 0.977432 1.15098 0.907648 1.00385 
0040 0.0632884	1.1861 0.992979 1.1161 1.19614 0.847417 1.34784 1.02378 0.821228 1.10362 1.09548 
0041 0.2322	0.908571 0.965959 0.880582 0.887867 1.06869 0.883972 0.941039 1.06054 0.865728 0.927496 
0042 0.0649989	1.16513 1.02998 1.08966 1.16253 0.959541 1.27816 1.0377 0.907758 1.14239 1.06472 
0043 0.109258	1.01757 0.992931 0.9571 0.933769 1.16406 1.02613 1.00471 1.16974 0.898755 0.933269 
0044 0.156297	0.914209 0.949081 0.951038 0.968209 0.915535 0.941176 0.925969 0.92323 0.89127 0.964589 
0045 0.131922	1.08895 0.964143 1.03206 1.07113 0.971311 1.16767 1.0632 0.864491 1.05701 1.02559 
0046 0.0485354	1.01513 0.966161 1.04536 1.07837 0.875249 1.10605 0.995216 0.889568 1.01192 1.05535 
0047 0.1935	1.04077 1.01871 1.00253 1.00922 1.02153 1.07495 0.963965 0.98647 0.959532 1.01171 
0050 0.173372	0.961472 0.995424 0.901321 0.894784 1.12546 0.930501 0.990237 1.22278 0.985525 0.914349 
0051 0.0849656	1.1873 1.02116 1.09328 1.16469 0.97067 1.3441 1.05334 0.826494 1.27442 1.08644 
0052 0.219958	1.05059 0.995424 0.987459 1.08999 0.895243 1.09914 1.02568 0.927884 1.05397 1.03932 
0053 0.086289	0.932061 1.03504 0.949557 0.998942 0.935967 0.960814 0.945173 1.13444 1.0402 0.964635 
0054 0.132875	0.980582 1.0238 0.969953 1.02149 1.00892 1.09548 1.05866 1.03422 1.07793 0.981138 
0055 0.0733192	1.14618 1.01728 1.06716 1.06708 1.03502 1.14829 1.08487 0.933021 1.14346 1.03162 
0056 0.066702	1.10876 1.04235 1.05281 1.00603 1.09631 1.11358 0.998799 1.07476 1.07856 1.00232 
0057 0.16252	0.906075 0.98084 0.947157 0.925793 1.01141 0.906 0.944304 1.04357 0.946738 0.937613 
0060 0.149419	1.02751 0.990431 1.01113 1.05786 0.886404 0.997391 1.04632 1.03793 0.987785 1.02073 
0061 0.0986674	0.931009 1.02321 0.919894 0.85563 1.14719 0.823237 0.991516 1.29003 0.854756 0.918105 
0062 0.0771194	0.965225 1.02523 0.908597 0.911903 1.00607 0.779957 0.997546 1.29346 0.93506 0.948301 
0063 0.179756	1.19902 1.03185 1.06874 1.0918 1.00289 1.1198 1.11374 1.03734 1.09222 1.02584 
0064 0.11256	1.00789 1.00069 0.95748 0.961973 0.969189 0.90387 0.987017 1.09129 0.96478 0.948835 
0065 0.119081	1.02006 1.01621 1.01273 1.05779 0.940572 0.974613 1.01606 1.01634 0.996566 1.03141 
0066 0.0464984	1.26938 1.00093 1.18938 1.25612 0.850171 1.32618 1.10969 0.8143 1.20664 1.09143 
0067 0.216898	1.05767 0.964691 1.00676 0.965011 1.10243 0.978475 1.03135 1.16135 1.00372 0.970034 
0070 0.060931	0.858779 1.00042 0.952548 0.889917 1.06202 0.821232 1.02521 1.28186 0.903894 0.938815 
0071 0.0768828	0.866191 0.978596 0.927568 0.884696 1.14814 0.835871 0.984834 1.24092 0.9188 0.951155 
0072 0.125785	1.05566 0.980242 1.01669 0.988544 1.11142 1.07428 0.987281 1.06795 1.06018 1.00691 
0073 0.108787	1.12056 1.00535 1.08484 1.16449 0.90015 1.26187 1.0463 0.800018 1.14095 1.1057 
0074 0.0883891	0.895961 1.04765 0.971126 0.966144 0.93159 0.87435 0.942882 1.14255 0.923949 0.965843 
0075 0.188808	0.926271 0.917584 0.957036 0.98043 0.987625 0.979653 0.963175 1.0214 0.941822 0.972696 
0076 0.172333	1.06691 1.02753 1.00238 1.02406 1.04153 1.1211 1.00751 1.1021 1.05609 1.00169 
0077 0.178086	0.973616 0.986753 1.0132 1.09105 0.880916 1.09637 1.0553 0.92673 1.04958 1.00817 
0100 0.100167	0.928974 1.02512 0.96887 0.999166 0.919744 0.976073 1.01245 0.957335 0.99939 1.02443 
0101 0.176962	0.996663 0.977569 1.05336 1.01339 0.978147 1.14637 1.0273 0.867746 1.02092 1.01163 
0102 0.21202	1.10022 1.02536 1.06712 1.11131 0.902069 1.1769 1.0541 0.991262 1.09586 1.03693 
0103 0.0851419	0.957763 0.972707 0.961824 0.867788 1.10006 0.848177 0.96868 1.22166 0.939252 0.933827 
0104 0.0701169	0.934414 1.01268 1.01736 0.941137 1.07248 1.03314 0.954926 1.02693 0.91854 0.918895 
0105 0.066778	0.855915 0.936975 0.908588 0.872302 1.02908 0.768874 0.932938 1.09597 0.890803 0.907338 
0106 0.130217	1.09219 0.996013 1.08873 1.05756 1.05118 1.17948 1.04254 0.880434 1.17157 1.01762 
0107 0.158598	0.953777 1.02771 0.981838 0.980112 1.03623 0.931994 0.971645 1.13906 0.941955 0.983283 
0110 0.0747573	0.999633 1.07504 1.03135 0.999848 1.0205 0.979106 1.06619 1.08382 1.07894 0.93109 
0111 0.233981	0.905138 0.95729 0.992843 0.974705 0.980482 0.939933 0.962825 0.921387 1.05179 0.99223 
0112 0.107767	1.05122 0.979072 1.05881 0.970299 1.12926 1.11662 1.05888 1.06259 1.0643 0.966329 
0113 0.178641	1.03497 1.04316 1.06275 1.05106 0.899276 0.968654 0.986532 0.861946 1.06562 1.02469 
0114 0.0475728	0.937229 0.915055 0.938125 0.883052 1.04315 0.874572 0.974806 0.956216 0.887177 0.931713 
0115 0.061165	0.914125 0.997122 0.96485 0.864591 1.22333 0.877047 1.02909 1.38488 0.922618 0.95751 
0116 0.180583	1.10271 1.00058 1.11191 1.13013 0.924943 1.1766 1.16288 0.716348 1.18117 1.0512 
0117 0.115534	0.838417 0.994062 0.957332 0.851598 1.05737 0.776568 0.947959 1.12141 0.88043 0.929948 
0120 0.0757315	1.1229 0.979961 1.08226 1.14916 0.866937 1.20138 0.987626 0.783242 1.15979 1.10882 
0121 0.10241	0.936587 0.948745 0.991011 0.897883 1.16175 0.962813 1.03408 1.05121 0.9624 0.928879 
0122 0.142857	1.01131 0.949206 1.04109 1.06963 0.975618 1.13322 1.1011 1.05588 1.06247 1.04421 
0123 0.119621	0.931706 0.991146 0.927864 0.932453 1.02439 0.97168 0.992214 1.08993 0.943672 0.976246 
0124 0.141136	0.93575 0.961621 0.994372 1.03343 0.897025 1.04932 1.03811 0.998222 1.00011 1.01022 
0125 0.104131	0.931239 0.941513 0.91425 0.906066 1.0747 0.904181 0.95092 1.01848 0.889983 0.975926 
0126 0.10241	1.0478 1.05972 1.10579 1.11822 0.923728 1.26668 1.11897 0.944972 1.0907 1.05435 
0127 0.211704	1.00408 0.993538 0.990336 1.00843 1.05039 0.991793 1.06484 1.09155 0.938963 1.02082 
0130 0.131681	0.927785 1.01585 0.921136 0.897276 1.117 0.844121 0.944859 1.17449 0.941214 0.966792 
0131 0.0503486	0.961836 1.03077 0.970421 1.01295 0.91819 0.903498 0.961993 1.06883 0.971292 1.00079 
0132 0.230054	1.10634 0.998604 1.09026 1.13819 0.887604 1.20811 1.06756 0.86209 1.14997 1.08672 
0133 0.0503486	0.982811 0.962147 0.992232 1.03038 1.02748 1.00866 1.04188 1.00195 1.07168 1.04359 
0134 0.091402	1.12415 0.982902 1.08565 1.11168 0.986892 1.19752 1.03508 0.799226 1.16664 1.03686 
0135 0.103021	1.10429 1.01749 1.03187 0.990629 1.05387 1.04912 1.00323 1.04253 0.994692 0.978721 
0136 0.17196	0.913081 0.973323 0.91216 0.948255 1.02291 0.963262 0.956069 1.06609 0.964155 0.93824 
0137 0.171185	1.01481 1.0455 1.00049 1.04842 0.918112 0.97599 1.03739 0.894699 1.03975 0.971717 
0140 0.071263	0.972122 0.979855 1.02277 0.949612 1.1158 0.967149 0.965629 0.953927 1.0132 1.00355 
0141 0.213789	1.06279 0.977305 1.07436 1.10827 0.904713 1.10973 0.990899 0.81229 1.10507 1.08655 
0142 0.0544612	0.993526 1.0696 1.03004 1.05668 0.827305 0.920469 0.992422 0.956047 1.0119 1.02049 
0143 0.263036	1.04221 0.979856 1.05949 1.05153 0.998162 1.16757 0.977545 0.781735 1.07022 1.04696 
0144 0.0892236	0.923841 1.11178 1.02034 0.976007 1.03693 0.954215 0.906951 1.10232 0.979711 0.979335 
0145 0.112399	0.831173 0.97619 0.94575 0.903964 0.948142 0.806311 0.912893 0.997388 0.897011 0.949887 
0146 0.0596756	0.926296 1.0139 0.964844 0.969477 0.925408 0.941904 0.983128 1.13078 0.955066 1.01005 
0147 0.136153	0.911295 0.960233 0.904242 0.859879 1.13341 0.812372 0.876749 1.17273 0.870619 0.941519 
0150 0.103853	1.12562 0.962133 1.13502 1.1839 0.840087 1.10049 1.0241 0.701219 1.09491 1.12506 
0151 0.126466	1.01362 1.00383 0.987094 0.952687 1.03422 0.906328 0.989728 0.994454 0.938797 0.964231 
0152 0.0410385	1.1289 0.9766 1.04249 1.01417 1.10472 1.04721 0.980123 0.88599 1.0007 0.979016 
0153 0.0979899	1.15667 0.981364 1.11662 1.11094 0.965432 1.19306 1.04735 0.85675 1.10018 1.06538 
0154 0.201005	0.98113 1.03284 1.02962 1.01316 0.940611 0.907407 0.995625 0.982511 0.970944 1.00056 
0155 0.129816	1.08844 0.986059 1.03756 1.01974 0.999261 0.975378 0.987933 0.960584 1.07207 1.02275 
0156 0.19598	0.909306 1.00132 0.963983 0.904678 1.03839 0.893586 0.961689 1.11876 0.862612 0.897893 
0157 0.103853	0.91102 1.03376 0.988401 0.905127 1.16096 0.889658 0.920489 1.19653 0.90416 0.909881 
0160 0.125316	1.11381 0.966066 0.95482 0.972458 1.12409 1.05023 0.985835 1.04149 0.99466 0.967272 
0161 0.121097	1.0162 1.09081 1.0265 1.05454 0.933958 1.04035 0.97264 0.917292 0.991001 0.996517 
0162 0.0911392	1.0566 1.04531 1.05314 1.01672 1.05432 1.05588 0.907235 0.996626 1.05836 1.02301 
0163 0.0590717	0.884592 1.03184 0.974896 1.01426 0.862019 0.844527 0.911969 0.878931 0.862689 1.01436 
0164 0.22827	1.24757 1.0348 1.09827 1.14078 0.936573 1.26716 1.0425 0.799551 1.14204 1.07834 
0165 0.160759	0.93979 0.985893 0.988623 1.03749 0.933484 0.980041 0.935132 0.91445 0.941305 1.01988 
0166 0.118987	0.871822 1.05021 0.931099 0.913706 1.00665 0.846243 0.940887 1.10092 0.876876 0.967963 
0167 0.0953586	0.920681 0.98571 0.89375 0.865581 1.10288 0.889569 0.916745 1.06072 0.899595 0.943016 
0170 0.152356	0.90976 0.93953 0.91585 0.865494 1.08073 0.862754 0.944849 1.00609 0.92515 0.966703 
0171 0.116204	1.12633 0.971421 1.06421 1.1049 0.942827 1.22908 1.03704 0.79446 1.20349 1.08144 
0172 0.121369	0.969632 0.961798 0.971064 0.951764 1.0303 0.945633 0.950555 0.850554 0.948317 0.985038 
0173 0.110394	0.975149 1.02032 0.974253 0.97716 0.989541 0.902071 0.967323 1.04178 0.928382 1.00792 
0174 0.045836	1.08325 1.00377 1.02634 1.03268 1.05577 1.1563 1.0394 0.946504 1.09848 1.03234 
0175 0.192382	1.02578 0.983688 1.01444 1.0453 0.956125 1.00465 0.988516 0.909008 1.07197 1.02583 
0176 0.167205	0.967839 0.987862 0.969795 0.979 1.07361 1.06008 0.995628 0.933683 0.986084 0.957326 
0177 0.0942544	1.14734 1.00468 1.12524 1.17531 0.849585 1.18524 1.04651 0.74315 1.13923 1.13388 
1000 0.0582878	1.16362 1.04814 1.05976 1.08122 0.979368 1.01743 1.11008 0.940749 1.14629 1.04082 
1001 0.0994536	1.09875 0.979686 1.07554 1.04948 0.957915 1.09144 1.06763 0.950221 1.11797 1.03008 
1002 0.260109	0.971372 0.984729 1.01344 1.00447 0.936647 0.919459 1.02074 0.88541 1.02453 0.994383 
1003 0.100911	1.00792 0.951183 1.01389 0.980441 1.06357 1.00189 1.03136 0.910987 1.02182 1.01364 
1004 0.0652095	1.17649 1.02587 1.04962 0.998277 1.04568 0.978979 1.03951 1.06119 1.02652 1.01036 
1005 0.171949	1.18323 0.969342 1.0771 1.14019 0.883311 1.04996 1.10579 0.793507 1.11418 1.0804 
1006 0.153734	0.948299 0.99445 0.953859 0.871122 1.12331 0.872894 0.993414 1.02115 0.923859 0.94775 
1007 0.0903461	0.890313 1.01921 0.972138 0.924352 0.940778 0.801411 0.958984 1.17793 0.924093 0.9504 
1010 0.110404	0.970323 1.01953 0.983743 1.01917 0.957128 0.993377 0.986657 1.05174 0.97861 0.974888 
1011 0.165765	0.972546 0.992634 0.94073 0.918509 1.13698 0.963223 0.939577 1.17482 0.94843 0.958048 
1012 0.0824053	0.98014 1.0159 1.01896 1.09187 0.865938 1.04049 1.01078 0.919172 1.00088 1.04745 
1013 0.242125	0.933605 1.00264 0.921318 0.944092 1.01831 0.922589 1.00356 1.10611 0.96163 0.966907 
1014 0.150811	1.07614 1.00842 1.01713 1.07519 1.01237 1.22525 0.984109 0.99047 1.0911 1.01068 
1015 0.103086	1.12877 1.00523 1.0895 1.20613 0.886651 1.34392 1.07108 0.906011 1.16826 1.1295 
1016 0.0887687	0.859826 0.962424 0.883222 0.850285 1.18511 0.82382 0.932681 1.29022 0.911918 0.931626 
1017 0.0566338	0.993776 1.04624 1.02562 1.09851 0.910407 1.08002 1.03205 1.02594 1.03139 1.07811 
1020 0.15335	1.02571 0.953199 1.00787 1.01259 0.956272 1.09374 0.98817 0.936022 1.08006 1.01754 
1021 0.16514	0.998616 0.950424 0.954827 0.918227 1.16319 1.02081 0.996499 1.09149 0.994477 0.966876 
1022 0.128923	0.949911 0.994536 0.959414 0.954906 0.985069 0.947957 0.943416 1.02722 0.97089 0.955491 
1023 0.106701	1.12803 1.01978 1.08355 1.11233 1.00569 1.30369 1.04007 0.896685 1.207 1.0246 
1024 0.116115	0.907436 1.05957 0.910032 0.86269 1.07383 0.777544 0.92285 1.2853 0.898249 0.932193 
1025 0.160221	1.03045 1.00481 1.04909 1.09919 0.852852 1.21439 0.992109 0.809087 1.11634 1.04656 
1026 0.0524173	1.14506 1.0153 1.13071 1.22516 0.812452 1.29253 1.06691 0.736574 1.19743 1.11633 
1027 0.117133	1.01271 1.04452 0.977463 1.00679 0.955204 0.973608 1.04063 1.0907 0.991153 1.00232 
1030 0.0782281	0.829706 0.989433 0.914917 0.875612 1.18161 0.856105 0.89673 1.27543 0.920921 0.867338 
1031 0.148288	0.997682 0.980881 1.00961 1.01459 1.05628 1.04649 1.08413 0.929058 1.04136 0.975042 
1032 0.163054	0.884351 0.979179 0.993174 0.982296 0.993029 0.985888 0.966121 1.02073 0.995629 0.988985 
1033 0.0710022	1.128 1.02189 1.09666 1.14248 0.999335 1.2803 1.02467 0.900933 1.14831 1.02401 
1034 0.0678605	1.1458 0.974055 1.11162 1.18932 0.85956 1.24853 1.06396 0.763141 1.1342 1.09246 
1035 0.0816839	0.915371 1.05316 0.972682 0.949642 1.03092 0.962233 0.917632 1.2217 0.882754 0.948656 
1036 0.250393	0.988478 0.974723 1.03459 1.06402 0.933398 1.05954 0.975693 0.913381 1.05128 1.01559 
1037 0.139491	0.91645 0.973159 0.945977 0.913666 1.07746 0.923171 0.92129 1.22224 0.933888 0.951579 
1040 0.122669	1.08607 1.00533 1.05871 1.1008 0.88339 1.16435 1.00524 0.774737 1.12881 1.06651 
1041 0.204591	1.09246 1.0199 1.02237 1.07479 0.946644 1.11134 1.02766 1.03084 1.03335 1.0234 
1042 0.122956	1.02606 0.989646 0.975871 0.927806 1.15757 0.991034 0.944758 1.21993 0.951096 0.934172 
1043 0.11076	1.14911 0.98847 1.04235 1.02854 1.06444 1.12063 1.00599 0.981313 1.09347 0.989272 
1044 0.153228	0.934723 0.972808 0.92441 0.888779 1.05899 0.923182 0.916977 1.19504 0.921717 0.935226 
1045 0.0728838	1.01203 0.976926 0.967482 0.965755 0.976544 1.00697 0.976104 1.06393 0.986678 0.999333 
1046 0.156241	0.989726 0.988169 0.96304 0.975357 0.95605 0.967941 0.991329 1.08661 0.947151 0.962716 
1047 0.0566714	0.859668 1.08418 0.953012 0.927064 0.93486 0.811357 0.981988 1.31214 0.901016 0.95083 
1050 0.149824	0.989823 0.999378 0.98029 1.00522 0.939144 1.01631 1.02215 0.974775 0.946547 1.00646 
1051 0.148584	1.16439 0.98341 1.03182 1.03999 1.00576 1.19437 1.0239 0.99075 1.07183 0.998487 
1052 0.114693	1.21449 0.970999 1.13368 1.18559 0.85805 1.35806 1.037 0.681149 1.17361 1.0962 
1053 0.0584832	0.931107 0.913856 0.931208 0.924934 0.948604 1.03267 0.940078 0.9058 0.936911 0.975769 
1054 0.1087	0.869834 0.981117 0.918293 0.843229 1.13517 0.882383 0.926164 1.30492 0.876215 0.893666 
1055 0.121306	1.13821 1.02211 1.09174 1.13148 0.92345 1.30933 0.986633 0.832946 1.09835 1.02858 
1056 0.173176	1.01134 1.04981 0.994302 0.985962 1.05342 1.02891 0.988646 1.05143 0.937944 0.959102 
1057 0.125232	0.966769 0.980852 0.963251 0.919936 1.09723 1.00934 0.958859 1.1085 0.97045 0.968307 
1060 0.262091	1.00811 0.993644 1.01937 1.04368 0.956799 1.00763 1.04608 0.899239 1.05593 1.02502 
1061 0.170697	0.891478 0.999724 0.938011 0.929844 1.02917 0.895099 0.958242 1.03995 0.901347 0.975617 
1062 0.0682788	0.930116 0.98417 0.928597 0.881101 1.23384 0.873662 0.998271 1.10995 0.904234 0.938521 
1063 0.168563	1.05529 1.02801 1.07818 1.12524 0.896508 1.13758 1.05375 0.864403 1.12557 1.11046 
1064 0.056899	1.04691 0.986401 0.996615 0.968143 1.14229 1.0851 1.04895 1.03718 1.06172 0.965943 
1065 0.115932	0.855593 0.987598 0.937144 0.878102 1.09609 0.826052 0.94601 1.18265 0.881702 0.934736 
1066 0.0871266	0.966527 0.997696 0.984791 1.03569 1.03135 0.993765 1.02822 0.873497 1.01524 1.00723 
1067 0.0704125	1.00232 1.01224 1.05128 0.967439 1.0518 1.05784 0.974486 0.997974 1.01623 0.978606 
1070 0.119468	0.985533 1.01646 1.01247 0.980409 1.05308 0.910151 0.99802 1.02627 0.992933 0.964918 
1071 0.186299	1.00641 0.988595 0.993508 0.985176 0.931398 0.861983 0.976128 0.939827 1.03707 1.01952 
1072 0.183976	0.938884 0.972493 0.952616 0.895699 1.1539 0.866573 0.972252 1.14393 0.910023 0.982947 
1073 0.154561	1.11108 0.965096 1.09091 1.10944 0.96133 1.09793 1.04578 0.803552 1.11799 1.08529 
1074 0.0815379	1.01292 1.04991 1.04367 1.04707 0.939791 0.939897 1.01813 1.02164 1.02472 1.01994 
1075 0.0838601	0.833812 0.975684 0.909079 0.84061 1.07767 0.76438 0.944778 1.23251 0.840583 0.957188 
1076 0.0725068	1.07745 0.914102 1.0383 1.01934 1.01874 1.01766 1.00793 0.870029 1.08605 1.02343 
1077 0.117791	1.1277 1.04391 1.11345 1.17828 0.827881 1.05702 1.04859 0.860747 1.11799 1.07762 
1100 0.141083	0.9652 1.0703 0.992088 1.04437 0.874535 0.89686 1.01386 0.965663 1.02556 1.00792 
1101 0.1637	0.835611 1.00743 0.940384 0.943979 0.971314 0.786049 0.965709 1.02963 0.913932 0.951344 
1102 0.0522803	0.854393 0.914788 0.900822 0.879725 1.0536 0.773922 0.935612 1.10943 0.865469 0.945562 
1103 0.133667	1.0016 0.96468 1.02525 1.02023 0.958486 1.01581 0.985694 0.814428 1.00187 1.00295 
1104 0.162959	1.12713 0.994454 1.10139 1.1531 0.897382 1.10445 1.10243 0.733663 1.17839 1.04728 
1105 0.140897	1.02818 1.0068 1.03766 0.983277 1.0807 1.04241 1.01995 0.950395 1.01916 0.982828 
1106 0.124027	0.89639 0.987902 0.942391 0.880752 1.16538 0.833243 0.98647 1.07962 0.921669 0.918244 
1107 0.0813867	1.13063 1.03643 1.05422 1.07885 1.01066 1.10259 1.08508 0.906639 1.0955 1.01549 
1110 0.16037	0.880812 1.06674 0.995396 1.01021 0.884298 0.903062 0.976506 1.11647 0.98496 0.997314 
1111 0.218967	0.925078 0.997681 1.00664 0.966617 1.04247 0.941415 0.985069 1.042 0.96619 0.987901 
1112 0.140324	1.04127 0.989738 1.10158 1.0501 0.942399 1.13441 0.976572 0.804584 1.0419 1.00979 
1113 0.077872	1.00578 1.02208 1.05885 1.10691 0.917165 1.13488 0.988995 0.868816 1.05243 0.982693 
1114 0.195837	0.855326 0.983235 0.943601 0.874921 1.10088 0.834546 0.885706 1.04983 0.846776 0.907751 
1115 0.0516577	1.13991 0.968385 1.15856 1.15368 0.914289 1.27205 1.05496 0.678753 1.11283 1.08385 
1116 0.0663069	1.10961 1.02206 1.10797 1.03667 1.10201 1.13932 1.02349 0.905108 1.14909 1.00681 
1117 0.0886662	1.12378 0.965991 1.15583 1.19588 0.899283 1.33421 1.05231 0.735555 1.16758 1.08289 
1120 0.185232	0.941754 1.02525 0.936535 0.898661 1.11694 0.917099 0.955906 1.22566 0.969269 0.928101 
1121 0.0649268	0.823181 1.07147 0.910139 0.918999 1.02697 0.746453 0.997592 1.13335 0.887621 0.953787 
1122 0.124125	1.05683 0.965231 0.993646 1.00777 1.0337 0.995252 1.06976 0.987183 1.08976 1.02504 
1123 0.128581	1.05726 1.0716 1.02882 1.04522 0.957089 0.984173 1.11746 0.971652 0.996076 1.03933 
1124 0.14513	0.930614 0.97552 0.964539 0.953608 1.05249 0.896095 1.01874 1.09839 0.987612 0.985102 
1125 0.0872056	0.99626 1.05704 1.00528 1.12002 0.831943 1.03541 1.0554 0.884033 1.03942 1.07619 
1126 0.185869	1.08976 0.995061 1.10121 1.12635 0.998595 1.18059 1.08298 0.806196 1.11 1.05369 
1127 0.0789306	0.960138 1.03178 0.98146 0.984378 0.951303 0.846866 1.0446 1.10475 0.966178 1.01377 
1130 0.113928	1.1183 0.973846 1.11399 1.17744 0.834095 1.21213 1.11679 0.693369 1.07267 1.1005 
1131 0.16546	1.00623 0.980314 0.957063 0.941989 1.00916 0.881018 0.988644 1.19655 0.948324 0.985953 
1132 0.0426184	1.04638 0.90767 1.00417 0.967474 0.951534 0.954483 1.01001 0.983156 0.949035 1.04965 
1133 0.151811	1.11927 1.01714 1.04876 1.08296 0.937757 1.10981 1.01544 1.03603 0.995834 1.02652 
1134 0.128691	0.885588 0.955489 0.918831 0.877797 1.09471 0.794626 0.946025 1.3318 0.885055 0.932793 
1135 0.128969	1.01628 0.945572 1.00685 0.990215 1.08675 1.02051 1.0562 1.00176 0.94851 0.978848 
1136 0.132312	0.973413 0.981275 1.02185 1.03147 0.960672 1.09492 1.0305 1.00596 1.02793 1.03885 
1137 0.136212	1.00445 1.05013 1.02573 0.988261 0.966314 1.01491 0.988184 1.1098 0.948396 1.00213 
1140 0.125161	0.922676 0.986758 0.928096 1.00336 0.971192 0.945066 0.990761 0.914482 0.982364 1.00558 
1141 0.149032	1.10076 1.04677 1.00733 1.08177 0.937195 1.10708 0.938948 0.876873 1.10756 1.05078 
1142 0.110968	1.1583 0.989751 1.02525 1.10245 1.02649 1.31111 1.04511 0.917632 1.08948 1.02337 
1143 0.0780645	0.898225 1.04423 0.960611 1.07025 0.85374 0.979881 0.989018 0.977761 0.958745 1.02818 
1144 0.118065	1.03975 0.962391 0.964909 0.990412 1.0048 0.992792 0.951051 0.990019 0.991247 0.990371 
1145 0.20129	0.92155 0.971361 0.926569 0.90287 1.11654 0.889581 0.873118 1.06102 0.940193 0.968644 
1146 0.0632258	1.20355 0.989823 1.06824 1.21049 0.884666 1.24648 1.01461 0.811244 1.12583 1.11753 
1147 0.154194	0.962335 1.05703 0.984105 0.98393 1.01154 0.931624 1.02251 1.02419 0.993605 0.984195 
1150 0.0934192	0.983738 1.03312 1.00519 1.05814 0.83914 0.959587 0.954527 0.84297 1.01498 1.05268 
1151 0.186378	0.921182 0.956271 0.95776 0.941003 0.954502 0.844031 0.897156 1.05061 0.928595 0.970976 
1152 0.145881	0.915507 1.04968 0.976562 0.961058 1.05205 0.988797 0.951016 1.09931 0.971082 0.958305 
1153 0.157846	1.02979 0.979281 0.976061 0.907922 1.19269 1.01162 1.02468 1.14842 1.01077 0.981603 
1154 0.080994	1.11029 1.02129 1.12466 1.18029 0.819267 1.25525 0.974194 0.727851 1.20762 1.11901 
1155 0.157846	1.09821 1.00546 1.04427 1.03038 0.943081 1.05417 0.940387 1.02826 1.05586 1.02351 
1156 0.0994017	1.1351 0.969326 1.06175 1.0783 1.03267 1.24472 0.99721 0.802443 1.12381 1.01867 
1157 0.0782329	1.12026 1.04817 1.12511 1.14645 0.934659 1.26432 1.04401 0.951527 1.15838 1.06731 
1160 0.100109	0.982091 1.13699 1.05683 1.06434 0.951208 1.02957 1.01196 1.07979 1.00861 1.04514 
1161 0.132385	0.927964 1.07269 0.979015 0.97559 0.997902 0.860341 1.02385 1.0327 0.885075 0.992171 
1162 0.0618162	1.09584 1.06465 1.17896 1.23511 0.844206 1.22069 1.15281 0.667347 1.09015 1.11107 
1163 0.112691	0.901535 0.981799 1.00254 0.944929 1.0667 0.954903 1.01561 0.978554 0.992161 0.965591 
1164 0.148796	0.871637 1.03163 0.934366 0.867552 1.13535 0.909495 0.91296 0.908791 0.935022 0.93218 
1165 0.0607221	0.789492 1.03362 0.95214 0.89472 0.968654 0.790161 0.995754 1.23308 0.845588 0.92838 
1166 0.173414	1.07527 1.08677 1.09388 1.12579 0.937695 1.14788 1.08209 0.856046 1.10107 1.0609 
1167 0.210066	1.01069 1.05474 1.00798 1.0279 0.984049 1.05997 1.03503 0.920455 1.02232 1.01851 
1170 0.0876638	0.849873 1.0175 0.927043 0.951082 0.953173 0.833439 0.994861 1.0236 0.953248 0.981006 
1171 0.0560325	0.985902 1.02599 1.06509 1.04711 0.932684 1.12797 0.955327 0.887103 1.0781 1.02555 
1172 0.202892	0.924035 1.05754 0.95525 0.907803 1.05421 0.844889 0.887094 1.11487 0.945506 0.954865 
1173 0.173068	1.13023 0.990644 1.06328 1.10503 0.970853 1.16692 1.0181 0.939511 1.17558 1.07691 
1174 0.054451	1.2633 1.04046 1.0901 1.0583 1.0924 1.17583 1.02914 1.06461 1.17974 1.02759 
1175 0.120877	0.995281 1.02752 1.03896 1.09161 0.84567 1.0171 1.03745 0.850687 1.07107 1.04153 
1176 0.147085	1.02925 0.964503 1.00759 0.929754 1.14241 0.970594 0.988696 1.02684 1.02078 0.975711 
1177 0.15793	1.00089 1.0531 1.06021 1.00317 1.01012 1.01798 0.974783 1.09642 1.03637 0.991153 
BOUNDS
LWPS R    0.0  0.0  0.0  0.0  0.0  0.0  0.0  0.0  0.0  0.0
UWPS R    0.5  0.5  0.5  0.5  0.5  0.5  0.5  0.5  0.5  0.5
LXAS R   -0.5 -0.5 -0.5 -0.5 -0.5 -0.5 -0.5 -0.5 -0.5 -0.5
UXAS R    0.5  0.5  0.5  0.5  0.5  0.5  0.5  0.5  0.5  0.5
END
