NAME moment_estimation_cluster
ASSETS 10
BENCHMARKS 0.1 0.1 0.1 0.1 0.1 0.1 0.1 0.1 0.1 0.1 
COVARIANCES
0 0 2.74797
1 0 0.151832
1 1 0.0176697
2 0 0.0799767
2 1 -0.00172307
2 2 0.0861485
3 0 0.29044
3 1 0.0142073
3 2 0.037904
3 3 0.0706273
4 0 0.274461
4 1 0.0183914
4 2 0.0166546
4 3 0.0429438
4 4 0.0369041
5 0 0.487944
5 1 0.0293139
5 2 0.0473798
5 3 0.0847921
5 4 0.0654264
5 5 0.13259
6 0 0.438821
6 1 0.0272661
6 2 0.0575845
6 3 0.069029
6 4 0.0559097
6 5 0.111044
6 6 0.118981
7 0 0.0376766
7 1 -0.000494368
7 2 0.0921139
7 3 0.0375107
7 4 0.0155187
7 5 0.0518632
7 6 0.0655196
7 7 0.121694
8 0 -0.022432
8 1 0.00463858
8 2 -0.00955218
8 3 -0.0132393
8 4 -0.00401132
8 5 -0.0116721
8 6 0.0019412
8 7 -0.0016598
8 8 0.021631
9 0 0.137437
9 1 0.00562246
9 2 0.0359444
9 3 0.0342192
9 4 0.0226899
9 5 0.0470812
9 6 0.0497051
9 7 0.0394747
9 8 0.00152621
9 9 0.0350912
SCENARIOS
0 0.77041	1.34851 1.01698 0.965987 0.863964 0.973539 0.971936 0.9673 0.933562 1.09017 0.976344 
1 0.22959	12.1272 1.10615 1.42254 1.18916 1.22505 1.5546 1.34992 1.42829 0.832766 1.09694 
00 0.558728	6.74201 1.05104 1.27847 1.13023 1.24017 1.36024 1.45779 1.26006 0.891616 1.11414 
01 0.441272	0.225491 0.835545 0.814156 0.910553 0.846211 0.715775 0.643444 0.829995 0.942334 0.865064 
10 0.460168	0.0882102 0.768828 0.919472 0.904676 0.719276 0.668568 0.817007 0.973006 1.08982 0.991689 
11 0.539832	6.83207 1.16376 0.977362 1.38305 1.28045 1.05193 1.44931 0.929216 1.33072 1.2278 
000 0.261261	0.0350451 0.776699 0.780138 0.849901 0.741868 0.584555 0.556143 0.755555 1.09946 0.81341 
001 0.143176	0.178614 0.87345 1.00598 1.13916 0.829359 0.964071 1.07361 1.2427 1.13466 0.972208 
002 0.120595	0.651472 1.02692 0.683789 1.22193 0.955536 1.01061 0.821246 0.697275 1.0427 0.846063 
003 0.0696945	0.57046 1.40371 1.003 1.66719 1.29775 1.54111 1.23696 1.15437 1.17792 1.36027 
004 0.0978046	4.17557 1.16397 1.03563 1.69458 1.26263 1.58046 1.50267 1.03831 0.880159 1.26908 
005 0.0810082	1.60125 1.25513 0.707094 1.19834 1.08685 1.00562 1.0277 0.801128 1.27068 1.06075 
006 0.0691834	49.567 1.27996 0.836378 1.69847 1.23886 1.85205 1.5456 0.976462 0.649649 0.690649 
007 0.157277	0.0897424 0.989525 1.65723 1.19168 0.915428 0.873195 1.06447 1.99088 1.14817 1.14622 
010 0.108778	0.138459 1.12304 1.31163 1.0613 0.866426 0.888511 1.13134 1.44709 1.01736 1.03432 
011 0.0996588	0.0436442 1.10377 0.854005 0.669543 0.825659 0.607238 0.980947 0.93381 1.24893 0.966603 
012 0.0757736	0.503238 1.05472 1.10751 0.651495 0.757552 0.577713 0.809666 1.29504 1.10277 0.830506 
013 0.118396	36.6927 1.50621 0.885842 1.44857 1.60932 1.59533 1.87613 0.841363 1.01785 1.09204 
014 0.269796	0.935926 1.04479 0.878404 1.04866 0.998211 0.862354 1.0332 0.754254 0.991246 0.868637 
015 0.168726	0.601244 1.06242 0.585073 0.669044 0.870366 0.598196 0.661205 0.509484 1.12179 0.802366 
016 0.0655665	3.72066 1.21668 1.47879 1.48299 1.43577 1.59244 1.80742 1.34657 0.923716 1.20269 
017 0.0933051	0.245831 0.955411 1.74619 1.07978 1.08109 1.12424 1.56594 2.10357 0.982219 1.1116 
100 0.234927	1.29651 1.07446 0.842614 1.0126 1.23333 1.00537 0.824443 0.817883 0.989054 0.889909 
101 0.199527	0.5563 1.04711 0.669197 0.669439 0.941074 0.647736 0.613842 0.678887 1.03336 0.867791 
102 0.102698	1.42256 1.27046 1.97721 1.20646 1.22052 1.3449 1.4467 2.01531 1.25291 1.4296 
103 0.0918126	45.3549 1.24094 0.95334 1.61235 1.57829 1.42044 1.24884 0.700422 1.04964 1.10395 
104 0.102224	2.20656 1.21809 1.28712 0.927107 1.17031 1.23596 1.072 1.50161 1.23239 0.963585 
105 0.0784666	0.11623 0.903413 1.42085 0.879117 0.9994 0.867358 0.90712 1.1413 1.16373 1.17764 
106 0.089257	8.1643 1.31171 0.951291 1.46769 1.44741 1.4669 1.2222 0.859855 1.12171 1.12086 
107 0.101088	0.0622847 1.03468 1.05732 0.67202 0.779051 0.596901 0.529227 0.99758 1.0269 0.703363 
110 0.0718896	45.1943 1.50359 0.847706 2.05766 1.66885 3.61811 2.36651 0.808179 1.14796 1.3652 
111 0.197515	0.0781701 0.810724 0.731925 0.756504 0.772353 0.684048 0.539936 0.585358 1.01582 0.783755 
112 0.100855	0.321859 1.12352 0.862577 0.883387 1.18209 1.239 0.942516 0.934662 0.848583 0.939498 
113 0.266339	0.0421131 0.631538 1.52255 0.808328 0.674479 0.920681 0.853648 2.07404 0.719607 0.850556 
114 0.0693884	0.579507 0.925451 0.971508 0.757236 0.773883 1.24187 0.903827 1.17256 0.829311 0.921767 
115 0.0852025	0.975972 0.925676 1.04373 1.16332 0.985452 1.28835 1.09451 1.29689 0.929323 0.92631 
116 0.05543	0.246286 0.623289 2.06139 1.74788 0.853223 1.4662 1.705 2.3971 0.7676 1.41698 
117 0.153381	3.13135 1.04084 0.771123 1.23043 1.10032 1.55811 1.37337 0.856316 1.00558 1.22574 
0000 0.203539	1.87456 1.10994 0.544621 0.721921 0.877229 0.764666 0.726671 0.543677 1.10179 0.929121 
0001 0.160946	0.777749 1.1284 0.809171 0.99485 0.948588 1.01036 1.02667 1.2934 1.1296 1.01424 
0002 0.0542415	0.0235699 0.762783 1.54988 0.841079 0.699819 0.65834 0.643557 1.86901 0.708948 1.02401 
0003 0.0722035	63.2731 1.43788 0.923762 1.82436 1.46853 2.08111 2.04407 1.21002 0.787735 1.18316 
0004 0.105815	1.09357 0.982306 1.47274 1.33143 1.09355 1.34849 1.44376 2.0135 0.879417 1.39999 
0005 0.137026	1.53245 1.01193 0.897155 0.974529 0.848343 0.768126 0.787384 0.862872 0.945518 0.975465 
0006 0.110439	10.318 1.4594 0.608497 1.34077 1.48288 1.49094 1.32731 0.756204 1.08392 1.03679 
0007 0.155789	1.34478 1.00116 1.30583 1.34579 0.966606 1.26661 1.10192 1.30814 0.898566 0.948606 
0010 0.141003	0.323633 1.15038 1.1748 1.1212 1.16666 1.06753 1.13053 1.34995 0.943239 1.17323 
0011 0.0722051	4.49626 1.11594 1.09813 1.05293 1.22747 1.35553 1.34762 1.00807 0.897302 1.5877 
0012 0.107577	29.6887 1.27542 1.03189 1.25039 1.31097 1.19437 1.46667 1.04428 1.25903 1.37415 
0013 0.113257	0.685666 0.945993 1.72458 0.903725 1.12857 0.891916 1.07815 1.75708 0.976295 1.62315 
0014 0.0786954	0.0351691 1.05296 1.13969 0.698285 0.741534 0.426015 0.767396 1.17557 1.43962 1.10201 
0015 0.181243	2.28975 1.06153 0.783446 0.859605 1.03407 0.734005 0.700893 0.768127 0.995905 0.969875 
0016 0.25069	0.224245 0.834865 0.912197 0.873913 1.0525 0.705635 0.711926 0.859522 0.816009 1.05586 
0017 0.0553302	2.56653 1.02355 0.937154 1.35806 1.18283 1.53445 1.16684 1.02621 1.25162 1.3599 
0020 0.0460412	10.3034 0.928816 1.10715 1.1745 1.35389 1.24866 1.49488 0.967281 1.08436 1.55357 
0021 0.132922	0.615589 0.977419 1.35992 0.917587 0.941019 0.847061 1.05216 1.78499 0.992906 1.04162 
0022 0.0487382	44.7116 1.81279 0.742006 1.21293 1.58682 1.81082 2.19188 1.00529 1.62286 1.64466 
0023 0.0932383	5.15812 0.920368 1.11512 0.942872 0.901978 1.4353 1.27537 1.12788 0.721356 1.01775 
0024 0.226739	0.263562 0.936599 0.674842 0.689747 0.958174 0.697548 0.598189 0.508772 1.1689 0.888249 
0025 0.219226	0.41507 1.09118 0.979595 0.804807 0.95653 0.725108 0.864992 0.916337 1.17593 0.93236 
0026 0.147948	2.38288 1.04192 1.03079 1.09757 1.06279 1.0976 1.17268 0.886789 0.886939 1.14977 
0027 0.0851474	0.932876 0.900159 1.16033 1.48233 1.14489 1.28658 1.03689 1.25782 0.771071 1.29465 
0030 0.0796667	0.834787 0.857937 2.04625 1.23504 1.03413 1.27101 1.59753 2.24231 0.915984 1.00131 
0031 0.0876667	33.5221 0.936603 0.843749 1.44951 1.20229 1.98272 1.33629 0.844996 0.738145 0.869211 
0032 0.0926667	2.33143 0.810353 0.818898 0.949447 0.925885 1.02774 1.06037 0.711931 0.919555 0.727246 
0033 0.257333	0.354917 0.787969 0.654854 0.754284 0.814312 0.656368 0.637768 0.683258 0.782954 0.642087 
0034 0.172333	0.309561 0.741729 1.16113 1.12618 0.713105 0.824765 0.844249 1.20686 0.807147 0.982371 
0035 0.0713333	2.16541 0.98043 1.69658 1.14208 1.16111 1.58987 1.56659 1.75051 0.708461 0.974187 
0036 0.125333	5.57752 0.880168 1.29981 1.17348 1.11917 1.42165 1.58625 0.896086 0.664234 0.988314 
0037 0.113667	0.67941 0.782969 1.01666 1.13532 0.955748 1.24494 0.883258 1.00576 0.727861 0.894508 
0040 0.104751	4.90067 1.0068 1.00232 1.1516 1.1654 1.11875 1.40624 0.904704 1.11793 1.23514 
0041 0.15867	2.35503 1.19659 0.987555 1.174 1.06127 0.911892 1.10005 0.930463 1.2518 0.882424 
0042 0.171971	0.390337 0.93123 1.59764 0.717695 0.692533 0.928252 0.993027 1.91104 1.31036 0.912059 
0043 0.0745843	33.3701 1.42634 0.575847 0.973154 1.16836 1.5536 1.51509 0.46602 0.842345 0.662418 
0044 0.0945368	0.0562651 0.95335 0.613664 0.486147 0.621298 0.539872 0.414075 0.69552 1.51256 0.678872 
0045 0.189311	0.376374 0.925979 0.721263 0.769597 0.974615 0.921032 0.621571 0.649654 1.60577 1.02015 
0046 0.153207	1.13319 1.02809 0.963639 0.906392 1.16001 1.03906 1.17542 0.942131 1.07305 0.870252 
0047 0.0529691	8.97676 1.32105 0.825699 1.18781 1.39836 1.10864 1.30841 0.884908 1.5151 1.24565 
0050 0.0705477	0.199271 0.766259 0.494829 0.655369 0.702348 0.565091 0.551719 0.499604 0.885236 0.620082 
0051 0.186407	14.961 0.798052 1.381 1.41031 0.996766 1.26007 1.32365 1.08514 0.632784 0.854417 
0052 0.111844	2.29601 0.872479 0.897147 0.666288 0.97094 0.947808 0.752303 0.743278 0.783808 0.918336 
0053 0.165472	0.297657 0.809389 1.19996 1.02069 0.867347 0.869071 0.804594 1.19102 0.897401 0.867587 
0054 0.0960711	1.01425 0.981588 1.04522 0.80177 0.861773 1.02206 1.00582 0.691635 0.776206 0.738663 
0055 0.122742	0.100264 0.879743 1.03749 0.997928 0.748891 0.667449 0.563886 0.892572 0.799816 0.720508 
0056 0.136507	2.38576 0.746278 1.75278 1.30785 1.11703 1.6242 1.2956 1.52129 0.796434 1.02542 
0057 0.11041	0.761675 0.880279 1.60373 1.14013 0.97811 1.19341 1.10952 1.23588 0.652189 0.949922 
0060 0.303559	0.0737548 0.743442 1.28671 0.803903 1.00418 0.896796 0.768639 0.742174 1.09525 1.2879 
0061 0.0920081	2.00899 1.02723 1.20284 1.44214 1.15434 1.15779 0.822049 0.621379 1.12382 1.40245 
0062 0.0836132	30.8758 1.12458 1.09274 1.96777 1.81409 2.81383 1.46832 0.667466 1.07094 1.85612 
0063 0.167898	0.27467 1.16167 0.947878 0.980849 1.12922 0.863244 1.18087 0.890977 1.68613 1.76701 
0064 0.0950302	1.14299 1.25265 0.986174 1.36408 1.19426 1.19032 1.21624 0.643373 2.29621 1.57419 
0065 0.0943586	4.37913 1.38239 1.202 1.39065 1.46277 2.04415 1.45741 0.85112 1.22527 1.83543 
0066 0.0836132	0.729815 1.53564 0.865562 1.00697 1.29624 1.27413 1.43074 1.3297 2.20843 1.32849 
0067 0.0799194	0.477125 0.899069 1.26177 0.763417 0.880337 1.06577 1.13794 1.05769 1.67332 2.04883 
0070 0.115214	1.88369 1.10655 0.993096 0.994498 0.907687 1.36159 1.20353 1.51891 1.05429 0.838344 
0071 0.172821	1.92888 0.969991 1.5452 1.41989 1.20227 1.68614 1.30854 1.81291 0.801333 0.998711 
0072 0.0465288	81.4406 0.910466 1.3349 1.57984 1.45873 2.10685 1.81057 1.18807 0.623404 1.12231 
0073 0.0836041	12.645 1.3763 0.914528 1.62254 1.30387 1.87495 1.39151 0.858396 0.786683 0.828093 
0074 0.200739	0.0734517 0.718451 0.760335 0.951404 0.889577 0.942229 0.639253 0.761932 0.78804 0.834874 
0075 0.156278	0.0365394 0.743294 0.942953 0.709974 0.607025 0.573129 0.537113 1.028 0.872869 0.989024 
0076 0.100148	2.91633 0.872285 0.974825 1.40006 1.15349 1.39407 0.950459 0.797928 0.823401 1.33694 
0077 0.124668	0.33631 0.824742 0.603284 0.854348 0.743572 0.66799 0.540557 0.501733 0.878585 0.834552 
0100 0.0873445	0.0665589 0.903338 1.40651 0.582711 0.833708 0.529311 0.774811 1.55599 1.12122 1.06228 
0101 0.190103	0.728978 1.09084 0.763891 0.84809 1.05404 1.00358 0.893095 0.868326 1.08596 0.946535 
0102 0.0713899	31.9013 1.16072 1.21938 1.08905 1.32677 1.28177 1.49127 1.53567 1.27855 1.09315 
0103 0.121417	22.7487 1.01974 1.06536 1.40124 1.31268 1.97428 1.40777 1.07447 0.966068 1.25924 
0104 0.0603029	4.03203 0.995769 1.84429 1.39119 1.17884 1.39537 1.56982 2.18333 0.969583 1.13991 
0105 0.193348	3.7275 0.772121 0.682739 0.778191 0.909357 0.790098 0.775857 0.572718 0.941241 0.940234 
0106 0.0711195	49.8507 1.13505 1.11824 0.977453 1.32045 1.33715 1.43187 0.893783 1.23747 1.20719 
0107 0.204976	2.08242 0.791961 1.14412 1.06111 1.05817 1.05829 0.774598 1.07398 0.834195 0.881167 
0110 0.0522432	41.1985 1.17162 1.05981 1.29157 1.20986 1.72082 1.63298 1.10902 1.14018 1.31813 
0111 0.0823495	29.5708 0.96542 1.35386 1.41801 1.17241 1.6666 1.05098 1.19071 0.799355 1.08218 
0112 0.0823495	1.9867 1.05058 1.88126 1.33639 1.07828 1.8972 1.67837 2.18542 1.01883 1.2414 
0113 0.260626	8.15592 1.16711 0.974078 1.10903 0.973346 1.1576 0.984488 0.947823 0.999458 0.834633 
0114 0.164994	3.00535 0.97847 0.74134 0.826915 0.957286 1.0325 0.850911 0.709245 1.16643 0.8574 
0115 0.0752656	0.36999 0.777153 0.710765 0.679013 0.679893 0.504377 0.362166 0.548611 0.936324 0.6592 
0116 0.169717	4.64198 0.846171 1.33088 0.846639 0.86629 0.664319 0.765872 1.16766 1.01874 0.900824 
0117 0.112456	426.59 1.3239 1.22667 1.05333 1.41297 2.23558 2.02243 1.33104 0.99598 1.07178 
0120 0.100543	0.00293795 0.996297 1.2858 0.912856 0.813504 1.0812 1.29217 1.91722 1.32083 1.0802 
0121 0.0496894	0.328047 1.09166 0.894326 1.00207 1.26422 1.67091 1.73249 1.10639 1.05059 1.26856 
0122 0.155668	0.0051536 0.945447 0.60407 0.673562 0.787071 0.569458 0.620753 0.676026 1.2059 0.824706 
0123 0.0923913	2.44917 1.18436 1.07359 1.24668 1.45343 1.71304 1.43441 0.991675 1.18002 1.15179 
0124 0.109084	0.0349813 0.695053 1.41738 1.27657 0.905088 1.14492 0.988647 1.21595 0.889288 1.29635 
0125 0.223602	0.354903 1.05484 0.916139 1.10291 0.927902 0.910801 0.744277 0.749337 0.900722 0.911683 
0126 0.170031	0.0222024 0.674682 1.02276 1.07262 0.854975 0.687419 0.749229 1.00559 1.30142 0.99488 
0127 0.0989907	0.912203 0.956604 1.32449 0.934515 1.00202 1.27771 1.41207 1.42797 0.880462 1.00955 
0130 0.0906832	4.15129 1.02578 1.35774 0.85886 0.888507 1.2284 1.27542 0.998177 0.910982 0.959855 
0131 0.107329	0.316685 0.932618 0.69644 0.737292 0.768835 0.715018 0.686165 0.599848 1.17314 0.934482 
0132 0.0959006	0.307325 0.961078 0.963952 0.986213 0.78047 1.23631 1.11367 1.0458 1.21513 1.20133 
0133 0.178882	1.71122 0.705885 0.95562 1.12209 0.970294 1.3625 1.08805 1.07983 1.04618 1.19856 
0134 0.128944	0.0630125 0.855701 0.763439 0.494413 0.652433 0.527034 0.52853 0.694782 1.05233 0.817619 
0135 0.0961491	30.4721 0.749945 1.40175 0.858963 0.963119 1.88366 1.09792 1.18913 0.702916 1.14503 
0136 0.184099	0.140294 0.89805 1.07804 0.835897 0.755034 0.816986 0.862995 1.47288 0.986503 1.11835 
0137 0.118012	0.760373 0.941413 1.04453 0.769897 0.924169 0.915156 0.97625 1.20862 1.05577 0.906459 
0140 0.253053	13.5927 1.16372 1.44278 1.26023 1.22627 1.5963 1.53414 1.41496 0.794085 1.47264 
0141 0.0784998	0.00834737 0.790658 0.926925 0.56457 0.685756 0.565957 0.546426 1.11174 0.959087 0.945117 
0142 0.208897	6.19217 1.25279 0.793274 1.30628 1.25749 1.69377 1.28501 0.739266 1.0401 1.47296 
0143 0.136939	0.979687 1.04384 0.998475 1.09893 1.02336 1.08555 0.858154 0.958452 0.96465 1.03357 
0144 0.0765373	0.195187 0.912127 0.544891 0.679526 0.872748 0.663008 0.51191 0.531055 1.07749 0.675838 
0145 0.0976886	0.19901 1.12361 0.757669 0.752204 0.87157 0.920749 0.756352 0.935307 0.948753 0.915231 
0146 0.0936546	0.609776 0.922987 1.39611 1.07156 0.992381 1.01011 1.03917 2.03966 0.933226 1.22099 
0147 0.0547318	1.48245 0.806701 0.690871 0.925209 0.848456 0.961102 0.565741 0.723156 0.810203 0.976964 
0150 0.0862971	7.62928 0.840215 1.47581 1.34833 1.21289 1.88366 1.50067 1.27175 0.826888 1.10619 
0151 0.178173	38.1287 1.23258 0.826649 1.39882 1.42252 1.63891 1.43099 0.750602 1.02604 0.925684 
0152 0.0660739	0.267484 0.920693 1.53374 1.0731 0.896109 1.09384 1.44356 2.05622 1.05455 0.983023 
0153 0.245467	0.115278 0.846779 0.84977 0.672008 0.672006 0.619587 0.474567 0.919869 0.927062 0.835646 
0154 0.0688633	0.021573 0.745622 1.5026 0.772183 0.771825 0.770112 0.630077 1.37989 0.705454 1.05128 
0155 0.135286	0.354512 1.1499 1.01701 0.887935 0.817193 0.796543 0.935578 1.35849 1.22741 0.974774 
0156 0.134066	1.4072 1.1211 0.642269 1.09327 1.01528 1.19743 1.00692 0.540661 0.850444 0.73915 
0157 0.0857741	1.11658 0.999806 0.963742 1.23238 1.0009 1.11742 0.953378 0.939712 0.809963 0.93679 
0160 0.155227	0.178331 0.780865 0.889286 0.986537 0.98252 1.0053 0.959569 1.04077 0.997397 1.33868 
0161 0.121131	3.38853 0.96926 1.0891 1.1509 0.997358 1.68252 1.21756 1.32241 1.13711 1.22233 
0162 0.0843428	1.61491 0.820254 1.68907 1.65003 1.01805 1.43019 1.1856 1.38978 0.926199 1.47891 
0163 0.110363	36.1878 1.33179 0.898907 1.32977 1.24054 1.89444 1.52532 1.00213 0.939226 0.949476 
0164 0.119336	0.134195 0.915551 0.683037 0.761188 0.612162 0.669726 0.439491 0.748325 1.0305 0.809895 
0165 0.206371	0.366691 0.941945 1.203 0.88595 0.884419 0.87007 0.813108 1.29068 0.745423 0.920488 
0166 0.111261	1.44085 1.17939 0.728723 0.972176 0.912687 1.10555 1.06382 0.674451 1.22701 0.949185 
0167 0.0919695	1.49821 0.800685 0.73811 0.833231 0.871314 0.750013 0.864881 0.724722 0.991469 0.90502 
0170 0.0542245	2.81546 1.10939 0.947661 1.45122 1.0357 1.37903 0.819153 0.842732 1.05626 1.27186 
0171 0.139975	13.7584 1.22732 0.878114 1.17644 1.08682 1.18359 1.27208 1.09608 1.17564 1.19679 
0172 0.145019	1.26153 0.934341 0.734673 0.776435 0.801311 0.783641 0.622848 0.628151 1.17561 0.994699 
0173 0.209332	4.03673 1.02305 1.51991 1.19457 1.03193 0.998257 1.09897 1.45758 1.04971 1.05832 
0174 0.160782	0.186701 0.871056 1.05359 0.883715 0.743559 0.650854 0.616286 1.10517 0.900897 0.928096 
0175 0.0967844	5.13364 1.2285 0.69819 0.694645 0.848619 0.725922 0.702704 0.714698 1.24921 0.776275 
0176 0.130832	150.706 1.14746 1.42633 1.62275 1.55744 2.15506 1.9927 1.35091 0.759832 1.66953 
0177 0.0630517	2.55982 1.0183 1.07582 1.41527 1.07462 1.53191 1.27298 1.21219 1.17935 1.29198 
1000 0.0898469	0.128572 0.949311 1.16199 0.944019 0.789764 0.74444 1.11416 1.25222 1.14989 1.04694 
1001 0.207494	0.459742 1.02217 1.49104 1.32697 1.00965 1.34734 1.70341 1.59511 1.01594 1.32496 
1002 0.189363	0.250937 0.957898 0.705527 0.725113 0.87388 0.586795 0.860065 0.621313 1.06397 0.782445 
1003 0.0809831	0.0153337 0.900443 0.879308 0.964206 0.758746 0.618658 0.62691 0.848148 0.854539 0.918972 
1004 0.0604351	28.3113 1.32673 0.958783 1.28979 1.30097 2.22222 2.18159 0.836966 1.24552 1.06866 
1005 0.0765512	0.0594295 0.744314 1.37939 1.17395 0.730781 0.772173 0.79157 1.31195 0.85974 1.17686 
1006 0.136986	0.620035 1.13509 0.799015 1.05016 1.05407 1.242 1.11796 0.719326 1.09688 1.15736 
1007 0.15834	4.33547 1.33821 0.913969 1.30106 1.10846 1.24371 1.26547 0.893309 0.98936 1.14691 
1010 0.125237	8.99402 1.25243 1.20134 1.34203 1.23037 1.59943 1.74695 1.67071 1.27317 1.01268 
1011 0.155123	0.151321 1.22168 1.36208 1.21437 0.935741 1.09114 1.00813 1.53106 1.24737 0.851393 
1012 0.202087	0.0103008 0.943017 0.719448 0.702319 0.688212 0.518602 0.482449 0.746799 1.30445 0.641182 
1013 0.221537	2.90526 0.974167 0.683446 0.802287 0.938968 0.953181 0.928752 0.54307 1.145 0.825194 
1014 0.0555028	0.215843 1.10227 0.835037 0.745474 0.897992 0.787202 1.04673 0.91615 1.39958 0.866868 
1015 0.0896584	3.89879 1.08726 0.905055 1.24989 1.13426 1.54816 1.46467 0.913976 1.20842 0.955309 
1016 0.0464896	34.0105 0.882263 1.28541 1.53589 1.18483 1.82259 2.60332 2.30423 1.2948 1.57872 
1017 0.104364	0.0631857 0.790517 0.978469 0.965168 0.847759 0.642865 0.805062 1.15195 1.05795 0.85126 
1020 0.129954	0.19312 0.883968 0.907571 1.0458 0.913311 0.916988 0.693133 0.707966 0.752147 0.750929 
1021 0.115207	0.270071 0.774311 0.724673 0.662689 0.770649 0.448444 0.515399 0.802396 0.956699 0.719235 
1022 0.113364	0.161795 0.744126 1.30237 0.737798 0.828246 0.934801 1.0609 1.37598 0.949402 0.957545 
1023 0.0921659	0.0576406 0.766493 0.585303 0.846022 1.04258 0.685759 0.751517 0.554335 0.94078 0.941053 
1024 0.0774194	0.0661356 0.726454 1.18674 0.777713 0.765881 0.724125 0.75811 1.94448 0.65265 0.773495 
1025 0.261751	0.392627 0.737326 0.931399 1.07692 0.784244 0.830111 0.869984 1.12766 0.84682 0.900479 
1026 0.121659	0.0329974 0.988275 1.74928 1.63297 0.923928 0.917085 1.33725 1.89183 0.846298 1.12463 
1027 0.0884793	24.4875 1.04019 0.841012 1.7376 1.52822 1.91188 1.9702 1.08709 0.902264 1.18322 
1030 0.135052	0.03878 0.930157 0.537057 0.346425 0.659954 0.656753 0.4701 0.570405 0.925589 0.564879 
1031 0.071134	0.384909 1.21902 0.872418 0.602357 0.973314 0.792421 0.801484 0.631778 0.876968 0.749129 
1032 0.289691	10.0981 1.15576 0.865482 1.26051 1.17293 1.48951 1.11405 0.654348 0.867993 1.04773 
1033 0.112371	0.188425 0.736708 1.16747 0.754344 0.813372 0.937482 1.24053 1.52212 0.911138 1.23821 
1034 0.112371	1.08806 1.2022 1.06763 0.661708 1.01235 1.3763 1.40348 0.691215 0.784358 0.889784 
1035 0.11134	0.204985 1.20126 0.49152 0.418777 0.916924 0.784212 0.766748 0.581241 1.24875 0.700477 
1036 0.0649485	0.101894 0.794774 1.48724 0.957466 0.818583 1.17129 0.992686 1.41003 0.86869 1.11542 
1037 0.103093	0.608885 1.13402 1.09811 0.795666 0.946835 1.51501 1.11644 1.32237 0.787637 0.811907 
1040 0.05	2.14733 1.00663 0.84757 0.772101 0.900637 0.765581 0.840559 0.593328 0.829648 1.04532 
1041 0.187963	0.251734 1.0739 1.10261 0.972583 0.849691 0.709681 0.910495 1.03616 0.80118 1.17826 
1042 0.138889	3.0924 0.695454 1.19797 1.39819 1.09542 1.43151 1.41862 1.01771 0.623514 1.18468 
1043 0.19537	0.753291 0.769971 0.929919 1.3775 1.04838 0.878358 1.05824 0.821406 0.864676 1.16744 
1044 0.0675926	0.0518681 0.666201 1.15881 0.629821 0.607153 0.542881 0.817904 1.30825 0.85948 0.93762 
1045 0.100926	25.0222 1.27249 1.00459 1.6571 1.22635 1.09359 1.58607 0.701905 0.820911 1.19287 
1046 0.155556	1.02084 0.84023 1.42584 1.46094 1.24827 1.40186 1.69511 1.70251 0.684165 1.33518 
1047 0.103704	0.52474 1.00061 0.546424 1.01637 0.897353 0.829399 0.593543 0.580566 1.1374 0.999839 
1050 0.0699638	2.64085 0.97738 0.564541 1.02328 0.975627 0.75062 0.824925 0.549489 0.923271 0.914212 
1051 0.177322	3.98386 1.40512 1.45863 0.843842 0.971436 0.791311 1.11363 1.61111 0.956798 0.963425 
1052 0.0940893	159.57 1.24616 1.47642 1.16648 1.49341 1.83137 2.40104 1.39224 0.789168 1.12261 
1053 0.148372	0.446556 0.815106 0.802127 0.788197 0.75013 0.619428 0.743821 0.940928 0.81972 0.877808 
1054 0.0759952	2.65921 0.876449 0.888441 1.14186 0.85791 0.765883 0.620691 0.606113 0.580515 0.764099 
1055 0.136309	0.0130665 0.834333 1.23556 0.849756 0.858796 0.825957 0.770397 1.72042 0.66019 0.894366 
1056 0.117008	2.75307 1.50402 0.763179 1.01653 1.21774 1.18754 0.99986 0.700132 0.79425 0.922203 
1057 0.180941	6.20319 0.966812 1.0452 1.31136 1.02252 1.52029 1.1209 1.21542 0.730658 1.05096 
1060 0.221633	1.53095 1.24935 0.933624 0.958503 0.999147 1.11155 1.16046 1.16621 1.24063 1.08756 
1061 0.163309	24.3056 0.929882 1.70051 0.906584 1.20023 1.67688 2.00768 1.07866 0.748892 0.994816 
1062 0.100742	3.54276 0.860897 1.32883 0.963164 1.16935 1.39905 1.17831 1.02319 0.72748 1.10389 
1063 0.195122	0.463678 0.948175 0.802482 0.607764 0.875607 0.580969 0.981479 0.875556 1.18743 0.976856 
1064 0.0455992	0.0480537 0.927466 0.473495 0.422552 0.634635 0.381061 0.512571 0.506297 1.06096 0.494333 
1065 0.11983	0.238661 0.897109 1.65873 0.996983 0.874279 1.10561 1.17378 1.8333 0.944425 1.0103 
1066 0.0922587	0.150083 0.849389 1.06936 0.576939 0.688191 0.487042 0.679056 0.838359 0.83035 0.743689 
1067 0.0615058	0.540004 0.933012 0.819114 1.27408 1.19547 1.31136 0.674952 1.00402 0.909387 0.988158 
1070 0.220974	0.193759 0.859824 0.675916 0.865571 0.80473 0.423496 0.732577 0.599575 1.18088 0.825055 
1071 0.243446	0.339769 0.98053 0.948954 1.10284 1.01583 0.911481 1.06901 0.916934 0.952268 1.1431 
1072 0.110487	0.0958394 0.878184 1.20842 0.8043 0.829955 0.665795 1.05619 1.42717 1.13583 1.19876 
1073 0.0514981	8.0522 0.865991 0.932971 1.13985 1.00176 1.01925 1.40459 1.16204 1.21412 1.24375 
1074 0.0514981	0.0189823 0.710336 0.998836 0.64791 0.610095 0.416426 0.595816 1.09035 1.03767 0.70806 
1075 0.122659	6.85248 0.759078 1.60833 0.777067 1.09054 1.24651 1.89914 1.93161 1.10618 1.57229 
1076 0.111423	8.06232 0.734911 1.4469 1.1535 1.192 1.22686 1.4079 1.12904 1.04308 1.4718 
1077 0.088015	117.935 0.886799 0.91867 1.07634 1.31519 1.25202 1.52084 0.511411 0.780164 1.24127 
1100 0.107744	0.223975 0.580115 1.00136 0.444293 0.595776 0.460691 0.478084 1.09838 0.528432 0.570994 
1101 0.185185	0.0968491 0.615811 1.00644 0.654024 0.693693 0.449046 0.468968 1.58669 0.734342 0.752781 
1102 0.0639731	6.87926 1.26758 0.466795 0.695837 1.35776 1.78516 1.6918 0.391851 0.914762 0.992578 
1103 0.1156	0.0249649 0.586315 1.74946 0.460899 0.597654 0.495718 0.553436 1.45335 0.627679 0.831642 
1104 0.156004	2.45846 0.773935 1.28511 0.722251 1.04185 1.02527 1.17627 1.17832 0.681597 1.29787 
1105 0.0617284	0.326172 0.858075 3.00014 0.837032 0.982594 0.707285 0.982791 2.4431 0.630453 1.33433 
1106 0.239057	0.737603 0.78152 0.741304 0.428039 0.730904 0.558645 0.67772 0.612295 0.731918 0.529816 
1107 0.0707071	37.6961 1.12742 0.896572 1.17116 1.22551 1.32055 1.15334 0.8216 1.04862 0.824307 
1110 0.0996732	3.0569 1.29809 0.996271 1.18307 1.07955 1.5735 1.56173 1.07208 0.993294 1.2702 
1111 0.0706699	1.72756 0.945849 1.34612 1.02456 0.927608 1.38353 1.09733 1.30067 0.781743 1.08228 
1112 0.0510621	0.248774 1.10168 1.81515 0.945938 1.03673 1.32127 1.43261 2.29853 0.837896 1.2015 
1113 0.145016	0.469994 1.24154 1.09024 1.10098 1.06805 1.4088 1.20977 1.40991 0.716012 0.943578 
1114 0.061683	36.1981 1.65592 0.571208 0.801495 1.37327 1.7216 2.34614 0.67929 0.849836 0.897833 
1115 0.252042	0.588218 0.827258 0.647278 0.914618 0.878008 0.832957 0.751377 0.770929 1.09578 0.748892 
1116 0.102124	6.38269 1.28271 0.997705 1.13554 0.943518 1.13709 1.49496 1.20972 1.13588 1.22634 
1117 0.217729	0.109674 0.799841 1.07097 0.792973 0.696182 0.703079 0.753031 1.41181 0.844643 1.1333 
1120 0.136	20.0218 1.02798 1.17619 1.73622 1.10366 1.98028 1.55891 0.996548 0.748114 0.989953 
1121 0.1008	0.242832 0.569699 1.65138 0.782891 0.515684 0.674702 0.870186 1.56612 0.980015 1.01565 
1122 0.184	2.45322 0.872871 0.93081 0.954545 0.879025 0.843091 0.876678 0.543444 1.02932 1.06535 
1123 0.0648	4.94634 0.667757 1.25758 1.17366 0.699888 0.950233 0.8981 1.14319 0.847093 1.07252 
1124 0.1416	1.19668 0.947115 1.39726 1.22821 0.681338 0.871996 0.93198 1.27154 1.20763 1.14141 
1125 0.044	0.0849713 0.601716 0.460619 0.397774 0.469832 0.348966 0.390297 0.484153 1.16125 0.690198 
1126 0.1608	0.638261 0.769808 0.648065 0.993249 0.818461 0.806485 0.63495 0.744931 0.998101 0.874432 
1127 0.168	0.223078 0.768886 0.974065 0.796524 0.579381 0.5856 0.573234 0.887732 1.19329 0.930191 
1130 0.189034	0.567191 0.871382 0.718505 0.77041 0.906434 0.827291 0.717291 0.6722 1.05133 1.01133 
1131 0.121781	0.653916 0.974362 1.19053 1.29307 1.1071 0.967101 1.05431 0.835613 0.931502 1.26538 
1132 0.0960315	4.51354 1.3691 1.3613 1.89031 1.57374 2.12849 2.21229 1.71606 0.977645 1.56583 
1133 0.239321	11.3417 1.68328 0.821617 1.56224 1.6529 1.65021 1.2269 0.577604 1.10091 1.30989 
1134 0.0914874	0.515312 1.33564 2.04943 1.134 0.952129 1.06144 1.24261 2.249 1.67033 1.28505 
1135 0.129658	0.147913 0.954621 1.22593 0.925964 0.85009 0.840883 0.688627 1.21633 1.15851 1.14728 
1136 0.078764	0.609439 1.02049 0.5472 0.78734 1.02016 0.640471 0.651545 0.368846 1.19647 0.91128 
1137 0.0539231	0.673049 1.20672 0.90921 0.829253 0.936075 0.968026 1.08515 1.03723 1.37155 0.954238 
1140 0.12907	19.9276 1.70205 0.935622 1.05985 2.07237 1.71803 2.54337 0.784871 1.66368 1.19021 
1141 0.169767	1.86922 0.925997 1.60809 1.33456 1.28577 1.17948 1.86692 1.01278 0.64865 1.07032 
1142 0.0523256	6.13086 0.893317 0.826233 1.95759 1.56188 1.34985 1.52373 0.411807 0.924874 1.1897 
1143 0.0848837	0.705091 0.882853 1.77334 1.45429 1.43186 1.39494 1.71689 1.52781 1.01817 1.49301 
1144 0.130233	0.0996016 0.873483 1.02952 1.02514 1.06877 0.687256 0.890723 0.915202 1.16289 1.07141 
1145 0.188372	0.289584 1.18505 0.763711 0.989286 0.935517 0.591031 0.873848 0.838686 1.65356 0.677746 
1146 0.0872093	3.72338 0.880217 0.629169 1.19614 1.18777 0.923335 1.28106 0.380422 0.913977 1.16215 
1147 0.15814	0.824469 1.29649 0.770625 0.946353 1.36524 0.806298 0.834669 0.670494 1.14527 0.825118 
1150 0.124053	0.446778 0.717316 1.14017 1.1511 0.981914 1.25732 0.804095 1.08913 0.869304 1.41216 
1151 0.285038	2.22245 1.19981 0.789822 1.38158 1.17909 1.48924 1.32911 0.704593 1.11109 1.26356 
1152 0.104167	0.115339 1.04524 0.516735 0.774056 0.83462 0.726269 0.593349 0.349043 0.927451 0.89324 
1153 0.0842803	32.0347 1.15762 2.29427 1.50946 1.43457 2.20625 2.0234 1.72104 0.840818 1.46731 
1154 0.0653409	0.0560221 0.962002 1.7797 0.748056 0.799802 1.02692 1.08942 2.13114 0.947265 1.35881 
1155 0.153409	0.793795 1.43606 0.95956 0.950035 1.15348 1.42582 0.966419 0.814574 0.801367 0.742635 
1156 0.0785985	0.282693 0.751963 1.4318 0.936016 0.91645 1.07037 1.0428 1.07939 0.760405 1.53589 
1157 0.105114	6.65229 1.47294 1.04461 0.89893 1.13605 1.36758 2.1916 1.08338 1.11886 1.1623 
1160 0.103348	1.98576 1.7135 0.795822 0.646156 1.07217 1.4703 0.759178 0.784055 0.795837 0.573158 
1161 0.069869	10.0705 1.64921 1.0614 0.749792 1.6404 2.06474 1.12894 1.12665 0.896727 1.12915 
1162 0.0582242	37.3486 2.38077 0.909881 1.04217 1.46605 1.86656 1.54446 1.38665 1.62107 0.844203 
1163 0.144105	1.1079 1.51535 0.726327 0.773142 1.3214 1.25493 0.746396 1.00669 1.09613 0.820682 
1164 0.069869	3.21559 1.86023 0.722715 0.618973 1.27859 1.59972 1.16149 1.0785 1.38887 0.740671 
1165 0.219796	0.585807 1.44139 1.55895 0.753776 1.05768 1.09928 0.889853 1.68305 1.20028 0.849535 
1166 0.0786026	5.61578 1.72557 0.931176 0.895991 1.24554 1.25705 1.22156 0.809214 1.34584 1.07744 
1167 0.256186	0.285745 1.41188 0.687693 0.486799 0.987223 0.638944 0.71063 0.751978 1.30468 0.706954 
1170 0.10363	3.90957 1.65099 0.437976 0.700366 1.18241 0.970607 1.01069 0.364074 1.26161 0.617471 
1171 0.0662809	1.41959 1.10258 1.86038 1.16174 1.13171 1.10014 0.988144 1.63566 0.730168 0.995165 
1172 0.13151	18.3297 1.36265 1.87741 1.61477 1.46511 1.89303 1.48408 1.47348 0.919613 1.14316 
1173 0.120989	2.13291 0.925486 1.56178 1.16986 1.28547 1.77916 1.2282 1.25931 0.629569 1.10538 
1174 0.144135	0.071012 0.906865 1.58311 0.642269 0.707253 0.759183 0.817957 1.22025 0.770815 0.634854 
1175 0.199895	0.611085 0.948078 1.06943 0.74273 0.869456 0.859521 0.848987 1.26601 0.991081 0.708017 
1176 0.152551	0.246595 0.808723 1.48011 1.17037 1.00115 0.851655 0.729387 1.20661 0.703511 0.786212 
1177 0.08101	1.03395 1.38978 1.03827 0.881061 0.937203 1.10163 0.764055 1.07227 0.859276 0.533849 
BOUNDS
LWPS R    0.0  0.0  0.0  0.0  0.0  0.0  0.0  0.0  0.0  0.0
UWPS R    0.5  0.5  0.5  0.5  0.5  0.5  0.5  0.5  0.5  0.5
LXAS R   -0.5 -0.5 -0.5 -0.5 -0.5 -0.5 -0.5 -0.5 -0.5 -0.5
UXAS R    0.5  0.5  0.5  0.5  0.5  0.5  0.5  0.5  0.5  0.5
END
