NAME moment_estimations_cluster
ASSETS 10
BENCHMARKS 0.1 0.1 0.1 0.1 0.1 0.1 0.1 0.1 0.1 0.1 
COVARIANCES
0 0 0.082778
1 0 0.0147317
1 1 0.00572697
2 0 0.00751877
2 1 0.0041849
2 2 0.010909
3 0 0.00586884
3 1 0.00283205
3 2 0.00519713
3 3 0.00585459
4 0 0.00259962
4 1 0.00399985
4 2 0.00707471
4 3 0.00333902
4 4 0.00918981
5 0 0.0166245
5 1 0.00434265
5 2 0.00728694
5 3 0.00296425
5 4 0.00260954
5 5 0.0120244
6 0 0.0238869
6 1 0.00796574
6 2 0.0109031
6 3 0.00601517
6 4 0.00914231
6 5 0.00962901
6 6 0.0197465
7 0 0.0140671
7 1 0.0010747
7 2 0.00161179
7 3 0.00545393
7 4 -0.00643721
7 5 0.00429514
7 6 -0.000595441
7 7 0.0275381
8 0 0.00533108
8 1 0.00821252
8 2 0.0180592
8 3 0.00753394
8 4 0.0202628
8 5 0.00702846
8 6 0.0225751
8 7 -0.0161383
8 8 0.0501342
9 0 0.0127019
9 1 0.0060037
9 2 0.00974081
9 3 0.00596386
9 4 0.00935095
9 5 0.00523386
9 6 0.0138908
9 7 -0.00111057
9 8 0.0223502
9 9 0.0155114
SCENARIOS
0 0.47205	1.1787 1.00181 1.07538 1.08627 1.03888 1.06076 1.1422 1.00981 1.18665 1.10983 
1 0.52795	0.88122 0.953731 0.947732 0.948301 0.939554 0.96108 0.913124 0.988868 0.890496 0.87675 
00 0.73507	0.899244 1.01863 0.972042 0.964357 0.96468 0.997431 0.904985 1.00991 0.92804 0.928555 
01 0.26493	1.25971 1.19215 1.13367 1.00932 1.18558 1.0814 1.2234 1.05686 1.3313 1.20653 
10 0.416384	1.15601 0.968569 1.08623 1.01909 1.09531 1.10347 1.15789 0.971258 1.29532 1.16729 
11 0.583616	1.00631 0.930858 0.97076 0.979953 0.913508 0.992807 0.900927 1.12811 0.871231 0.984337 
000 0.0580997	1.69805 0.999667 1.0218 1.13344 0.94048 1.17946 1.17744 1.6187 0.784012 1.05131 
001 0.0757082	1.17412 1.1014 1.12491 1.05089 1.32621 1.04081 1.3109 0.704284 1.63591 1.27266 
002 0.0782731	1.94278 1.16273 1.12843 1.03067 1.06171 1.12508 1.27384 1.05546 1.16556 1.00003 
003 0.113807	0.844855 0.966984 0.843899 0.878796 0.830817 0.786006 0.764964 1.15753 0.643088 0.808199 
004 0.241333	1.32997 0.976634 0.95169 0.907938 0.963348 1.00613 0.982816 1.1514 0.806369 1.03428 
005 0.0750166	0.902494 0.968464 1.11027 0.996338 1.08773 1.08162 1.06039 0.816266 1.18334 1.07052 
006 0.221505	0.843236 1.02757 1.01763 0.978041 1.07186 0.979427 1.01986 0.992005 1.06803 1.09827 
007 0.136258	0.639253 1.00763 1.01556 0.965945 1.11167 0.831778 1.00044 0.680256 1.35202 1.06015 
010 0.142412	0.924787 0.956513 0.878697 1.0883 0.879925 0.883164 0.882606 0.914324 0.786765 0.937438 
011 0.193347	1.52511 0.98963 1.08747 1.13868 0.891406 1.14879 1.11009 1.15517 0.992544 1.01869 
012 0.20782	0.955363 1.04936 0.972671 0.958214 1.02193 1.01924 0.976422 0.711819 1.08998 1.01542 
013 0.0825204	1.10218 1.18912 1.29979 1.12546 1.17781 1.24685 1.2862 0.757771 1.71365 1.22484 
014 0.0870782	0.810304 0.883158 1.05823 1.08926 0.897367 1.04795 0.860668 1.23199 0.774229 0.879862 
015 0.107548	0.953261 1.01508 1.00713 1.06077 0.949963 1.04217 0.938792 1.07737 0.937856 0.910125 
016 0.118983	0.581872 0.886105 1.09044 0.966038 1.13603 0.941186 1.01817 0.630526 1.43799 1.13899 
017 0.0602911	1.1673 0.916274 0.797675 0.964722 0.76305 1.04132 0.813281 1.01384 0.591162 0.807001 
100 0.213483	0.803293 1.06123 1.05947 1.02708 1.1744 0.867761 0.994149 0.841252 1.33061 1.15919 
101 0.0908884	1.27313 1.17995 1.17148 1.25058 1.10215 1.10113 1.15219 1.39219 1.08741 1.05866 
102 0.0686894	1.96067 1.2672 1.02554 1.14973 1.01696 1.07895 1.18455 1.1742 0.892507 1.15097 
103 0.0723741	0.914138 0.972624 0.830245 0.901738 0.840298 0.841447 0.732393 0.927163 0.65314 0.815463 
104 0.0544512	1.40926 1.26253 1.20856 1.17453 1.20077 1.09702 1.25984 0.944551 1.63411 1.36382 
105 0.112132	1.52428 1.0186 0.848211 1.01508 0.840963 0.988196 0.955606 1.10593 0.678951 0.918543 
106 0.268708	0.695301 1.03372 0.939689 1.03563 1.01053 0.805135 0.851039 0.944545 0.902471 0.94069 
107 0.119274	1.2522 1.04901 0.990278 1.04619 1.07332 0.991602 1.038 0.996941 1.0667 1.08479 
110 0.191646	0.889017 1.08456 1.03951 1.12553 1.2578 0.91422 1.09025 0.814688 1.38477 1.11415 
111 0.130696	0.833191 0.976894 0.882786 1.04945 0.875883 0.891759 0.820381 1.19105 0.667068 0.809146 
112 0.197585	0.805158 0.954411 0.959189 0.995367 0.997271 0.912496 1.018 0.991713 0.981091 0.944302 
113 0.146015	1.66366 1.06994 0.982327 1.1145 0.960967 1.0791 1.0879 1.39974 0.813168 0.971441 
114 0.0413151	1.50445 1.02915 0.891552 0.929385 0.98549 1.14358 1.06329 0.94301 0.784624 0.805215 
115 0.145917	1.4239 1.2533 1.12496 1.07213 1.13837 1.13584 1.33388 1.02414 1.19789 1.18793 
116 0.0598468	0.868447 1.01125 0.744201 0.820912 0.941348 0.824987 0.820119 0.701001 0.735709 0.729488 
117 0.0869791	0.675556 0.914286 0.829836 0.903767 1.03473 0.884059 0.874243 0.756107 0.898352 0.839585 
0000 0.0510913	1.62774 1.0092 0.85078 0.939264 0.914435 0.865742 0.892568 0.86893 0.887395 0.966846 
0001 0.0957341	1.8355 1.28991 1.05394 1.03641 1.0203 1.09446 1.14589 1.16189 1.10043 1.0957 
0002 0.0694444	1.09138 1.07555 1.11113 0.991211 1.04155 0.873482 0.952684 0.803285 1.3048 1.06315 
0003 0.206845	0.643556 0.973477 1.20367 0.936121 0.984469 1.01735 0.934207 0.941199 1.1177 1.06868 
0004 0.0684524	1.54507 1.24483 1.217 1.06642 1.30167 1.07831 1.19724 0.876768 1.61402 1.16764 
0005 0.11756	1.19824 1.00268 0.960981 1.05413 0.863564 1.08848 0.881685 1.1955 0.685528 0.869214 
0006 0.227183	1.06959 1.13702 1.0814 0.977682 1.10393 1.02177 1.05929 1.0062 1.14774 1.13 
0007 0.16369	0.855913 1.1018 0.919243 0.921423 0.898163 0.903006 0.847318 0.929137 0.864137 0.90582 
0010 0.0628093	1.71538 1.14457 1.14933 0.96569 1.05865 0.993947 1.08849 1.0129 1.2556 1.11205 
0011 0.0940236	0.665454 1.00449 0.963488 0.849001 0.969179 0.917099 0.900522 0.765059 1.14531 0.983688 
0012 0.126761	1.42058 0.961913 1.01831 1.01557 0.922607 1.13088 1.12766 1.23744 0.944489 0.943164 
0013 0.0494861	1.23612 1.06592 1.12596 1.1995 0.939524 1.06706 1.04277 1.37568 1.03943 1.11796 
0014 0.177389	0.879414 0.957424 0.864695 0.917689 0.85876 0.851237 0.822759 1.25906 0.696419 0.79029 
0015 0.207842	0.980873 1.048 1.30479 1.06916 1.20682 1.08114 1.18386 1.33359 1.48207 1.28991 
0016 0.174724	1.25004 0.968537 1.09722 1.04972 0.86095 0.986612 0.941286 1.42181 0.842432 0.878584 
0017 0.106966	0.885616 1.07649 1.00646 1.15388 0.921673 0.87041 0.970429 1.21941 1.01399 0.962012 
0020 0.183358	0.990908 1.04317 1.0892 1.13607 1.12287 1.09269 1.13897 1.0521 1.15743 1.15552 
0021 0.111561	1.16198 0.953959 0.939629 1.14844 1.01008 1.11464 1.04825 1.28447 0.944185 1.39121 
0022 0.108616	1.88454 0.879648 1.04051 0.966459 0.933635 1.12738 1.05263 1.26935 0.874578 1.122 
0023 0.0835788	0.833894 0.867755 0.910887 0.88895 0.870179 0.99901 0.832741 1.20227 0.654615 1.02568 
0024 0.0868925	1.07989 1.14683 1.14444 1.04996 1.27354 1.15042 1.22905 1.05816 1.52406 1.21987 
0025 0.05081	0.574365 0.991124 1.07192 1.05946 1.09777 0.883688 0.998465 0.982859 1.29542 1.08645 
0026 0.21944	0.85091 0.964637 0.990619 0.913739 0.958791 1.00965 1.04753 1.00382 0.980683 1.15882 
0027 0.155744	0.93212 0.944886 0.818624 0.896924 0.962568 0.807003 0.86774 0.838496 0.83624 1.06287 
0030 0.0536845	0.834894 0.960518 1.10716 1.15374 1.18777 0.877196 1.08844 0.644577 1.63213 1.21989 
0031 0.0648265	1.35859 1.04104 0.981674 1.05436 0.986334 1.28269 1.19689 1.04489 0.934947 0.9095 
0032 0.0992656	0.65858 0.808828 0.934648 1.04582 0.960695 0.880292 0.894077 0.920718 0.954327 0.865907 
0033 0.139529	1.63987 1.10166 1.07591 0.986779 1.06983 1.34588 1.29048 0.953001 1.08204 1.25846 
0034 0.187136	1.27624 0.912213 0.860001 0.923517 0.843308 1.04563 0.999942 0.878222 0.717757 0.858918 
0035 0.214231	0.7293 0.978391 1.0038 0.946257 1.10704 1.08386 0.973804 0.690752 1.27571 1.00228 
0036 0.125855	1.14651 0.93449 1.04454 1.19103 0.972632 1.04401 1.00515 1.46784 0.845944 1.17876 
0037 0.115472	0.519968 0.828955 0.915565 0.903464 0.860872 0.936492 0.827045 0.998525 0.817964 0.864701 
0040 0.126343	0.991809 1.00778 1.02412 1.08006 1.1199 1.02832 1.02192 0.886978 1.22039 0.955214 
0041 0.217936	0.618379 0.903766 0.945558 1.0089 0.867722 0.877215 0.869026 1.02501 0.854235 0.920128 
0042 0.120373	1.43379 1.15549 1.09639 1.09999 1.18226 1.2122 1.34115 0.913172 1.30981 0.993894 
0043 0.146883	1.25601 0.907042 0.894541 1.04143 0.899148 0.931809 0.959036 0.826859 0.848564 0.86993 
0044 0.149391	0.670558 0.947463 1.00898 1.09793 0.997385 0.968488 1.00146 0.790956 1.10244 0.889555 
0045 0.0603057	1.17377 1.18057 1.00154 1.06251 0.930958 0.929687 0.97022 1.47674 0.788559 0.861296 
0046 0.0942202	1.2978 1.12659 0.978914 1.02033 0.870799 1.17268 1.10704 1.18517 0.782536 0.962918 
0047 0.0845474	1.27381 1.24751 1.006 1.09562 1.03755 0.956112 1.10413 1.09934 1.15798 1.07627 
0050 0.0814445	1.0738 1.06728 0.90705 0.974703 0.776157 1.12997 0.869044 1.44735 0.649926 0.859489 
0051 0.206685	1.09238 1.12537 0.940832 0.96779 0.966034 1.05114 0.980886 1.00484 0.820102 0.855746 
0052 0.224357	0.707894 0.989064 1.09936 1.05655 1.0632 0.924438 1.01546 1.14301 1.20684 1.02827 
0053 0.073761	0.70534 1.08374 1.1429 1.11619 1.24081 1.07299 1.30219 0.9731 1.62574 1.19082 
0054 0.185171	0.639927 0.860487 0.967129 0.882349 0.946465 0.896682 0.868289 1.09485 0.865918 0.914203 
0055 0.0622359	1.23514 1.02039 0.937951 0.844561 1.02456 1.07343 1.0637 0.814299 1.06594 0.858465 
0056 0.0818287	1.51933 1.11023 1.05667 0.880243 1.04928 1.19972 1.197 0.976948 1.06851 1.00377 
0057 0.0845179	1.47242 1.1197 1.20147 1.02477 1.10071 1.39584 1.2198 1.19166 1.3387 1.17472 
0060 0.0698673	1.34851 0.942478 1.08875 0.985151 1.03777 1.2079 1.23964 1.03371 1.10365 1.10767 
0061 0.0994015	0.590837 0.942173 0.907218 0.971 0.858451 0.893909 0.818103 1.06345 0.683209 0.718149 
0062 0.053604	0.828312 0.89847 0.81194 0.811736 0.837418 0.911086 0.842429 0.711267 0.730283 0.833529 
0063 0.129716	1.62537 0.985605 1.21152 1.10158 1.03953 1.15932 1.24247 1.19713 1.16385 1.09142 
0064 0.0781941	0.888737 0.883953 0.89936 0.861497 0.982298 0.742915 0.791037 0.821959 0.864022 0.858671 
0065 0.238486	0.953575 0.919573 1.01009 0.940362 1.09316 0.855083 1.09518 0.888763 1.27793 1.08856 
0066 0.114884	1.34222 0.998306 0.875397 0.976037 0.939007 0.959921 0.920324 1.00279 0.808539 0.796346 
0067 0.215847	0.872691 0.99826 1.07256 0.995877 0.981529 1.00363 0.986693 1.19293 0.983665 0.952584 
0070 0.106599	1.31069 1.03854 1.21202 1.11106 1.0861 1.29975 1.21698 1.21426 1.21741 1.23041 
0071 0.125423	0.724761 0.982353 1.10211 1.08253 1.20121 1.07186 1.08448 0.922561 1.30458 1.13372 
0072 0.0581641	1.16662 1.0587 1.31799 1.21227 1.27759 1.28502 1.33312 1.16888 1.70304 1.2506 
0073 0.0901015	1.12118 0.910727 0.788934 0.896271 0.829936 0.909442 0.765065 1.18448 0.581221 0.75598 
0074 0.159475	1.34282 0.948369 0.9673 0.917878 1.05893 0.963637 1.04407 1.00171 1.02052 0.967655 
0075 0.251058	0.726105 0.8344 0.859217 0.910044 0.961989 0.929523 0.822378 1.03916 0.788275 0.829379 
0076 0.0991963	1.22531 1.06507 1.09644 0.986241 1.03229 1.14301 1.06632 1.33487 0.894591 1.03273 
0077 0.109983	0.721313 0.893862 0.998345 0.906718 1.02037 0.945869 0.904718 0.962804 1.14105 0.97483 
0100 0.0887142	1.02521 0.911656 0.910561 0.90526 0.941312 1.11493 1.00012 1.04501 0.855547 0.850139 
0101 0.153846	0.963896 1.09193 1.13821 1.00884 1.21018 1.18522 1.25664 0.856734 1.50572 1.06671 
0102 0.0847838	0.896187 0.907665 0.998614 0.879079 0.86482 1.121 0.93867 1.40149 0.701882 0.871638 
0103 0.230769	0.720505 0.971602 0.975915 0.884966 1.04262 0.910877 0.895104 0.814881 1.06966 0.886858 
0104 0.104436	1.36713 0.994403 0.971039 0.831379 1.02986 1.32517 1.18987 1.083 0.95431 0.952742 
0105 0.145424	0.965544 1.00577 1.073 1.08191 1.04549 1.19302 1.0963 1.34447 1.03459 1.05994 
0106 0.129702	0.522867 0.888529 0.939816 0.889681 0.933487 0.856255 0.762281 0.95768 0.852029 0.913899 
0107 0.0623245	2.24649 1.091 1.09917 0.922568 0.97195 1.31767 1.29795 1.50135 0.818289 1.03963 
0110 0.188999	1.14491 1.11693 0.901091 0.781856 1.05906 1.01433 0.994039 0.926788 0.948713 1.05412 
0111 0.0839537	0.703976 0.906047 0.824316 0.807215 0.948555 0.834532 0.850634 0.931565 0.832781 0.866727 
0112 0.134409	1.10908 0.987513 0.951891 0.930179 1.10946 0.909077 1.05503 0.76433 1.07573 1.06447 
0113 0.186104	1.01656 1.16101 0.949589 1.0092 0.9609 1.15446 0.925286 1.24432 0.70938 0.992461 
0114 0.126137	1.991 1.08964 0.926811 1.01496 1.16054 1.00785 1.22409 1.09487 1.08267 1.20253 
0115 0.129859	0.619001 0.955483 1.01592 0.923653 1.07666 0.866252 0.96998 0.918002 1.15026 1.00601 
0116 0.0471464	1.21791 1.24018 1.20942 1.03778 1.27453 1.17977 1.34362 0.816808 1.48578 1.14743 
0117 0.103391	0.84781 1.11327 1.27318 1.00051 1.26762 1.17309 1.19667 0.828487 1.49632 1.21279 
0120 0.0588688	1.79726 1.01647 1.01711 1.14402 0.933256 1.04274 1.18592 1.42617 1.03147 1.0724 
0121 0.101578	1.06891 0.974578 0.945403 0.952772 1.03553 0.984918 1.10221 0.924805 0.967485 0.836794 
0122 0.217391	0.889145 0.866763 0.813993 0.906247 0.919793 0.85491 0.841501 1.20644 0.709966 0.865608 
0123 0.0846479	1.6836 1.0215 1.18033 1.15823 1.17542 0.946486 1.46633 1.04434 1.45861 1.32641 
0124 0.149673	0.852761 0.965148 1.19674 1.02786 1.10088 0.894233 1.07999 1.03594 1.34045 1.12814 
0125 0.0669488	1.5538 0.854492 0.971829 1.05311 0.943665 1.02072 1.03845 1.30204 0.822988 1.10682 
0126 0.0719508	0.910295 0.87278 0.896409 0.937312 0.984981 0.88786 1.09383 0.822949 1.11832 0.945323 
0127 0.248942	0.638885 0.804633 1.00949 1.00061 1.01696 0.808088 0.95248 0.993366 1.02936 1.00105 
0130 0.0804264	0.423756 0.75922 0.951301 0.897769 1.07962 0.794195 0.867135 0.832694 1.40364 1.12197 
0131 0.0998062	1.38729 0.901179 0.936827 1.04777 1.08948 0.78096 1.13486 0.963978 1.01599 1.16169 
0132 0.196705	1.03682 0.939084 0.849901 1.11785 0.936987 0.886824 0.918861 1.345 0.731288 0.85476 
0133 0.241279	0.727656 0.884195 0.893413 0.956209 1.03981 0.773695 0.799885 0.961064 0.931677 0.925612 
0134 0.0600775	1.87725 0.968503 0.933586 0.962223 1.01696 1.03213 1.13568 1.17846 0.881911 1.06426 
0135 0.145349	0.838417 0.911347 1.14025 1.13152 1.10993 0.962593 1.08589 1.20522 1.23954 1.03604 
0136 0.0949612	1.23913 0.94657 1.02837 1.08912 1.22699 1.03115 1.2925 0.812032 1.59552 1.19007 
0137 0.0813953	1.20684 0.898039 1.09361 1.16009 0.952517 1.00363 1.07138 1.3687 1.01013 1.13321 
0140 0.0707071	1.0841 1.1361 0.821637 0.806206 0.827589 1.0212 0.814852 1.10466 0.698772 0.827914 
0141 0.0550964	1.71071 1.23821 1.18032 1.18675 1.03341 1.36083 1.23974 1.6397 0.977215 0.991913 
0142 0.212121	0.60383 0.933965 1.02944 0.928473 1.01954 0.960531 0.857675 0.90916 1.05801 0.989341 
0143 0.0826446	1.81672 1.04535 1.05793 1.02671 0.955319 1.2755 1.29696 1.19636 1.02694 0.969771 
0144 0.267218	1.05879 1.03653 1.08124 0.95456 1.04345 1.03323 1.09445 0.825154 1.25151 1.10466 
0145 0.0927456	0.903297 0.96077 0.814097 0.976532 0.8522 0.913088 0.833132 1.14651 0.714288 0.839423 
0146 0.150597	1.08902 1.00906 1.00356 0.969526 0.899443 1.14086 1.01833 1.3552 0.950468 0.925192 
0147 0.0688705	1.03563 0.958191 0.898624 0.960575 0.95487 0.92075 0.898901 0.784072 0.96774 1.02589 
0150 0.0669145	0.822022 0.852292 1.01149 1.10956 0.967499 0.883325 1.0178 1.29246 0.943857 1.03169 
0151 0.0817844	0.580598 0.787307 1.04998 1.08062 1.10823 0.868933 1.00313 0.967994 1.39417 1.02446 
0152 0.114498	1.3452 0.882593 1.04013 1.00571 0.914774 0.935246 1.00274 1.23314 0.730928 1.12004 
0153 0.0669145	1.09558 0.930076 1.3118 1.16041 1.02314 1.11473 1.27508 1.10693 1.39037 1.29208 
0154 0.148699	0.583071 0.869974 0.989977 0.956603 0.883164 0.892091 0.810743 0.85844 0.89377 0.927695 
0155 0.10855	1.33714 0.9326 0.822957 0.946784 0.843466 0.938165 0.905929 0.999439 0.696882 0.925892 
0156 0.304833	1.10439 0.956408 1.03101 1.02923 1.02042 0.992322 1.01291 0.936523 1.11272 1.0492 
0157 0.107807	2.03204 0.934061 1.01925 0.901554 0.856914 1.04496 1.20007 1.14921 0.846446 1.11273 
0160 0.0880376	1.12261 1.01406 0.866528 1.06037 0.843062 0.86543 0.860165 1.42161 0.691565 0.916859 
0161 0.112231	0.657715 0.88017 0.848442 0.954502 0.914237 0.916252 0.773072 1.07372 0.727681 0.788678 
0162 0.203629	1.12034 1.0582 0.983226 0.924585 1.01645 0.941146 0.937581 0.986524 1.08527 0.953507 
0163 0.1875	0.834878 1.03682 0.964106 0.972533 0.98187 0.939738 0.862637 1.09477 0.905263 0.866426 
0164 0.0759409	1.76103 1.16447 0.903203 1.10681 0.892738 1.22793 1.10375 1.12123 0.797662 0.809276 
0165 0.0658602	0.989801 1.00147 1.05796 1.15909 0.930901 1.11258 0.996177 1.45444 0.880403 0.844091 
0166 0.174059	1.33919 1.18082 1.12793 1.15262 1.17024 1.10208 1.20206 1.08814 1.46429 1.00902 
0167 0.0927419	1.55091 1.23381 1.12623 1.01356 1.04587 1.14877 1.18668 1.3533 1.06534 1.17827 
0170 0.136605	0.759265 0.949326 1.13267 1.02982 0.979028 1.01859 0.921365 1.41551 0.922108 0.81644 
0171 0.15252	0.570819 0.982894 1.12621 0.938399 1.13514 0.773832 0.972283 0.921927 1.23437 1.01172 
0172 0.112732	1.45047 0.994963 1.04456 1.04994 0.891257 0.973706 1.17151 1.61005 0.77859 1.03171 
0173 0.0517241	0.643997 0.850377 1.06062 0.951958 0.959579 1.02995 0.863148 1.01101 0.879168 0.784286 
0174 0.0888594	1.10662 0.930737 1.20165 0.925509 1.18336 0.928774 1.10292 0.84012 1.489 1.10513 
0175 0.153846	0.559521 0.843369 0.874205 0.930028 0.930672 0.790181 0.837507 0.846229 0.809819 0.807374 
0176 0.0822281	2.03334 1.02246 1.11899 0.919804 0.958308 0.991864 1.17336 1.26465 0.95245 1.13648 
0177 0.221485	1.1509 1.12978 0.883321 0.849504 1.0191 0.936945 1.00692 0.884717 1.05279 0.938772 
1000 0.170893	0.747064 0.972467 1.07308 0.952167 1.13035 1.13972 1.12227 0.695254 1.40364 0.949113 
1001 0.171745	0.811248 1.01264 0.985052 1.05649 0.997972 1.01733 1.08242 0.895447 0.995253 1.02099 
1002 0.0973791	1.75655 1.16358 1.11972 1.01152 0.989839 1.32629 1.27499 0.904536 1.12247 1.1083 
1003 0.147454	0.646433 0.88546 0.778471 0.833596 0.840597 0.907102 0.855119 0.769605 0.743879 0.777015 
1004 0.119114	1.34629 1.01494 0.94659 0.95586 0.856067 1.10585 1.04994 1.01805 0.852847 0.982273 
1005 0.141487	0.755058 0.96144 0.945787 0.972693 0.91277 1.05072 0.902099 0.912186 0.884872 0.76795 
1006 0.0961006	0.955387 1.05311 1.20596 1.20102 1.15907 1.24245 1.1264 1.04632 1.25761 1.03765 
1007 0.0558278	1.28252 1.02289 0.951613 0.974664 0.800444 1.04433 0.9458 1.17099 0.652063 0.749252 
1010 0.172172	0.832462 0.812023 0.910784 0.90673 0.722661 0.940604 0.834584 1.16872 0.681597 0.949308 
1011 0.0530531	1.31823 1.02663 1.15582 0.846221 0.97694 1.44953 1.24099 1.06864 1.10313 1.21139 
1012 0.106607	0.789411 0.897843 1.1029 0.987026 1.02845 1.04091 1.06662 0.751998 1.36101 1.21718 
1013 0.103103	1.52985 1.16133 1.0843 1.04313 1.01304 1.21632 1.25226 0.897281 1.22452 1.15364 
1014 0.213714	0.953063 1.09717 0.982252 0.922537 0.970658 1.0823 1.00833 0.724617 0.987684 0.942453 
1015 0.156657	1.25459 1.03221 0.982505 0.977593 0.87784 0.994206 1.00454 1.08109 0.811735 0.978316 
1016 0.142142	0.624374 0.923307 1.02856 1.07432 0.966942 0.985975 1.03119 1.02201 0.995614 1.2391 
1017 0.0525526	1.11894 1.06191 1.18706 1.06281 1.21282 1.10469 1.22893 0.778002 1.59817 1.36885 
1020 0.154305	1.04492 0.942857 0.967784 0.93663 0.85153 1.09648 1.05424 1.02471 0.870767 0.960205 
1021 0.103974	1.17511 0.857661 0.873944 0.934998 0.830141 0.947395 0.897732 1.24501 0.746769 0.82777 
1022 0.188079	0.696162 0.933309 0.879025 0.888855 1.06762 0.891668 0.938153 0.659542 1.18892 0.883898 
1023 0.0662252	1.01778 1.09636 1.11537 1.00817 1.16111 1.02868 1.26334 0.86479 1.55926 1.09273 
1024 0.1	0.506419 0.85683 0.917552 0.965087 0.787455 0.912325 0.799213 0.983705 0.661776 0.866102 
1025 0.175497	0.710618 0.978877 1.05713 0.958873 1.01954 0.998628 0.984428 1.1587 1.06804 1.02448 
1026 0.0470199	2.18374 0.99209 0.916808 0.958897 0.994699 1.09446 1.2061 1.02149 0.941839 0.93556 
1027 0.164901	1.2661 0.942822 1.08846 1.05649 0.996009 1.09479 1.14053 1.03575 1.17861 1.02267 
1030 0.0955374	1.13466 1.01767 0.915048 0.910342 0.921938 1.1045 0.97951 1.04402 0.763776 0.743573 
1031 0.0911376	0.989035 1.0832 0.932045 1.01515 0.861713 0.900687 0.857561 1.32981 0.722709 0.935433 
1032 0.190446	0.913474 1.00284 0.99206 0.974382 1.0967 1.09291 1.17246 0.974834 1.01943 0.955839 
1033 0.052797	0.803578 0.928469 0.904278 0.916523 1.0174 0.85279 0.929511 0.896287 0.903365 1.0071 
1034 0.157762	1.66977 1.22955 1.06683 1.09462 1.08416 1.21863 1.19614 1.26796 1.06359 1.09795 
1035 0.116908	0.450238 0.980534 0.971149 0.953327 1.06749 0.821242 0.905135 0.822622 1.14706 0.94578 
1036 0.150849	0.550046 0.945186 0.83294 0.878853 0.943681 0.954024 0.792075 1.00445 0.849764 0.767376 
1037 0.144563	0.937804 1.02068 1.05539 0.908165 1.18246 1.02442 1.15826 0.698055 1.58859 1.18705 
1040 0.0760234	1.30115 1.15314 1.18174 1.09264 1.06884 1.17847 1.11642 1.44945 1.04697 1.20092 
1041 0.0601504	1.35454 1.0717 1.0211 0.975488 0.916368 1.2861 1.09445 1.34187 0.739874 0.899168 
1042 0.12782	2.07807 1.2014 0.988023 0.97653 0.988824 1.14289 1.31999 1.04665 0.98163 1.09986 
1043 0.101086	0.917762 1.02394 1.20481 1.11791 1.32954 0.877571 1.12328 0.737554 1.70191 1.1831 
1044 0.146199	0.726476 0.923225 1.00756 1.02121 1.04966 0.830022 0.865558 1.01122 0.810896 0.746023 
1045 0.177109	0.601359 1.07661 1.13227 1.1068 1.12978 0.973626 1.07444 1.0663 1.25168 0.930989 
1046 0.23726	0.847229 0.895682 0.957478 0.996493 0.997652 0.978068 1.03681 0.940556 0.932481 0.830159 
1047 0.0743525	0.953712 1.1876 1.14615 1.15449 1.22721 1.25203 1.34161 0.877139 1.29471 1.11834 
1050 0.063286	1.19844 0.996242 1.15429 1.09543 0.904804 1.03858 0.988215 1.56215 0.864748 1.15898 
1051 0.20568	0.889804 0.991306 1.20105 1.04201 1.13356 0.927499 0.99275 0.966741 1.25853 1.036 
1052 0.275456	0.865781 1.02987 0.970441 0.999432 1.00923 0.90006 0.966602 1.01989 0.920306 0.936457 
1053 0.0815416	2.12999 1.20565 1.12311 1.00015 0.92934 1.16947 1.20884 1.18312 0.924777 1.18256 
1054 0.0555781	1.42994 1.24277 1.15565 1.04194 1.16203 1.20441 1.20632 1.06215 1.07537 0.979863 
1055 0.0953347	0.877883 1.10568 1.14873 1.04351 1.23279 1.08197 1.19358 0.697947 1.60916 1.08683 
1056 0.0924949	1.17232 1.10283 0.985373 0.999884 0.924738 0.860936 1.03154 1.27495 0.877771 1.00439 
1057 0.130629	0.956389 1.22017 0.990562 0.890336 1.18892 0.955281 1.01568 0.620993 1.22833 1.00072 
1060 0.121043	1.29972 0.964215 0.986522 0.978956 0.870124 0.983743 0.993714 1.15733 0.863786 0.990505 
1061 0.15744	1.05937 0.947501 1.08272 1.0155 0.936434 1.13844 1.0112 1.37179 0.875731 0.947496 
1062 0.172507	1.18801 1.03245 1.16738 1.04834 1.01719 1.15687 1.18762 1.09422 1.14844 1.10547 
1063 0.0866768	1.28796 1.03444 1.17012 1.02618 1.09297 1.27764 1.39851 0.901523 1.4197 1.28884 
1064 0.180464	0.708154 0.833727 0.889825 0.933336 0.888544 0.914337 0.785478 0.927414 0.80259 0.869793 
1065 0.115964	0.835723 1.06754 1.13542 0.985598 1.1253 0.9391 1.00162 0.90335 1.38743 1.20865 
1066 0.0677163	1.56661 1.01068 1.04356 0.846025 0.891699 1.33117 1.18617 0.88924 0.944129 0.942586 
1067 0.0981886	0.945349 0.964608 0.947113 0.861813 1.04071 1.01353 0.936083 0.708763 1.14844 1.03766 
1070 0.0751335	0.761535 1.13161 1.06534 1.07817 1.12035 0.944524 1.01067 0.970089 1.10374 1.01842 
1071 0.0564455	0.613521 0.967705 0.929618 0.882767 0.939138 0.937123 0.929943 0.730259 1.014 0.806428 
1072 0.107933	1.36105 1.25375 1.04569 1.02888 1.00965 1.01058 1.26912 0.997732 1.01792 1.24875 
1073 0.17849	1.08675 1.11738 1.15298 0.990386 1.07656 1.0694 1.26638 0.833567 1.36702 1.17494 
1074 0.147979	0.872861 1.00047 1.01555 0.940099 0.909144 0.966414 0.963276 1.06534 0.911084 0.967147 
1075 0.133867	1.50622 1.25504 0.933307 0.989618 0.889409 0.86096 0.975909 1.13543 0.81833 0.984949 
1076 0.141495	1.02225 1.04791 0.947652 0.957772 1.02038 0.839878 1.06829 0.741204 1.01693 1.04368 
1077 0.158658	0.880516 0.938615 0.871794 0.973216 0.816864 0.908382 0.879542 0.994049 0.7143 0.787379 
1100 0.069602	0.775265 1.04878 1.28322 1.00733 1.1846 1.0971 1.3456 0.977343 1.74134 1.19101 
1101 0.072989	0.784283 0.922071 1.09948 1.04697 0.85329 1.08126 0.870716 1.38511 0.848052 0.92198 
1102 0.0972058	1.60429 0.992861 1.08333 0.911982 1.02182 1.22445 1.17528 0.933028 1.01845 0.994241 
1103 0.320914	0.68435 0.99967 1.02341 0.860373 1.03069 0.973698 0.928404 0.816106 1.12345 1.02163 
1104 0.0882303	1.17108 1.20876 1.20165 1.10148 1.0054 1.04782 1.14613 1.1946 1.24124 1.30411 
1105 0.072989	1.36647 0.887425 0.912523 0.843237 0.768355 1.08113 0.954086 1.13662 0.637892 0.866116 
1106 0.182218	1.08461 1.07068 1.07619 1.00332 0.950544 1.07593 1.0471 1.12017 1.00259 0.897843 
1107 0.095851	0.816353 0.897818 0.876468 0.840461 0.858336 0.835209 0.859415 0.85528 0.773906 0.865191 
1110 0.201142	0.767728 0.876599 0.967006 0.950439 1.00336 0.980266 0.948638 1.02868 1.00006 0.939523 
1111 0.105289	0.542625 0.938109 1.08519 0.862693 1.10351 0.85808 0.911199 0.770291 1.42094 0.95729 
1112 0.0556245	1.84941 1.02137 1.03496 0.982232 0.926988 1.20231 1.1368 1.4049 0.755371 1.07944 
1113 0.194189	1.42944 1.18923 0.901268 0.872196 1.0298 1.08225 1.16038 0.817578 1.07765 1.0488 
1114 0.107524	0.871525 0.996089 0.813176 0.884164 0.771675 0.911227 0.811941 0.952561 0.581825 0.764068 
1115 0.127638	0.691158 0.897317 0.823174 0.898826 1.06737 0.813722 0.968115 0.86268 1.06937 0.96178 
1116 0.111249	0.873775 1.07338 1.21055 1.12096 1.01148 1.17744 1.07719 1.24548 1.18253 1.10569 
1117 0.0973429	1.10873 1.03026 1.09647 1.01748 1.05524 1.08265 1.09498 1.21601 1.04259 1.23055 
1120 0.0901774	0.750598 1.03918 1.01459 1.02065 1.0637 1.08028 0.929575 0.773632 1.15281 1.08955 
1121 0.162451	1.54025 1.11777 1.03288 0.9989 1.01375 1.05998 1.05945 0.978724 0.935413 1.05766 
1122 0.142904	0.927896 1.04488 0.9763 1.01408 0.974306 1.0588 0.893905 0.989992 0.894825 1.08814 
1123 0.105125	0.645791 1.00516 0.829724 0.972728 0.881805 0.870707 0.763412 0.969348 0.770823 0.891466 
1124 0.119087	0.84156 1.06564 1.03336 1.03903 1.16987 0.895882 0.955156 0.75222 1.33812 1.16114 
1125 0.186432	1.01487 1.17197 1.12652 1.08121 1.16963 1.10991 1.10244 0.955541 1.32337 1.32582 
1126 0.11071	0.712559 0.96492 0.87226 0.938684 1.07325 0.804467 0.863275 0.689568 1.03537 0.969335 
1127 0.0831143	1.36051 1.07844 0.915479 1.07534 0.946219 0.978661 0.955073 1.42996 0.804632 1.00589 
1130 0.173816	0.850116 0.935609 1.01972 0.958399 1.03766 1.05913 1.03431 0.847134 1.19667 1.0782 
1131 0.0962436	1.2568 1.04005 1.13586 1.15786 1.07953 1.13457 1.08993 1.26279 1.09376 1.17802 
1132 0.148255	1.10749 1.0826 0.983893 0.950161 0.913786 1.00887 0.96389 0.976766 0.848029 0.858465 
1133 0.12136	0.637815 1.00376 0.935131 0.927316 0.926412 0.856579 0.765762 1.1694 0.730684 0.946591 
1134 0.0755723	1.10438 0.966887 0.790989 0.84794 0.925571 0.79299 0.893558 0.740701 0.933059 0.9532 
1135 0.216493	0.70661 1.00826 1.08793 1.13792 1.11613 0.995094 1.02833 1.02332 1.11088 1.18345 
1136 0.0684597	1.52712 1.364 1.15571 1.12425 1.2943 1.14025 1.36475 0.800201 1.58143 1.34377 
1137 0.0998	1.96186 1.28704 1.00057 1.02936 1.04703 1.08305 1.1767 0.961455 1.06835 1.33987 
1140 0.077769	0.814669 0.995423 0.878284 0.956226 0.921858 0.908409 0.848141 0.801798 0.861361 1.02432 
1141 0.170463	0.741602 0.982378 0.91422 1.0112 0.947088 0.90057 0.854626 0.951388 0.911788 1.00898 
1142 0.18696	1.314 1.1348 0.853061 1.03537 0.86606 0.940984 0.902597 0.953408 0.705464 0.915855 
1143 0.077769	0.882528 1.08202 1.18163 1.00073 1.27513 1.11198 1.19244 0.761742 1.61438 1.30483 
1144 0.0769835	1.20424 1.2026 0.939235 1.07568 1.06924 0.932549 1.12536 0.763279 1.24954 1.20437 
1145 0.157109	1.12532 1.0856 1.05405 0.942904 0.930575 0.948807 0.916811 1.25317 0.952851 1.24273 
1146 0.154753	0.85519 1.00531 1.14486 0.986958 1.00496 1.11489 1.11675 1.07747 1.16748 1.24485 
1147 0.0981932	0.809927 0.933674 1.12923 0.972716 0.953376 1.14982 0.844849 1.22082 0.85403 0.900616 
1150 0.273354	1.06726 0.994878 1.05254 1.05377 1.03872 1.10461 0.984453 1.32268 0.895401 1.05661 
1151 0.140125	0.856311 0.934169 0.849621 0.891956 1.00077 0.940645 0.912296 0.823757 0.954091 0.888934 
1152 0.0673932	1.63142 0.925803 0.869171 0.942564 0.919157 0.991488 1.02913 0.974252 0.860223 0.961006 
1153 0.0576068	1.09959 0.940802 1.27061 1.24892 1.23151 0.962877 1.15086 1.04128 1.73959 1.28704 
1154 0.110098	1.61247 1.04445 1.15808 1.14828 1.04418 1.17531 1.25989 1.05078 1.26843 1.17969 
1155 0.191281	0.700927 0.912967 1.02174 1.0821 1.07015 1.01057 0.91772 0.932441 1.225 1.02895 
1156 0.0587189	0.97437 0.853721 0.7748 0.880463 0.876863 0.901601 0.824172 0.909029 0.638714 0.933092 
1157 0.101423	0.60575 0.867916 0.934242 1.01529 0.853251 0.795633 0.782095 1.13528 0.807131 0.789415 
1160 0.20282	0.79213 1.04036 1.11487 1.1538 1.11195 0.918959 1.13751 0.885092 1.32142 1.27323 
1161 0.14859	1.1837 0.912597 0.984752 1.16522 1.00994 0.868448 0.935156 1.1165 0.969425 1.17574 
1162 0.0737527	1.60983 0.995803 1.18546 1.13653 1.04793 1.08948 1.43697 1.12559 1.28502 1.53473 
1163 0.0515184	1.58051 1.19174 1.16571 1.13274 0.978245 1.14824 1.24287 1.30453 1.06574 1.22573 
1164 0.182755	0.634354 0.933661 0.899076 0.974209 0.916078 0.825454 0.785269 0.971 0.917218 1.00355 
1165 0.0867679	1.23249 0.940862 1.00784 1.03538 0.882536 1.11076 1.13312 1.28668 0.772329 1.15053 
1166 0.167028	0.742839 0.869601 0.983915 1.04401 1.02985 1.05966 1.01964 0.992365 1.09286 1.15403 
1167 0.0867679	0.844237 0.833872 0.940171 1.06246 0.815388 0.892334 0.785669 1.332 0.674348 0.827774 
1170 0.154478	0.81912 0.97139 1.001 0.843705 0.981564 0.966357 0.8695 0.822585 0.941706 0.948769 
1171 0.0600746	1.69551 1.1516 1.1369 1.07363 0.946326 1.17751 1.11686 1.11896 0.987615 1.14053 
1172 0.134701	0.921527 1.01646 1.15352 1.04538 0.980237 1.21916 1.03793 1.05849 1.05493 1.19063 
1173 0.145522	0.86037 0.821704 0.940306 0.983 0.804602 1.00859 0.765327 1.21272 0.629509 0.818348 
1174 0.145149	0.986531 1.08455 1.0818 1.01703 1.01625 0.940667 1.01461 1.00047 1.02025 1.05687 
1175 0.0619403	0.968447 1.03011 0.897528 1.00429 0.909794 0.90193 0.783429 0.804271 0.817447 0.887812 
1176 0.229478	1.0223 1.04298 1.15495 0.900441 1.05832 1.14826 1.10751 0.853864 1.42665 1.23335 
1177 0.0686567	0.613259 0.941296 1.02536 0.884286 1.04845 0.764549 0.883306 0.635763 1.36442 1.17576 
BOUNDS
LWPS R    0.0  0.0  0.0  0.0  0.0  0.0  0.0  0.0  0.0  0.0
UWPS R    0.5  0.5  0.5  0.5  0.5  0.5  0.5  0.5  0.5  0.5
LXAS R   -0.5 -0.5 -0.5 -0.5 -0.5 -0.5 -0.5 -0.5 -0.5 -0.5
UXAS R    0.5  0.5  0.5  0.5  0.5  0.5  0.5  0.5  0.5  0.5
END
