NAME moment_estimations_cluster
ASSETS 10
BENCHMARKS 0.1 0.1 0.1 0.1 0.1 0.1 0.1 0.1 0.1 0.1 
COVARIANCES
0 0 0.0163379
1 0 0.000790176
1 1 0.00392683
2 0 0.00554584
2 1 0.00263658
2 2 0.0195078
3 0 -0.00701958
3 1 0.00845942
3 2 0.00952831
3 3 0.04547
4 0 -0.00330358
4 1 0.00437287
4 2 0.00232236
4 3 0.0240848
4 4 0.0152407
5 0 -0.00512442
5 1 0.00649817
5 2 0.0112812
5 3 0.0298885
5 4 0.0146699
5 5 0.0238333
6 0 -0.000278855
6 1 0.00200126
6 2 0.00381696
6 3 0.00732064
6 4 0.00252624
6 5 0.00646006
6 6 0.00493318
7 0 -0.010209
7 1 0.0135048
7 2 0.0227358
7 3 0.0716295
7 4 0.0368474
7 5 0.0522668
7 6 0.0122322
7 7 0.12959
8 0 0.00783616
8 1 -0.00452975
8 2 -0.000945224
8 3 -0.019682
8 4 -0.0102395
8 5 -0.0148949
8 6 -0.00229005
8 7 -0.0350346
8 8 0.016662
9 0 -0.000227196
9 1 0.000401804
9 2 0.00390285
9 3 0.00457426
9 4 0.00300777
9 5 0.00354866
9 6 0.00141678
9 7 0.0074535
9 8 0.00136846
9 9 0.00424234
SCENARIOS
0 0.3638	1.05776 1.04441 1.13851 1.116 1.07142 1.13002 1.02945 1.29794 0.995879 1.04561 
1 0.6362	1.00543 1.01566 0.955948 0.969975 0.969026 0.957501 0.988153 0.922324 1.01997 0.973072 
00 0.62155	1.05345 0.963861 0.967761 0.884798 0.929845 0.908799 0.97563 0.757183 1.09979 0.978673 
01 0.37845	0.941835 1.0495 1.06449 1.30359 1.09457 1.14237 1.0181 1.5302 0.849302 0.98954 
10 0.829393	0.998447 0.962765 0.99894 1.03952 1.04161 1.00275 0.977273 0.958762 1.05906 1.03012 
11 0.170607	0.924712 0.914071 0.95752 0.913453 0.98777 0.986671 0.977279 0.963457 0.857857 0.93193 
000 0.101583	0.862189 0.939698 0.984866 0.796672 0.832364 0.913673 0.908779 0.96076 0.933025 0.911563 
001 0.0903503	0.933475 0.990155 0.816232 0.876086 0.943395 0.842443 0.919415 0.784028 0.869237 0.882613 
002 0.28989	0.915483 0.974985 0.965174 1.18184 1.14603 1.0673 1.05805 1.3487 0.898385 0.997741 
003 0.11348	0.99341 0.882463 0.95309 0.825326 0.833373 0.820285 0.950515 0.628464 1.13265 0.948828 
004 0.0942862	0.960094 1.06872 1.31539 1.39439 1.06508 1.25806 1.10476 1.72413 0.914627 1.08709 
005 0.128162	1.28852 0.890654 1.01892 0.709228 0.811318 0.752214 0.926985 0.515547 1.30753 0.996749 
006 0.116752	1.0763 1.03863 1.2175 0.938599 0.860468 0.948687 1.06194 0.938256 1.05872 0.962324 
007 0.0654962	0.91245 0.92782 0.851912 0.913124 1.01394 0.868887 0.994154 0.836877 1.10052 1.02502 
010 0.247894	1.07396 0.972852 0.912298 0.843298 0.911153 0.893896 0.910714 0.724934 1.07294 0.945064 
011 0.0732132	1.19176 1.04466 1.35149 1.10679 1.03171 1.24691 1.12871 1.28172 0.961573 1.05242 
012 0.167562	0.895172 0.996622 0.883554 1.11723 1.08133 1.11367 0.963424 1.31146 0.85807 0.934766 
013 0.0751017	1.27904 0.951873 1.2597 0.723446 0.862087 0.916874 0.992667 0.636636 1.27658 1.07161 
014 0.0741575	1.08909 0.983638 1.20475 0.936195 0.98364 1.01 1.09902 1.09757 1.22883 1.15202 
015 0.10183	0.839068 1.02876 1.08383 1.37794 1.22568 1.27744 1.00696 1.63786 0.911785 1.03506 
016 0.0599216	0.981329 1.16479 1.18641 1.60794 1.40187 1.48287 1.12643 2.52147 0.757476 1.12654 
017 0.20032	0.936108 0.888722 0.889816 0.995602 1.07025 1.00083 1.02051 0.837111 1.09527 1.07491 
100 0.132225	0.847206 0.959127 0.863542 0.924336 0.924443 1.01269 1.07488 0.962571 1.00546 1.04963 
101 0.113691	0.849205 0.906006 0.833168 0.700695 0.800373 0.848199 0.951679 0.795676 0.962479 0.959002 
102 0.156483	0.875577 1.22568 1.0484 1.68862 1.27165 1.42639 1.17224 2.49558 0.724031 1.0891 
103 0.0564947	1.33196 0.990989 1.24306 0.783255 0.867048 0.916427 1.10239 0.944612 1.28545 1.03769 
104 0.0511314	1.16502 0.966578 1.17611 0.755881 0.884705 0.928069 0.97997 0.882112 1.01332 1.04562 
105 0.0954781	0.967542 1.09969 1.22713 1.14334 1.00113 1.14569 1.11491 1.35909 0.896492 1.01968 
106 0.187488	1.05574 1.07013 0.988619 1.17519 1.10775 1.0965 1.07327 1.26944 0.916959 1.0459 
107 0.207008	1.16849 0.928738 0.874441 0.608688 0.794157 0.751866 0.990813 0.546542 1.25323 0.993831 
110 0.203427	0.986738 1.21005 1.15524 1.60332 1.1218 1.34618 1.03046 2.0734 0.827482 0.99293 
111 0.182237	0.977531 1.01865 0.900277 0.96557 1.05585 0.932485 0.939065 0.792602 1.03837 0.989082 
112 0.051686	1.36764 1.08351 1.36617 0.811548 0.789952 0.889042 0.96636 0.81738 1.207 1.02223 
113 0.129537	1.05391 1.05886 0.810004 0.664182 0.800407 0.732542 0.863924 0.469995 1.27928 0.936185 
114 0.0599779	1.13607 1.15948 1.30091 1.13412 1.00416 1.13038 1.12201 1.31634 1.0467 1.02671 
115 0.104754	1.10254 1.04897 1.0764 0.885499 0.875218 0.951291 1.00572 0.779205 1.14745 1.1025 
116 0.152478	0.89388 1.03195 0.905583 1.20632 1.12194 1.04698 0.914956 1.06147 0.88576 0.992259 
117 0.115902	0.920061 0.997069 1.03059 1.02256 0.961067 1.03123 1.05382 1.13257 0.9592 1.10195 
0000 0.299521	0.952017 0.953535 0.911786 0.784288 0.904183 0.82936 0.992522 0.47007 1.09686 0.992431 
0001 0.131911	1.00035 1.1261 1.05809 1.36611 1.16636 1.20978 1.03715 1.27559 0.905155 1.13854 
0002 0.133217	0.958476 1.02532 0.855517 1.06493 1.08808 1.0145 1.00353 0.977091 0.960736 1.01816 
0003 0.105355	0.894445 0.965312 0.957093 1.27366 1.1272 1.14378 1.1871 1.09983 0.784748 0.931255 
0004 0.0626905	1.20032 0.985679 1.22992 1.00525 1.14916 0.975544 1.00622 1.04204 1.13421 1.21471 
0005 0.0705268	0.8994 0.989448 1.25747 1.42183 1.15636 1.35066 1.01596 1.93855 0.802028 1.1087 
0006 0.093165	1.22645 1.01955 1.10085 0.903858 0.870394 0.959216 1.07682 0.742942 1.0085 0.954777 
0007 0.103613	0.991563 1.12541 1.13823 1.17206 1.04028 1.17221 1.1779 1.13251 0.955064 1.06759 
0010 0.104258	0.955418 0.998719 1.24652 1.06951 0.971648 1.05833 1.06717 1.21084 0.919361 0.920335 
0011 0.0763583	1.00914 0.809175 0.799227 0.918047 0.98396 0.811641 0.90264 0.849849 1.20214 1.00915 
0012 0.111111	1.24182 1.02019 0.947463 0.859061 0.895572 0.856506 0.91761 0.961593 1.05907 0.951899 
0013 0.152227	1.10368 0.977467 1.00686 0.871483 0.878964 0.841144 0.932403 0.733395 1.32279 0.996578 
0014 0.124327	0.688733 1.05645 0.854063 0.992488 1 1.16634 0.945579 1.18887 0.844542 1.00913 
0015 0.0778267	0.78764 1.14086 0.979742 1.308 1.08894 1.29018 1.05208 1.94964 0.742731 0.994768 
0016 0.272149	0.940365 1.00202 0.78461 0.930187 1.02284 0.917558 0.977871 0.893222 0.948594 0.954197 
0017 0.0817425	0.860302 0.885757 1.00339 1.43755 1.24948 1.26105 0.950677 1.69915 0.851873 1.13709 
0020 0.111976	1.00051 0.960543 0.784365 0.862073 0.933423 0.774262 0.854094 0.663193 1.06901 0.919975 
0021 0.101754	1.37932 1.09068 1.30971 0.895217 0.856349 1.00046 1.05603 0.938161 1.06619 0.982608 
0022 0.195118	1.06052 1.0918 0.972488 0.96989 0.895193 1.03412 0.91172 1.02733 0.884866 0.922041 
0023 0.0732265	0.908521 1.16676 0.807927 1.36331 1.18974 1.11862 0.959033 1.72718 0.752173 0.997872 
0024 0.0503432	0.833229 1.13491 1.12772 1.85592 1.23546 1.46394 1.13106 2.39593 0.762569 1.09341 
0025 0.165675	0.980559 1.12638 1.13851 1.20452 1.0433 1.21354 1.02224 1.36239 0.914652 0.954421 
0026 0.0547674	0.754045 0.974563 0.802603 0.970406 0.965116 0.95897 0.953427 0.850065 0.888047 1.01311 
0027 0.24714	1.24929 1.0878 0.973936 0.879447 0.931718 0.970784 1.01651 0.851517 1.16731 1.05156 
0030 0.139906	1.05006 1.26882 1.16117 1.30936 1.20384 1.23422 1.00013 2.30278 0.819772 1.06136 
0031 0.137958	1.15141 1.08376 0.961325 0.941376 0.953443 0.912254 0.981346 0.953247 1.05216 0.945814 
0032 0.107171	0.902613 1.11167 1.00454 1.23355 1.14302 1.04752 0.999852 1.51683 1.0112 1.13132 
0033 0.109899	0.974878 0.935961 0.866228 0.713501 0.869616 0.766418 0.888342 0.753926 1.14905 1.05771 
0034 0.0724864	0.891764 0.883262 1.15358 0.842645 0.994293 0.924503 0.94579 1.17725 1.04137 1.03389 
0035 0.0919719	1.03084 0.940395 1.01701 0.668952 0.849581 0.766037 1.02646 0.656201 1.36615 1.10808 
0036 0.10873	1.11894 1.01726 1.27102 0.934048 1.12585 1.08038 0.980158 1.37868 1.01512 1.23559 
0037 0.231878	1.01837 1.02942 0.859819 1.04388 1.16794 0.903916 0.987867 1.04173 0.949846 1.00914 
0040 0.0666041	1.09516 0.99061 1.11169 0.760747 0.941124 1.039 1.03445 0.846944 0.953057 1.00943 
0041 0.0722326	1.43178 0.809342 1.09527 0.736849 0.891607 0.778221 1.04414 0.516677 1.33107 0.922853 
0042 0.0853659	0.905416 1.0787 1.2315 1.2891 1.27552 1.34003 1.06234 2.05552 0.828286 0.952654 
0043 0.119137	0.891354 0.876604 0.961511 0.674058 0.878779 0.89131 0.927549 0.693864 1.0117 1.00225 
0044 0.320356	0.883698 0.924568 0.920897 1.05779 1.06118 1.07051 0.915571 1.12296 0.90505 0.95863 
0045 0.121482	1.06597 0.925562 1.30629 0.875194 0.944278 1.0019 1.03575 0.826777 1.15465 1.12446 
0046 0.138368	1.18033 1.08568 1.09005 1.1666 1.13289 1.10082 0.976044 1.73581 0.905693 0.991373 
0047 0.076454	1.30089 0.983125 1.05735 0.749724 0.883031 0.782234 0.939356 0.725268 1.09271 0.950187 
0050 0.120773	1.13457 0.995299 1.17096 0.802399 1.0486 0.921228 0.964155 0.811307 1.33078 1.09402 
0051 0.116977	1.14429 1.15847 1.10201 1.30664 1.24066 1.20069 1.11065 2.01424 0.819064 1.00129 
0052 0.164941	1.14951 0.950221 0.867342 0.799775 0.918297 0.812223 0.99694 0.729859 1.16575 0.951318 
0053 0.15528	1.25134 1.04718 1.27449 0.835065 0.949324 1.21031 1.15279 1.30113 0.932398 1.05335 
0054 0.237405	0.92081 1.12729 0.972561 0.948714 1.01043 1.005 1.0569 1.04752 1.00803 0.992766 
0055 0.0534852	0.872871 0.946971 0.86151 0.783854 0.785915 0.746735 0.933267 0.584822 1.26629 0.979907 
0056 0.0804003	0.881175 1.12049 0.895755 1.27531 1.26043 1.10464 1.01818 1.34328 0.736871 0.943559 
0057 0.0707384	0.858691 0.955609 0.736931 0.862362 0.971011 0.903138 0.970659 1.09787 0.902229 0.990683 
0060 0.182197	0.855026 0.970451 1.08584 1.17467 1.07938 1.23551 1.03324 1.4184 0.801133 1.04052 
0061 0.1	1.11031 0.904131 1.14163 0.735024 0.862871 0.874755 0.900102 0.714353 1.28147 1.14603 
0062 0.173485	0.900389 0.876349 0.788808 0.903842 1.00828 0.874283 0.966303 0.656689 1.0122 0.919534 
0063 0.0617424	1.0533 0.890634 0.94407 0.846513 0.838272 0.800715 0.953033 0.47066 1.3761 1.04248 
0064 0.0473485	1.15176 0.995345 1.49014 1.12196 1.08648 1.33393 0.997941 1.46546 0.992995 1.13587 
0065 0.133712	0.912208 0.991722 1.06585 0.870499 0.961939 1.06741 1.06602 0.749559 1.0759 1.01442 
0066 0.135606	1.06143 0.956557 1.01938 0.746784 0.908432 0.936033 0.960559 0.789854 1.02358 1.00461 
0067 0.165909	1.01468 1.01913 1.10251 1.16063 1.16333 1.07919 1.05176 1.36234 1.04875 1.19489 
0070 0.112762	0.732287 1.02879 0.948958 0.82491 0.806865 0.899636 1.00047 0.551343 1.03659 0.968153 
0071 0.171506	0.950807 0.908178 1.17595 1.14368 1.01887 1.10415 1.13614 1.08956 0.979947 1.14208 
0072 0.182984	1.0452 0.924739 0.966999 0.787584 0.85971 0.766677 1.01117 0.715534 1.22049 0.957286 
0073 0.106009	1.12139 1.14373 1.21426 1.10922 1.08192 1.01836 1.01256 1.15515 1.13632 1.26822 
0074 0.103309	1.01329 1.04056 0.80674 0.915858 1.00078 0.914464 0.860201 0.728162 1.03224 0.902756 
0075 0.061445	0.842621 0.9552 0.819263 1.05296 0.932378 1.01392 1.01098 0.782676 1.05785 1.08436 
0076 0.110061	0.844545 0.951065 0.825434 0.84121 0.88739 0.879349 0.958949 0.829125 0.865711 0.958837 
0077 0.151924	0.860315 1.06716 1.07327 1.3937 1.15122 1.27748 1.01286 1.53307 0.85172 1.06088 
0100 0.0832113	1.05229 0.995599 1.19099 1.28024 1.22522 1.13543 0.989141 1.38077 0.909037 1.06625 
0101 0.167594	0.845085 0.992199 1.00837 1.1297 1.02561 1.07287 1.05733 1.29432 0.83275 0.961376 
0102 0.190155	0.850276 0.935896 0.769334 0.978191 1.12418 0.899417 0.924405 0.886241 0.935122 0.943099 
0103 0.0627014	1.233 0.913638 0.998372 0.597275 0.852959 0.691595 0.943139 0.42727 1.35974 1.0827 
0104 0.118371	0.945966 0.903782 0.762978 0.685549 0.870391 0.67917 0.931051 0.469555 1.06503 0.973569 
0105 0.246997	1.07326 0.970986 1.07597 0.783773 0.964266 0.902869 0.987905 0.617928 1.10026 1.04858 
0106 0.0720774	0.831636 0.979573 1.22005 1.38204 1.19775 1.25848 1.0368 2.00848 0.76738 1.06096 
0107 0.0588925	1.03234 0.950586 1.29633 0.827743 0.91838 0.974891 1.19955 0.946377 1.03795 1.06961 
0110 0.0704365	1.31833 1.06552 0.828279 0.703639 0.881404 0.864765 0.947748 0.583815 1.07853 0.908242 
0111 0.0892857	0.819524 0.963388 0.856359 0.764867 0.91605 0.888027 1.10585 0.743282 1.17519 1.1254 
0112 0.0813492	0.805446 1.00004 1.17309 0.902814 1.01065 1.08269 0.969315 1.23907 0.997914 1.13109 
0113 0.267857	0.870322 0.963318 0.962569 0.980578 1.03303 0.927483 1.01308 0.950706 0.994441 1.12273 
0114 0.212302	1.02394 1.05475 1.112 1.32912 1.14181 1.19754 1.14134 1.43044 0.936731 0.852157 
0115 0.0575397	1.04453 0.976867 1.2323 0.778972 0.886715 0.93655 1.03157 0.870247 1.20257 1.05155 
0116 0.0724206	0.906386 1.11677 1.17614 1.59163 1.25311 1.25981 1.06907 2.12366 0.903088 1.0306 
0117 0.14881	1.11179 0.952634 0.930332 0.802616 0.951154 0.706993 0.85115 0.597682 1.18711 0.934325 
0120 0.058951	0.966386 0.840587 1.11182 0.839518 0.957572 0.932393 0.942093 0.881548 1.11399 1.07766 
0121 0.0572172	1.1311 1.01932 1.45769 0.881835 0.84831 1.04363 1.1089 0.874017 1.16592 1.00266 
0122 0.135241	1.2159 0.953108 1.01179 0.821346 0.900593 0.884876 1.01057 0.758909 1.08921 0.943431 
0123 0.166883	1.18942 0.950795 1.10486 0.76724 0.905796 0.827714 1.0304 0.605297 1.31378 0.940593 
0124 0.147378	1.07106 1.03269 0.817659 1.0772 1.05926 0.97466 1.00819 1.02187 0.85816 0.882725 
0125 0.219332	0.952447 1.05427 1.07854 1.31774 1.22487 1.17228 1.01524 1.26149 0.920157 1.20289 
0126 0.100997	0.937368 0.969438 1.00181 0.775791 0.79826 0.834469 1.02967 0.670928 0.941638 0.899734 
0127 0.114001	1.24727 1.19188 1.24567 1.36521 1.14673 1.24529 1.17076 1.66636 0.848351 1.02839 
0130 0.065764	1.18668 1.09654 0.925955 1.31822 1.13129 1.07952 1.00234 1.45938 0.851788 0.882494 
0131 0.0686654	0.917215 1.11242 0.897894 1.07758 1.1084 1.11494 1.03727 1.40516 0.833407 0.945621 
0132 0.180851	1.2137 0.900696 0.884747 0.817041 0.923004 0.756779 1.00872 0.709677 1.24007 1.02557 
0133 0.123791	1.02009 0.961895 1.06985 0.948696 0.993946 1.02795 1.06108 0.898937 1.10366 1.03707 
0134 0.103482	1.05451 1.0515 1.27629 1.30144 1.01272 1.29044 1.1783 1.92515 0.912548 0.967648 
0135 0.0580271	1.09886 1.09439 1.36611 1.0112 0.920093 1.05611 1.16747 1.18838 1.17194 1.11043 
0136 0.238878	1.05953 1.00334 0.867636 0.875749 0.874899 0.899448 0.980181 0.949986 1.00129 0.814092 
0137 0.160542	0.986808 1.13145 1.14367 0.976424 0.93935 1.03547 1.07845 1.10911 0.91187 1.0643 
0140 0.0460333	0.99855 1.01231 0.817152 1.38763 1.04834 1.04896 1.01083 1.10149 0.845294 0.856356 
0141 0.198825	0.991248 0.982661 1.13034 1.40864 1.15745 1.23011 0.963867 1.69491 0.862533 0.944587 
0142 0.117532	0.984264 1.05991 1.03725 0.88094 0.917168 1.03012 1.05029 0.755526 0.925922 0.986072 
0143 0.217434	0.993386 1.06289 0.916195 1.13057 1.02707 1.07964 1.01051 0.731886 1.03948 1.00222 
0144 0.142997	1.23403 0.938936 1.00835 0.912008 1.00711 0.818107 0.839478 0.743999 1.20666 0.992759 
0145 0.0685602	1.01017 1.00462 0.871759 0.738036 0.856159 0.921083 0.883769 0.60089 0.995771 0.899742 
0146 0.0685602	1.25261 1.01438 1.04877 1.12936 1.05055 1.05679 0.876544 1.00532 0.890734 0.904939 
0147 0.140059	0.728108 0.921844 0.93634 1.16265 1.00692 1.25606 1.02363 1.2498 0.82091 0.981211 
0150 0.161198	1.18897 0.924655 1.1659 0.835687 0.803857 0.910566 1.01641 0.685295 1.13333 1.01637 
0151 0.228959	1.29376 1.09356 1.01275 1.05367 1.01577 1.14257 1.1778 1.22224 1.01958 0.997384 
0152 0.165478	1.28104 1.11154 1.12689 1.36809 1.16037 1.31428 1.16904 1.7548 0.777837 1.03553 
0153 0.143367	1.13593 0.905011 0.904792 0.79459 0.840968 0.801914 1.02361 0.674894 0.982701 0.910882 
0154 0.0542083	1.09232 1.03706 1.05651 0.878816 0.936126 1.00516 0.906607 1.10763 0.773156 0.941325 
0155 0.0955777	1.1168 1.14289 1.06104 1.01246 0.952819 1.07307 0.994698 0.995587 0.863073 1.04616 
0156 0.096291	1.33857 1.02414 0.872524 0.922419 0.971293 0.712115 1.02665 0.713106 1.16242 1.13611 
0157 0.0549215	1.04798 0.943158 1.02735 0.862526 0.794342 1.01253 1.20844 0.84613 1.00848 0.965926 
0160 0.22303	0.773013 1.00143 0.94068 1.42045 1.17739 1.16211 1.01486 1.33423 0.774772 0.959424 
0161 0.117576	1.18078 0.944947 0.995752 0.839862 0.842043 0.848584 0.953513 0.645543 1.33771 1.01014 
0162 0.0618182	0.998974 1.02972 1.3252 1.17417 1.04805 1.18449 0.968712 1.59173 1.06242 1.00359 
0163 0.13697	1.12162 0.950953 1.13693 1.09653 0.910156 1.06535 1.08235 1.01718 1.07833 0.875875 
0164 0.167273	0.924141 0.927049 0.803074 0.866627 0.923755 0.906685 0.913345 0.649146 1.04801 0.994217 
0165 0.163636	0.985197 0.968756 0.963361 0.884167 0.903419 0.952677 0.855405 0.879046 0.933274 0.879926 
0166 0.0654545	0.756502 1.09117 1.09857 1.77486 1.21959 1.49441 1.00305 2.37531 0.759966 0.99277 
0167 0.0642424	0.964732 0.777819 1.09568 0.732387 0.841402 0.814646 0.885536 0.556592 1.42516 1.12685 
0170 0.0543872	1.06385 1.30214 1.09088 1.47228 1.1148 1.38989 1.11285 2.09184 0.739587 0.892287 
0171 0.18673	1.00769 1.15341 0.991048 0.997402 0.968952 0.957413 0.979675 0.947008 0.899489 0.888144 
0172 0.12364	1.319 1.10676 1.10219 0.818711 0.839914 0.881111 1.07498 0.692911 1.20557 0.998279 
0173 0.139594	0.877251 1.21098 0.963334 1.35781 1.19832 1.11346 1.05951 1.45554 0.843565 0.923577 
0174 0.1095	1.08275 1.16803 1.08407 1.1363 1.10837 1.03799 1.13075 1.13467 1.08245 1.06856 
0175 0.160624	0.996374 1.09873 1.03825 0.869307 0.844267 1.08664 1.09582 1.03021 0.862717 0.946758 
0176 0.075417	1.26222 1.09878 1.31126 1.11324 1.07494 0.995214 0.924189 1.19491 1.06814 1.09 
0177 0.150109	0.991888 1.1068 0.887914 0.706893 0.809447 0.834159 1.03473 0.580618 1.17481 0.924865 
1000 0.0802637	1.0414 1.02733 1.22547 0.808371 0.884215 0.923355 1.08969 0.809994 0.991121 0.958896 
1001 0.103913	1.23972 0.986829 1.15509 0.892515 0.90498 0.816579 0.934846 0.763562 1.17888 1.0234 
1002 0.249821	0.955597 1.03934 0.853515 0.993266 1.03033 0.961341 0.974735 0.926939 0.929023 0.873401 
1003 0.0768238	1.26685 0.914215 0.894542 0.735336 0.875043 0.725499 1.02832 0.60776 1.30183 0.941879 
1004 0.117529	1.18608 1.04492 1.16416 1.04951 1.09805 0.981457 1.05659 0.99659 1.06903 1.00446 
1005 0.115236	1.04683 0.93681 0.897334 0.870851 0.974126 0.794232 0.976009 0.653255 1.12517 0.971901 
1006 0.0957432	1.10575 0.969973 0.753759 0.802773 0.982332 0.668165 0.909778 0.633961 1.04839 0.901088 
1007 0.160671	0.857546 1.02584 1.12068 1.33447 1.22931 1.16382 1.0763 1.70713 0.830086 1.12059 
1010 0.0685114	0.830297 1.03266 1.27982 1.47411 1.27475 1.43373 1.05959 1.92109 0.791777 1.0175 
1011 0.129855	1.21905 1.06702 0.908889 1.0455 1.12698 0.934049 0.942118 0.822812 0.925752 0.875483 
1012 0.123354	0.832969 0.985734 0.896136 1.01242 1.03942 0.943131 1.02556 0.689791 1.06651 1.00249 
1013 0.23754	0.988266 1.12554 0.994483 1.24045 1.2969 1.0947 0.99255 1.25889 0.850043 0.885075 
1014 0.0481747	1.01781 1.06697 1.35685 1.20647 1.0239 1.16255 1.0649 1.28593 1.02815 1.02426 
1015 0.185198	1.10862 0.936729 0.78926 0.830128 0.918571 0.791551 0.904295 0.47276 1.1345 0.838659 
1016 0.103351	1.11152 1.0029 1.0797 0.783455 0.860484 0.830541 1.04335 0.519936 1.26303 0.989174 
1017 0.104017	1.05089 0.914071 1.17238 0.901006 1.04639 0.953058 0.950273 0.617266 1.08841 0.927618 
1020 0.22054	1.03963 0.84114 0.867894 0.778669 0.937949 0.82115 0.877517 0.781019 1.05004 0.920321 
1021 0.137459	0.846481 0.918663 1.00701 1.17696 1.23756 1.11473 0.949878 1.66755 0.773771 0.990209 
1022 0.153567	0.882672 0.788761 0.880769 0.96048 1.03639 0.993484 0.980302 0.981713 0.998938 1.00201 
1023 0.081991	1.20368 0.910928 1.13881 0.855113 1.02271 1.0008 1.01238 0.741448 1.28185 1.04112 
1024 0.195349	0.948725 0.896927 1.01128 0.617361 0.825669 0.863997 0.979339 0.696186 1.12693 0.954623 
1025 0.0469904	1.00957 0.879692 1.3445 1.12709 1.12687 1.16849 0.881306 1.43014 1.02003 1.15117 
1026 0.0571636	0.88602 0.927508 1.03246 1.62924 1.3161 1.33873 1.1442 2.1796 0.832581 1.05447 
1027 0.10694	1.0161 0.996756 1.16503 1.0212 0.990466 1.18599 1.06308 1.27657 0.967971 1.00001 
1030 0.240859	1.07982 1.09708 1.03868 1.22587 1.11366 1.18414 1.07083 1.01623 0.916707 1.08551 
1031 0.0691043	0.919986 0.937881 0.760404 0.835052 0.945166 0.835456 0.968564 0.515314 1.03237 0.95307 
1032 0.10265	1.08579 1.00924 0.989049 0.884983 0.948567 0.941758 0.859229 0.758517 0.987893 0.989172 
1033 0.0526669	0.925424 0.83119 0.914423 0.539184 0.718409 0.717066 0.901509 0.358408 1.06545 0.904469 
1034 0.122107	1.29103 1.05354 1.10676 0.706961 0.864267 0.883615 0.910888 0.417182 1.155 0.996724 
1035 0.168064	1.09773 0.863449 0.99371 0.722747 0.743788 0.76123 0.89658 0.339623 1.31646 1.05526 
1036 0.0919155	0.802746 0.925821 1.14062 1.31957 0.976123 1.06643 1.03735 1.15625 0.921017 1.09951 
1037 0.152633	0.921927 0.927351 1.23651 1.44466 1.17619 1.23869 1.11238 1.43661 0.853105 1.09261 
1040 0.0934025	1.10822 1.01147 1.04077 0.791867 0.800401 0.833039 0.99753 0.548299 1.21575 0.95308 
1041 0.168643	0.991528 0.99199 0.841656 0.920671 0.980836 0.888455 0.968267 0.605133 1.13973 0.910586 
1042 0.0811712	0.763431 1.06874 0.942858 1.38662 1.13143 1.2978 0.99902 1.56238 0.782119 0.962861 
1043 0.138251	0.800378 0.97306 0.910163 1.2544 1.04922 1.10224 0.928075 1.19571 0.945271 0.910101 
1044 0.182357	0.885348 0.901164 0.934065 0.962129 0.930043 0.891265 0.954817 0.816124 1.07007 0.898972 
1045 0.12083	0.995204 1.21748 1.11121 1.08585 1.06239 1.13258 1.02266 1.20947 0.921564 1.05291 
1046 0.140104	1.01575 1.0863 1.19448 1.43743 1.17929 1.06244 1.02608 1.60163 1.05062 0.998194 
1047 0.0752409	0.800552 1.00404 0.888455 1.05083 1.13399 0.97948 0.876643 1.00838 1.00034 1.05274 
1050 0.0930925	0.89331 0.88111 0.916792 0.642255 0.83144 0.860791 0.901353 0.529213 1.02747 0.975758 
1051 0.111354	0.907145 0.938833 1.37792 1.02746 1.04367 1.26535 1.07953 1.40853 0.99486 1.13161 
1052 0.136364	1.05735 0.99533 0.907871 0.891111 0.982783 0.973575 0.964889 0.78921 0.936512 0.994433 
1053 0.10401	0.974115 0.985569 1.09507 1.25173 1.1907 1.27373 1.10289 2.04933 0.82106 1.0142 
1054 0.100238	1.18827 0.948456 1.09414 0.928231 0.874401 1.03359 1.11471 0.887884 1.06012 0.975148 
1055 0.258634	0.862431 0.895691 1.02509 0.969325 1.00284 1.0987 1.01853 1.1755 0.998064 1.07614 
1056 0.0996427	1.2668 0.866652 1.32539 0.77835 0.946985 1.05109 0.996688 0.879641 1.25603 1.12175 
1057 0.0966653	0.967592 0.866608 0.874853 0.662218 0.817012 0.871014 1.05159 0.599482 1.16949 1.04332 
1060 0.0726777	0.991422 0.910723 1.0877 1.03405 1.00201 1.00469 1.08998 0.894648 1.15269 1.08369 
1061 0.14485	1.07246 0.953672 0.961821 0.75235 0.920917 0.804863 0.906878 0.682975 1.25548 0.965582 
1062 0.0361872	1.20357 1.05048 1.10387 1.09678 1.09684 1.0554 1.14441 1.23085 1.12142 1.09771 
1063 0.116042	1.13957 0.953404 1.07152 0.750855 0.915344 0.911484 0.876477 0.797643 1.00801 1.02485 
1064 0.172445	0.798683 0.926216 0.761454 0.989071 1.05796 0.930529 0.897861 0.971805 0.937638 1.02922 
1065 0.129688	1.05067 0.967046 0.858143 0.823222 0.887361 0.804739 0.96109 0.666046 1.00731 0.828231 
1066 0.152633	0.872386 1.05051 0.964282 1.13526 1.10302 1.05215 1.03588 1.29655 0.891962 1.05115 
1067 0.175478	0.977571 1.06025 1.06917 1.3925 1.24255 1.26021 1.06375 1.79962 0.878783 1.04781 
1070 0.140346	0.936778 0.991784 0.906395 1.00125 1.01168 0.952642 0.898961 0.972537 0.914652 0.954777 
1071 0.174128	1.17889 0.985862 1.0913 0.711418 0.870084 0.823393 0.868405 0.496302 1.19546 1.00822 
1072 0.0400073	1.01336 0.937002 1.16026 1.58858 1.35362 1.10223 1.05118 1.2544 1.22093 1.25584 
1073 0.165522	0.772348 0.985446 1.11151 0.964119 1.00637 1.12593 1.02621 0.942445 0.952632 1.13523 
1074 0.127529	1.05297 1.10011 1.18034 1.29479 0.98096 1.16264 1.07268 1.24552 0.898127 0.907666 
1075 0.115902	0.874246 1.12286 0.940391 1.52557 1.28402 1.14373 0.997134 1.31065 0.789954 0.989367 
1076 0.0895358	1.03468 1.04925 1.23715 1.15027 1.00967 1.04985 1.05358 1.02818 1.13985 1.09293 
1077 0.147029	0.952236 0.896552 0.779969 0.745916 0.888372 0.710944 0.939961 0.545283 1.18548 1.03199 
1100 0.203804	0.786789 1.01448 0.945244 1.21096 1.15848 1.07627 0.994867 1.47555 0.839119 1.03692 
1101 0.0706522	0.93947 1.08458 1.09276 1.70996 1.43697 1.53232 1.06298 2.5208 0.721419 1.19593 
1102 0.0720109	1.06317 1.10249 1.15901 1.23138 1.1265 1.15117 1.13189 1.13733 0.918865 1.0223 
1103 0.0955616	0.899501 0.930584 1.36057 0.88295 0.950846 1.1534 1.08119 1.05106 1.15485 1.18096 
1104 0.0951087	1.15085 0.946435 1.09507 0.90597 1.02197 0.983517 1.09229 0.719335 1.12492 1.07357 
1105 0.120018	0.85488 0.929521 0.703622 0.797216 1.0577 0.848833 0.853227 0.710906 0.958155 0.951542 
1106 0.172554	0.893436 0.986812 1.0506 0.791614 0.911865 1.10881 0.964358 0.896666 0.920351 1.10748 
1107 0.17029	0.994208 0.984989 0.904183 0.721685 0.940266 0.875169 1.04792 0.583039 1.07216 1.02347 
1110 0.12639	1.20059 1.01771 1.31171 0.967311 0.897858 1.0064 0.937298 1.2328 1.0843 1.06667 
1111 0.214863	1.03807 0.999459 0.909634 1.31465 1.06881 1.17123 1.04509 1.3957 0.972977 1.00954 
1112 0.0662285	0.873846 0.973836 0.796524 0.919902 0.933792 0.876571 1.05114 0.778578 1.01665 1.00111 
1113 0.104651	1.26339 0.975816 0.866973 0.929081 1.03068 0.876896 0.928629 0.988724 1.02352 0.97205 
1114 0.207786	1.07393 1.10181 1.06612 1.20327 1.04613 1.22466 1.01308 1.74394 0.900383 1.01632 
1115 0.119818	1.07491 0.960654 0.999324 0.79677 0.800695 0.835831 0.954762 0.700263 1.16572 0.966392 
1116 0.0490394	1.09939 0.961952 1.01811 0.70322 0.810071 0.781456 0.919664 0.512478 1.31484 1.05216 
1117 0.111223	0.900124 1.03056 0.808108 0.898531 0.818928 0.891177 1.00255 0.845078 0.91649 0.838035 
1120 0.139037	0.888636 1.00092 1.27063 1.59329 1.43119 1.46906 1.04211 2.5278 0.936943 1.2286 
1121 0.181818	0.990992 0.879589 0.912875 1.17592 1.17599 1.06379 1.07471 1.16008 1.00934 0.971748 
1122 0.0481283	0.707711 1.03879 0.995751 1.14286 1.25679 1.13732 0.988272 1.33389 0.938603 1.08131 
1123 0.0891266	0.734327 1.00057 1.05342 0.864985 0.97937 1.19778 1.03655 0.97421 0.881586 0.87702 
1124 0.0606061	0.83496 1.06824 1.00497 1.18389 1.26371 1.24853 0.965677 1.23403 0.816404 0.992222 
1125 0.222816	0.968793 0.89361 0.951582 0.998325 0.89331 1.00889 1.05766 0.816191 1.17158 1.01501 
1126 0.149733	1.12009 1.01313 0.927322 0.687809 0.95776 0.830397 1.04728 0.530076 1.26736 1.09153 
1127 0.108734	1.08753 0.998315 1.23484 1.08987 1.05942 1.28435 1.00774 1.34658 1.08742 1.02275 
1130 0.184922	0.887718 0.941877 0.907145 1.02108 1.05542 1.00085 0.980549 1.26381 0.838592 0.962842 
1131 0.110953	1.02802 0.906207 1.10968 0.955594 0.889136 1.02433 1.10398 0.9808 0.998682 0.962243 
1132 0.0739687	0.956026 1.09337 0.869872 1.05354 1.03674 1.03592 0.92978 1.03735 0.731537 0.9479 
1133 0.0981508	0.912056 0.883306 1.08834 1.04614 0.99939 1.12229 1.02944 1.25803 0.934416 1.03624 
1134 0.0924609	1.22805 0.89868 0.938762 1.08042 1.02993 0.841593 0.926322 1.27432 0.98797 0.862612 
1135 0.232575	1.0338 0.93285 1.04378 0.810453 0.791974 0.885841 1.04762 0.79655 1.14603 1.03875 
1136 0.139403	1.01029 0.988017 1.19162 1.35662 1.19311 1.19888 1.11951 2.13193 0.863097 1.00987 
1137 0.0675676	1.27505 0.878743 1.36227 0.852755 0.943298 0.945063 1.05865 0.801147 1.26733 1.15574 
1140 0.0906298	1.081 0.901065 0.982422 1.04255 0.963613 1.13022 1.09451 0.944138 1.04838 1.08424 
1141 0.16129	1.1878 0.987053 0.782397 0.91553 0.966767 0.827006 1.03809 0.683624 1.18272 1.08006 
1142 0.258065	1.22058 0.899331 1.12383 1.01622 0.950426 1.06743 0.985779 1.09013 1.06471 0.995101 
1143 0.141321	1.11859 1.06031 0.705165 1.03544 0.904722 0.939913 0.998109 0.932991 0.903882 0.88733 
1144 0.0752688	1.01229 1.10961 0.760373 1.59925 1.45473 1.28161 1.00863 1.58462 0.793351 1.0248 
1145 0.0890937	0.867956 0.993192 1.13512 1.16184 1.24569 1.06883 0.904892 1.02909 0.933844 1.20255 
1146 0.101382	0.853727 0.964197 1.06937 1.21707 0.994119 1.17701 1.16438 1.4838 0.895025 1.01513 
1147 0.0829493	0.958533 1.01513 0.856517 1.08415 1.12396 1.00534 0.855021 0.804374 0.987908 1.18216 
1150 0.297274	0.866264 1.0264 0.968279 1.04626 1.03248 0.93939 1.04904 0.987074 0.981257 0.985331 
1151 0.064204	1.17124 0.998135 0.981588 0.915808 0.938471 0.841751 1.08306 0.861018 1.21235 0.868312 
1152 0.0756376	0.997176 1.1606 1.21106 1.40956 1.10488 1.38229 1.10643 2.01139 0.858314 0.969691 
1153 0.0932278	1.03332 1.00159 0.928296 0.865768 0.912049 0.936848 0.932491 0.969564 0.956175 0.89037 
1154 0.195251	1.0048 1.02447 0.867506 0.833775 0.949258 0.883991 1.00643 0.754568 1.14152 0.928583 
1155 0.0958663	1.28199 0.928903 0.872819 0.779888 0.996355 0.774534 0.926726 0.686076 1.17825 0.790223 
1156 0.100264	1.25291 1.13009 1.19109 0.926358 1.0246 1.01592 0.927979 0.953962 1.15389 1.05535 
1157 0.0782762	1.07797 0.99675 0.909989 1.35527 1.16372 1.04759 1.08041 1.47931 0.881944 0.83073 
1160 0.21148	1.06183 1.08763 1.17198 1.04354 0.97128 1.09431 1.08493 1.349 0.992587 1.01396 
1161 0.0924471	1.21751 1.13088 0.903076 1.14274 1.13645 1.06184 1.02036 1.3185 1.05019 0.946497 
1162 0.13716	0.801156 1.03704 0.864877 0.750709 0.899998 0.921188 0.955216 0.797909 0.957083 0.953704 
1163 0.116012	0.913742 1.10447 0.883679 1.14448 1.06397 1.10345 1.09668 1.4967 0.866376 1.01261 
1164 0.0731118	1.24359 0.927027 0.987172 0.69336 0.876614 0.730013 0.977541 0.549608 1.28748 1.11308 
1165 0.058006	0.966407 1.14616 0.947491 0.949665 0.974028 1.04242 1.09578 1.03489 1.08894 1.0628 
1166 0.230816	1.11127 1.08143 0.988086 0.614168 0.769925 0.844082 0.961557 0.721206 1.09327 0.983479 
1167 0.0809668	0.941012 1.09963 1.25203 1.22346 0.980147 1.15163 1.09055 2.15244 0.831168 1.0247 
1170 0.18124	0.900212 1.02398 0.969876 0.854267 0.832058 0.887635 0.986863 0.706603 1.17255 0.811404 
1171 0.217011	0.963822 1.12814 0.873532 1.2723 1.06677 1.17768 1.07916 1.08977 0.9025 0.860359 
1172 0.166137	1.08243 1.00529 0.968208 1.00532 0.903887 0.974603 1.07521 0.895636 1.04049 0.831216 
1173 0.13911	1.14254 1.0964 1.29993 1.04984 1.14277 1.20903 1.01197 1.08041 1.17241 1.16877 
1174 0.0437202	0.801243 1.10905 1.0045 1.18306 1.03729 1.1335 0.869225 1.19759 0.82747 0.872653 
1175 0.0651828	1.07445 1.14031 1.01202 1.00193 1.1103 1.06216 0.910918 0.728191 1.11977 1.01207 
1176 0.0643879	0.871411 0.88572 0.756747 0.68015 0.885903 0.766305 0.981776 0.562282 1.16268 0.993803 
1177 0.123211	0.95572 1.07768 1.04777 1.4562 1.22359 1.22369 1.00128 1.63614 0.992296 0.944191 
BOUNDS
LWPS R    0.0  0.0  0.0  0.0  0.0  0.0  0.0  0.0  0.0  0.0
UWPS R    0.5  0.5  0.5  0.5  0.5  0.5  0.5  0.5  0.5  0.5
LXAS R   -0.5 -0.5 -0.5 -0.5 -0.5 -0.5 -0.5 -0.5 -0.5 -0.5
UXAS R    0.5  0.5  0.5  0.5  0.5  0.5  0.5  0.5  0.5  0.5
END
