ASSETS 10
STAGES 4
COVARIANCE
317.11760125458756
91.79786830944053 30.657599560727487
128.1207434535378 38.891244809439584 82.83520718468452
18.805893953566297 8.93088163938532 6.522931699984418 13.811058273576615
27.527274228364618 9.837459888817266 12.86385570392029 10.251445890433068 16.52975599254919
25.779636331119278 9.231092174763036 28.79526338936221 8.692457061794839 13.268009546298204 29.01565839046067
229.98980480098044 71.72882092184955 117.56414480397677 28.658820975979584 39.79187034468877 47.48596315473975 235.80987716358098
-9.71483428689544 -1.416546827484086 -7.694587633968499 10.668637023344287 -2.172733369934175 2.5328189713775475 -4.653994207676126 37.932605911773884
218.93484424131705 63.64530917566179 117.92596000578706 11.968655786236164 34.47536466944756 36.57554889550156 200.16059449932916 -34.276517956004966 229.41153940645887
10.014944873728314 1.779989853272726 9.657629560882889 5.0024279223563495 10.621425836163057 9.72120713473794 26.9992903826251 -1.2156389185022693 26.48479686648703 17.022000196458585
INITIAL
47.495 34.805 83.79 40.25 47.26 43.49 79.67 42.48 85.375 33.17
GROWTH
0.018765332398378822 0.0029110860661870123 0.001913978155096582 0.00033184137961480594 0.0007323722921786118 0.0009560684134804365 0.003393859018950536 -0.0006992599785629805 0.004602973988695789 0.0003953164883720861
BRANCHING
2 2 8 8
END
