NAME moment_estimations_cluster
ASSETS 10
BENCHMARKS 0.1 0.1 0.1 0.1 0.1 0.1 0.1 0.1 0.1 0.1 
COVARIANCES
0 0 0.291428
1 0 0.00522884
1 1 0.00255824
2 0 -0.0114866
2 1 0.00133984
2 2 0.00884579
3 0 0.0335549
3 1 -0.00115451
3 2 0.00213502
3 3 0.0230382
4 0 -0.0262645
4 1 0.000582663
4 2 0.00336233
4 3 -0.00127712
4 4 0.00507817
5 0 0.0341005
5 1 0.00187187
5 2 0.00361119
5 3 0.00844178
5 4 -0.00149483
5 5 0.0105627
6 0 0.00831495
6 1 0.00163271
6 2 0.00292515
6 3 0.00047295
6 4 0.000400153
6 5 0.0023352
6 6 0.00680422
7 0 0.0362723
7 1 0.00395919
7 2 0.00622528
7 3 0.00260174
7 4 -0.00276844
7 5 0.00470608
7 6 0.00901162
7 7 0.0434305
8 0 -0.106481
8 1 0.000773371
8 2 0.0117948
8 3 -0.0174297
8 4 0.01482
8 5 -0.00957
8 6 0.00459913
8 7 -0.00571562
8 8 0.0622459
9 0 -0.0247304
9 1 0.00149656
9 2 0.0042456
9 3 -0.00479048
9 4 0.00438171
9 5 -0.00240411
9 6 0.00243784
9 7 0.00587549
9 8 0.0169018
9 9 0.00807129
SCENARIOS
0 0.35062	1.78136 1.0241 0.991455 1.13119 0.983956 1.10406 1.00478 1.16437 0.875142 0.954317 
1 0.64938	0.861779 0.974227 0.999417 0.949294 1.03841 0.976922 0.993859 0.94619 1.10943 0.998003 
00 0.668045	0.708411 0.947192 1.02832 0.907633 1.01858 0.957989 1.00086 0.983319 1.13285 1.0228 
01 0.331955	1.8197 0.952019 0.988973 1.11427 0.914619 1.10084 1.04851 1.07684 0.83858 0.956695 
10 0.543919	1.25099 1.025 0.974828 1.16059 0.982921 1.03831 0.97819 1.02888 0.840604 0.938807 
11 0.456081	0.680344 1.05361 1.08351 0.901058 1.04632 0.950365 1.03637 1.13915 1.33246 1.10279 
000 0.0834223	0.489921 1.07142 1.1481 1.12697 1.08378 0.963056 1.04105 1.12198 1.31494 1.12848 
001 0.0466208	0.882666 1.09729 1.17849 0.924377 1.07998 1.01253 1.18134 1.8083 1.3532 1.24301 
002 0.0934125	1.11803 1.05129 1.09169 1.04673 0.985033 1.01778 1.06737 1.17341 1.06914 1.06642 
003 0.157068	0.527387 1.08887 1.177 0.834094 1.08991 0.906535 1.11783 1.02117 1.61415 1.15742 
004 0.230927	1.97971 0.944674 0.959601 1.10042 0.867656 1.03131 0.962826 1.2208 0.759971 0.976509 
005 0.214234	1.20331 1.05558 0.841449 0.884193 0.928019 0.944444 0.969858 0.873048 0.854866 0.970594 
006 0.0742433	0.355108 0.925642 1.01445 1.05429 1.04957 0.909084 0.915738 0.590116 1.18694 0.936445 
007 0.100073	1.12501 0.980081 1.06061 1.30644 1.08598 1.14322 1.01113 0.788105 1.00261 0.961003 
010 0.1385	1.14478 1.06986 1.21303 1.21784 1.06809 1.16039 1.11071 1.1492 0.986464 0.964956 
011 0.156199	2.76989 1.11071 0.912407 0.927751 0.939989 1.14425 0.994435 1.03525 0.690341 0.937105 
012 0.118911	0.851443 1.02271 1.0442 0.936823 0.980215 0.84826 1.11452 1.66502 1.02202 1.05971 
013 0.259472	0.789811 0.980012 0.989107 1.09008 0.979784 0.957514 0.907245 0.851042 0.855661 0.903981 
014 0.0587679	1.98898 1.18752 1.08991 1.11431 0.9809 1.10724 1.13521 1.45978 0.652743 1.02542 
015 0.070281	0.381445 0.946743 1.20831 1.14692 1.07318 0.991713 1.01443 0.787672 1.31938 0.967675 
016 0.116849	0.746048 1.05819 0.857286 0.771375 0.98104 0.762099 1.00686 0.904718 0.975732 1.04546 
017 0.0810207	0.473192 1.14414 1.20418 0.825314 1.1659 0.958911 1.04139 1.20521 1.63719 1.27916 
100 0.168766	1.27606 0.978156 0.985155 1.25468 1.01313 1.07983 0.936084 0.956406 0.844512 0.989059 
101 0.184564	0.840235 0.993209 1.14511 0.932152 1.02063 0.964826 1.08839 1.11924 1.25257 1.16443 
102 0.137425	1.85171 0.950585 0.827852 0.921548 0.885329 0.966371 0.947272 0.967899 0.677818 0.978683 
103 0.0899182	0.97739 0.983567 0.815183 0.754052 0.933034 0.823595 0.920141 0.775839 0.9944 1.01913 
104 0.1744	0.808417 1.02677 0.996789 0.87263 0.941394 0.986882 0.885489 0.834674 0.966281 0.950454 
105 0.0584921	0.358724 1.02317 1.08994 0.961805 1.12019 0.98874 0.883535 0.583918 1.59525 1.0727 
106 0.103111	3.01617 1.07417 1.04614 1.00244 0.935263 1.1037 1.14776 1.47792 0.80131 1.04326 
107 0.0833215	0.246127 0.987962 1.08611 0.834439 1.14053 0.901067 0.978756 0.786454 1.65952 1.18422 
110 0.165682	1.06641 0.997691 0.87726 0.96522 0.996546 0.871172 0.977894 0.758711 0.943041 0.956995 
111 0.0560827	0.528355 0.93641 1.01669 0.924693 1.0657 0.990325 1.12212 1.41433 1.30915 1.07655 
112 0.114934	0.541506 0.958346 1.09825 0.898016 1.15088 1.02842 1.04395 0.957444 1.74156 1.11595 
113 0.108755	1.78347 0.90322 0.843648 0.872792 0.90651 0.964423 0.923375 0.834597 0.722815 0.8992 
114 0.139211	2.40005 1.04989 1.00504 1.25403 0.974754 1.16143 0.993647 1.01049 0.679255 0.882518 
115 0.176925	0.469203 0.930859 0.9678 1.02803 1.05979 0.963705 0.938757 0.780927 1.24901 1.06007 
116 0.198028	1.8832 1.06173 0.931881 1.11293 0.957717 1.04268 1.07797 1.21 0.834525 0.966089 
117 0.0403822	1.63561 1.03647 1.23222 1.17259 1.03341 1.20893 1.17994 1.6392 1.00225 1.06761 
0000 0.069089	0.739919 0.988379 1.17095 0.964066 1.17559 1.06008 1.03522 1.01436 1.65675 1.27602 
0001 0.159672	1.3617 1.02718 0.846178 0.739572 0.917101 0.975609 1.14792 1.19834 0.947545 1.05281 
0002 0.0757421	0.595378 0.993548 0.972137 0.865784 1.13084 0.945979 1.14463 1.16487 1.42568 1.04115 
0003 0.221597	1.44651 0.976902 0.928779 0.906522 0.902273 0.919005 0.901202 0.952252 0.876809 0.962693 
0004 0.087001	2.30359 0.956316 1.13772 1.13382 0.945145 1.23113 1.18256 0.868699 0.824499 0.962512 
0005 0.0951894	3.72769 0.891742 0.929611 1.01862 0.895667 1.08513 0.995864 1.02695 0.681559 0.941793 
0006 0.0629478	1.75816 1.09773 1.25562 1.22093 1.1308 1.26831 1.07402 1.22832 1.05894 1.08656 
0007 0.228762	0.782339 0.970929 0.929623 0.927162 1.00707 0.967744 0.969483 0.705752 1.07455 0.903778 
0010 0.0979853	1.21412 1.04104 1.17577 1.06084 0.987092 1.1467 0.994906 0.816031 0.952025 0.9338 
0011 0.155678	0.704391 0.96155 1.08041 0.968556 0.942267 0.894272 0.914131 1.10205 1.07613 1.03183 
0012 0.0732601	0.708355 1.01534 1.21878 0.850925 0.968827 1.11489 1.03632 1.11353 1.42295 1.08609 
0013 0.0714286	0.166967 0.958732 1.14119 0.952767 1.17785 0.726367 0.965273 0.918837 1.92372 1.41257 
0014 0.300366	1.28856 0.941949 0.959297 1.13182 0.991372 0.963218 1.02039 0.988836 0.793903 1.0418 
0015 0.0897436	3.03943 1.15781 0.946947 0.992771 0.848539 1.18471 1.11222 1.32942 0.742926 1.18977 
0016 0.115385	0.460709 0.929523 1.10223 1.09893 1.03323 1.00647 1.00003 0.864175 1.42896 0.909064 
0017 0.0961538	0.612516 1.09818 1.03511 0.929356 1.04879 1.02054 1.22824 1.42492 1.1743 0.945711 
0020 0.0658135	0.996743 0.965855 1.24788 1.6668 1.02294 1.173 1.15474 1.24007 0.867595 0.987576 
0021 0.207038	0.812677 1.00294 1.11179 1.2342 1.16145 1.07754 0.904777 0.87382 1.02311 0.96661 
0022 0.215265	0.713286 1.00669 0.99868 0.96107 1.09798 0.83878 0.972745 1.04308 1.0948 1.09576 
0023 0.120201	1.26096 0.892308 1.00946 0.976918 0.890353 1.13538 1.10686 1.5236 0.882917 1.02782 
0024 0.155393	0.838001 1.1342 1.11692 1.05876 1.1529 1.04305 1.13047 1.30921 1.34402 1.16013 
0025 0.0918647	2.31809 1.14576 0.958776 1.10746 1.01723 1.23837 0.98179 1.05489 0.769557 0.880262 
0026 0.0959781	0.852865 0.895622 0.93684 1.14426 0.957961 0.983402 0.978438 0.967961 0.869152 0.948294 
0027 0.0484461	0.373619 0.952377 0.834837 0.987287 1.10022 0.806355 0.751228 1.0056 0.946152 1.09799 
0030 0.11389	0.457661 0.895192 0.928481 0.73556 1.09537 0.806237 0.912478 0.895632 1.27685 1.02046 
0031 0.129383	1.75506 1.00881 0.822396 0.921851 0.987772 1.00547 0.897629 0.779302 0.721661 0.977769 
0032 0.218266	1.18065 0.972129 0.98665 1.07036 0.945589 1.0411 0.971108 1.03065 0.793215 1.01367 
0033 0.132645	0.613802 0.964625 1.08429 0.917957 1.16741 0.94798 1.07301 0.862917 1.73613 1.30336 
0034 0.199783	0.666378 1.00326 0.971131 1.21825 1.14103 1.03967 0.984326 0.737465 1.17215 1.09805 
0035 0.045121	0.97164 0.817329 0.705536 0.873211 0.902362 0.803033 1.07059 0.816436 0.839932 0.948195 
0036 0.0880674	3.8392 1.1099 0.851113 1.07846 0.97345 1.20743 1.09479 1.06153 0.842882 0.926683 
0037 0.0728459	2.11243 1.03425 1.04237 1.23246 1.0515 1.23494 1.17498 1.43366 1.12619 1.15685 
0040 0.210575	0.449271 1.13986 1.05608 0.944734 1.1144 0.9617 1.00564 0.862881 1.33662 0.98215 
0041 0.115178	1.38576 1.16522 0.993456 0.967607 1.01696 1.02848 1.15638 1.10497 0.833726 1.13834 
0042 0.130893	1.24554 1.0736 0.958633 0.956784 0.96919 0.992372 0.9673 0.816473 0.784402 0.91067 
0043 0.152339	1.0515 1.21782 1.15083 1.10861 1.05917 1.22861 1.16641 0.823155 0.900509 0.939326 
0044 0.129414	1.04537 1.0506 0.968908 0.903671 0.914415 1.02586 1.07883 1.37469 0.880914 1.0106 
0045 0.0458495	1.93833 1.10666 1.12861 1.44356 1.04722 1.16755 1.27611 1.31178 0.796237 1.00814 
0046 0.106674	3.38381 1.10103 0.872608 1.0068 0.977287 1.0713 1.044 0.882143 0.655674 0.763677 
0047 0.109077	0.642904 0.906127 0.977269 1.41961 0.990513 0.948669 1.0154 0.87439 0.846557 0.969445 
0050 0.0934635	0.568656 0.965799 1.03529 0.914976 1.05138 0.918989 1.02177 0.829636 1.10438 0.936094 
0051 0.0579912	0.498007 0.89037 0.986919 0.950508 1.09351 0.848096 0.843235 0.75478 1.17619 0.928788 
0052 0.284576	1.36063 0.933071 0.931327 1.03416 0.942095 0.908242 1.05948 0.807513 0.743804 0.977824 
0053 0.15285	1.26685 0.97884 0.948697 1.11398 0.953383 0.926994 0.852601 1.05918 0.635968 0.98152 
0054 0.0948585	0.457974 0.941248 1.18721 0.907657 1.13112 0.921047 1.04433 0.771421 1.61069 1.04741 
0055 0.132324	0.475847 1.04464 1.14702 0.973896 1.13866 0.893028 0.974915 1.07862 1.33337 1.14252 
0056 0.0858908	2.03179 0.921451 1.09425 1.40811 0.936094 1.22362 0.891751 0.87893 0.710547 0.877459 
0057 0.098047	1.73603 1.01653 1.15137 1.05056 0.99413 1.00859 1.11834 1.60863 0.974775 1.00077 
0060 0.0856814	0.993924 1.03311 0.852763 1.06097 0.975725 1.00664 0.835217 0.800359 0.761187 0.978954 
0061 0.0511788	0.578089 1.15554 1.16594 0.856703 1.10743 1.03681 1.1937 1.12383 1.67128 1.19939 
0062 0.171938	1.7615 1.06237 0.9275 0.9815 0.958886 1.1243 0.999773 1.02806 0.983375 1.04211 
0063 0.0816561	0.906694 1.0388 1.06761 1.14105 0.963529 1.12206 0.955979 0.891176 0.930286 1.06674 
0064 0.0914319	2.92108 0.882983 0.927351 1.30543 0.927175 1.13644 0.991066 0.960175 0.658223 0.978755 
0065 0.19494	0.769945 1.13086 0.965425 0.861011 1.06027 0.987921 1.00907 1.08985 1.12415 1.14837 
0066 0.155837	0.915329 1.16666 1.01803 0.947454 1.1555 1.0485 0.99287 0.797892 1.42634 1.25117 
0067 0.167338	1.6254 1.1291 1.03611 1.02464 0.944414 1.20368 1.01518 1.19124 0.757192 1.07402 
0070 0.121587	0.901595 1.04364 0.934846 0.931153 0.873278 0.92253 0.974517 1.1735 0.833279 0.994914 
0071 0.229096	0.679258 0.982966 1.0402 0.868886 1.0098 0.827124 0.980616 1.14589 1.35008 1.10009 
0072 0.0567406	1.73606 1.03644 0.953625 0.82004 0.918892 1.00608 1.1463 0.975245 0.920658 1.02645 
0073 0.0972696	0.629457 1.0524 0.831936 1.04639 0.923111 0.95158 0.897338 0.621926 0.835097 0.867017 
0074 0.118174	1.97383 1.16316 1.04879 1.18219 0.938434 1.21684 0.915402 1.15924 0.666949 0.97173 
0075 0.189846	0.519857 1.05441 1.16113 0.982546 0.956044 1.02329 0.989332 0.910172 1.10611 0.98831 
0076 0.087884	0.432581 1.01823 1.03628 1.36469 0.973416 0.963238 0.933449 0.948423 0.914713 1.01298 
0077 0.0994027	1.7111 1.03663 0.842622 1.08688 1.00224 0.893749 0.966961 0.923554 0.807349 0.953771 
0100 0.185484	0.916635 1.23659 1.02167 0.788134 1.08882 0.987122 1.0883 1.20085 1.39449 1.2186 
0101 0.0930521	1.9322 1.02698 1.0337 1.23208 0.984453 0.993219 1.06104 1.27027 0.766907 1.04294 
0102 0.0459057	0.546967 0.985002 1.07239 1.23829 1.10812 1.02023 0.869705 0.620155 1.1366 0.977211 
0103 0.0961538	2.785 1.0433 0.830301 1.01316 0.928043 1.08283 0.922992 1.00604 0.752067 0.997871 
0104 0.137097	0.582498 0.972567 0.993162 0.754397 1.13628 0.913266 1.11279 0.879754 1.55847 1.08362 
0105 0.127792	0.604828 1.15738 1.02093 0.909907 1.0511 1.02298 1.09754 1.18454 1.22951 1.30328 
0106 0.08933	1.65395 1.001 0.995859 0.910139 0.877509 1.10563 0.923727 0.862843 0.80356 0.987638 
0107 0.225186	0.849304 1.00087 0.869336 0.966642 0.969705 1.01383 0.87763 0.96082 0.868858 1.03994 
0110 0.129263	2.92887 1.05608 1.04377 1.00758 0.87197 1.12467 1.03379 1.08389 0.659011 0.750346 
0111 0.0737074	0.836207 0.943502 1.25 1.48816 1.04129 1.05969 1.1205 0.848621 1.05611 0.901687 
0112 0.114411	0.654187 0.99236 0.95934 1.07562 1.02146 0.85258 0.89734 0.813314 0.833956 1.02751 
0113 0.19637	0.481661 0.909824 0.994989 0.830498 1.0731 0.821131 1.0093 0.925257 1.2761 1.10384 
0114 0.0731573	0.659516 1.0537 1.05868 1.04398 0.965587 0.88302 1.03214 1.41687 0.937518 0.943823 
0115 0.166117	1.24874 0.846584 1.08604 1.04982 0.887069 0.885442 0.939936 1.12062 0.830002 0.832433 
0116 0.125413	0.836704 0.983591 1.08715 1.08506 0.947413 0.949679 1.15316 1.10837 1.12383 0.926449 
0117 0.121562	1.68892 1.10041 0.923479 1.15677 1.00158 1.05722 1.09721 0.901725 0.807171 1.04043 
0120 0.200867	0.482254 1.25577 1.09128 0.817548 1.09835 1.05088 1.14463 1.18925 1.29605 1.17705 
0121 0.0578035	3.56323 1.10333 0.947654 1.11643 0.828975 1.24779 1.0804 1.15498 0.4616 1.02712 
0122 0.0606936	1.66529 0.991966 0.941139 1.00116 1.03764 0.97748 0.928625 0.6854 0.8706 0.962064 
0123 0.154624	1.08132 1.07907 1.01467 0.800586 1.05092 1.14575 0.982375 0.778229 1.04873 1.08189 
0124 0.153902	0.964035 1.12926 0.924877 1.03315 1.02007 1.17253 0.785 0.77583 0.79068 0.912768 
0125 0.105491	1.99081 1.08572 0.94966 1.18726 1.06765 1.08659 1.04279 1.11429 0.800019 0.948667 
0126 0.206647	0.708825 1.00296 1.04268 1.25765 1.11321 1.09241 1.0341 0.949648 1.12674 1.01225 
0127 0.0599711	1.57901 1.08164 1.19189 1.26373 1.08965 1.14679 1.19024 0.956247 1.05623 1.12479 
0130 0.109934	1.71653 1.12813 1.06156 1.17182 0.953812 1.19839 1.09189 0.882751 0.694301 0.86117 
0131 0.115232	0.665015 1.08576 1.05059 0.957513 1.1047 0.958603 1.11223 1.02067 1.23053 1.06463 
0132 0.0629139	0.696585 1.02025 1.03181 1.03416 1.1672 1.00822 0.90604 0.790705 1.22943 0.962317 
0133 0.179139	1.30535 1.13479 1.09743 0.97868 0.944639 1.06725 1.18509 1.39087 0.990525 1.06216 
0134 0.115232	1.12475 1.1222 0.949079 0.754003 1.0055 0.940446 1.01982 0.817841 1.01117 0.918327 
0135 0.143046	0.918693 0.98225 0.818254 1.06818 0.981791 0.902362 0.918686 0.64585 0.682566 0.807446 
0136 0.166887	0.698023 1.02112 1.13898 0.730311 1.09504 0.932562 1.03636 0.790156 1.48934 1.12671 
0137 0.107616	3.03457 0.910463 0.92306 1.06853 0.783192 1.00833 1.04008 1.15377 0.522244 0.904493 
0140 0.192982	0.92836 0.904316 1.09401 0.902873 0.941252 1.01437 1.10871 1.18052 1.31738 0.949841 
0141 0.0964912	2.86284 1.04996 0.968231 1.20257 0.975802 0.993047 0.994041 1.17732 0.834473 0.949161 
0142 0.21345	0.795638 0.920942 0.912956 1.11903 1.00131 0.911973 0.813994 0.789658 0.924109 1.04508 
0143 0.127193	0.456152 0.846758 0.9433 0.958536 1.03975 0.728987 0.892963 1.21174 1.44476 1.27607 
0144 0.150585	1.45001 0.802525 0.941723 1.02872 0.889146 1.006 0.920176 1.29295 0.91982 0.865369 
0145 0.0497076	1.80852 0.993563 0.81618 1.18639 0.959351 0.989962 0.939959 0.835129 0.671987 0.859016 
0146 0.108187	0.453388 0.833151 0.975911 1.07651 1.02079 0.862713 0.866205 0.758266 1.39381 1.14445 
0147 0.0614035	1.20882 0.810841 1.11619 1.47578 1.02598 1.04823 0.801485 0.714654 1.04468 0.935769 
0150 0.169927	0.64406 0.961545 0.881695 0.888345 1.11216 0.859596 0.812989 0.756626 1.01756 1.13745 
0151 0.141809	0.482909 1.12145 1.05732 1.02564 1.16434 0.903851 1.08829 1.24234 1.34803 1.22818 
0152 0.134474	1.17826 1.05558 0.847123 0.973431 1.0393 0.862674 0.952489 1.1114 0.921449 1.15508 
0153 0.0476773	1.54939 1.17899 0.858862 1.01595 1.01444 1.04497 1.28566 1.51465 1.00067 1.1491 
0154 0.112469	0.443104 0.956832 1.08061 0.893682 1.18433 1.0031 0.898009 0.786265 1.39933 1.11375 
0155 0.162592	1.21755 0.955346 1.02064 1.47139 1.04381 1.00974 1.1335 1.23478 0.837091 1.11405 
0156 0.0562347	0.74747 1.03565 0.854887 0.836076 1.09675 0.901368 1.01381 0.602178 1.28295 1.05833 
0157 0.174817	2.68535 1.10206 0.838863 1.11265 1.09342 1.04836 0.938537 0.937571 0.73486 1.18923 
0160 0.282353	2.21615 1.01217 0.975443 1.23425 0.96187 1.30807 0.895998 1.05244 0.622331 0.802816 
0161 0.0676471	0.563923 0.983005 1.05307 0.905118 1.09194 0.981589 1.01078 0.575471 1.59715 0.917246 
0162 0.133824	0.533071 0.9949 1.18255 0.953587 1.22237 1.05917 1.0379 1.15462 1.48902 1.36611 
0163 0.111765	0.548706 1.0298 0.974073 0.793704 1.09234 1.0496 0.881729 0.913195 1.17535 0.98872 
0164 0.075	0.946181 0.894356 1.07808 1.14937 0.982998 1.19064 1.08888 1.18074 1.20812 0.975204 
0165 0.0977941	1.16758 1.02827 1.00258 0.822853 0.942952 1.00534 1.04898 1.29469 0.960126 0.931748 
0166 0.0735294	1.36689 1.09676 0.969467 0.939006 1.00132 1.13716 1.00139 0.877617 1.03236 1.07532 
0167 0.158088	0.677346 0.865727 0.992836 1.08976 1.0558 1.05619 0.913934 0.806715 0.863261 0.889244 
0170 0.0721103	0.67037 0.984758 1.10494 1.06051 1.11529 1.12743 1.19963 0.684859 1.27656 1.01482 
0171 0.134677	1.20314 1.03565 0.985109 1.0789 0.981921 1.01715 0.918216 1.15745 0.747509 0.985319 
0172 0.106045	1.48239 0.809794 0.952445 1.31945 0.919348 1.15053 1.21119 0.792348 0.751901 0.916152 
0173 0.128314	0.781197 0.851131 1.0809 1.26918 0.967503 1.09914 0.97721 0.72164 0.967969 0.85796 
0174 0.0615058	2.31195 1.097 1.19899 1.21234 1.11275 1.17594 1.24396 1.31197 1.07321 1.27749 
0175 0.21315	0.871224 1.10304 1.01973 0.930035 1.06212 0.951242 1.12277 1.10058 1.02461 1.08848 
0176 0.155885	0.319971 0.889843 1.03663 0.975071 1.03016 0.957688 1.08996 0.742159 1.71675 1.01053 
0177 0.128314	0.967814 0.952226 0.900816 0.754543 0.958139 0.860755 0.994864 0.893143 0.920067 0.757993 
1000 0.191579	0.670256 1.00671 1.25371 1.12049 1.01193 0.985411 0.982533 1.24376 1.16861 1.07134 
1001 0.153498	2.61001 0.948747 0.94561 1.22892 0.903396 1.17108 1.07506 1.03896 0.710911 0.891346 
1002 0.103338	1.04476 0.990906 1.00747 0.828061 0.84415 0.913783 0.915406 0.858677 0.882592 0.871522 
1003 0.148465	0.445181 0.929276 1.13636 0.871025 1.03454 0.808482 0.997892 0.723075 1.6283 1.03814 
1004 0.105687	0.766496 0.947319 0.93439 0.851475 1.04039 0.887837 0.982442 0.668384 1.25774 0.958699 
1005 0.137058	0.950148 0.960743 0.973421 1.10814 0.910693 1.04727 0.951914 0.759145 0.895377 0.840198 
1006 0.0432813	2.57761 0.991427 0.969054 0.898429 0.860999 1.14691 0.990897 0.714332 0.79655 0.882314 
1007 0.117094	0.622228 0.953424 0.964091 0.924094 0.931137 0.900271 1.16832 1.0819 0.903866 1.00245 
1010 0.201258	1.09592 1.12627 1.00424 1.09262 1.0102 1.20111 0.901427 0.821795 0.951928 0.94977 
1011 0.11827	2.26835 1.05099 0.919934 1.12628 1.00438 1.15228 0.977923 0.941756 0.819961 0.899715 
1012 0.13453	1.06839 0.995148 0.892262 1.10402 0.996713 1.02955 0.859876 0.933569 0.787638 0.908399 
1013 0.0981746	0.557794 0.96938 1.0162 0.921813 1.14817 0.881749 1.0028 0.884358 1.56367 1.09374 
1014 0.141433	1.42007 1.03755 1.1769 1.32011 1.07007 1.18726 1.03882 1.37433 0.965958 1.02787 
1015 0.0849824	2.70382 1.0595 0.919965 1.00412 0.85123 1.11605 1.01629 1.44469 0.590982 0.878111 
1016 0.0541494	0.365926 0.910418 1.2156 1.09251 1.14861 1.09818 1.12815 1.01864 1.67957 1.16905 
1017 0.167204	0.536377 0.926906 0.910931 0.901607 0.983191 0.911134 0.958393 0.96769 1.12544 0.952365 
1020 0.0892048	0.893625 0.965686 1.02114 0.907074 0.902809 0.871256 1.04052 1.31491 1.00733 1.05436 
1021 0.0828183	0.551546 1.00362 1.04161 0.97361 0.982106 0.923414 1.12098 1.02251 1.31095 0.956097 
1022 0.0566543	0.259797 1.01428 1.0238 0.792204 1.0774 0.859773 0.93904 0.748113 1.43448 0.942256 
1023 0.157808	2.46715 1.09312 1.01001 0.994224 0.909909 1.06868 0.998735 1.34987 0.741038 0.981048 
1024 0.136382	0.501719 0.927385 0.997963 1.11141 1.03799 0.895056 0.845187 0.868701 1.08984 0.948709 
1025 0.174701	0.767592 0.920819 0.833179 0.863233 0.966607 0.836094 0.894161 0.622007 0.950515 0.849859 
1026 0.178204	1.20148 0.981061 1.02821 1.02512 0.959581 1.09259 1.01876 0.911143 0.986439 0.9365 
1027 0.124227	2.32662 1.01464 0.965535 1.23999 0.895999 1.16707 0.96087 0.72233 0.600186 0.764195 
1030 0.11272	0.422081 1.01133 1.14742 0.79178 1.13967 0.928246 1.0668 0.80733 1.70303 1.11973 
1031 0.201826	0.666113 0.956187 0.949261 1.06681 0.971388 0.97264 0.993967 0.892419 0.84982 0.96598 
1032 0.166877	0.735268 0.963168 0.986739 1.15601 0.99538 1.009 1.01339 0.629406 1.03183 0.953158 
1033 0.0714736	1.10166 1.02353 1.12855 1.21576 1.03926 1.22387 1.15544 1.25698 1.00608 1.00519 
1034 0.122796	2.16409 1.0241 0.952896 0.959127 0.931383 1.14057 1.1369 1.14413 0.855678 1.00298 
1035 0.0824937	1.57988 0.960611 0.986262 1.11211 0.856026 1.04089 1.09984 1.20223 0.735795 0.905375 
1036 0.0698992	0.657559 1.03107 1.00963 0.885511 1.00157 0.943303 1.16856 1.67985 1.00419 1.12415 
1037 0.171914	0.549182 1.00677 0.975428 0.779526 1.0281 0.947019 0.994629 0.970702 1.11799 0.964715 
1040 0.126948	2.5138 1.08637 0.982127 1.11231 1.01523 1.16571 1.1115 1.04413 0.889032 1.10281 
1041 0.0612013	0.921707 0.967564 0.83019 0.893281 1.10587 0.850388 0.836943 0.742356 0.947503 1.0336 
1042 0.0852273	0.654865 0.997362 1.00064 0.7091 1.03773 0.857785 1.13296 1.35014 1.41186 1.22746 
1043 0.237662	0.851236 0.970584 0.97469 0.930616 1.08429 0.974914 0.964112 1.05067 1.08746 1.09132 
1044 0.136201	0.517584 1.00098 0.968117 0.76001 1.12654 0.924192 0.971131 0.755874 1.44611 1.04378 
1045 0.0693182	0.387813 1.01643 1.00239 0.977898 1.23074 0.901214 1.07701 1.07466 1.61224 1.26609 
1046 0.223864	1.62191 0.974051 0.916872 1.05265 0.970923 0.951387 1.02776 1.11033 0.784357 1.0366 
1047 0.0595779	2.31208 0.89141 0.992561 1.32211 0.979188 1.18801 0.967337 1.16063 0.712808 1.03486 
1050 0.089061	0.315149 0.806221 1.07636 0.901793 1.12067 0.873171 1.12808 0.989099 1.72137 1.01445 
1051 0.105518	1.72242 0.983516 1.0102 1.21333 1.02896 1.05025 1.11232 1.33361 0.923022 1.14483 
1052 0.0663117	1.67209 1.04809 1.10566 0.836956 1.08733 1.05707 1.14323 1.01763 1.25899 1.03268 
1053 0.171346	0.39242 0.872803 0.86171 0.875907 0.950132 0.758958 1.01066 0.96844 1.02643 0.915106 
1054 0.281704	1.28532 0.984502 0.825616 1.06325 0.951904 0.995283 1.02527 0.811494 0.700915 0.833358 
1055 0.109874	0.453755 0.899697 1.07749 1.11865 1.03935 0.961993 1.1376 0.954824 1.23861 1.01514 
1056 0.100678	1.63752 0.993804 1.09318 1.14256 0.980221 1.11902 1.05397 1.3755 0.814153 1.00637 
1057 0.0755082	1.19016 0.875729 1.1226 1.0731 1.01427 1.11576 1.05307 0.984646 1.01966 1.03284 
1060 0.192202	2.65527 0.930954 0.909369 1.24456 0.866074 1.10415 0.966362 0.936027 0.727037 0.878556 
1061 0.139209	0.967304 0.966805 1.06971 0.906213 0.932763 1.01343 0.951956 1.45863 0.995055 1.12174 
1062 0.079352	0.83573 1.00222 0.99405 0.822843 0.923653 1.02905 1.02667 1.09689 1.2877 1.03233 
1063 0.109555	0.549031 0.916646 0.977477 0.900501 1.04259 0.93041 0.950539 1.01161 1.41747 1.04879 
1064 0.0886875	0.373936 0.956405 1.19203 0.999987 1.08857 0.969948 1.2114 1.2593 1.85285 1.3678 
1065 0.136189	0.510017 0.951467 0.975457 1.17916 1.05261 1.02509 1.0154 0.709623 1.27287 1.00967 
1066 0.0494234	0.445065 0.935221 0.940041 0.970643 0.946527 0.924042 1.01138 1.10458 1.02496 1.00226 
1067 0.205382	1.53561 0.978636 0.858919 0.879236 0.919237 1.10058 0.891164 0.756683 0.681281 0.853675 
1070 0.11247	0.857895 0.923116 1.06521 0.914445 1.02239 0.923477 0.891 1.0069 1.11127 1.0043 
1071 0.0744139	0.942025 1.06102 1.24882 1.03961 0.986474 1.1726 1.07398 1.67403 1.17252 0.972692 
1072 0.163439	2.34136 1.00156 1.16727 1.04713 1.05966 1.07572 1.06806 1.2485 1.25066 1.03583 
1073 0.122664	2.50733 0.967518 0.906152 1.25133 0.960242 1.02209 0.909426 1.27325 0.71852 1.08442 
1074 0.0808699	0.498606 0.942149 1.1313 0.955814 1.1394 0.910212 0.980914 1.18459 1.90419 1.20704 
1075 0.153585	4.18808 0.885143 0.935082 1.12456 0.867821 1.07877 1.121 1.16773 0.811774 0.948814 
1076 0.0655793	1.89362 0.994719 0.824621 0.778696 0.85839 0.883836 0.840454 0.864351 0.698841 0.978517 
1077 0.226979	1.04295 0.892018 0.89113 0.853819 0.967599 0.947246 1.00728 1.16845 1.08825 1.01 
1100 0.190952	1.85587 0.973098 0.888238 0.9095 0.909649 1.09822 0.916639 1.25139 0.803412 1.1005 
1101 0.185857	0.467386 0.939406 0.967713 0.930923 1.00256 0.96264 0.880985 0.938367 1.11281 1.04409 
1102 0.0935398	1.44306 1.05744 1.00824 1.22824 1.02266 1.36374 0.922343 0.983596 0.798866 0.947377 
1103 0.12044	0.956842 0.854062 0.84858 0.968595 0.923313 0.992294 0.86913 0.880464 0.704065 0.956998 
1104 0.144895	0.725436 0.986163 1.08994 0.801275 1.09846 0.947314 1.08473 1.28663 1.28822 1.20716 
1105 0.0917057	0.141177 0.917762 1.05734 0.832258 1.06568 0.895079 0.993822 0.894519 1.61624 1.14136 
1106 0.0605258	1.6723 1.02333 1.01254 1.21564 0.96695 1.16165 1.05369 1.08171 0.841266 0.929113 
1107 0.112085	1.07457 1.00404 1.04335 0.986663 1.06386 1.19286 1.04551 0.924291 1.0823 1.00915 
1110 0.122818	0.488362 1.11213 1.15421 0.943518 1.11292 0.944896 1.06219 0.937648 1.51494 1.1971 
1111 0.116195	2.41743 1.01696 0.929456 1.22206 0.911537 1.10355 1.09181 0.867718 0.7802 1.06959 
1112 0.0571945	3.43771 1.10083 1.03006 1.10254 0.96195 1.1228 1.01802 1.10515 0.691558 1.02454 
1113 0.0842866	0.470074 1.11585 1.08445 0.941201 1.04111 0.972094 0.911707 0.810194 1.19139 1.07467 
1114 0.135461	0.936645 1.18775 1.2601 1.07974 1.12307 0.913059 1.03181 1.26084 1.25473 1.29331 
1115 0.263095	1.02063 1.08971 1.01458 0.798825 0.966706 0.924081 0.989526 0.932442 0.988266 1.13743 
1116 0.154726	1.93059 1.11301 0.948388 0.888831 0.939793 0.927818 0.896854 0.936041 0.836642 1.09115 
1117 0.0662252	1.98621 0.997678 1.03701 1.08859 0.884412 1.05029 1.06987 1.42389 0.861354 1.05736 
1120 0.230611	0.436724 1.04476 0.97032 0.945407 0.989758 0.952794 1.08581 0.811894 1.08733 0.978503 
1121 0.0763807	0.354114 1.17918 1.21364 0.835605 1.18902 0.972973 0.987677 0.749512 1.81414 1.28955 
1122 0.111927	1.96167 1.07 1.00742 1.05735 0.952593 0.99716 0.977496 1.12266 0.712015 1.00742 
1123 0.174207	0.669055 0.97686 0.852881 0.923256 0.957888 0.857762 0.933535 0.600033 0.909396 0.950376 
1124 0.079906	1.36617 1.06341 0.990735 1.35107 0.995042 1.10405 1.01939 0.756422 0.798526 0.981267 
1125 0.147767	0.181086 1.11516 1.04489 0.774626 1.05546 0.822238 1.01196 1.0811 1.37374 1.23272 
1126 0.122797	0.512085 0.9885 1.13983 1.05441 0.981827 0.927812 1.12628 1.42904 1.01853 1.12468 
1127 0.0564042	2.10664 0.921616 0.830426 1.28776 0.856687 0.931717 0.917609 0.853781 0.611516 0.9437 
1130 0.23502	0.465093 1.10102 1.10361 0.794093 1.00756 1.01539 1.0409 0.952692 1.45497 1.06726 
1131 0.118597	1.47754 1.10897 1.06526 1.08096 1.03366 1.19234 1.16954 0.914416 1.01113 1.06972 
1132 0.0723378	0.770072 1.0259 1.06358 0.945391 0.987114 0.937607 1.01384 1.75238 1.1042 1.16939 
1133 0.103695	0.481418 1.08056 0.917558 0.793599 0.991408 0.831252 0.981329 0.925372 1.11167 0.998035 
1134 0.0925179	1.06691 1.13463 1.11135 0.979291 0.971354 1.19812 1.05164 1.07203 1.00239 1.0738 
1135 0.135983	3.40869 1.08809 0.951612 1.21108 0.914033 1.18261 1.08819 1.17347 0.626262 0.96051 
1136 0.184104	1.142 1.19212 0.881487 1.00609 0.935037 0.955653 0.934069 0.963047 0.806659 0.988332 
1137 0.057746	0.764604 1.063 0.957452 0.999833 0.933079 0.993341 0.856682 0.771303 0.841643 0.91048 
1140 0.200582	0.421005 0.886605 1.07919 0.990535 1.00394 1.02595 1.05409 1.01333 1.3178 1.10162 
1141 0.0742178	0.942376 1.06432 1.26901 0.912576 1.03587 1.13582 1.15606 1.25399 1.45587 1.23993 
1142 0.157652	2.03608 0.874733 0.847662 1.03828 0.819861 1.07726 0.977973 0.985634 0.763744 0.965227 
1143 0.198642	0.697821 0.864467 0.804613 0.813604 0.907487 0.856055 0.926199 1.02334 0.983265 0.996704 
1144 0.07252	1.45105 0.821202 0.968791 1.15027 0.945044 1.25102 0.936157 0.819486 0.820493 1.01102 
1145 0.0676692	4.34241 0.878501 0.786783 0.957863 0.77441 1.12285 1.15408 1.44305 0.603236 0.980634 
1146 0.14407	0.824262 0.907059 0.874152 1.22586 0.933763 0.923753 0.922859 1.02584 0.820175 1.02373 
1147 0.0846471	0.341451 0.93407 0.929789 1.03588 1.13376 0.823 0.772748 0.581552 1.32572 1.10625 
1150 0.108206	0.85337 0.902569 0.930467 0.990295 0.966473 0.902377 0.904252 0.743105 0.781782 0.825927 
1151 0.0891221	2.82045 1.10211 1.13039 1.03829 0.994214 1.07481 0.959661 1.31489 0.787994 0.963891 
1152 0.162214	0.323044 1.00902 1.19324 0.937616 1.13301 0.975234 1.03635 1.01537 1.47902 1.01557 
1153 0.217748	1.99843 0.980736 1.09257 1.03131 0.983531 1.13474 1.16321 1.10904 0.96354 0.971501 
1154 0.0572519	4.7703 1.01174 0.986451 1.29933 0.940625 1.16769 1.00659 0.88875 0.584485 0.89421 
1155 0.117366	1.09555 1.13116 1.00808 0.824878 0.99409 0.958734 1.00306 1.10385 0.93089 1.10902 
1156 0.102672	0.558156 0.951027 0.954153 0.803221 1.03447 0.883836 0.974429 0.845356 1.32478 1.1443 
1157 0.14542	0.616713 1.07079 0.934964 0.861619 1.0546 0.842941 1.04318 0.90199 1.08319 0.94597 
1160 0.055243	1.09376 1.03497 0.872394 0.726605 0.832484 0.877404 0.963817 1.44942 0.667479 1.10812 
1161 0.0504689	0.354621 0.845893 1.27616 0.951428 1.19046 0.971119 1.04744 0.962703 1.85245 1.2592 
1162 0.0971867	0.547749 0.867968 0.918893 0.928916 0.948645 0.763214 0.943792 0.900793 0.996017 0.90119 
1163 0.14237	1.91981 0.93254 1.12271 1.01205 0.79817 1.1511 1.17069 1.27668 0.798744 0.86139 
1164 0.154817	0.667782 0.978408 1.03319 0.98053 1.04435 0.923713 0.986887 1.38127 1.0412 1.22973 
1165 0.0780904	0.739652 0.836017 0.96892 1.03388 1.02404 0.98835 1.07416 0.731635 1.18258 0.951828 
1166 0.220801	0.807427 0.901769 0.986275 0.948162 0.943591 1.08323 0.917942 0.803177 0.771328 0.907824 
1167 0.201023	0.249936 0.897641 1.08133 0.818086 1.02584 0.865182 0.915925 0.861142 1.36877 1.02709 
1170 0.0459866	0.771126 1.09869 1.23382 0.769598 1.08081 0.941738 1.00298 1.26213 1.65676 1.18773 
1171 0.16388	0.924264 1.08274 1.03424 0.804231 0.936082 1.02486 1.05992 0.986475 1.23913 1.05612 
1172 0.152174	0.745976 1.0541 0.944725 1.12555 0.971042 1.0004 0.885494 0.813994 0.972218 0.986862 
1173 0.198161	0.451436 0.961984 0.990799 0.928178 0.95402 0.888024 0.894892 0.863686 1.28044 1.04182 
1174 0.179766	0.844624 1.08597 1.01452 0.879134 0.941602 0.874872 0.984206 1.44929 0.905238 1.17052 
1175 0.0434783	0.330778 1.02547 0.986025 1.10576 1.1531 0.96368 0.998255 0.978961 1.70015 1.16459 
1176 0.119565	2.17692 0.905946 0.84589 0.971956 0.818166 0.913207 1.07392 1.03461 0.884703 0.84869 
1177 0.09699	2.31433 1.03036 1.00093 1.03146 0.886679 1.06383 0.90007 1.07109 0.677143 0.853348 
BOUNDS
LWPS R    0.0  0.0  0.0  0.0  0.0  0.0  0.0  0.0  0.0  0.0
UWPS R    0.5  0.5  0.5  0.5  0.5  0.5  0.5  0.5  0.5  0.5
LXAS R   -0.5 -0.5 -0.5 -0.5 -0.5 -0.5 -0.5 -0.5 -0.5 -0.5
UXAS R    0.5  0.5  0.5  0.5  0.5  0.5  0.5  0.5  0.5  0.5
END
