NAME moment_estimation_cluster
ASSETS 10
BENCHMARKS 0.1 0.1 0.1 0.1 0.1 0.1 0.1 0.1 0.1 0.1 
COVARIANCES
0 0 7.94318
1 0 0.27554
1 1 0.0220851
2 0 0.153047
2 1 -0.00253392
2 2 0.111112
3 0 0.668422
3 1 0.0195994
3 2 0.0593007
3 3 0.112338
4 0 0.463954
4 1 0.0207252
4 2 0.0216563
4 3 0.0518097
4 4 0.0358785
5 0 1.17039
5 1 0.0435536
5 2 0.0786874
5 3 0.147351
5 4 0.0863183
5 5 0.247009
6 0 0.934422
6 1 0.0385465
6 2 0.0857734
6 3 0.109719
6 4 0.0699525
6 5 0.189748
6 6 0.188995
7 0 0.0490685
7 1 -0.00123971
7 2 0.124749
7 3 0.0623022
7 4 0.0222993
7 5 0.0901255
7 6 0.102921
7 7 0.174502
8 0 -0.132109
8 1 0.0056325
8 2 -0.0111879
8 3 -0.0285782
8 4 -0.00518067
8 5 -0.0320255
8 6 -0.002661
8 7 0.00117041
8 8 0.0372561
9 0 0.256665
9 1 0.00775476
9 2 0.050981
9 3 0.0412704
9 4 0.0232141
9 5 0.0640598
9 6 0.0690844
9 7 0.0626005
9 8 0.00325236
9 9 0.0387344
SCENARIOS
0 0.76753	3.41132 0.96386 0.944417 0.960822 0.925384 0.861835 0.85175 0.979514 1.06331 1.05805 
1 0.23247	216.401 0.970839 1.48489 1.80771 1.38924 1.88221 1.61131 1.28344 0.827363 1.36308 
00 0.343843	136.314 1.11304 1.03449 1.17711 1.30002 1.69789 1.95886 0.957207 0.891898 1.16871 
01 0.656157	0.129444 0.798139 0.910676 0.884264 0.915774 0.842851 0.878288 0.902384 0.941918 0.879602 
10 0.765518	0.126041 1.08245 1.08365 0.837262 0.815999 0.929025 1.0468 1.3516 1.24768 0.911288 
11 0.234482	129.856 1.26673 0.653467 1.96418 1.46682 3.21478 1.59166 0.762059 0.763947 0.996586 
000 0.104846	0.00884587 0.842734 0.729426 1.00591 0.819558 0.752151 0.373143 0.564777 0.671895 0.615328 
001 0.0851427	304.416 1.53846 0.533392 2.43544 1.68688 4.15599 1.20134 0.433501 0.819672 0.747715 
002 0.161191	0.00899388 1.24889 2.17661 1.232 1.08946 1.26483 1.00891 3.14447 1.12788 1.14767 
003 0.0829071	0.680189 0.918582 1.31231 1.79664 0.947907 1.74013 1.12513 1.28 0.50793 0.985484 
004 0.0544125	0.0068313 0.806538 1.83293 1.01964 0.83114 0.773943 0.62438 1.45816 0.761946 0.969659 
005 0.25755	0.016735 1.06988 1.017 0.827108 1.02952 0.844379 0.635931 1.08726 1.16107 0.82626 
006 0.169111	0.17764 1.20407 1.30055 1.2917 0.936887 1.15681 1.20544 1.23372 1.12691 1.0787 
007 0.0848395	2.66164 1.26859 1.57001 2.162 1.36714 1.65205 1.80231 1.35126 0.994961 1.1761 
010 0.105536	0.0280534 0.995532 1.64709 0.893995 0.83257 0.74556 0.907095 1.70868 1.23441 1.02924 
011 0.118661	1.42985 1.3439 2.02903 1.36255 1.30033 1.34305 1.66048 2.39576 1.24824 1.36395 
012 0.241631	0.372222 1.08193 1.0167 1.02619 0.932077 0.871774 0.807882 0.811981 0.837073 0.897052 
013 0.0804376	587.833 1.36053 1.20833 1.52572 1.43661 3.3389 2.63402 1.79016 0.722249 1.42425 
014 0.0850046	43.4424 1.57966 0.645885 1.19187 1.21013 1.44715 1.08795 0.421441 0.969601 0.952315 
015 0.184762	0.010083 1.27233 0.497503 0.509629 0.772173 0.426354 0.500796 0.434959 1.24086 0.684303 
016 0.103709	0.00910353 1.11587 1.00348 0.616657 0.815177 0.669305 0.671813 1.18655 1.11733 0.891628 
017 0.0802589	0.946011 1.4145 0.910389 0.614386 1.10833 1.01126 1.3554 1.04955 1.52416 1.12845 
100 0.121376	0.251152 0.923257 1.10867 1.01791 1.0058 0.986407 0.759013 1.04749 0.734217 0.922713 
101 0.0581591	0.0271822 1.03685 1.20627 0.829839 1.0215 1.05173 1.09414 1.8205 1.11574 0.919763 
102 0.0608002	0.00111031 0.846155 1.05366 0.551667 0.76793 0.468197 0.551317 1.34385 0.910839 0.804143 
103 0.0864801	0.000435012 0.640322 0.725423 0.437843 0.598685 0.23557 0.356622 0.718937 0.997894 0.814678 
104 0.199989	2.38582 1.03895 1.04864 1.53082 1.26819 1.54347 1.36517 1.24837 0.545088 0.993355 
105 0.260901	0.139752 0.906807 0.577321 0.56416 0.857972 0.569395 0.65841 0.533917 1.12162 0.823736 
106 0.146831	270.345 1.19845 1.65956 3.81184 2.02049 4.23976 2.65276 1.31216 0.706146 1.53832 
107 0.0654641	0.0162255 0.819677 2.18531 0.810817 0.891921 1.03017 1.44441 3.11988 0.893858 1.40128 
110 0.11796	0.1131 0.783463 2.32867 0.68675 0.713173 0.632229 1.16984 1.98134 0.979954 1.31136 
111 0.0643919	839.912 1.47373 1.24516 1.52389 1.55731 3.93843 2.7865 1.26781 0.967201 1.06407 
112 0.0585214	6.06748 1.2893 1.86345 0.61422 0.893067 0.787542 2.11342 1.32731 1.69178 1.13586 
113 0.274995	0.0266548 1.18009 1.32867 0.409284 0.826598 0.442901 0.846265 0.964755 1.95302 0.901342 
114 0.102367	0.299712 0.995287 0.811842 0.271424 0.558279 0.314645 0.75689 0.502751 1.44695 0.889719 
115 0.0552192	2.09586 1.59118 1.5469 0.796183 1.09853 0.886609 1.39403 1.67836 1.25954 1.11693 
116 0.083104	0.828605 1.12973 0.517839 0.401741 0.82822 0.569403 1.44124 0.886319 2.27151 0.936774 
117 0.243442	0.00188749 0.808519 1.58664 0.48313 0.65511 0.375857 0.812712 1.30393 1.39397 1.08867 
0000 0.0744489	1.1714 0.885701 1.53515 1.43752 1.1564 1.62296 1.50994 2.01328 1.04743 1.45957 
0001 0.145645	5.278 1.50996 0.836542 0.805393 1.11822 1.24545 1.33382 1.1449 1.37318 0.964579 
0002 0.0986628	0.0164879 1.07284 1.76269 1.15934 0.884571 1.0436 1.45926 2.39615 1.08739 1.26347 
0003 0.14167	218.116 1.10355 1.03385 1.77276 1.14477 1.37865 1.13949 0.750916 0.701016 1.03012 
0004 0.253343	0.104539 1.10039 0.936151 0.773138 0.882054 0.62214 0.768929 1.20633 1.21832 0.996192 
0005 0.0679436	1.33803 1.23121 0.744178 1.14845 0.985624 0.855468 0.943017 0.618341 1.34341 0.902005 
0006 0.110228	0.199885 1.44132 0.516476 0.630235 0.921163 0.580188 0.779694 0.522108 1.88432 0.787508 
0007 0.108059	0.0313623 0.887881 0.532375 0.401892 0.568545 0.166832 0.429357 0.510316 1.56547 0.66518 
0010 0.0787717	0.281457 0.824836 1.08248 0.594147 0.883198 0.6609 0.784434 0.616211 0.771036 0.775587 
0011 0.0556297	0.156259 0.940049 3.71842 1.0231 0.97404 1.13826 3.4942 7.9728 1.46342 1.81952 
0012 0.130841	2.21068 1.1971 7.02066 3.51615 1.67116 3.92311 5.31605 7.47057 1.03433 2.3648 
0013 0.0952381	0.641471 0.826572 2.8783 1.11528 0.971597 1.10385 1.37795 4.61009 0.56444 1.33545 
0014 0.186916	0.0332819 0.969857 3.63859 1.19379 0.838091 0.86013 2.55538 6.71632 1.23451 1.81454 
0015 0.0881175	0.0922046 0.691111 2.2223 0.715139 0.850014 0.376104 1.47994 1.88612 1.2426 1.69748 
0016 0.118825	585.606 0.920008 4.33734 7.06112 1.53482 5.07089 6.59679 10.5627 0.97654 2.55988 
0017 0.245661	0.00400608 0.78786 1.33268 0.333776 0.670302 0.315096 0.748979 1.54597 2.08711 1.19036 
0020 0.227551	0.397113 0.684735 1.27739 0.874958 0.81066 0.958978 1.37335 1.61846 1.06691 1.32479 
0021 0.077574	0.945164 0.846225 1.01566 1.13992 1.08392 0.911453 1.0858 0.701227 0.954458 1.19056 
0022 0.0836859	0.00587544 0.664355 0.580496 0.612932 0.636023 0.473779 0.602882 0.441504 0.853447 0.624048 
0023 0.103197	4.50367 0.784321 0.648916 1.43817 1.06113 1.07094 1.30233 0.731268 1.30024 1.14603 
0024 0.190174	0.0113805 0.509735 1.32492 1.01321 0.79767 0.599217 0.714994 1.11064 0.900512 0.971958 
0025 0.0632346	1611.29 0.495232 1.527 1.54335 1.02628 2.0909 2.55558 1.35028 0.817776 1.31793 
0026 0.143159	0.000296451 0.625914 0.808598 0.498279 0.67786 0.523179 0.6838 0.913932 1.36555 0.926046 
0027 0.111425	15.6909 0.773474 1.80185 1.34222 1.15036 1.90848 2.00777 1.84909 0.812863 1.49882 
0030 0.0845521	521.054 1.7048 0.20841 1.03259 1.23049 1.05767 0.507917 0.154223 1.09628 0.397074 
0031 0.0740402	2.03527 1.05313 0.697512 0.581065 1.24755 1.25728 0.634862 0.670969 1.96441 0.943392 
0032 0.164991	19.6639 1.93343 0.308369 0.392242 1.06258 0.578422 0.895262 0.391878 2.95188 0.741181 
0033 0.129799	4.40376 1.03703 0.594434 0.603398 1.24146 0.95374 1.27384 0.653654 2.02897 1.03625 
0034 0.0744973	0.540424 1.19107 1.13847 0.735353 1.28776 0.734403 1.22883 0.856965 1.98473 1.10708 
0035 0.0877514	0.272112 1.13116 0.979407 0.587388 1.07055 0.62879 1.32757 1.07027 3.05665 1.06681 
0036 0.286563	0.0595139 0.918857 0.978734 0.593346 0.908556 0.501281 0.582086 1.06923 1.98128 1.26201 
0037 0.0978062	1.07883 1.45703 1.08136 0.818873 1.36572 0.65458 1.05776 1.00691 2.61103 1.15009 
0040 0.204039	0.392975 0.541537 0.821474 0.94627 0.710276 0.526467 0.765981 0.803948 0.875505 0.855022 
0041 0.175487	12.9263 1.24754 1.04427 1.46318 1.33812 1.19397 1.26944 0.84185 1.35581 1.12834 
0042 0.0612813	0.407922 0.806473 1.99232 1.22618 1.17306 1.68564 1.6962 2.60792 1.23735 1.3261 
0043 0.213092	0.16618 0.834788 1.0577 0.998348 0.818399 0.815433 0.974731 1.2308 1.10268 0.889891 
0044 0.0828691	0.134962 1.14829 0.91577 1.58229 1.0804 1.11927 1.18729 1.44462 1.37525 0.969496 
0045 0.045961	969.246 1.23557 1.1948 3.09249 1.58372 5.80944 2.92938 1.17584 0.853912 1.64379 
0046 0.137883	0.0235716 1.1773 0.547572 0.639043 0.997522 0.482413 0.593265 0.591288 1.31912 0.778845 
0047 0.0793872	0.00160021 0.945575 1.33005 1.01845 0.727167 0.816391 0.875897 1.76139 1.16652 0.95247 
0050 0.0943063	10.9087 1.12999 0.79347 1.15704 0.874808 1.5141 1.91975 1.12937 1.29879 1.27489 
0051 0.192291	0.462292 0.813786 0.597544 0.594708 0.812602 0.437809 0.866492 0.536062 1.25093 0.939533 
0052 0.104311	0.100183 0.831853 1.35548 0.944975 0.674143 0.76112 1.07454 1.65488 1.20787 1.17117 
0053 0.11255	515.36 1.07677 0.871591 1.60459 1.17974 2.62351 2.09857 0.816385 0.805408 1.00105 
0054 0.076063	0.760216 1.02115 1.63408 1.24322 0.977817 1.7257 1.84767 1.75225 0.970196 1.43003 
0055 0.0928351	3.53997 1.15917 0.772423 1.44762 1.11589 1.20505 1.62921 0.818474 1.02323 1.02867 
0056 0.0581139	0.22927 0.93722 1.69436 1.27703 0.924821 1.26008 1.33766 2.05424 0.829854 1.08009 
0057 0.269531	0.187964 1.07454 0.847187 0.998886 0.883247 0.76145 1.00061 0.984188 0.889044 1.01091 
0060 0.0835761	0.643405 1.03402 0.900174 1.05535 1.56075 1.02928 0.713196 0.798487 1.15063 0.820493 
0061 0.206139	26.176 1.20867 0.794176 0.778049 1.2 1.27499 1.17284 0.831063 0.831273 0.700913 
0062 0.218015	0.151007 0.849768 0.672142 0.721874 0.825775 0.694256 0.56115 0.695271 0.831314 0.734324 
0063 0.0708044	0.0501883 0.729048 0.408092 0.533379 0.84847 0.484066 0.280545 0.445056 1.05296 0.605686 
0064 0.051983	1.05404 0.92853 0.985911 0.836413 1.1716 1.18574 0.915103 1.37279 0.681811 0.860123 
0065 0.0526552	617.884 1.04188 3.32373 3.18839 1.96359 6.42854 3.75546 3.92757 0.66621 1.42188 
0066 0.189559	2.90533 0.931774 1.07577 0.91223 1.04298 0.949657 0.705783 1.21231 0.846269 0.912063 
0067 0.127269	0.0857656 0.632955 1.54811 1.2288 1.00853 1.4823 0.943844 2.32133 0.846107 1.07389 
0070 0.254578	0.0447772 1.00107 0.821465 0.694281 0.898028 0.830853 0.641423 0.86933 1.21589 0.716783 
0071 0.0687807	2.22776 0.667675 0.620223 0.731362 0.839654 1.20683 0.45256 0.386661 0.414845 0.562219 
0072 0.148727	0.253975 0.951145 1.02562 0.511446 0.767138 0.9585 0.526689 0.937827 0.648975 0.708412 
0073 0.0857526	1.2424 1.01429 0.558745 0.692145 0.900492 1.00434 0.485812 0.70158 0.980263 0.63963 
0074 0.104958	0.61956 0.981854 0.825181 0.815418 0.859377 1.63102 0.963216 1.69661 1.29915 0.821045 
0075 0.204109	177.971 1.22137 1.68716 1.80851 1.33597 3.20374 2.24712 3.11313 0.981441 1.30645 
0076 0.0687807	7.2733 0.962006 0.299007 0.327247 0.813689 0.84084 0.704 0.344641 1.3897 0.698026 
0077 0.0643144	3.81585 0.82011 0.920645 0.944989 0.777012 0.877558 0.748562 0.841994 0.737812 0.95383 
0100 0.115898	9.40508 0.803991 1.30593 1.55147 1.19283 1.66918 1.39735 1.42091 0.736662 1.34826 
0101 0.0483537	0.00469888 1.04839 0.867128 0.71748 0.784499 0.535402 0.813389 1.54797 1.1373 1.09731 
0102 0.190405	4886.23 0.960637 0.857551 1.04516 1.35651 1.65052 1.85464 0.827927 0.779422 1.18782 
0103 0.091063	0.403868 1.14125 0.553714 0.664021 0.999794 0.773708 0.679535 0.579902 0.902636 0.871943 
0104 0.0709313	5.01632 0.950069 2.00142 1.39028 1.23953 1.50987 1.68543 2.17314 0.853713 1.50352 
0105 0.220132	1.29402 1.18015 0.77282 0.915282 1.03879 0.778326 0.936947 0.677544 0.986314 1.0177 
0106 0.172719	0.0084864 0.821794 0.955711 0.927917 0.983673 1.21148 0.800744 0.997293 0.736574 0.975998 
0107 0.0904986	0.189534 0.870721 1.25917 1.30263 1.27734 1.18563 1.50224 2.28828 1.05941 1.38799 
0110 0.0687751	921.877 1.53991 0.956378 1.06993 1.23965 2.81251 2.69188 0.730709 0.817959 1.4009 
0111 0.126171	0.973236 0.830685 1.41778 1.03633 1.03181 1.44886 1.42862 1.82348 0.88496 1.23514 
0112 0.0937082	3.64742 1.04005 0.776726 1.0317 1.06126 1.11019 0.92007 0.521014 0.741086 0.825621 
0113 0.1834	0.307787 0.913184 1.30212 0.730846 0.782589 0.775428 0.939416 1.11225 1.07744 0.986782 
0114 0.260542	1.15817 1.12133 0.767489 0.904174 0.917385 1.05685 0.953782 0.801799 1.03243 0.905823 
0115 0.0729585	8.93963 0.842981 1.6799 1.49124 1.02067 1.94789 1.89678 2.04202 0.756311 1.20593 
0116 0.0799866	0.0293936 0.871632 0.955117 1.05007 0.791546 1.00779 0.853827 1.32771 0.750671 0.909931 
0117 0.114458	6.00205 0.812025 0.607198 0.56226 0.753424 0.758635 0.823195 0.441882 1.07414 0.873014 
0120 0.106171	2.36273 1.23808 0.530333 0.930694 1.05793 0.868898 0.754768 0.621778 1.25607 0.957655 
0121 0.0723149	0.0506053 0.90865 0.590969 0.560062 0.843408 0.434554 0.410955 0.499193 0.984187 0.695572 
0122 0.163119	0.698827 0.881489 0.942092 1.36624 1.05975 1.13626 0.921965 0.974932 1.06338 0.945883 
0123 0.216205	1.43613 1.13165 1.44126 1.25088 1.05049 1.2682 1.172 1.67258 1.07224 1.15947 
0124 0.131235	0.00772694 0.98886 1.01954 0.605356 0.788447 0.38872 0.518881 1.12033 1.49466 0.893245 
0125 0.0815186	37.0391 1.07472 0.981945 1.79572 1.3889 2.29982 1.51348 1.05306 0.923346 1.13036 
0126 0.156463	0.0393071 1.11331 0.9946 0.845064 0.995248 0.81246 0.835501 0.800999 1.1197 0.907829 
0127 0.0729723	1914.14 0.974491 0.54139 2.05554 1.45249 2.97061 1.68384 0.664449 0.770992 1.13602 
0130 0.100716	412.023 1.86984 0.911599 1.8418 1.76262 2.73571 3.06185 0.848645 1.31722 0.901073 
0131 0.0604789	5.87592 0.996898 1.061 1.20142 1.27633 0.980519 0.635272 0.355919 0.87263 0.723513 
0132 0.245865	0.0154517 1.15474 1.24112 1.14742 1.01866 0.630737 0.568375 0.930181 1.23397 0.868556 
0133 0.113305	0.0630976 1.18648 1.31181 1.21013 1.07818 0.909022 0.772201 0.848562 1.09102 0.837176 
0134 0.0822019	0.150393 1.09907 1.28242 0.985749 1.03947 0.892964 0.951551 0.749187 1.29263 0.869942 
0135 0.11528	0.00933778 1.27102 1.03755 0.646275 0.992493 0.53169 0.700701 0.978025 2.12801 0.941724 
0136 0.0760306	2.29784 1.28078 1.11189 1.3282 0.980584 0.93887 1.26473 0.807568 1.07774 0.732273 
0137 0.206122	0.630723 0.956897 1.31285 1.14813 1.02959 1.08075 1.1811 0.838916 1.21209 1.18999 
0140 0.095772	0.786586 0.767069 1.47979 1.10801 0.98765 1.28531 1.20089 1.98673 0.881964 1.00415 
0141 0.230086	2.99764 0.740413 1.44015 1.15879 1.1995 1.59592 1.45315 1.72792 0.822655 1.19838 
0142 0.0773184	0.112998 1.12217 1.17003 0.577378 1.01261 0.816094 1.16922 2.01481 1.63756 1.22759 
0143 0.108619	0.164235 0.849152 1.08261 0.708329 0.922197 0.42871 0.639066 1.3273 1.18469 0.972355 
0144 0.0922682	0.0635659 0.826772 0.628535 0.439856 0.787471 0.375772 0.448029 0.587088 1.11273 0.546867 
0145 0.0873628	0.102172 1.05013 1.0643 0.952024 0.938684 0.991935 0.759916 1.26407 0.757 0.752838 
0146 0.110722	0.160656 0.967551 1.60059 1.19399 1.08477 1.10611 1.37175 2.60632 1.35789 1.00065 
0147 0.197851	196.884 0.986405 1.1091 1.4527 1.51995 1.61834 2.16245 1.40932 1.15456 1.24723 
0150 0.127888	184.779 1.10285 1.1601 1.26924 1.40729 1.62271 1.66091 1.32415 1.10995 1.19299 
0151 0.102633	42793 1.50532 0.72499 1.73027 1.87752 3.79353 1.54826 0.461222 0.592734 1.05909 
0152 0.18345	118.387 0.909922 0.928918 1.37515 1.25937 1.36954 0.933328 0.71007 0.896002 0.918699 
0153 0.16389	0.360718 0.700712 0.672631 0.877926 0.804069 0.593708 0.430062 0.597139 0.678114 0.72121 
0154 0.173025	26.1305 0.902495 1.62588 1.28329 0.97915 1.40095 0.879501 1.46271 0.652791 1.04228 
0155 0.0728641	1.22621 0.973439 1.91566 1.20818 1.02124 1.23073 1.53589 2.11359 1.27857 1.36783 
0156 0.0704997	1.7515 0.971075 0.801087 0.701394 0.928028 0.636822 0.862918 0.927535 1.73855 0.820121 
0157 0.10575	1.48628 0.789243 0.928378 0.567629 0.918873 0.545059 0.535465 0.872903 1.12481 0.801916 
0160 0.185908	0.0247213 1.05718 1.61129 1.53156 1.18746 1.43932 1.22255 1.82383 0.964063 1.32661 
0161 0.148957	0.0663988 0.996502 0.988868 0.864296 0.943814 0.503516 1.04973 0.949662 1.20676 0.941995 
0162 0.0972621	3.48923 1.02627 0.55671 0.984723 0.893958 0.548487 0.59426 0.51619 1.00145 0.767993 
0163 0.16255	0.00253911 0.855544 0.687854 0.890955 0.779907 0.569605 0.618457 0.773798 1.20145 0.789468 
0164 0.0394409	38.0671 1.17924 0.697425 1.51074 1.17218 1.50796 0.927194 0.825936 0.836361 0.825288 
0165 0.0959219	0.000627832 0.884863 1.08221 0.716903 0.801197 0.373985 0.690821 1.15124 0.866259 0.930129 
0166 0.130768	0.17038 0.89606 0.945642 1.181 0.959624 1.02937 0.666728 0.868927 0.903838 0.726577 
0167 0.139192	5304.54 1.11844 0.988855 2.12604 1.67061 1.44341 2.44321 1.23952 1.60564 1.38796 
0170 0.299357	0.929172 1.03833 0.727351 0.953118 0.809076 0.603776 0.571081 0.746037 1.18855 0.924025 
0171 0.0757051	0.00968415 0.924301 1.31722 1.33426 0.974895 0.703925 0.859782 1.81317 1.38794 1.03538 
0172 0.13335	2.48251 1.10737 1.12062 1.83562 1.09109 1.24923 1.18001 1.00025 0.785207 0.791321 
0173 0.133597	0.341618 1.0255 0.588235 1.37586 1.03306 0.840084 0.90401 0.612137 0.962586 0.883672 
0174 0.0962395	3.57563 0.935013 1.73391 2.0455 1.13366 1.02034 1.34683 1.60634 1.12411 1.34635 
0175 0.0729837	648.425 1.21827 0.577092 2.05505 1.2517 1.97638 2.42561 0.452995 1.2432 0.973832 
0176 0.112321	1.03613 1.23012 0.919358 1.20352 1.11076 1.28683 1.23735 1.12716 1.14525 1.00907 
0177 0.0764473	27.2858 1.32612 0.824905 1.87629 1.33681 1.65051 1.33369 0.751185 0.712623 0.809377 
1000 0.189815	0.0557756 1.01321 1.41227 0.750056 0.776051 0.564975 0.955764 1.49305 0.952589 1.07102 
1001 0.0851852	0.458146 0.825641 0.392834 0.676424 0.750367 0.780829 0.717569 0.490259 1.1685 0.854412 
1002 0.144907	0.293034 0.94131 1.17456 1.34295 1.14043 1.22056 1.59622 1.54847 1.04925 1.65529 
1003 0.075	0.215949 0.986919 0.922452 1.19837 1.01201 1.25899 0.817237 0.825361 0.8641 0.838868 
1004 0.134259	0.00144526 0.918996 0.837949 0.707149 0.815815 0.498181 0.506051 0.714502 1.06035 0.802438 
1005 0.0930556	2.19567 0.958323 0.791596 1.34845 1.38274 1.2612 0.997909 0.82507 0.907789 1.40918 
1006 0.213889	171.25 1.30037 0.986439 2.41874 1.50107 1.39325 3.03939 0.863936 1.37306 1.51353 
1007 0.0638889	4.09949 1.17163 1.0626 1.60469 1.04222 1.52387 1.64586 1.00984 0.9392 1.0646 
1010 0.128502	0.0936964 0.760326 1.14464 0.730889 0.673527 0.565976 0.852905 1.24554 1.07722 1.27348 
1011 0.117874	2.94609 0.708224 0.644717 0.701344 0.70834 0.839044 0.748103 0.526123 0.682455 0.749898 
1012 0.0657005	0.0583974 0.932422 1.60544 1.12121 0.853067 1.44567 1.71428 2.44782 0.965738 1.20264 
1013 0.0975845	4.21293 1.1485 1.02213 0.579915 0.960171 0.79995 1.37032 0.794075 1.35523 1.30538 
1014 0.0879227	0.166485 0.928871 1.60548 1.19788 0.990483 0.924717 1.25865 1.62402 0.811481 1.35649 
1015 0.280193	0.19363 0.870151 0.960473 1.12775 0.77697 0.850492 0.895187 0.857169 0.758446 1.18501 
1016 0.131401	249.298 1.00734 1.02096 1.49668 1.12717 1.45417 0.903511 0.703792 0.624495 1.09804 
1017 0.0908213	2.2511 0.759536 1.26467 1.3772 1.08813 1.68663 1.55245 1.44322 1.05355 1.63474 
1020 0.180222	0.00151952 0.784612 0.848307 0.926265 0.938792 0.56987 0.819117 0.981922 1.29235 1.16473 
1021 0.144177	70.8017 0.987698 1.70072 1.23948 1.21611 1.83552 1.48335 1.97609 1.08523 1.64631 
1022 0.0859519	885.92 1.20979 0.993625 0.840685 1.25695 2.25776 2.22248 1.24929 1.89817 1.55141 
1023 0.0573013	0.00169246 0.804421 1.22444 0.972329 0.857846 0.489232 0.881389 1.81106 1.42559 1.32898 
1024 0.10536	0.204641 0.796555 1.41802 1.06458 1.19302 1.14152 1.1864 1.0884 0.980436 1.10173 
1025 0.0914972	1.53325 1.01144 0.52067 0.591341 0.808785 0.629507 0.734624 0.437713 1.49909 0.996793 
1026 0.0674677	0.179719 0.759758 1.09418 1.12139 0.843858 1.08439 0.951483 1.40162 0.957326 0.925312 
1027 0.268022	27.6221 1.1293 0.908497 0.87622 0.93117 0.840485 1.11952 0.721102 0.957317 1.09317 
1030 0.107862	0.00438155 1.16988 0.775182 0.599259 0.807327 0.872493 0.627203 1.17698 1.51476 0.64886 
1031 0.110461	2.08288 1.28662 1.57784 1.1344 1.208 1.88247 1.78615 1.81335 1.24874 1.22268 
1032 0.0539311	4.61756 1.19897 2.20028 1.41354 1.22037 2.60693 1.77135 2.52982 0.935456 1.30193 
1033 0.0909682	0.306145 1.11581 1.70663 1.08097 0.999927 1.22714 1.25181 1.49139 1.21208 0.968262 
1034 0.094217	2505.87 1.45978 1.70141 1.41021 1.77384 2.68548 2.27326 1.46988 1.12449 1.4445 
1035 0.246264	0.528418 1.24061 0.990051 1.1564 1.04365 1.49621 0.938405 0.926324 1.02909 0.868612 
1036 0.243665	0.384433 1.16232 0.656569 0.856125 0.839526 0.639844 0.603831 0.532566 1.08162 0.732057 
1037 0.0526316	0.740411 0.955079 0.411448 0.391783 0.907814 0.377172 0.290598 0.278796 1.25411 0.552916 
1040 0.0854173	0.0991329 0.90843 2.14342 0.896435 0.879756 0.883427 1.57828 2.37974 1.71782 1.24586 
1041 0.132622	0.125495 1.01229 0.409694 0.322842 0.577391 0.464795 0.450897 0.394514 1.64892 0.745015 
1042 0.0539477	0.217043 1.32517 1.20828 0.631868 1.02892 1.14575 1.16359 1.46122 1.59483 1.36565 
1043 0.148356	0.0405717 0.742899 1.14967 0.62306 0.875448 0.591615 0.657172 0.996538 2.51725 1.35166 
1044 0.135431	1.05985 1.00335 0.95544 1.08212 0.99418 0.89363 0.797003 0.77062 1.11263 0.883527 
1045 0.213543	199.681 0.862263 1.29925 1.01178 1.021 0.947749 1.04088 0.458576 1.25194 1.11032 
1046 0.15229	3.42275 0.954448 1.14777 1.04496 0.985374 1.08634 1.24488 1.06677 1.54414 1.164 
1047 0.0783928	0.438095 0.895985 1.41552 0.870252 0.835992 0.87615 1.3753 1.3076 1.45726 1.13155 
1050 0.109197	8.6171 0.864866 1.46553 1.59643 1.07683 2.01916 1.30935 1.15377 0.534689 0.979722 
1051 0.097997	418.065 1.6761 0.669387 1.64198 1.82597 2.48327 2.06804 0.713991 1.17301 1.11281 
1052 0.0665518	0.324306 1.08704 1.95822 1.4247 1.05555 1.26167 1.48784 2.37603 1.0856 1.64937 
1053 0.0659057	0.00881779 0.947415 1.47618 1.39805 0.946292 0.96003 0.830565 2.11447 0.827447 1.21262 
1054 0.257377	0.0106243 1.07673 0.863653 0.793603 0.789028 0.533132 0.653267 0.999329 1.17171 0.874073 
1055 0.223778	0.367192 0.966886 0.754709 0.993099 0.863305 0.722382 0.612663 0.565462 0.813618 0.712806 
1056 0.0693517	0.590328 1.37738 1.53913 1.41278 1.24516 1.52737 1.43022 1.66632 0.752828 1.26079 
1057 0.109843	2.08739 1.10407 0.958008 1.68879 1.15831 1.48073 1.15887 1.01479 0.635287 0.998304 
1060 0.097589	0.327236 1.15003 0.268636 0.269025 0.67998 0.330706 0.698032 0.414361 1.26726 0.714286 
1061 0.120934	0.0657679 1.0405 0.599181 0.252892 0.659862 0.328267 0.579442 0.572174 1.4283 0.743574 
1062 0.122082	0.886782 0.812618 1.63336 0.884939 0.863054 0.97808 1.15129 2.19556 0.907763 1.53309 
1063 0.0960582	199.792 0.915808 1.31464 1.16701 1.15007 1.82041 1.97291 0.845199 0.615313 1.18107 
1064 0.12744	4.23664 0.767947 0.782555 0.808971 0.857773 0.870929 0.813986 0.446309 0.628698 0.677909 
1065 0.0941447	0.148018 0.855858 0.457799 0.351674 0.67205 0.475235 0.583075 0.978163 0.991876 1.00414 
1066 0.145427	0.00189483 0.529213 0.606002 0.2617 0.432926 0.23938 0.313107 0.677725 1.26131 0.63762 
1067 0.196326	0.0169372 0.9558 0.631174 0.302306 0.543416 0.344029 0.509016 1.11942 1.28482 0.800664 
1070 0.215451	0.196561 1.16194 0.868165 1.61372 1.10423 1.13578 0.702417 0.85857 1.05458 0.899948 
1071 0.236052	0.394954 1.16335 1.49856 1.15427 1.0466 0.853074 1.06592 1.67841 0.98583 0.995296 
1072 0.106438	0.0341018 0.824575 0.61515 0.567794 0.761455 0.450848 0.361454 0.525762 1.15952 0.767371 
1073 0.0575107	0.120422 0.694884 0.589166 0.893727 0.75913 0.661925 0.526703 0.752352 0.879739 0.657448 
1074 0.0798283	0.0168329 0.729126 0.843434 0.737191 0.985651 0.458948 0.55745 0.52423 0.995818 0.685056 
1075 0.0763948	1918.13 0.965059 2.76836 2.9045 1.35076 2.90558 2.4645 1.88501 0.514133 1.66047 
1076 0.145064	14.2744 1.04321 1.26115 2.06678 1.15108 0.98957 1.25917 0.920548 1.24191 1.11479 
1077 0.0832618	231.929 1.43558 0.585549 1.92544 1.37616 1.92525 2.07061 0.549888 1.34367 1.01243 
1100 0.200622	3.81768 1.66863 1.02273 1.6369 1.58121 1.88782 1.27642 1.38887 1.64753 0.839715 
1101 0.0606532	12.5715 1.42047 0.47492 2.22066 1.19475 2.49944 0.831615 0.59807 0.543354 0.514851 
1102 0.1493	199.829 1.42782 0.759588 0.744283 1.49786 2.04413 1.56336 0.786509 1.13115 0.766885 
1103 0.135303	0.336262 0.901129 0.683211 0.614694 0.809221 0.385055 0.308056 0.356772 0.835803 0.644478 
1104 0.138414	0.0186401 1.65645 0.252882 0.433306 1.01954 0.491407 0.806808 0.742293 2.87926 0.549072 
1105 0.0808709	0.15476 0.940413 0.505543 0.970808 0.803613 0.831207 0.534329 0.40153 0.722548 0.439127 
1106 0.0808709	0.0819295 1.09175 0.747808 0.893158 1.01499 0.885988 1.10863 1.23914 1.75788 0.899509 
1107 0.153966	1.02277 1.17502 1.23737 1.42607 1.15165 1.15217 1.71803 0.958442 1.3065 0.924342 
1110 0.0512821	0.000205823 1.20893 0.409743 0.227831 0.575047 0.111405 0.27324 0.467041 2.52399 0.545895 
1111 0.131054	0.00211366 0.940791 1.21313 0.436153 0.691701 0.256841 0.534866 1.47921 2.36142 1.35226 
1112 0.173789	0.387237 0.854815 1.59061 1.69349 0.870889 1.00339 1.39216 1.63208 0.974447 1.40934 
1113 0.14245	0.0107607 0.97219 3.96727 0.782097 0.752412 0.262869 1.58139 3.08945 2.44567 2.31402 
1114 0.0854701	0.153051 1.08654 1.13385 1.11202 0.834211 0.66381 1.35383 1.8273 2.09846 1.57245 
1115 0.207977	0.0515231 0.611947 1.66964 1.40111 0.715167 0.580607 1.05457 1.3371 0.56832 1.25334 
1116 0.14245	67.3272 0.967717 0.876865 0.647251 1.08259 0.783454 0.901763 0.546561 0.887913 1.1898 
1117 0.0655271	1.2296 0.610323 1.86005 0.910658 0.770889 0.589286 0.671529 0.704057 0.477167 1.30688 
1120 0.0783699	0.00488471 0.553279 1.60446 1.06573 0.775521 0.593415 0.636215 1.80139 0.488102 0.935711 
1121 0.0470219	0.487212 0.812002 1.64003 1.2988 1.18345 3.61992 2.0742 5.61711 0.975362 1.77943 
1122 0.0940439	0.154034 1.05247 1.18443 0.711702 1.00087 0.599415 0.948187 1.4896 1.13819 1.02351 
1123 0.144201	0.0377761 0.766797 0.726703 1.51065 0.91729 0.757895 0.549077 0.71082 0.631738 1.05148 
1124 0.0846395	0.3187 0.933889 0.489556 1.47015 1.13298 1.19146 0.817659 0.729911 1.11141 1.04906 
1125 0.137931	1.19336 0.876052 0.482438 1.89298 1.14415 1.43663 0.451698 0.39461 0.550176 0.6524 
1126 0.206897	4.91573 1.33564 1.56004 2.10424 1.63403 3.41849 1.54769 4.47655 1.03462 1.63772 
1127 0.206897	315.87 1.25644 0.674458 1.41134 1.41155 3.02937 1.59323 1.03175 0.904668 1.30505 
1130 0.0787191	0.00356999 0.751471 0.858177 0.754667 0.624127 0.599461 0.74582 1.2883 0.837462 1.12274 
1131 0.170781	0.495268 0.835097 1.35585 2.20144 0.817828 1.53351 1.45635 2.21967 0.660458 1.0471 
1132 0.09006	1.28137 0.619516 2.04434 2.03843 0.965794 1.13774 1.59149 1.74771 0.538909 1.15516 
1133 0.0847231	0.0255324 0.783899 0.8131 1.21072 0.773846 0.539846 0.932802 1.82091 0.828867 1.06602 
1134 0.284189	9.7833 1.03117 0.643966 1.29233 1.01517 0.942817 0.637542 0.371459 0.437471 0.555134 
1135 0.103402	0.171121 0.722742 0.765391 1.07169 0.660231 0.786124 0.722395 1.98121 1.10381 0.923638 
1136 0.0987325	597.192 0.94653 0.354504 1.44663 0.915326 0.92538 0.448335 0.16342 0.423261 0.53039 
1137 0.0893929	0.0715069 0.766375 1.00049 0.908591 0.692682 0.479776 0.690679 1.92696 0.931905 0.873116 
1140 0.204301	3.35478 1.00034 2.03245 4.0207 1.55965 2.94789 2.77077 2.31894 1.11177 1.35735 
1141 0.078853	363.387 1.4121 5.3188 9.55588 3.23758 13.845 12.2683 13.476 0.890915 3.24617 
1142 0.0609319	0.363358 1.59198 1.46124 2.42498 1.56084 2.33027 2.41901 3.50976 1.22639 1.37713 
1143 0.100358	0.198103 1.11666 1.96308 2.04138 1.66628 1.95973 2.64674 2.19574 1.45179 1.37736 
1144 0.121864	21.9095 1.71386 2.06563 4.36291 2.67796 7.19474 7.15578 5.41476 1.43229 1.48983 
1145 0.231183	0.0454314 0.590511 1.56599 1.55096 0.963733 1.33605 0.418261 1.42734 0.279223 0.645455 
1146 0.0591398	0.555806 0.854378 2.23884 5.18847 1.20558 2.29521 1.06677 2.56376 0.483173 1.26998 
1147 0.143369	1.00795 0.966913 0.70711 1.67753 1.12417 0.845172 0.797045 0.782157 1.2296 0.823472 
1150 0.122924	4.16966 0.641128 0.766257 0.703036 0.698667 0.6998 1.0848 0.76562 1.70255 1.19988 
1151 0.136213	0.690441 0.613802 1.08859 0.956566 0.810358 0.857408 0.787654 1.04338 1.21282 1.11548 
1152 0.0631229	40.289 0.890842 0.470936 0.766299 0.981592 0.559952 1.23765 0.208345 1.31637 1.00959 
1153 0.13289	0.302386 0.769502 2.42068 0.733475 1.02099 1.76497 1.77022 2.08332 1.59712 1.48964 
1154 0.245847	0.0545364 0.594544 0.366043 0.527562 0.586707 0.72748 0.616562 0.301235 1.08411 0.64334 
1155 0.119601	11.8865 0.78554 0.455974 0.950599 0.837293 1.34692 0.665815 0.211453 0.507228 0.815963 
1156 0.0631229	979.096 0.594479 2.7911 2.97485 1.37149 4.24538 2.72285 1.31179 0.438156 1.30122 
1157 0.116279	1.5236 0.881183 0.952285 0.801136 0.91851 0.552795 1.45357 0.728602 1.69479 1.42203 
1160 0.0662252	4.26391 1.13727 2.34776 2.82084 1.14224 2.10044 1.30845 2.71749 0.573158 1.28104 
1161 0.0772627	15.5379 1.28685 4.89064 1.29856 1.31194 1.60417 1.92789 1.84644 0.752932 1.65127 
1162 0.0971302	1.50238 0.981695 1.29383 1.88188 1.05497 1.08007 0.482625 0.490901 0.441612 0.758976 
1163 0.139073	177.462 1.73597 0.637322 1.40132 1.38288 0.64608 0.554049 0.225869 0.97781 0.608605 
1164 0.220751	0.45424 1.55233 1.30216 0.981175 1.02954 0.854006 0.658491 0.586923 0.937407 0.737846 
1165 0.0596026	2.66072 1.26159 2.28185 1.28159 1.21866 1.34854 1.49661 1.25435 1.27378 1.46309 
1166 0.0860927	8.00167 1.12585 1.73127 2.62934 1.43878 3.31755 1.06837 0.959809 0.399865 1.04169 
1167 0.253863	0.0529595 0.767728 2.05014 0.971955 1.05969 0.946737 0.953598 1.39972 0.76006 1.2995 
1170 0.0844009	0.0264575 0.673642 1.23514 0.636778 0.651629 0.582015 0.676726 1.28639 0.959075 0.949539 
1171 0.0678222	0.131116 1.0756 0.886676 0.719955 1.03456 0.779909 0.737545 1.09892 1.13977 0.83548 
1172 0.127355	0.471225 1.12153 0.751417 0.557466 1.02974 0.738886 0.84976 0.806779 1.13952 0.837442 
1173 0.125094	0.0140793 0.794519 0.400843 0.476793 0.657665 0.354179 0.328266 0.509799 1.40734 0.568609 
1174 0.26526	3.20577 1.39544 0.633806 1.11795 1.17371 1.28572 1.34179 0.891348 1.22354 0.755164 
1175 0.0859081	0.0251791 1.18823 0.866656 0.772431 0.807035 0.574991 0.776857 1.38761 1.87396 1.0466 
1176 0.0587792	0.324188 0.948531 2.07178 1.34171 1.06724 1.42502 1.89508 4.25682 1.26457 1.75585 
1177 0.185381	145.209 1.04043 0.272239 1.01595 0.969366 1.16354 0.597583 0.271988 0.755481 0.556073 
BOUNDS
LWPS R    0.0  0.0  0.0  0.0  0.0  0.0  0.0  0.0  0.0  0.0
UWPS R    0.5  0.5  0.5  0.5  0.5  0.5  0.5  0.5  0.5  0.5
LXAS R   -0.5 -0.5 -0.5 -0.5 -0.5 -0.5 -0.5 -0.5 -0.5 -0.5
UXAS R    0.5  0.5  0.5  0.5  0.5  0.5  0.5  0.5  0.5  0.5
END
