NAME moment_estimation_cluster
ASSETS 10
BENCHMARKS 0.1 0.1 0.1 0.1 0.1 0.1 0.1 0.1 0.1 0.1 
COVARIANCES
0 0 0.0101351
1 0 0.0100023
1 1 0.0113612
2 0 0.00949389
2 1 0.0104744
2 2 0.0105846
3 0 0.00506187
3 1 0.0045224
3 2 0.00400661
3 3 0.00445085
4 0 0.000103686
4 1 -9.36085e-07
4 2 0.000479539
4 3 -0.00032702
4 4 0.0021503
5 0 0.00384967
5 1 0.00520841
5 2 0.00528697
5 3 0.000802944
5 4 0.000698124
5 5 0.00412272
6 0 0.00365032
6 1 0.00408605
6 2 0.00452992
6 3 0.000857707
6 4 0.000960589
6 5 0.00244689
6 6 0.00262003
7 0 0.00782862
7 1 0.00861389
7 2 0.00869127
7 3 0.0033322
7 4 0.000929
7 5 0.00413981
7 6 0.00411988
7 7 0.00837956
8 0 0.00638208
8 1 0.00828715
8 2 0.00801964
8 3 0.0017818
8 4 0.000206323
8 5 0.00534359
8 6 0.00334368
8 7 0.00630782
8 8 0.0081953
9 0 0.0059057
9 1 0.00589864
9 2 0.00589113
9 3 0.00302397
9 4 0.000403496
9 5 0.00230098
9 6 0.00254579
9 7 0.00513734
9 8 0.00368298
9 9 0.00396957
SCENARIOS
0 0.52519	1.07998 1.08152 1.10102 1.03323 1.01061 1.02383 1.04272 1.06794 1.06808 1.04794 
1 0.47481	0.935013 0.925639 0.934073 0.968477 0.994716 0.951494 0.961796 0.935132 0.954667 0.958909 
00 0.558217	1.04518 1.05077 1.01813 1.03496 0.95833 1.0798 0.972467 1.00927 1.04156 1.03094 
01 0.441783	1.00113 0.976921 0.965848 0.976955 1.05637 1.01677 1.00725 1.00644 0.991338 1.00777 
10 0.363156	1.08298 1.0987 1.07615 1.08068 0.957209 1.00611 1.02151 1.02765 1.05006 1.03951 
11 0.636844	0.951123 0.974484 0.956856 0.973882 1.02452 0.996693 0.992866 0.98496 0.998753 0.96357 
000 0.166797	1.02677 1.03819 1.04303 1.07883 0.966977 0.90697 1.02534 1.00419 0.95943 1.02939 
001 0.111096	0.957974 0.930915 0.941243 1.01189 0.918059 0.894146 0.949178 0.901688 0.925148 0.945941 
002 0.104206	1.32656 1.29549 1.29702 1.1563 0.991142 1.06297 1.13458 1.23497 1.14062 1.14623 
003 0.166729	0.883533 0.915575 0.909824 0.9261 1.03631 0.977678 0.992073 0.970364 0.955131 0.911229 
004 0.0514718	1.09637 1.15033 1.14806 0.936172 1.03517 1.08756 1.15209 1.10538 1.17026 1.04734 
005 0.147901	0.79451 0.830397 0.831014 0.89101 0.971878 0.871833 0.932586 0.878529 0.896284 0.871041 
006 0.107344	1.13944 1.19386 1.1996 1.06552 1.03457 1.06117 1.11216 1.16957 1.1866 1.0673 
007 0.144455	1.03651 1.04834 1.04323 0.966401 1.04128 0.968487 1.07167 1.06755 1.02191 1.01681 
010 0.0516766	1.04861 1.09994 1.03579 1.01549 0.917024 1.02162 0.981252 1.01798 1.02781 1.01669 
011 0.17227	0.976851 0.998275 0.965907 1.08674 0.970448 0.945331 0.96972 0.97107 0.950494 1.0045 
012 0.249203	0.881704 0.964752 0.980397 0.906589 1.04476 1.06169 1.03194 0.956853 1.00333 0.942464 
013 0.104862	1.17093 1.1778 1.14815 1.16713 1.04919 1.05329 1.03057 1.13442 1.02039 1.11387 
014 0.0708991	0.889213 0.92053 0.888957 0.930774 0.931044 0.949315 0.931671 0.907319 0.94434 0.892806 
015 0.178347	1.15648 1.20595 1.20688 1.06988 0.990006 1.09298 1.08522 1.21509 1.18635 1.09106 
016 0.0844324	0.867835 0.881722 0.874562 1.00001 0.962418 0.919606 0.934057 0.865857 0.864651 0.920021 
017 0.0883114	0.759237 0.756899 0.760494 0.922036 0.974859 0.93041 0.901176 0.765207 0.816384 0.85047 
100 0.132518	0.928969 0.877079 0.888691 0.937293 1.01764 0.935893 0.956529 0.946454 0.93083 0.95467 
101 0.0927333	0.957085 0.901802 0.926238 0.980781 1.08658 0.949581 0.983132 1.0016 0.9119 0.963226 
102 0.096039	0.808069 0.798664 0.792148 0.922679 0.943711 0.853826 0.870347 0.792688 0.807699 0.890271 
103 0.0737111	1.03737 0.946895 0.944373 1.11333 0.987468 0.906965 0.92722 0.965992 0.846414 1.04297 
104 0.233544	1.16319 1.20288 1.17361 1.0884 1.04651 1.15522 1.06759 1.18332 1.17974 1.12873 
105 0.116047	0.936499 0.951979 0.906487 0.937136 0.922914 0.944325 0.954573 0.950509 0.926562 0.975843 
106 0.0555008	1.19534 1.18074 1.17041 1.03456 0.917372 1.12185 1.07258 1.10176 1.10539 1.06514 
107 0.199907	1.08788 1.0289 1.03847 1.013 0.97252 1.04173 0.985748 1.04136 1.0234 1.00591 
110 0.0637278	0.92992 0.94602 0.925558 1.0935 1.05156 0.950862 0.95158 0.957964 0.864627 0.993584 
111 0.0463655	1.3545 1.32472 1.33111 1.09865 1.0806 1.15349 1.1964 1.28219 1.17273 1.22035 
112 0.17349	0.979572 0.972575 1.03758 0.932298 1.07394 1.03803 1.07426 1.01432 1.0124 1.01343 
113 0.107315	0.961251 0.890392 0.933677 0.968303 1.02768 0.937647 0.998878 0.930959 0.864271 0.983939 
114 0.0709042	0.801366 0.771189 0.77297 0.8851 0.958528 0.884095 0.917408 0.797513 0.790209 0.862636 
115 0.161783	0.936335 0.934675 0.935838 0.9666 0.926586 0.929284 0.961622 0.902877 0.895509 0.942154 
116 0.221642	1.15766 1.13251 1.14965 1.09712 1.019 1.08571 1.04679 1.10302 1.0384 1.11122 
117 0.154772	1.07304 1.05052 1.09642 0.965414 0.951999 1.08636 1.07812 1.05818 1.08993 1.03507 
0000 0.130675	1.02284 0.994399 0.929272 1.0917 1.01214 0.913207 0.912956 0.944867 0.91602 0.967885 
0001 0.0932515	0.991683 0.999721 0.992379 0.914685 0.957332 1.04508 0.96175 0.98745 1.02346 0.931033 
0002 0.106544	0.897259 0.85477 0.844798 0.940494 1.00273 0.938623 0.920875 0.896129 0.876244 0.894354 
0003 0.179141	0.9676 0.942438 0.937477 0.965579 1.03841 1.09604 0.98581 0.980209 1.00761 0.957762 
0004 0.178528	1.16339 1.12015 1.12473 1.03415 1.03464 1.01484 1.07512 1.22481 1.08906 1.07957 
0005 0.191002	1.10954 1.10884 1.07132 1.01208 0.930622 1.01583 0.977191 1.06452 1.01287 1.03013 
0006 0.0619632	0.992633 0.965496 0.946647 1.04777 1.01033 0.996433 1.00288 1.06309 0.887179 1.01306 
0007 0.0588957	1.31613 1.29423 1.22031 1.15996 0.999707 1.17362 1.03093 1.11816 1.18866 1.14807 
0010 0.0666257	0.921769 0.904037 0.918769 1.06692 1.01217 0.833592 0.967164 0.944224 0.80502 1.00315 
0011 0.181455	1.0272 1.07642 1.0451 0.969136 0.988164 1.05282 1.0606 1.06129 1.08284 1.0005 
0012 0.203869	0.875717 0.891228 0.88533 0.907507 1.00607 0.989287 0.972607 0.913361 0.973358 0.946614 
0013 0.098557	0.992015 0.979023 0.940836 1.07004 0.97588 0.922888 0.962007 1.00513 0.938782 0.973376 
0014 0.126804	0.987753 0.967345 0.989511 0.987579 1.08282 1.05727 1.01364 0.996046 0.985349 1.00313 
0015 0.155665	1.15229 1.18275 1.21131 1.06438 1.01392 1.12236 1.10811 1.17676 1.19746 1.0963 
0016 0.107461	0.987301 1.05464 1.00749 1.09745 0.913885 1.03602 0.968971 1.00032 1.02356 0.975703 
0017 0.059564	0.951774 1.01785 1.03069 0.860342 1.00129 1.08852 1.04394 1.02423 1.14462 0.975715 
0020 0.0621931	1.21263 1.34198 1.30174 1.02725 1.08418 1.17945 1.14809 1.32088 1.28754 1.19078 
0021 0.120131	0.799713 0.829342 0.852974 0.959467 0.957274 0.881806 0.916084 0.883159 0.938324 0.926679 
0022 0.0589198	1.11741 1.09664 1.14529 1.20744 1.04855 0.932443 1.03942 1.12832 0.999615 1.12458 
0023 0.0654664	1.03387 1.04922 0.984745 1.09927 0.91773 0.891968 0.923763 0.999558 0.93473 0.986675 
0024 0.114566	1.07144 1.14257 1.15005 1.0207 0.956473 1.02577 1.02948 1.18375 1.20617 1.08206 
0025 0.134206	0.849987 0.904701 0.892459 0.915424 1.0627 0.958689 0.95752 0.942896 0.982164 0.952711 
0026 0.163011	0.924298 0.974819 0.916716 0.920647 0.934111 0.928789 0.984516 0.905812 1.05168 0.959148 
0027 0.281506	1.01411 1.02636 1.07541 0.993048 1.0462 0.997333 1.05498 1.1057 1.09245 1.02675 
0030 0.168576	1.01613 0.983978 1.01249 0.985039 0.936217 0.971689 1.00202 1.00085 1.05332 1.00662 
0031 0.212971	0.991828 0.98715 1.02548 0.990026 1.05395 0.966348 1.0453 1.04464 0.939436 1.02589 
0032 0.0711948	0.811187 0.797018 0.812346 0.952687 1.05902 0.865808 0.927103 0.844472 0.827187 0.905418 
0033 0.113748	0.928833 0.885486 0.892891 0.845284 1.01431 0.933283 0.961865 0.886578 0.970069 0.928236 
0034 0.0675123	0.972744 0.964654 0.966308 0.916551 1.02193 0.958457 0.96578 0.909997 1.02164 0.969487 
0035 0.102087	1.00048 0.868776 0.847702 1.0437 0.952169 0.792657 0.90596 0.830445 0.835237 0.995599 
0036 0.135434	1.12387 1.0667 1.11051 1.04378 0.986186 0.947552 1.02439 1.05326 1.09156 1.09207 
0037 0.128478	1.25729 1.15251 1.16093 1.1462 0.991478 0.973861 1.00502 1.05791 1.06776 1.11473 
0040 0.0603048	1.0307 0.964266 0.971713 1.06898 0.938988 0.87419 0.929375 0.928326 0.884198 0.971651 
0041 0.0543406	1.06695 1.10053 1.12517 1.00555 0.936407 1.0431 0.99206 1.05491 1.18647 1.0489 
0042 0.18224	0.884958 0.985464 1.00334 0.903804 0.999681 1.02152 0.97707 1.02937 1.07949 0.930345 
0043 0.196819	0.975745 1.03384 1.01729 1.05063 1.0748 1.01432 0.987422 1.05275 1.00264 1.05595 
0044 0.141153	0.956414 0.832298 0.883039 0.949356 1.01419 0.923715 0.921387 0.853081 0.846848 0.938609 
0045 0.117296	1.00228 0.968123 0.958091 1.03382 0.968913 0.949897 0.895048 0.991216 0.970207 0.992664 
0046 0.102054	1.24093 1.24632 1.21983 1.06062 1.04513 1.11705 1.08001 1.20906 1.13728 1.13247 
0047 0.145792	1.07991 1.10608 1.10357 1.05599 1.01269 1.01561 0.962585 1.11557 1.11682 1.05317 
0050 0.162362	1.18295 1.21657 1.22381 1.04666 0.978125 1.14692 1.103 1.15984 1.08353 1.084 
0051 0.104244	1.10851 1.04712 1.0613 1.08409 1.01092 0.991673 1.01656 1.04022 0.96072 1.0432 
0052 0.0440498	1.25663 1.18532 1.14149 1.19734 1.0019 0.979827 0.999346 1.08063 1.06032 1.13961 
0053 0.142297	1.05045 1.06045 1.05555 0.929318 0.988804 1.08477 1.01648 0.975213 1.08617 0.978119 
0054 0.116006	0.865049 0.790199 0.791143 0.913568 1.02305 0.931274 0.940813 0.789001 0.848421 0.868552 
0055 0.214022	1.00927 0.926195 0.916148 0.992962 1.02377 0.955756 0.991184 0.965586 0.894618 0.974967 
0056 0.138607	0.940265 0.917562 0.897459 0.934581 0.921517 0.965541 0.949701 0.904318 0.902103 0.903122 
0057 0.0784133	1.10289 1.05774 1.02641 1.01999 0.923579 1.01177 0.984902 0.977628 1.00768 1.02198 
0060 0.271687	1.03039 0.919111 0.907183 1.0286 0.969314 0.865772 0.92254 0.918964 0.911728 0.981279 
0061 0.11503	0.873394 0.870414 0.895341 0.891906 1.02674 0.942032 0.994104 0.904101 0.857376 0.93109 
0062 0.12361	1.0586 0.96635 0.964986 1.03607 1.00856 0.944129 0.995956 1.00675 0.890534 1.05165 
0063 0.0768986	1.17964 1.17869 1.15955 1.08874 1.10383 1.02829 1.05556 1.15246 1.07512 1.14799 
0064 0.0727677	1.14955 1.10696 1.09824 0.905061 1.0183 1.07182 1.05613 1.06734 1.05085 1.06827 
0065 0.11217	1.12961 1.17857 1.13808 1.0196 0.951594 1.08126 1.06816 1.07144 0.993435 1.09231 
0066 0.10232	1.12389 1.06504 1.08388 1.02052 1.08422 1.05899 1.06081 1.07755 1.00952 1.08595 
0067 0.125516	0.985426 0.999277 1.02301 0.945716 0.988898 0.979257 1.0335 1.07784 1.00797 1.04035 
0070 0.134829	0.807924 0.866342 0.87419 0.893984 1.05067 0.971886 0.958994 0.929006 0.973853 0.911765 
0071 0.0958678	1.04659 0.994314 1.08198 0.970419 1.09615 1.06085 1.07183 0.994635 1.09128 1.03051 
0072 0.0918536	0.913951 0.871458 0.884247 0.955972 0.92878 0.974022 0.910439 0.828618 0.953356 0.918545 
0073 0.11098	0.98053 1.0244 1.06497 1.01108 1.00804 1.04097 1.04803 1.03509 1.03805 1.0325 
0074 0.212515	0.953799 0.984333 0.957718 0.979607 0.987867 1.01617 0.936713 0.966612 1.00476 0.943935 
0075 0.143329	1.03275 1.07133 1.08014 1.02509 0.94875 1.05093 1.00867 1.04537 1.09834 0.998426 
0076 0.101299	1.14672 1.1975 1.20246 1.03965 1.01419 1.16163 1.07585 1.20946 1.25909 1.07816 
0077 0.109327	1.07364 1.04577 1.08076 1.13424 1.05909 1.02702 1.04073 1.11277 0.980015 1.10111 
0100 0.112594	0.998869 0.92614 0.998449 1.06819 0.957481 0.917416 1.00607 0.981071 0.932822 0.965302 
0101 0.22769	0.86399 0.860286 0.918782 0.960494 0.981781 0.902942 0.961257 0.951384 0.856603 0.924958 
0102 0.057548	1.05661 0.995998 1.00394 1.14462 0.975981 0.826893 0.968546 1.01744 0.933143 1.05205 
0103 0.0717264	1.06108 1.1056 1.17124 1.14265 0.94906 1.02881 1.06973 1.10717 1.08536 1.0921 
0104 0.192661	1.12859 1.10636 1.22234 1.04347 1.03958 1.03336 1.08138 1.1421 1.12668 1.065 
0105 0.0934112	0.97365 0.989035 1.05785 0.956355 0.975059 1.03061 1.02927 1.04292 1.05096 1.00697 
0106 0.144287	0.999083 0.972592 1.04642 1.05121 1.03072 0.985758 1.01524 1.05752 0.950332 1.05579 
0107 0.100083	0.906661 0.977042 1.01621 0.884609 1.05696 1.06895 1.05896 1.02264 1.1669 0.968506 
0110 0.108832	1.00713 1.03067 1.07516 0.939562 0.983557 1.10172 1.07254 1.04487 1.0436 0.980949 
0111 0.121091	1.06089 0.979965 1.04494 0.978495 1.09609 0.950583 1.00786 0.99684 0.951877 1.01471 
0112 0.0785589	0.944148 0.964132 0.992565 0.971963 0.919848 0.985119 0.962859 0.992497 0.959158 0.955687 
0113 0.224919	1.08435 1.07112 1.05262 1.08557 0.947912 1.01282 0.933803 1.00153 1.00247 1.01805 
0114 0.110583	0.9751 0.924467 0.979218 0.963219 0.978982 0.98777 0.96396 0.999061 0.940876 0.979975 
0115 0.128596	0.992299 0.893195 0.927072 1.02406 1.03615 0.929352 0.976599 0.946208 0.865321 0.992063 
0116 0.150113	1.15148 1.15969 1.17961 1.05565 1.01622 1.15933 1.06555 1.14552 1.12831 1.07953 
0117 0.077308	0.898293 0.87192 0.902927 0.908373 0.979629 0.911714 0.97245 0.857095 0.871752 0.922461 
0120 0.0551712	0.993276 0.96762 0.942539 1.09442 0.915558 0.924984 0.90515 0.956929 0.933432 0.966211 
0121 0.0468696	1.29109 1.29585 1.2219 1.13257 1.03034 1.03868 1.06489 1.31562 1.17521 1.21175 
0122 0.21221	1.18492 1.11564 1.13157 1.13218 0.972619 1.03141 1.03587 1.11967 1.04869 1.1189 
0123 0.0876859	1.07041 1.05302 1.07491 1.05139 1.10122 0.981328 1.09328 1.12688 1.06736 1.10875 
0124 0.0831892	0.915882 0.883088 0.900175 0.934173 0.931906 0.886977 0.967493 0.949844 0.918903 0.921929 
0125 0.197855	0.987722 0.910255 0.945879 1.00749 1.05649 0.994748 0.950803 0.994329 0.976339 0.964582 
0126 0.138706	0.823428 0.820322 0.771076 0.927854 0.999587 0.817558 0.914947 0.905845 0.854823 0.90714 
0127 0.178312	1.0747 1.03419 1.01897 0.976534 0.936463 0.966284 0.965897 1.03456 1.02541 1.0142 
0130 0.0879573	1.11604 1.09331 1.17269 0.981813 1.13067 1.05421 1.18434 1.24434 1.06403 1.10707 
0131 0.112618	1.16876 1.11346 1.15055 1.11051 0.915901 0.96481 1.03733 1.07422 1.05078 1.05557 
0132 0.35224	0.924924 0.926027 0.931211 0.928337 1.02388 0.925074 1.03454 0.903658 0.914121 0.955988 
0133 0.0748048	1.29143 1.27612 1.29267 1.20616 0.990392 1.15971 1.0851 1.20644 1.19487 1.15337 
0134 0.0752158	0.899506 0.874452 0.848173 1.01102 0.907167 0.876093 0.932109 0.890625 0.838467 0.955286 
0135 0.107275	0.941219 0.977349 1.02305 1.00782 0.914314 1.02038 1.02485 0.963582 1.00583 0.999312 
0136 0.0937115	1.21678 1.13619 1.19699 1.06938 0.997323 1.03678 1.13796 1.19794 1.10301 1.13341 
0137 0.0961776	1.03487 1.00689 1.01285 1.07427 1.04992 0.974144 1.04874 1.08269 0.958246 1.02807 
0140 0.121581	1.03396 0.992801 1.01873 1.00564 0.927948 0.98972 1.02642 1.01852 1.02257 1.04975 
0141 0.10152	0.898275 0.889261 0.880724 0.970673 1.00879 0.926474 0.971985 0.868493 0.822765 0.970912 
0142 0.129483	1.06692 1.0891 1.15321 1.10973 0.973452 1.07018 1.02333 1.07535 1.12337 1.09113 
0143 0.0905775	0.971576 0.979251 1.05207 0.916019 1.00185 1.09752 1.02257 0.987889 1.07174 0.971285 
0144 0.155623	0.997527 0.984674 1.04285 0.97272 1.05269 1.01718 1.03816 1.00089 1.024 1.06002 
0145 0.0808511	0.847811 0.841553 0.878996 0.867562 0.962453 0.985068 0.965416 0.829371 0.9493 0.906979 
0146 0.153191	1.14146 1.19453 1.21552 1.10516 1.06286 1.10353 1.07936 1.19511 1.08993 1.13506 
0147 0.167173	1.06082 1.09286 1.05153 1.02389 0.996605 1.02365 1.03225 1.07684 1.03679 1.08835 
0150 0.221846	0.976011 0.957281 0.9811 0.969327 0.976916 1.01564 0.931529 0.938909 0.97745 0.932672 
0151 0.18753	1.22492 1.22491 1.15085 1.12366 0.995203 1.08615 1.00473 1.04581 1.06057 1.10143 
0152 0.0637989	0.967201 1.03544 0.966406 1.06326 0.913287 0.996545 0.960346 0.924313 0.988742 0.978022 
0153 0.167231	0.979001 1.04411 0.987406 1.03782 1.04222 0.99571 0.98654 0.993035 0.966198 1.0078 
0154 0.0869986	0.950226 0.975501 0.984865 0.940808 1.10005 1.02898 1.04078 0.927633 0.91079 1.02351 
0155 0.0838569	1.08021 1.14679 1.17523 0.985247 1.08551 1.04837 1.06175 1.11698 1.13672 1.08026 
0156 0.138473	0.828556 0.855456 0.861188 0.943642 1.02771 0.929503 0.905195 0.835548 0.840214 0.930546 
0157 0.0502658	0.952287 0.907482 0.896046 0.925591 0.969941 0.925553 0.96634 0.884231 0.938905 0.976934 
0160 0.107198	1.13707 1.15757 1.1669 1.08478 0.968795 1.05139 1.02301 1.08107 1.1864 1.12806 
0161 0.0740174	0.910889 0.859502 0.894116 0.922143 0.996956 0.985908 0.957948 0.932147 0.944232 0.92163 
0162 0.183767	0.903744 0.876571 0.920451 1.00594 0.926436 0.935698 0.940079 0.9239 0.957028 0.95581 
0163 0.119959	0.959615 0.958489 0.964248 0.987103 1.10464 1.01264 1.06424 1.07284 0.951587 0.998702 
0164 0.125064	1.11087 1.12156 1.13163 1.0647 1.04914 1.07447 1.06642 1.18544 1.08337 1.09893 
0165 0.0811639	0.913922 0.881015 0.913735 1.01555 1.04681 0.994696 0.917159 0.923563 0.911371 0.987226 
0166 0.134763	1.06511 1.05174 1.06772 0.97276 1.0152 1.06003 1.01507 1.06767 1.07019 1.02853 
0167 0.174068	1.06674 0.994027 1.01169 1.07786 1.01547 0.942021 1.00338 1.04901 0.990785 1.00611 
0170 0.212787	1.07247 1.11665 1.06544 1.05113 0.92374 0.980918 0.978233 1.0366 1.13642 1.01254 
0171 0.0976086	0.994903 1.09207 1.07974 0.984068 0.99435 0.946107 1.02666 1.17529 1.06714 1.01097 
0172 0.0439239	0.858884 0.868711 0.875571 0.848058 1.02035 0.889732 0.955594 0.95766 0.9167 0.928653 
0173 0.13226	1.15 1.0968 1.1176 1.18524 1.01741 0.919182 0.992867 1.09093 1.06462 1.10548 
0174 0.115666	0.963987 0.966876 1.01348 0.922916 1.06691 0.991376 1.01647 1.10421 1.01689 0.960459 
0175 0.127867	1.03031 0.98734 1.07445 1.039 1.11783 1.00003 1.04575 1.11611 0.927803 1.01287 
0176 0.205466	0.985825 0.986484 0.976936 0.986096 0.990813 0.889936 0.98098 0.984128 0.964536 0.968664 
0177 0.0644217	0.78203 0.848269 0.808943 0.880289 0.918613 0.839129 0.869525 0.911195 0.881739 0.852648 
1000 0.115536	0.971839 0.980084 0.947479 1.04373 0.957244 0.957965 0.9421 0.92821 0.831292 0.97672 
1001 0.0468271	1.01764 1.00677 0.93841 1.11912 0.917066 0.943901 0.905981 0.910337 0.917821 1.00933 
1002 0.165427	1.16835 1.1419 1.14442 1.13246 0.978722 1.11592 1.0256 1.04176 1.00489 1.08289 
1003 0.0814004	0.888615 0.961496 0.943809 0.961743 1.0412 1.04971 0.975182 0.926699 0.949176 0.929653 
1004 0.182495	0.861537 0.898783 0.860453 0.944992 0.970333 0.975432 0.939737 0.866716 0.872023 0.903181 
1005 0.0800875	0.860158 0.935872 0.963899 0.898246 1.06241 1.02151 1.02477 0.976371 0.961978 0.968573 
1006 0.182057	1.11889 1.17572 1.14753 1.04917 1.02888 1.09286 1.06793 1.17225 1.00107 1.08214 
1007 0.146171	1.01668 0.984437 1.00754 1.05949 1.0108 0.981577 0.988136 1.05186 0.944308 1.03766 
1010 0.169481	1.11605 1.16359 1.1476 1.07161 1.06587 1.15156 1.10813 1.20264 1.0751 1.14366 
1011 0.149468	1.16794 1.13049 1.11189 1.08068 0.98032 1.05162 0.98534 1.05038 1.15983 1.10629 
1012 0.17636	1.03646 1.07226 1.02042 1.01065 0.9779 1.02733 0.987402 1.03261 1.00723 1.0057 
1013 0.166354	0.989189 0.981944 0.963685 1.03256 1.06091 1.05063 0.97671 0.965433 0.9128 0.981822 
1014 0.13571	0.922359 0.873273 0.838794 0.949231 1.02013 0.906864 0.94977 0.861952 0.8765 0.943784 
1015 0.0444028	0.872614 0.876336 0.905773 0.831463 1.04498 1.00747 0.987366 0.887813 0.951939 0.92839 
1016 0.043152	0.956859 0.913157 0.904103 1.08261 0.95117 0.848156 0.913373 0.858862 0.787668 1.00132 
1017 0.115072	0.903612 0.9329 0.961899 0.914772 0.967355 1.00894 1.00989 0.989926 1.00523 0.980562 
1020 0.0905797	0.815567 0.858079 0.8552 0.90937 1.00687 1.04494 0.934356 0.903637 0.924721 0.892987 
1021 0.129227	0.960953 0.872282 0.879879 0.995239 0.951595 0.977788 0.948053 0.964417 0.914648 0.944111 
1022 0.185386	1.066 1.06946 1.04809 1.02775 0.935748 1.18568 0.996579 1.08263 1.20446 0.990012 
1023 0.0549517	0.912717 0.892728 0.909975 0.904802 0.899933 1.00221 0.985324 0.962529 1.0394 0.906085 
1024 0.166063	1.11333 1.14023 1.04341 1.12143 1.00932 1.06831 0.982933 1.09764 1.02781 1.05933 
1025 0.163647	1.087 1.13494 1.11754 0.958509 1.03136 1.14031 1.07368 1.08812 1.19836 0.973884 
1026 0.164855	0.919837 0.923434 0.919806 1.0428 1.0545 1.00058 0.98686 1.02087 0.957519 0.950616 
1027 0.0452899	0.94601 0.922929 0.952313 0.851381 0.974861 1.02506 1.04769 1.00511 1.00459 0.922728 
1030 0.180173	0.876266 0.877888 0.90722 0.948342 1.00292 0.965703 0.949945 0.90833 0.915802 0.921409 
1031 0.22738	0.935922 0.982708 0.92825 0.941689 1.07014 1.0367 1.01449 0.961424 0.92836 0.942365 
1032 0.0566483	0.823911 0.845333 0.838564 0.895288 0.910416 0.993071 0.940776 0.868086 0.969018 0.8837 
1033 0.108576	1.23901 1.17919 1.22441 1.08253 1.05494 1.1247 1.11961 1.2093 1.12654 1.11559 
1034 0.168371	1.10178 1.11943 1.09593 1.02978 1.0475 1.03699 1.07692 1.15892 1.0692 1.04372 
1035 0.103068	1.03531 0.999397 1.04028 1.06118 0.997224 0.99635 1.00419 1.01072 1.00543 1.0205 
1036 0.0550747	0.969369 1.03131 1.02385 0.973449 0.939953 1.0497 0.994902 1.02908 1.10604 0.971277 
1037 0.100708	0.993776 0.985967 0.92931 1.06813 0.954867 0.994571 0.947001 0.989395 0.97892 0.945539 
1040 0.0677924	0.838906 0.801715 0.828539 0.869288 1.00322 0.884146 0.954318 0.868595 0.833305 0.88813 
1041 0.111994	1.07085 0.899289 0.934657 1.0702 1.02897 0.911349 0.984458 0.982173 0.74971 1.00316 
1042 0.095108	1.03085 0.939245 0.979995 1.06476 0.95023 0.841399 0.985306 0.955048 0.867978 0.983251 
1043 0.227465	1.05371 0.997759 1.04179 0.9831 0.96986 0.95471 1.01334 1.01585 0.936732 0.995316 
1044 0.0732555	0.938371 0.910103 0.914675 0.852793 1.0085 0.989795 0.99659 0.900563 0.971917 0.890116 
1045 0.148746	1.01032 0.962241 1.03444 0.979843 1.097 0.999508 1.0581 1.01193 0.910245 0.992316 
1046 0.226223	1.14395 1.17617 1.17202 1.08953 0.990536 1.03901 1.05913 1.23736 1.07044 1.07737 
1047 0.0494164	0.900582 0.869324 0.901301 0.86017 0.930488 0.985605 0.996098 0.951489 0.889664 0.929648 
1050 0.2004	1.10792 1.00539 1.0283 1.08181 0.969112 0.988384 0.981722 1.10038 0.972407 1.04597 
1051 0.217391	0.89944 0.899315 0.905574 0.978768 1.02037 0.90088 0.937964 0.900418 0.951138 0.924572 
1052 0.0609695	1.18567 1.12652 1.20965 1.03848 1.0744 1.16259 1.17167 1.23194 1.04769 1.07455 
1053 0.0664668	1.16331 1.16086 1.23664 1.06851 0.960013 1.11223 1.10263 1.16615 1.09494 1.07945 
1054 0.0844578	0.850038 0.806126 0.870532 0.984426 0.941154 0.891493 0.91921 0.829751 0.835655 0.892393 
1055 0.248376	0.952213 0.967144 1.05327 0.913005 1.05134 1.0734 1.0236 1.00864 1.13182 0.953017 
1056 0.0549725	1.14292 1.07491 1.08801 1.12164 1.07908 1.01286 1.0004 1.05377 1.05019 1.04135 
1057 0.0669665	1.0513 0.981399 1.02253 0.977359 0.900796 1.07987 0.958294 1.03412 1.07285 0.979371 
1060 0.0731452	1.15595 1.1161 1.1168 1.14301 0.966824 0.95289 0.990395 1.11691 1.1508 1.05391 
1061 0.131661	0.802496 0.803999 0.808273 0.964449 0.951532 0.870542 0.867708 0.911461 0.898814 0.901234 
1062 0.111808	0.868764 0.949012 0.943381 0.893379 0.971404 1.03226 0.976151 0.967576 1.02149 0.937026 
1063 0.0783699	1.01272 0.993415 0.973121 1.10802 1.03403 0.92363 0.921652 1.0167 1.00622 1.00511 
1064 0.0553814	1.00222 0.945742 0.85772 1.09965 0.944668 0.802011 0.841533 0.951812 0.892924 0.995839 
1065 0.0710554	1.00017 1.17794 1.21424 0.992816 1.02929 1.1073 1.10364 1.25082 1.24496 1.0624 
1066 0.271682	0.98235 0.982528 0.962113 1.04164 0.992314 0.88985 0.973094 1.04696 0.970758 1.0404 
1067 0.206897	1.02622 1.07128 1.02391 1.01478 1.07464 1.09858 1.00573 1.08276 1.12198 1.03682 
1070 0.193502	0.968043 1.04118 0.994555 1.03401 1.01989 1.00454 0.976882 0.965364 1.02002 1.02181 
1071 0.138091	1.10655 1.18549 1.09341 1.14462 0.970031 0.941572 1.04605 1.17299 1.01373 1.08179 
1072 0.0986365	0.811424 0.903675 0.865054 0.997036 1.05041 0.928738 0.945322 0.895001 0.898208 0.948052 
1073 0.0565709	1.15089 1.22669 1.14356 1.01931 1.04189 1.09331 1.08953 1.10541 1.21039 1.1085 
1074 0.0826806	0.832711 0.946339 0.925002 0.879478 0.998065 1.07024 1.00729 0.917584 0.9226 0.93987 
1075 0.220191	0.852432 0.948452 0.889054 1.01927 0.937543 0.923738 0.927056 0.986494 0.907305 0.993162 
1076 0.137221	0.94771 1.06156 1.04458 0.960001 1.01199 1.04704 1.05732 1.02034 1.10201 1.02016 
1077 0.073107	1.02729 1.07137 0.998391 0.981505 0.927157 1.03561 1.03058 1.01656 1.07053 1.01502 
1100 0.1863	1.07196 0.996907 1.08107 0.972777 1.00799 1.06011 1.04722 1.03218 1.06632 1.03283 
1101 0.108978	0.891013 0.837116 0.889326 0.900198 0.972862 0.886915 0.954202 0.909675 0.939062 0.908307 
1102 0.0669434	1.2734 1.08057 1.1206 1.14635 0.952686 0.974624 1.04016 1.05023 1.01097 1.14615 
1103 0.097561	1.07333 0.920961 0.945156 0.94738 0.91152 0.959967 0.953286 0.95946 0.991151 0.944398 
1104 0.10275	1.2171 1.19848 1.21949 1.07598 1.06608 1.0397 1.11304 1.13119 1.27535 1.12488 
1105 0.213285	0.982259 0.927439 0.964094 1.03101 0.977827 1.02809 0.955963 0.927021 1.02032 0.990295 
1106 0.135444	0.980895 0.904554 1.00479 0.91543 1.0906 0.959551 1.05436 0.989206 0.978349 1.01228 
1107 0.088739	1.15481 1.14225 1.14625 1.0345 0.910097 1.04697 1.02431 1.04037 1.19713 1.06676 
1110 0.139087	0.951698 0.937977 0.965739 0.981148 1.03034 1.03141 0.967103 1.02703 1.09417 0.958851 
1111 0.0877318	1.06549 1.16931 1.15479 1.01661 1.00078 1.06044 1.01204 1.12753 1.21261 1.01537 
1112 0.0499287	1.07067 1.14926 1.15075 1.07032 1.08616 1.09923 1.09123 1.13291 1.12597 1.09309 
1113 0.217546	1.00286 1.06928 1.07633 0.915862 0.949544 1.07128 0.994636 1.02848 1.16257 0.968776 
1114 0.166191	0.968994 0.989606 0.99435 1.05434 0.934831 1.00773 0.931846 1.01079 1.05948 0.989288 
1115 0.0955777	0.918457 0.931156 1.01566 0.910008 1.10377 1.08064 1.07559 1.08999 0.992259 0.962259 
1116 0.174037	0.945461 0.8902 0.941898 1.00275 1.03975 0.915302 0.922505 0.962838 0.919769 0.952797 
1117 0.0699001	1.1267 1.2674 1.28879 1.1029 0.969912 1.11924 1.08338 1.22606 1.26151 1.14587 
1120 0.0712924	1.06302 1.14995 1.11446 0.954296 1.04269 1.19897 1.10989 1.17547 1.16547 1.0595 
1121 0.0667175	1.2554 1.26631 1.23247 1.11829 0.960092 1.1031 1.03756 1.21849 1.24216 1.13221 
1122 0.0838734	1.07075 1.096 1.07155 1.02657 1.09105 1.08644 1.07713 1.16089 0.971015 1.07507 
1123 0.205871	0.845917 0.860754 0.848236 0.904132 0.998635 0.97243 0.950408 0.936088 0.884196 0.88385 
1124 0.120282	1.02964 1.0423 1.01499 1.02865 0.966382 1.02923 1.04877 1.0886 0.947283 1.02206 
1125 0.120473	1.12939 1.10024 1.02585 1.05705 0.99879 1.09298 1.01875 1.04185 1.02543 1.034 
1126 0.102936	0.961153 0.938748 0.947525 1.0279 1.07457 0.991698 0.990974 1.02128 0.917938 1.00275 
1127 0.228555	0.984991 0.979473 0.923538 0.980434 0.918024 1.06337 0.967889 0.91014 0.934063 0.95675 
1130 0.125732	0.969568 0.916596 0.915708 0.993233 1.08137 0.984508 0.970321 0.990975 0.971522 1.00944 
1131 0.0819723	0.780716 0.839656 0.834364 0.889507 1.00162 0.890367 0.952787 0.841278 0.918628 0.904533 
1132 0.17812	1.0067 1.05659 1.07919 1.00403 1.034 1.01818 1.10934 1.12119 1.06596 1.03125 
1133 0.19661	0.954151 0.96793 0.959263 0.989811 0.982657 0.975863 0.960906 1.01398 1.00229 1.00097 
1134 0.149769	1.02962 1.07873 1.00965 1.05438 0.946832 1.025 1.00241 1.02507 1.05043 1.05217 
1135 0.0674884	1.22733 1.21868 1.22995 1.12904 0.949364 1.03101 1.12066 1.22286 1.1611 1.16796 
1136 0.0949153	0.961534 0.922527 0.90276 0.994073 0.924509 0.913036 0.948592 0.927248 0.891293 0.979103 
1137 0.105393	1.11096 1.1935 1.17815 1.10292 1.00187 1.09839 1.00018 1.05593 1.13481 1.10701 
1140 0.24347	0.945535 0.909509 0.876544 1.01292 1.01091 0.937117 0.902705 0.922671 0.970527 0.989025 
1141 0.137127	0.880071 0.825362 0.850483 0.888644 0.992072 0.913766 0.90379 0.82683 0.963836 0.882692 
1142 0.0722948	1.10824 1.1585 1.14489 1.05321 1.08633 1.16415 0.997246 1.03518 1.16541 1.05478 
1143 0.10681	1.03147 1.0844 1.09766 0.948847 0.949938 0.946374 1.04389 1.06502 1.07987 1.06091 
1144 0.0741604	1.14296 1.17357 1.1907 1.0844 0.976767 1.20831 1.06626 1.08564 1.25509 1.07272 
1145 0.0620336	1.12095 1.1115 1.07415 1.09875 0.874413 0.957592 0.929966 1.02457 1.17819 1.03003 
1146 0.0652985	0.93524 1.0184 0.977759 0.908816 0.896031 1.05948 0.972419 0.93719 1.1242 0.950064 
1147 0.238806	0.961354 1.05901 1.05887 0.986652 1.06108 1.01045 1.03931 1.12769 1.08006 1.05554 
1150 0.0617334	1.05971 0.988545 0.998503 1.16595 1.01196 0.989349 0.996619 0.974597 0.937289 1.05114 
1151 0.113451	1.06217 1.03436 1.04537 1.08313 0.93309 1.08101 0.951781 1.04469 1.10609 1.05124 
1152 0.154947	1.08095 1.12239 1.11436 1.02604 0.977372 1.10635 1.05005 1.06313 1.1897 1.04782 
1153 0.104047	0.973104 0.964911 1.02544 1.021 1.02869 1.15992 1.04941 1.0706 1.02356 1.04331 
1154 0.146361	1.11118 1.10455 1.13628 1.06055 1.09678 1.05672 1.06827 1.13338 1.09175 1.09693 
1155 0.196852	0.898374 0.92076 0.927351 0.952177 0.942869 0.985104 0.950742 0.862828 0.983406 0.951906 
1156 0.145544	0.911522 0.899167 0.916226 1.05654 1.03027 0.994489 0.948685 0.954438 0.924174 1.00409 
1157 0.0770646	0.860721 0.864874 0.866149 0.851971 1.03154 0.994077 0.990234 0.924333 0.919169 0.954878 
1160 0.15085	1.1304 1.1699 1.07465 1.04826 0.910895 1.01102 0.983477 1.06958 1.06106 1.06495 
1161 0.153685	1.06748 1.09777 1.08691 0.958437 1.06063 1.02209 1.10086 1.13766 1.08087 1.04086 
1162 0.0752014	0.969666 1.01293 1.024 0.969781 0.96657 0.978389 1.05994 1.01353 0.953956 1.0136 
1163 0.147568	1.18729 1.19937 1.17642 1.10315 1.02217 1.14328 1.09028 1.15551 1.17366 1.09959 
1164 0.0669949	0.977815 0.90324 0.89969 1.02045 0.896991 0.86148 0.90435 0.937292 0.96525 0.93684 
1165 0.172933	0.889725 0.873039 0.844944 0.921133 1.0027 0.886477 0.927454 0.941318 0.90279 0.946549 
1166 0.0693823	0.974323 1.00635 0.947951 0.938558 0.970883 0.99623 0.993165 1.04108 1.07892 0.92412 
1167 0.163384	1.07026 0.959468 0.962308 1.08961 1.02808 0.884398 0.958287 0.98973 0.935369 0.986074 
1170 0.0455128	0.97307 1.03279 1.03983 0.993057 0.873016 1.05145 0.951812 0.915253 1.05246 0.975638 
1171 0.135043	1.1862 1.2879 1.18917 1.09911 0.97217 1.06402 1.05059 1.13052 1.10029 1.09684 
1172 0.0425214	1.1627 1.15364 1.12177 1.05601 0.908319 0.984011 0.991078 1.07618 1.06062 1.08859 
1173 0.207479	0.9551 0.991768 0.983423 0.925706 1.07252 1.02881 1.0018 0.976652 1.02011 0.979311 
1174 0.114957	1.10194 1.16628 1.08294 1.10223 1.04375 1.01016 1.00167 1.12363 1.02091 1.11134 
1175 0.132906	0.979398 1.03366 0.990277 0.934836 0.964142 0.996895 1.00213 1.02704 1.02825 0.975778 
1176 0.162179	1.00354 1.04887 0.988209 1.05425 0.957264 0.953072 0.934538 0.952765 0.993273 1.00814 
1177 0.159402	0.8281 0.899014 0.844493 0.928436 0.95986 0.919517 0.895572 0.893795 0.884469 0.90007 
BOUNDS
LWPS R    0.0  0.0  0.0  0.0  0.0  0.0  0.0  0.0  0.0  0.0
UWPS R    0.5  0.5  0.5  0.5  0.5  0.5  0.5  0.5  0.5  0.5
LXAS R   -0.5 -0.5 -0.5 -0.5 -0.5 -0.5 -0.5 -0.5 -0.5 -0.5
UXAS R    0.5  0.5  0.5  0.5  0.5  0.5  0.5  0.5  0.5  0.5
END
