NAME moment_estimation_cluster
ASSETS 10
BENCHMARKS 0.1 0.1 0.1 0.1 0.1 0.1 0.1 0.1 0.1 0.1 
COVARIANCES
0 0 0.00825401
1 0 0.00722491
1 1 0.00768952
2 0 0.00790712
2 1 0.00788274
2 2 0.00894362
3 0 0.00424459
3 1 0.00326123
3 2 0.00343025
3 3 0.00442747
4 0 0.00223903
4 1 0.00179971
4 2 0.00210293
4 3 0.00101055
4 4 0.00163567
5 0 0.000305881
5 1 0.00202632
5 2 0.0017117
5 3 -0.00111042
5 4 0.00010609
5 5 0.00645488
6 0 0.00315373
6 1 0.00330353
6 2 0.00373716
6 3 0.000777006
6 4 0.000960169
6 5 0.0020039
6 6 0.00229751
7 0 0.00788685
7 1 0.00734885
7 2 0.00827764
7 3 0.00385555
7 4 0.00206682
7 5 0.00030404
7 6 0.00333962
7 7 0.00843809
8 0 0.0034824
8 1 0.00485521
8 2 0.00512707
8 3 0.000255458
8 4 0.00102055
8 5 0.0042832
8 6 0.00262608
8 7 0.00385039
8 8 0.00550603
9 0 0.00580801
9 1 0.00502173
9 2 0.00582688
9 3 0.00321127
9 4 0.0017159
9 5 -0.000643485
9 6 0.0021858
9 7 0.00598835
9 8 0.00206849
9 9 0.00480474
SCENARIOS
0 0.44484	1.09515 1.0787 1.10022 1.05319 1.02528 1.01502 1.04347 1.10952 1.04081 1.06625 
1 0.55516	0.956778 0.949747 0.937165 0.967254 0.980782 1.00145 0.999268 0.944437 0.944314 0.957033 
00 0.682155	0.995989 1.02974 1.02081 0.973835 1.0266 1.03321 1.01995 1.01253 1.03592 1.01075 
01 0.317845	0.989772 1.00245 0.999717 1.06862 0.973453 0.932637 0.969937 1.02504 0.973387 1.01799 
10 0.408531	1.12653 1.10294 1.10781 1.06811 1.02861 0.971277 1.01724 1.11173 1.06721 1.07132 
11 0.591469	0.920267 0.9586 0.9722 0.967414 0.996298 0.969154 0.959992 0.94963 0.991779 0.967814 
000 0.135607	1.12502 1.15747 1.1937 1.08356 0.993888 0.980419 1.05445 1.16624 1.13136 1.09778 
001 0.162959	0.876079 0.820151 0.811976 0.932796 0.966711 0.918775 0.939536 0.82988 0.837971 0.876099 
002 0.119756	0.955565 0.970349 0.967619 0.966261 1.02038 1.09024 0.998348 0.942491 1.0299 0.964173 
003 0.0474213	1.09176 0.98244 0.98919 1.12228 1.07812 0.941702 0.960038 0.99029 0.919254 1.05203 
004 0.064261	1.2951 1.24168 1.30924 1.12968 1.08992 1.01752 1.10347 1.32011 1.1866 1.21966 
005 0.178843	0.978616 0.951148 0.94984 1.00366 0.97595 0.947472 0.980266 0.963798 0.924017 0.977172 
006 0.132575	1.10971 1.0547 1.06579 1.04539 1.05232 1.02873 1.0679 1.04295 0.996211 1.06367 
007 0.158576	0.966868 0.996073 1.00617 0.931985 0.918041 1.03694 0.9872 0.940406 1.03721 0.95233 
010 0.110404	1.05243 1.02278 1.01011 1.00469 1.06757 0.904157 0.972712 1.01584 0.959358 1.05213 
011 0.0657755	0.938596 0.868868 0.862362 0.973754 1.04227 0.937389 0.937413 0.86735 0.865966 0.957274 
012 0.052974	1.01096 0.979894 0.918322 1.08647 1.03306 0.925568 0.977581 0.914208 0.892336 0.983142 
013 0.255039	1.02537 1.06312 1.04514 0.989122 0.995478 1.04372 1.01677 1.02012 1.04998 0.998578 
014 0.0720702	1.20394 1.12659 1.09171 1.15632 1.08623 1.00827 1.02844 1.12761 1.01723 1.11819 
015 0.185515	0.859782 0.874583 0.838266 0.885202 0.948907 1.01485 0.969491 0.807207 0.921707 0.85293 
016 0.144706	1.23017 1.21248 1.19589 1.07725 1.02422 0.975067 1.06498 1.18304 1.0897 1.13904 
017 0.113516	0.867133 0.885147 0.854114 0.992623 0.931827 0.926894 0.907943 0.863359 0.882426 0.924518 
100 0.130467	0.971743 0.969748 0.994625 1.01992 1.05287 1.00011 0.975513 0.968583 0.984749 1.03922 
101 0.0593474	0.917368 0.870967 0.896717 0.98105 1.00149 0.938865 0.939292 0.902958 0.902884 0.961621 
102 0.130379	0.87215 0.84499 0.862157 0.987431 0.937435 0.968083 0.936475 0.8501 0.854627 0.915309 
103 0.0991182	0.983209 0.991509 0.993752 1.12855 1.00004 0.889248 0.978059 1.05145 0.903593 1.05988 
104 0.0802028	0.980868 1.07708 1.07321 0.921068 0.983195 1.17033 1.03886 0.987714 1.14998 0.966055 
105 0.0933862	1.11153 1.20149 1.21629 1.11424 1.05209 1.09113 1.08787 1.18739 1.15329 1.18575 
106 0.153439	1.03969 1.07913 1.08322 0.962368 1.04774 1.03838 1.03453 1.06638 1.08688 1.08106 
107 0.25366	0.968136 0.99396 1.02107 1.0011 0.947578 1.06389 0.984923 1.00917 1.06836 0.97962 
110 0.101931	0.855978 0.866324 0.856751 0.927124 1.02418 0.946187 0.963447 0.879361 0.953338 0.923783 
111 0.145876	1.06995 0.992311 1.00876 1.04106 1.06778 1.02481 1.00633 1.02423 0.971856 1.03721 
112 0.0521379	1.18443 1.18612 1.17759 1.07628 0.962606 1.13527 1.11288 1.17716 1.17291 1.07908 
113 0.0698014	1.02889 1.05531 1.0403 0.907387 0.987397 1.13096 1.03309 1.0149 1.10748 1.02251 
114 0.236021	0.99874 0.960378 1.00213 1.00765 0.972505 1.08022 0.988854 0.967619 1.02194 0.977433 
115 0.164332	0.883604 0.890847 0.855278 0.924791 0.907773 1.065 0.975147 0.871541 0.953112 0.90581 
116 0.162109	1.19478 1.15146 1.14339 1.02055 1.07158 1.04203 1.11852 1.1417 1.07079 1.10552 
117 0.0677914	1.06081 1.00268 0.987034 1.13282 0.961239 0.929845 0.971646 1.03479 0.925737 1.08639 
0000 0.0716889	1.29204 1.21126 1.19641 1.13391 1.03197 1.16404 1.10814 1.19848 1.07281 1.16086 
0001 0.113244	1.01428 0.960558 0.928739 1.07276 1.00839 0.908944 0.914589 0.943157 0.90043 0.98478 
0002 0.104982	0.945956 0.895958 0.905282 0.952023 0.931259 1.05053 0.942322 0.897899 0.912744 0.917731 
0003 0.108141	1.00615 0.94868 0.973446 1.03217 1.00839 0.960793 0.984718 1.01995 0.891715 1.03111 
0004 0.0743621	1.00479 1.02514 0.989833 0.878197 0.995467 1.27568 1.06308 0.98113 1.06848 0.976894 
0005 0.1339	0.879459 0.896948 0.910071 0.88878 0.976777 1.15327 1.01722 0.864519 1.00068 0.88439 
0006 0.135844	1.1117 1.08718 1.05673 0.994426 0.96224 1.10683 1.05794 1.03192 1.01038 1.0138 
0007 0.257837	1.07123 1.10645 1.10519 0.983085 1.06111 1.10162 1.04063 1.07373 1.10629 1.06928 
0010 0.248129	0.951174 0.985342 0.949907 1.05308 0.971697 1.00184 0.970845 0.968859 0.998685 0.976181 
0011 0.0831143	1.12619 1.14606 1.16701 1.05596 1.00696 1.09699 1.07729 1.14588 1.16028 1.11454 
0012 0.12457	0.881869 0.931868 0.904099 0.934046 0.927452 1.1294 0.975403 0.851974 1.03324 0.889128 
0013 0.207482	1.04802 1.0084 1.04119 1.03326 1.06831 0.942199 0.967832 1.04172 1.0137 1.03495 
0014 0.0976744	0.967547 1.02327 1.04199 0.915728 0.990974 1.08123 1.01604 0.996369 1.12035 0.95225 
0015 0.107988	1.12613 1.11286 1.12883 1.17581 1.05009 0.999068 1.08214 1.10739 0.984402 1.15751 
0016 0.0649141	0.808255 0.859291 0.866029 0.913309 0.878334 0.917293 0.897866 0.862571 0.92244 0.863757 
0017 0.0661274	0.879055 0.909278 0.902881 0.871859 1.04562 0.977512 0.911281 0.8517 0.998864 0.923126 
0020 0.26142	1.1439 1.11268 1.12519 1.05338 1.02676 1.01566 1.09902 1.16515 1.00805 1.08504 
0021 0.10787	0.987048 0.982533 0.952246 0.980688 0.934694 0.935118 0.931378 0.963906 0.96203 0.937915 
0022 0.12383	1.03738 1.05519 1.06242 1.02924 1.00868 1.11981 1.04807 1.03537 1.07926 1.00143 
0023 0.0880572	0.977443 1.06297 1.04115 0.889371 0.957078 1.12309 1.08085 1.02395 1.10979 0.954284 
0024 0.118052	0.974155 0.921468 0.90613 0.986383 0.998274 0.99207 0.971133 0.936574 0.924351 0.958026 
0025 0.0787012	0.862825 0.850304 0.88917 0.86337 0.939521 1.02805 0.994603 0.86586 0.982232 0.867352 
0026 0.0949367	0.91381 0.897804 0.944414 0.933015 1.0465 1.00768 1.02556 0.968381 0.918626 0.96246 
0027 0.127133	1.0226 0.994491 1.02326 0.925996 1.03183 0.988911 1.05173 1.02581 1.00572 1.02831 
0030 0.0771369	0.86507 0.899583 0.846132 0.94095 0.928418 1.01223 0.936469 0.907124 0.941312 0.872718 
0031 0.0910354	1.00252 1.07997 1.05597 0.9968 0.996955 1.10042 0.995501 1.05562 1.16865 0.969628 
0032 0.112578	1.03964 1.0206 1.02149 1.11903 0.940346 0.95785 1.02624 0.999023 0.952876 1.00595 
0033 0.066713	1.05974 1.05005 1.05666 1.05284 0.967599 1.05573 1.0164 0.984112 1.0746 1.02167 
0034 0.157054	1.0005 0.999592 1.00949 0.996555 1.05584 0.959242 1.01712 1.007 0.943202 1.01906 
0035 0.148019	0.873567 0.901993 0.856271 0.924618 0.999899 0.971238 0.995642 0.899073 0.914149 0.905754 
0036 0.160528	0.927929 0.922126 0.948533 1.00943 0.95409 0.951905 1.01484 1.0188 0.949108 0.988996 
0037 0.186935	1.07328 1.12964 1.16611 1.08858 1.03272 1.02242 1.12855 1.21286 1.03427 1.08457 
0040 0.166667	0.921999 0.873001 0.846087 0.980784 0.990566 1.02028 0.93592 0.811506 0.87958 0.898556 
0041 0.109744	1.015 1.00332 1.00116 1.03517 0.952567 1.00962 0.957001 0.952827 0.977285 1.00394 
0042 0.085641	1.20664 1.24209 1.2513 1.03677 1.01868 1.01463 1.10225 1.23918 1.10636 1.16354 
0043 0.0533333	1.21289 1.13552 1.15154 1.116 1.13529 1.01257 1.04344 1.09475 1.04355 1.12687 
0044 0.0835897	0.906486 0.875788 0.845857 0.891316 0.963403 0.880991 0.92999 0.853003 0.822995 0.932771 
0045 0.262051	1.04525 1.01701 1.0091 1.02071 1.02078 1.00834 1.03721 0.968962 0.953366 1.02691 
0046 0.106154	0.977817 1.06847 1.00142 0.91804 0.992672 1.12198 1.02177 0.927118 1.13492 0.992334 
0047 0.132821	1.04687 0.967276 0.960615 1.16645 1.03946 0.824418 0.940262 1.01151 0.835642 1.04014 
0050 0.169338	0.868465 0.910635 0.877459 0.959192 0.939412 0.945141 0.927464 0.876149 0.944274 0.919309 
0051 0.176525	1.04126 0.97921 0.984743 1.08042 0.968869 0.917016 0.946723 0.949222 0.991775 0.992785 
0052 0.0571218	0.902628 0.88617 0.906722 0.906829 1.02932 0.886848 0.954778 0.90804 0.932984 0.961031 
0053 0.131749	1.10007 1.12805 1.10308 0.986162 0.972736 0.99118 1.02424 1.05742 1.0997 1.06023 
0054 0.0683619	1.00019 1.08052 1.07543 0.889465 1.01446 1.09521 1.04451 1.04264 1.10286 1.03053 
0055 0.114796	1.17338 1.15856 1.17224 1.10499 1.0344 0.87838 1.03233 1.19528 1.08634 1.14669 
0056 0.0888152	0.891152 0.935389 0.916061 0.855205 0.981215 1.07175 0.987654 0.904589 0.97762 0.900995 
0057 0.193293	1.07516 1.02519 1.02551 1.00054 1.03561 1.00068 0.984822 1.01495 1.05852 1.03272 
0060 0.139697	0.910782 0.92161 0.903753 0.96791 1.01321 0.945472 0.91315 0.911995 0.956101 0.960531 
0061 0.196122	0.949711 0.922138 0.911478 1.05589 0.952301 0.903488 0.947256 0.969309 0.878695 0.960544 
0062 0.0994283	0.880502 0.899894 0.921685 0.872537 0.961369 1.04558 0.94802 0.944178 1.01277 0.924566 
0063 0.100174	1.02378 1.02376 1.06098 0.904001 1.05164 0.970271 0.991109 1.06988 1.10776 1.01333 
0064 0.0529456	1.0986 1.11446 1.11762 1.03315 1.06999 0.974824 1.01386 1.12417 1.10899 1.05344 
0065 0.193885	1.05662 1.0271 1.05271 0.990449 0.996163 0.963316 0.988603 1.0729 1.04292 1.05549 
0066 0.0427542	0.937311 1.05932 1.02701 1.11475 0.923198 1.00716 0.924815 0.97833 1.02878 0.967672 
0067 0.174994	1.1948 1.12892 1.154 1.12381 1.01605 0.889308 1.001 1.19476 1.03661 1.11519 
0070 0.0810474	0.930022 0.91414 0.877079 0.958751 0.936778 0.95793 0.93998 0.939239 0.925799 0.940272 
0071 0.135702	1.07435 1.08217 1.07806 1.03829 1.06205 1.04407 1.04033 1.11963 1.08396 1.08165 
0072 0.158354	1.05324 1.08195 1.03127 1.11554 0.996228 1.00872 1.04042 1.11601 0.997125 1.0491 
0073 0.0752286	1.14652 1.23793 1.23793 1.12033 1.03414 1.05011 1.1173 1.22146 1.08825 1.1455 
0074 0.0702411	0.793104 0.845306 0.838419 0.83376 0.952358 1.04527 0.940342 0.811108 1.01814 0.815313 
0075 0.210308	0.918342 1.01259 0.986753 1.01221 0.98497 1.08389 1.02799 1.02226 1.0208 0.970733 
0076 0.0804239	0.888332 0.860941 0.818194 0.951106 0.996515 0.98905 0.942418 0.829385 0.931888 0.852991 
0077 0.188695	0.945401 0.925268 0.917216 0.972031 1.01973 0.958104 1.03625 0.990545 0.936038 0.97635 
0100 0.103139	1.02247 0.99509 1.00074 0.970345 0.950095 1.10571 1.02891 0.955009 0.98044 0.96648 
0101 0.0717489	1.16212 1.15688 1.16511 1.1075 1.00918 1.00824 1.04759 1.1457 1.06554 1.11114 
0102 0.118514	0.979167 0.968478 0.984459 1.06171 0.968616 1.0144 1.04451 0.973658 0.945202 1.02802 
0103 0.258808	1.0981 1.03863 1.06349 1.00687 1.03087 1.19787 1.08298 0.993536 1.08104 1.0326 
0104 0.0679052	0.979698 0.898643 0.932692 1.06923 1.01906 0.879007 0.945213 0.95209 0.862964 0.97499 
0105 0.214606	0.91958 0.853113 0.881812 0.931229 0.967541 1.08363 0.989471 0.861255 0.934631 0.926249 
0106 0.0736707	0.942829 0.93246 0.877682 0.983219 0.929769 1.08891 1.00143 0.924177 0.921584 0.919902 
0107 0.0916079	1.13437 1.05916 1.05075 1.11013 1.06903 1.03253 1.022 1.06286 0.987114 1.07007 
0110 0.134409	1.01923 1.03684 1.01316 1.06269 0.961495 0.846449 0.956922 1.02351 0.972938 1.04032 
0111 0.155914	0.934466 0.952123 0.987283 0.948785 0.952967 0.965935 0.963316 0.927225 0.988136 0.922638 
0112 0.168817	1.05406 1.07948 1.08145 1.06643 1.01519 0.972664 1.0615 1.14115 1.04694 1.05447 
0113 0.141935	0.973079 0.994897 0.995614 0.938073 1.04037 1.02893 0.998321 0.934974 1.01994 0.969864 
0114 0.0623656	1.09749 1.11128 1.11931 1.13099 1.07546 1.00174 0.975233 1.12098 1.05345 1.09336 
0115 0.165591	0.890745 0.926565 0.928859 1.01512 0.993217 0.957515 0.902365 0.886613 1.00552 0.935109 
0116 0.088172	1.02341 1.15625 1.07578 0.955567 1.04589 0.894842 0.976781 1.09589 1.04679 1.04424 
0117 0.0827957	0.886281 0.856295 0.782558 0.979335 0.938751 0.976703 0.889707 0.861074 0.866729 0.870382 
0120 0.0747664	0.976241 1.04031 1.02941 0.947391 0.993094 1.13303 1.03607 1.06616 1.11228 0.98322 
0121 0.165554	1.0718 0.997841 1.06024 1.03692 1.04226 1.09992 1.01855 1.03856 1.06558 1.00079 
0122 0.104139	0.904079 0.874104 0.897852 0.993335 0.966943 0.946832 0.926449 0.935848 0.905685 0.916629 
0123 0.0974633	1.18586 1.10788 1.11547 1.17528 1.02555 0.955899 0.983738 1.12648 0.967655 1.09755 
0124 0.169559	1.0554 1.09777 1.14235 1.04126 1.01059 1.05312 1.05186 1.17556 1.04881 1.06847 
0125 0.0747664	0.954987 0.924709 0.914282 0.933405 1.00284 1.12574 0.957668 0.954247 1.06671 0.909051 
0126 0.149533	1.01959 0.954393 1.01734 1.07455 0.96743 0.760282 0.913759 1.06197 0.860966 1.03392 
0127 0.164219	0.892228 0.849963 0.934024 0.917053 0.919436 1.10526 0.9648 0.914253 1.03237 0.933573 
0130 0.198835	1.09999 1.08351 1.04392 0.972843 0.962395 1.12535 1.11195 1.04557 1.0625 1.01206 
0131 0.0793123	0.856935 0.867682 0.857492 0.912317 0.988285 1.10083 0.982371 0.823672 0.964337 0.917753 
0132 0.0546312	0.885515 0.871924 0.841909 0.91128 0.930711 0.972413 0.927428 0.788887 0.896599 0.852145 
0133 0.141986	0.973004 0.924959 0.922866 1.01377 0.984716 1.00469 0.979292 0.882117 0.938768 0.988955 
0134 0.143927	1.16573 1.17634 1.15927 1.13744 1.0302 1.06798 1.02099 1.13827 1.09693 1.08133 
0135 0.0804215	0.938941 0.916061 0.88788 1.00788 0.911205 0.973862 0.943916 0.907574 0.876424 0.898005 
0136 0.211314	1.0454 1.0397 1.0264 1.06519 1.0167 0.986596 1.0349 1.04759 0.932367 1.03364 
0137 0.0895729	1.02524 0.992404 0.992942 0.952109 1.03574 1.07335 1.01687 0.964558 1.00514 1.04759 
0140 0.0628067	1.09233 0.968932 1.02044 1.10182 1.00205 0.743496 0.94608 1.08492 0.798975 1.10155 
0141 0.13739	1.1667 1.1532 1.25775 1.09751 1.05404 1.06138 1.08598 1.17057 1.09103 1.12596 
0142 0.0932287	0.891229 0.928321 0.942126 0.897313 0.956402 1.00116 0.95165 0.892289 0.993466 0.919316 
0143 0.126595	1.0696 1.03735 1.05509 0.911351 0.980457 1.00501 1.01079 1.00924 1.06426 1.00238 
0144 0.0686948	1.17309 1.1125 1.13578 0.952079 1.07121 0.96387 1.08887 1.11374 1.01173 1.08323 
0145 0.242395	0.972268 0.950444 1.01088 1.0293 0.960595 0.963408 0.992112 1.00165 0.993926 1.02405 
0146 0.13052	1.03943 1.00218 1.04447 1.02916 1.073 0.973298 1.06988 1.0628 0.946214 1.04762 
0147 0.138371	0.911499 0.919179 0.920097 0.878748 1.00397 0.96197 0.983566 0.914835 0.954424 0.96196 
0150 0.0907358	1.02524 1.04795 1.10877 1.018 1.08099 1.01483 1.00888 1.07367 1.06092 1.09428 
0151 0.0796798	1.02918 0.982153 0.993034 1.05609 1.0516 0.992875 1.00583 1.03595 0.915837 1.02251 
0152 0.0655738	0.768243 0.796462 0.797577 0.883736 0.947784 1.04438 0.93439 0.83749 0.966783 0.850808 
0153 0.121616	0.98334 0.904083 0.945587 1.06179 1.00491 0.940516 1.00253 0.962884 0.896771 1.04468 
0154 0.277545	0.907258 0.929578 0.978766 0.932006 0.987651 1.06832 0.970857 0.964802 1.04912 0.983986 
0155 0.131148	1.06386 1.16134 1.15708 0.972352 0.978571 1.15403 1.03836 1.07364 1.19411 1.06882 
0156 0.0640488	0.909979 0.906881 0.901305 0.987045 0.913679 1.05843 0.970301 0.911074 0.942311 0.915841 
0157 0.169653	1.23549 1.1503 1.17566 1.09991 1.03932 0.948541 0.985201 1.17611 1.09395 1.12601 
0160 0.102639	1.07814 1.12699 1.14643 1.00738 1.04623 1.1196 1.03169 1.07675 1.1701 1.09783 
0161 0.150538	0.904311 0.894718 0.874603 0.943882 0.943444 1.00716 0.941395 0.934199 0.894061 0.946677 
0162 0.14565	0.950215 0.883224 0.882086 0.92098 1.01415 1.08566 0.985011 0.884809 0.923225 0.951958 
0163 0.135875	0.966534 1.02234 1.05086 1.03677 0.971451 0.991164 1.02214 1.053 0.98044 1.02994 
0164 0.151026	0.95151 0.972814 0.99271 0.90858 0.997465 1.08595 1.01958 0.94696 1.03715 0.962173 
0165 0.0659824	1.12679 1.09021 1.15395 1.05511 0.99444 1.02519 1.04726 1.17708 1.1004 1.05991 
0166 0.0860215	1.22006 1.23416 1.28751 1.12077 1.09254 1.18205 1.08571 1.21337 1.18494 1.20459 
0167 0.162268	1.09666 1.04342 1.08082 1.0982 1.06625 0.910877 0.96337 1.09135 0.944226 1.05889 
0170 0.183178	0.893012 0.894379 0.870795 0.938211 0.961957 0.961908 0.952514 0.870736 0.864782 0.90388 
0171 0.0984424	1.16127 1.13721 1.11123 1.09093 1.00825 0.982181 0.994698 1.07704 1.09106 1.07877 
0172 0.11215	1.25984 1.12886 1.2701 1.07382 1.04309 0.97366 1.11762 1.25599 1.10959 1.15672 
0173 0.142056	1.08007 1.04787 1.08689 0.985026 1.03446 1.01719 1.04724 1.08266 1.00768 1.03756 
0174 0.198131	1.12527 0.945606 0.999402 1.04033 1.02171 0.963587 1.03334 1.0194 0.955155 0.970286 
0175 0.0542056	1.09593 1.15067 1.1848 0.927687 0.938249 1.187 1.18003 1.10675 1.13176 1.03558 
0176 0.0903427	1.14285 1.06223 1.12961 0.910081 1.05252 1.00944 1.12505 1.11149 1.08826 1.0183 
0177 0.121495	1.08946 1.05967 1.06515 1.00221 0.957064 1.09998 1.10085 1.01073 1.01463 0.986207 
1000 0.113552	1.10804 1.10983 1.04678 1.05621 0.970695 1.09497 1.04395 1.13453 0.991141 1.0232 
1001 0.0682663	1.10357 1.02267 1.02874 1.12606 0.991404 0.838687 0.968511 1.03387 0.917546 1.04485 
1002 0.230821	0.985645 0.957977 0.929633 0.972201 1.02701 1.08623 0.973079 0.994035 1.03543 0.960006 
1003 0.109496	0.88655 0.878381 0.806236 0.909092 0.950596 1.02049 0.966975 0.811616 0.906439 0.869255 
1004 0.0540723	0.972993 1.04429 1.02326 0.930471 0.958244 1.12655 1.07573 0.98953 1.12321 0.928627 
1005 0.222372	1.02611 1.01035 0.975901 0.996103 0.96262 0.970994 0.989837 0.963497 0.964842 0.970304 
1006 0.0959784	1.12808 1.10734 1.13846 1.06141 1.07708 1.0079 1.12619 1.15277 1.06347 1.09121 
1007 0.105441	1.19657 1.15286 1.21244 1.10714 1.03174 1.00161 1.12025 1.18907 1.14593 1.10645 
1010 0.0846954	0.979774 0.90476 0.892474 1.06262 0.975935 0.908738 0.894148 1.02433 0.863843 1.00955 
1011 0.15156	1.07257 1.116 1.10013 1.1103 1.00348 0.978408 1.05156 1.13824 1.00952 1.15734 
1012 0.15156	0.971444 1.07127 1.07405 0.94937 1.05694 0.992553 1.02005 1.06724 1.12199 1.02852 
1013 0.147103	0.793235 0.904286 0.879543 0.866865 1.0039 0.943528 0.947775 0.836833 0.968569 0.87961 
1014 0.13373	0.923308 0.966917 0.943523 0.968968 0.954422 0.954984 0.942307 0.948899 0.967952 0.920275 
1015 0.122585	1.06374 1.02472 1.04226 1.08746 1.06483 0.989048 1.02468 1.03264 0.991749 1.0409 
1016 0.0594354	0.968807 0.979812 0.925136 0.983455 1.0412 0.887328 1.01867 0.998535 0.917964 1.02126 
1017 0.149331	1.03623 1.02652 1.02172 1.00662 0.987862 0.971381 1.05465 1.05199 0.957564 1.01607 
1020 0.0612107	0.955277 0.987934 0.926156 1.03255 1.02326 0.939755 0.944684 0.969667 1.06375 0.950999 
1021 0.1302	1.13703 1.2088 1.17476 1.12024 1.01491 1.04233 1.0552 1.15148 1.10066 1.08092 
1022 0.0564762	1.04324 1.1891 1.10383 1.01788 1.02375 1.15239 1.05189 1.11428 1.23136 1.01605 
1023 0.136625	1.07978 1.04071 1.04829 1.08373 1.05983 0.920952 0.984088 1.089 1.04783 1.04427 
1024 0.131552	0.849947 0.892381 0.873263 0.863496 0.956875 0.96216 0.945101 0.922611 0.96185 0.906231 
1025 0.129523	0.891015 0.959184 0.909258 1.01846 0.924443 1.00529 0.887766 0.930347 1.04581 0.924643 
1026 0.0821779	0.955193 1.03121 1.01156 0.883497 1.03031 1.17513 1.02978 0.961674 1.20531 0.946103 
1027 0.272235	0.965205 1.0332 0.986076 0.999091 0.967879 0.925732 0.936061 1.10382 0.994305 1.0137 
1030 0.133007	1.16919 1.07687 1.15118 1.0302 1.04744 1.05916 1.04687 1.07207 1.03916 1.08272 
1031 0.0538256	0.989516 0.941019 0.965671 0.904673 1.01285 1.11659 1.01725 0.896685 1.0244 0.940713 
1032 0.218416	1.00547 0.976761 0.941162 1.02609 1.02857 1.04409 0.914634 0.937612 0.983533 0.954607 
1033 0.055605	1.02149 1.01363 1.04085 0.959603 1.02822 0.968788 1.03277 0.982444 1.01269 0.987464 
1034 0.044484	1.13037 1.08972 1.0904 0.983304 1.01828 1.10269 1.02832 1.07679 1.12292 1.00621 
1035 0.200623	1.06412 1.00725 1.01054 1.04273 0.964377 1.07338 0.935785 0.945716 1.02547 0.989554 
1036 0.111655	1.20927 1.16115 1.19081 1.13559 1.04566 1.14913 1.05557 1.16344 1.12972 1.12242 
1037 0.182384	0.968568 0.957088 0.956799 0.913275 0.94332 1.0597 0.985326 0.948843 0.961582 0.951581 
1040 0.153381	1.1019 1.14561 1.11598 1.05861 1.00985 1.1347 1.07298 1.10269 1.13685 1.06715 
1041 0.0615723	0.808457 0.836931 0.80832 0.860385 0.945488 0.870965 0.904586 0.871857 0.857804 0.866177 
1042 0.194612	0.913537 0.902666 0.906681 0.957497 1.0014 1.02752 1.00181 0.904528 0.937061 0.918447 
1043 0.105003	0.924359 0.986521 0.953561 1.00247 0.952025 1.14966 1.02126 0.982465 1.04065 1.00298 
1044 0.117647	0.927223 0.927682 0.939922 0.906125 0.952217 1.05182 1.00749 0.956315 1.02892 0.952474 
1045 0.210005	1.03606 1.02709 1.02151 1.00436 1.01685 1.01201 1.05633 1.04794 0.96931 1.02776 
1046 0.0989555	1.19426 1.1834 1.18256 1.08889 1.05139 1.07897 1.0418 1.20097 1.08477 1.16707 
1047 0.0588235	1.0892 1.0966 1.03244 1.11661 0.982662 1.02432 1.00739 1.11584 0.9909 1.07324 
1050 0.0684608	1.18276 0.990496 0.990781 1.08826 0.963654 0.877452 0.947013 1.08066 0.868382 1.00457 
1051 0.152502	0.925258 0.902489 0.928991 0.934363 0.967562 1.03051 0.933379 0.915743 0.954132 0.896318 
1052 0.0915958	1.08651 0.97282 1.05818 1.11704 1.04089 0.888071 0.972413 1.06969 0.955068 1.06469 
1053 0.159112	1.05198 0.948066 0.957131 1.04286 0.985971 0.937645 0.947882 0.97442 0.88806 0.976258 
1054 0.103872	1.02728 0.930166 0.95839 0.988036 1.0644 1.00378 0.963285 0.99249 0.964802 0.925085 
1055 0.0745987	1.17672 1.13773 1.14225 1.028 0.942375 1.05611 1.04881 1.16334 1.07255 1.02532 
1056 0.207271	1.21719 1.16957 1.14866 1.04403 1.06455 0.925255 1.06879 1.22036 1.05545 1.09022 
1057 0.142587	1.07974 1.01877 1.00892 0.985415 0.947935 1.00305 0.977575 0.995906 0.995773 0.975846 
1060 0.0724138	1.16901 1.15812 1.17795 1.12326 1.0032 1.08208 1.1248 1.12142 1.06818 1.08064 
1061 0.0862069	1.18627 1.1856 1.2352 1.04476 1.0582 1.12685 1.07394 1.20213 1.17165 1.07982 
1062 0.109483	0.956595 0.93455 0.965276 1.03238 1.05271 0.983408 1.02473 0.927516 0.936652 0.96274 
1063 0.198276	0.982726 1.03838 1.06159 1.03637 0.958432 1.00105 0.991427 1.05869 1.01867 0.990689 
1064 0.126724	0.889432 0.879304 0.888819 0.93097 0.945441 0.958597 0.952818 0.888999 0.952831 0.899889 
1065 0.23592	1.01104 0.969881 1.03802 0.968699 0.984467 1.11822 1.0725 1.0015 1.03744 0.980694 
1066 0.110345	1.13639 1.04079 1.13901 1.10347 1.05194 0.90454 1.01461 1.06708 0.994642 1.10541 
1067 0.0606322	1.05061 1.05421 1.02777 0.963573 1.10478 1.07475 1.03878 1.03742 1.06494 1.02422 
1070 0.147054	0.922258 0.984634 0.9524 0.960933 0.919261 0.944882 0.987469 0.949632 0.96401 0.947071 
1071 0.0905614	1.05401 1.04648 1.08093 1.04067 0.985184 0.911275 1.06418 1.03153 0.949992 1.06253 
1072 0.162002	0.843023 0.868196 0.853324 0.904351 0.954184 0.93388 0.951907 0.852879 0.887931 0.916824 
1073 0.0787415	0.981622 1.08908 1.03919 0.963591 0.994378 1.09259 1.02895 1.01165 1.05324 1.01917 
1074 0.0771771	0.963092 0.996956 0.937612 0.922575 1.02116 1.05563 0.986473 0.915019 0.97414 0.960528 
1075 0.157657	0.92518 0.960448 0.997949 0.900336 1.01483 0.971527 1.02907 0.962422 0.971525 1.01339 
1076 0.171736	1.12051 1.18708 1.12965 1.0697 1.03419 1.01177 1.07829 1.19118 1.01816 1.16043 
1077 0.11507	1.0488 1.01025 0.997503 1.12973 1.01884 0.969646 0.996767 1.00025 0.94033 1.01314 
1100 0.170302	0.932975 0.880849 0.89008 0.913421 0.963785 0.988641 0.940218 0.931268 0.950607 0.9222 
1101 0.119809	1.23211 1.17165 1.14784 1.15011 1.03755 0.985871 0.99699 1.15551 1.06509 1.07314 
1102 0.0905288	1.19577 1.0586 1.05052 1.10886 0.968377 0.922541 0.99554 1.12391 0.957032 1.04708 
1103 0.0433224	0.987697 0.895472 0.814548 1.07267 0.9037 0.950284 0.897496 0.832549 0.782594 0.87225 
1104 0.195698	0.989321 1.00559 1.03099 0.937145 0.970294 1.1446 1.02072 1.01013 1.07789 0.97692 
1105 0.198088	1.09433 1.072 1.10694 0.97483 1.06054 1.19217 1.04888 1.07715 1.1342 1.0365 
1106 0.0785778	1.01927 0.88233 0.876992 1.03702 0.965555 0.904875 0.912294 0.896966 0.806708 0.936541 
1107 0.103675	1.27687 1.03045 1.0384 1.13072 1.02355 0.910837 0.970799 1.09936 0.893117 1.08543 
1110 0.0565762	0.964145 0.96741 0.916223 1.04787 1.04208 0.935234 0.952804 0.917149 0.925759 0.973169 
1111 0.178288	0.989828 0.975809 0.974461 1.06619 0.967103 0.894397 0.981222 1.01579 0.951992 1.00858 
1112 0.0622129	0.943679 1.02789 0.981898 0.918283 1.05136 1.0703 1.03826 0.908213 1.11609 0.976177 
1113 0.21023	0.932769 0.949638 0.948948 0.958906 0.992934 0.951553 1.01474 0.945657 0.981269 0.957757 
1114 0.0668058	0.950556 0.951446 0.91135 1.08614 0.933512 0.862042 0.912137 0.936269 0.900048 0.979628 
1115 0.0876827	1.15113 1.15534 1.16292 1.13045 0.980903 1.02914 1.05205 1.17459 1.07418 1.07734 
1116 0.214614	1.14681 1.10353 1.05832 1.05452 1.04623 0.893952 1.02812 1.11775 1.01205 1.08764 
1117 0.123591	0.843379 0.924381 0.907543 0.894271 0.937443 0.994885 0.973861 0.877956 1.08154 0.89776 
1120 0.0829439	0.999781 1.05086 1.05603 0.915431 1.00292 1.05762 1.00273 1.0354 1.11484 0.984187 
1121 0.0800234	0.896153 0.93666 0.915375 0.939586 0.952123 1.03842 0.942233 0.950517 1.00594 0.972098 
1122 0.0595794	1.20412 1.21619 1.25347 1.00823 1.03928 1.09839 1.06022 1.19889 1.14572 1.18508 
1123 0.194509	0.896752 0.878635 0.884892 0.931526 0.964758 0.996032 0.886648 0.886385 0.903848 0.900203 
1124 0.141355	0.993006 1.00811 0.968965 1.0041 0.9774 0.92097 0.929681 0.98157 0.936134 1.01384 
1125 0.165888	1.01608 0.963685 0.936437 1.0467 1.04635 0.962247 0.938789 0.990727 0.881912 1.01193 
1126 0.113902	1.19102 1.09263 1.10164 1.06218 1.11327 0.969271 1.01 1.16037 1.01635 1.1334 
1127 0.161799	1.10585 1.12494 1.06054 1.04111 1.04782 1.0117 0.977079 1.08735 1.04335 1.04069 
1130 0.0606457	1.20596 1.2056 1.24414 1.06882 1.02522 1.00455 1.11351 1.26772 1.14342 1.11538 
1131 0.170593	0.967299 0.998997 0.990137 1.00288 1.00501 1.01085 0.99028 0.988903 1.00713 0.943042 
1132 0.0554101	1.10007 1.14244 1.1805 1.08693 0.964662 1.0317 1.07318 1.15262 1.12726 1.0639 
1133 0.130454	0.992306 0.945524 0.977391 0.950679 0.951733 1.01329 1.03273 1.01881 1.01853 0.948832 
1134 0.157068	0.890796 0.879926 0.903118 0.917858 0.947649 0.924962 0.925638 0.882398 0.917118 0.917231 
1135 0.164485	1.0256 1.04956 1.05993 1.03706 0.95346 0.926622 1.01699 1.11115 1.03461 1.02883 
1136 0.0619546	0.886472 0.944185 0.909649 0.904564 1.01752 1.05373 0.974674 0.911929 1.06026 0.888489 
1137 0.199389	1.12075 1.08617 1.07998 1.01124 1.06322 0.924694 1.04664 1.08334 1.00765 1.01289 
1140 0.231355	1.02089 1.09757 1.03095 1.02253 1.01596 0.935658 1.01291 1.03667 1.04061 1.0367 
1141 0.149419	0.905706 0.98901 0.979011 1.00732 0.930602 0.937477 0.982011 0.986945 1.00119 0.997604 
1142 0.118323	0.981642 0.993571 0.912182 0.983465 1.03587 0.917098 0.973934 0.981162 0.973307 0.970063 
1143 0.111355	0.877025 0.860812 0.825352 0.960937 0.945698 0.886655 0.911849 0.873789 0.88803 0.898565 
1144 0.102065	0.975747 0.972981 0.951069 0.966043 1.02235 0.772173 0.967544 1.06923 0.904856 1.03283 
1145 0.0922581	1.00314 1.03429 1.00484 0.916568 0.983295 1.06551 1.02913 1.03825 1.04339 1.00186 
1146 0.0793548	1.17219 1.22384 1.17783 1.06443 1.05996 0.946792 1.0818 1.20381 1.07881 1.163 
1147 0.115871	1.08612 1.1233 1.01084 1.1394 1.01759 0.917695 0.986366 1.11534 0.998275 1.08512 
1150 0.0852483	0.975385 0.911059 0.899908 1.09931 0.947344 0.869912 0.904928 0.93809 0.895586 0.939411 
1151 0.0858043	0.961984 1.0275 1.02751 0.913898 0.962625 1.06845 0.987091 0.974845 1.10063 0.940654 
1152 0.0980356	0.876338 0.939322 0.99698 0.904465 1.05822 1.07539 1.01178 0.969437 1.0606 0.918921 
1153 0.0728317	0.82962 0.812854 0.800142 0.963393 0.977464 1.03474 0.873464 0.786367 0.870724 0.869002 
1154 0.179577	1.23393 1.18602 1.17927 1.04148 1.03568 1.02213 1.07199 1.21161 1.12809 1.0574 
1155 0.0606004	0.839716 0.865324 0.873606 0.84085 0.95427 0.909867 0.898461 0.916833 0.973625 0.877445 
1156 0.153818	0.988483 0.912387 0.957181 0.995769 1.03027 0.965981 0.947437 0.943342 0.943544 0.967502 
1157 0.264085	1.03752 1.01117 1.04683 1.04933 1.01734 0.913916 1.00213 1.03571 0.961329 1.05587 
1160 0.0666917	1.24836 1.18071 1.2192 1.09181 1.03459 1.14476 1.10555 1.22919 1.20158 1.1765 
1161 0.0903626	1.0891 1.11413 1.087 1.13901 1.02537 1.0717 1.04458 1.09906 1.08375 1.07756 
1162 0.0666917	0.856823 0.947165 0.942117 0.910945 0.928268 1.19037 0.967482 0.928541 1.12895 0.902365 
1163 0.251738	0.955606 0.984569 0.973777 1.00325 0.969664 1.08746 0.974025 1.04403 1.0525 0.976524 
1164 0.112155	1.01357 0.996588 0.96772 1.14052 1.0223 0.920628 0.964532 1.02402 0.924908 1.04104 
1165 0.203269	0.856873 0.871463 0.865168 0.973057 0.985616 0.925226 0.886083 0.884649 0.921462 0.906373 
1166 0.0875446	1.0831 1.06888 1.0742 1.02213 1.09312 1.05846 1.00653 1.01884 1.1028 1.03945 
1167 0.121548	0.93056 1.0276 1.07499 0.949537 1.01433 0.964305 1.00581 1.03754 1.07821 1.03871 
1170 0.194519	0.955576 0.889241 0.859554 0.956717 0.985034 0.910565 0.967732 0.936042 0.860017 0.880364 
1171 0.101977	1.03045 0.995763 1.02686 0.956654 1.05863 0.911292 1.00633 1.03844 0.984162 1.00821 
1172 0.132075	1.05185 1.00891 0.994126 1.00146 1.01265 0.804866 0.982089 1.02573 0.92667 1.00419 
1173 0.143306	0.998219 0.96089 0.935824 1.0649 1.00224 0.915202 0.931679 0.989867 0.931765 0.960501 
1174 0.0920934	0.972039 1.02618 1.03058 1.01233 0.944294 1.19061 1.06834 1.04918 1.03158 0.939724 
1175 0.128032	1.209 1.12584 1.1549 1.09895 1.085 0.954941 1.06496 1.21975 1.10586 1.07884 
1176 0.0606469	0.907284 0.924703 0.953638 0.93236 0.905437 0.991816 0.947285 0.911254 0.976592 0.899439 
1177 0.14735	1.15566 1.14339 1.16104 1.10149 1.01528 0.911178 1.02554 1.17546 1.05378 1.08926 
BOUNDS
LWPS R    0.0  0.0  0.0  0.0  0.0  0.0  0.0  0.0  0.0  0.0
UWPS R    0.5  0.5  0.5  0.5  0.5  0.5  0.5  0.5  0.5  0.5
LXAS R   -0.5 -0.5 -0.5 -0.5 -0.5 -0.5 -0.5 -0.5 -0.5 -0.5
UXAS R    0.5  0.5  0.5  0.5  0.5  0.5  0.5  0.5  0.5  0.5
END
