ASSETS 10
STAGES 4
COVARIANCE
36.69390479603982
9.735463513322822 5.906562741315745
53.31887570026563 23.597745460277043 170.39312018564814
14.70849651490886 7.335817140368323 48.74789981416929 19.018648457541754
6.4951299074389395 3.7566268400492384 18.042337027767317 8.780368923008533 6.449505413629314
27.64257103953762 12.956204905416314 76.71043771262148 22.77065259876477 8.564960261260715 39.176170412057765
19.1664063059544 10.49150628902248 63.318139918082586 18.464130440175406 5.958659649390701 32.14653167287165 42.02891403622354
31.16631758975404 13.099204385273461 87.32376486886626 29.00435579488521 12.945691453642747 41.08724593827421 32.50025355314691 53.176961921372
-12.134657295970863 -7.308052998278313 -19.532649252099365 -2.9752850570114764 -1.5691046397522925 -14.288341971292839 -3.3594565551492 -12.380983790225589 39.05288148599235
6.376429007325128 2.7581247682752394 23.495144391263512 6.735849948912309 2.2364997168259153 10.839021512375894 10.953459421715975 11.85435364122202 2.2495414244111736 5.307423102623883
INITIAL
36.0 33.61 59.31 33.61 43.32 37.59 80.66 32.23 68.99 29.27
GROWTH
-0.00415605333351123 -0.0017941715437503525 -0.005408829865882578 -0.002931398037988965 -0.0008656469283170553 -0.004831746939788922 -0.0016524620531711647 -0.005890218921938806 0.0008146398759149521 -0.001638445394286831
BRANCHING
2 2 8 8
END
