NAME moment_estimations_cluster
ASSETS 10
BENCHMARKS 0.1 0.1 0.1 0.1 0.1 0.1 0.1 0.1 0.1 0.1 
COVARIANCES
0 0 0.0283132
1 0 0.0080461
1 1 0.00522875
2 0 0.0249718
2 1 0.0118379
2 2 0.0484391
3 0 0.0121562
3 1 0.00649399
3 2 0.0244545
3 3 0.0168361
4 0 0.00416483
4 1 0.00258013
4 2 0.00702225
4 3 0.00603053
4 4 0.00343676
5 0 0.020427
5 1 0.010255
5 2 0.0344076
5 3 0.0180233
5 4 0.00525974
5 5 0.0277254
6 0 0.00660055
6 1 0.00387
6 2 0.0132356
6 3 0.00681086
6 4 0.0017053
6 5 0.0106024
6 6 0.00645999
7 0 0.026861
7 1 0.0120925
7 2 0.0456819
7 3 0.0267753
7 4 0.00927207
7 5 0.0339136
7 6 0.0125017
7 7 0.0511921
8 0 -0.00488584
8 1 -0.00315172
8 2 -0.00477361
8 3 -0.00128314
8 4 -0.000525022
8 5 -0.00550964
8 6 -0.000603705
8 7 -0.00556812
8 8 0.00820504
9 0 0.00605135
9 1 0.00280364
9 2 0.013534
9 3 0.00684701
9 4 0.00176383
9 5 0.00985133
9 6 0.00463949
9 7 0.0125659
9 8 0.001114
9 9 0.00619496
SCENARIOS
0 0.53992	1.08792 1.07176 1.14589 1.07147 1.04485 1.11971 1.05636 1.19305 0.979524 1.00392 
1 0.46008	0.879872 0.956276 0.844054 0.919145 0.97113 0.869921 0.937124 0.843215 1.02349 0.936182 
00 0.380353	0.901978 0.926161 0.77653 0.863372 0.946336 0.833024 0.920198 0.718126 1.01567 0.940015 
01 0.619647	1.12738 1.01375 1.21098 1.04115 1.02716 1.15962 1.05901 1.13036 0.98792 1.05413 
10 0.403908	1.16561 1.06253 1.23037 1.11727 1.01789 1.1664 1.11325 1.16875 0.989614 1.06853 
11 0.596092	0.920205 0.984 0.84053 0.896503 0.975863 0.904075 0.945013 0.861393 1.02919 0.972231 
000 0.161619	0.874561 0.879432 0.791775 0.953643 0.970772 0.750949 0.838411 0.883829 1.01251 0.878752 
001 0.0738703	1.1533 1.08631 1.49593 1.21626 1.03447 1.37001 1.13614 1.57058 1.04206 1.19117 
002 0.0516167	0.973334 1.05917 1.53767 1.31095 1.02548 1.27436 1.06277 1.516 1.01839 1.13381 
003 0.112145	1.11475 0.99778 1.19511 1.04158 0.970289 1.05227 1.01119 1.12233 1.14522 1.07016 
004 0.23695	0.884821 0.944921 0.820537 0.871701 0.92297 0.863026 0.979862 0.926766 1.01371 0.968745 
005 0.191225	0.872122 0.973031 1.12426 1.10256 1.03101 0.983606 1.04008 1.16518 0.988022 1.09378 
006 0.0836093	1.16944 1.10308 1.26668 1.11209 1.05842 1.13591 0.966374 1.34928 0.858071 0.990186 
007 0.0889657	0.98776 0.914687 0.95682 1.05375 1.02902 0.840388 0.942069 1.01206 1.1855 1.01883 
010 0.100789	0.900068 0.934832 1.04832 1.04722 0.918145 1.0595 1.08617 0.978411 0.975899 1.14382 
011 0.188905	1.24875 1.1073 1.49861 1.28666 1.02966 1.2696 1.08501 1.42857 0.912926 1.113 
012 0.0572394	0.972609 0.981722 0.810822 1.1371 1.03924 0.85787 0.863111 1.04736 0.873343 0.833932 
013 0.0881157	1.06461 1.08076 1.1023 1.09675 1.05694 1.12247 1.05011 1.17576 0.882038 1.03264 
014 0.0877869	0.946249 0.979163 1.04813 0.935231 0.907278 0.959511 0.897357 0.907727 0.8882 0.919116 
015 0.141081	0.72741 0.881175 0.708877 0.935619 0.951563 0.734173 0.829822 0.742351 1.06335 0.920138 
016 0.0797764	0.835798 0.987542 0.874421 1.00636 0.947573 0.884294 1.06946 0.895454 1.2558 1.06298 
017 0.256307	1.06321 0.975634 0.854187 1.02128 0.934746 0.905333 0.936516 0.922692 1.05874 1.02657 
100 0.0590324	1.47259 1.11315 1.28692 1.14284 1.05145 1.32131 1.02427 1.36277 0.88325 1.04235 
101 0.218748	0.79359 0.94011 0.728524 0.804121 0.942266 0.815319 0.981874 0.759142 1.15544 1.03366 
102 0.0713555	0.95454 0.984926 0.998695 1.02341 1.07218 1.14371 1.10808 1.1418 1.04186 1.0398 
103 0.0994995	0.953816 1.00425 1.06314 1.12938 1.07318 1.0436 0.95456 1.28283 1.14321 1.11176 
104 0.126783	1.09904 1.03462 1.06165 0.973715 0.995773 1.09057 1.01053 1.1077 0.871219 0.963888 
105 0.0662972	1.16747 1.03394 1.14866 1.03172 1.0109 1.07016 1.02176 1.02452 1.11384 1.04373 
106 0.235269	0.86906 0.89662 0.816552 0.830413 0.969703 0.893117 0.92188 0.859173 0.993862 0.961054 
107 0.123016	1.11414 1.02221 1.59073 1.3027 1.06148 1.28159 1.09216 1.64031 0.938997 1.18203 
110 0.176846	1.08429 0.916794 0.981878 1.13953 1.08067 0.8889 0.935936 0.954102 1.14659 0.973307 
111 0.0562261	1.55568 1.07085 1.41684 1.18001 1.03112 1.31506 1.11457 1.35659 0.875974 1.08159 
112 0.0826253	0.880673 0.922687 0.724711 0.814959 0.929894 0.79082 0.896408 0.757088 0.870275 0.810158 
113 0.157521	1.20218 1.09437 1.05925 1.02454 1.02497 1.08196 1.00564 1.13712 0.843353 0.900985 
114 0.0664357	0.742961 0.865854 0.615471 0.851182 0.926159 0.681825 0.903901 0.654481 1.13349 0.877716 
115 0.146582	0.81928 0.936563 0.839716 0.900076 0.935689 0.815056 0.98349 0.85913 1.01224 0.972148 
116 0.182097	0.981614 0.966551 1.06146 1.09595 1.00653 0.979598 1.06679 1.01459 1.0254 1.05995 
117 0.131668	1.26639 1.12558 1.47469 1.31931 1.07518 1.33756 1.15269 1.48785 1.08644 1.17366 
0000 0.121422	1.21294 1.20636 1.63007 1.11688 1.053 1.54114 1.16038 1.47899 0.833363 1.11795 
0001 0.264236	0.802623 0.954618 0.749847 0.752578 0.934975 0.834278 0.972427 0.68686 0.970739 0.991528 
0002 0.0831576	1.36226 1.12766 0.97252 0.849608 0.992606 1.0258 0.987304 1.12777 0.867312 0.986061 
0003 0.0912926	0.848639 1.02749 1.07911 1.08992 1.0433 1.01242 0.981412 0.993068 0.927376 1.00148 
0004 0.0891835	0.997109 1.03685 1.16644 0.901289 0.960408 1.14588 1.03382 1.05847 0.814681 0.994126 
0005 0.0937029	0.818084 0.810627 0.63797 0.758425 0.950586 0.720428 0.912847 0.529235 1.17812 0.976565 
0006 0.112685	1.12676 1.10295 1.09651 0.980853 0.945326 1.128 1.08218 0.925737 1.07395 1.1981 
0007 0.144321	0.93067 0.976324 1.12324 1.15008 1.12017 1.06634 1.0542 0.963489 1.06838 1.1486 
0010 0.110086	1.01028 0.908736 0.86101 1.00245 1.01207 0.87844 1.05221 0.980386 1.03613 0.977667 
0011 0.13909	1.05299 0.860192 1.1725 1.04816 1.00158 0.891912 1.0035 1.17016 1.20156 1.19211 
0012 0.0929466	0.875671 0.89015 0.808682 0.937008 1.03983 0.721835 0.967439 0.733954 1.16471 0.927064 
0013 0.230059	1.18302 1.03837 1.19391 1.27421 1.09361 1.0233 0.979369 1.17335 0.937832 0.95933 
0014 0.212261	1.05121 1.0607 1.26569 1.09684 0.992207 1.1972 1.1614 1.13436 0.950948 1.05445 
0015 0.0619644	0.884536 0.971398 0.623444 0.874348 1.02675 0.700604 0.919512 0.695819 1.06926 0.843828 
0016 0.100857	0.855845 0.943135 0.807643 0.807983 0.952363 0.836464 1.00065 0.769957 0.926456 0.89268 
0017 0.0527357	1.15426 1.02914 0.919747 1.03692 1.01805 0.98188 1.0468 0.934277 0.839828 0.907704 
0020 0.0698113	1.28641 1.15105 1.53873 1.20873 1.09304 1.40578 1.13185 1.43656 0.909264 1.09581 
0021 0.10566	0.971281 0.921114 1.21279 1.09983 0.969196 1.00508 1.08935 1.13675 1.22325 1.06232 
0022 0.130189	0.850154 1.0038 0.9475 0.978125 1.03796 1.01133 1.05713 1.10731 0.866577 1.06684 
0023 0.14434	1.0988 0.972853 1.23671 1.15358 0.994608 1.16747 1.15692 1.21728 0.978905 1.0108 
0024 0.115094	0.830146 0.910908 0.758796 0.92827 1.06264 0.771203 0.984475 0.823223 1.09355 1.02857 
0025 0.0679245	1.21304 1.1163 1.63996 1.09156 1.15568 1.36342 1.20366 1.28332 0.997202 1.28807 
0026 0.237736	1.27462 1.04637 1.10773 0.985971 1.00707 0.984676 0.942845 1.04241 0.972726 0.977582 
0027 0.129245	0.802425 0.874119 0.816872 0.84049 0.966386 0.761666 0.952009 0.776945 1.16814 0.995504 
0030 0.100738	0.897278 0.907753 0.958359 0.968993 0.987364 0.951609 1.09652 0.95974 1.07712 1.14429 
0031 0.074251	0.968767 0.764031 0.835765 1.00012 1.03026 0.721344 0.982714 0.906583 1.25483 1.05837 
0032 0.261398	1.32421 1.05738 1.13994 1.08973 1.05988 1.13322 1.09321 1.19903 0.919668 0.983758 
0033 0.0798958	0.881007 0.859269 0.724932 0.755532 0.964306 0.778817 0.924926 0.764981 1.13065 0.928039 
0034 0.0898828	1.29475 1.02494 1.60131 1.36664 1.14281 1.38272 1.13372 1.59815 0.955677 1.14087 
0035 0.0699088	0.913519 1.00072 0.905775 1.09306 1.07064 0.951213 0.912338 1.03537 1.01019 1.05041 
0036 0.180634	1.02125 0.90644 0.815858 0.902558 0.951504 0.929565 0.908654 0.771047 0.866675 0.984726 
0037 0.143291	1.35218 0.944316 0.948059 0.983914 1.02124 1.00084 0.978398 1.03842 0.970382 1.09726 
0040 0.203864	1.11375 0.928262 1.052 1.00567 0.969884 1.09694 1.03561 0.901632 0.918808 0.922227 
0041 0.0495273	0.68223 0.851046 0.63155 0.826343 0.940967 0.679815 0.833783 0.621661 1.06634 0.870101 
0042 0.068434	1.03244 0.939028 1.07571 1.13223 1.17755 1.0292 1.02338 1.06365 0.958874 0.964959 
0043 0.167694	0.924034 1.00342 0.922832 1.01304 1.04047 1.00447 1.01648 0.906791 1.12038 1.0519 
0044 0.110974	0.738374 0.876286 0.765275 0.941589 1.00839 0.814457 1.01712 0.651328 1.21385 0.995968 
0045 0.0589807	0.953352 1.00482 0.765755 0.760026 0.920064 0.892846 0.885319 0.715904 0.824359 0.913402 
0046 0.237978	1.22513 1.12499 1.31581 1.11886 1.03927 1.41402 1.06827 1.2585 0.840059 0.962153 
0047 0.102548	0.854455 0.940122 0.742605 0.954754 1.00072 0.798944 0.916084 0.694474 0.95229 0.845993 
0050 0.159409	1.11351 1.12972 0.898092 0.881158 0.978683 1.07125 1.02183 0.901258 0.94984 0.844205 
0051 0.0952381	0.807025 0.946632 0.674398 0.871118 0.9423 0.89409 0.886128 0.694926 0.983675 0.888048 
0052 0.225108	0.989032 1.06151 0.946599 0.947639 0.952671 1.04068 1.12206 0.896082 1.21305 1.00963 
0053 0.136746	1.00876 1.08171 1.2739 1.01664 0.927336 1.32111 1.1666 1.11031 0.959169 1.00083 
0054 0.0842883	0.969161 1.0615 1.04965 0.961212 1.04168 1.0961 0.993542 1.0862 1.01384 1.03371 
0055 0.0623886	1.34051 1.0946 1.40375 1.32581 1.19605 1.39918 1.13434 1.63358 0.88775 1.02412 
0056 0.0667176	1.11127 1.01298 1.2178 1.19493 1.04609 1.23742 1.10556 1.37313 1.12324 1.088 
0057 0.170104	0.878436 0.938689 0.857526 0.947755 0.963569 0.889451 0.961191 0.905843 1.13421 0.961969 
0060 0.140361	1.20643 0.965527 0.79071 0.937037 0.989984 0.856683 0.90239 0.837334 0.961655 0.914932 
0061 0.154921	1.06288 1.00628 1.04106 1.05211 0.949211 1.11323 1.03504 1.03191 0.872605 0.988651 
0062 0.159581	1.16261 1.09446 1.4045 1.1935 1.02654 1.30409 1.08986 1.31877 0.947683 1.10945 
0063 0.0500874	0.798864 0.859092 0.916165 1.01496 0.987774 1.01398 0.992035 1.12872 1.13729 0.988196 
0064 0.171811	0.983759 0.971214 1.18233 1.09759 1.02695 1.07818 1.07293 1.10782 1.02337 1.01175 
0065 0.0611532	0.73598 0.822953 0.668916 0.779508 0.870481 0.768528 0.859579 0.644994 1.07062 0.992262 
0066 0.18346	0.925363 0.928992 0.906368 0.953888 0.926019 0.909932 0.975962 0.851137 1.17167 0.974844 
0067 0.0786255	0.810344 0.900084 0.809345 0.887075 0.906166 0.905514 1.02833 0.796671 1.01212 0.972428 
0070 0.141215	1.26831 1.23966 1.3905 1.11787 1.15153 1.28426 1.0793 1.52486 0.865777 0.963051 
0071 0.0963328	1.02408 1.02245 0.958576 1.13159 1.10564 1.05863 1.00124 1.2112 0.963617 0.923436 
0072 0.0771757	0.912186 0.932326 0.788502 0.921699 0.983596 0.877971 0.958697 0.917343 1.02321 0.970486 
0073 0.0793651	0.954501 1.00729 1.37669 1.19006 1.06506 1.20914 1.03854 1.19601 1.05266 1.14971 
0074 0.315818	1.11698 1.10356 0.935578 0.902437 0.99307 1.07827 0.922868 0.996059 0.914655 1.04037 
0075 0.128079	0.718462 0.857143 0.730869 0.821474 0.84159 0.858041 0.963225 0.70196 1.12478 0.931508 
0076 0.0782704	1.01016 0.955709 1.02915 1.01457 1.00895 1.04638 1.07289 1.05244 1.23302 1.09866 
0077 0.0837438	0.836614 0.963777 0.871652 0.911117 0.973826 0.806611 0.876815 0.872194 1.09368 0.9339 
0100 0.0688019	0.798957 1.08205 0.987489 0.931602 1.02134 0.882892 1.02276 0.864974 1.0541 0.804855 
0101 0.061981	1.30867 1.13275 1.27523 1.16487 1.18259 1.06066 1.05858 1.27426 1.12404 1.05675 
0102 0.249703	0.852357 0.994533 0.771275 0.764553 0.976527 0.788462 0.924519 0.789465 1.04879 0.866405 
0103 0.14739	1.00168 1.09165 0.967378 1.02433 0.984452 0.923067 0.946147 0.94275 1.12052 0.920398 
0104 0.127224	1.03765 1.11603 0.977379 1.0374 1.0739 0.969776 1.07717 0.980133 1.05443 1.02147 
0105 0.199881	0.942157 1.08206 1.19879 1.10229 1.08372 1.04044 1.00156 1.10657 1.00205 1.0632 
0106 0.0860024	1.12126 1.14613 1.58329 1.26412 1.07237 1.36465 1.15523 1.47292 0.988896 1.09794 
0107 0.0590154	0.928895 0.93478 0.817448 0.89403 0.951434 0.767914 0.910601 0.855734 1.11732 0.872631 
0110 0.155222	1.27504 0.988344 1.47143 1.22083 1.07226 1.411 1.18725 1.55374 1.1199 1.24231 
0111 0.224684	0.971893 1.0276 0.902146 1.03221 1.08177 0.977153 1.01168 0.98335 0.967412 0.965548 
0112 0.151424	0.700279 0.963994 0.750393 0.900193 0.9735 0.826741 0.95613 0.883809 1.11017 0.939762 
0113 0.0865506	0.961825 1.0705 1.1605 1.21621 1.10528 1.23163 1.01085 1.4127 0.944365 1.05105 
0114 0.184652	1.08832 0.975322 1.06922 0.955681 0.961544 1.12166 1.05586 1.12396 1.10816 1.11561 
0115 0.0808544	0.754457 0.891936 0.865659 0.995909 0.960923 0.904415 1.0077 1.0018 1.26516 1.05344 
0116 0.0598101	0.847423 0.930284 0.620532 0.776607 0.963609 0.740789 0.918778 0.659422 1.06741 0.92574 
0117 0.0568038	1.02156 0.924071 0.738249 0.958962 1.02388 0.906801 0.973543 0.814863 1.14864 1.04082 
0120 0.1953	0.922659 1.01253 0.830663 0.886533 1.0404 0.90623 0.957722 0.985682 1.1821 1.06193 
0121 0.0522193	1.01256 1.14929 1.20024 1.23086 1.18043 1.10981 1.04087 1.45239 1.19089 1.1894 
0122 0.120627	0.945074 0.986733 0.994358 0.889646 0.971292 1.04415 0.928499 0.966945 1.01347 1.07928 
0123 0.112272	0.795759 1.03139 1.08862 0.892903 0.927294 1.02466 1.12315 0.982105 1.03891 1.05142 
0124 0.0725849	1.44168 1.12907 1.2288 0.968052 1.05473 1.22647 1.03298 1.22533 0.998713 1.0899 
0125 0.139426	1.14672 1.18373 1.47529 1.1542 1.078 1.39407 1.16343 1.33347 1.06124 1.3 
0126 0.0704961	1.09992 1.08588 1.30233 1.00728 1.06465 1.21217 1.00596 1.24167 0.858575 1.08607 
0127 0.237076	0.823189 0.993627 0.770265 0.764096 0.960893 0.858011 0.949087 0.724901 0.996793 1.01363 
0130 0.191995	0.890613 1.01636 0.892611 1.01076 0.954037 0.960233 1.0227 0.995892 0.948889 1.01893 
0131 0.0956581	1.23231 1.00754 0.764757 0.919473 0.936866 0.932739 0.97885 0.769022 0.911856 0.955674 
0132 0.130936	1.28698 1.06375 1.0102 1.11485 0.940912 1.0679 0.990331 1.11769 0.911962 0.984513 
0133 0.0681818	1.06017 1.03997 1.24609 1.12289 0.988445 1.22002 1.00995 1.24049 0.89141 0.970954 
0134 0.0552917	1.00623 1.05736 1.38976 1.31542 0.988347 1.30821 1.08065 1.28917 0.930478 1.04128 
0135 0.0518996	1.42043 1.08136 1.57661 1.27555 0.944655 1.32211 1.09493 1.41696 0.996759 1.05641 
0136 0.203867	0.903969 0.957272 0.702272 0.831582 0.863544 0.777954 0.895847 0.682355 0.980183 0.974609 
0137 0.202171	1.19503 1.01006 1.12627 1.07127 1.00865 1.01174 1.06994 1.05977 1.07093 1.02965 
0140 0.210078	0.846133 0.939991 0.761043 0.855234 0.990132 0.785905 0.935262 0.761637 0.941029 0.991418 
0141 0.0582227	1.0514 1.15572 1.03847 1.27851 1.18558 1.10509 0.960365 1.37107 0.802369 0.941368 
0142 0.189309	1.24121 0.930031 1.11874 1.08533 1.02983 1.10865 1.02123 1.26788 0.937687 1.0293 
0143 0.082397	1.10786 0.927015 1.01822 1.03086 1.00184 0.903175 1.03328 1.0332 1.16861 1.00795 
0144 0.165134	1.3735 1.11792 1.45274 1.27586 1.09692 1.34501 1.14763 1.38462 1.04763 1.31022 
0145 0.0687777	1.27417 1.02081 0.917983 0.955723 0.976494 0.982307 1.00731 1.03134 1.0098 1.07661 
0146 0.0834185	1.13044 0.994834 0.696678 0.899431 0.952493 0.866417 0.902246 0.917534 0.905274 0.99233 
0147 0.142663	0.941003 0.910096 0.818751 1.03941 1.00394 0.928512 0.982339 0.97735 1.06509 1.14514 
0150 0.258898	1.18865 1.00435 1.37613 1.06424 0.944223 1.27533 1.09551 1.21716 0.955886 1.09285 
0151 0.0722458	0.851177 1.05632 0.971779 0.985054 0.997928 0.977055 1.1059 0.98341 0.844915 0.948287 
0152 0.222034	0.982586 0.884132 1.02824 0.95723 0.955438 0.888665 1.04996 1.06238 1.19784 1.10714 
0153 0.133686	1.06676 0.977199 1.01001 0.895793 0.922738 1.00984 0.967561 0.899906 0.866644 1.03537 
0154 0.0527542	0.834843 0.843532 0.559131 0.710852 0.872471 0.692705 0.909968 0.494417 0.977418 0.87682 
0155 0.0800847	0.821807 0.976701 0.666375 0.888797 1.03162 0.77656 0.932601 0.770845 1.15154 0.962107 
0156 0.0610169	1.13765 1.05799 0.858702 0.876949 1.01465 0.86161 0.963177 0.857079 0.885759 0.875712 
0157 0.11928	0.851802 0.877858 0.787406 0.774655 0.918763 0.836011 1.09165 0.719533 1.07606 0.970502 
0160 0.180967	1.1705 0.968656 1.37301 1.31614 1.14018 1.16101 1.06168 1.382 1.03907 1.15108 
0161 0.130386	1.27816 1.07963 1.47462 1.26178 1.04379 1.39476 0.985574 1.48437 0.888946 1.22959 
0162 0.0910453	0.884065 0.962734 1.16649 0.989944 0.985735 1.01084 1.0316 0.90853 1.01923 1.0707 
0163 0.0741851	0.808189 0.861882 0.749534 0.822279 0.939391 0.8733 1.01229 0.789798 1.07561 0.998276 
0164 0.209816	0.909519 0.894323 0.846496 0.932322 0.990915 0.878807 0.938893 0.903919 0.960167 0.964008 
0165 0.133009	0.931123 0.832164 0.79975 0.96706 1.02758 0.769075 0.909648 0.83148 1.15977 0.970884 
0166 0.0580742	1.10015 0.877386 1.00603 0.99201 1.01837 0.920368 0.885905 0.893123 1.04859 1.03038 
0167 0.122518	1.12142 0.963853 0.933696 0.946907 1.00482 1.07827 1.02962 0.930423 0.82842 1.03186 
0170 0.194286	0.940634 0.985176 1.02705 0.956203 1.05766 1.00998 1.01742 1.1734 0.991905 0.928368 
0171 0.103207	1.00785 1.08944 1.37505 1.13661 1.06672 1.19106 1.0947 1.32609 0.877404 1.05759 
0172 0.169913	1.00166 0.986419 0.78324 0.800556 0.978551 0.814011 0.862067 0.796313 0.91769 0.885526 
0173 0.0460641	1.21726 1.08557 1.6238 1.33759 1.15438 1.3992 1.11289 1.62538 1.01585 1.25126 
0174 0.212478	0.904102 0.956461 0.845717 0.857914 1.00162 0.844786 1.01793 0.788952 1.11904 0.92853 
0175 0.0482799	0.972511 1.04281 1.1578 0.920782 0.980168 1.09184 0.988631 1.01492 0.949697 1.0063 
0176 0.168397	0.844208 1.04505 0.787909 0.924381 1.02527 0.958472 1.00731 0.806233 0.899945 0.919104 
0177 0.0573761	1.42612 1.09439 1.18768 0.986444 1.10569 1.11458 1.0631 1.22765 0.85659 0.92269 
1000 0.245214	1.04027 1.01497 0.931913 0.919541 0.973527 0.935884 0.988225 0.971867 1.03885 0.966458 
1001 0.12124	0.91524 0.938681 0.794905 0.809835 0.93436 0.780864 1.00051 0.792794 1.01304 0.851256 
1002 0.235187	1.24204 0.981919 1.28261 0.984617 0.970769 1.08932 1.05842 1.23499 0.975429 1.06217 
1003 0.0638104	0.932794 0.872363 0.768692 0.799829 0.962179 0.768094 0.890924 0.731443 1.14651 1.05673 
1004 0.0665451	0.836987 1.02989 1.20931 1.02186 1.08357 1.01247 1.12045 0.982089 1.06739 1.09866 
1005 0.0811304	0.769569 0.976165 0.592489 0.767496 0.902299 0.77368 0.942634 0.600637 1.02775 0.849778 
1006 0.122151	0.893063 0.998918 0.873029 1.06236 1.09625 0.850691 1.0927 0.931061 1.2112 1.0217 
1007 0.064722	0.846029 0.918958 0.846515 0.917591 0.986961 0.840969 0.894488 0.840142 1.01502 0.92107 
1010 0.15941	1.18303 1.03893 1.03253 0.929607 1.06563 1.14847 1.05165 0.956781 0.931527 0.994352 
1011 0.0361624	1.17648 0.924757 1.35506 1.32393 1.10219 1.10817 0.957329 1.47998 0.962362 0.98873 
1012 0.174662	0.822749 0.845539 0.753206 0.954695 0.965383 0.775195 0.899249 0.807811 1.12348 0.945694 
1013 0.161132	0.812685 0.942335 0.890993 1.02093 1.07358 0.78988 0.921731 0.94799 1.06803 0.892369 
1014 0.165314	0.891113 0.908611 0.77423 0.803779 0.909346 0.909021 0.908491 0.742579 0.853326 0.895432 
1015 0.138745	1.2268 1.0489 1.48052 1.29739 1.09087 1.253 1.10731 1.46493 1.06788 1.08967 
1016 0.100615	0.865506 1.03245 1.23413 1.19577 1.05813 1.13987 1.05259 1.15815 1.04272 1.02647 
1017 0.0639606	0.902276 1.05178 1.13526 1.1501 1.14872 1.15589 0.974769 1.23594 0.897319 0.977446 
1020 0.0935143	1.27978 1.17981 1.37792 1.389 1.15415 1.23272 1.10059 1.5161 1.06232 1.147 
1021 0.0822021	1.10369 1.11693 1.44611 1.22714 0.931945 1.11908 1.08106 1.23155 1.0049 1.04433 
1022 0.149321	0.796932 0.979383 0.769772 0.972703 0.910644 0.753645 1.0253 0.752317 1.06673 0.948868 
1023 0.229261	0.95025 1.06657 1.03195 1.01418 1.02639 0.957737 0.940741 1.07065 0.932445 1.02492 
1024 0.116139	0.88457 0.973786 1.11646 1.14642 0.97809 0.948076 1.05913 1.07245 1.06278 1.147 
1025 0.155354	1.15838 1.0871 1.12665 1.07539 1.01768 1.05766 1.01738 1.14233 0.970756 1.10716 
1026 0.0859729	0.887962 1.04921 0.702506 0.963378 1.03709 0.704642 0.868446 0.659664 1.17059 0.960386 
1027 0.0882353	0.928998 1.1168 0.724452 0.927923 1.04124 0.716484 0.884328 0.715275 0.870002 0.806057 
1030 0.0984316	0.850565 1.02019 0.799451 0.850788 1.01402 0.780739 0.932801 0.654165 0.968904 0.855321 
1031 0.193618	1.22114 1.05201 1.3902 1.18735 0.957886 1.36656 1.03716 1.28862 0.867252 0.960872 
1032 0.192537	0.967506 1.03167 1.18118 1.07625 0.998024 1.06273 1.14626 0.981293 1.14542 1.02994 
1033 0.055165	0.568642 0.898189 0.741317 0.741629 0.872517 0.735382 0.975786 0.555983 1.14425 0.928404 
1034 0.0897783	0.963566 0.960173 0.849212 0.920303 1.07597 0.844128 0.934462 0.793457 1.10528 0.848352 
1035 0.0795024	1.21463 0.954382 1.0183 0.982533 0.961548 0.919764 1.00679 0.83663 1.11855 0.942379 
1036 0.0962683	0.976751 1.01694 1.23047 1.13078 1.09538 1.14826 1.01327 1.09006 0.905769 0.940149 
1037 0.1947	0.933089 0.972499 0.98835 0.913516 0.988674 0.953068 1.00933 0.860258 0.858338 0.897797 
1040 0.132428	1.33794 1.11754 1.47635 1.26836 1.10572 1.34197 1.06123 1.46538 0.851634 1.05851 
1041 0.0623939	1.05521 1.12112 1.05852 0.977462 1.00872 1.10446 1.05402 0.994554 0.918168 0.990242 
1042 0.0891341	0.813103 0.913009 0.905169 0.841689 0.987774 0.800163 0.952972 0.869651 1.14616 1.00954 
1043 0.103141	1.11945 1.02347 1.1294 1.04877 1.00172 0.996079 0.868539 1.0437 0.876513 0.962405 
1044 0.124788	0.906581 1.03402 1.26932 1.15502 1.02725 1.15765 1.04875 1.09808 1.04239 1.0589 
1045 0.0797963	0.822283 0.988776 0.934885 1.11625 1.05697 0.998955 0.903583 1.06608 0.906374 0.875909 
1046 0.227929	0.704958 0.951702 0.722236 0.893585 0.936088 0.85326 0.90999 0.639648 0.939649 0.949173 
1047 0.18039	0.765817 0.951705 1.07093 1.01459 0.94559 0.924921 1.05357 0.97897 1.05881 1.0843 
1050 0.0600649	0.840336 0.912149 0.860044 0.921578 0.981592 0.873677 0.947816 0.9644 0.858568 0.976534 
1051 0.215097	1.08241 1.00167 1.37373 1.15591 1.07731 1.27259 1.11228 1.42862 0.911355 1.19929 
1052 0.0608766	1.08706 0.925563 1.22206 0.999268 0.944446 1.23001 1.10651 1.34196 0.878593 1.12226 
1053 0.129058	0.785293 0.907596 0.797989 0.765226 0.904561 0.85115 1.04581 0.796633 0.97801 1.11817 
1054 0.243506	0.899345 0.899029 0.948478 0.999543 0.971214 0.909083 1.00906 1.02454 1.04979 0.951084 
1055 0.0787338	0.928067 0.786968 0.642176 0.806413 1.00934 0.736754 0.886622 0.689324 1.06782 0.998377 
1056 0.105519	1.11569 0.939215 1.00143 0.881437 1.02934 0.948762 0.941313 1.13181 0.950635 0.97896 
1057 0.107143	0.940428 1.01425 0.968462 0.903184 0.943291 1.07443 1.02315 0.94818 0.858076 1.06782 
1060 0.142955	1.22444 1.08323 1.11942 1.03295 0.956322 1.12066 1.09073 1.06609 0.978676 1.13791 
1061 0.0592406	1.48015 1.00684 1.09059 1.13638 0.999289 1.06627 0.989441 1.18096 1.07383 1.09194 
1062 0.0988106	1.40475 1.1661 1.43986 1.28438 1.0667 1.28767 0.979908 1.34379 0.923452 1.07486 
1063 0.112534	1.12298 1.1173 1.02376 1.17154 1.03993 0.995291 1.07026 0.970479 0.932643 0.919212 
1064 0.0919488	1.07142 1.11094 1.25215 1.50398 1.06361 1.25543 1.10387 1.50528 1.01426 1.1052 
1065 0.133806	0.895061 1.03472 0.725152 0.881138 0.943803 0.758885 0.932329 0.759918 0.879914 0.946512 
1066 0.188243	1.05501 1.00122 0.921944 0.955925 0.940855 0.872189 0.944863 0.765177 1.10591 0.964879 
1067 0.172461	0.962119 0.988538 0.831032 1.00644 0.982952 0.885244 0.865838 0.905795 0.919959 0.869107 
1070 0.305774	0.827485 0.98765 0.798136 0.975877 0.998619 0.910225 0.906372 0.844281 1.04376 0.880607 
1071 0.0901137	0.854463 0.969236 0.866607 0.913878 1.01558 0.929271 1.04529 0.791314 1.22837 1.11594 
1072 0.0656168	0.650306 0.968155 0.627693 0.737198 0.956332 0.731286 0.875593 0.641831 1.0342 0.951459 
1073 0.0892388	1.1757 1.14651 1.1962 1.07107 1.0633 1.2959 1.12086 1.0958 1.1977 1.24851 
1074 0.156168	1.12305 1.20868 1.11812 1.07152 1.08291 1.29396 1.05152 1.2378 0.907502 0.910483 
1075 0.144794	1.2011 1.03851 0.957296 0.882025 0.921766 1.07267 0.999201 0.889449 0.9888 0.900254 
1076 0.0857393	1.55259 1.16746 1.58926 1.15032 1.001 1.50336 1.13889 1.42403 0.853514 1.08248 
1077 0.0625547	1.34346 1.02121 1.07791 1.10363 1.10869 1.17468 0.98445 1.21358 1.04026 1.08569 
1100 0.13299	0.783504 1.00912 0.82333 0.822662 0.929898 0.849577 0.933893 0.816724 0.934052 0.846906 
1101 0.169691	1.17384 1.06767 1.0447 1.02213 1.01181 1.2285 1.02343 1.23628 0.902554 1.08231 
1102 0.124124	1.04835 1.14341 1.47992 1.10854 0.99415 1.32162 1.20814 1.43562 0.99811 1.18054 
1103 0.106804	1.17265 1.01863 0.924003 0.833144 0.854575 1.00849 1.05998 1.06983 1.04991 1.0968 
1104 0.0696907	0.860963 0.864527 0.640566 0.73606 0.881358 0.703515 0.866348 0.682792 1.0287 0.884627 
1105 0.124742	0.725477 0.942446 0.95193 0.889634 0.914471 0.949176 1.00254 0.899476 1.2901 1.02061 
1106 0.203093	0.794657 0.957851 0.837923 0.927275 0.938434 0.923288 1.04244 0.813146 1.04496 1.03059 
1107 0.068866	1.06396 1.09054 1.25944 1.04706 1.02587 1.24929 1.04314 1.36486 0.813647 1.0089 
1110 0.0531777	1.03799 0.996172 1.22947 1.10608 0.921043 1.18289 1.0966 1.10752 1.03101 1.00264 
1111 0.154345	1.05764 1.00489 0.789399 0.870183 1.04179 0.889724 1.01174 0.89791 1.20018 0.981882 
1112 0.151751	0.824577 0.940234 0.815077 0.848962 0.924272 0.848128 0.929133 0.82279 1.05586 1.00411 
1113 0.0745785	0.938006 0.879135 0.63149 0.72216 0.972687 0.660611 0.820111 0.596678 1.14382 0.804436 
1114 0.107004	1.35503 1.0918 1.03419 1.1747 1.12324 1.13124 0.947761 1.27224 1.061 1.08134 
1115 0.164073	1.00692 1.02427 0.938694 1.03544 1.06282 0.96886 0.938663 0.962386 0.900244 0.870812 
1116 0.177043	0.906185 0.95028 1.03539 1.04515 1.00514 0.972546 1.03757 1.15738 1.02003 1.05264 
1117 0.118029	1.3336 1.15119 1.37257 1.10984 1.10397 1.35347 1.08729 1.4225 0.889429 1.12209 
1120 0.162401	1.06499 0.994535 0.876314 0.948822 1.05124 0.849605 0.912933 0.908236 0.943962 0.88343 
1121 0.105472	0.865651 0.866634 0.552209 0.788829 0.93412 0.662049 0.847802 0.576861 1.06276 0.89654 
1122 0.0816417	0.820087 0.921518 1.02544 0.932551 0.900302 0.954284 1.03855 0.874498 1.12277 1.12945 
1123 0.178288	1.0178 1.05271 1.09403 0.989894 1.04858 1.09443 1.05121 0.977572 0.908848 1.09861 
1124 0.0997352	1.07976 0.895394 0.810631 0.980199 1.02682 0.794733 0.920104 0.96528 1.10303 0.963482 
1125 0.15534	1.06081 0.978193 0.854842 0.922757 0.97847 1.00539 1.01875 0.82567 1.02664 0.978992 
1126 0.12489	1.40688 1.11452 1.46948 1.21691 1.06285 1.3299 1.09001 1.26831 0.921574 1.14032 
1127 0.092233	0.80782 0.851265 0.766861 0.981398 0.941892 0.767935 0.925452 0.793248 1.21299 1.06373 
1130 0.109722	1.33135 1.00431 0.984582 0.955341 0.956727 1.05086 1.05958 1.03192 1.0464 1.15309 
1131 0.0555556	1.49298 1.0923 1.62086 1.26269 1.07358 1.31888 1.06528 1.78486 0.886081 1.00632 
1132 0.143981	0.864693 0.90022 0.920648 0.969829 1.05631 0.884642 0.98371 0.866822 0.927917 1.04666 
1133 0.180556	0.921971 0.907298 0.884387 0.857413 0.921585 0.92398 0.97562 0.7863 1.14749 1.04127 
1134 0.228935	1.06224 1.0168 1.20662 1.0851 1.05832 1.08271 0.998104 1.13029 0.94137 1.1102 
1135 0.0865741	0.909395 0.873216 0.696683 0.7958 0.865531 0.755843 0.85667 0.592831 0.920418 0.908001 
1136 0.140741	1.02092 0.974647 1.45114 1.25019 1.04775 1.23766 1.11999 1.34426 1.0473 1.21247 
1137 0.0539352	1.15998 0.831091 0.890635 0.949721 0.955181 0.871902 0.893137 0.966393 1.08846 0.990097 
1140 0.0746432	0.831337 0.964051 1.11224 0.969298 0.971583 1.09642 1.15726 0.953971 0.855674 1.0318 
1141 0.0976948	1.04145 0.994386 1.19334 1.15707 1.08159 1.17504 1.08031 1.20754 1.07327 1.06772 
1142 0.149835	0.823789 1.03946 1.11035 1.05689 1.06304 1.02705 0.913294 1.11597 0.860081 0.93863 
1143 0.197585	1.09012 1.0854 1.20039 1.04632 1.0594 1.18386 1.00185 1.15322 0.864125 1.10859 
1144 0.0609221	0.914226 0.963158 0.69995 0.829481 0.939336 0.904117 0.994558 0.664169 0.869418 1.01552 
1145 0.165203	0.787253 0.95183 0.820001 0.878179 1.00119 0.774409 0.983819 0.627249 1.1435 0.917274 
1146 0.145993	1.18332 1.06338 1.09037 1.04545 1.10437 0.994597 0.975303 0.999565 1.00718 0.932582 
1147 0.108123	0.772999 0.842909 0.642066 0.75109 0.927252 0.663465 0.81931 0.76089 1.02305 0.917525 
1150 0.173881	0.883474 0.943733 0.953257 0.859253 0.938827 0.938629 1.04376 0.75677 1.11517 1.04492 
1151 0.0763682	1.4454 1.02779 1.42179 1.1747 1.01187 1.39138 1.14452 1.3143 0.951157 1.10009 
1152 0.0975124	1.22278 0.902934 0.812021 0.937256 1.02266 0.873862 0.995456 0.798453 1.11892 0.958387 
1153 0.128109	0.964636 0.969381 1.22546 1.12568 1.03091 1.12619 0.972601 1.12889 1.04347 1.00726 
1154 0.079602	1.25646 1.00942 1.46923 1.12722 1.03458 1.24306 1.03011 1.20394 0.975844 1.08524 
1155 0.080597	0.983063 0.900767 0.83643 0.913606 0.94104 0.952731 0.857977 0.751108 1.07044 0.974692 
1156 0.291791	1.11525 0.968475 0.948621 0.97359 1.03603 1.05885 1.01954 0.974756 0.917663 0.928021 
1157 0.0721393	0.787148 0.781761 0.649608 0.793358 0.900082 0.704061 0.889885 0.541705 1.24197 0.909148 
1160 0.120144	0.892063 1.07371 1.04814 1.0491 1.02197 1.06416 0.99754 1.07674 0.876974 0.905909 
1161 0.173408	0.947427 0.971109 0.994762 0.90135 0.982387 0.959217 0.946375 0.955703 1.01994 1.0071 
1162 0.0899079	1.11489 1.14313 1.44047 1.19911 1.08716 1.409 1.18733 1.447 0.957579 1.1006 
1163 0.242091	1.19538 1.07194 1.22592 1.08176 1.03575 1.19864 1.03843 1.17565 1.00194 1.05873 
1164 0.092511	0.834118 0.955466 0.706085 0.763385 0.905814 0.802252 0.891928 0.612438 0.975386 0.832236 
1165 0.0903084	1.21983 1.00474 0.915516 0.826595 0.944894 1.03906 1.06471 0.924924 0.978394 0.964604 
1166 0.0935122	0.853175 0.875609 0.806694 0.881865 0.921218 0.85942 0.989316 0.702976 1.18759 0.968424 
1167 0.0981177	0.904207 0.983226 0.855353 0.902444 1.03252 0.981104 0.922216 0.910265 0.843514 0.913311 
1170 0.129881	1.14405 0.887473 1.20071 0.990835 0.983763 1.08659 1.05604 1.09053 1.07848 1.01443 
1171 0.0936029	1.34003 0.983939 1.17583 1.09086 1.03204 1.14591 0.951382 1.34443 0.9353 1.01616 
1172 0.172528	0.884013 0.933075 1.09107 1.02379 1.01997 1.01089 0.985786 0.951271 0.859733 0.927669 
1173 0.0767101	1.40755 1.05488 1.66497 1.31415 1.10664 1.4372 1.07755 1.49228 0.827556 1.01842 
1174 0.0509554	1.29816 1.11548 1.33707 1.00669 1.01212 1.20265 0.959418 1.44356 0.826921 0.990707 
1175 0.227084	0.879714 0.856818 0.739406 0.933053 1.03835 0.764751 0.872691 0.810947 1.09148 0.857783 
1176 0.127942	0.909122 0.919778 0.836288 0.917525 0.940413 0.904816 0.956469 0.761462 0.916415 0.891037 
1177 0.121296	1.16522 0.923065 0.938487 0.853886 0.968519 0.949121 1.00319 0.927191 1.00846 1.01697 
BOUNDS
LWPS R    0.0  0.0  0.0  0.0  0.0  0.0  0.0  0.0  0.0  0.0
UWPS R    0.5  0.5  0.5  0.5  0.5  0.5  0.5  0.5  0.5  0.5
LXAS R   -0.5 -0.5 -0.5 -0.5 -0.5 -0.5 -0.5 -0.5 -0.5 -0.5
UXAS R    0.5  0.5  0.5  0.5  0.5  0.5  0.5  0.5  0.5  0.5
END
