ASSETS 10
STAGES 4
COVARIANCE
5.319952618174869
-0.1451653236514824 7.420517787775054
-5.916571623916919 6.586944260141224 15.693243939182901
0.8721688818897639 -0.9986695690943937 -2.7299547446941763 6.554020354755235
5.616937188297201 10.742767563156816 5.489495577528395 -1.8512410042872174 53.597881070562956
4.146709963404528 -0.30927388267332223 -6.661911284827569 1.1567705593945679 4.814401072385996 6.871140020229145
-1.427451707702036 3.660975239217748 4.985487926343192 -1.438070640097997 3.169551021771188 -0.7106816731791707 2.8524417781515847
-3.0853671309679176 3.3036517568568753 7.531116292196811 -0.05435913915449566 4.935242950040663 -4.0565634966472475 1.9146821186909009 5.340880755897397
1.9755791488739862 0.9596258500178816 -1.8187078261198375 0.5927979595312868 7.017316022486231 3.275399660394756 -0.11579603562097297 -0.9723154184091608 2.4685593496661267
-2.3866005036363207 0.8071675458175176 4.236893145468973 -0.12445731786339546 5.159821174841418 -4.114838290036052 -0.049960218931774505 4.162811113345739 -0.8545353085860046 6.92802860935383
INITIAL
27.74 57.53 49.88 92.14 192.4 20.64 36.73 36.6 27.06 68.52
GROWTH
-0.003734935942747511 0.0017211396389715525 0.0053561407235840925 -0.000450092404133462 6.346124644385674e-05 -0.006266012519237193 0.001900120174380245 0.004028947023472741 -0.0020702297163519333 0.001369210530401529
BRANCHING
2 2 8 8
END
