NAME moment_estimation_cluster
ASSETS 10
BENCHMARKS 0.1 0.1 0.1 0.1 0.1 0.1 0.1 0.1 0.1 0.1 
COVARIANCES
0 0 0.0141628
1 0 0.0124889
1 1 0.017002
2 0 0.00559298
2 1 0.00798556
2 2 0.00696814
3 0 0.00632357
3 1 0.00551955
3 2 0.0040338
3 3 0.00649469
4 0 0.0066602
4 1 0.00555856
4 2 0.00277006
4 3 0.00479457
4 4 0.00503179
5 0 -0.00205146
5 1 6.62622e-05
5 2 0.00175358
5 3 0.000574917
5 4 -0.000806573
5 5 0.00463347
6 0 -0.00283685
6 1 -0.00417882
6 2 -0.00124789
6 3 0.000552489
6 4 -0.000322779
6 5 0.00137959
6 6 0.00246956
7 0 -0.00794823
7 1 -0.0134686
7 2 -0.00566209
7 3 -0.000218344
7 4 -0.00126527
7 5 0.00107127
7 6 0.00549059
7 7 0.0164525
8 0 -0.00643159
8 1 -0.00579985
8 2 -0.000524816
8 3 -0.000522412
8 4 -0.00242659
8 5 0.00434395
8 6 0.0032656
8 7 0.00640378
8 8 0.00721942
9 0 -0.00184408
9 1 -0.00384775
9 2 -0.000650558
9 3 0.000633138
9 4 0.000261833
9 5 0.000675475
9 6 0.00199484
9 7 0.00525051
9 8 0.00245814
9 9 0.00247813
SCENARIOS
0 0.37377	1.11228 1.1074 1.05942 1.08994 1.06684 0.994609 1.01537 1.00356 0.98165 1.01611 
1 0.62623	0.928613 0.956275 0.956441 0.953158 0.961588 0.988649 1.02839 1.03336 1.03952 1.01114 
00 0.549937	0.877609 0.94259 0.934749 0.935695 0.944539 1.03387 1.00128 1.00002 1.05548 0.981814 
01 0.450063	1.13892 1.09003 1.05695 1.05941 1.06478 0.992866 0.990542 0.974069 0.980002 1.00675 
10 0.585775	1.00628 1.07479 1.07357 1.0141 1.00131 1.01753 0.978065 0.914231 0.988979 0.960736 
11 0.414225	0.939017 0.852233 0.929752 1.00715 0.996495 1.01841 1.03815 1.19729 1.03094 1.05861 
000 0.128631	0.995139 0.960353 0.974391 0.945529 0.975628 0.90655 0.980755 0.938628 0.936301 0.977138 
001 0.0828022	0.835006 0.681844 0.891077 0.889385 0.889633 0.933595 1.06796 1.41854 1.10003 1.08374 
002 0.04072	1.03496 1.06198 1.01745 0.857269 0.901436 0.809082 0.850776 0.75559 0.844677 0.894733 
003 0.173924	1.3248 1.15608 1.05053 1.08921 1.10196 0.955417 0.947392 0.930046 0.912014 0.986485 
004 0.161615	1.05745 0.835341 0.971917 1.0723 1.07244 0.981296 1.0791 1.22927 1.01291 1.11272 
005 0.202238	0.994796 0.9394 1.05234 1.02277 0.971146 1.09273 1.05596 1.08793 1.11796 1.05468 
006 0.0723911	0.901835 0.818243 0.916681 0.888622 0.906821 0.953459 0.996687 1.1064 0.965331 1.00639 
007 0.137679	1.11628 1.17908 1.17664 1.01624 1.01561 1.11001 0.941561 0.792741 0.937031 0.94928 
010 0.0793604	1.00245 0.980631 0.867564 0.962959 1.02461 0.872962 0.910605 0.885608 0.827516 0.931758 
011 0.147545	1.01037 1.0692 1.09699 1.06664 1.02802 1.0098 1.0078 0.937492 0.991474 0.984842 
012 0.0849483	1.10483 1.29901 1.17776 1.00073 1.03492 1.06589 0.890632 0.772804 0.930558 0.902971 
013 0.098502	1.00796 1.10042 1.00762 0.982457 0.973303 0.990815 0.954312 0.843453 0.958048 0.90298 
014 0.0524313	1.00444 1.13361 1.17652 1.15428 1.0688 1.0938 1.01687 0.99941 1.07484 1.03231 
015 0.250565	0.863885 0.848305 0.905056 0.999008 0.986736 0.942454 1.05186 1.12872 1.0224 1.05154 
016 0.0616455	1.17691 1.26224 1.11862 1.24459 1.18826 0.976776 0.988429 0.964336 0.937585 1.01275 
017 0.225003	0.824648 0.897594 0.981486 0.949459 0.908541 1.07264 0.992734 1.06071 1.04004 0.999765 
100 0.144726	1.05144 1.00867 0.982869 1.02853 1.01738 1.06174 0.967014 1.01999 0.957173 0.987324 
101 0.105008	0.997734 1.00651 1.07061 1.01646 0.971856 1.08153 0.941032 0.943816 1.0766 1.018 
102 0.136466	1.01112 0.914358 0.900614 0.896962 0.988802 0.918394 0.950392 0.939307 0.909152 1.00117 
103 0.074803	0.948939 1.05274 0.997093 0.890731 0.883458 1.03184 0.932273 0.808589 1.00952 0.919926 
104 0.0842352	0.880408 0.822867 0.931145 0.926375 0.896079 0.981337 0.978881 1.11988 1.03846 1.01796 
105 0.072077	0.875362 0.800204 0.937231 1.00174 0.97259 1.03596 1.09214 1.28972 1.14869 1.10834 
106 0.105553	0.793311 0.793759 0.853159 0.799951 0.83863 0.984114 0.969883 1.00999 1.02631 0.976593 
107 0.277131	1.27495 1.14089 1.09759 1.14863 1.12293 1.04552 0.97778 0.89983 0.903622 1.01359 
110 0.0522359	1.01098 1.06777 0.925512 0.839056 0.918287 0.851695 0.926919 0.815312 0.938473 0.898442 
111 0.107672	0.960745 0.85071 0.916626 0.966192 1.00415 0.919929 0.995191 1.20422 1.01877 1.04181 
112 0.18724	1.28448 1.20912 1.01651 1.10211 1.13385 0.933528 0.959676 0.9226 0.871129 0.95319 
113 0.0897841	0.805426 0.75947 0.873945 0.813107 0.838339 0.959826 1.00004 0.997747 1.06026 0.999354 
114 0.109715	0.953587 0.95014 1.01857 0.953631 0.900472 1.00574 1.00385 0.979292 1.03797 0.974563 
115 0.162876	0.980402 1.01022 1.05098 1.01827 0.9731 1.11895 1.00529 1.04864 1.06801 1.00942 
116 0.128566	1.06965 1.00882 0.919588 0.9303 0.984402 0.886646 0.955957 0.926108 0.895073 0.955047 
117 0.161912	1.16619 1.16055 1.12603 1.18398 1.10891 1.01806 1.04987 0.984019 1.04114 1.03175 
0000 0.0760212	1.1382 1.07974 0.86812 0.937625 1.03386 0.896902 0.938075 0.866183 0.855091 0.973412 
0001 0.261725	1.00275 0.902749 0.966645 1.01676 1.00775 1.05147 1.05002 1.26114 1.03269 1.07073 
0002 0.101362	0.951286 0.923394 1.01058 1.105 1.02783 1.0315 1.05274 1.25024 1.11815 1.09579 
0003 0.119894	1.11764 1.00643 1.00348 0.964854 0.971149 1.04408 0.964033 0.999367 0.973008 0.999018 
0004 0.140696	1.15749 1.2322 1.08296 1.08937 1.12133 1.09859 0.963248 0.872549 1.01892 0.992594 
0005 0.0771558	0.971957 1.03361 0.920391 0.902896 0.920242 0.982538 0.962032 0.89993 0.998437 0.927632 
0006 0.159985	0.882228 0.790439 0.868709 0.909902 0.929576 0.977907 1.01314 1.13077 0.968187 1.04255 
0007 0.0631619	1.07498 1.20073 1.1149 0.982777 0.991212 1.16286 0.945218 0.84646 1.02309 0.90169 
0010 0.122209	0.946099 1.12283 1.02521 0.950414 0.915044 1.09213 0.978238 0.772297 1.04766 0.889365 
0011 0.211516	0.899473 0.997918 1.00728 1.0328 1.04075 0.973222 1.05503 1.05139 1.05362 1.05681 
0012 0.0575793	0.794467 0.983762 1.04392 0.829341 0.869892 1.13519 0.942429 0.854437 1.1722 0.998904 
0013 0.168038	1.13651 1.08843 1.06724 1.16084 1.10643 1.10223 1.06113 1.04878 0.955781 1.03891 
0014 0.0957697	0.91592 0.867723 0.84803 0.92568 0.935675 1.06891 1.03377 1.11618 1.06678 1.04506 
0015 0.0898942	0.990687 0.859478 0.912303 1.06789 0.99239 1.09468 1.11088 1.24739 1.128 1.07741 
0016 0.171563	1.06725 1.06106 1.00039 0.915991 0.953737 0.88947 0.89138 0.791788 0.884074 0.91318 
0017 0.0834313	0.979717 1.11221 1.17194 1.06357 0.984826 1.16889 0.999692 0.891442 1.13435 1.03873 
0020 0.145759	0.862214 0.908952 0.913544 0.961242 0.962539 1.13674 1.04227 1.15643 1.12651 1.04251 
0021 0.148148	0.89422 1.02094 1.07964 1.04821 0.994029 1.26492 1.12232 0.987303 1.18434 1.08669 
0022 0.0955795	1.13636 1.25531 1.19494 1.10906 1.08034 1.17667 0.978659 0.969479 1.06999 0.963457 
0023 0.109916	0.844668 0.82196 0.965566 0.97921 0.99244 1.13999 1.09576 1.24584 1.10088 1.09856 
0024 0.119474	1.15497 1.13275 0.943048 0.981572 1.05387 1.05404 1.04974 0.951356 0.975786 0.942231 
0025 0.18399	1.15351 1.01027 1.02432 1.06278 1.06561 1.06685 0.99102 1.08298 1.04941 1.05884 
0026 0.09319	1.24069 1.10637 1.15127 1.14932 1.17357 1.12836 1.04582 0.948438 1.00194 1.08049 
0027 0.103943	0.921136 1.01493 0.96944 0.854863 0.914322 1.10778 0.912314 0.850234 0.956381 0.948151 
0030 0.106014	0.879184 0.837088 0.909847 0.878434 0.918192 0.910123 0.994405 0.996238 0.985907 0.955204 
0031 0.135105	0.927899 0.974952 0.993317 1.06977 1.02244 0.903936 1.0498 1.03043 0.893969 1.01482 
0032 0.156084	1.13936 1.21526 1.0267 1.04942 1.10883 1.02222 0.938843 0.94381 0.881601 0.967742 
0033 0.0746853	0.99008 1.08708 0.909978 0.899591 0.984405 0.930827 0.910622 0.822802 0.834496 0.891654 
0034 0.066014	0.877488 0.956985 0.927585 0.821235 0.920026 0.86341 0.953718 0.92789 0.90641 0.965108 
0035 0.257902	0.910766 1.06624 1.03662 0.967039 0.96459 1.06605 0.991484 0.907642 0.996732 0.977663 
0036 0.0976224	0.801277 0.789458 0.81992 0.917926 0.947083 0.944548 1.09139 1.16041 0.99015 1.04442 
0037 0.106573	0.982546 0.912073 1.09713 1.1482 1.04761 1.10195 1.10892 1.23721 1.08625 1.10866 
0040 0.0650211	1.08503 1.27023 1.1544 0.98825 1.00929 1.0441 0.918079 0.688223 0.995554 0.92018 
0041 0.0671282	0.749208 0.934053 0.840494 0.840713 0.899092 0.917383 0.951154 1.01736 0.941024 0.928915 
0042 0.077363	1.27213 1.24034 0.958796 0.99731 1.04997 0.937607 0.908951 0.820429 0.833108 0.88586 
0043 0.101144	1.01432 1.07477 0.97619 0.893328 0.969891 0.929625 0.939155 0.877879 0.92276 0.929712 
0044 0.176099	0.96886 0.937739 1.08465 1.11774 1.0335 0.889783 1.07607 1.1583 1.08224 1.03925 
0045 0.0779651	0.694533 0.765484 0.91189 0.901599 0.890365 0.918629 1.10026 1.20647 1.09613 1.07026 
0046 0.277243	1.00099 1.00784 0.928867 0.996665 0.973119 0.941296 1.03045 1.16155 0.964492 0.99661 
0047 0.158037	1.11791 1.16476 1.0688 1.0591 1.12549 0.922336 0.927423 0.937824 0.896207 1.01385 
0050 0.199663	0.785625 0.929189 1.00187 0.933315 0.88616 1.05798 0.98435 0.866457 1.06111 0.982107 
0051 0.0825114	1.01263 1.12784 1.09433 0.905103 0.917417 1.10166 0.884202 0.749071 0.921658 0.92368 
0052 0.160933	1.05021 1.10659 1.12599 1.10608 1.01816 0.971124 0.911919 0.941495 0.924659 0.926356 
0053 0.193649	0.90983 0.952239 0.914119 0.931229 0.965787 0.891734 1.01075 1.0188 0.956172 0.98574 
0054 0.122685	1.01492 0.9563 0.981398 1.01607 1.05003 0.903894 1.04453 1.15992 0.961888 1.03393 
0055 0.1121	0.858353 0.730639 0.910638 0.958114 0.978884 0.993968 1.1004 1.42343 1.21035 1.13331 
0056 0.0543661	0.996712 1.08453 1.16755 1.06933 1.08362 1.08853 1.04162 1.00625 1.04368 1.03936 
0057 0.0740919	0.946048 0.903882 1.03985 1.16247 1.11053 1.00957 1.08397 1.22939 1.0242 1.08067 
0060 0.197581	1.17489 1.19238 0.965585 1.11892 1.11784 0.914866 1.01472 0.980588 0.937645 0.973781 
0061 0.061828	1.07892 1.32187 1.0746 1.02066 0.98405 1.03609 0.925467 0.755666 0.891224 0.896311 
0062 0.093414	0.761929 1.05972 0.957871 0.846111 0.852513 1.0784 0.969158 0.815348 1.01672 0.882201 
0063 0.143145	0.918611 0.872837 0.804751 0.923604 0.987077 0.960358 1.06026 1.30193 1.02741 1.01563 
0064 0.146505	1.05097 1.11048 1.05173 0.942997 0.967854 1.13643 0.997322 0.835491 1.02048 0.976159 
0065 0.112903	0.872118 0.964045 1.0086 1.01146 1.03541 1.1167 1.08928 1.08642 1.13103 1.13195 
0066 0.0819892	0.86292 1.17247 1.06785 1.11569 1.08068 1.15027 1.07002 0.9426 1.21044 0.992302 
0067 0.162634	0.936417 0.940522 0.884804 0.953775 0.9708 1.09147 1.01231 0.964246 1.00638 0.995618 
0070 0.119081	0.815308 0.824774 0.893013 0.854749 0.887893 0.895097 0.970827 1.06387 1.04876 1.012 
0071 0.132509	1.1356 1.06896 0.948158 0.989418 1.01534 0.880805 0.971228 0.988715 0.927969 0.94587 
0072 0.136396	1.22778 1.151 1.16216 1.22352 1.16844 1.00709 1.05108 1.07372 1.15005 1.02973 
0073 0.112367	1.02111 0.923652 0.978721 0.947938 0.984481 0.83211 0.963769 1.06731 0.92427 1.01866 
0074 0.113781	1.27538 1.30899 1.13808 1.06791 1.05326 0.955408 0.9138 0.831131 0.908264 0.95767 
0075 0.0777385	0.922073 1.08745 1.04343 0.847411 0.905356 0.926509 0.908633 0.834861 0.954501 0.896153 
0076 0.154417	0.945478 0.896722 1.01272 1.07903 1.05342 1.04855 1.05624 1.19852 1.18565 1.07436 
0077 0.15371	1.03105 1.05581 1.03475 1.03798 0.973411 1.0322 1.0126 1.05661 1.12939 1.04814 
0100 0.0801498	0.911455 0.850522 0.856577 0.867538 0.922611 0.832042 1.02417 1.12835 0.988032 0.983665 
0101 0.124345	0.894221 0.812345 0.910043 1.0218 1.04974 0.995497 1.08965 1.50682 1.0626 1.11239 
0102 0.166292	0.972835 1.17947 1.00166 0.943656 0.996492 1.03258 0.989332 0.901124 1.00218 0.959975 
0103 0.100375	0.990524 0.916791 1.04064 0.966801 0.954401 1.0261 0.979921 1.00318 1.03364 1.0401 
0104 0.071161	0.906053 0.867316 0.933338 0.882761 0.834043 0.963999 1.02376 0.978719 1.02206 0.941052 
0105 0.0794007	0.971058 1.0657 0.950067 0.830635 0.88476 1.02507 0.960191 0.974221 0.974468 0.936242 
0106 0.181273	1.24738 1.20179 1.03329 1.15852 1.17354 1.0299 1.00629 1.10085 0.883472 1.0253 
0107 0.197004	1.17159 1.10588 1.09711 1.01062 1.04112 1.08707 1.02696 0.893277 1.01785 1.00493 
0110 0.0713135	1.07645 1.3229 1.18757 1.06577 1.04117 1.14595 0.889596 0.775965 1.00099 0.948815 
0111 0.126511	0.76587 0.9085 0.957233 0.881372 0.87036 1.03214 0.963773 0.903805 1.05594 0.947586 
0112 0.164384	1.08402 1.03881 0.955661 0.965715 0.98748 0.973349 0.93788 0.895048 0.937212 0.97558 
0113 0.0987107	0.811324 0.796234 0.908239 0.99427 0.947938 1.15241 1.06722 1.23319 1.20481 1.02193 
0114 0.14585	1.16991 1.10062 0.992792 1.08185 1.10906 0.939296 0.966463 0.985022 0.90101 1.0204 
0115 0.122079	1.03254 1.00529 1.05853 1.11577 1.0095 1.06174 1.01639 1.094 1.08669 1.05698 
0116 0.172442	0.98572 0.90374 0.878019 1.00889 1.05838 1.11484 1.01469 1.11816 1.08029 1.03483 
0117 0.0987107	0.978699 0.994263 1.12925 0.981304 0.960457 1.19098 1.01364 0.868705 1.12313 0.969635 
0120 0.168649	0.864076 0.916467 1.02622 0.999096 0.951142 1.01289 1.00478 1.1028 1.07856 0.992679 
0121 0.118964	0.883164 0.816847 0.927644 0.874959 0.840671 1.05758 1.03326 0.92173 1.07941 0.983141 
0122 0.164451	1.30051 1.12743 1.03504 1.09157 1.05199 0.8693 0.91917 0.936522 0.880182 0.976467 
0123 0.188244	0.953445 0.840065 0.884466 0.974128 0.991198 0.794608 1.07853 1.09215 0.934039 1.08954 
0124 0.158153	1.06341 1.10165 1.03691 1.03556 0.978787 0.981821 1.01929 0.948752 1.00349 0.980353 
0125 0.0797761	1.19922 1.21553 1.11237 1.15849 1.12703 0.874325 0.960283 0.837043 0.871245 0.96489 
0126 0.0713786	1.04051 1.13703 1.01514 0.892771 0.902385 1.03507 0.912966 0.729579 0.936635 0.887545 
0127 0.0503849	1.27661 1.18248 0.94151 0.979268 1.05475 0.917261 0.938725 0.807488 0.835058 0.909727 
0130 0.219674	0.984446 0.900491 0.937407 0.981294 1.00915 1.00036 1.01645 1.22455 1.03757 1.06377 
0131 0.146047	0.859062 0.97552 0.964681 0.85199 0.891947 1.01163 0.999905 0.931207 1.08175 0.986351 
0132 0.0875075	1.13473 1.32998 1.13464 1.04617 1.04308 0.978953 0.920244 0.790784 0.950417 0.912356 
0133 0.107423	1.03429 0.918237 0.933232 1.01596 1.04682 1.01205 1.00655 1.05082 0.879374 1.0334 
0134 0.08449	1.07558 1.15027 0.951784 1.05945 1.10294 0.930156 0.930253 0.801487 0.864397 0.981819 
0135 0.0778515	1.1905 1.13327 1.06554 1.20673 1.19428 1.01558 1.0071 0.932508 0.89832 1.06697 
0136 0.197345	0.95746 0.969549 0.957382 0.996099 0.963385 1.00207 0.99623 1.07442 1.03759 0.961441 
0137 0.079662	0.919838 0.863951 1.01798 1.08526 1.01919 1.11077 1.06616 1.33672 1.14281 1.11366 
0140 0.141723	0.743186 0.684358 0.916511 0.980946 0.919966 1.21042 1.21225 1.41515 1.28145 1.14355 
0141 0.0827664	1.24189 0.973746 0.901655 1.11059 1.12719 1.09789 1.13577 1.1702 1.05287 1.08705 
0142 0.111111	1.31419 1.16377 1.19445 1.06797 1.02974 1.01376 0.936046 0.75569 0.875426 0.937163 
0143 0.111111	1.01161 0.974807 0.957532 1.0042 1.0509 0.96378 1.01768 1.00394 0.950695 1.03736 
0144 0.128118	0.832175 0.874868 0.947827 0.927862 0.915332 0.933653 0.952021 1.12014 1.01662 0.969083 
0145 0.128118	1.07873 1.04446 0.997702 0.941986 1.01919 0.845103 0.941952 0.848871 0.902302 0.95839 
0146 0.246032	0.913161 0.936527 0.969279 1.0576 0.986808 1.00621 1.08372 1.18772 1.10351 1.03573 
0147 0.0510204	1.07502 1.14271 1.21958 1.13073 1.02017 1.20689 1.00321 0.929991 1.11405 0.947731 
0150 0.0607355	1.07511 1.02329 0.967376 0.917778 1.00779 0.948091 0.918705 0.862326 0.860734 0.940564 
0151 0.126216	1.0573 1.19197 1.08278 1.01662 1.02413 1.063 0.933795 0.867919 1.01439 0.93165 
0152 0.0761566	0.817128 0.790623 0.8268 0.925039 0.979531 1.08141 1.03574 1.40562 1.11896 1.05393 
0153 0.142586	1.10797 1.04611 1.07615 1.19264 1.16236 1.02926 1.05637 1.13341 1.04537 1.08301 
0154 0.0984579	0.960614 1.02972 0.922783 0.97537 1.00223 0.990758 1.00107 1.04611 0.959614 0.942878 
0155 0.241993	1.05771 0.906594 0.969869 1.0736 1.05878 1.14524 1.07974 1.23403 1.08234 1.04373 
0156 0.2	0.885905 0.858675 0.926447 0.874199 0.88931 1.04734 0.946562 1.00992 1.04747 0.934776 
0157 0.0538553	1.13723 1.01381 0.927323 1.07249 1.03256 0.995326 1.03861 0.919054 0.951211 0.948632 
0160 0.0443587	1.06003 1.00775 1.15195 1.01538 0.983624 1.02387 0.979228 0.865316 0.978508 1.01357 
0161 0.0607522	0.960803 0.981064 1.00968 0.886236 0.943001 1.03543 0.982479 0.853423 1.00464 0.918223 
0162 0.0916104	0.896658 0.819734 0.85105 0.892729 0.896685 1.00835 1.00974 1.12974 0.990983 0.933992 
0163 0.143684	0.899524 0.859967 1.03174 1.08011 0.987398 0.991085 1.03432 1.22328 1.10365 1.02189 
0164 0.166827	0.998259 0.814752 0.867942 0.972611 1.04776 0.912469 1.02709 1.16052 0.856347 1.09217 
0165 0.131148	0.929516 0.861033 0.967713 0.933585 0.935667 1.12608 1.02093 1.11826 1.08165 0.996812 
0166 0.173578	1.11272 1.15805 1.13053 0.984501 1.04132 0.931811 0.93342 0.789798 0.901005 0.962224 
0167 0.188042	1.14271 1.14268 1.05694 1.04734 1.043 1.02378 0.941732 0.805687 0.95291 0.904764 
0170 0.0692206	0.919713 1.03983 1.04353 0.873153 0.906418 1.03051 0.958287 0.791377 1.07195 0.903346 
0171 0.0824306	0.918228 0.888768 0.97166 1.05889 0.994864 0.987855 1.07986 1.23065 1.104 1.03586 
0172 0.104095	0.881428 0.867023 1.01999 0.969738 0.938571 1.09452 1.0811 1.02227 1.2134 1.03321 
0173 0.327873	1.05593 1.12799 1.07321 1.02846 1.05525 0.928629 0.958309 0.850723 0.899791 0.946869 
0174 0.0945839	0.850609 0.787742 0.872586 0.851515 0.874659 0.991171 1.04747 1.01525 1.13852 1.01823 
0175 0.131836	0.98607 0.903057 1.05146 1.10154 1.05577 1.01022 1.14673 1.00549 1.19543 1.06731 
0176 0.100661	0.953818 0.849006 0.826074 0.942883 0.987317 1.01083 1.0943 1.11374 1.03352 1.00699 
0177 0.0892999	1.04926 1.02022 0.953973 0.840502 0.949472 0.910236 0.922238 0.823435 0.855878 0.887122 
1000 0.084385	1.21518 1.35532 1.12771 0.992639 1.0505 0.971495 0.92607 0.725016 0.973778 0.949211 
1001 0.130533	1.01275 1.09599 0.990476 0.986215 0.93041 0.949923 0.985272 0.942995 1.07071 0.96534 
1002 0.196082	1.07157 1.09219 0.95565 0.964624 1.03604 0.860917 0.961635 0.848309 0.845846 0.958548 
1003 0.189866	0.801857 0.815796 0.890914 0.944685 0.935345 0.89419 1.11196 1.14884 1.14115 1.08927 
1004 0.123187	0.977766 0.877431 1.01567 1.04126 1.01539 1.02929 1.12034 1.15047 1.18557 1.09217 
1005 0.158787	1.00756 0.947198 0.952315 1.04284 1.08045 0.916584 1.04788 1.11219 0.998705 1.01214 
1006 0.0440761	1.0829 1.20528 1.20788 1.12182 1.06002 1.06008 1.02825 0.997148 1.14276 1.02029 
1007 0.0730834	1.19386 1.22314 1.09026 1.18357 1.13918 0.953345 1.01501 0.920144 0.993857 1.03445 
1010 0.264278	0.909035 0.911438 1.05027 1.02936 0.992435 1.04378 1.05623 1.18451 1.08357 1.02359 
1011 0.0784008	1.12372 1.01446 0.947085 0.919625 0.951454 0.95618 1.02001 0.912547 0.877194 0.889496 
1012 0.0784008	0.849144 0.888708 0.966051 0.883337 0.888706 0.970269 1.04111 1.02956 0.987268 0.991596 
1013 0.0581516	0.767923 0.731519 0.976231 0.934416 0.875611 1.181 1.12379 1.36945 1.23989 1.03972 
1014 0.0633437	0.880816 0.827133 0.878116 0.897943 0.940176 1.01689 1.05544 1.02889 0.999203 1.02366 
1015 0.203011	1.13354 1.1305 1.1026 1.12478 1.07774 1.06204 1.06681 1.1392 1.03972 1.03706 
1016 0.0968328	1.26206 1.07087 1.01053 1.02381 1.09192 0.833934 1.03806 0.9405 0.794315 0.966903 
1017 0.15758	1.03186 1.2511 1.10293 0.94854 0.995757 0.979019 0.927498 0.842894 0.898253 0.93097 
1020 0.0940871	1.20852 1.35268 1.11636 1.07646 1.02441 1.00901 0.886887 0.84391 0.887615 0.947696 
1021 0.157811	1.01354 0.991922 1.08436 1.06729 0.977752 1.07244 1.03023 0.978032 1.04333 0.991763 
1022 0.067519	1.20465 1.13926 1.01971 1.17005 1.11595 1.02077 0.973226 0.977535 0.921779 0.993498 
1023 0.156213	1.18194 1.15742 1.04263 1.06813 1.09525 1.14121 0.990365 1.08729 0.954784 1.02462 
1024 0.13304	0.91334 1.01224 1.04011 0.920627 0.930448 1.00321 0.972116 1.0598 1.0723 0.983864 
1025 0.0850979	0.827295 0.7871 0.917412 0.990231 0.931747 1.18395 1.12795 1.32592 1.14849 1.08715 
1026 0.179784	0.885792 0.914855 0.92887 0.970131 0.934379 0.967889 1.05516 1.23725 1.0523 1.00636 
1027 0.126448	1.03509 1.10685 0.93164 0.974417 0.954724 0.937881 0.970168 0.974602 0.858168 0.940922 
1030 0.17602	1.24847 1.19011 1.10987 1.10899 1.1226 0.958207 0.95058 0.831095 0.863965 0.983587 
1031 0.0419096	1.15682 1.26238 1.08048 0.926175 0.972704 1.00038 0.908748 0.800732 0.881166 0.953217 
1032 0.0597668	0.992959 0.934106 1.15292 0.983698 0.958922 1.12778 1.03255 1.05928 1.09172 1.08666 
1033 0.0739796	0.753855 0.861135 1.01444 0.912097 0.906552 1.12988 1.01556 0.992762 1.09956 1.0268 
1034 0.138484	1.15863 1.12863 0.983835 0.972461 1.07843 0.938593 0.892166 0.922571 0.827009 0.973451 
1035 0.170554	1.05351 0.887507 0.961972 1.02276 1.04902 1.02051 1.04368 1.34398 0.987713 1.06839 
1036 0.153426	0.936596 1.03142 1.04328 0.969363 0.996025 1.09735 0.957319 0.960002 0.979051 1.00709 
1037 0.18586	0.87166 0.862266 0.893017 0.860294 0.952083 1.04618 1.01186 1.03473 0.988687 1.01488 
1040 0.206149	0.822614 0.907728 0.881211 0.872173 0.913983 1.06768 1.02921 1.10451 1.14742 1.02794 
1041 0.0851133	1.16636 1.14574 1.04368 1.12704 1.02937 0.935974 1.01346 0.927073 0.952688 0.964519 
1042 0.128803	0.920565 1.01036 0.988871 1.02552 0.967361 1.12699 1.11619 0.989114 1.13364 0.990888 
1043 0.128155	0.977014 0.978046 1.08521 0.921287 0.918947 1.12195 0.975995 0.974302 1.05998 1.01506 
1044 0.0488673	0.920589 0.936213 1.10764 1.07702 0.985473 1.08658 1.12783 1.19469 1.18997 1.13985 
1045 0.144984	1.13568 1.01896 0.941221 1.042 1.05876 1.01492 1.01609 1.05363 0.960387 0.963196 
1046 0.0805825	1.0042 0.870164 0.972999 0.977969 1.04169 0.993052 1.04616 1.15585 1.02952 1.09113 
1047 0.177346	1.16064 1.25349 1.08207 1.07641 1.0939 1.06573 0.9578 0.871025 0.991472 0.972656 
1050 0.130106	1.18366 1.23126 1.13357 1.13191 1.08668 1.00237 0.939496 0.954352 0.972612 1.00873 
1051 0.104387	0.947685 0.877045 0.923607 0.932305 0.941261 1.05781 1.07304 1.20015 1.06381 1.06911 
1052 0.171331	0.886654 0.859834 1.01155 1.02148 0.959552 1.12099 1.0909 1.2571 1.24143 1.04938 
1053 0.11649	1.22819 1.20753 0.975315 0.99196 1.08825 1.05721 0.967833 0.87626 0.949623 0.97456 
1054 0.106657	0.880788 0.947097 0.882847 0.949369 0.950068 1.00335 1.00146 0.97235 0.986109 0.98173 
1055 0.245083	0.980944 1.07313 1.06093 0.972571 0.97084 1.01185 0.944926 0.952 1.02455 1.00138 
1056 0.0665658	0.901164 1.10346 1.1417 1.01417 0.954106 1.2093 0.990647 0.946072 1.12134 0.974352 
1057 0.0593797	0.76867 0.904849 0.928068 0.862898 0.869402 1.08375 1.0022 0.98479 1.09637 1.02142 
1060 0.14876	1.13431 0.891389 0.963522 1.1087 1.08551 0.997336 1.05133 1.33555 1.01649 1.07019 
1061 0.162965	1.00194 0.992979 0.912738 0.955298 0.975105 0.92968 0.976984 1.04248 0.948573 0.988748 
1062 0.0710227	1.10165 1.11352 1.16043 1.10408 1.09376 1.10449 1.00569 1.04691 1.03374 1.04318 
1063 0.102531	0.885553 0.733107 0.827149 0.932789 0.936448 1.03407 1.16847 1.51719 1.16997 1.11667 
1064 0.09375	1.05481 1.07489 1.06632 0.986935 0.971091 1.05078 0.980784 0.96402 0.971535 0.988489 
1065 0.0604339	1.38328 1.25247 1.02682 1.08283 1.12571 0.855985 0.920376 0.87547 0.814641 0.95656 
1066 0.229339	0.890852 0.926659 0.937643 0.964776 0.931255 1.08585 1.03327 1.05138 1.09083 1.07118 
1067 0.131198	1.17152 1.10703 0.941396 1.00017 1.0527 0.913885 0.929445 0.913771 0.83791 0.936865 
1070 0.0855794	1.06185 1.31777 1.10024 0.917401 0.963278 0.968734 0.847458 0.76241 0.868298 0.855927 
1071 0.12227	0.917395 0.98011 1.00361 1.03554 1.01916 1.02718 1.04454 1.17776 1.14789 1.05393 
1072 0.120008	0.832605 0.865925 0.977857 0.986573 0.94633 0.966024 1.00863 1.12189 1.11928 1.01133 
1073 0.099941	1.04642 1.02843 0.963267 1.06291 1.07845 0.972965 1.00162 1.23064 0.930638 1.02082 
1074 0.153649	1.00123 1.01664 0.906317 0.92089 1.01927 0.904945 0.989505 1.04993 1.00157 0.974487 
1075 0.211588	0.81371 0.802544 0.919126 0.888232 0.943468 1.00224 1.03807 1.28502 1.06953 1.0597 
1076 0.113516	1.25138 1.31476 1.07082 1.03683 1.11201 0.959099 0.85741 0.893763 0.865344 0.961805 
1077 0.0934488	1.21225 1.14263 1.12038 1.20972 1.13443 1.09239 1.03023 1.14458 1.10106 1.00182 
1100 0.104797	1.26487 1.22164 1.14058 1.09027 1.15822 1.04973 0.927771 0.792384 0.731771 0.960069 
1101 0.0590406	1.06901 0.962911 0.901255 1.0517 1.13488 0.968818 0.979867 1.09442 0.882288 0.993 
1102 0.0568266	1.00128 0.9556 1.09064 0.959119 1.00674 1.15713 0.99994 0.906335 0.992273 1.05576 
1103 0.24428	1.00699 0.962055 0.988624 0.936675 0.968471 1.05927 0.925676 1.00452 0.833411 0.954367 
1104 0.15203	1.17332 1.07221 1.06236 1.11202 1.06699 1.22603 0.964073 1.01351 0.941446 0.975354 
1105 0.0583026	0.898756 0.768739 1.0855 0.931707 0.9809 1.10831 1.02236 1.06632 1.03546 1.11639 
1106 0.18155	0.799445 0.788528 0.807804 0.908023 0.923863 0.979179 1.05502 1.24528 1.01497 1.0586 
1107 0.143173	0.990684 0.933341 0.999244 1.01685 1.003 1.16093 1.03847 1.07372 1.03889 1.03313 
1110 0.108844	1.138 1.16743 0.990748 1.10824 1.15897 1.05186 1.01013 1.03257 0.901346 0.986519 
1111 0.149302	0.869237 0.77714 0.902321 0.960583 0.980429 1.05676 1.13505 1.17165 1.04645 1.05067 
1112 0.185822	1.17181 1.07975 1.07167 1.04686 1.03435 1.07558 1.03691 0.899366 1.02154 1.01873 
1113 0.102757	1.01386 1.13108 0.880983 0.984989 1.05207 0.87555 0.994446 0.899537 0.861209 0.939203 
1114 0.0433226	0.797718 0.852026 0.844594 0.920174 0.943214 1.17778 1.12155 1.12569 1.16524 0.993441 
1115 0.148228	0.980141 1.01714 1.0296 1.07167 1.02212 1.16319 1.10264 1.12919 1.15529 1.03766 
1116 0.105621	0.769706 0.783712 0.870785 0.846542 0.895183 1.0242 1.02303 1.07266 1.05597 1.00539 
1117 0.156105	0.806781 0.889344 0.970555 0.904132 0.898741 1.17831 1.08861 1.00119 1.12871 1.06576 
1120 0.0592959	0.769578 0.758202 0.85219 0.835586 0.897234 0.912123 0.991108 1.01792 0.964782 1.00096 
1121 0.116121	1.048 1.02368 1.01265 0.911144 0.997785 0.924914 0.942492 0.864623 0.90208 0.953748 
1122 0.102327	0.954554 0.96182 0.997696 0.954356 0.941755 0.954382 0.997275 0.963133 1.03946 0.953152 
1123 0.068355	1.29712 1.25705 1.18099 1.22103 1.1868 0.93321 0.984796 0.878513 0.940616 0.978437 
1124 0.144945	0.879942 0.993419 1.04985 0.933094 0.934211 1.07227 1.00054 0.845182 1.07209 0.97171 
1125 0.161622	1.01046 0.907748 1.04951 1.08699 1.0635 1.02875 1.06385 1.15973 1.03264 1.08681 
1126 0.182623	1.09989 1.22064 1.09724 1.03315 1.08027 1.07467 0.916587 0.859371 0.904867 0.959045 
1127 0.164711	0.844148 0.760329 0.942068 0.948892 0.967075 1.03671 1.04009 1.26168 1.09927 1.07091 
1130 0.202662	1.02187 1.18688 1.02662 1.01219 1.0417 1.06362 0.992641 0.969608 0.943388 0.945258 
1131 0.0583942	1.02526 1.18893 0.849788 0.949753 1.04664 0.925127 0.938907 0.93024 0.842612 0.916244 
1132 0.0704165	1.04797 1.30962 1.0967 1.01099 0.973551 1.0946 0.923938 0.803166 0.992169 0.911452 
1133 0.0811507	0.75165 0.850639 0.863583 0.829495 0.813605 1.09392 0.966397 1.05849 1.11563 0.959301 
1134 0.261915	0.923793 1.0298 1.04729 1.00302 0.97158 1.10676 1.08799 1.0797 1.16082 1.04409 
1135 0.152426	0.945197 1.11892 1.00002 0.890362 0.909702 0.945025 0.911749 0.949521 0.97635 0.922526 
1136 0.107772	0.808542 0.896214 0.834762 0.92417 1.00213 0.95711 1.00333 1.33157 1.01649 1.01705 
1137 0.0652641	1.0589 1.22655 1.08107 1.17698 1.15517 1.04765 1.01665 0.970798 1.02335 1.01805 
1140 0.0871398	1.28565 1.41112 1.07849 1.1123 1.13079 0.995169 0.885864 0.740554 0.861739 0.902353 
1141 0.201335	0.906481 0.987486 0.922364 0.882994 0.933351 0.921519 0.932964 0.903923 0.988783 0.953509 
1142 0.144413	0.969594 1.10676 1.09152 1.10047 1.08079 1.10881 0.985514 0.995046 1.0469 0.985664 
1143 0.0685172	0.701992 0.716238 0.914112 0.915373 0.893053 1.15573 1.14022 1.35435 1.28516 1.10617 
1144 0.0618412	1.04252 1.06474 0.975083 1.13159 1.08461 0.935344 1.00008 1.0076 0.951377 0.975825 
1145 0.120871	0.918719 0.839899 0.861937 0.996218 1.01289 0.925406 1.0594 1.20158 1.00182 1.00022 
1146 0.206254	0.969773 1.13789 1.03652 0.994249 1.04988 1.02028 0.908263 0.909336 0.965873 0.987595 
1147 0.109628	0.90503 0.92225 0.990687 0.966284 0.940599 1.10092 1.07558 1.10386 1.19249 1.04273 
1150 0.173491	1.05607 0.956212 1.05916 1.07309 0.983998 1.04547 1.09508 1.05695 1.17731 1.0561 
1151 0.130178	1.13571 1.18167 1.12759 1.04677 1.04094 0.961047 1.00165 0.792962 0.99579 0.972546 
1152 0.0698225	1.13054 1.02389 1.0668 1.09163 1.17153 0.949473 1.06553 1.03314 1.08867 1.05692 
1153 0.144379	1.20145 1.31504 1.11369 1.00055 1.0409 0.956724 0.953534 0.736071 0.924222 0.934753 
1154 0.071716	1.18272 1.11532 0.975354 1.03544 1.1102 0.901008 1.01924 0.934816 0.903681 0.975183 
1155 0.0601183	1.12474 1.02099 0.910122 0.96479 1.0343 0.824874 0.987559 0.98539 0.858918 0.976582 
1156 0.110059	0.879459 0.781398 0.914305 0.980328 0.993083 0.925143 1.1139 1.19023 1.08793 1.0748 
1157 0.240237	0.945829 0.884088 0.940378 0.863431 0.920059 0.96347 1.02216 1.02853 1.03179 0.999238 
1160 0.149325	0.840188 0.820059 0.90134 0.994533 0.970031 1.01832 1.0638 1.27911 1.06455 1.08215 
1161 0.114843	0.8578 0.862068 0.915292 0.935142 0.96824 0.995777 1.02075 1.09968 1.00963 0.991922 
1162 0.0722639	1.15791 1.14144 0.903588 1.03973 1.05736 0.964772 0.922969 0.907593 0.853384 0.932764 
1163 0.113943	0.784028 0.880017 1.03493 0.919709 0.878939 1.00341 1.01199 1.12569 1.07784 1.02026 
1164 0.0932534	0.800301 0.868278 0.926764 0.888357 0.869355 1.13445 1.02605 1.02243 1.15647 0.98088 
1165 0.277961	1.02785 1.0215 1.1037 1.03404 1.03714 1.05283 1.00564 0.906281 0.989464 0.980943 
1166 0.10045	1.18049 1.14792 1.10607 1.14505 1.14821 0.957762 1.01702 0.959129 0.859861 1.02141 
1167 0.077961	0.928432 1.16386 1.07118 0.921641 0.96407 0.965111 0.918242 0.869536 0.934876 0.95254 
1170 0.181667	1.01335 1.10483 1.03389 0.950473 0.967016 0.982107 0.887362 0.950214 0.866276 0.932637 
1171 0.0602381	1.02107 1.25866 1.20518 0.9915 0.985936 0.954847 0.852029 0.830157 0.88602 0.935141 
1172 0.240714	1.05115 0.871628 0.955491 0.994205 0.992869 0.962958 1.04361 1.1465 1.03149 1.00185 
1173 0.133571	1.07704 1.08845 1.11194 1.0779 1.05931 1.0175 0.938325 0.937232 0.93008 0.956834 
1174 0.104286	1.12639 1.14613 1.07601 1.16757 1.16273 0.985003 1.04222 1.14024 0.945952 1.02519 
1175 0.0738095	0.811299 0.812274 0.928025 0.861129 0.886121 1.07192 0.995121 1.02355 1.0524 0.96884 
1176 0.0971429	0.689428 0.732047 0.951033 0.865267 0.884824 1.09569 1.07623 1.21106 1.17553 1.09605 
1177 0.108571	0.882841 0.736519 0.946065 1.00152 0.968786 1.13941 1.15217 1.49661 1.15484 1.114 
BOUNDS
LWPS R    0.0  0.0  0.0  0.0  0.0  0.0  0.0  0.0  0.0  0.0
UWPS R    0.5  0.5  0.5  0.5  0.5  0.5  0.5  0.5  0.5  0.5
LXAS R   -0.5 -0.5 -0.5 -0.5 -0.5 -0.5 -0.5 -0.5 -0.5 -0.5
UXAS R    0.5  0.5  0.5  0.5  0.5  0.5  0.5  0.5  0.5  0.5
END
