NAME moment_estimation_cluster
ASSETS 10
BENCHMARKS 0.1 0.1 0.1 0.1 0.1 0.1 0.1 0.1 0.1 0.1 
COVARIANCES
0 0 0.0049496
1 0 0.000519009
1 1 0.00106682
2 0 -0.00225472
2 1 0.000924439
2 2 0.00407264
3 0 0.000659745
3 1 0.000966192
3 2 0.00149024
3 3 0.00233176
4 0 0.000998034
4 1 0.000320401
4 2 -0.000150552
4 3 8.47039e-05
4 4 0.00109349
5 0 0.00503285
5 1 -0.000431201
5 2 -0.00639987
5 3 -0.00211618
5 4 0.00145479
5 5 0.0180894
6 0 -0.0007049
6 1 0.000399693
6 2 0.000741399
6 3 -0.000125205
6 4 -1.13917e-07
6 5 0.00027108
6 6 0.000953268
7 0 -0.00149221
7 1 0.000805004
7 2 0.00300931
7 3 0.00176679
7 4 7.23171e-05
7 5 -0.0059322
7 6 0.000120232
7 7 0.00332027
8 0 0.00180801
8 1 -0.000180986
8 2 -0.00227022
8 3 -0.00097926
8 4 0.0011446
8 5 0.00723184
8 6 4.95736e-06
8 7 -0.00205654
8 8 0.00384509
9 0 -0.000399311
9 1 0.000625027
9 2 0.00193658
9 3 0.00152999
9 4 0.000398195
9 5 -0.00406996
9 6 -0.000231272
9 7 0.0023955
9 8 -0.00117389
9 9 0.0022532
SCENARIOS
0 0.78194	1.03923 0.998182 0.990156 0.988201 1.011 1.02161 0.99322 0.995078 1.00551 0.985844 
1 0.21806	0.963904 1.01831 1.06173 1.03951 0.977902 0.871611 0.999952 1.05628 0.938045 1.04999 
00 0.374082	0.964743 1.01704 1.05655 1.06199 0.973509 0.889126 1.02418 1.04704 0.90965 1.02803 
01 0.625918	0.989931 1.00502 0.974536 0.987853 1.01328 1.07404 1.0075 0.958783 1.02936 1.00652 
10 0.579107	0.911046 0.975246 1.05847 1.0013 0.976923 0.94492 1.01188 1.01542 0.976689 0.996759 
11 0.420893	1.02731 0.995118 0.981652 1.01078 1.02113 1.12003 0.972616 0.997353 1.04755 0.975054 
000 0.171857	0.94525 0.955088 0.966476 0.908473 0.942291 1.0151 0.988357 0.908346 1.03093 0.911676 
001 0.0546306	1.09131 0.974508 0.966386 1.07605 0.984969 1.04439 0.921386 0.996214 1.05862 1.04259 
002 0.0921336	1.04402 1.00181 0.925039 0.965839 0.972992 1.25994 0.969726 0.930304 1.11218 0.917631 
003 0.067143	0.819538 0.982704 1.15653 0.970483 0.994378 0.768285 0.996519 1.10855 0.951509 1.06463 
004 0.126286	0.842655 0.99241 1.0485 0.994078 0.94174 0.841391 0.949315 1.0522 0.954726 1.01334 
005 0.10533	0.961965 1.07569 1.07585 1.10174 1.01761 0.846687 0.998149 1.09276 1.01028 1.13685 
006 0.211514	0.987448 0.975512 0.996697 0.96716 1.0172 1.02633 0.997718 0.986221 1.02248 1.00587 
007 0.171105	1.115 1.02177 1.01102 1.04284 1.05697 1.20198 1.00216 0.967629 1.15672 1.02895 
010 0.0543285	1.08204 0.971938 0.821369 0.927574 1.02356 1.48745 0.989368 0.870722 1.19168 0.909884 
011 0.160615	0.970997 0.992 1.07176 1.01041 1.00335 0.860128 1.00688 1.08141 0.974618 1.02157 
012 0.226243	1.0698 0.987693 0.979196 0.995982 1.03792 1.10177 0.991027 0.969506 1.09987 0.978016 
013 0.254153	1.0118 0.954304 0.928087 0.959617 0.950127 1.01601 0.985792 0.963831 0.976648 0.925716 
014 0.0683857	1.02042 1.00454 1.09471 1.01866 1.08431 0.980425 1.02229 1.10533 1.03816 1.07939 
015 0.0989314	0.872953 0.953884 1.05311 0.921164 0.945325 0.812005 1.01274 1.0471 0.931632 0.958901 
016 0.0721247	1.05722 1.02661 1.05266 1.08967 0.972302 0.822729 0.955413 1.08873 0.918309 1.05935 
017 0.0652187	0.979766 1.06284 1.15654 1.10602 1.04449 0.751344 1.00217 1.16491 0.92647 1.13538 
100 0.0617675	1.03905 1.07096 1.13176 1.11044 0.964616 0.729528 0.977883 1.11558 0.822572 1.07278 
101 0.0972442	1.04864 1.09105 1.13121 1.10905 1.05935 0.809695 1.01989 1.18925 0.949185 1.14741 
102 0.112686	1.045 0.995808 1.01986 1.00601 0.974454 0.834503 1.00103 1.06199 0.886753 1.05041 
103 0.141986	1.05567 1.04321 0.986163 1.07051 0.989874 0.900184 0.997397 1.03357 0.96897 1.00947 
104 0.249604	0.978516 0.963005 0.924037 0.929469 0.955144 0.979915 1.02742 0.958735 0.944823 0.944071 
105 0.132246	1.02883 1.0513 1.01979 0.985128 1.07592 0.967924 1.01806 1.03571 0.980107 1.0376 
106 0.121872	1.06045 1.04638 0.978867 0.976362 1.02374 1.03907 1.09162 0.996186 0.990369 0.988585 
107 0.0825942	1.12531 0.975992 0.893651 0.970428 1.01921 1.21097 0.981898 0.899781 1.05777 0.940416 
110 0.140662	1.00196 1.01611 1.02111 1.04971 0.958802 0.844427 0.989892 1.05513 0.923932 1.04544 
111 0.0811724	1.02554 1.04843 1.15538 1.15588 1.01153 0.779248 1.03909 1.12806 0.892122 1.12119 
112 0.118435	1.14927 1.02265 0.959416 1.01302 1.04669 1.06596 1.06686 0.965968 1.03926 0.984696 
113 0.121268	1.11056 0.999191 1.00898 1.05817 1.00675 0.975068 0.950828 1.03879 0.998803 1.05564 
114 0.0943561	0.898196 0.976895 1.04619 0.961672 1.02019 0.821444 1.02071 1.03749 1.00385 1.06441 
115 0.0813903	1.09499 1.02572 1.03147 1.03307 1.08457 1.02858 0.991574 1.03438 1.06865 1.0698 
116 0.140227	1.00508 0.986122 0.914356 0.995176 0.937788 1.10572 1.05346 0.9354 0.999892 0.948735 
117 0.222489	1.02177 0.979922 0.934064 0.919792 0.970273 1.02898 1.01777 0.922787 1.05003 0.971122 
0000 0.131092	0.927316 1.01904 1.01042 1.02276 0.94829 1.07002 1.04697 1.03717 0.905923 0.977895 
0001 0.0775811	1.06145 1.00639 0.926054 0.951543 1.02674 1.39849 1.0701 0.928536 1.11608 0.963845 
0002 0.0875274	1.0752 0.964499 0.903123 0.946696 1.03806 1.15506 0.978162 0.916652 1.05797 0.992921 
0003 0.11478	1.03719 0.971182 0.905872 1.01585 0.996846 1.28689 0.988544 0.91965 1.10652 0.971793 
0004 0.0791725	0.917286 0.949056 0.952041 1.05102 0.963239 0.965876 0.923068 1.0638 0.97248 1.04812 
0005 0.132684	0.852826 0.999609 1.02987 0.932276 0.986955 0.935445 1.0494 1.04409 1.00021 0.995313 
0006 0.0793714	0.826922 1.00464 1.14017 1.01417 1.00669 0.804462 1.05089 1.08585 0.846866 1.08999 
0007 0.297792	0.936544 1.01284 1.01557 1.0274 1.03268 0.965498 0.988306 1.04539 0.994897 1.06581 
0010 0.145181	1.02796 1.01886 0.983983 0.960281 1.06732 0.932311 0.981059 1.02899 0.973588 1.04145 
0011 0.0844806	1.05631 0.962823 0.905527 0.909329 1.00352 1.22425 0.999379 0.876753 1.04104 0.91958 
0012 0.237171	0.997219 1.02438 1.01088 0.995909 0.998256 1.02739 1.04615 0.987563 0.958206 1.02078 
0013 0.0475594	0.991533 1.0442 1.05288 1.03154 1.0205 0.850195 1.00748 1.07077 0.927891 1.09745 
0014 0.177096	0.93022 1.03213 0.945435 0.963557 0.940693 1.00475 1.02617 0.953976 0.91705 0.951654 
0015 0.0932416	0.874218 1.00162 1.12067 1.00751 1.02266 0.756015 1.02977 1.10469 0.877662 1.0644 
0016 0.157071	0.865141 0.979635 0.976171 0.984654 0.976735 0.944052 1.05844 1.02437 0.934124 1.0088 
0017 0.0581977	1.10959 1.05916 0.995724 1.0954 1.0446 1.13886 1.02565 1.03019 1.00511 1.05083 
0020 0.12987	0.967509 1.0064 1.04859 0.970453 0.98077 0.907546 0.997242 0.935169 0.944871 0.976206 
0021 0.229685	1.05097 0.990715 0.951579 1.00264 1.03491 1.17123 1.0027 0.928341 1.08691 0.999454 
0022 0.0723562	1.14143 0.91721 0.851405 0.96146 0.958969 1.18348 0.976043 0.843205 1.03887 0.980055 
0023 0.125788	1.00463 0.964575 0.929487 0.9265 1.0304 1.08202 1.00726 0.899193 1.02454 0.974049 
0024 0.10872	1.13539 1.0154 0.985661 1.07724 0.996431 1.09585 1.01581 0.951836 0.993581 1.01832 
0025 0.0834879	0.887871 0.966989 1.02516 1.05658 0.943489 0.911645 1.01661 1.0007 0.96568 1.02715 
0026 0.155102	1.01237 1.03817 1.06698 1.08174 1.01863 0.870952 0.953314 1.02858 0.960748 1.05777 
0027 0.0949907	1.00839 0.994329 0.991769 1.01731 0.970127 0.806698 0.9819 0.964674 0.912205 1.04549 
0030 0.0733198	0.895702 0.986853 1.04572 0.941737 0.970903 0.988222 1.04903 0.942287 1.01222 0.979283 
0031 0.187882	0.99526 1.00714 0.986032 0.990207 1.05079 1.1431 1.04133 1.02921 1.071 1.03372 
0032 0.058554	1.12747 1.06608 1.15602 1.07954 1.06179 0.885644 1.01114 1.13644 0.948133 1.11596 
0033 0.0992872	0.999517 1.05211 1.05417 1.00114 0.949842 0.820458 0.995935 1.02764 0.863319 0.989403 
0034 0.241853	1.06434 1.01969 1.0364 1.07142 0.995354 0.96652 0.9977 1.02795 1.03064 1.06536 
0035 0.189919	1.08305 0.988359 0.9327 0.991588 1.01141 1.08686 0.969231 0.973388 1.06134 0.982525 
0036 0.061609	1.10393 1.05586 0.907575 0.908566 1.01671 1.38462 1.0986 0.857501 1.23447 0.926027 
0037 0.0875764	1.06669 0.995785 0.932129 0.990413 0.952098 1.08079 1.00447 0.889611 1.02515 0.926857 
0040 0.0649702	0.997403 0.956919 1.10142 1.01321 0.981204 0.775409 1.02344 1.10559 0.965896 1.07609 
0041 0.118571	1.13551 0.980158 0.976954 0.938335 1.04731 1.10392 1.0601 0.96525 1.02513 0.987718 
0042 0.121819	1.00089 0.968554 1.03202 0.965511 0.942344 0.959178 1.06111 0.968407 0.916988 0.973611 
0043 0.17163	1.05962 0.987569 1.03289 1.02853 1.05426 1.02228 1.027 1.00273 1.02826 1.07625 
0044 0.053059	1.08275 1.02585 1.063 1.07641 0.988879 0.877131 1.03317 1.12613 0.936751 1.08105 
0045 0.211153	1.02769 1.02 1.03306 1.01811 1.01261 1.08576 1.11037 0.95085 1.02882 0.990792 
0046 0.11072	1.00411 0.924633 0.906075 0.900101 0.962828 1.06344 1.04828 0.946986 1.05438 0.945709 
0047 0.148078	1.1497 0.993945 0.93766 1.03127 0.974539 1.01395 1.00226 0.941926 0.952878 1.00517 
0050 0.248296	0.966334 0.974067 1.03179 0.996607 0.945372 1.0463 1.01043 0.967365 1.01053 0.927186 
0051 0.0817916	0.993203 0.993855 1.05358 1.04771 1.03194 1.14568 0.981998 1.05918 1.08465 1.04371 
0052 0.159688	1.15594 0.956516 1.01431 0.977703 1.06035 1.07891 0.940006 1.01323 1.06099 1.00534 
0053 0.104836	0.922107 0.955256 1.19209 0.973744 1.01568 0.927143 1.00221 1.12081 0.998391 1.03487 
0054 0.166829	0.930792 0.990694 1.0896 1.0194 0.95499 0.902065 0.989761 1.05696 0.927363 0.994895 
0055 0.0522558	0.983202 1.04496 1.16726 1.11658 1.03648 0.800534 0.946411 1.22718 0.945557 1.12889 
0056 0.128854	1.08973 0.969464 0.968986 0.983569 0.997963 1.27791 1.04542 0.937085 1.08342 0.903997 
0057 0.0574489	1.21686 0.990402 1.04987 1.11098 1.03832 1.10095 0.955168 1.04279 0.95046 1.01766 
0060 0.114272	1.03321 1.00311 0.948972 1.03392 0.975827 1.07317 0.943571 0.975035 1.0523 0.983802 
0061 0.163246	1.01946 1.05517 1.05789 1.04667 0.996493 0.898848 0.988347 1.07681 0.996167 1.07069 
0062 0.146921	1.08937 1.011 0.966337 1.00222 1.0553 1.04155 0.957805 0.958767 1.1576 1.00697 
0063 0.0471957	0.940967 1.08009 1.02185 0.981269 0.968656 1.08719 1.09211 0.939295 1.09788 0.949726 
0064 0.0943915	0.970744 1.03321 1.11277 1.08351 0.959828 0.848461 1.04632 1.07894 0.923291 1.02292 
0065 0.0880879	1.00619 0.944994 0.912165 0.958446 0.948649 0.997659 0.936462 0.959234 0.955023 0.932796 
0066 0.174398	0.897799 0.978984 0.951824 0.931927 0.988236 0.973782 1.02323 0.994955 1.01909 0.988176 
0067 0.171489	0.935452 1.01745 1.12211 0.981464 1.01856 0.856752 1.04706 1.06482 1.03828 1.03745 
0070 0.12967	0.875152 1.00771 1.02715 0.946345 1.02429 0.828407 0.99834 1.10817 0.923012 1.04157 
0071 0.183816	0.890553 1.02595 1.07659 1.04052 0.959904 0.760292 0.953002 1.08513 0.909596 1.04326 
0072 0.181618	1.02481 1.0289 0.993675 1.06518 1.01772 1.06886 0.9707 1.00345 1.01633 1.04747 
0073 0.0771229	0.962878 0.979698 0.841987 0.997358 0.944532 1.20043 0.954663 0.963156 1.03234 0.918739 
0074 0.18002	1.01617 1.00041 0.968252 1.01203 1.05388 1.03253 0.968103 1.03973 1.02129 1.01443 
0075 0.117283	0.988227 1.00321 0.969466 0.919245 1.01196 1.04174 0.978726 0.943842 1.02975 0.941188 
0076 0.0505495	1.02318 1.07166 1.09467 0.997197 1.07408 1.06354 1.04454 1.09097 1.10265 1.03566 
0077 0.0799201	0.844484 1.00115 0.998449 0.932266 0.953929 1.03287 1.04025 1.02463 0.985303 0.952086 
0100 0.14592	1.03665 1.02613 1.05101 1.11782 0.996308 0.841967 0.962233 1.08774 0.917141 1.04169 
0101 0.0959007	1.01774 0.960597 1.06616 0.959063 0.999733 0.986825 0.99621 0.933687 1.01906 0.957458 
0102 0.110944	0.89288 0.897008 1.037 0.912688 0.945789 0.813411 1.01209 0.978901 0.903865 0.946613 
0103 0.0691989	1.17604 1.01718 1.02497 1.08581 1.05191 0.989487 0.935783 1.07614 1.06337 1.04502 
0104 0.0703272	1.20369 1.03278 0.93777 1.07873 1.04345 1.29593 0.943892 1.01449 1.05658 0.995366 
0105 0.176382	0.954112 0.956179 1.02966 0.977075 0.9734 0.934375 0.982118 1.00509 0.967328 0.96759 
0106 0.213238	1.04245 1.01494 0.996534 0.967364 1.05595 1.04764 1.03148 1.01611 1.05822 0.986619 
0107 0.11809	1.07992 0.993689 0.999587 1.04005 0.9549 1.11965 0.93968 0.938356 1.02667 0.934936 
0110 0.0980791	0.974535 0.986607 1.0528 1.00249 1.01221 0.815274 0.91926 1.05032 0.955022 1.07289 
0111 0.103549	0.998926 1.10438 1.13854 1.0805 1.04369 0.961632 1.02936 1.08208 1.02495 1.07497 
0112 0.220964	1.01646 1.02008 0.967774 0.963166 0.995018 1.13033 0.999041 0.966243 1.02994 0.963284 
0113 0.122885	0.839624 0.989165 1.00105 0.975921 0.966582 0.983691 1.02936 1.02452 0.95166 1.02861 
0114 0.0927363	1.01684 1.05421 1.0534 1.08025 0.989285 1.04035 1.01518 1.03676 0.922594 1.03622 
0115 0.109655	0.919325 1.01857 1.16598 1.02355 0.951268 0.920559 1.06707 1.04189 0.910449 1.01645 
0116 0.173133	1.04719 1.03861 0.990646 1.03159 1.03146 1.09469 0.989646 1.00792 1.11075 1.01224 
0117 0.0789976	0.982008 1.0179 1.01435 0.940851 1.04711 1.16913 1.0362 0.974881 1.15575 0.997913 
0120 0.133297	0.990341 0.991979 0.931037 1.00471 0.966832 1.15279 0.953533 0.96898 1.03137 0.970595 
0121 0.175201	1.05831 1.00047 1.01499 1.06839 0.986467 0.859245 0.986361 1.09177 0.892446 1.07509 
0122 0.0496704	0.880038 0.97901 0.966152 0.879058 0.946379 0.975551 1.00736 0.899138 0.968085 0.926652 
0123 0.193624	0.913133 0.994708 1.06268 0.979462 0.953447 0.903802 1.03636 1.06412 0.926752 0.99227 
0124 0.161925	1.12606 1.05234 0.932289 1.05708 1.04636 1.15922 0.971158 0.968057 1.10495 1.0112 
0125 0.056263	1.00232 1.11999 1.13229 1.08019 1.02084 0.923213 1.0574 1.16362 1.00335 1.09577 
0126 0.0991601	0.984714 0.952862 0.936445 0.902817 1.02038 1.12477 0.982483 0.969814 1.06376 0.994699 
0127 0.130859	0.96831 0.997669 1.01818 0.967461 1.03431 0.954791 1.04981 1.03223 1.00029 1.00564 
0130 0.164161	0.968596 1.02603 0.994259 0.954727 1.00932 1.21189 1.05138 0.92433 1.09611 0.935833 
0131 0.0412413	0.978154 1.02274 1.03868 0.948767 1.06691 1.12198 0.999078 0.964073 1.12625 0.994643 
0132 0.160865	1.00865 0.972673 0.941441 0.954612 0.95203 1.09111 0.950437 0.924645 1.05634 0.946949 
0133 0.0533001	0.855714 0.988674 1.116 1.07057 0.933621 0.793471 1.01034 1.10218 0.899858 1.06823 
0134 0.0924512	0.96727 1.03753 1.14993 1.04924 1.00426 0.851858 0.993254 1.03373 0.919372 1.0719 
0135 0.151379	1.05501 1.05967 1.03378 1.1168 1.02789 0.975425 0.976652 1.06677 1.03596 1.08027 
0136 0.190289	0.998272 0.962816 0.958163 1.00349 1.0328 1.05662 0.938125 1.03305 1.03206 1.05019 
0137 0.146314	0.911486 1.00723 1.02797 1.04705 0.966486 1.04646 1.01511 1.05165 1.00404 1.03583 
0140 0.0746938	1.02338 1.07137 1.00006 1.05551 1.05749 0.866971 1.00347 1.12156 0.942725 1.08593 
0141 0.0866448	0.891894 0.953072 0.986728 0.947799 0.944841 0.887937 0.988763 0.990128 0.984007 0.923013 
0142 0.125486	0.930174 0.93482 0.970394 0.955893 0.984091 0.877404 0.956388 0.964881 0.982209 0.998144 
0143 0.112041	0.950457 1.00257 1.04043 1.03529 0.968169 0.857402 1.02918 1.05557 0.884417 1.05855 
0144 0.115028	1.09198 0.986361 0.856546 1.04982 0.993254 1.02454 0.947271 0.974763 0.986025 0.995395 
0145 0.138034	0.996088 0.958759 0.871383 0.888884 1.01817 1.16008 0.977905 0.870606 1.11668 0.917587 
0146 0.0779803	0.864481 1.00722 1.06736 0.971707 0.979519 0.766293 1.02355 1.03622 0.924431 1.01034 
0147 0.270093	1.04493 1.04191 0.996764 1.03022 1.02638 1.06214 0.983584 0.979446 1.05961 0.98438 
0150 0.094589	0.969904 0.935747 0.951429 1.01577 0.944952 0.928214 0.963486 0.942811 0.957861 0.985191 
0151 0.145394	0.933158 0.957816 0.916462 0.936958 0.982364 1.35256 1.01855 0.889726 1.08483 0.892304 
0152 0.205287	0.953115 0.988689 1.01105 0.967281 1.01554 1.01016 0.989156 0.989246 1.08606 1.04418 
0153 0.140644	0.974303 1.04393 1.11692 1.0839 0.945293 0.818016 1.03519 1.02869 0.894769 1.08906 
0154 0.0450227	1.00961 0.98676 0.952497 0.940881 1.08263 1.33327 1.04316 0.926273 1.17011 0.957852 
0155 0.170384	1.0152 1.0036 0.954398 1.02219 1.00287 1.05009 0.987793 0.967877 1.00207 0.984332 
0156 0.0910781	0.864507 0.933119 0.982289 0.971758 0.915749 1.10993 0.990666 0.949282 0.981808 0.949156 
0157 0.1076	0.964138 1.00021 1.07754 1.09598 1.02618 0.924361 0.996882 1.08013 0.933425 1.08716 
0160 0.203116	1.05619 0.970915 0.916228 1.0228 1.03177 1.20024 1.00146 1.02417 1.09368 1.01891 
0161 0.0747875	0.873282 0.92743 0.989027 0.953156 0.941484 0.978342 1.00212 0.975281 0.971688 0.965621 
0162 0.15949	0.985042 0.9544 0.942222 0.912144 1.01235 1.13339 1.01109 0.951457 1.01342 0.974154 
0163 0.121246	0.866871 0.983399 1.04678 0.962041 0.958884 0.809197 1.03392 1.04269 0.906814 1.0224 
0164 0.0594901	1.04803 0.956333 0.905507 0.981801 0.996709 1.45356 1.02891 0.889008 1.13302 0.9029 
0165 0.0640227	1.10826 1.00768 0.972442 1.0493 1.06602 1.06179 0.959112 1.04284 1.05292 1.05782 
0166 0.0852691	1.0099 0.9781 0.987452 1.01764 0.958001 1.11211 1.03174 0.950205 1.06085 0.951446 
0167 0.232578	0.973231 1.0454 1.05825 1.06146 0.996199 0.940887 1.0087 1.06226 1.00037 1.05067 
0170 0.0817669	0.970988 1.02351 1.11623 0.982666 1.01307 0.910221 1.09251 1.10702 0.942473 1.05821 
0171 0.183584	1.03527 0.989426 0.952508 0.947116 1.01979 1.14901 1.00325 0.983938 1.06083 0.970595 
0172 0.137531	1.08013 0.981109 0.953289 1.02856 1.05051 1.24607 1.02019 1.03 1.03716 1.02757 
0173 0.0538847	1.16618 1.00924 1.05886 1.10071 1.04719 1.13684 0.946451 1.08451 1.08383 1.07347 
0174 0.155388	1.18496 0.997239 0.938031 1.05445 0.977935 1.21935 0.9935 0.992765 1.07239 0.978848 
0175 0.0570175	0.961804 0.94259 1.04149 1.02982 0.99898 0.863752 0.959798 1.08702 0.944844 1.07586 
0176 0.225564	1.01986 0.935215 0.903824 0.946404 0.95741 0.976033 0.959826 1.0381 1.01405 0.98812 
0177 0.105263	0.830158 0.979445 1.11424 1.02886 0.941741 0.774535 1.00066 1.08533 0.923476 1.04656 
1000 0.0564103	1.00112 0.980633 0.89003 0.95228 1.04862 1.1357 0.985029 0.964529 1.03292 1.00138 
1001 0.0871795	0.901555 0.979099 1.0449 1.1318 1.00123 0.85338 1.01202 1.14589 1.01164 1.09454 
1002 0.0987179	1.10191 1.01872 0.941454 0.998711 1.02519 1.20274 1.09959 0.96123 1.10003 0.960479 
1003 0.220513	0.923432 0.984849 1.03625 0.939784 1.02434 0.945625 1.04367 1.01618 1.0457 0.985428 
1004 0.0628205	0.79171 0.980501 1.09321 0.9499 0.94693 0.972331 1.10536 1.03653 1.03228 0.999137 
1005 0.238462	0.823718 0.952631 0.921057 0.961297 0.945683 0.92637 1.00951 1.04646 0.982573 0.962757 
1006 0.0794872	1.01291 0.989918 0.978045 1.04369 1.08179 1.06386 1.01908 1.01864 1.08915 1.07052 
1007 0.15641	0.825909 1.02819 1.06625 1.04269 1.02178 0.853169 1.02382 1.10543 1.09272 1.08952 
1010 0.112378	1.04374 1.01003 1.02907 0.956578 0.984781 1.07413 1.0286 0.936454 1.02468 0.964646 
1011 0.143322	1.00741 1.02888 0.92923 1.04052 0.990632 0.984985 0.996163 1.00011 0.957951 1.03064 
1012 0.166124	0.924853 0.981503 1.04083 0.973147 1.04709 0.978324 1.03463 0.993392 1.09187 1.03222 
1013 0.0594463	0.947868 1.03668 1.14441 1.10815 0.997413 0.871701 1.00314 1.10554 0.974811 1.09579 
1014 0.0578176	1.11509 1.01845 1.0142 1.06836 1.03201 1.16521 0.994532 0.91816 1.06142 0.975469 
1015 0.123779	0.968096 0.958967 1.0557 1.05322 0.954617 1.01987 0.997858 0.968056 0.956062 0.971052 
1016 0.135993	0.921416 0.949838 0.911417 0.941682 0.961486 1.01172 0.972204 0.969861 0.99472 0.964744 
1017 0.20114	0.878312 1.00615 1.00293 0.927034 0.97907 1.02617 1.09109 0.953952 1.00724 0.923188 
1020 0.0913563	0.874335 1.01503 1.0933 1.04364 1.02942 0.727441 0.939199 1.1648 0.939446 1.09655 
1021 0.176388	0.934355 1.00492 1.01755 0.944989 0.992829 0.96156 0.991065 0.930427 1.02965 0.9226 
1022 0.054111	0.799014 0.99311 1.11069 1.05346 0.956079 0.823501 0.976601 1.12197 0.990601 1.02491 
1023 0.0688686	0.856986 1.04608 1.10906 1.02749 0.946426 0.8165 1.02128 1.00304 0.902016 0.98788 
1024 0.174982	0.952525 0.976717 0.959296 1.00399 0.999736 1.00329 0.912461 1.0212 1.12619 1.02812 
1025 0.231202	0.963006 1.01073 1.03236 0.972607 1.04246 1.03749 1.01012 1.00511 1.09574 0.993021 
1026 0.0548138	0.967457 1.01343 0.942207 1.03472 0.972008 1.07285 0.962111 0.955708 1.0256 0.932364 
1027 0.148278	0.989186 1.01611 0.948372 0.986086 0.950633 1.06556 0.998231 0.929098 1.00016 0.936696 
1030 0.16676	0.975521 1.01242 0.962996 0.964132 0.95036 1.08465 1.02746 0.945565 0.909875 0.970206 
1031 0.0853318	0.998326 1.04373 1.05137 1.02856 1.07733 1.04921 0.999318 1.07962 1.03624 1.11723 
1032 0.225321	1.06549 0.965871 0.971217 0.957382 1.03157 1.10592 0.962051 0.980538 0.987663 1.01098 
1033 0.147797	1.14895 0.984839 0.970463 1.04609 0.98742 1.11324 0.982757 0.991052 1.00726 1.02404 
1034 0.0791969	0.995879 1.04446 1.16846 1.0717 1.00983 0.739829 1.00709 1.14742 0.841456 1.14819 
1035 0.163971	1.00705 1.00624 1.06791 1.00046 1.01603 0.935025 0.993365 1.01878 0.956675 1.04197 
1036 0.0697156	1.03711 1.01201 1.07316 1.06122 0.979671 0.986178 0.967071 1.1172 0.930857 1.09336 
1037 0.0619074	1.06064 1.08683 1.05855 1.078 1.04327 1.27625 1.02324 1.00303 1.06042 1.04611 
1040 0.169734	1.0217 1.02118 0.954241 0.927482 1.06856 1.14957 0.982034 0.938256 1.16886 0.972169 
1041 0.115165	0.913676 0.957045 0.956235 0.906233 0.965718 1.01894 1.00504 0.898251 1.03255 0.910826 
1042 0.156091	0.863768 0.992412 1.10898 0.940762 0.982743 0.797289 1.00319 1.06812 0.913428 1.01085 
1043 0.0939086	0.94057 1.01158 1.10161 1.02279 1.03615 0.938484 0.971773 1.03044 1.06339 1.05387 
1044 0.135152	0.936563 1.05069 1.08213 1.09081 0.979916 0.899016 0.993957 1.10729 0.978815 1.07911 
1045 0.130711	1.05835 1.02927 1.01348 1.06891 1.04768 1.14482 0.944941 0.998496 1.06596 1.01396 
1046 0.123096	1.09361 1.00395 0.964221 1.01024 0.994532 1.13637 0.928818 0.955909 1.08374 0.942225 
1047 0.0761421	1.10658 1.04176 1.01072 1.05779 0.924156 1.01041 0.95505 0.956076 0.928764 0.971902 
1050 0.0952096	0.98644 0.975396 1.05205 0.892205 1.01416 0.94111 1.06278 0.971475 1.04535 0.974529 
1051 0.143713	1.13563 0.95855 0.936503 1.0016 0.988567 0.970804 0.93795 1.02737 1.00759 1.04025 
1052 0.0796407	0.855799 0.931674 1.08592 1.00453 0.930895 0.748017 1.00335 1.02757 0.945729 1.02909 
1053 0.054491	1.18642 1.03413 0.928681 1.10054 1.01364 1.19611 1.05199 0.995395 1.07648 0.966324 
1054 0.156287	1.16313 1.02861 1.0548 1.05495 1.06047 1.07908 0.997459 1.0752 1.06357 1.09242 
1055 0.18503	0.972785 1.0118 1.07219 1.04238 0.983027 0.825388 0.982472 1.06899 0.901776 1.02933 
1056 0.122754	1.14342 1.02062 0.938352 0.973594 1.03147 1.32524 0.988711 0.955864 1.18406 0.965627 
1057 0.162874	1.05571 0.954261 0.953546 0.946189 0.964388 0.955313 0.962307 0.948143 0.97648 0.945107 
1060 0.0877193	1.01304 0.98054 1.0041 0.981492 1.04098 0.984328 0.905139 0.961291 1.09005 0.999498 
1061 0.140351	1.08141 1.03333 1.04093 1.11654 1.02484 1.11005 0.94663 1.01871 1.07223 1.03297 
1062 0.0649773	1.01083 0.976196 0.890549 0.971009 0.968677 1.13528 0.93212 0.90809 1.12509 0.91492 
1063 0.180637	0.950892 0.975634 1.03388 1.01741 0.986072 0.898286 0.901567 1.00531 0.985677 1.02525 
1064 0.207277	0.908969 0.987781 1.05947 1.02439 0.980541 1.12413 0.98645 1.00076 1.05378 0.961418 
1065 0.122807	1.02236 0.978011 0.933221 0.948544 1.02887 1.06396 0.911026 0.932566 1.1283 0.930219 
1066 0.0890188	1.00802 1.0496 1.08692 1.05142 1.06538 0.934214 0.954513 1.07724 1.03219 1.08129 
1067 0.107212	0.988901 0.968855 1.01604 0.978793 1.01158 1.0952 0.931998 0.971047 1.09359 0.981062 
1070 0.050815	0.989517 0.99079 0.87238 0.886684 1.00303 1.20344 0.990229 0.94358 1.05956 0.894979 
1071 0.168744	1.07204 1.04601 0.955517 1.02312 0.974454 0.921726 0.984465 1.03357 0.957077 0.984732 
1072 0.153404	0.975167 0.996042 0.985206 0.945407 0.98273 1.01071 1.01248 0.975251 0.986341 0.976985 
1073 0.216683	1.00895 1.03524 1.04827 1.06754 1.00472 0.783755 0.923124 1.1416 0.952598 1.11853 
1074 0.071908	1.06494 1.10046 0.946173 1.03298 1.06419 1.15001 1.0123 1.08822 1.06397 1.02637 
1075 0.0824545	0.871257 1.00441 1.05367 0.955293 1.03402 0.831277 0.980966 1.10531 1.06167 1.08057 
1076 0.106424	0.96885 1.00837 0.901552 0.90849 1.05585 1.16725 1.0294 0.988953 1.1389 1.01478 
1077 0.149569	0.953471 1.0031 0.997339 0.951264 1.00303 0.872649 0.966755 1.06812 1.00304 1.03109 
1100 0.0890782	0.900978 0.938296 0.930214 0.953178 0.958033 0.943775 0.977878 1.0139 1.04441 0.997826 
1101 0.153369	0.927849 0.946213 1.0346 1.0113 1.00659 1.02099 1.03409 1.03112 0.997413 1.00639 
1102 0.184353	0.984123 0.961935 0.939623 0.948241 1.00864 1.17841 1.06683 0.904374 1.05772 0.929754 
1103 0.208366	0.961197 1.01345 1.01478 1.03028 0.941817 1.01825 1.05326 0.939586 0.922243 0.983955 
1104 0.0580945	0.918008 1.02112 1.13007 1.06634 0.975016 0.902108 1.13069 1.0373 0.904191 1.01824 
1105 0.185128	1.04265 1.00052 1.03679 1.0373 1.03081 1.17069 1.05606 1.01588 1.084 1.01862 
1106 0.0487994	0.882938 0.932606 1.12594 1.01555 0.943101 0.677452 0.994939 1.04105 0.858074 1.02957 
1107 0.0728118	1.03901 1.0397 1.05216 1.14356 0.984316 1.0219 1.02124 1.02752 0.968623 1.04638 
1110 0.165101	1.06141 1.04104 1.05018 1.05892 1.01536 0.990901 0.966924 1.11228 1.00612 1.11455 
1111 0.111409	0.799729 0.975272 1.107 0.960934 0.981926 0.838637 1.02077 1.03013 1.00523 1.02841 
1112 0.0657718	0.92291 1.005 1.03055 1.05426 0.948268 0.719387 0.956674 1.06232 0.83404 1.04943 
1113 0.061745	0.903944 0.996112 0.939042 0.933636 0.943994 0.806526 0.943838 0.986583 0.946907 0.967427 
1114 0.0389262	1.15445 1.12994 0.968407 1.07995 1.08597 1.20007 0.99053 1.05528 1.05713 1.04455 
1115 0.186577	0.880933 0.986596 0.935904 0.928687 1.0122 1.14733 0.965324 0.966427 1.18303 0.99109 
1116 0.193289	0.9616 1.02702 0.975307 0.993242 1.07082 1.1665 1.01345 0.974705 1.12364 1.03231 
1117 0.177181	1.16789 1.06109 0.914389 0.977956 0.983869 1.3194 0.982964 0.929722 1.09541 0.991903 
1120 0.0542778	0.891312 1.05073 1.11545 1.12642 0.965703 0.776521 1.00258 1.09 0.891214 1.05969 
1121 0.199632	0.964799 0.952399 0.967172 0.926251 1.0098 1.25204 0.994176 0.933581 1.1439 0.972567 
1122 0.237351	1.03763 0.964986 0.927877 0.973061 0.963428 1.13998 0.945892 0.934944 1.03382 0.973135 
1123 0.0671573	0.977203 1.06917 1.00721 1.02604 0.95512 1.18801 0.963694 0.966339 1.01464 0.989812 
1124 0.0837167	0.825991 1.06838 1.14987 1.00123 0.987144 0.962148 1.05094 1.08065 1.00874 1.06089 
1125 0.110396	0.958651 1.01082 1.14563 1.0802 1.01165 1.03703 1.01021 1.01392 1.04537 1.02053 
1126 0.124195	1.00686 1.0286 1.0203 1.00568 1.03911 1.11304 1.00804 0.989477 1.06066 1.05906 
1127 0.123275	0.885434 1.03546 1.11391 0.9988 0.948763 0.916111 0.991347 0.970168 1.01522 1.0089 
1130 0.111411	0.942056 0.962901 0.985934 0.99497 0.967345 0.838185 1.00224 0.93492 0.933455 1.00435 
1131 0.176101	0.926385 0.998553 1.01401 1.0528 0.999885 0.766977 0.989407 1.05759 0.895216 1.04905 
1132 0.124888	0.949647 1.01584 0.930054 0.954289 1.03319 1.1765 1.02619 0.923449 1.09256 0.969253 
1133 0.10602	1.04482 1.00532 0.953817 1.05693 1.03142 0.851063 1.00409 1.0144 0.921222 1.04198 
1134 0.230009	1.01491 1.06811 1.01566 1.04094 1.05685 1.19355 1.04948 0.992261 1.05229 1.00828 
1135 0.131177	1.05433 1.00637 0.910575 1.02658 0.991173 1.18967 1.07486 0.925537 1.02077 0.963376 
1136 0.0566038	0.931782 0.987913 0.829688 0.894414 0.958289 0.979138 1.05301 0.914849 0.947184 0.953417 
1137 0.0637916	0.910222 1.03496 0.928932 0.993846 0.951173 0.996964 1.02305 0.938175 0.939412 0.917093 
1140 0.0854503	1.03007 0.995366 0.981166 0.957536 0.988402 0.927203 0.970276 0.97881 0.920955 1.03808 
1141 0.176674	1.01803 0.990164 0.917816 1.02884 1.01033 1.17376 1.01457 0.957979 1.01629 0.974639 
1142 0.183603	1.03752 0.990194 0.917112 0.971457 0.966528 1.20873 0.986173 0.935861 1.12327 0.949798 
1143 0.0508083	1.09722 1.02929 0.936394 0.937287 1.07699 1.19368 1.03163 0.962149 1.02542 0.964449 
1144 0.0842956	1.1106 1.05817 1.11094 1.07718 1.03064 1.16036 1.05636 1.06494 1.03133 1.01662 
1145 0.101617	1.10007 0.98089 0.961778 0.970109 1.03484 1.22982 0.996625 0.943741 1.03618 0.941472 
1146 0.154734	1.01159 1.02531 1.06968 1.05276 1.01233 0.894228 1.02097 1.06103 0.87057 1.06672 
1147 0.162818	1.06186 1.05127 1.05678 1.07845 0.978005 0.929627 0.982273 1.04616 0.905082 1.0504 
1150 0.161981	0.94177 0.971105 0.961044 0.961194 1.00694 1.0611 1.00379 0.946316 1.05454 1.00076 
1151 0.107095	1.02825 1.04592 1.0368 1.04794 1.03975 0.893079 0.980094 1.07251 1.00794 1.08662 
1152 0.219545	0.888328 0.954691 1.05147 0.984322 0.978522 0.861889 1.0651 1.0559 0.898993 1.0544 
1153 0.11245	0.895005 1.00332 0.934497 0.902788 1.04121 1.18053 1.1378 1.01747 1.09722 0.978405 
1154 0.148594	0.981238 1.03667 1.0538 1.10538 0.990598 0.881079 0.983304 1.11611 0.964238 1.08733 
1155 0.0548862	0.882332 1.00251 1.07388 1.05092 0.926194 0.764695 1.01811 1.07061 0.878049 1.03717 
1156 0.0990629	1.01509 0.985535 0.920446 0.95813 0.975215 1.0997 1.06268 0.958462 0.912829 0.94169 
1157 0.0963855	0.979204 1.05864 1.10333 1.06877 0.96836 0.939952 1.05819 1.05544 1.00343 1.03841 
1160 0.108003	1.05845 1.05273 1.05684 1.01336 1.03649 0.994142 1.01619 0.998207 1.0133 1.00521 
1161 0.0808081	1.01484 1.05798 1.14308 1.04372 1.0607 0.907217 1.01951 1.01771 0.980808 1.07869 
1162 0.198912	0.984805 1.01523 1.10007 1.00065 0.987864 1.01028 1.00679 0.995126 0.97551 0.984826 
1163 0.125097	0.858099 1.01319 1.16753 0.999738 1.00677 0.843742 0.983248 1.03879 0.953038 1.02625 
1164 0.0644911	1.16481 0.992284 0.95765 1.02656 0.992495 1.00349 0.917276 0.897223 0.936916 0.957453 
1165 0.200466	0.923116 0.944945 0.975294 0.907478 0.956174 0.997563 0.954454 0.942357 0.978684 0.916167 
1166 0.0691531	1.12957 1.00545 0.978377 1.05837 1.04292 1.06971 0.941404 1.0356 1.02224 1.01504 
1167 0.153069	1.07658 0.979968 0.985797 0.981143 1.03261 1.08781 0.959579 1.01161 1.10408 1.0022 
1170 0.111166	1.00522 1.00864 0.947303 1.04924 1.08572 1.1094 1.00945 1.01167 1.00785 1.00438 
1171 0.0641528	0.952946 0.958628 0.990083 0.978072 1.03374 1.28828 1.06753 0.89437 1.0759 0.955594 
1172 0.142507	0.903359 0.988696 0.988354 0.983318 1.04773 0.945911 0.983913 1.04844 0.966438 1.03419 
1173 0.0523996	0.943001 0.972101 0.867838 0.958841 0.96791 1.3817 1.0246 0.900119 1.02354 0.907617 
1174 0.17189	0.880569 0.949349 1.07671 1.08276 0.973361 0.844971 0.969643 1.13837 0.882066 1.06706 
1175 0.235553	0.98485 0.973199 0.971687 1.03726 1.00095 1.12508 1.00672 1.01932 0.980563 0.989009 
1176 0.0778648	1.06411 0.918407 0.832998 0.933247 1.00657 1.36072 0.949969 0.842176 1.06896 0.871209 
1177 0.144466	0.858834 0.916373 0.984175 0.965002 0.95636 0.97499 0.981033 0.954429 0.933255 0.955416 
BOUNDS
LWPS R    0.0  0.0  0.0  0.0  0.0  0.0  0.0  0.0  0.0  0.0
UWPS R    0.5  0.5  0.5  0.5  0.5  0.5  0.5  0.5  0.5  0.5
LXAS R   -0.5 -0.5 -0.5 -0.5 -0.5 -0.5 -0.5 -0.5 -0.5 -0.5
UXAS R    0.5  0.5  0.5  0.5  0.5  0.5  0.5  0.5  0.5  0.5
END
