NAME moment_estimation_cluster
ASSETS 10
BENCHMARKS 0.1 0.1 0.1 0.1 0.1 0.1 0.1 0.1 0.1 0.1 
COVARIANCES
0 0 2.52656
1 0 0.140012
1 1 0.0165348
2 0 0.0722687
2 1 -0.00162516
2 2 0.0788483
3 0 0.279965
3 1 0.0137253
3 2 0.0361744
3 3 0.0705645
4 0 0.24566
4 1 0.016639
4 2 0.0148934
4 3 0.0400304
4 4 0.032177
5 0 0.454674
5 1 0.0275107
5 2 0.0439086
5 3 0.082124
5 4 0.0591592
5 5 0.124435
6 0 0.39606
6 1 0.0248856
6 2 0.0519422
6 3 0.0649838
6 4 0.0492289
6 5 0.101408
6 6 0.105771
7 0 0.0337949
7 1 -0.000660673
7 2 0.0878883
7 3 0.0375538
7 4 0.0145412
7 5 0.0504269
7 6 0.0616914
7 7 0.12068
8 0 -0.0276615
8 1 0.00488453
8 2 -0.00915125
8 3 -0.0147722
8 4 -0.00409451
8 5 -0.0128104
8 6 0.00173887
8 7 -0.00102327
8 8 0.0254095
9 0 0.132982
9 1 0.0057052
9 2 0.0351323
9 3 0.0341996
9 4 0.0213932
9 5 0.0457432
9 6 0.0475189
9 7 0.0407668
9 8 0.00183964
9 9 0.0357417
SCENARIOS
0 0.31354	8.64857 1.04643 1.2725 1.24061 1.22661 1.45349 1.4523 1.31621 1.00392 1.21371 
1 0.68646	1.32389 1.02936 0.905948 0.915989 1.02193 0.891193 0.899323 0.925537 1.07935 0.922152 
00 0.367417	8.45207 1.09893 0.812684 1.30267 1.16551 1.25133 1.27537 0.975158 1.09635 0.948343 
01 0.632583	0.197373 0.948985 1.15336 0.981284 0.951746 0.865126 0.848304 1.24213 0.955105 1.03703 
10 0.18508	16.3779 1.24648 1.2738 1.23713 1.24047 1.65224 1.72592 1.14945 0.812704 1.0868 
11 0.81492	0.687693 0.91772 1.0304 0.87382 0.8266 0.873592 0.89242 0.947215 0.95396 0.877749 
000 0.187674	0.13561 0.885007 0.750334 0.731554 0.844832 0.746628 0.712766 0.465514 0.964673 0.812912 
001 0.0967882	0.896444 0.988473 1.06307 0.974962 1.17401 1.40027 1.12957 0.885029 0.932258 1.07584 
002 0.0498264	0.00902421 0.905216 0.916816 0.651961 0.664846 0.453183 0.444099 0.716747 0.816873 0.834469 
003 0.21875	0.100481 0.847287 1.53461 0.998408 0.897847 0.955042 0.907382 1.4826 1.05439 1.37996 
004 0.178472	0.450871 1.04863 1.35738 0.8983 0.891447 1.24816 1.27257 1.0775 1.02196 1.23845 
005 0.11467	25.5239 1.05955 1.18738 1.51897 1.47573 2.57881 1.32329 0.971448 0.520226 1.32889 
006 0.0801215	2.90672 1.12193 1.37252 0.872959 1.10872 1.31058 1.3753 1.06901 0.890635 1.45784 
007 0.0736979	1.55718 1.24051 1.2998 0.992035 1.13785 1.55602 1.17283 1.18287 0.917517 1.102 
010 0.0823334	1.33885 0.974046 1.40041 1.42514 1.08792 1.48738 1.71456 1.46906 1.22414 1.22453 
011 0.10603	0.332464 0.788567 1.34085 0.871993 0.749727 0.88258 0.988332 1.44692 0.874494 1.07551 
012 0.0655944	0.958205 0.834217 2.02942 1.05918 0.949761 1.38041 1.68594 2.69138 0.969669 1.27477 
013 0.114248	25.3662 1.12652 1.12051 1.58889 1.18439 2.02581 1.83433 1.37102 0.992839 1.55875 
014 0.127206	0.14596 1.01524 0.758555 0.58803 0.734625 0.605582 0.70332 0.880981 1.16169 0.684181 
015 0.119189	0.371692 0.91091 1.00902 1.07094 0.939447 1.00114 0.834206 0.9883 1.08538 0.975462 
016 0.279369	0.851377 0.990759 0.584131 0.845556 0.83822 0.773033 0.737736 0.496382 0.926925 0.746937 
017 0.10603	3.73172 1.21953 1.11278 1.21371 1.11863 1.46013 1.53326 1.08893 0.839229 0.83414 
100 0.184967	0.101374 0.803246 0.610012 0.898138 0.779964 0.738279 0.621657 0.655879 1.16515 0.867945 
101 0.080913	35.6433 0.879701 0.960038 1.77682 1.33921 1.62356 1.42917 0.744042 1.00308 1.46859 
102 0.0629673	5.18014 1.2701 1.00804 1.59506 1.40184 1.47027 1.26814 0.84512 1.66869 1.60912 
103 0.140575	2.30854 0.899108 0.870828 1.01834 0.987735 1.30393 1.09259 0.920887 1.16294 1.00607 
104 0.111688	0.107859 0.832185 1.59325 1.30787 0.931434 0.973321 0.94151 2.1608 1.0016 1.39431 
105 0.140338	0.450255 0.986464 0.616243 1.00747 0.856857 0.779513 0.783406 0.742488 1.29093 1.01785 
106 0.140102	0.982596 1.23319 1.05931 1.24324 1.10331 1.15648 1.06343 1.0504 1.56043 1.15692 
107 0.138449	0.240033 0.78952 1.13857 1.28852 0.945943 0.962482 1.11583 1.33251 1.31778 1.26871 
110 0.106094	0.92779 0.902555 1.26478 1.61762 1.09666 1.45541 1.30302 1.36189 0.770967 1.2905 
111 0.191845	0.425828 1.10901 0.787544 0.921731 0.966917 0.897323 0.896062 0.75066 1.08914 0.970474 
112 0.089219	0.110595 0.920147 1.02944 0.8862 0.856288 0.709511 0.646524 1.21568 1.04865 0.96574 
113 0.136626	2.08558 1.14665 0.953491 1.17114 1.19042 1.26935 1.34056 0.8707 1.09041 1.09605 
114 0.0880571	1.37808 0.945316 1.85183 1.55065 1.16733 1.57399 1.58807 2.50795 0.996303 1.75454 
115 0.109919	22.9698 1.22547 0.934939 1.22436 1.39729 1.85609 1.85054 1.05153 1.21865 1.51872 
116 0.181995	0.144609 0.918031 0.544812 0.68448 0.820222 0.641034 0.570623 0.553083 0.999417 0.768485 
117 0.0962443	0.0288912 0.98416 1.37916 0.935619 0.921856 0.813899 0.899658 1.88159 0.996435 1.19722 
0000 0.103145	0.653261 0.9508 1.40999 1.49507 1.23943 1.53788 1.25334 1.88316 0.665819 1.3077 
0001 0.281684	0.241515 0.938091 0.888402 0.8076 0.767402 0.739135 0.676047 1.09319 1.0335 0.935876 
0002 0.086494	2.19699 1.12125 1.25073 1.68547 1.10885 1.38338 1.39034 1.25036 1.04252 1.2879 
0003 0.10222	1.40935 1.41265 0.888708 1.0094 1.06247 0.953551 0.775333 1.03989 0.939296 0.936394 
0004 0.0906568	4.1068 1.17 1.20244 1.33016 1.20373 1.45163 1.252 1.81576 1.0889 1.40819 
0005 0.118409	18.6786 1.46869 1.26158 1.20581 1.4541 1.81874 1.54262 1.16379 1.0162 1.17145 
0006 0.101295	0.961546 1.26761 0.948318 0.984649 1.00475 0.969089 1.062 1.00334 1.03152 1.2456 
0007 0.116096	0.249864 1.30303 1.53699 1.03341 1.07943 0.928411 0.993706 1.85251 1.0529 1.13884 
0010 0.217937	0.13375 0.785766 1.22579 0.954167 0.767983 0.667044 0.843115 1.3299 0.913903 1.03693 
0011 0.172197	1.58947 0.946087 1.29062 1.24116 0.90641 0.897991 1.07657 0.849924 0.670255 1.09086 
0012 0.0556054	30.1888 1.96435 1.44018 2.03348 1.43466 2.21738 2.04416 2.71938 1.25644 1.51459 
0013 0.133632	0.440819 1.01046 1.34004 1.35723 0.843118 0.844178 1.07782 1.42139 0.961545 1.0086 
0014 0.158744	0.798791 1.18893 1.09033 1.04906 0.879184 0.981346 0.999564 1.2877 1.2271 1.18204 
0015 0.0941704	4.10617 0.952993 1.19647 1.38507 1.00938 0.981356 1.0883 0.714932 0.78205 1.04138 
0016 0.058296	2.61393 1.15416 1.19907 1.40979 1.10187 1.07226 1.04123 1.1435 0.586744 1.05853 
0017 0.109417	7.84593 1.18109 1.4926 1.32352 1.19705 1.71981 1.86945 1.75805 1.0469 1.79082 
0020 0.127178	2.38485 1.056 0.82588 0.53284 1.11181 1.06835 1.34672 1.09395 1.81098 1.2279 
0021 0.189895	1.35833 1.07602 1.453 1.0242 1.139 1.31424 1.30444 1.69512 1.12182 0.862569 
0022 0.134146	0.892714 0.8422 1.22996 0.912496 0.962218 0.88498 1.01743 1.00036 0.8884 0.813573 
0023 0.0836237	29.847 1.27166 1.23555 0.884758 1.45526 2.31846 2.0025 1.17033 1.23205 0.985542 
0024 0.102787	0.528877 0.878209 0.633204 0.522003 0.881278 0.697339 0.734233 0.573652 1.42226 0.785203 
0025 0.087108	5.90236 0.967169 0.642584 0.549982 1.00269 0.989662 1.12171 0.499363 1.04609 1.00009 
0026 0.216028	0.472387 0.708323 0.621703 0.548909 0.700984 0.642996 0.645359 0.658427 0.933445 0.695 
0027 0.0592334	11.0864 0.978872 1.0046 1.22886 1.16925 1.58401 1.6311 0.782914 0.724587 1.00623 
0030 0.244048	0.514877 0.869523 1.03195 0.783867 0.831674 0.912153 0.874133 0.96079 0.571814 0.795878 
0031 0.149206	1.65444 1.15586 0.754471 1.12422 0.99195 0.981785 1.05081 0.646204 0.915492 0.846934 
0032 0.0928571	0.349831 1.15148 0.578673 0.464461 0.775371 0.525863 0.591198 0.492596 1.08627 0.650258 
0033 0.0563492	1.63265 1.2444 1.492 1.00975 1.0202 1.52102 1.81315 1.65927 0.850722 1.10387 
0034 0.0662698	3.94669 1.22343 0.752014 1.01502 1.15624 0.985153 1.0669 0.773048 0.976425 0.860686 
0035 0.130952	24.2965 1.24995 0.98916 1.13056 1.29495 1.60405 2.03227 0.739501 0.963084 1.34939 
0036 0.0984127	0.53976 1.15018 1.74679 0.855676 1.05334 0.994612 1.29954 1.81592 1.07841 0.867325 
0037 0.161905	0.0671509 0.935219 0.811685 0.609763 0.650314 0.579226 0.72883 0.92049 1.04435 0.716346 
0040 0.0447471	0.0563774 0.761481 0.920303 0.850451 0.896211 0.462858 0.463576 1.06724 0.986268 0.661479 
0041 0.215467	0.689277 0.773061 1.0075 1.17742 0.934198 1.01127 0.79224 0.870864 0.784963 0.824729 
0042 0.126946	4.45758 1.36215 0.972475 1.12027 1.36553 1.51134 1.13975 1.27387 1.19772 1.12287 
0043 0.133755	2.24602 1.06933 1.05128 1.06214 1.12444 0.986486 0.910232 1.57499 1.15716 1.23465 
0044 0.203307	0.236941 0.947832 0.815536 0.910089 1.04196 0.63772 0.654668 0.699969 0.992736 0.797074 
0045 0.108463	20.9986 1.25625 0.66116 1.1366 1.2831 1.48433 1.09446 0.726206 0.81903 0.773806 
0046 0.0622568	0.267785 0.796951 2.02353 1.25233 1.12197 1.24273 1.31473 2.66614 0.701825 1.3399 
0047 0.105058	1.27766 1.01325 0.999448 0.868159 1.17798 0.872712 0.924614 0.91667 1.16938 0.988606 
0050 0.0968963	0.232328 0.958868 0.94821 0.706583 0.638999 0.326691 0.729584 0.668003 1.19339 0.578178 
0051 0.15897	19.3436 1.52634 0.541395 0.813813 1.15537 1.21298 2.24218 0.398815 2.33085 0.918172 
0052 0.0999243	0.138263 0.813266 1.30254 1.01988 0.957452 0.798695 1.07494 1.36867 1.14156 1.14832 
0053 0.0688872	0.0842418 0.948429 1.0371 0.76669 0.807568 0.57121 0.918159 0.794873 0.971275 0.716536 
0054 0.220288	0.481101 0.890415 0.687836 0.636606 0.740553 0.54963 0.740543 0.837251 1.48544 0.684939 
0055 0.127176	1.92759 1.41375 1.8278 2.19163 1.3693 1.5933 2.69173 1.57383 1.10776 1.94436 
0056 0.131718	0.0316509 0.967906 1.01959 0.740359 0.651581 0.342196 0.585594 0.943672 2.45774 0.768827 
0057 0.0961393	1.00868 1.42609 1.03373 0.772313 0.875791 0.745439 1.17328 1.13494 1.60792 0.725217 
0060 0.270856	0.957969 0.845702 1.04465 1.55806 0.885948 1.06617 0.805093 1.15226 0.769244 0.717801 
0061 0.0595883	0.367065 1.2625 1.29968 1.31216 0.957352 0.934231 0.931725 1.03757 1.21523 0.740221 
0062 0.0855905	0.266568 0.998138 0.944335 1.02331 0.86581 0.908346 0.620056 0.821789 0.795151 0.632902 
0063 0.0574215	0.480836 1.26283 0.991064 1.43705 1.10699 1.24927 0.968598 0.935538 0.775516 0.81904 
0064 0.0606717	0.202769 1.21705 1.15974 1.16212 0.905266 0.910675 1.00826 1.43829 1.73857 0.855056 
0065 0.115926	0.0741186 0.649025 1.12855 1.12446 0.775047 0.799384 0.568046 1.40754 0.807265 0.802828 
0066 0.16468	14.4084 1.41369 0.965339 2.87194 1.89411 3.38274 2.26463 1.05452 1.17113 1.2959 
0067 0.185265	2.79882 1.14451 1.14977 1.86107 1.40802 1.47491 1.37714 1.18062 0.701826 0.79879 
0070 0.188457	0.533297 1.08903 0.886511 0.841564 0.969648 0.773317 1.23092 0.98393 1.40818 0.999911 
0071 0.154299	17.0277 1.12451 0.707741 1.32035 1.30234 1.26071 1.2767 0.488223 0.933344 0.98425 
0072 0.0895171	0.934535 1.00754 1.02472 0.831964 0.934369 1.18688 1.33676 0.991752 0.905598 1.15242 
0073 0.0683157	1.29678 0.908591 1.188 1.19489 0.885402 0.858144 0.942143 1.21501 0.70216 0.925335 
0074 0.220259	0.168594 1.00019 0.856709 0.940266 1.04468 0.751507 0.802505 0.724828 0.999603 1.06734 
0075 0.108363	3.65852 0.972144 0.420074 1.38849 1.08467 0.811043 0.894328 0.517438 1.35007 0.842835 
0076 0.114252	1.93172 0.772195 1.26923 0.83599 0.808668 0.848903 1.1704 1.05866 1.01718 1.25118 
0077 0.0565371	0.0701279 0.846114 1.42585 1.17017 0.829577 0.737663 1.08381 1.77083 1.47338 1.24709 
0100 0.164727	0.21251 1.16401 0.656346 0.730721 0.848029 0.835839 0.637433 0.68335 0.901724 0.617578 
0101 0.0428659	4.09281 1.21078 1.86803 1.2754 1.32735 1.75791 1.92807 1.84167 0.89756 1.1827 
0102 0.0569504	0.408574 1.02932 0.506553 0.71494 0.898812 0.98476 0.606179 0.471173 0.512008 0.747948 
0103 0.150643	0.717511 1.24625 1.09695 1.30747 0.982687 1.0843 1.04559 1.202 0.976443 1.06666 
0104 0.134721	21.1275 1.55992 1.01012 1.28284 1.57263 1.94386 1.51095 0.947883 0.724789 1.14378 
0105 0.19902	0.619424 1.23829 0.940604 0.702618 0.831758 0.764141 0.814416 0.95506 1.14824 1.02279 
0106 0.139008	0.188619 0.910809 1.43491 0.844864 0.905435 0.725976 0.917196 1.63849 0.798326 1.23616 
0107 0.112064	1.61003 0.960451 0.617504 1.00634 1.1126 1.38494 0.997569 0.678826 0.8452 1.03872 
0110 0.0722777	57.5798 0.990604 1.3044 2.36243 1.43287 2.35213 1.55697 0.72865 0.502331 0.976947 
0111 0.237756	1.01708 1.28145 0.968698 0.976696 1.01952 0.806342 1.01347 0.965288 1.61779 0.720061 
0112 0.0608654	4.07875 0.999456 1.05366 1.82837 1.27437 1.66654 1.58019 1.0362 0.932398 1.18264 
0113 0.0523062	2.84732 1.34051 1.78956 1.41265 1.29612 1.00094 1.57555 1.65202 1.11338 1.03511 
0114 0.0665716	0.13212 0.969875 1.29129 1.11622 0.875608 0.940276 1.10955 1.8715 1.40401 1.09518 
0115 0.2097	0.155042 1.02072 1.0864 1.03756 0.931342 0.882361 0.755201 1.08727 1.22692 0.842377 
0116 0.0660961	3.00587 1.04353 1.43913 1.59899 1.41626 1.95182 1.40238 1.51755 0.87927 0.955748 
0117 0.234427	2.68788 1.03145 0.723684 1.11043 1.06338 1.10127 0.853082 0.670667 0.896962 0.758893 
0120 0.125288	0.095657 1.1997 0.787528 0.71209 0.823297 0.519701 0.523682 0.698488 0.884559 0.699738 
0121 0.0637971	3.07716 1.29212 1.32062 1.5504 1.25243 1.06437 0.944697 0.848969 0.605187 1.03315 
0122 0.0830131	30.566 1.34188 1.43434 1.44417 1.24624 1.57722 1.81475 1.49375 1.40913 1.926 
0123 0.0637971	0.343388 1.06889 0.586152 0.603193 0.821342 0.517722 0.631559 0.448572 0.917522 0.729144 
0124 0.0730208	0.00812563 0.770321 0.951997 0.668262 0.656836 0.38169 0.436674 0.938249 1.23148 0.8875 
0125 0.311299	0.665889 1.00924 1.32313 1.22727 0.986292 0.770481 1.05123 1.34074 0.897939 1.10911 
0126 0.123751	1.0765 1.25202 0.913442 1.2737 1.04606 0.9241 1.18722 0.972815 1.20265 0.891372 
0127 0.156034	3.00544 1.18698 0.686978 1.23853 1.05532 0.944073 0.950061 0.601156 0.973538 0.817621 
0130 0.0476611	2.33293 1.32385 0.929903 1.15409 1.24294 1.01078 1.42965 0.923228 0.892765 0.614603 
0131 0.129744	0.273856 0.949611 0.612292 0.599372 0.833456 0.76019 0.759788 0.537108 1.26226 0.635328 
0132 0.123124	0.0484063 0.786734 0.671483 0.606159 0.743345 0.494897 0.480684 0.439862 1.09759 0.675247 
0133 0.104148	1.49574 0.98176 1.58597 1.15811 1.09165 0.949333 1.18014 1.05348 0.800943 0.885297 
0134 0.183142	0.192157 0.930108 1.41019 0.775281 0.901171 0.963748 1.14992 1.32539 0.908764 1.01134 
0135 0.0847308	28.4582 1.16544 0.60096 1.34873 1.45884 1.68788 1.47309 0.281186 0.98008 1.0086 
0136 0.20256	0.750098 1.08234 0.765891 0.958371 1.20141 0.876485 0.856522 0.621574 0.960102 0.704147 
0137 0.12489	4.2922 1.53652 0.597765 1.1762 1.39923 1.40232 1.13592 0.761576 1.40621 0.60294 
0140 0.133967	0.0922229 0.705823 1.3569 1.12646 0.830839 0.797215 0.819529 1.31685 1.25741 1.15921 
0141 0.123266	1.47514 1.16375 0.790859 1.00659 1.03359 0.977335 1.19217 0.709648 1.21769 1.02038 
0142 0.066191	4.12007 1.02372 1.25262 1.72249 1.21061 1.25768 1.65819 1.31835 1.11777 1.55402 
0143 0.0875941	0.546293 0.83091 0.612252 0.720755 0.781207 0.607195 0.627656 0.459778 1.04038 0.875917 
0144 0.110979	32.0855 0.871634 0.83215 1.48627 1.32135 1.66594 1.6369 0.948129 1.03638 1.28336 
0145 0.0883868	1.11435 0.586354 1.6472 1.65612 0.935487 1.20667 1.3799 1.80675 1.02148 1.49404 
0146 0.106223	1.77277 0.738703 1.0216 1.63432 1.01601 1.26204 1.40869 1.20114 1.23561 1.17673 
0147 0.283393	0.183217 1.05424 0.896267 1.03929 0.887412 0.820606 0.615605 0.848573 0.905303 0.936847 
0150 0.122673	0.0946588 1.05612 0.591328 0.75406 0.888321 0.624221 0.711776 0.65808 1.05131 0.695257 
0151 0.258037	0.992601 0.893363 0.958956 1.12804 0.899361 1.02331 1.15026 1.04472 0.596918 0.858777 
0152 0.0630288	3.27661 1.20818 0.585115 1.18253 1.19632 1.34896 1.08455 0.617387 1.06713 1.01957 
0153 0.146362	4.42033 0.951981 1.51054 0.957748 0.93913 1.36371 1.95934 1.72717 1.13069 1.24216 
0154 0.118866	0.694282 1.07564 1.12351 0.66699 0.78371 0.646823 0.987759 1.07966 1.15704 1.07647 
0155 0.139594	16.0981 0.963128 1.06844 0.888191 0.847878 0.941612 1.09948 0.790801 0.620383 0.742419 
0156 0.0896785	0.266517 0.878845 1.21733 0.758559 0.792912 0.649664 1.03054 1.43528 0.98897 1.06985 
0157 0.0617597	0.618714 0.831078 1.70799 0.82133 0.84151 0.831168 1.33936 1.47296 0.705954 1.16557 
0160 0.102328	24.2469 1.16152 1.36255 1.07827 1.44089 1.70771 1.56556 0.926753 1.12582 1.47196 
0161 0.0647897	0.0538054 0.747273 0.808186 0.852466 0.719094 0.477421 0.444645 0.699644 0.900407 0.706052 
0162 0.136979	2.06257 1.13067 0.922987 1.16944 1.16215 1.20731 1.25304 1.01604 1.05361 1.03153 
0163 0.177766	0.0866661 0.918923 1.76653 0.958283 1.06391 0.94251 0.906554 1.63701 1.06887 1.33375 
0164 0.147266	0.697659 0.998946 0.909922 0.905778 0.942011 0.934012 0.913135 0.983383 1.24894 1.13742 
0165 0.133369	2.34548 0.952741 1.6072 1.24381 1.33628 1.43128 1.63671 1.384 0.984438 1.39271 
0166 0.147627	0.151697 1.09304 0.871806 0.774626 0.808905 0.69948 0.673161 0.777297 1.35249 1.00218 
0167 0.0898755	0.00625538 0.738312 0.913243 0.461616 0.57544 0.448962 0.509374 0.877754 1.25905 0.862893 
0170 0.0908226	1.17298 0.620334 1.36376 0.938843 0.864736 1.11519 1.31922 1.63843 1.52878 1.70003 
0171 0.0803614	0.314668 0.703896 1.46838 0.810522 0.730996 0.790976 1.04844 1.90502 0.743409 1.14865 
0172 0.210176	1.68387 1.07312 1.02649 1.03513 1.01029 0.943879 1.08552 0.920419 0.995484 1.20479 
0173 0.0903471	7.20793 0.814351 0.975559 1.3936 0.935709 1.15886 1.31471 1.14861 1.09756 1.33979 
0174 0.121731	3.00642 0.866708 0.535052 0.969588 0.947311 0.86082 0.75792 0.582457 1.39014 1.39284 
0175 0.223015	0.238456 0.905841 0.803977 0.733704 0.799785 0.716465 0.689509 0.882238 1.1342 0.94574 
0176 0.0727532	27.4578 1.33759 0.782588 1.61286 1.52786 1.84038 1.35271 0.800964 0.874387 0.924416 
0177 0.110794	0.418133 0.920909 0.578158 0.605488 0.87975 0.725666 0.58896 0.494802 1.11775 1.09576 
1000 0.0685106	5.4042 1.32366 1.0971 1.30008 1.47159 1.39921 1.21053 1.11079 1.11192 1.38972 
1001 0.0497872	0.0952986 1.00498 2.09654 0.867931 0.891209 0.783961 0.824593 1.89196 0.946373 1.12274 
1002 0.158723	2.6725 1.03342 1.19979 0.787002 1.08651 0.963019 1.06113 0.907533 0.885569 1.1689 
1003 0.208936	0.177285 1.04259 0.842438 0.798477 0.803913 0.559199 0.525176 0.697673 0.806672 0.948579 
1004 0.0991489	0.537808 0.964944 0.750695 0.528284 0.794756 0.528146 0.729259 0.712058 1.43722 0.783144 
1005 0.0812766	26.8164 1.39652 1.54092 1.98417 1.7153 2.26594 1.67151 1.17005 0.862173 1.39216 
1006 0.211489	0.836888 1.00901 1.2573 1.22223 1.14902 1.17077 1.16649 1.43719 1.2412 1.21008 
1007 0.122128	0.164329 0.933422 1.52254 0.80757 0.830642 0.72127 0.837303 1.80765 0.909408 0.987173 
1010 0.114786	0.207206 1.31251 0.645563 0.800987 1.09091 1.12719 0.911612 0.944849 1.03095 0.92585 
1011 0.0817121	4.22692 1.92013 1.1934 2.46548 1.87799 2.36269 1.99744 1.65148 1.24679 1.29149 
1012 0.222763	0.852534 0.889693 1.3008 1.2128 1.05275 1.22602 1.69684 1.8455 0.993102 1.44967 
1013 0.0749027	52.3741 1.62925 1.36707 1.94646 1.86273 2.5565 1.98878 1.19631 0.966694 1.25151 
1014 0.2393	0.0722535 1.04253 1.06825 0.8332 0.727778 0.822429 0.716268 1.21647 0.947747 0.637209 
1015 0.094358	0.446484 1.37481 0.906987 0.738714 1.07079 1.00345 1.00051 1.09353 1.12113 0.824942 
1016 0.0642023	0.318971 1.32698 0.707137 0.869633 0.869992 0.828627 0.605314 0.725132 0.859196 0.544401 
1017 0.107977	2.02341 1.18628 0.605178 1.1298 1.06691 1.32542 1.20243 0.699582 1.24879 0.930292 
1020 0.265	0.549145 0.86315 1.1015 0.850157 0.785692 0.701323 0.906965 1.21063 0.60651 0.794649 
1021 0.12	1.18324 0.903526 0.733018 0.677146 0.802119 0.746209 0.741459 1.05329 0.701039 0.684621 
1022 0.05625	2.71861 0.993223 0.854118 0.750432 0.889329 1.08742 1.18089 1.08054 0.841959 0.690906 
1023 0.09375	1.87002 0.675464 0.601726 0.5909 0.853637 0.915688 0.78993 0.749422 0.596657 0.560087 
1024 0.0725	23.7562 1.02134 0.423735 0.683594 0.965377 0.899584 0.859166 0.443593 0.922962 0.680205 
1025 0.215	0.15115 0.885333 0.849532 0.499232 0.771265 0.52455 0.56401 0.930374 0.741167 0.69992 
1026 0.08875	4.17723 0.837682 0.883038 1.15718 0.865144 1.41288 1.46404 1.2562 0.645175 0.649762 
1027 0.08875	7.59162 1.02326 0.669441 0.697232 0.980005 1.24501 1.26295 0.809933 0.736735 0.530901 
1030 0.0537514	0.737189 1.22741 1.50182 1.51172 1.18478 1.05625 1.24988 1.66709 1.00213 1.31544 
1031 0.0739082	0.126893 0.894614 0.538913 0.769655 0.760013 0.466153 0.554291 0.401788 1.10008 0.757315 
1032 0.0722284	7.19341 1.09871 0.982224 1.29202 1.34519 1.9414 1.43508 1.03956 0.766954 0.982466 
1033 0.18589	1.24151 1.01563 0.941581 1.46683 1.36918 0.879806 1.12681 0.511073 0.801782 1.40707 
1034 0.215566	3.04044 0.804616 1.39138 1.38593 1.22648 1.33453 0.970906 1.18822 0.671008 1.12354 
1035 0.18477	0.181213 0.830624 1.04077 1.15718 0.816297 0.791496 0.837479 1.06302 0.829817 0.812261 
1036 0.153975	0.503228 0.935662 0.989066 1.07477 1.08747 0.814084 1.03002 0.943242 1.28689 1.59124 
1037 0.0599104	28.7046 1.0647 0.608902 0.953781 1.05773 0.920283 0.96631 0.28197 0.829253 1.25968 
1040 0.0782241	0.0700323 0.850679 0.79393 0.454769 0.697238 0.553285 0.711112 0.668387 1.25676 0.765183 
1041 0.193094	0.136647 0.736632 1.059 0.880447 0.835475 0.857244 0.752514 0.88697 0.916526 0.940407 
1042 0.105004	20.0317 1.00055 1.18092 1.68943 1.38211 2.04483 1.68443 1.1549 0.96529 1.15927 
1043 0.0669486	0.765278 0.787396 1.8449 1.73204 0.995214 1.31678 1.38802 2.58002 1.22714 1.19216 
1044 0.0789288	0.125154 0.693327 0.550874 0.764158 0.759415 0.596641 0.41739 0.403818 0.913194 0.660747 
1045 0.193094	0.681744 0.814423 1.38712 0.95338 0.77846 1.17382 1.49112 1.39722 1.47594 1.26459 
1046 0.140944	0.339372 0.850794 0.596294 0.685714 0.765699 0.917174 0.691738 0.632397 1.08513 0.751428 
1047 0.143763	2.38894 1.00013 1.00308 0.869235 0.940189 1.32034 1.04261 0.967887 0.914978 0.765434 
1050 0.0667414	2.05491 1.05418 1.163 1.05888 1.14217 1.20874 1.07165 1.02346 0.853086 0.668545 
1051 0.21032	0.537358 0.805196 1.40725 0.990685 1.04828 1.2865 0.975464 1.54441 0.712913 0.889672 
1052 0.11217	1.42635 0.805746 0.798443 0.701772 1.03422 1.02448 1.00219 0.885763 1.04197 0.903234 
1053 0.0510376	32.2501 1.14772 0.924585 1.35829 1.48548 1.7658 2.13309 0.733312 1.03376 1.04376 
1054 0.0981492	0.104726 0.986048 0.642089 0.733471 0.797779 0.547371 0.533747 0.541517 0.980555 0.549054 
1055 0.0577678	7.29461 0.745401 2.60564 1.63028 1.34286 1.91965 1.63567 1.99355 0.805772 1.37326 
1056 0.225463	0.514195 0.895891 0.856842 0.721275 0.896043 0.805915 0.556386 0.772854 0.889655 0.753615 
1057 0.178351	5.77659 0.873811 0.94262 0.807359 1.19611 1.37028 1.0987 0.606516 0.846172 1.15586 
1060 0.101124	4.07825 1.17048 0.830921 1.13529 1.2491 1.60976 1.28016 0.77508 0.663513 0.846493 
1061 0.0758427	0.170508 0.605569 0.430522 0.716935 0.706264 0.568597 0.558806 0.526925 0.765614 0.699807 
1062 0.147191	0.271684 0.817568 0.885695 0.761744 0.778657 0.677381 0.792792 0.961566 0.912671 0.942846 
1063 0.0797753	0.414733 0.777597 1.73095 1.56045 1.09476 1.20965 1.30548 2.01744 0.618898 1.28459 
1064 0.273034	1.6941 0.870285 1.12748 1.11653 1.18637 1.05214 1.2205 1.12475 1.08263 1.79225 
1065 0.11573	15.5253 0.818165 1.17848 1.72694 1.23994 1.65931 1.84043 1.09953 0.602094 0.907791 
1066 0.145506	0.676305 0.875983 0.756524 0.880603 1.10698 0.83596 0.876219 0.552708 0.945517 0.95974 
1067 0.0617978	0.124263 0.601786 1.26246 0.896364 0.793909 0.852161 0.842027 1.45344 0.565767 1.54134 
1070 0.242183	5.51291 1.17923 1.0146 1.08728 1.1471 1.42313 1.13653 1.23674 1.00436 0.835739 
1071 0.054008	1.99437 1.00841 1.35125 1.11784 0.960989 1.07563 0.822112 0.975618 0.541749 0.790585 
1072 0.180216	0.478414 1.08951 1.00461 0.7288 0.957598 0.869186 0.780849 1.05123 0.96877 0.833112 
1073 0.150085	0.876258 1.08225 0.742406 0.935542 1.04789 1.19458 0.796415 0.651273 0.848913 0.814646 
1074 0.0568505	28.6054 1.51845 1.15823 1.48275 1.40725 2.0903 1.23367 1.08487 0.625988 1.03848 
1075 0.0784537	1.71087 1.4343 1.07091 0.98228 1.29922 1.43229 1.14928 1.02872 1.08142 0.949345 
1076 0.13701	0.15268 0.910657 0.863641 0.612932 0.768366 0.581738 0.499169 0.707148 0.826052 0.580231 
1077 0.101194	0.569792 0.915483 1.46191 0.962433 0.906385 1.58254 1.33764 1.89076 0.818182 1.28373 
1100 0.100421	6.80419 1.2947 1.17798 1.25055 1.38343 1.4571 1.38909 1.17199 1.0004 1.16604 
1101 0.146588	1.06933 1.19326 0.913812 1.05481 1.17997 1.12948 1.28254 1.00277 1.28687 1.0606 
1102 0.084246	1.63651 1.27269 0.531848 0.892186 1.22314 1.11297 0.856697 0.558086 1.13694 0.958682 
1103 0.178602	0.768842 1.04376 0.847082 0.7675 1.06592 0.858104 0.770048 0.931148 1.15651 0.967373 
1104 0.0682393	36.6961 1.4806 1.14481 1.33599 1.4458 1.8138 1.62278 1.14601 1.13991 1.48204 
1105 0.126201	0.177856 0.688865 1.40502 0.796767 0.833638 0.793632 0.823258 1.16696 0.975393 1.14246 
1106 0.153496	0.141778 0.926106 0.970554 0.670542 0.889026 0.667952 0.670412 0.784773 0.962293 0.846498 
1107 0.142207	1.27827 0.932762 1.70012 1.25088 1.17185 1.28874 1.31459 1.83693 0.992981 1.34899 
1110 0.15505	0.404576 0.840203 0.635044 0.8204 0.916277 0.802383 0.799799 0.664828 1.20081 1.00524 
1111 0.152534	0.0112562 0.854421 1.3167 0.873928 0.926269 0.908189 1.16685 1.85783 1.11983 1.14538 
1112 0.106038	4.52991 1.32064 1.02301 1.38647 1.51883 1.79005 1.8016 1.31021 1.12586 1.41043 
1113 0.116008	1.06615 0.995407 0.797773 1.10299 1.19359 1.16834 0.937522 0.80535 1.01191 0.963231 
1114 0.0740775	38.148 1.27006 0.792135 1.21084 1.43237 1.4649 1.25443 0.712609 0.907104 0.987322 
1115 0.0651323	0.675901 0.581859 1.06676 1.06873 0.845941 0.807463 0.783943 1.1896 0.87201 1.20059 
1116 0.268729	0.177538 0.756898 0.919017 0.998594 0.962169 0.941344 0.985682 1.05024 1.00332 1.12124 
1117 0.0624301	1.69713 0.678132 1.51278 1.56685 1.19557 1.1484 1.03802 1.52478 0.767725 1.35013 
1120 0.0480866	0.104544 0.893152 1.42956 1.09984 0.903774 0.984972 1.05102 0.957859 0.902672 1.14913 
1121 0.0941695	0.0959894 0.965798 1.04536 0.785886 0.86965 0.69022 1.01545 1.14878 1.16114 1.08548 
1122 0.188139	8.16343 0.817901 0.707634 0.615503 0.829686 0.713093 0.945122 0.645411 0.983426 1.01047 
1123 0.200761	0.0365115 0.882458 0.848537 1.00255 0.893429 0.854322 0.84691 0.873833 0.933354 0.900161 
1124 0.0885594	15.7287 0.914759 1.06263 1.28023 1.36256 1.99403 1.55279 1.05448 0.688291 1.11664 
1125 0.103586	1.94343 0.953741 1.17177 0.832824 0.75564 0.733758 0.924184 1.0513 0.719594 0.735007 
1126 0.103987	0.365977 0.965245 1.0894 1.09021 1.04235 1.3879 1.46202 0.938662 0.758909 1.29432 
1127 0.172711	1.04633 0.88132 1.61287 1.30707 0.918659 1.08661 1.17937 1.62384 0.940785 1.37294 
1130 0.114746	2.09326 1.19374 0.78798 1.00838 1.09305 1.13675 0.805281 0.676452 0.901818 0.941323 
1131 0.0464477	40.6565 1.12537 1.09059 1.67818 1.39125 2.08417 1.57907 1.41481 0.862283 0.749904 
1132 0.156745	0.452674 0.895778 0.561652 0.662186 0.845065 0.613203 0.690103 0.622189 1.08743 0.839224 
1133 0.0444851	0.95761 1.28512 0.968627 1.1458 1.35904 1.49944 1.57804 1.56112 1.26715 1.38628 
1134 0.125213	0.591871 0.920085 1.39347 1.24378 1.05137 1.03057 1.25654 1.78143 1.09849 1.4685 
1135 0.162763	0.324437 0.900712 0.980158 0.679135 0.861412 0.670051 0.648703 1.06945 0.897245 0.86499 
1136 0.186968	6.85063 1.14498 1.15033 1.51858 1.14697 1.279 1.18702 1.04822 0.984176 1.4409 
1137 0.162632	0.831782 0.966186 0.992821 1.1106 1.04244 1.04443 0.863172 1.09972 0.893536 1.11923 
1140 0.0627284	0.0512862 0.974191 1.39171 0.699419 0.862481 0.733132 0.755624 1.94079 1.03523 0.739773 
1141 0.110028	0.290796 1.06857 1.94029 1.08628 1.02796 1.28622 1.35282 1.96638 0.863278 1.12158 
1142 0.114495	1.8197 1.3184 0.687621 0.971941 1.49539 1.2473 1.06176 0.62397 0.958467 0.863689 
1143 0.0513601	9.65234 1.22853 1.09621 1.01462 1.39631 1.52361 1.59534 0.925481 1.37468 1.34886 
1144 0.128096	0.272042 0.965392 0.773112 0.638416 0.875851 0.700171 0.703847 0.630141 0.87382 0.697716 
1145 0.219448	0.346611 0.985792 0.955512 0.738302 0.974927 0.834152 0.953539 0.944557 1.01123 0.916627 
1146 0.0732846	31.7015 1.22046 1.20731 1.4565 1.58299 1.79081 2.19185 1.11795 0.80009 0.981243 
1147 0.24056	0.381165 1.25962 1.10851 1.07141 1.06274 1.18397 1.24385 1.21303 0.978109 0.87894 
1150 0.0858676	0.198867 0.795311 1.0182 1.29873 0.955106 0.710959 0.635225 0.766451 0.669292 0.838619 
1151 0.179704	0.0832335 0.900429 0.88145 1.04161 0.791858 0.660006 0.56717 0.916755 0.780457 0.669005 
1152 0.133192	1.77455 1.1916 1.09007 1.4372 1.27419 1.3796 1.11327 1.24744 0.742991 1.08465 
1153 0.10831	0.285464 0.836837 1.11392 1.34202 1.05852 1.11753 0.912105 0.896448 0.796325 0.777458 
1154 0.188161	0.694264 0.899903 0.77214 1.31147 0.962295 0.930338 0.756685 0.542956 0.696984 0.669159 
1155 0.0992031	0.58397 0.915786 1.75065 1.51899 1.04486 1.32816 1.38806 2.33938 0.869767 1.05053 
1156 0.124898	26.2373 1.09473 1.29926 1.17894 1.15598 1.44255 1.37062 1.12582 0.861496 0.870053 
1157 0.0806635	3.43108 0.985815 1.02739 1.72849 1.29625 1.36433 1.11221 1.1721 0.912851 1.11907 
1160 0.120519	38.5527 1.2387 1.40059 1.64764 1.43764 1.70281 1.54784 1.11039 0.771605 1.01677 
1161 0.107455	0.232811 0.889385 0.760732 0.84502 0.807808 0.53182 0.491992 0.554826 0.827969 0.776678 
1162 0.125037	0.0731183 0.874727 0.842198 0.750517 0.693424 0.486006 0.612797 0.853593 1.37848 0.933437 
1163 0.106768	0.587243 1.08563 1.36116 0.997259 1.03878 0.953137 0.825048 0.975073 0.742788 0.898213 
1164 0.144092	7.70131 1.35994 0.979919 1.38661 1.26172 1.79229 1.34406 1.12922 0.994248 1.12815 
1165 0.0817209	0.0250516 0.89742 1.64925 0.784106 0.79111 0.58699 0.902036 1.98745 1.25996 1.11704 
1166 0.192515	6.00879 1.31371 0.660738 0.843861 1.11522 0.925131 1.0081 0.622646 1.29274 0.975623 
1167 0.121894	1.56824 0.877111 1.15578 1.42684 1.0429 0.892143 0.954132 0.943584 0.996241 1.13224 
1170 0.0852526	0.0450405 0.907965 0.758167 0.744581 0.767163 0.686152 0.494122 0.675233 0.868508 0.834869 
1171 0.131315	1.89687 0.994008 0.664107 0.649778 0.927794 0.868333 0.858028 0.587489 1.25665 0.718063 
1172 0.0549777	0.854622 0.640031 1.78329 0.937366 0.720253 0.705832 0.977057 1.53572 0.845641 1.22792 
1173 0.100854	129.192 1.38313 1.0151 1.32063 1.41734 1.66846 1.75114 0.864506 1.25711 1.00325 
1174 0.135958	0.800949 0.834735 0.883768 0.735635 0.768537 0.613332 0.755005 0.925861 1.13056 0.811251 
1175 0.173663	14.9562 1.02289 1.29458 1.47108 1.24556 1.79908 1.68396 1.61885 1.2252 1.13618 
1176 0.130386	0.110505 0.84906 1.24333 1.01165 0.798466 0.93962 1.0195 1.03818 0.909701 0.972076 
1177 0.187593	36.2799 0.942231 0.826904 1.2855 1.05791 1.37641 1.11268 0.765668 0.847117 0.8699 
BOUNDS
LWPS R    0.0  0.0  0.0  0.0  0.0  0.0  0.0  0.0  0.0  0.0
UWPS R    0.5  0.5  0.5  0.5  0.5  0.5  0.5  0.5  0.5  0.5
LXAS R   -0.5 -0.5 -0.5 -0.5 -0.5 -0.5 -0.5 -0.5 -0.5 -0.5
UXAS R    0.5  0.5  0.5  0.5  0.5  0.5  0.5  0.5  0.5  0.5
END
