NAME moment_estimations_cluster
ASSETS 10
BENCHMARKS 0.1 0.1 0.1 0.1 0.1 0.1 0.1 0.1 0.1 0.1 
COVARIANCES
0 0 0.102531
1 0 0.0185807
1 1 0.00604771
2 0 0.0129603
2 1 0.00429094
2 2 0.0106122
3 0 0.00947424
3 1 0.00293907
3 2 0.00414776
3 3 0.00410006
4 0 0.0076967
4 1 0.00428067
4 2 0.00642207
4 3 0.00250148
4 4 0.00851469
5 0 0.0176593
5 1 0.00366246
5 2 0.00704029
5 3 0.00245964
5 4 0.0022519
5 5 0.0112589
6 0 0.0321549
6 1 0.00899826
6 2 0.0127382
6 3 0.00647766
6 4 0.0104871
6 5 0.0100309
6 6 0.0242586
7 0 0.0150423
7 1 0.000506407
7 2 0.000225352
7 3 0.0039635
7 4 -0.0073179
7 5 0.00366167
7 6 -0.00101816
7 7 0.0248526
8 0 0.0178956
8 1 0.0100254
8 2 0.0198148
8 3 0.00677714
8 4 0.021923
8 5 0.00727534
8 6 0.0294718
8 7 -0.0200501
8 8 0.0634143
9 0 0.0153743
9 1 0.00466718
9 2 0.00798463
9 3 0.0040059
9 4 0.00748215
9 5 0.00449746
9 6 0.0141652
9 7 -0.00261249
9 8 0.0216132
9 9 0.0128186
SCENARIOS
0 0.81474	0.959965 0.970394 1.01395 1.00266 0.982659 1.00036 0.970498 1.02997 0.960748 0.96466 
1 0.18526	1.44227 1.10086 1.11537 1.0475 1.09249 1.06002 1.22617 0.98832 1.39542 1.15136 
00 0.667514	1.0446 0.98525 0.952973 0.977263 0.965061 0.958293 0.94036 1.09779 0.805609 0.969515 
01 0.332486	1.14333 1.04414 1.09451 1.01387 1.11532 0.976407 1.13317 0.904463 1.38048 1.08967 
10 0.518029	0.991072 0.997721 0.915261 1.01514 0.952919 1.05629 0.892047 1.0624 0.809862 0.901611 
11 0.481971	1.03297 1.00767 1.1434 1.02268 1.13968 1.10993 1.11818 0.922203 1.31102 1.1542 
000 0.0871748	0.886895 0.962478 0.971592 1.04119 0.842202 1.06253 0.879679 1.34846 0.793216 0.877371 
001 0.131102	0.497871 0.86752 0.75771 0.892449 0.873963 0.852865 0.697898 0.86879 0.767682 0.818123 
002 0.0789924	2.02008 1.06655 0.931148 0.990092 0.948915 1.14158 1.04749 1.22239 0.850885 1.02856 
003 0.178965	0.857971 1.02609 1.0316 1.04586 0.960121 1.102 0.984312 0.969952 1.10787 1.02641 
004 0.136766	0.651792 0.886091 0.898323 0.887549 0.947972 1.00244 0.847449 0.810022 1.01164 0.936235 
005 0.106426	1.27181 1.11343 0.867705 0.985994 1.01648 0.977011 1.00384 0.858102 0.980224 0.994174 
006 0.100561	2.16712 1.21302 1.14268 1.11503 1.07406 1.22287 1.34769 1.30587 1.24872 1.20793 
007 0.180013	1.08483 1.0273 1.09337 0.975427 1.11032 1.1189 1.23328 0.859667 1.64282 1.18966 
010 0.148953	1.3343 1.0143 0.985093 1.05829 0.996269 0.999975 1.05016 1.01212 0.941764 1.00458 
011 0.0653402	0.880584 1.00489 1.03205 0.934998 1.22956 1.02447 1.13953 0.724525 1.7456 1.14474 
012 0.0529366	1.34427 1.02934 1.03466 1.09031 0.903245 1.18452 1.03084 1.33141 0.7354 1.05321 
013 0.0852376	0.749488 1.0348 0.954761 1.02703 1.03421 1.03894 0.871095 0.912641 0.998295 0.939996 
014 0.106944	0.479466 0.911711 0.917428 0.933977 0.990736 0.938446 0.916202 0.695864 1.17183 1.05811 
015 0.26317	1.35198 1.08192 1.11982 1.05125 1.13993 1.16868 1.22497 0.921219 1.34202 1.25277 
016 0.192957	0.557455 0.866623 0.835429 0.876838 0.909697 0.937508 0.773016 0.914687 0.706379 0.936908 
017 0.0844623	0.96636 1.04146 0.943629 1.00398 0.915515 1.07902 1.05472 1.05554 0.820771 1.00271 
100 0.0996145	0.794739 0.95008 0.903239 0.993801 0.924222 0.888984 0.885395 1.2015 0.682107 0.871292 
101 0.148901	1.84227 1.02742 1.05999 1.00472 0.970513 1.07806 1.18969 1.18462 0.835928 1.09684 
102 0.0602272	0.409826 0.780256 0.851565 0.872297 0.946981 0.729657 0.74569 0.775624 0.883816 0.882021 
103 0.112014	1.13507 0.865217 0.951634 0.892869 0.953718 0.971395 0.972754 0.868194 0.944381 0.962525 
104 0.112744	0.639831 0.950327 1.14042 0.932425 1.13598 1.00646 1.10596 0.790546 1.52073 1.05806 
105 0.153173	1.06205 1.03165 1.22566 0.982092 1.04343 1.10503 1.1915 1.12372 1.07748 1.15997 
106 0.201834	0.520614 0.798029 0.958672 0.895267 1.00013 0.834514 0.917074 0.961101 0.972637 1.00357 
107 0.111493	1.76373 1.14062 1.20445 1.06333 1.24402 1.0418 1.34784 0.950821 1.42465 1.24222 
110 0.252548	1.43097 1.05601 1.0065 1.02715 1.00137 1.02161 1.18285 0.969386 1.10885 0.941289 
111 0.0795162	0.542568 0.906134 0.97229 1.02861 1.06542 0.860542 1.01591 0.874612 1.07211 0.978328 
112 0.0930675	1.09227 1.05887 1.03153 1.01914 1.1353 0.966337 1.1392 0.75205 1.38258 0.94778 
113 0.0913876	0.827182 1.1796 1.07383 1.07326 1.17797 1.01214 1.2319 0.822668 1.70241 1.11089 
114 0.116026	1.21516 1.04319 1.01196 0.988024 0.910514 1.11479 1.07201 1.18936 0.82547 0.969815 
115 0.103595	0.767607 1.0136 0.77048 0.971729 0.911246 0.877229 0.767853 1.0936 0.682637 0.792671 
116 0.149737	0.61098 0.921904 0.853856 0.971151 0.982357 0.810281 0.774769 0.772004 0.902918 0.898798 
117 0.114123	1.72917 1.10276 0.928099 1.12859 0.909082 1.06646 0.987459 1.16373 0.730916 0.872217 
0000 0.0725585	1.32932 1.15097 1.11343 1.00834 1.0977 1.0522 1.3824 1.26312 1.18544 1.09986 
0001 0.149547	1.42181 1.16583 1.1211 1.07547 1.07168 0.96956 1.2151 0.986844 1.22692 1.07804 
0002 0.150179	1.03434 0.985496 0.826731 1.06154 0.839222 0.788193 0.883406 1.2199 0.581363 0.898566 
0003 0.133516	0.852999 1.10065 1.07202 1.05022 1.25787 0.953773 1.34543 0.876479 1.44784 1.36081 
0004 0.103776	1.08589 1.09546 0.891233 0.950588 1.08222 0.859753 1.07273 0.77989 1.02884 1.01588 
0005 0.100401	0.600064 0.829036 0.864252 0.854509 0.960745 0.909626 0.877124 0.900877 0.769173 0.84406 
0006 0.10715	0.888524 1.02818 0.963923 0.971087 0.879847 0.939419 0.930185 1.17005 0.749409 0.856209 
0007 0.182873	0.842056 1.01536 1.01485 0.957585 1.04284 1.06249 1.00342 0.967183 1.00573 1.13205 
0010 0.0812062	1.02056 1.08874 1.28841 1.05877 1.05686 1.18369 1.17294 0.982193 1.20664 1.07983 
0011 0.147265	1.23112 0.945002 0.929177 0.948872 0.885836 0.918061 0.880746 1.05945 0.717985 0.841677 
0012 0.190323	0.780858 0.947639 0.950511 0.978044 0.846372 1.01216 0.793469 1.08049 0.715737 0.912096 
0013 0.113464	1.33236 1.12772 1.15373 1.03501 1.25968 0.871376 1.19972 0.83628 1.65741 1.25824 
0014 0.19425	1.29218 1.14701 1.0434 1.00934 1.10231 0.923635 0.993741 0.974824 1.09368 0.935543 
0015 0.12216	1.82231 1.16141 1.06721 1.03149 0.953516 1.09197 1.04799 1.55134 0.724784 1.01394 
0016 0.106452	0.549064 0.992202 0.994459 0.919138 1.02227 0.793488 0.931839 0.68136 1.23187 1.12118 
0017 0.0448808	1.46614 1.12895 1.29269 1.18754 1.06107 0.976148 1.15879 1.23129 1.35736 1.03319 
0020 0.0935754	0.759123 0.941114 0.886865 1.04612 0.829681 0.859955 0.756186 1.23245 0.713758 0.905237 
0021 0.127328	0.930307 1.00131 0.950508 0.96642 0.907917 0.968254 0.926663 0.955845 0.782787 0.811039 
0022 0.0521415	0.597318 0.991985 0.854574 0.927573 0.907512 0.852718 0.688031 0.747237 0.687245 0.77356 
0023 0.0721601	1.51442 1.16483 0.953091 1.10972 0.842404 0.928115 1.03281 1.39683 0.631257 0.830554 
0024 0.14432	1.30239 1.04888 1.06309 0.997573 1.07675 0.997369 1.00277 0.794767 1.1362 0.922223 
0025 0.0935754	0.548039 0.906176 0.8195 0.989368 0.809308 0.834859 0.77492 1.07693 0.629788 0.790684 
0026 0.223929	1.55831 1.19507 1.16781 1.26812 1.09909 1.0566 1.27674 0.991819 1.44125 1.10846 
0027 0.19297	0.657135 0.962232 0.969811 0.965244 1.06244 0.854406 0.984058 0.867138 1.24566 0.930285 
0030 0.183602	0.877864 0.885137 0.922375 1.00755 0.901259 0.909677 0.897241 1.33863 0.748752 0.881653 
0031 0.06442	1.79257 0.965307 0.986803 0.999902 0.941853 1.10946 1.1635 1.21822 0.860767 1.07947 
0032 0.191822	1.09682 1.01341 0.945898 0.96915 1.01558 0.993207 0.962604 1.03939 0.992452 0.979843 
0033 0.0537347	0.759654 0.90466 0.810633 0.966164 0.928587 0.867792 0.864432 1.06375 0.777983 0.954224 
0034 0.119901	0.85859 0.871581 1.11944 0.920799 1.1248 1.09024 1.15795 0.894606 1.23033 1.01875 
0035 0.13182	0.674309 0.842662 1.0541 0.956128 1.00054 0.844683 0.881193 1.00287 0.986314 0.955039 
0036 0.154731	1.48139 1.0375 1.2567 1.01373 1.18386 1.08388 1.36469 1.08125 1.4135 1.26013 
0037 0.0999692	1.22767 1.08372 1.04854 1.05733 1.17379 0.834503 1.14238 1.06297 1.26248 1.12071 
0040 0.0531057	1.62469 1.11717 1.3154 1.10452 1.06307 1.2257 1.25404 0.978557 1.30457 1.04988 
0041 0.211616	1.1526 1.04529 0.908101 1.01694 1.02951 1.015 1.05472 0.896183 0.928747 1.00138 
0042 0.252084	0.826765 0.911942 0.992867 0.96134 0.942652 0.901807 0.853047 1.07873 0.821549 0.835578 
0043 0.0813391	1.21408 1.28623 1.22866 1.15568 1.22469 0.984769 1.23032 0.823677 1.65668 1.18428 
0044 0.071659	0.576173 1.12974 1.03476 1.03214 1.17227 0.795783 1.0004 0.683368 1.43411 1.05044 
0045 0.140629	0.733366 1.04407 1.13635 1.00607 1.04334 1.00255 1.04535 0.889018 1.18322 0.982325 
0046 0.100565	1.10423 0.934614 1.05855 1.09311 0.89841 1.07005 1.05407 1.44585 0.823335 1.04178 
0047 0.0890024	1.7642 1.11494 1.01109 1.05622 1.10059 1.03477 1.24408 1.01012 1.11494 0.997461 
0050 0.120249	0.686425 0.865913 0.836774 0.884331 0.782624 0.879644 0.741585 1.06366 0.622594 0.903503 
0051 0.0644437	1.39722 0.92538 1.01894 0.98352 0.934767 0.988646 0.890236 1.31588 0.788119 0.930693 
0052 0.0756738	1.07353 0.949062 0.937308 1.01104 0.896112 0.978504 0.886904 1.27107 0.739439 0.846855 
0053 0.0590878	0.784805 0.805701 1.05508 1.0141 0.989557 1.00075 1.00151 1.19223 0.909634 0.94177 
0054 0.0651348	0.816636 0.852593 1.00293 0.918972 0.834098 1.17312 0.933901 1.07935 0.739166 0.866033 
0055 0.2849	1.19461 1.02998 1.00724 0.972424 0.968894 1.00389 0.99531 0.892338 1.07207 1.0404 
0056 0.179855	1.39871 1.03147 1.16603 1.08182 1.14016 1.13649 1.35026 0.962013 1.40333 1.26305 
0057 0.150657	0.613209 0.845971 0.991362 0.965955 0.934666 0.94934 0.857068 0.856486 1.12499 1.00729 
0060 0.0950814	0.716664 0.90775 0.811193 0.962621 0.796732 0.8457 0.744948 1.24076 0.567512 0.827044 
0061 0.141525	1.46717 1.05926 1.14299 1.08225 0.934396 1.2162 1.20093 0.87497 1.22473 1.05765 
0062 0.176266	0.532819 0.835853 0.915125 0.909077 0.884604 0.928397 0.797733 0.944915 0.847269 0.946289 
0063 0.246114	0.816851 0.995161 1.06104 1.0086 1.00433 1.03943 1.00879 0.852026 1.17738 1.00813 
0064 0.0755165	1.55282 1.05019 0.981465 0.962049 0.887896 1.08335 1.02451 1.25164 0.786933 0.913245 
0065 0.0793564	1.56594 1.2998 1.29826 1.16492 1.18286 1.19819 1.38549 0.847946 1.75631 1.16635 
0066 0.108064	0.962167 0.969351 1.09717 1.17215 1.00029 1.07142 1.14297 1.19 0.944733 1.04861 
0067 0.0780764	0.974424 0.926696 0.918548 0.920191 0.850389 1.01642 0.86309 0.913756 0.732353 0.865366 
0070 0.127681	1.12929 1.07998 0.974727 1.07237 1.00714 1.01223 0.978465 0.981715 0.857766 0.931914 
0071 0.0800817	1.20871 0.952929 0.985865 1.03519 0.810192 1.12352 0.866066 1.21953 0.6901 0.961204 
0072 0.111951	1.2658 1.08391 1.08122 1.30508 1.02732 1.08613 1.1893 1.12718 1.04749 1.07523 
0073 0.0885598	2.39492 1.23933 1.11574 1.27317 1.13975 1.20427 1.28902 1.01239 1.3351 1.18981 
0074 0.0562819	1.64733 1.15148 0.979562 1.02888 1.04618 0.895147 1.08489 0.834588 0.978346 0.93161 
0075 0.192441	0.93735 1.08115 1.1018 1.17027 1.13457 1.0482 1.07246 0.979486 1.41355 1.02434 
0076 0.167007	0.457335 0.962663 0.970298 1.00188 0.986869 0.831205 0.889502 0.841937 1.11032 0.895722 
0077 0.175996	0.587025 0.913674 0.867722 0.971335 0.925983 0.806471 0.687016 0.913298 0.764063 0.800923 
0100 0.106815	0.856548 1.01798 1.16377 1.01496 1.01292 1.24807 1.08331 1.21228 1.15624 1.14572 
0101 0.17026	0.860964 1.02012 0.920847 0.966088 0.851741 1.02007 0.828149 1.21815 0.749171 0.935808 
0102 0.0527881	1.02744 1.12938 1.26931 1.09924 1.18499 1.20065 1.4073 0.882284 1.67179 1.29496 
0103 0.184634	0.946395 0.937211 0.9645 0.909368 1.01086 1.08913 0.976071 0.800514 1.0579 0.960513 
0104 0.176952	0.528625 0.84927 0.930428 0.917323 0.928962 0.936777 0.80559 1.03961 0.903482 0.956884 
0105 0.044114	1.55968 1.13433 1.0378 0.954673 1.09872 1.05942 1.22822 0.937818 1.2984 1.25007 
0106 0.199752	1.87524 1.1009 1.04935 1.04697 0.96814 1.22558 1.18505 1.14586 0.960719 1.0545 
0107 0.064684	0.853465 1.159 1.04625 1.02177 1.11156 0.971755 1.0244 0.82595 1.48512 1.11283 
0110 0.0717514	0.737436 0.859368 0.820855 1.04622 0.836881 0.784949 0.787 1.12429 0.613966 0.933847 
0111 0.118644	1.88473 1.20018 1.22527 1.17035 1.13257 1.11319 1.55745 0.936903 1.52136 1.15181 
0112 0.2	0.705688 1.02758 0.952787 1.04156 0.905665 0.86921 0.89949 0.813401 0.867427 0.957661 
0113 0.132768	1.00759 1.1014 1.0107 1.08014 0.982525 0.939444 1.02979 0.964643 1.09719 0.990784 
0114 0.0638418	0.982086 0.978986 0.899324 0.996001 0.861365 0.946102 0.933018 1.08043 0.710149 1.0051 
0115 0.0762712	0.771412 1.00203 1.25562 0.984591 1.11448 1.11352 1.31449 0.696872 1.62007 1.30482 
0116 0.208475	1.5066 1.16794 0.999171 1.19295 0.968212 0.853495 1.07174 1.18459 0.834535 0.960964 
0117 0.128249	0.766732 1.03536 1.14264 0.978078 1.08059 0.96634 1.0331 0.916497 1.24313 1.12287 
0120 0.171548	0.661751 0.890968 0.833505 0.950368 0.904649 0.826646 0.769564 1.07001 0.729685 0.715995 
0121 0.132497	1.28605 1.02943 0.920642 0.928711 1.01571 1.05665 1.18299 0.874256 1.16998 0.985213 
0122 0.0892608	1.19862 0.995254 0.830774 0.914674 0.884136 0.928048 0.890129 1.02901 0.704186 0.882665 
0123 0.143654	0.621404 0.859136 0.874343 0.913686 0.980587 1.01843 0.939254 0.822195 1.00192 0.840992 
0124 0.0711297	1.4199 1.04925 1.08651 1.0204 1.10801 1.3222 1.33524 0.928469 1.49508 1.26388 
0125 0.0606695	2.40156 1.21937 1.06898 1.0004 1.0814 1.26394 1.29956 1.09046 1.01467 0.963191 
0126 0.083682	1.50305 1.11673 0.970339 1.08517 0.967278 1.17608 1.06158 1.22855 0.75373 0.851706 
0127 0.247559	0.66856 0.944774 0.984008 0.975805 0.964213 0.901176 0.990612 1.10744 1.0104 1.0671 
0130 0.0684279	0.595433 0.890467 0.884513 0.865575 0.946544 0.762302 0.729728 0.820294 0.833105 0.864538 
0131 0.249026	0.907585 0.969291 0.949808 0.943165 0.976274 1.00289 1.00432 0.927581 0.899308 0.934751 
0132 0.14032	0.514805 0.871845 1.00626 0.994902 0.865185 1.05405 0.976098 1.27483 0.868782 0.953193 
0133 0.138588	0.797797 0.91857 1.1188 0.870056 1.05488 0.895901 1.00711 0.896623 1.2309 1.11944 
0134 0.0848852	0.859335 0.910621 0.85623 0.935136 0.815608 0.891605 0.796446 1.03135 0.678149 0.831153 
0135 0.108705	0.849996 0.958942 1.07454 1.03817 1.03711 0.961857 1.13873 1.11924 1.18726 1.16296 
0136 0.112603	1.40929 1.04797 0.967328 0.964157 1.02052 0.933814 1.2248 1.09124 1.02043 1.18745 
0137 0.0974448	0.832523 1.11823 1.23428 1.09112 1.21622 1.17822 1.30263 1.01456 1.51061 1.1569 
0140 0.113911	1.53676 1.07101 1.18204 1.08692 1.17791 1.12931 1.25076 1.16456 1.3243 1.03556 
0141 0.117708	0.594163 0.972033 0.829373 0.933343 1.02234 0.896567 0.847562 0.938807 0.915484 0.921571 
0142 0.041077	0.922063 1.02497 0.919983 0.829397 1.13384 0.734589 0.809839 0.656499 1.25683 1.01836 
0143 0.166034	0.840628 1.03077 0.890781 0.921295 0.984279 0.987235 0.834284 1.1221 0.653452 0.886477 
0144 0.108388	1.17286 1.01654 1.18469 1.01754 1.22874 1.07424 1.08239 0.91954 1.49501 1.07279 
0145 0.0987228	1.55761 1.17908 0.982894 0.988773 1.12502 1.09738 1.15009 0.741996 1.10413 0.977241 
0146 0.19641	1.48947 1.07432 1.08789 1.00085 1.02039 1.05143 0.984239 1.24832 0.898772 0.972473 
0147 0.157749	1.282 1.04142 1.05789 0.92153 1.09108 1.05744 0.976614 0.943495 0.874793 0.94781 
0150 0.0816384	0.442701 0.881131 0.964168 0.90069 1.01694 0.849066 0.862807 0.784999 1.11701 0.876122 
0151 0.156824	0.995049 0.972557 0.858252 0.99821 0.841066 0.865778 0.846073 1.15118 0.709425 0.772235 
0152 0.192173	0.859649 1.06651 0.897107 0.958978 1.00311 0.943056 1.04607 0.94353 1.01915 0.93149 
0153 0.140973	0.792609 0.848979 0.985796 0.980249 0.851293 1.15966 1.00479 1.35382 0.772337 0.9351 
0154 0.11334	2.18796 1.2198 1.00213 1.12753 1.08471 1.09044 1.1726 1.22065 0.928109 0.999355 
0155 0.11362	0.842831 1.12362 1.13814 1.17695 1.09339 1.08494 1.20225 0.826188 1.59063 1.04548 
0156 0.129892	1.5423 1.17681 1.16032 1.09697 1.0382 1.03608 1.3842 1.28002 1.18095 0.937389 
0157 0.0715388	0.601406 0.960502 1.13488 0.917287 0.939407 1.20733 0.994936 1.06882 1.01945 0.87366 
0160 0.080352	1.76943 1.24483 1.05066 0.994024 1.03291 0.967385 1.20771 1.06646 1.18979 1.0535 
0161 0.100823	1.33907 1.12165 1.16238 1.07165 1.10877 1.01988 1.2639 0.911506 1.72121 0.985669 
0162 0.1718	0.902412 1.15201 0.954533 1.01419 1.06072 0.940623 0.991366 0.791118 1.2448 0.926332 
0163 0.207385	0.628961 0.875255 0.906596 1.08364 0.896418 0.853022 0.792385 1.00653 0.846157 0.822115 
0164 0.113641	1.71517 1.14999 1.09705 1.11236 0.892706 1.14869 1.14155 1.29147 0.946822 1.02811 
0165 0.087048	1.03424 0.96315 0.87529 1.02301 0.907905 0.951641 0.849604 1.33378 0.623493 0.783945 
0166 0.0514636	1.15803 1.03184 1.25186 1.05654 1.07888 1.1516 1.20121 1.13471 1.48187 1.16707 
0167 0.187488	1.42633 1.08469 0.918926 1.06792 0.945666 0.889259 0.972763 1.01276 0.904381 0.903664 
0170 0.124126	1.31549 1.04841 1.18072 1.0635 1.19065 1.09151 1.28533 0.906559 1.3851 1.18419 
0171 0.215035	0.900284 0.881669 0.885272 0.889431 0.979764 0.981586 0.842544 0.788673 0.905762 1.06661 
0172 0.0502622	0.907681 0.930426 1.02934 0.953926 0.966957 1.22049 1.02013 0.953777 0.914167 0.939016 
0173 0.0655594	1.73082 1.12271 1.01483 1.03769 1.1266 1.25807 1.16498 1.11068 1.02644 0.988994 
0174 0.0909091	0.758492 1.0073 1.07054 1.03884 1.06574 1.06788 0.998014 1.02796 1.20742 1.03682 
0175 0.25	0.937897 1.04825 0.863927 1.03812 0.944237 0.911684 0.910038 1.14677 0.728521 0.897142 
0176 0.125	1.11263 0.994203 1.0295 1.09402 1.19397 0.986183 1.09334 0.970241 1.276 1.22075 
0177 0.0791084	0.70542 0.933592 1.05709 0.891467 1.06472 0.912467 0.920935 0.836327 1.27058 0.942197 
1000 0.0889121	1.12503 0.950507 1.16759 0.959254 1.09272 0.716681 1.09687 0.868659 1.58889 1.19352 
1001 0.0679916	1.32162 0.942192 1.0294 0.975304 0.850357 1.11285 0.923088 1.48023 0.709322 1.04493 
1002 0.0575314	1.50563 1.03047 1.10502 0.998175 0.954969 1.16522 1.25137 1.1342 0.900877 1.2855 
1003 0.24477	1.03511 0.917535 1.03993 0.93515 1.01428 1.05606 0.986401 0.885172 1.11616 1.09468 
1004 0.0930962	1.55003 1.07677 1.20996 1.07557 1.03962 1.12212 1.07691 1.35715 1.05755 1.00861 
1005 0.254184	0.771198 0.894819 0.998034 0.993378 0.870973 0.860854 0.811437 1.11088 0.863006 0.962381 
1006 0.0658996	1.72706 1.01061 0.890867 0.92503 0.921121 0.936456 0.775416 1.00955 0.691262 0.961555 
1007 0.127615	0.9415 1.00043 1.18193 1.03967 1.08268 1.0059 1.12625 1.09238 1.2747 1.18331 
1010 0.171449	0.642309 0.897827 0.870507 0.879549 1.02661 0.886113 0.75407 0.959983 0.960675 0.874209 
1011 0.0475857	1.52183 1.17943 1.1647 1.05521 0.956565 1.25734 1.16274 1.44822 0.934392 0.948029 
1012 0.128761	0.856203 0.901366 0.792479 0.924701 0.792874 0.740436 0.788485 1.25846 0.53052 0.783958 
1013 0.0790763	1.60072 1.14338 1.06203 1.14135 1.12201 0.837723 1.11315 0.988684 1.43636 1.05935 
1014 0.180546	0.711125 1.02106 1.02298 0.97125 0.975673 1.03269 1.00237 1.10191 0.967158 1.10486 
1015 0.0657803	1.2379 1.26919 1.07618 1.18062 1.12861 1.14109 1.32023 1.13593 1.4279 1.22673 
1016 0.204339	1.00298 1.02822 1.0761 1.0994 1.02613 1.0819 1.06411 1.138 1.03051 1.04075 
1017 0.122463	1.77037 1.16534 0.948642 1.06635 0.878406 1.08612 1.04117 1.23976 0.882654 1.13037 
1020 0.124567	1.06341 0.908281 0.838886 0.852253 0.848557 1.09983 0.833939 0.815022 0.717628 0.815446 
1021 0.0432526	0.979492 0.93979 1.13038 0.933314 1.08701 1.03184 0.912105 0.875154 1.34577 0.868231 
1022 0.16609	1.25524 1.15658 0.958212 0.92767 1.18164 1.01519 1.08739 0.750849 1.40622 1.03755 
1023 0.129758	1.27152 1.11508 1.09136 0.952942 1.10184 1.18946 1.06018 1.07169 1.07355 1.16985 
1024 0.0847751	1.77637 1.17604 0.958721 0.93537 0.935906 1.03581 0.980322 1.0396 0.765209 0.922884 
1025 0.134948	1.0297 1.07932 0.940956 1.06243 0.951452 1.02971 0.90268 1.18263 0.675704 1.0577 
1026 0.204152	1.07215 1.03794 0.974038 1.01731 0.973256 1.02967 0.956738 0.886818 1.02075 1.01382 
1027 0.112457	1.04052 1.00136 1.26484 1.08232 1.2503 1.1121 1.33019 0.806911 1.8263 1.34332 
1030 0.233488	1.21603 1.13112 1.11558 1.03181 1.16191 1.24317 1.18245 1.07912 1.09231 1.10815 
1031 0.0865116	1.04984 1.0776 0.863624 0.96959 0.995218 0.935475 0.928837 0.99239 0.70258 0.867103 
1032 0.114419	0.916994 0.967686 0.975829 1.0518 1.03189 0.865024 0.975796 0.890487 1.02073 1.1442 
1033 0.145116	0.688042 1.06674 0.960216 0.928041 0.968508 0.926864 0.90092 1.15178 0.7189 1.00661 
1034 0.187907	0.846109 1.16171 1.10568 1.12891 1.09972 0.930587 1.22625 0.934551 1.30879 1.17607 
1035 0.064186	1.85336 1.25383 1.08308 1.09611 1.1078 1.05667 1.20164 1.12713 1.10846 1.28048 
1036 0.109767	0.577078 0.973687 0.960406 0.95892 1.05155 0.98563 0.950896 0.876043 1.00742 0.970738 
1037 0.0586047	0.67211 0.967499 0.880164 0.928028 0.837276 0.947343 0.6472 0.877854 0.634622 0.952743 
1040 0.109982	0.884114 0.90292 0.840287 1.08046 1.00762 0.894559 0.923409 0.954497 0.807726 1.12146 
1041 0.0573013	0.531785 0.937422 0.804979 0.861718 1.0449 0.786733 0.723207 0.600924 0.963204 0.951598 
1042 0.132163	1.00279 1.02909 0.896895 0.976754 0.871248 0.862606 0.863119 1.03866 0.680442 0.843986 
1043 0.201479	1.33315 1.19649 1.14559 1.26693 1.06415 1.06467 1.34934 1.09954 1.2256 1.23568 
1044 0.077634	1.65025 1.00057 0.970663 1.0631 0.857956 0.901136 0.993509 1.27253 0.751872 0.896545 
1045 0.143253	1.87863 1.02882 0.993463 1.01717 1.00639 0.910504 1.04277 1.01768 0.926633 1.07608 
1046 0.173752	0.936731 1.08375 1.04572 0.944768 1.10721 0.883027 1.04348 0.619277 1.36824 1.08768 
1047 0.104436	0.971348 0.906346 1.00582 1.13702 0.943119 0.875397 0.906774 1.15326 0.938398 1.0549 
1050 0.0904762	1.04999 1.02454 1.18464 1.19011 1.05372 1.0494 1.20267 0.935539 1.63445 1.20313 
1051 0.214286	0.820547 0.91196 0.825892 1.11113 0.83674 0.876644 0.824017 1.27583 0.754711 0.991539 
1052 0.0870748	1.47566 1.04362 0.944933 1.03439 1.04533 1.17381 1.2976 0.907264 1.21871 1.0034 
1053 0.0795918	1.52016 1.11733 1.02544 1.03172 0.93611 0.941308 1.08774 0.997131 1.27776 1.08007 
1054 0.102721	1.29037 1.01341 0.898378 1.1977 1.06994 0.782232 1.05786 0.961358 1.18995 1.1669 
1055 0.17483	0.621404 0.832781 0.938991 1.00121 0.913687 0.893492 0.909529 0.868501 1.12356 0.964267 
1056 0.0687075	1.0751 1.09372 1.13275 1.13556 1.04789 1.07232 1.12213 1.21739 1.13538 1.05022 
1057 0.182313	1.1226 0.964686 0.832005 1.01236 0.873175 1.01786 0.914397 1.09434 0.732468 0.972324 
1060 0.204956	1.1095 1.11014 0.917239 1.1692 0.951934 0.896903 0.895878 1.10535 0.786027 0.875674 
1061 0.270521	1.17559 1.03992 1.01401 1.07931 1.04118 1.0212 1.07766 1.02329 1.0695 1.08363 
1062 0.0893134	0.75216 1.01065 0.890146 0.982529 0.936609 0.847499 0.872173 0.787464 0.88654 0.979061 
1063 0.0707279	0.639027 0.95934 0.806251 0.912831 0.753764 0.998115 0.702284 1.03252 0.517131 0.741069 
1064 0.105834	0.940898 1.11097 1.20179 1.073 1.10604 1.01547 1.17047 0.973784 1.42532 1.18256 
1065 0.0949923	0.761442 0.96302 1.11892 1.01271 0.980823 0.958605 0.917717 0.91623 1.11432 0.975388 
1066 0.0867321	1.84162 1.24016 1.15098 1.09624 1.16398 0.963132 1.3137 0.860945 1.45843 1.19873 
1067 0.0769231	1.65817 1.30903 1.03036 1.03082 0.903966 1.38469 1.09965 1.21134 0.766351 0.86675 
1070 0.101869	0.714307 0.967645 1.09999 1.02511 1.116 0.927694 1.09251 0.765303 1.67486 1.00739 
1071 0.150467	0.65567 0.890958 0.879789 0.901318 0.894197 0.862539 0.826327 0.863624 0.992635 1.0278 
1072 0.0925234	1.19584 0.947974 1.06937 1.02975 0.912122 1.20788 1.03409 1.25342 0.804612 1.01681 
1073 0.135514	0.802176 1.01594 1.13895 0.999554 0.949451 1.00122 1.08337 0.961096 1.1188 0.959612 
1074 0.064486	1.28748 0.984835 1.06712 0.935838 1.08415 1.09075 1.32693 0.956838 1.40248 1.32229 
1075 0.126168	2.19531 1.17572 1.08368 1.25526 0.935144 1.03572 1.2887 1.54557 0.920677 0.998241 
1076 0.139252	1.30884 0.896817 0.939042 0.933684 0.854456 0.970529 0.993779 0.903024 0.929641 1.14342 
1077 0.18972	0.79326 0.963857 0.907014 0.899063 0.80647 0.98343 0.905079 0.978651 0.748397 0.832564 
1100 0.238137	0.686675 1.04481 1.17847 1.10049 1.14776 1.06026 1.02138 1.05952 1.27263 1.21954 
1101 0.143681	0.634367 0.868762 0.982037 1.00524 1.02088 0.793196 0.831674 1.05291 1.03583 1.10603 
1102 0.0740576	2.32944 1.32635 1.23917 1.12667 1.296 1.24151 1.3499 0.98127 1.39271 1.26876 
1103 0.05898	1.64561 1.1713 1.16141 1.12211 1.11099 1.03534 1.13217 1.24599 1.23437 1.28632 
1104 0.214191	1.10679 1.04358 0.944207 1.11897 1.01402 1.01915 1.06774 1.06112 0.961133 1.02902 
1105 0.054102	1.45459 0.986698 0.889017 0.979799 0.973044 0.919152 0.905932 1.15862 0.849771 1.21731 
1106 0.127273	0.571738 0.893481 0.771912 0.951251 0.914525 0.856083 0.751193 0.975243 0.631484 0.861178 
1107 0.0895787	0.572822 0.986684 0.960665 1.00034 0.963303 0.927327 0.817645 1.12045 0.728777 1.04278 
1110 0.192958	1.17369 1.16806 0.928642 0.971448 0.975946 0.97601 1.01456 0.938989 0.89973 0.942159 
1111 0.187324	1.07593 1.13295 1.06606 0.929217 1.06648 1.07933 1.14692 0.760206 1.38255 1.04856 
1112 0.114085	0.915821 0.957295 0.961576 0.973176 1.01194 1.06144 0.906931 0.972005 1.20059 0.963182 
1113 0.0507042	1.01151 1.04198 0.846898 0.941508 0.817557 1.06785 0.918183 1.07791 0.667212 1.05393 
1114 0.192958	0.83392 1.03119 0.871235 0.801833 0.812608 0.994092 0.770279 0.877807 0.759513 0.803075 
1115 0.109859	1.62561 1.09002 0.975955 0.984194 0.974368 1.16529 1.07277 1.21693 0.985915 1.02845 
1116 0.105634	1.60635 1.3649 1.15141 0.996442 1.14507 1.17575 1.31926 0.979473 1.52694 1.16414 
1117 0.0464789	1.09362 1.09715 1.04335 1.04 0.852244 1.29173 1.05765 1.25167 0.801106 0.751109 
1120 0.145608	0.886663 0.916037 0.970718 1.00702 0.938543 0.945875 0.864719 0.922532 0.87068 1.01145 
1121 0.055355	2.38647 1.36529 1.07901 1.12546 1.08166 1.06753 1.36828 1.37423 1.03084 1.29932 
1122 0.0577617	0.527556 0.96391 1.03381 0.931592 0.872477 0.972821 0.774551 1.13771 0.783408 0.978243 
1123 0.144404	1.04752 0.987116 0.794864 0.954836 0.925117 0.909232 0.81606 0.95106 0.634088 1.06569 
1124 0.135981	0.842437 0.950523 1.02271 1.01913 0.977981 1.06275 0.96184 1.03484 1.03152 0.940187 
1125 0.192539	1.33332 1.06115 1.06679 1.07617 0.979515 1.03361 1.03663 1.0851 1.14749 1.21533 
1126 0.087846	0.697233 0.996795 1.10373 1.01008 1.0851 0.881281 0.961499 1.04209 1.3369 1.06839 
1127 0.180505	1.51893 1.16837 1.20237 1.1638 1.02376 1.33503 1.41697 1.19233 1.26147 1.24623 
1130 0.126225	0.653288 0.918826 1.01866 0.954668 1.11597 0.845882 0.867964 0.610554 1.08095 1.01254 
1131 0.207108	0.853086 0.828091 0.938528 0.939986 0.954027 0.804861 0.868938 0.881034 0.922658 0.846261 
1132 0.060049	1.82863 0.974638 1.19524 0.98602 1.24033 0.987322 1.29931 0.818918 1.83654 1.18688 
1133 0.143382	1.35378 1.00688 1.15556 1.03127 1.12192 0.969571 1.09463 1.04186 1.22996 1.12706 
1134 0.11152	1.40146 0.898628 1.1314 1.11427 1.10774 0.88817 1.28973 1.06698 1.39795 1.3705 
1135 0.0980392	1.16281 0.894315 1.01393 1.0254 0.880287 1.00079 0.977694 1.05855 0.783985 0.9245 
1136 0.140931	0.643103 0.787673 0.827401 0.913274 0.860266 0.751073 0.706347 1.12007 0.691063 0.806942 
1137 0.112745	1.42735 1.08811 1.05811 1.03474 1.01757 1.01781 1.12355 1.1085 0.999796 1.02071 
1140 0.137066	1.01383 1.12767 1.20875 1.12385 1.09467 1.03479 1.14205 1.10038 1.22107 0.929558 
1141 0.103282	1.71305 1.14497 1.01983 1.2233 1.05172 1.1064 1.17813 1.36696 1.0433 0.98129 
1142 0.13417	0.568701 0.889868 0.864459 1.16023 0.935854 0.759223 0.790031 0.942141 0.819476 0.943434 
1143 0.0492278	0.661591 0.898388 1.02042 1.20079 1.17258 1.01423 1.19137 0.95105 1.58067 1.04982 
1144 0.0936293	0.625445 0.892227 0.830833 1.01178 0.876801 0.921953 0.74141 1.09815 0.69743 0.794915 
1145 0.166023	0.678015 0.964145 1.08324 1.01263 0.927245 0.913992 1.05525 1.09585 1.04572 1.09811 
1146 0.202703	1.12552 0.971715 0.982596 1.00871 0.978918 1.06249 1.00579 1.09711 0.839147 0.964361 
1147 0.1139	2.07637 1.31018 1.14044 1.32067 1.14517 1.13316 1.47384 1.2874 1.4009 1.15929 
1150 0.153514	0.738292 1.00865 1.06586 1.01848 1.08135 1.06 1.01105 0.700509 1.27338 1.18567 
1151 0.135135	0.848163 0.884799 1.00876 0.965285 0.818572 0.972489 0.921428 1.16562 0.718241 0.904468 
1152 0.0767568	1.90256 1.07613 1.15911 0.911141 1.01815 0.960879 1.09137 0.751319 1.24093 1.01197 
1153 0.202162	1.20025 0.966533 0.987637 0.980894 0.891642 0.939454 1.05677 0.806977 0.993508 1.08385 
1154 0.0864865	0.607623 0.783766 1.00564 0.875677 0.848106 0.87596 0.861646 0.842169 0.780742 0.865861 
1155 0.158919	1.10654 1.13202 1.19597 1.03663 1.00191 1.06426 1.19857 1.06111 1.1879 1.12029 
1156 0.131892	0.615864 0.888679 1.00155 0.868885 0.977148 0.780043 0.822425 0.781352 0.899548 0.892293 
1157 0.0551351	0.81316 0.972984 1.08089 1.00787 0.8635 1.09823 1.00319 1.09977 0.832763 1.13208 
1160 0.154076	0.594649 0.981435 0.941608 0.902357 0.926843 0.895857 0.965722 0.79069 0.949834 0.934969 
1161 0.184742	1.16306 1.07105 1.17555 0.992275 1.06854 0.993869 1.23305 1.21265 1.09777 1.10575 
1162 0.130142	0.649076 0.94673 1.0449 1.07702 0.916015 0.990911 1.01283 1.26216 0.993109 0.927191 
1163 0.0516081	1.01597 1.00284 1.05731 0.975514 0.940453 1.30056 1.07589 1.0627 0.864087 0.823155 
1164 0.0755423	0.577039 1.00321 0.86732 0.834222 0.882721 0.960053 0.728545 1.09319 0.658136 0.706053 
1165 0.13463	0.992779 0.952765 1.24009 1.05044 1.10392 1.01947 1.28059 0.963207 1.70796 1.02841 
1166 0.140613	0.988416 0.9535 1.01179 1.02216 0.825206 1.07489 0.979387 1.42472 0.769373 0.747121 
1167 0.128646	0.595471 0.980871 0.991445 0.979592 1.02412 0.932593 0.980423 0.846055 1.20832 1.0022 
1170 0.127576	0.566804 0.811813 0.953872 0.821846 0.978559 0.88162 0.96319 0.880763 1.1224 1.13914 
1171 0.15211	0.9462 1.04499 0.949294 0.780421 0.95893 0.945365 0.94329 0.947436 0.955435 1.16937 
1172 0.106968	0.45539 0.926613 0.919703 0.891432 0.914577 0.868977 0.879935 1.23135 0.770429 0.879644 
1173 0.140334	1.11216 1.08042 1.05308 1.00398 1.11479 0.94721 1.17098 0.978332 1.39039 1.21663 
1174 0.140334	2.29795 1.03881 1.01442 0.980185 0.995967 0.96241 1.4773 0.999462 1.17095 1.38878 
1175 0.0657507	0.567679 0.875009 0.90186 0.832046 1.02332 0.904205 0.915102 0.814028 1.02257 1.01716 
1176 0.160942	0.783307 0.922237 0.913131 0.887461 0.801201 0.900083 0.853558 1.21752 0.692181 0.955694 
1177 0.105986	0.9523 0.905335 1.06317 0.888773 0.984376 1.08848 1.16205 0.957583 1.10568 1.14265 
BOUNDS
LWPS R    0.0  0.0  0.0  0.0  0.0  0.0  0.0  0.0  0.0  0.0
UWPS R    0.5  0.5  0.5  0.5  0.5  0.5  0.5  0.5  0.5  0.5
LXAS R   -0.5 -0.5 -0.5 -0.5 -0.5 -0.5 -0.5 -0.5 -0.5 -0.5
UXAS R    0.5  0.5  0.5  0.5  0.5  0.5  0.5  0.5  0.5  0.5
END
