NAME moment_estimations_cluster
ASSETS 10
BENCHMARKS 0.1 0.1 0.1 0.1 0.1 0.1 0.1 0.1 0.1 0.1 
COVARIANCES
0 0 0.096561
1 0 0.0224345
1 1 0.00898616
2 0 0.0134938
2 1 0.00519624
2 2 0.0101211
3 0 0.0106645
3 1 0.00397411
3 2 0.00401927
3 3 0.00423609
4 0 0.00932626
4 1 0.00557842
4 2 0.00621459
4 3 0.00258413
4 4 0.0086418
5 0 0.016624
5 1 0.00416131
5 2 0.00692182
5 3 0.00251177
5 4 0.00232424
5 5 0.010874
6 0 0.0315024
6 1 0.0107282
6 2 0.012343
6 3 0.00665276
6 4 0.0105846
6 5 0.00963773
6 6 0.023293
7 0 0.014129
7 1 0.000500514
7 2 -9.26515e-05
7 3 0.00376227
7 4 -0.00767141
7 5 0.00355823
7 6 -0.00115025
7 7 0.0246506
8 0 0.0208299
8 1 0.0125748
8 2 0.0191343
8 3 0.00673884
8 4 0.0219545
8 5 0.0073609
8 6 0.029181
8 7 -0.0208979
8 8 0.0631096
9 0 0.0159657
9 1 0.00550003
9 2 0.00799984
9 3 0.00393427
9 4 0.00760949
9 5 0.00476375
9 6 0.0145336
9 7 -0.00317543
9 8 0.0222628
9 9 0.0144972
SCENARIOS
0 0.63696	1.16633 1.06517 1.05382 1.02762 1.08299 1.04564 1.09767 0.958002 1.17453 1.05109 
1 0.36304	0.903337 0.932159 0.926132 0.991755 0.921928 0.954025 0.865857 1.08776 0.775441 0.906483 
00 0.336379	1.15784 1.05802 1.11442 1.05477 1.07201 1.06547 1.15308 0.880867 1.40365 1.06661 
01 0.663621	0.894163 0.948047 0.970958 0.957607 0.941262 0.938919 0.943524 1.08547 0.864071 0.986122 
10 0.313189	1.54343 1.11979 1.11781 1.04214 0.998382 1.18321 1.13593 1.19941 1.08372 1.11033 
11 0.686811	0.851327 1.04681 1.00135 0.960349 1.03918 0.969312 0.987521 0.872791 1.06511 0.991454 
000 0.104966	1.98506 1.1564 1.20024 1.07987 1.31719 1.05078 1.43114 1.05186 1.633 1.29801 
001 0.085737	1.82758 1.05435 1.0937 1.08221 0.988952 1.11346 1.19825 1.31574 0.878096 1.0972 
002 0.118081	0.703179 0.921873 0.88386 0.935262 0.930201 0.933945 0.790614 1.13049 0.692587 0.819127 
003 0.158172	1.05428 1.00307 1.03763 0.990018 0.921468 1.08001 1.09973 1.14615 0.978794 1.08636 
004 0.222627	0.866732 0.96666 1.02031 0.964642 1.13248 0.939164 1.01315 0.746294 1.26212 1.0046 
005 0.099972	1.3669 1.06917 0.956105 0.995663 0.915608 1.00007 0.913795 1.16786 0.678772 0.972226 
006 0.0497993	0.975844 1.06977 1.1942 1.01633 1.18325 1.02807 1.32239 1.00051 1.4537 1.37676 
007 0.160646	0.568621 0.786462 0.869828 0.854646 0.944717 0.818183 0.785099 0.862919 0.883967 0.969574 
010 0.0578188	0.455738 0.825185 0.761656 0.894962 0.862432 0.769974 0.646414 0.941514 0.640538 0.774148 
011 0.108824	1.0115 0.95968 0.829325 0.952745 0.898783 0.964677 0.812918 1.0607 0.682902 0.953663 
012 0.118808	2.15862 1.08607 1.07736 1.05085 0.947309 1.15443 1.16595 1.28581 0.991503 0.918021 
013 0.155311	1.45232 1.11238 1.1249 1.14861 1.16443 1.07384 1.26422 0.926945 1.61628 1.18963 
014 0.132695	0.748939 0.940186 0.852933 0.949711 0.983588 0.931407 0.820226 0.736341 0.970542 0.932613 
015 0.0582919	0.539728 0.894757 1.03672 0.9465 0.935258 1.02541 0.843363 0.947803 0.882961 0.908442 
016 0.173172	0.990507 0.976803 1.09279 1.1374 0.915408 1.08869 0.968034 1.24909 0.887207 1.02237 
017 0.195079	0.940641 0.975459 0.988297 1.04078 1.05796 0.977701 1.05254 0.878738 1.21729 1.04048 
100 0.0530343	0.736882 0.877738 0.933485 0.937122 0.865813 1.08081 0.838066 1.10098 0.672108 0.861356 
101 0.0838171	1.68755 1.16632 1.01863 1.06494 1.08747 1.0044 1.21327 0.911956 1.1238 1.16011 
102 0.161038	0.537333 0.758999 0.849942 0.920797 0.844624 0.815317 0.742908 1.07437 0.597423 0.819091 
103 0.116271	0.784013 1.0194 1.11354 1.13527 1.0695 1.00708 1.17009 1.05499 1.28746 1.12446 
104 0.166491	1.42906 1.04553 0.946628 1.02229 0.995454 0.921722 1.00552 1.15704 0.784723 1.03841 
105 0.0562885	1.95901 1.12431 1.18087 1.10432 1.214 1.11288 1.56227 0.810663 1.70623 1.23031 
106 0.157256	0.898416 1.11908 0.995237 0.950404 1.10548 0.968241 1.09248 0.701158 1.25546 0.984975 
107 0.205805	0.948374 0.917825 0.92508 0.962139 0.983813 0.87394 0.936873 0.998617 0.842506 0.955988 
110 0.192909	1.35865 0.968264 1.00281 1.03673 1.04038 1.1006 1.1105 1.11223 1.10232 1.11625 
111 0.146667	1.05977 1.0088 1.11577 0.982147 1.1148 1.16511 1.11192 0.909638 1.38613 0.987762 
112 0.134916	0.738607 0.812769 0.89142 0.929701 0.986266 0.858443 0.791412 1.00689 0.948467 0.946817 
113 0.168084	0.798779 0.92125 0.961634 0.924945 0.939517 1.10772 0.904539 0.987573 0.949801 0.967549 
114 0.0755996	0.703874 0.794386 0.752891 0.882886 0.876997 0.749798 0.677831 0.947402 0.757367 0.822027 
115 0.0403866	0.707642 0.810444 0.831714 0.927656 0.716708 1.08536 0.74681 1.55837 0.480654 0.767147 
116 0.0995428	1.27961 1.07295 1.13793 1.09508 1.21114 0.97232 1.32668 0.838325 1.86803 1.22537 
117 0.141895	1.22109 0.993479 0.909835 1.03578 0.861429 0.92604 0.939823 1.44048 0.700364 0.909823 
0000 0.144953	0.637126 0.87166 0.828807 0.867648 0.873788 0.929577 0.746775 0.826079 0.757421 0.860714 
0001 0.156069	1.44864 1.14852 0.907884 1.04337 0.863905 1.14185 0.981168 1.19715 0.754267 0.866798 
0002 0.0920409	0.896286 1.13147 0.798758 0.938486 0.835728 0.932892 0.821483 1.09552 0.594595 0.932818 
0003 0.130725	1.06526 1.07557 1.16578 1.04681 1.0441 1.03972 1.10863 0.831703 1.33108 1.21551 
0004 0.065807	2.53357 1.33103 0.971376 1.26284 1.00754 1.22469 1.43002 1.12311 1.15681 1.27211 
0005 0.209426	0.857525 1.03825 0.994996 0.839857 0.945031 1.05326 0.946901 0.803674 0.921954 1.02584 
0006 0.112939	0.42314 1.0425 1.06197 1.04359 1.13086 1.0656 1.02938 0.697726 1.65362 1.18416 
0007 0.0880391	1.23085 1.10785 1.11847 1.00129 0.927313 1.3728 1.06926 1.10543 0.967386 1.13683 
0010 0.192161	1.8521 1.25431 0.969186 0.983918 1.05576 1.00412 1.14103 1.17243 1.2604 1.11024 
0011 0.101252	1.06336 1.14117 1.05837 1.00285 1.02813 1.30332 1.13637 1.28687 0.982213 1.13542 
0012 0.0631464	0.824456 1.12507 1.13448 1.10529 1.17346 0.974613 1.17917 0.794406 1.45204 1.14 
0013 0.0740338	0.98673 1.02467 0.828702 0.847257 0.894172 0.870487 0.840395 1.22192 0.69162 0.944112 
0014 0.0664126	0.554604 1.0401 1.01916 0.904897 1.05586 0.97481 0.921406 1.11863 1.13255 1.09577 
0015 0.0783887	0.596323 1.01331 0.822347 0.826126 0.980836 0.858787 0.755252 0.737822 0.913513 0.917706 
0016 0.11595	0.609408 0.885348 0.860218 0.933245 0.793304 0.956226 0.765854 1.0133 0.737013 0.952311 
0017 0.308655	0.965261 1.18087 0.942541 0.980235 1.06703 0.889092 0.956131 0.954267 1.02342 0.924206 
0020 0.169565	0.867695 0.929098 1.03146 0.998274 0.989288 1.05755 1.09599 0.784526 1.15043 1.31992 
0021 0.0802372	0.745254 0.785852 0.800686 0.982435 0.847098 0.828269 0.799369 0.990554 0.58373 0.923551 
0022 0.190514	1.16789 0.921815 0.882302 0.861506 0.886296 0.874106 0.992396 1.12142 0.731569 1.07659 
0023 0.0881423	1.64068 1.05443 1.02425 1.09511 0.993454 1.04424 1.20914 1.07083 0.98835 1.13214 
0024 0.148221	0.528659 0.919304 0.908725 0.896394 1.00782 0.914077 0.791466 0.753815 0.917779 0.878197 
0025 0.0790514	1.18996 1.05305 1.15382 0.97341 1.07511 1.06425 1.24153 0.958314 1.41501 1.25989 
0026 0.156522	0.854934 0.93941 1.09411 1.12859 0.890087 0.897665 0.975526 1.20725 0.925132 1.17705 
0027 0.087747	1.30398 1.11419 1.0678 1.00366 1.15639 1.14191 1.40535 0.881758 1.56099 1.15318 
0030 0.191207	1.13746 1.19695 1.17855 1.19349 1.24786 1.18627 1.19936 1.02462 1.35665 1.15483 
0031 0.0758336	1.4193 1.09346 1.03553 1.04957 1.15185 1.01668 0.988772 1.03008 1.05061 1.07456 
0032 0.126291	1.17102 0.886192 0.929585 1.05761 1.04265 0.982791 0.962263 1.28601 0.786993 0.907321 
0033 0.22514	0.622445 0.999302 1.02617 0.958407 1.15316 0.967538 0.906873 0.8482 1.04579 0.997375 
0034 0.0982591	1.0826 1.01274 0.866837 1.03482 0.999209 0.928453 0.897224 0.936597 0.778627 0.919459 
0035 0.111832	1.02098 1.03966 1.06711 1.08746 1.05726 1.02655 1.04194 1.25228 1.10299 1.15054 
0036 0.0829153	0.571106 0.881074 0.865402 0.968888 0.981283 0.845583 0.758231 0.930856 0.720339 0.962851 
0037 0.0885217	2.20168 1.25844 1.16139 1.11918 1.15991 1.24594 1.287 0.92428 1.23975 0.998594 
0040 0.144654	1.58666 1.20062 1.09634 1.03414 1.20454 1.24296 1.36609 1.13266 1.5003 1.25808 
0041 0.0566038	0.657958 0.89577 1.08519 0.985656 0.85875 1.02562 0.825919 1.40099 0.747844 1.00301 
0042 0.0853249	1.59818 1.18437 1.02549 1.03094 0.958685 1.13917 1.18086 1.33495 0.963432 1.10469 
0043 0.135639	1.07201 1.03415 0.91573 1.05167 1.01077 0.901518 1.02135 1.11718 1.05671 1.18373 
0044 0.12369	0.821764 0.9557 0.86085 0.935219 0.830514 1.03541 0.905767 1.27538 0.664122 0.942944 
0045 0.109853	1.18791 1.11396 0.928159 0.947124 0.954595 0.959888 0.956929 1.1813 0.77049 1.02502 
0046 0.215514	0.6302 0.833931 1.05094 0.965645 1.05753 0.906548 0.976374 0.936905 1.22224 1.19054 
0047 0.128721	0.89682 1.08985 1.17132 1.0429 0.94909 1.19827 1.17798 1.36532 1.08349 1.27047 
0050 0.135387	1.70259 0.982556 1.02656 1.08602 0.939491 1.12541 1.18736 1.31662 1.0892 1.0935 
0051 0.218021	0.87715 0.86087 0.891824 0.982024 1.02822 0.861655 0.930757 0.866196 1.10947 1.02733 
0052 0.157796	0.64076 0.817825 0.916896 0.949461 0.941793 0.91145 0.948925 1.18894 0.853148 0.973239 
0053 0.109244	0.955994 0.859471 0.903324 0.895172 0.88514 0.981913 0.928576 1.2283 0.719264 0.908408 
0054 0.0602241	0.846622 0.883364 0.762742 0.849474 0.876018 0.897755 0.831949 0.865458 0.720487 0.90301 
0055 0.111578	1.39807 1.05887 0.924599 0.838402 1.14026 0.961534 1.16976 0.864173 1.33361 1.07203 
0056 0.161531	0.885741 0.838956 1.05887 0.97532 1.03971 0.965954 1.20797 0.991668 1.51053 1.24756 
0057 0.0462185	1.43395 1.02418 0.892788 1.08707 0.855103 0.93651 0.994138 1.62359 0.693058 1.00632 
0060 0.0646673	1.00228 1.14346 1.15742 1.00874 1.17159 1.14041 1.28536 0.821075 1.69049 1.20313 
0061 0.099344	1.10224 0.948571 0.957116 1.05982 1.04614 1.0526 1.05385 0.885855 1.09724 0.978202 
0062 0.128397	1.15737 0.989753 0.862054 1.02402 0.844576 0.890038 0.832954 1.40433 0.633889 0.814811 
0063 0.076851	0.592779 0.849106 0.980524 0.947369 1.04435 1.02597 0.992071 0.667422 1.43595 1.02869 
0064 0.164948	1.47288 1.03748 0.960677 1.06417 0.923672 1.05958 1.02081 1.32741 0.913611 1.04532 
0065 0.257732	0.888819 1.03974 0.87561 0.993696 0.972246 0.96808 0.85495 0.980606 0.893491 0.870221 
0066 0.121837	1.36002 1.17699 1.12204 1.20731 1.07425 1.30793 1.25367 1.12771 1.20348 1.10969 
0067 0.0862231	0.510633 0.879634 0.999617 1.08356 0.927035 0.919261 0.920923 0.971471 1.14165 0.973712 
0070 0.145555	1.10075 0.96032 0.991587 1.06286 0.913355 1.10385 0.972491 1.17709 0.896308 0.939444 
0071 0.175189	1.00598 1.17718 0.826812 0.929272 0.944756 0.847998 0.879703 0.947385 0.725149 0.846495 
0072 0.0618826	0.468381 1.03724 0.95984 1.06266 0.889201 0.865023 0.714514 1.02184 0.764362 0.869698 
0073 0.0993608	0.559047 0.970381 0.966332 0.970863 1.147 0.987737 1.08869 0.747899 1.32894 0.963193 
0074 0.178385	1.32361 1.18456 1.13594 1.12884 1.23962 1.00615 1.30175 0.954946 1.49975 1.05546 
0075 0.045032	2.0883 1.21882 1.1557 1.17416 1.10493 1.06832 1.26437 1.17156 1.11013 1.09423 
0076 0.0790238	0.65228 1.06649 1.12031 1.00728 1.13416 1.03785 0.90748 0.882398 1.20519 1.02109 
0077 0.215572	1.17443 1.19896 0.965706 0.993265 1.07181 0.981426 0.96901 0.997089 1.0152 1.02896 
0100 0.0462357	1.06421 0.85877 0.817451 0.921927 0.694867 0.953852 0.842765 1.32254 0.527637 0.682145 
0101 0.168576	0.91448 1.06443 0.959519 0.970901 0.933311 1.04856 0.834915 0.960052 0.81149 0.949768 
0102 0.121522	1.06981 1.06161 1.13728 1.02619 1.20961 1.15845 1.17049 0.636877 1.72684 1.14382 
0103 0.123977	1.31029 0.972122 1.17584 0.96846 1.07682 1.07454 1.18541 0.971463 1.36589 1.23189 
0104 0.146481	1.51758 0.999699 1.07415 1.01497 0.970974 1.2267 1.11151 0.85585 0.971571 1.07886 
0105 0.169804	1.18269 1.04294 1.03932 1.15456 0.974225 0.940515 1.02603 1.15191 0.973419 0.954202 
0106 0.0540098	1.64863 0.967225 0.857627 0.877258 0.783892 1.05892 0.850443 1.09564 0.56086 0.78827 
0107 0.169394	0.826578 0.860256 0.921878 0.870936 1.00092 0.959775 0.878556 0.777913 1.13342 0.881856 
0110 0.0882609	1.58597 1.20154 1.08845 1.05441 1.11462 0.878011 1.08334 0.881451 1.27666 0.974849 
0111 0.157174	0.68327 0.865556 0.908491 1.00099 0.864528 0.957767 0.722515 1.09542 0.674417 0.826108 
0112 0.162174	1.20593 1.02183 0.911257 1.00409 0.949118 0.957069 1.00849 0.994034 0.860642 0.927129 
0113 0.111304	1.20937 0.912401 1.1032 1.1368 0.845442 1.06064 1.01152 1.4608 0.851168 0.964334 
0114 0.063913	2.0737 1.11063 1.05862 1.05339 0.941716 1.07786 1.06258 1.17683 0.840399 0.798025 
0115 0.0808696	1.62806 1.1823 1.06327 1.17186 1.10665 1.07602 1.29565 1.02156 1.40716 1.02382 
0116 0.227174	0.842111 0.951998 1.07307 1.01581 1.00877 1.08648 1.08996 1.01903 1.25403 0.951213 
0117 0.10913	0.927049 0.966338 0.957056 0.953864 0.991507 0.935304 0.92665 0.776727 1.0908 0.992527 
0120 0.0563521	0.5131 1.01982 0.957589 1.01818 0.848408 1.05844 0.846804 1.26922 0.66259 1.00925 
0121 0.161689	0.894108 1.02579 1.08849 1.0954 1.05958 1.24246 1.0806 1.06205 0.970358 1.01525 
0122 0.155117	1.19932 1.06126 0.973168 1.10854 0.975795 1.13959 1.03111 1.08174 0.920283 1.07397 
0123 0.0625249	1.63996 1.09381 1.09346 1.16827 0.954959 1.14591 1.17228 1.40129 0.800153 0.982081 
0124 0.118479	0.760928 1.08666 0.886611 0.910406 1.13467 0.97855 0.904691 0.717347 1.09859 1.08368 
0125 0.0957786	0.99999 0.98405 0.900134 1.0302 0.93386 0.970202 0.807828 1.19344 0.64574 0.889007 
0126 0.252688	1.31673 0.952798 1.07003 1.02435 1.16351 1.11822 1.30892 0.913706 1.37377 1.21302 
0127 0.0973716	0.658927 0.961884 0.796071 0.990321 0.949884 0.950585 0.742658 0.922393 0.674334 0.912554 
0130 0.201066	0.933897 0.989985 0.92753 0.91388 0.856507 0.982955 0.799102 1.03349 0.649149 0.86003 
0131 0.0958111	0.76324 1.06103 1.12466 0.935275 1.09497 1.06169 1.05434 0.809054 1.36491 1.14555 
0132 0.108606	1.08663 1.10691 1.06677 1.0708 0.974266 1.28342 1.11686 1.25844 0.913711 0.886894 
0133 0.187205	1.25803 1.05184 1.0006 1.0118 1.01834 0.991185 1.0927 0.891478 1.08163 0.989052 
0134 0.170449	0.637633 0.9457 1.0142 0.930304 0.931015 0.987218 0.862981 0.922583 0.923874 0.98167 
0135 0.0662605	0.502676 0.898166 0.934938 0.859314 1.0863 0.912208 0.823078 0.590921 1.14313 0.940275 
0136 0.112414	1.17635 1.08671 1.1925 1.02073 1.09664 1.28863 1.30771 1.08218 1.47039 1.2524 
0137 0.0581874	2.39901 1.24404 1.03528 1.00259 0.969853 1.13612 1.14242 1.10569 0.902378 0.912529 
0140 0.115529	1.47331 1.05835 0.987224 0.941403 0.978186 1.02976 1.0226 1.06141 0.906586 0.998628 
0141 0.103762	0.919726 0.994474 0.933506 1.03513 0.943715 0.957692 0.899517 1.21028 0.677586 0.828431 
0142 0.121055	1.00718 0.978833 1.1385 1.07607 1.01721 1.1262 1.14205 1.05139 1.24777 0.981933 
0143 0.119986	1.03365 1.20223 1.18281 1.07814 1.23624 0.986333 1.21414 0.917129 1.74195 1.04959 
0144 0.0652523	0.554258 0.761328 0.863713 0.811145 0.859183 0.921324 0.76767 0.956715 0.692391 0.7925 
0145 0.0755928	2.01356 1.12402 1.1386 1.20695 1.06175 1.09725 1.27289 1.04323 1.29997 1.16693 
0146 0.103405	1.30787 0.966869 1.08624 1.11784 0.993548 1.0524 1.0148 1.35309 0.931012 0.896361 
0147 0.295418	0.758615 0.876991 1.04184 0.894633 0.979707 0.95863 0.943161 0.911109 1.09415 0.976218 
0150 0.236201	0.922007 1.02185 1.01035 1.04091 0.989258 0.942494 0.960631 0.938127 1.06121 0.94805 
0151 0.100244	0.828967 0.836375 0.878242 0.931162 0.942382 0.961186 0.885887 1.02522 0.925437 0.971158 
0152 0.0872565	1.05718 1.0398 1.07395 1.17884 0.986622 1.04935 1.15406 1.33212 1.12208 1.0238 
0153 0.0779221	1.09672 0.876325 0.884962 1.08293 0.884973 1.18994 0.939482 1.4616 0.706633 0.813006 
0154 0.194399	1.11892 0.994177 1.06239 0.953755 1.0778 1.05232 1.1234 0.845377 1.5003 1.17079 
0155 0.0681818	0.803226 0.817685 0.826496 0.886563 0.744281 0.8884 0.705989 1.25053 0.593191 0.678008 
0156 0.111201	0.820221 0.939527 0.887988 0.983127 0.903542 0.938995 0.842397 1.14717 0.811369 0.907397 
0157 0.124594	1.45401 1.16035 1.01886 1.15666 1.01258 1.00454 1.12259 1.17555 1.07625 1.13807 
0160 0.260792	0.897833 0.990157 0.944147 0.999703 0.967936 0.948212 0.938838 1.03121 0.932408 0.988201 
0161 0.0583333	0.943127 1.06396 1.10252 0.9162 1.21227 0.952945 1.09647 0.689207 1.72585 1.07477 
0162 0.136202	1.49561 1.0527 0.958796 0.920797 1.03498 0.885779 1.04985 0.898329 1.05383 0.907255 
0163 0.0556011	0.76702 0.890489 0.926183 0.797323 0.984666 1.00046 0.811326 0.796654 0.983953 0.897675 
0164 0.136339	1.46924 1.02969 1.01959 0.939951 1.10495 1.14026 1.2114 1.17066 1.06059 0.983262 
0165 0.134563	1.33209 1.1143 1.14939 0.964399 1.11912 1.06307 1.37048 0.856062 1.64227 0.969645 
0166 0.114617	0.780468 1.07329 0.957869 0.923519 1.13171 0.957726 0.940705 0.857302 1.19305 0.900705 
0167 0.103552	1.03303 0.828071 0.80665 0.915781 0.823556 1.04098 0.770942 1.1831 0.547202 0.721339 
0170 0.0920446	0.727791 0.929755 0.881924 0.903879 0.859568 0.969003 0.852353 1.26213 0.645752 0.846969 
0171 0.0779772	1.05198 1.16253 1.26392 0.914158 1.1726 1.07603 1.19322 0.748916 1.51942 1.1982 
0172 0.158137	0.606753 0.795226 0.846225 0.939371 0.864013 0.851569 0.787138 0.949421 0.814543 0.916029 
0173 0.0863449	1.07629 1.04894 0.980416 0.931164 0.840449 1.14701 0.989634 1.13952 0.714212 0.992387 
0174 0.137279	1.13821 1.26862 1.04677 1.0656 1.1028 0.964371 1.11834 0.806566 1.24155 1.02693 
0175 0.0869512	1.64504 1.05813 1.08152 1.10979 1.04985 1.26967 1.28396 1.12249 1.03204 1.12716 
0176 0.238782	1.30734 1.10038 0.970866 0.989403 1.00886 1.00431 1.00069 0.994054 0.935396 1.09124 
0177 0.122484	0.598914 0.887402 1.05959 0.919861 0.937716 0.940531 0.927137 0.997546 1.07159 1.0435 
1000 0.18408	0.895272 0.910643 1.00681 0.896581 1.11493 1.09018 1.04 0.675236 1.31245 0.960318 
1001 0.185738	0.701677 0.941129 0.97342 0.995319 0.951267 0.957708 0.947023 0.916098 0.948098 0.86688 
1002 0.124378	1.24147 1.23442 1.07417 1.01969 1.14472 1.13148 1.25274 0.819524 1.38343 1.10892 
1003 0.162521	1.56133 1.13819 1.00043 1.12758 0.983931 1.0141 1.13975 1.10479 1.08657 1.06263 
1004 0.145937	1.02177 1.00014 0.884181 0.893946 0.897238 0.975542 0.876188 1.01043 0.689562 0.922827 
1005 0.079602	1.18564 0.972487 0.880115 0.985181 0.85695 0.830737 0.912825 1.41365 0.768057 0.799385 
1006 0.0630182	2.00518 1.11908 1.1611 0.986918 1.03522 1.19607 1.26813 1.09203 1.20925 1.35607 
1007 0.0547264	0.701368 0.905394 1.10157 0.989746 0.932247 1.07179 0.934413 1.42648 0.804641 0.928185 
1010 0.103882	1.20528 1.05386 0.912321 1.01478 1.10563 0.964182 1.09297 1.03482 0.910212 0.88323 
1011 0.121721	1.11344 0.882826 0.883287 0.931914 0.801276 0.972999 0.884725 1.15383 0.772329 0.814927 
1012 0.111228	0.685299 0.864416 1.05296 0.881471 1.12087 0.888507 0.981662 0.845674 1.21261 1.10352 
1013 0.0493179	0.945837 0.884898 1.13102 1.01223 0.910808 1.28142 1.0077 1.27872 0.889625 1.20786 
1014 0.0828961	0.869281 0.873395 0.9425 1.05583 0.890036 0.934426 0.932494 1.30174 0.681582 0.825247 
1015 0.128017	1.74313 1.11873 1.22628 1.02975 0.982572 1.25762 1.15664 1.38569 1.03536 0.980516 
1016 0.16999	1.2863 1.13855 1.19126 1.10639 1.11136 1.12435 1.1766 0.939961 1.34649 0.918856 
1017 0.232949	0.734873 0.993621 0.902473 1.0445 1.04911 0.880968 1.02292 0.927156 0.988075 0.938114 
1020 0.210268	0.845496 0.934559 0.886584 0.977377 0.85646 0.964175 0.747651 0.977674 0.740599 0.89588 
1021 0.107045	0.808017 0.994429 1.11728 1.10927 0.905063 1.1049 1.03572 1.10581 1.03707 1.10123 
1022 0.155106	0.850752 1.05703 1.02079 1.11646 1.1694 0.985269 1.15648 0.762836 1.69962 1.30536 
1023 0.0491535	1.83265 1.23403 1.13937 1.07677 1.23001 0.956923 1.36419 0.872546 1.82887 1.15247 
1024 0.127799	1.1899 0.938615 0.91319 0.997095 0.852491 1.01666 0.948578 1.43177 0.735148 0.806357 
1025 0.0770071	1.3394 1.26606 1.18361 1.07825 1.09817 1.19611 1.25726 1.11965 1.40744 1.01923 
1026 0.0851993	2.02048 1.27246 0.859512 0.999021 1.18599 0.878043 1.07022 0.824448 1.25746 0.853846 
1027 0.188422	1.12014 1.13064 0.921862 0.910017 1.08762 0.979298 0.940895 0.828314 1.08639 0.942207 
1030 0.0839637	0.826641 0.950164 0.925453 1.01731 1.12761 0.828435 1.07486 0.874362 1.1692 1.08126 
1031 0.23298	0.725141 0.888722 0.939693 0.988382 0.948607 0.873395 0.866184 1.07427 0.743772 0.813004 
1032 0.130862	1.00176 0.902878 1.02511 0.935753 0.860051 1.10208 0.953285 1.17943 0.826012 0.920899 
1033 0.103631	1.6492 0.992705 1.12658 1.06057 1.11243 1.091 1.20954 1.03099 1.18183 1.05575 
1034 0.12708	0.875478 0.81512 1.00437 0.904381 1.0527 0.916664 1.05423 0.787947 1.12668 0.858615 
1035 0.111195	1.57795 1.05455 1.07831 1.02263 1.04611 1.11886 1.07889 1.17827 1.03787 0.919107 
1036 0.121785	0.748854 0.745273 0.816574 0.840391 0.817459 0.823329 0.681964 1.05833 0.554793 0.84285 
1037 0.0885023	0.929796 1.20492 1.17114 0.944141 1.22524 1.19472 1.29688 0.748424 1.78729 0.93374 
1040 0.0639197	0.650201 0.871081 0.968816 1.0545 0.894512 0.991117 0.912253 1.35742 0.772239 0.791442 
1041 0.117802	0.89282 1.04982 1.23383 1.03958 1.12915 1.24188 1.32739 0.891013 1.56608 0.968969 
1042 0.110407	0.884385 0.819639 0.901484 0.862157 0.829217 0.938785 0.823712 1.28166 0.625604 0.678703 
1043 0.109878	0.644962 0.870337 0.966357 0.958966 0.895583 1.01514 0.903297 0.823103 1.08562 0.904314 
1044 0.132066	0.822872 0.898867 0.901821 0.889196 0.85648 0.978531 0.846563 0.84669 0.743706 0.870775 
1045 0.27364	1.41134 1.09215 1.03099 1.05513 0.944032 1.01614 1.15894 1.13952 1.1194 1.01299 
1046 0.0554675	0.773745 0.897742 1.07221 0.986531 1.01823 1.04049 0.949691 0.708878 1.30527 0.947773 
1047 0.13682	1.05895 0.959334 1.03787 0.949699 1.02327 0.986293 0.984361 0.789238 1.47747 0.857578 
1050 0.128125	1.27925 1.02836 1.11231 0.958104 1.28021 1.14524 1.16857 0.843158 1.53375 1.21382 
1051 0.28125	0.773568 1.01683 1.01385 1.00348 1.01464 1.11493 0.932123 1.09088 0.997066 0.937536 
1052 0.103125	1.06471 1.21749 1.12326 1.08148 1.04009 1.10705 0.871678 1.15302 1.06388 1.07999 
1053 0.125	0.676904 0.98122 0.830014 0.958948 0.922785 0.893075 0.794567 1.27895 0.727376 0.953536 
1054 0.071875	2.47612 1.18074 1.06701 0.993035 0.968721 1.1982 1.19132 1.20956 1.05199 1.39165 
1055 0.123438	0.475182 1.06455 1.03309 1.05988 1.18901 0.81457 1.05306 0.804291 1.60617 1.02298 
1056 0.08125	0.835228 1.16579 1.26645 1.1164 1.27318 1.13025 1.20205 1.01518 1.50277 1.13959 
1057 0.0859375	1.31554 1.31571 0.977145 0.979788 0.947416 0.999347 0.960272 1.14313 0.756462 0.799721 
1060 0.150447	0.642065 0.755511 0.862463 0.959667 0.848816 0.92995 0.740693 1.07496 0.70664 0.821032 
1061 0.100112	0.898889 0.956419 1.11354 1.04214 1.19814 0.980997 1.05653 0.828879 1.5861 1.07605 
1062 0.0967562	0.794997 0.813656 0.878186 1.04667 0.908646 0.767221 0.860312 1.0962 0.836684 0.805023 
1063 0.121365	1.19234 0.959752 1.02766 1.06431 0.991611 1.05337 1.02084 1.30896 0.885966 1.07398 
1064 0.0710291	1.67826 1.01909 1.00913 1.00978 0.985776 1.01598 1.06636 1.15352 0.937851 0.833441 
1065 0.15604	0.629347 0.94596 1.01958 1.00621 1.03673 0.923584 0.914523 0.999799 1.24029 1.09142 
1066 0.164989	1.23677 0.94033 1.14981 0.964968 1.12199 1.08783 1.25042 1.07435 1.36184 0.993319 
1067 0.139262	0.995381 0.893355 0.947659 0.996019 0.921677 0.843896 0.84683 1.24777 0.776313 0.903106 
1070 0.194872	1.04207 1.02207 0.95342 1.00459 0.965773 1.02652 0.977067 1.00885 0.874317 0.984278 
1071 0.23547	0.698761 0.966242 0.849178 0.9682 0.92375 0.986552 0.849545 1.1333 0.601725 0.852223 
1072 0.0551282	1.76881 1.19821 1.04485 1.10378 0.926738 1.19187 1.27343 1.53707 0.896367 1.05 
1073 0.0705128	1.30442 1.13917 1.00886 1.11938 1.10141 1.03218 1.26683 0.949071 1.299 1.15827 
1074 0.148291	0.857043 1.05104 0.980883 1.09718 0.924441 1.05023 0.901951 1.35086 0.822443 0.884643 
1075 0.171795	0.904676 1.18966 1.06572 1.0409 1.14031 1.13325 1.13857 0.863452 1.28656 1.1335 
1076 0.0487179	1.4428 1.17611 1.0679 1.187 1.16861 0.977611 1.40016 0.895361 1.53706 1.07948 
1077 0.0752137	1.37001 1.12172 1.03294 1.11658 0.941027 1.15473 1.18294 1.23086 0.879066 0.951522 
1100 0.162994	1.02687 1.09379 1.05858 1.04389 1.08412 0.928095 1.12258 0.862182 1.26222 1.14315 
1101 0.0619543	0.664551 0.906964 1.01251 0.970536 0.993533 0.917911 0.946527 0.839793 1.11745 1.06224 
1102 0.186902	1.11424 1.13861 1.05823 1.0358 0.840396 0.910203 1.00425 1.21708 0.861089 1.00407 
1103 0.0954262	2.01698 1.21139 1.07873 1.11311 0.932891 0.917085 1.16178 1.28957 0.942456 1.03889 
1104 0.185031	0.836647 1.05246 0.934219 0.977034 0.862274 0.871301 0.911461 0.953638 0.866103 0.899428 
1105 0.070894	1.5817 1.1625 1.27551 1.10885 1.06843 1.22569 1.40852 1.00708 1.32437 1.12736 
1106 0.125156	1.54046 1.04518 1.02435 1.00507 1.01356 0.969252 1.09332 0.80711 1.09842 1.00741 
1107 0.111642	0.873396 0.945473 0.888264 0.892835 0.867519 0.882475 0.895126 1.12822 0.681128 0.907502 
1110 0.2379	1.17251 1.05276 0.96846 0.99351 0.91062 0.920436 0.939066 1.07664 0.85128 1.13481 
1111 0.120044	0.871288 0.952346 1.1383 1.01001 1.05969 1.02342 1.24515 0.947796 1.26708 1.29967 
1112 0.183757	0.767132 0.981037 0.970511 0.980381 1.06132 0.848544 1.0128 0.92111 1.26211 1.18841 
1113 0.0585179	1.4097 1.10055 1.11106 1.12389 1.14917 1.02308 1.2733 0.72741 1.54888 1.39421 
1114 0.117036	0.799197 0.933888 0.930237 0.947242 0.943192 0.835646 0.991713 0.922195 0.842055 1.1618 
1115 0.0932458	2.07965 1.11534 1.16801 1.03249 0.977892 1.17747 1.42155 1.18196 1.13929 1.15873 
1116 0.11184	1.01375 0.973881 1.01861 1.14545 0.87338 0.887976 1.0362 1.46212 0.861834 1.1096 
1117 0.0776593	0.556509 0.790942 0.909503 0.923523 0.823502 0.808644 0.759373 1.03061 0.748025 1.0127 
1120 0.0799643	1.48879 1.1559 1.12494 1.16637 1.02767 1.00455 1.2785 1.20308 1.26287 0.990682 
1121 0.171225	0.754668 1.10248 1.02438 1.02554 0.962174 0.921254 0.939717 0.874604 0.960506 1.01292 
1122 0.0514269	0.779583 1.11874 1.14316 1.04581 1.21674 0.94885 1.35287 0.797352 1.80778 1.22448 
1123 0.156064	1.0389 1.20184 1.07436 1.12102 0.828867 1.09102 1.06112 1.33888 0.712755 0.948128 
1124 0.211356	0.981964 1.13816 0.874894 0.981271 0.886488 0.954799 0.949234 0.869575 0.770301 0.90744 
1125 0.0945303	0.492685 0.896617 0.941767 0.980191 0.893152 0.835044 0.899314 0.94437 0.760261 0.840857 
1126 0.0505351	2.30833 1.30784 1.06058 0.936472 1.01897 1.11376 1.26474 0.969385 0.959138 0.993956 
1127 0.184899	1.2759 1.24343 1.14331 1.08649 1.07854 1.10033 1.26141 0.909554 1.249 1.03161 
1130 0.187783	1.19658 0.972447 0.917802 1.01472 0.967941 0.88147 0.96713 1.04323 0.890597 0.860375 
1131 0.0484371	0.810678 0.93038 1.18011 1.0508 1.10918 0.839396 1.07612 0.803966 1.61049 1.18292 
1132 0.0629921	1.26819 0.94599 1.13969 1.04505 1.03364 1.04237 1.21409 1.10267 1.10725 1.17127 
1133 0.225006	0.865847 0.898054 0.825978 0.955569 0.82334 0.869352 0.799447 1.01175 0.590127 0.781645 
1134 0.111191	1.12794 1.11733 1.1355 1.0667 1.24419 1.07336 1.31664 0.894328 1.5324 1.14799 
1135 0.126939	0.879718 1.03654 1.03181 0.979962 1.14271 0.895007 1.00111 0.744434 1.17881 0.845658 
1136 0.0689573	0.919243 1.00035 0.970145 0.992942 1.00919 1.05196 1.0392 1.04715 0.77026 1.08733 
1137 0.168695	1.0411 1.02603 1.14254 1.07196 1.01779 1.04614 1.02418 1.27946 0.878799 0.956458 
1140 0.0748011	0.925225 1.20709 1.15605 1.11388 1.24059 0.947828 1.26076 0.912947 1.40331 1.28829 
1141 0.14695	0.715497 0.839371 0.958805 1.02078 0.87814 1.0853 0.78659 1.41023 0.583518 0.823716 
1142 0.197878	0.792221 1.06033 1.01124 1.03005 1.01229 1.05965 1.07981 0.964866 0.914255 0.874616 
1143 0.0806366	0.517549 1.03804 1.1855 1.02146 1.24368 0.974365 1.23347 0.689775 1.79627 1.1281 
1144 0.175597	0.612845 0.914336 0.882037 0.956067 0.879155 0.967497 0.768602 0.96511 0.738396 0.881599 
1145 0.112467	0.416817 0.850232 0.965474 0.866155 0.972409 0.96904 0.941858 0.692279 1.10406 1.02938 
1146 0.0546419	1.92755 1.13378 1.04678 1.11824 1.0069 1.10037 1.14072 1.1609 0.848884 0.862339 
1147 0.157029	1.27938 1.26127 1.05017 1.08332 1.10108 1.10651 1.23245 1.02046 1.09334 0.993284 
1150 0.107249	0.689656 0.86832 0.874965 0.935086 0.940183 0.882613 0.761615 1.02454 0.700972 0.981321 
1151 0.217478	1.31542 1.07848 1.18374 1.02018 1.14419 1.1143 1.14877 0.841407 1.33158 1.30547 
1152 0.100298	1.61196 1.10452 1.29571 1.18857 1.13924 1.06159 1.27411 1.23183 1.40054 1.20205 
1153 0.105263	0.864439 0.884753 0.955892 0.935288 1.03403 0.853146 0.792187 0.738997 1.02504 0.913545 
1154 0.103277	0.610671 0.908265 0.907697 0.987569 0.923004 0.801362 0.790302 0.978188 0.949066 0.892071 
1155 0.130089	0.768662 0.859856 1.10764 1.02629 1.06595 0.950585 0.993645 0.858888 1.19778 1.08745 
1156 0.112214	1.13409 0.946963 1.02733 0.957979 0.963116 1.05909 0.995016 1.07472 0.829527 1.04096 
1157 0.124131	0.84228 0.912482 1.03337 1.09386 0.966105 0.890511 0.936211 1.25656 0.88985 0.96746 
1160 0.173247	0.885197 1.01055 1.06599 1.04513 1.03968 0.953482 0.985587 0.860697 1.19637 1.07811 
1161 0.134569	1.51177 0.947516 1.20787 0.990349 1.09802 1.37551 1.25436 1.14917 1.29876 1.1926 
1162 0.145044	2.1093 1.07397 1.12478 0.926968 0.96526 1.14806 1.08726 1.26825 0.920261 1.12435 
1163 0.0443191	1.24698 1.12556 1.20644 1.06021 1.24528 0.996761 1.3639 0.885939 1.98485 1.30171 
1164 0.104351	0.834269 0.946486 1.11078 0.963331 0.938737 1.34569 0.998197 1.09078 0.858651 0.997249 
1165 0.145044	0.568058 0.946869 1.03781 0.960642 0.898876 1.01693 0.901728 1.12593 0.938146 0.928501 
1166 0.186946	0.94179 1.03902 0.91433 0.909571 0.830041 0.973732 0.888879 1.08505 0.739221 0.931282 
1167 0.0664786	0.774997 0.949006 1.1343 0.885207 1.05662 1.10725 1.07363 0.630731 1.46975 1.21743 
1170 0.080554	0.923227 0.90624 1.02925 1.05707 0.890516 1.04372 1.01052 1.24809 0.785437 1.05529 
1171 0.268796	0.58738 0.735621 0.854084 0.963003 0.890448 0.863943 0.73054 0.947775 0.736444 0.961866 
1172 0.0590729	1.2729 0.998687 1.1298 1.12617 1.01538 1.49841 1.18156 1.13498 0.990941 0.98458 
1173 0.177784	0.931671 0.940749 1.11274 1.02151 1.13351 1.11769 1.089 0.88102 1.24206 1.34451 
1174 0.102318	1.00638 0.979411 0.935695 0.952623 1.12277 0.985647 0.973648 0.794799 1.19954 1.0818 
1175 0.0607688	1.1243 1.01143 1.16508 1.16665 1.03215 1.06488 1.1013 1.1593 1.3064 0.896577 
1176 0.162521	1.00706 0.859066 0.901357 0.928146 0.956035 1.14921 0.921879 1.04254 0.788024 0.929032 
1177 0.0881854	1.99235 0.999507 1.0571 1.02813 1.0373 1.0625 1.29442 1.08916 1.03462 1.20102 
BOUNDS
LWPS R    0.0  0.0  0.0  0.0  0.0  0.0  0.0  0.0  0.0  0.0
UWPS R    0.5  0.5  0.5  0.5  0.5  0.5  0.5  0.5  0.5  0.5
LXAS R   -0.5 -0.5 -0.5 -0.5 -0.5 -0.5 -0.5 -0.5 -0.5 -0.5
UXAS R    0.5  0.5  0.5  0.5  0.5  0.5  0.5  0.5  0.5  0.5
END
