NAME moment_estimations_cluster
ASSETS 10
BENCHMARKS 0.1 0.1 0.1 0.1 0.1 0.1 0.1 0.1 0.1 0.1 
COVARIANCES
0 0 0.242585
1 0 0.075491
1 1 0.0273719
2 0 0.0432581
2 1 0.0146529
2 2 0.0213039
3 0 -0.00745452
3 1 0.0035168
3 2 0.00744846
3 3 0.0316799
4 0 -0.00486524
4 1 0.000762818
4 2 0.00216569
4 3 0.0167066
4 4 0.0124507
5 0 -0.022356
5 1 -0.00362017
5 2 0.00860125
5 3 0.0229204
5 4 0.0136866
5 5 0.0293742
6 0 0.0850294
6 1 0.0284469
6 2 0.0209772
6 3 0.00753248
6 4 0.00539871
6 5 0.00455755
6 6 0.0434207
7 0 -0.0479774
7 1 -0.00587606
7 2 0.0115284
7 3 0.0500304
7 4 0.0231383
7 5 0.0414031
7 6 -0.00302986
7 7 0.107292
8 0 0.0776984
8 1 0.021618
8 2 0.0135257
8 3 -0.0107946
8 4 -0.00472192
8 5 -0.0118057
8 6 0.0290581
8 7 -0.031449
8 8 0.0335058
9 0 -0.00435657
9 1 -0.00195884
9 2 0.00410571
9 3 0.00961093
9 4 0.00870944
9 5 0.0105697
9 6 0.00805803
9 7 0.0132124
9 8 0.00216
9 9 0.0172219
SCENARIOS
0 0.5695	1.53178 1.10717 1.02074 0.984087 0.960386 0.955598 1.12996 0.910367 1.15089 1.0093 
1 0.4305	0.717776 0.901517 0.960862 1.14191 1.06105 1.05286 0.896987 1.2937 0.872644 1.05011 
00 0.326971	1.88045 1.23307 1.2168 1.05099 1.12217 1.24129 1.28725 1.08767 1.19791 0.939327 
01 0.673029	0.783453 0.909693 0.908619 0.95962 0.929269 0.905743 0.853036 0.94736 0.934583 0.967284 
10 0.242137	1.44935 1.04164 1.09892 1.00105 1.07102 1.12801 1.27162 0.960125 1.19099 1.11538 
11 0.757863	1.08855 1.1004 1.00418 0.958442 0.976718 1.00514 0.942783 0.943079 0.931596 0.938814 
000 0.230117	0.434817 0.859457 0.965152 1.1125 0.975635 0.987134 0.721471 1.47666 0.752438 0.888488 
001 0.0647656	3.04946 1.43684 1.3019 0.764775 0.815846 0.694079 1.59765 0.641607 1.61061 1.00916 
002 0.109232	0.913491 0.977057 1.29928 1.45644 1.10728 1.09665 1.10977 1.83886 0.908547 1.17692 
003 0.0862467	0.555112 0.857853 0.940474 1.28777 1.09976 1.0538 1.09606 1.63264 0.863443 1.46063 
004 0.0716932	2.49436 1.50623 1.19251 1.15196 0.980499 0.771887 1.4077 0.953913 1.22153 0.977943 
005 0.0996724	1.66361 1.06699 1.00044 0.769186 0.955832 0.70143 1.05669 0.807395 1.21997 1.12132 
006 0.262822	0.988864 0.930668 1.01888 0.84894 0.871091 0.769962 0.977505 0.743153 1.04866 1.10252 
007 0.0754524	1.33087 1.11824 1.04099 1.24433 1.06381 0.906245 1.32543 0.929385 1.11159 1.12966 
010 0.124684	1.10311 1.11679 1.09439 1.10944 1.14292 1.14767 1.0529 1.02363 1.03926 1.09671 
011 0.211772	1.96443 1.19234 1.16767 0.803221 1.04119 0.894448 1.23087 0.692864 1.31279 1.00628 
012 0.0704949	1.31503 1.18179 0.98982 0.800247 1.02089 0.814046 0.98758 0.699192 1.00713 0.716607 
013 0.175924	0.517847 0.814039 1.12374 1.08148 1.13747 1.29588 0.822652 1.48576 0.825516 1.00963 
014 0.13178	0.4334 0.760237 0.772142 0.895859 1.02051 0.980161 0.705635 1.16425 0.714132 0.963883 
015 0.142347	0.800678 0.895792 0.892688 0.987825 1.10242 1.01743 1.01481 1.04113 0.977651 1.09988 
016 0.0911842	0.952124 1.06389 1.25473 1.53299 1.30825 1.48227 1.20428 2.09243 0.913952 1.26258 
017 0.0518146	2.81795 1.45112 1.32881 1.07508 1.12909 1.11244 1.56466 0.86242 1.28273 1.00288 
100 0.0605334	3.19898 1.82473 1.31136 1.16695 0.972633 0.91951 1.59498 0.921707 1.40915 0.996124 
101 0.139102	0.511619 0.85327 1.00733 1.38533 1.15531 1.2588 0.819015 2.06387 0.757924 1.13461 
102 0.0550652	0.687628 0.980943 1.17132 1.82186 1.31572 1.57889 0.884609 3.45039 0.748887 1.08076 
103 0.211435	0.706186 0.893244 0.974192 0.823669 0.906211 1.00944 0.923759 0.858428 1.02716 1.02087 
104 0.0551612	1.8272 1.24498 0.879572 0.692457 0.815696 0.640312 1.03453 0.423088 1.45658 0.910275 
105 0.140829	1.75094 1.44731 1.25183 1.10897 0.9985 1.00141 1.25578 1.10102 1.20641 1.07839 
106 0.152149	1.31336 1.30482 0.956985 1.04608 1.06074 0.930555 1.05201 1.10036 1.02678 0.86382 
107 0.185725	0.587268 0.831351 0.773902 0.82006 0.919114 0.746132 0.680465 0.816248 0.947321 0.976704 
110 0.164256	0.870566 0.880261 0.987586 0.878566 0.902029 1.03627 0.898486 0.896858 1.06117 1.05308 
111 0.173788	2.69564 1.3818 1.33325 1.05161 1.00845 1.04881 1.68295 1.03562 1.40292 0.882293 
112 0.0689634	1.65491 1.07328 0.874765 0.663889 0.843039 0.699638 0.977445 0.608578 1.2807 0.87562 
113 0.21207	0.745954 0.863873 1.00725 1.18575 1.12545 1.22055 1.02645 1.19803 0.972776 1.20226 
114 0.102801	0.25329 0.638795 0.753209 1.03557 1.00448 1.04704 0.613422 1.32645 0.624229 0.910722 
115 0.0430332	1.43707 1.07992 1.12516 0.769196 0.81167 0.85343 1.09887 0.760253 1.07401 0.861604 
116 0.144915	0.458776 0.681575 0.735945 0.731226 0.822356 0.824226 0.705617 0.708779 0.879841 0.895036 
117 0.0901735	0.683614 0.917007 1.10058 1.38459 1.17677 1.48754 0.939934 2.4362 0.834853 1.05047 
0000 0.164527	0.817624 0.768426 0.93304 0.786344 0.899495 0.966619 1.13656 0.624147 1.13611 1.5245 
0001 0.158926	0.84781 0.854237 0.81588 0.836489 0.773646 0.783756 0.88226 0.68643 0.907887 1.06114 
0002 0.065811	0.570505 0.818727 0.927524 1.68405 1.2422 1.51047 1.05377 2.70641 0.713166 1.47292 
0003 0.0760793	1.48843 1.13159 1.27297 1.08439 0.96554 1.34781 1.31547 1.38744 1.16361 1.34336 
0004 0.146324	0.774262 0.849021 1.04123 1.2905 1.06494 1.44538 1.07962 1.20633 0.840551 1.47103 
0005 0.162427	1.00152 0.981695 0.847743 1.05982 1.04636 1.08566 0.979486 1.17241 0.815115 1.00397 
0006 0.179463	2.37746 1.18967 1.00798 0.930098 1.00417 0.690686 1.37347 0.70903 1.31375 1.20333 
0007 0.0464411	1.05888 0.853041 0.867895 0.452029 0.736236 0.595278 0.891109 0.227771 1.26062 1.19535 
0010 0.0961857	1.20639 1.02275 0.920467 0.6737 0.881442 1.1215 1.19694 0.418835 1.16696 0.976112 
0011 0.0638474	0.753558 0.925488 0.897774 1.01647 1.0582 0.803664 0.73271 0.772261 0.842615 0.998054 
0012 0.151741	0.366294 0.628836 0.86544 1.07517 1.29299 1.116 0.765941 0.831045 0.800033 1.14566 
0013 0.146766	0.566668 0.826114 1.13491 1.02791 1.04908 1.215 0.847073 0.970259 0.938947 1.26278 
0014 0.105307	0.840589 1.00486 1.00443 1.29968 1.10217 1.3562 1.15087 0.87312 1.01105 1.12323 
0015 0.223881	1.79027 1.29537 1.10953 1.08072 1.15651 0.906536 1.08934 0.721395 1.19129 1.08285 
0016 0.165008	0.969091 0.862231 0.913286 0.904366 1.11074 1.20831 0.926207 0.839831 1.09431 0.91545 
0017 0.0472637	3.90616 1.57978 0.947772 0.714545 0.709128 0.534243 1.38186 0.659005 1.46177 0.943639 
0020 0.0442478	1.75696 1.30203 1.17826 1.1198 1.11618 1.06174 1.59351 1.1645 1.24729 1.44011 
0021 0.106195	2.56665 1.74 1.09621 0.967569 0.966485 0.967514 1.41685 0.883633 1.23466 1.1559 
0022 0.0693215	0.797578 1.00729 1.19904 1.1917 0.972447 1.43427 1.11567 2.13837 0.852919 1.43297 
0023 0.215831	0.828797 0.937121 0.84647 0.703636 0.803376 0.895745 0.84908 0.758283 1.00574 1.01145 
0024 0.0619469	1.46166 1.39121 1.12637 0.785867 0.851041 1.0431 1.33429 0.474777 1.23177 1.14205 
0025 0.204523	1.34691 1.25572 0.819048 0.868577 0.867973 0.888001 1.02385 0.844481 0.997733 0.938743 
0026 0.165192	0.472525 0.859507 0.78851 0.974983 0.959976 0.885259 0.76536 0.731975 0.836892 0.989809 
0027 0.132743	0.634807 0.932748 0.926463 1.0791 1.00351 1.29621 0.838674 1.20729 0.703411 0.770106 
0030 0.0890411	0.91296 0.858584 0.834407 0.634244 0.889962 0.734221 0.983002 0.268539 1.17913 0.926657 
0031 0.224782	0.757971 0.994318 0.831198 0.941568 0.867831 1.00494 0.802884 0.669236 0.835401 0.650882 
0032 0.0722291	1.03868 0.820618 0.89276 1.01975 1.21378 0.93384 0.878409 0.968345 0.978217 1.18578 
0033 0.157534	1.59812 1.08165 1.34175 0.851437 0.915138 1.00992 1.22153 0.577865 1.2147 0.920038 
0034 0.155044	2.19602 1.29033 1.10497 1.12079 1.06592 0.842885 1.14661 0.67675 1.28042 0.864028 
0035 0.0722291	1.39378 1.27944 1.06126 1.37425 1.30341 1.38965 1.34013 1.42245 1.04224 1.00954 
0036 0.152553	0.894347 1.08165 1.21772 1.2595 1.09721 1.53704 1.10384 1.22421 0.956216 1.11097 
0037 0.0765878	0.646295 0.913823 1.14561 1.56189 1.33846 1.4375 0.755024 1.97293 0.76908 0.953022 
0040 0.152809	0.78458 0.792259 0.959884 0.904784 0.913388 1.0548 0.811651 1.27458 0.985477 0.894499 
0041 0.0794007	2.92301 1.49845 0.804577 1.00663 1.17333 0.681845 1.38307 0.897362 1.40143 1.03978 
0042 0.0644195	0.477782 0.747966 0.913741 1.3488 1.32269 1.51184 0.867572 2.19531 0.766458 1.38078 
0043 0.185768	1.50699 1.07557 1.03082 0.956942 0.914193 1.05007 1.14605 1.13865 1.06902 0.850918 
0044 0.0621723	0.371358 0.633458 0.739619 0.910902 1.27057 1.16397 0.603664 0.815627 0.747367 1.24178 
0045 0.109363	0.638622 0.833976 0.834956 0.920747 1.0397 0.8537 0.633675 1.01527 0.773381 0.824184 
0046 0.281648	0.988027 1.03724 1.04175 1.14725 1.06489 1.10849 1.03936 1.75461 1.0198 1.27268 
0047 0.0644195	1.44209 0.982138 0.965164 0.810777 0.955845 1.14956 1.27352 0.719726 1.26543 1.17053 
0050 0.0732759	2.6447 1.53511 1.4416 1.25637 0.985328 0.96478 1.39502 0.785854 1.28453 0.864992 
0051 0.080819	1.65105 1.24635 1.04169 1.16148 0.802868 0.719051 1.01585 0.818974 1.07081 0.732927 
0052 0.129849	0.952581 1.05262 1.10831 1.27131 0.962205 1.15934 1.02009 1.82257 0.922075 0.840509 
0053 0.0743534	1.68708 1.25447 1.23875 0.733811 0.702483 0.923422 1.34284 0.520911 1.33227 0.746857 
0054 0.0695043	0.990879 1.19407 1.11659 1.46903 1.03906 1.20957 1.30105 1.20786 0.993461 0.861512 
0055 0.156789	0.896138 0.949432 1.00149 1.0381 0.931957 0.965283 0.943033 0.874626 1.05651 0.776449 
0056 0.141164	1.33037 1.14641 0.954813 1.0563 0.928229 1.07806 1.26397 0.452427 1.10837 0.81578 
0057 0.274246	0.533539 0.828864 0.873932 1.08406 0.913019 1.11885 0.77049 0.775113 0.812451 0.735444 
0060 0.189416	0.482601 0.776463 0.814295 0.99695 0.943912 0.933043 0.691041 1.01193 0.785127 0.913443 
0061 0.117082	1.20374 1.13704 0.809006 0.630724 0.767136 0.591764 0.885428 0.575525 1.06331 0.702881 
0062 0.104822	1.74461 1.20557 1.16323 1.07079 1.01604 1.03485 1.06999 0.808235 1.26831 0.919451 
0063 0.11606	0.995345 0.966765 1.01808 1.11644 0.911179 1.10442 0.95627 1.24407 0.925156 0.816918 
0064 0.0743768	2.64954 1.29939 1.26035 0.938736 1.00784 0.979219 1.46867 0.944031 1.37095 0.782924 
0065 0.230282	0.678936 0.921042 0.910702 1.044 0.982139 0.983576 0.901108 1.02346 0.95671 0.920484 
0066 0.0737638	1.18011 1.12728 1.15375 1.13759 1.01212 1.12341 1.3245 1.338 1.2972 1.19095 
0067 0.094197	1.32951 1.00002 1.15196 1.13908 1.00479 1.0491 1.08738 1.18055 1.07363 1.04238 
0070 0.140925	0.783987 0.933423 0.880023 0.794179 0.821068 0.809377 0.827676 1.22213 0.851515 0.95666 
0071 0.242705	1.04343 0.98077 1.16584 0.888924 0.994422 1.18532 0.985342 1.33279 1.01971 1.09407 
0072 0.0996441	0.718579 0.85978 1.25704 0.905984 1.02559 1.11947 1.20803 1.16681 1.1302 1.44444 
0073 0.0811388	0.864381 1.13802 0.978983 0.661907 0.968388 0.795623 0.98788 0.944913 1.11864 1.25358 
0074 0.164413	1.60904 1.28251 1.19997 0.812041 0.871451 0.772269 1.3003 0.923474 1.28318 1.36243 
0075 0.0775801	2.41947 1.46198 1.20077 0.940632 0.898393 0.906581 1.3343 1.11321 1.23261 0.673983 
0076 0.131673	0.485907 0.767419 0.837923 0.941374 1.02655 1.24906 0.79157 1.07559 0.785219 1.25292 
0077 0.0619217	1.20159 1.09844 1.30975 1.22563 1.09447 1.0328 1.01955 2.03583 1.03061 1.25616 
0100 0.164888	0.592471 0.742291 0.867102 0.915131 1.08419 0.911687 0.811545 0.870611 0.797469 1.01383 
0101 0.0567064	1.14111 0.847132 0.895802 0.743304 0.807405 0.72535 0.79281 0.704494 1.18708 0.853096 
0102 0.143963	0.998706 0.939018 1.04535 0.904803 1.12106 0.983889 0.894549 0.883705 1.01775 1.04877 
0103 0.177443	1.97959 1.10392 1.11137 1.04443 0.96534 0.82099 1.40525 0.823919 1.37852 0.940333 
0104 0.0634024	1.27901 1.16238 1.16178 1.38233 1.23103 1.51018 1.29319 2.22352 0.979623 0.825242 
0105 0.13371	0.895802 0.984119 1.02392 1.19126 1.10237 1.17654 0.911211 1.62336 0.77923 0.835799 
0106 0.191881	1.0983 0.812399 1.00876 1.16096 1.12273 1.05416 1.1948 1.2046 0.978137 0.989484 
0107 0.0680059	0.702702 0.724705 0.855915 0.659591 0.807709 0.790413 0.77949 0.55565 1.02022 0.953508 
0110 0.0603671	1.59606 0.96508 1.02829 0.854762 0.949234 0.907889 1.18468 0.787405 1.50847 1.16742 
0111 0.194407	1.38545 1.18939 1.05122 1.08531 0.885239 0.805106 1.20497 0.897774 1.12254 0.910578 
0112 0.112357	2.71875 1.36994 1.19529 1.0342 1.16681 0.989827 1.46585 0.662809 1.44384 1.23453 
0113 0.160034	0.667168 0.827825 1.05215 1.1909 1.10064 1.28846 1.07074 1.15214 1.00362 1.36916 
0114 0.083282	0.710073 0.825012 0.91293 0.863109 0.728269 0.730268 0.796348 0.638993 1.11291 0.974067 
0115 0.174079	0.865364 0.969914 0.957509 1.32259 1.02614 1.1346 1.00008 1.72492 0.854166 0.96167 
0116 0.132438	0.749256 0.908407 0.772146 0.796578 0.812976 0.936533 0.775274 0.980465 0.890759 0.786799 
0117 0.0830356	0.622394 0.978701 1.03678 1.26602 1.19634 1.16315 1.23036 1.15198 0.92897 1.23906 
0120 0.118061	0.733819 0.778724 0.918887 0.945969 0.777661 0.847106 0.770439 0.938585 1.01221 1.15843 
0121 0.0821614	1.11612 0.912373 0.800794 0.627133 0.919809 0.763456 0.923593 0.383605 1.19091 1.02792 
0122 0.108808	1.55838 1.06233 0.872979 1.31102 0.868604 0.961406 1.04641 0.953795 1.00565 1.01785 
0123 0.141747	1.21717 0.960485 1.10685 1.17766 1.02061 0.963158 1.2043 1.78497 1.07378 1.27641 
0124 0.19097	0.589438 0.730787 0.880063 1.1655 1.04016 1.08434 0.783641 1.5223 0.810186 1.19249 
0125 0.149519	2.36506 1.30814 1.25179 0.928432 0.846956 0.916034 1.37042 0.758668 1.3648 0.980476 
0126 0.101776	1.15441 1.06606 1.18394 1.01185 0.787937 1.11836 0.954223 1.29756 0.932681 0.884468 
0127 0.106958	0.871265 0.950277 1.17438 1.24799 1.00539 1.19081 0.968197 1.81316 0.84148 1.14224 
0130 0.0533887	1.68129 1.06706 1.2827 0.877673 0.900702 1.24396 1.34248 1.0055 1.1266 1.19261 
0131 0.238766	0.62442 0.977055 0.929966 1.05821 1.02825 1.13265 1.03642 1.09726 0.865851 1.12683 
0132 0.102032	1.75916 1.02758 0.928799 0.733219 0.848281 0.632728 1.07468 0.462146 1.35783 0.985539 
0133 0.0885363	0.353744 0.794901 0.854291 1.07796 1.06374 1.1835 0.934794 0.971101 0.745162 1.01569 
0134 0.0815661	0.57771 1.05489 1.03668 1.55659 1.08535 1.39102 0.991199 2.35989 0.677823 0.979545 
0135 0.119086	1.96325 1.34294 1.01252 1.02859 1.0021 0.950723 1.28298 0.890432 1.09018 0.854077 
0136 0.0697019	1.80312 1.22717 1.11355 0.750732 0.851014 0.781061 1.2532 0.42978 1.352 1.02135 
0137 0.246923	0.88499 0.887263 0.862654 0.825813 0.909913 0.745237 0.830232 0.683526 0.983188 0.870739 
0140 0.0395961	0.435943 0.933308 1.10762 1.86449 1.36793 1.64409 0.781422 2.46974 0.586269 1.10273 
0141 0.1471	0.487536 0.826155 0.77778 0.900997 0.945233 0.929897 0.79289 0.729081 0.822162 0.969304 
0142 0.136409	1.08941 1.054 1.15018 0.931598 0.92297 1.03778 0.998261 0.871849 1.06631 0.922343 
0143 0.131855	0.952504 0.936721 0.840241 0.628496 0.765776 0.673251 0.804362 0.337977 1.15037 0.755632 
0144 0.178578	0.722093 1.04041 1.21843 1.35534 1.18316 1.28003 1.03377 1.72416 0.832377 0.888769 
0145 0.153831	2.56806 1.26658 1.23302 0.886191 0.902038 0.876387 1.17245 0.595862 1.37361 0.748461 
0146 0.116215	1.40887 1.27724 1.05489 1.22506 1.13448 1.12075 1.2955 0.916033 1.06783 1.15862 
0147 0.0964166	0.261011 0.625885 0.925127 0.857247 0.906467 1.00861 0.598799 0.958224 0.72452 0.955857 
0150 0.0507698	0.392114 0.837892 0.712486 0.842735 1.00014 0.912208 0.655483 0.743587 0.695575 0.896287 
0151 0.0657991	2.30971 1.30106 1.1694 0.87707 0.96425 0.904918 1.38838 0.594889 1.44193 1.00229 
0152 0.184934	0.752461 1.11612 1.14355 1.62542 1.30605 1.50811 1.11059 1.8079 0.839172 1.23561 
0153 0.191166	1.11314 1.07846 1.02316 0.810401 0.87433 0.877688 1.143 0.542924 1.22872 0.97227 
0154 0.0756965	0.691489 0.862531 1.03908 1.03486 1.00985 1.09222 0.786982 1.05322 0.83136 0.877271 
0155 0.195748	0.819585 0.911192 0.908461 0.780738 0.985848 0.804332 0.86988 0.512949 1.01086 0.948553 
0156 0.0410557	0.667827 1.06851 0.745992 1.21265 1.15497 1.22353 1.07123 0.972034 0.770071 0.915926 
0157 0.194831	1.5722 1.1435 1.24508 0.987374 1.08568 1.05851 1.27357 0.825945 1.1028 0.947185 
0160 0.297282	1.05433 1.10169 0.980472 0.844291 0.914852 0.94063 0.895257 0.945912 1.03388 1.00085 
0161 0.0892704	0.275995 0.748098 0.923628 0.935736 1.01138 1.09543 0.71889 1.3859 0.71821 0.88888 
0162 0.0729614	0.639091 0.831763 1.12178 0.881209 0.93908 1.07647 1.0032 0.840465 0.984088 0.980956 
0163 0.113877	0.631853 0.930844 0.85839 0.770625 0.825894 0.786967 0.76785 0.657109 0.883281 0.768607 
0164 0.119313	1.11359 1.0899 0.969381 1.16038 1.14282 1.11014 1.27953 1.11411 1.05188 1.06681 
0165 0.115021	2.37131 1.21894 1.17483 0.822464 0.96336 0.76857 1.49044 0.651111 1.47785 1.06056 
0166 0.108155	1.67934 1.32771 1.31697 1.07421 0.952575 1.08473 1.15653 0.970669 1.14148 0.819633 
0167 0.0841202	0.526186 0.77429 1.14324 1.24877 1.25513 1.5283 0.901349 2.12629 0.734635 1.15021 
0170 0.168681	0.607649 0.941393 0.911902 1.04231 1.01398 1.14412 0.814022 1.59668 0.747665 0.968957 
0171 0.192346	1.45055 1.04215 1.07633 1.01517 0.911541 0.83136 1.16835 1.04365 1.05389 0.87313 
0172 0.126385	1.10848 0.983835 0.859615 1.04258 0.942446 0.781062 0.798495 1.12462 0.869675 0.694987 
0173 0.110272	0.483558 0.778009 0.888585 1.33324 1.12082 1.33289 0.817743 2.28192 0.659109 1.09008 
0174 0.165156	2.50449 1.32957 0.948375 0.959449 0.918163 0.763568 1.25898 0.642575 1.42975 0.784894 
0175 0.0881168	0.988622 1.25153 1.09338 1.71349 1.2343 1.23578 1.17412 2.20948 0.861497 1.23784 
0176 0.040282	0.522885 0.761227 0.678284 0.63138 0.879121 0.71645 0.639462 0.572911 0.742877 0.663703 
0177 0.108761	0.736789 1.02181 1.06448 1.31086 1.18674 1.17872 1.07026 2.0067 0.933625 1.07 
1000 0.22187	0.514999 0.660291 0.921484 0.680813 0.916585 0.95976 0.709811 1.46812 0.896235 1.09429 
1001 0.0998415	1.52054 1.0088 1.06502 0.810348 1.02594 0.940725 1.02137 0.622774 1.27339 0.851455 
1002 0.0491284	1.44638 0.936773 1.18097 0.815518 0.902927 0.981527 1.26879 0.71563 1.42449 1.1112 
1003 0.0649762	1.40576 1.21213 1.11012 1.14817 1.16668 1.00876 1.2314 1.13471 1.10893 1.02166 
1004 0.196513	0.982212 0.877311 1.11462 0.891816 0.931213 1.02703 0.917325 1.19432 1.08308 0.863479 
1005 0.0824089	1.81445 1.08793 1.31402 1.51083 1.33179 1.70795 1.5629 2.35973 1.17706 1.2541 
1006 0.110935	2.65153 1.15276 1.23544 0.854442 0.969625 1.24005 1.32658 0.747387 1.20939 0.684253 
1007 0.174326	0.768516 1.011 1.01557 1.35247 1.20821 1.46298 1.15739 2.03198 0.881748 1.31262 
1010 0.130345	2.19767 1.27993 1.03788 0.771256 0.909814 0.869608 1.24282 0.7092 1.25349 0.869487 
1011 0.127586	1.51542 1.23732 1.36064 1.09748 1.09873 1.17915 1.42045 1.17921 1.09173 1.08294 
1012 0.146207	0.821425 1.08732 0.960736 1.08865 1.18783 1.34391 0.932333 1.27637 0.725121 1.18388 
1013 0.183448	0.79392 0.945752 0.837143 0.817441 0.90388 0.85868 0.762696 0.567978 0.989586 0.898941 
1014 0.0717241	0.872842 1.08795 0.913059 1.16196 1.11293 1.12583 1.0936 0.918236 1.01491 1.11546 
1015 0.06	2.4264 1.22826 1.38239 0.775624 0.875713 0.965668 1.10091 0.689444 1.18507 0.860484 
1016 0.206207	1.01564 0.90457 1.11941 0.969474 0.879111 1.03463 0.781347 1.08683 0.865064 0.893411 
1017 0.0744828	1.10442 1.13701 0.953026 1.02593 1.08248 1.03079 1.10791 0.994087 0.973394 0.998924 
1020 0.130662	0.825818 0.995336 0.858208 0.898828 0.872317 0.919652 0.752924 1.12155 0.809005 0.898284 
1021 0.0452962	2.78302 1.3932 1.50145 0.777267 0.816454 0.763456 1.81171 0.425002 1.50134 1.03045 
1022 0.184669	1.32686 1.14043 0.908487 0.804591 0.995804 0.804755 1.36305 0.701126 1.20288 1.24654 
1023 0.0627178	1.08785 1.22697 1.42255 1.23049 0.942539 1.30071 1.37886 1.96731 0.948586 1.14564 
1024 0.123693	3.27888 1.58302 0.985337 0.954836 1.02706 0.876848 1.87268 0.859432 1.34126 0.967218 
1025 0.186411	0.725207 0.968037 1.01765 1.24888 1.07707 1.05793 1.05552 1.23507 0.823372 1.02156 
1026 0.114983	1.53535 1.22296 1.21719 1.09649 0.992459 1.21394 1.40109 1.14767 1.10097 1.14747 
1027 0.151568	0.43555 0.743681 0.759477 0.858851 0.945135 0.818096 0.820753 0.775832 0.938804 1.1136 
1030 0.105263	0.946598 0.911714 1.18007 1.42461 1.1531 1.26533 1.00227 1.57128 0.917126 1.11273 
1031 0.0771325	1.96808 1.25172 1.26288 0.83694 0.756625 0.747443 1.03545 0.764583 1.2802 1.04718 
1032 0.0689655	0.91948 1.10908 0.934044 1.86831 1.32554 1.31066 1.26679 1.96917 0.965141 1.44076 
1033 0.150181	2.39781 1.35053 1.18631 1.06606 1.0981 1.07483 1.32199 0.853198 1.29022 1.08897 
1034 0.137477	1.14718 0.985454 1.0656 1.05876 0.988958 0.885151 0.83515 0.955471 0.975887 1.05055 
1035 0.281307	1.16892 1.15203 0.978105 0.89866 0.950131 0.763982 1.0169 0.669144 1.04895 0.865985 
1036 0.0934664	0.473705 0.819095 0.901181 0.873832 0.863714 0.988023 0.750842 0.987954 0.792903 0.860847 
1037 0.0862069	0.366133 0.649719 0.90952 1.39796 1.17243 1.03254 0.764789 1.84905 0.681399 1.11305 
1040 0.0434783	0.444937 0.704707 0.90243 0.817183 0.839588 0.9788 0.664852 1.06402 0.846387 1.19491 
1041 0.17913	0.617459 0.840171 0.921816 0.862535 0.973727 0.88907 0.790895 1.41589 0.803968 0.987623 
1042 0.121739	1.16078 1.10131 1.12352 1.00448 0.986353 1.08094 1.3728 0.842618 0.991356 1.2259 
1043 0.118261	1.63199 1.08512 1.45395 1.13191 1.05767 1.02183 1.33423 1.25036 1.23661 0.925663 
1044 0.123478	0.576039 0.850252 1.08156 1.04071 1.15751 1.21904 1.03303 1.42044 0.917522 1.21822 
1045 0.142609	2.49587 1.33998 1.32046 0.954621 0.922998 1.0142 1.29139 1.00813 1.41686 1.00485 
1046 0.0904348	0.999402 0.986352 1.20402 0.855062 1.08813 0.962696 1.23376 0.741957 1.26591 1.17679 
1047 0.18087	0.95982 0.915994 1.12476 0.846195 0.799049 0.701063 0.871938 0.921959 1.02242 0.813233 
1050 0.194142	0.710679 0.824954 0.984554 1.09569 1.33054 1.53477 1.17135 1.13847 0.941715 1.202 
1051 0.0681199	1.02059 0.8806 1.27359 1.5083 1.10171 1.28633 1.25159 2.3178 1.03672 1.06405 
1052 0.0585831	0.571233 0.820408 0.890591 1.3387 1.18647 1.34615 0.871256 2.23928 0.684711 0.947194 
1053 0.108311	2.4065 1.17071 1.09747 0.790096 0.943171 1.09082 1.48905 0.503765 1.55076 0.718905 
1054 0.16485	1.10434 0.866194 0.97602 0.661904 0.732821 0.937719 1.07898 0.604908 1.1923 1.05181 
1055 0.151226	1.42469 1.02359 0.96867 1.16985 1.11373 0.99211 1.13061 0.777423 1.05704 0.803065 
1056 0.194823	0.609904 0.78667 0.758567 0.889526 0.924756 0.8861 0.925885 0.919061 0.951222 0.8629 
1057 0.0599455	0.601559 0.613932 0.931538 0.753297 0.805197 0.996909 0.734828 0.965378 0.886719 0.968772 
1060 0.178436	0.728209 0.840866 1.16878 1.22576 0.973978 1.0648 1.04495 1.66694 0.889418 1.17316 
1061 0.116646	0.923977 0.890106 0.888389 0.90848 0.900362 0.839121 0.880204 0.615232 1.00929 0.953932 
1062 0.174653	0.464455 0.746477 0.906847 1.14701 1.04885 1.10056 0.645912 1.18678 0.764013 1.01106 
1063 0.172131	1.02148 0.915397 0.970602 1.21645 1.02496 1.01689 1.04372 1.13961 0.966874 1.26766 
1064 0.121059	1.8648 1.10275 1.07341 0.70006 0.715173 0.738474 1.28386 0.437839 1.29727 1.22461 
1065 0.117907	1.68194 0.838854 1.25062 0.983121 0.970594 1.04845 1.19288 0.907219 1.18431 1.36176 
1066 0.0453972	1.7979 0.998466 1.30251 0.9951 0.842382 0.937369 1.09906 1.03275 1.08183 1.15392 
1067 0.0737705	0.721579 0.761578 0.759352 0.69426 0.705517 0.733619 0.704647 0.657406 0.898045 1.06923 
1070 0.133781	0.591546 0.791791 0.80735 0.953095 1.0291 1.0352 0.756993 0.988087 0.784643 0.99556 
1071 0.178719	0.97496 1.21744 0.939888 1.31748 1.18476 1.26873 1.15557 1.24016 0.928539 1.24739 
1072 0.118285	2.30248 1.44372 0.923035 1.02619 0.942613 0.682545 1.23899 0.709711 1.34338 0.926567 
1073 0.132748	0.878565 0.88088 0.820773 0.681891 0.745992 0.7563 0.853755 0.411905 1.01169 0.996743 
1074 0.0805785	1.11 1.06611 1.2022 0.774227 0.73981 1.00753 0.995105 0.839553 1.10411 1.06913 
1075 0.176653	0.529606 0.828044 1.01123 1.21786 1.15228 1.31491 0.901321 1.52548 0.767353 1.29145 
1076 0.105888	1.03439 1.14449 1.01003 0.841581 0.849881 0.921375 1.00748 0.735441 0.981823 0.961303 
1077 0.0733471	1.95561 1.2597 1.30965 1.19544 1.18536 1.05144 1.56914 0.82775 1.41689 1.4362 
1100 0.266468	1.09642 1.00449 0.919926 1.1047 1.06705 0.938634 1.01606 1.15903 1.00405 0.919251 
1101 0.0563538	2.11479 1.2835 1.21569 1.09803 1.15916 0.938394 1.51154 0.995997 1.28892 1.12319 
1102 0.24986	0.612167 0.9121 0.833238 0.966841 0.977513 0.7648 0.797892 0.972821 0.917068 0.880959 
1103 0.0578466	3.01832 1.34404 1.2299 0.98278 1.07529 0.832682 1.36338 0.681928 1.40216 0.86999 
1104 0.115133	1.39599 1.11522 1.09021 1.06362 0.908265 0.847473 1.22394 0.883556 1.18041 1.0081 
1105 0.136219	0.880108 0.979162 1.1857 0.955275 1.01525 0.957692 1.0545 1.28617 1.05617 1.09807 
1106 0.060459	1.71541 0.99485 1.29329 0.70494 0.925086 0.956795 1.31463 0.647503 1.46841 1.09444 
1107 0.05766	1.00279 0.912529 1.08232 1.01195 1.20102 0.938935 1.13984 0.928573 1.15711 1.22427 
1110 0.161728	1.80279 1.13624 0.882136 0.740014 0.995054 0.901037 1.16064 0.6455 1.23003 1.18712 
1111 0.0585538	0.596505 0.807586 0.835233 1.10483 0.926456 0.899641 0.71473 1.39459 0.710448 0.901906 
1112 0.0855379	3.20081 1.48033 1.05755 1.08979 1.18556 1.02121 1.4826 0.650196 1.38515 1.4001 
1113 0.171252	0.791193 0.735845 0.832833 0.663329 0.957743 0.728129 0.804611 0.538035 1.04485 1.24081 
1114 0.162787	1.02616 1.02669 0.917089 1.07045 1.21084 0.963842 0.89165 1.0417 0.930057 1.1237 
1115 0.0918871	0.994335 0.892075 1.09495 1.18054 1.16194 1.25871 1.17556 1.3798 1.00819 1.23401 
1116 0.0906526	0.65389 0.945841 0.76749 1.05556 0.984453 1.04778 0.96044 1.08023 0.874553 1.0943 
1117 0.177601	0.456231 0.731744 0.76709 1.11803 1.0631 1.22238 0.817143 1.32784 0.787088 1.18264 
1120 0.200889	0.778258 0.89601 0.910965 1.4028 1.08481 1.10297 1.03635 1.45732 0.866924 1.24056 
1121 0.12	0.723158 0.863143 0.89891 0.890319 0.879733 0.871411 0.912368 0.622096 1.00876 1.11097 
1122 0.112444	1.38796 1.03271 1.24368 1.56431 1.32619 1.20988 1.59728 1.31274 1.1449 1.27257 
1123 0.0493333	0.29892 0.713449 0.77672 1.10447 1.02027 1.13783 0.73097 1.19683 0.710273 0.928733 
1124 0.168	2.465 1.40199 1.23259 1.15101 1.03223 1.07433 1.42197 0.984671 1.34074 1.00199 
1125 0.178222	1.25801 1.01964 0.956261 0.882512 0.966843 0.799392 1.13925 0.641026 1.17425 0.711321 
1126 0.0675556	0.757577 0.940824 0.94978 1.85224 1.36839 1.62363 1.04126 1.73975 0.755046 1.03078 
1127 0.103556	0.777391 0.943025 0.798708 1.08342 0.915206 0.839392 0.832003 0.766678 0.86495 0.818185 
1130 0.0838271	1.3885 0.953315 1.04174 1.29296 1.17003 1.06024 1.12808 1.47099 1.04902 1.22422 
1131 0.189334	1.79572 1.10985 1.18612 1.01847 1.08662 0.937404 1.39424 0.914938 1.27283 1.11712 
1132 0.155947	1.1897 1.07994 0.983624 0.675194 0.803828 0.767908 1.05712 0.762935 1.12637 0.695505 
1133 0.112444	0.611602 0.865347 0.752131 0.886955 0.947694 0.856632 0.85947 0.79649 0.96558 1.01314 
1134 0.0530423	3.73841 1.43412 1.37169 0.950538 1.0413 0.895615 1.73608 1.3749 1.2571 0.998138 
1135 0.0964012	1.06622 0.945429 1.08633 1.35851 1.08615 1.30197 0.998945 2.05893 0.870178 0.857786 
1136 0.223732	0.780099 0.884162 1.05603 1.06733 1.06558 1.0702 1.06476 1.22771 0.902551 1.0843 
1137 0.0852724	0.435059 0.867689 0.730654 0.948379 1.09008 1.13357 0.761719 0.987801 0.656771 0.924651 
1140 0.123137	0.542358 0.967533 0.889394 1.14188 1.10383 1.33656 0.81217 1.61629 0.898218 1.11301 
1141 0.0843769	0.863538 0.827267 0.808916 0.842668 1.0182 1.00255 0.793158 0.703133 0.940368 1.14949 
1142 0.108825	0.866162 0.893894 0.755692 0.700179 0.785571 0.675456 0.786888 0.652574 1.06332 0.850495 
1143 0.138939	0.859825 0.947914 1.21397 0.994911 0.916363 1.05494 0.80296 1.25074 0.960493 0.926318 
1144 0.0721527	1.10272 0.896359 1.12107 0.643995 0.735455 0.813728 0.973044 0.533954 1.24255 1.00209 
1145 0.22749	2.315 1.19763 1.00187 1.01733 0.937853 0.907908 1.43563 0.873132 1.36572 1.01676 
1146 0.157722	1.69197 1.27475 1.29937 1.05493 1.06036 1.28222 1.40153 0.987461 1.18512 1.03164 
1147 0.0873584	0.776333 0.981018 0.954601 1.37609 1.18344 1.14598 1.00584 1.41311 0.97492 1.31166 
1150 0.131766	2.78929 1.26576 1.1017 1.12129 0.951164 0.951088 1.27378 0.898639 1.40142 0.910257 
1151 0.119658	0.459857 0.706096 0.733525 0.957219 0.964401 0.967049 0.669411 0.804922 0.865755 1.01841 
1152 0.260684	1.11101 0.988402 1.14266 1.30969 1.18969 1.22853 1.1008 1.57855 1.09807 1.06082 
1153 0.153134	0.726839 0.769861 0.877579 0.890725 0.877254 1.01628 0.784793 0.794959 0.950009 0.897511 
1154 0.0911681	1.58989 0.950621 0.942424 1.02155 1.02143 1.13787 1.28561 0.814901 1.20249 0.863093 
1155 0.0569801	1.3115 1.09976 1.06258 0.888468 0.943426 0.990271 0.945892 0.685808 1.24479 0.738289 
1156 0.0555556	1.00502 1.03829 0.824099 1.02439 0.897183 0.737904 0.849312 0.82668 0.937536 0.732439 
1157 0.131054	0.828874 1.00701 0.930358 0.990702 0.873229 0.783888 0.969086 0.71166 1.13641 0.928187 
1160 0.0568951	1.06381 0.900628 0.955918 0.719751 0.896025 0.731179 0.915131 0.450213 1.3345 0.923745 
1161 0.0816413	0.695241 0.996072 1.18765 1.44017 1.23592 1.34649 1.09114 2.06473 0.94928 1.41235 
1162 0.0503384	3.13757 1.4439 1.03721 0.733874 1.00086 0.659601 1.34818 0.565527 1.55177 1.01107 
1163 0.120135	2.2761 1.45979 1.1661 0.962532 1.08751 1.14211 1.44054 0.824451 1.36471 1.09229 
1164 0.121404	1.06064 0.955914 1.04711 0.841785 0.789332 0.86509 0.861311 0.91889 1.0065 0.830388 
1165 0.247039	0.7884 1.00145 0.832699 1.06614 1.10953 1.05468 0.798462 1.06839 0.854377 0.956822 
1166 0.203892	0.96638 0.961986 0.974825 1.18923 1.12892 1.14959 1.00793 1.20733 1.03167 1.31684 
1167 0.118655	1.57644 1.13901 1.12695 0.921501 0.897757 0.858287 1.11525 0.905185 1.10993 0.868481 
1170 0.146499	1.19025 1.13822 1.03297 1.10451 1.0976 1.03143 1.38296 1.29608 1.06927 1.1479 
1171 0.104351	1.62887 1.1526 1.06226 0.990368 0.946963 1.06199 1.12377 0.783043 1.08525 0.981307 
1172 0.0798776	2.49708 1.15323 1.43272 1.33383 1.17945 1.21516 1.81845 1.24758 1.38719 1.3284 
1173 0.0734194	2.32977 1.28379 1.16321 0.836935 0.871493 0.813358 1.51459 0.565848 1.35507 1.06783 
1174 0.111149	0.529111 0.764022 0.979101 1.44406 1.32871 1.29348 0.857521 1.88703 0.629095 1.30166 
1175 0.184568	0.714762 0.815356 1.00433 0.796519 0.855253 0.871781 0.802782 0.977282 0.888589 0.871143 
1176 0.197485	0.699267 0.997715 0.8416 1.14881 1.1028 1.01137 0.832736 0.983923 0.790491 1.14132 
1177 0.102651	0.861921 0.873995 0.720401 0.869678 0.939301 0.666983 0.929957 0.686806 1.08777 0.988585 
BOUNDS
LWPS R    0.0  0.0  0.0  0.0  0.0  0.0  0.0  0.0  0.0  0.0
UWPS R    0.5  0.5  0.5  0.5  0.5  0.5  0.5  0.5  0.5  0.5
LXAS R   -0.5 -0.5 -0.5 -0.5 -0.5 -0.5 -0.5 -0.5 -0.5 -0.5
UXAS R    0.5  0.5  0.5  0.5  0.5  0.5  0.5  0.5  0.5  0.5
END
