NAME moment_estimations_cluster
ASSETS 10
BENCHMARKS 0.1 0.1 0.1 0.1 0.1 0.1 0.1 0.1 0.1 0.1 
COVARIANCES
0 0 0.213551
1 0 0.0721972
1 1 0.0284271
2 0 0.0406064
2 1 0.0149116
2 2 0.0202934
3 0 -0.00629378
3 1 0.00344345
3 2 0.0062385
3 3 0.0273814
4 0 -0.0042454
4 1 0.000877551
4 2 0.00192695
4 3 0.0154601
4 4 0.0123818
5 0 -0.0195984
5 1 -0.00330451
5 2 0.00773642
5 3 0.0203025
5 4 0.0131694
5 5 0.0275164
6 0 0.0779363
6 1 0.0283174
6 2 0.0200313
6 3 0.00661238
6 4 0.00520327
6 5 0.00420727
6 6 0.0411565
7 0 -0.0425949
7 1 -0.00571054
7 2 0.00910696
7 3 0.0430984
7 4 0.0212698
7 5 0.0364171
7 6 -0.0036656
7 7 0.093306
8 0 0.0733714
8 1 0.0222221
8 2 0.013869
8 3 -0.00986383
8 4 -0.00453638
8 5 -0.011029
8 6 0.0287133
8 7 -0.0294482
8 8 0.0338407
9 0 -0.00384058
9 1 -0.00191637
9 2 0.0038938
9 3 0.00885133
9 4 0.0086958
9 5 0.0102042
9 6 0.00784907
9 7 0.0119804
9 8 0.00237165
9 9 0.0174068
SCENARIOS
0 0.49538	1.54371 1.12415 1.12248 1.01247 0.993566 0.969074 1.13926 1.03091 1.14823 1.0502 
1 0.50462	0.741895 0.907797 0.928923 1.05744 0.990485 1.05492 0.870259 1.13715 0.879691 1.01331 
00 0.607312	1.13954 0.996472 0.999797 1.23524 1.09559 1.25483 1.16325 1.24049 0.979454 1.0386 
01 0.392688	1.12844 0.958753 0.901271 0.840046 0.926377 0.803758 0.971626 0.736153 1.10395 0.940583 
10 0.573342	0.734593 0.873914 0.945427 0.994254 1.03278 0.980454 0.85372 1.13944 0.871367 0.96959 
11 0.426658	1.714 1.09835 1.07537 0.929224 1.08409 0.879396 1.2372 0.899954 1.26632 0.978075 
000 0.144092	2.93349 1.63236 1.27477 0.915598 0.971866 0.978029 1.55879 0.760333 1.58117 0.844687 
001 0.126409	0.723951 1.05595 1.19741 1.34006 1.17895 1.44246 0.966196 1.87235 0.804232 1.0344 
002 0.125112	0.810827 0.969495 0.908145 0.833963 0.947208 0.914193 0.935078 0.776076 0.973795 0.913413 
003 0.192255	0.381421 0.83155 0.82803 0.993982 0.948585 0.987914 0.610391 1.34536 0.689898 0.891502 
004 0.0935017	1.22949 1.23617 1.07349 1.16465 1.04446 0.988772 1.00335 1.20303 1.01157 1.03918 
005 0.0791757	1.22743 1.16266 1.15484 0.897089 0.913408 0.947733 1.30309 0.820876 1.19773 1.12282 
006 0.107728	0.53218 0.795424 0.942713 0.958792 1.0445 1.08967 0.864384 1.02533 0.868474 1.16047 
007 0.131727	1.415 1.22275 1.14488 0.771243 0.866252 0.781878 0.94887 0.66316 1.09482 0.810047 
010 0.063692	1.20658 1.08655 0.962043 0.835899 0.881548 0.951226 0.958736 0.548737 1.14525 0.962081 
011 0.1042	1.08747 1.17715 1.13083 1.05894 1.05016 1.14662 1.29879 0.957382 1.20997 1.29876 
012 0.0648229	0.843881 0.843441 0.861572 0.739815 0.846549 0.919507 0.856594 0.612346 1.05884 0.876378 
013 0.279803	0.637133 0.857246 0.984918 1.00401 1.08035 1.24637 0.897052 1.08135 0.895017 1.00585 
014 0.0805017	1.08149 1.04934 1.18682 1.13639 0.997252 1.16088 1.1261 1.21215 0.967784 0.945667 
015 0.144554	1.71262 1.20712 1.22086 0.826513 0.891223 1.10539 1.2504 0.854554 1.19066 0.989063 
016 0.0917596	3.02344 1.48935 1.31718 0.885478 1.01182 0.8468 1.45915 0.528306 1.58136 1.21736 
017 0.170668	0.401847 0.723044 0.89851 0.928788 0.919886 1.16282 0.652292 1.05778 0.672885 0.989138 
100 0.174236	1.30502 1.12393 0.956171 1.03365 1.0529 0.970633 1.06966 1.06759 0.935355 1.0066 
101 0.0421333	3.26059 1.44004 1.22799 0.907525 0.928315 0.889178 1.57728 0.791162 1.44964 1.03758 
102 0.0595189	1.58335 1.19716 1.05689 1.22222 1.24685 1.09864 1.31289 1.11177 1.09219 1.14161 
103 0.151666	0.784232 1.04728 1.20122 1.52156 1.28862 1.39891 1.05739 1.87809 0.911638 1.18403 
104 0.131792	1.03958 0.919393 0.866275 0.781915 0.799203 0.730552 0.878465 0.496743 1.09139 0.898371 
105 0.160653	0.556643 0.811759 0.81615 0.895701 1.01333 0.991525 0.706385 0.967127 0.791674 0.920335 
106 0.118934	0.81089 0.952618 0.94417 0.975491 1.05709 1.23836 1.05608 0.791815 0.973163 1.13416 
107 0.161067	1.93136 1.10847 1.04287 0.886288 0.87218 0.835069 1.27201 0.631399 1.34499 0.96272 
110 0.210822	1.39438 1.24874 0.987349 0.924991 0.874168 0.829505 1.14185 0.603771 1.16355 0.920103 
111 0.0610311	1.36205 1.08159 1.32162 1.13898 0.941933 1.39831 1.13147 1.14974 1.14306 1.16117 
112 0.195123	0.560343 0.787876 0.903855 0.987809 0.983066 1.07543 0.788307 0.949122 0.828863 1.06129 
113 0.0941013	0.619982 1.01583 1.22922 1.45662 1.17162 1.45995 0.987834 2.16621 0.714388 1.13846 
114 0.173525	0.80013 0.93618 0.903808 0.792119 0.775441 0.907113 0.873481 0.605262 1.00127 0.994363 
115 0.0827682	1.44425 1.25818 1.16112 1.31104 1.08436 1.06222 1.04039 1.34557 0.912925 1.07122 
116 0.121691	2.1695 1.36587 1.14071 1.08117 1.01341 1.08852 1.54084 1.06292 1.21044 0.930431 
117 0.0609382	0.707004 1.06773 0.928148 0.945231 0.909278 0.978959 0.818763 0.935541 0.776649 0.805028 
0000 0.0920415	0.783587 0.975963 0.962243 1.17676 0.993277 0.793686 0.867213 1.49963 0.820954 1.16263 
0001 0.0957324	0.910627 0.937225 1.22178 1.01749 0.913968 0.982155 0.923215 1.06953 0.927542 1.11279 
0002 0.18639	2.46829 1.23279 1.26192 1.01306 1.06745 0.841298 1.32298 1.43778 1.28998 1.25965 
0003 0.0724337	0.943606 0.897213 1.04991 1.59158 1.3942 1.50327 1.32741 1.34512 1.00793 1.73026 
0004 0.234141	0.48192 0.677422 0.882544 0.923949 1.11278 0.810046 0.676198 1.02165 0.811397 1.29414 
0005 0.0659746	0.541752 0.796282 1.10172 1.33798 1.10095 1.27505 0.894507 1.97239 0.769163 1.12673 
0006 0.0973472	1.07749 1.05683 0.98495 0.752627 0.925882 0.581799 0.943527 0.510195 1.04375 1.21831 
0007 0.15594	1.4338 1.14996 1.14735 0.926664 0.858884 0.706879 0.995451 0.885933 1.03598 1.17125 
0010 0.138049	0.759329 0.942915 0.968658 1.45942 1.33609 1.12842 0.994274 1.7399 0.789287 1.01827 
0011 0.142782	1.17345 0.971014 0.940752 0.696938 0.826133 0.656616 0.969032 0.583965 1.29079 0.984179 
0012 0.179858	1.80086 1.24871 1.19645 0.86792 1.03393 0.838089 1.41108 0.892425 1.27685 1.07679 
0013 0.0604786	2.6797 1.40004 1.22298 1.03446 1.11382 0.851315 1.66932 0.930047 1.49804 1.42915 
0014 0.0988693	0.712558 0.748769 0.92958 0.81323 0.907464 0.841165 0.749534 0.87644 0.950486 1.15164 
0015 0.226137	0.860679 0.883913 0.867646 1.09607 1.16107 1.07182 1.0429 0.982059 0.997836 1.19397 
0016 0.0481199	0.637136 0.994659 0.706131 0.94367 1.01489 0.660976 0.856921 0.743462 0.854009 0.873271 
0017 0.105706	0.65226 0.976629 0.94443 0.891561 0.915239 0.828853 0.721471 1.107 0.778658 0.830403 
0020 0.294633	1.30937 0.983929 1.07298 1.1223 1.00724 0.903564 1.05739 0.900205 1.03311 1.16069 
0021 0.0932519	1.02244 1.09605 0.944139 0.979932 1.09555 0.720339 1.19264 0.595897 1.31478 1.36128 
0022 0.129384	0.714049 0.813062 0.855729 0.805021 0.938553 0.742874 0.625195 0.764599 0.918268 0.956334 
0023 0.1339	0.679658 0.965677 1.06675 1.14206 1.07062 1.06915 0.929974 1.319 0.895463 1.1384 
0024 0.0677471	0.517057 0.834205 0.930897 1.14902 1.13654 0.999284 0.658144 1.56438 0.760115 1.09347 
0025 0.0927205	1.20268 1.33519 1.24873 1.36876 1.11109 1.11446 1.23282 1.7396 1.07466 1.18096 
0026 0.0749203	0.883632 1.01047 0.848366 1.13555 1.16767 0.919865 0.832443 1.16639 0.760358 1.09398 
0027 0.113443	2.27319 1.40549 1.30261 0.999053 1.05405 0.893906 1.44838 0.570474 1.41415 1.21853 
0030 0.188105	1.64029 1.13113 1.15064 0.794144 0.943331 0.944241 1.20029 0.586756 1.27123 1.14966 
0031 0.0864454	0.850561 0.948609 1.13442 1.13836 1.17228 1.14054 1.14932 1.27393 1.00627 1.30817 
0032 0.0798755	0.758541 0.792184 1.11411 0.935975 1.05693 1.2348 1.06303 1.13151 0.904634 1.04878 
0033 0.174793	0.869881 0.84923 0.890663 0.677576 0.911734 0.739215 0.94186 0.451038 1.08682 0.880701 
0034 0.121542	0.747462 0.8094 1.05586 1.34222 1.21409 1.16786 1.04482 1.73217 0.757097 1.22181 
0035 0.122234	1.7153 1.21961 1.04605 1.04415 1.18293 0.997549 1.25297 0.826398 1.23336 1.0995 
0036 0.047545	1.16639 1.04164 1.14514 0.879368 0.981117 1.00008 1.12548 0.917435 0.936376 0.892638 
0037 0.179461	0.560359 0.68474 0.909551 0.889988 0.996456 0.9205 0.829487 0.957592 0.839105 0.964807 
0040 0.0682545	0.759886 0.849393 0.955021 0.709932 0.966187 0.765743 0.800266 0.666626 0.998424 0.820813 
0041 0.198365	1.3644 1.12915 1.03695 0.881767 0.919891 0.731915 1.17363 0.854997 1.19419 0.891987 
0042 0.0497689	0.654779 0.9869 0.925156 0.983433 1.01483 1.07528 0.804421 1.18415 0.708051 0.836559 
0043 0.0629221	2.61218 1.34945 1.35928 0.953845 1.08601 1.10677 1.57656 1.19321 1.37398 0.863689 
0044 0.131177	1.04728 1.01092 1.12913 1.16406 1.18603 1.01286 1.04909 1.61094 0.938043 1.08185 
0045 0.199431	0.441268 0.74318 0.907967 0.981208 1.00604 1.17449 0.742022 1.12916 0.753059 0.854092 
0046 0.0661216	1.87904 1.34478 1.03927 0.886502 1.29949 0.983407 1.35705 0.678813 1.26681 0.93797 
0047 0.22396	0.81297 0.927456 0.924007 0.750136 1.08071 0.924565 0.938959 0.719534 0.96835 1.02719 
0050 0.119228	0.961725 1.02895 1.13184 0.980714 1.25108 1.296 1.17496 1.0426 1.13217 1.29972 
0051 0.0608732	0.430292 0.64269 0.771119 0.912374 0.991506 0.975826 0.639602 1.11479 0.729415 0.728106 
0052 0.15869	1.42401 1.33567 1.12238 1.18512 1.16827 1.05906 1.11293 1.36069 1.0868 1.10258 
0053 0.103694	0.713939 0.830174 0.957547 0.810102 0.902842 1.00613 0.764342 0.920304 1.00299 0.871625 
0054 0.199412	1.7922 1.13274 1.06195 0.932085 0.963763 0.800191 1.02865 0.946431 1.31642 0.885907 
0055 0.177582	1.40228 1.22838 1.05904 0.854349 1.09267 0.99057 1.27376 0.731246 1.24694 0.968683 
0056 0.0730479	0.816072 0.958052 0.837392 1.10059 1.15406 1.15106 0.912702 1.42448 0.899215 0.983182 
0057 0.107473	0.55323 0.780331 1.00656 1.11207 1.30188 1.05113 0.82119 1.17542 0.973519 1.19621 
0060 0.139772	0.972858 1.09529 1.1989 1.05087 0.962596 0.888485 1.03696 1.05592 1.1183 0.9213 
0061 0.076211	1.67359 1.27192 1.13401 0.698852 0.872743 0.870875 1.29148 0.594621 1.43348 1.04312 
0062 0.0641777	2.93463 1.37737 1.2318 0.850406 0.956956 1.00022 1.58381 0.800421 1.45532 0.91505 
0063 0.228016	0.966307 1.08397 0.881914 0.901724 0.993375 0.95063 1.03509 0.893802 1.04857 0.938039 
0064 0.136378	1.28771 1.39386 1.2511 1.04968 1.10118 1.03927 1.18579 1.23959 1.0253 0.981705 
0065 0.0632521	1.37156 1.30573 0.89637 1.01386 1.03464 0.855792 1.11608 0.879328 0.948941 0.85221 
0066 0.150879	0.739756 0.778438 0.883947 0.798929 0.869675 0.887287 0.77128 0.722816 0.833133 0.754532 
0067 0.141314	0.679135 1.00038 0.927023 1.24117 1.10192 0.967453 0.906704 1.44961 0.789919 0.876331 
0070 0.0635882	1.48435 1.18382 0.991604 1.05179 0.927395 0.90246 0.975762 1.47757 0.967344 0.887353 
0071 0.184709	0.454316 0.751576 0.875869 0.965812 0.922131 1.13148 0.684259 1.21063 0.748621 0.874793 
0072 0.230633	0.896729 1.00598 0.828542 1.08219 0.928153 1.06413 0.998651 1.37028 0.903935 1.08703 
0073 0.0933636	0.582558 0.901258 0.854164 1.172 1.03668 0.981109 0.859967 1.25109 0.909462 1.11901 
0074 0.0890739	2.42985 1.39894 1.09103 0.951253 1.13781 1.00972 1.3435 0.668355 1.24499 0.931298 
0075 0.0539995	2.01 1.2505 1.16589 0.956315 1.04726 0.943599 1.52512 0.93439 1.43131 1.23539 
0076 0.199092	1.25726 1.00481 0.978749 1.12879 1.04957 1.01064 1.15756 1.09982 1.10468 1.13118 
0077 0.0855413	0.861337 0.978618 1.11713 1.01597 0.950971 0.941354 0.955834 1.16262 1.05779 0.976306 
0100 0.0855529	0.756071 0.786481 0.929689 0.678535 0.849102 0.88269 0.950439 0.845395 1.14021 1.02796 
0101 0.0540759	1.19391 0.894301 1.05661 0.550211 0.845311 0.802845 1.29712 0.458371 1.36587 0.786 
0102 0.094431	0.443203 0.780032 0.889474 1.18607 0.99184 1.18438 0.717717 1.70791 0.757397 0.877588 
0103 0.145278	2.11125 1.40935 1.08589 0.769158 0.762335 0.500333 1.26807 0.579463 1.33521 0.716735 
0104 0.184826	1.37739 1.21863 1.07697 1.04485 1.12774 0.970246 1.20344 1.19928 1.03388 0.846844 
0105 0.133172	1.05263 0.917853 1.07636 0.931753 0.986018 0.913834 1.02826 1.10801 1.04005 0.869932 
0106 0.0807103	0.702703 0.937366 1.10757 1.11698 1.00535 1.11935 1.1493 1.79114 0.894375 0.926308 
0107 0.221953	0.735219 0.987591 0.903619 0.957141 0.876846 0.870114 0.810411 1.09753 0.80888 0.873379 
0110 0.0695609	0.89216 0.864671 0.776811 0.965174 1.26559 1.19373 1.05627 0.721409 0.917845 0.984124 
0111 0.213123	1.26717 0.994804 0.911501 0.817721 1.0005 0.898448 0.997155 0.601112 1.14374 0.902481 
0112 0.0730143	2.74324 1.38942 1.17155 1.2215 1.08983 1.24277 1.4008 0.974762 1.34005 0.852382 
0113 0.223483	0.931518 0.84751 1.15364 0.953452 0.967671 1.04335 0.853267 1.21344 0.9024 0.963679 
0114 0.0976813	1.22384 1.13058 1.24238 1.08804 1.19926 1.16365 1.33207 1.2564 1.19214 1.11474 
0115 0.122348	0.570204 0.783631 0.899312 0.770946 0.834956 0.998272 0.825975 0.803026 0.774925 0.964053 
0116 0.105081	0.531045 0.750018 0.913021 1.00602 1.03648 1.14595 0.705989 1.0822 0.806806 0.909912 
0117 0.0957079	1.84214 1.09845 1.05037 0.861667 0.886261 0.86052 1.16635 0.782183 1.24962 0.846625 
0120 0.0888184	0.775891 0.92869 0.995211 0.812181 0.800453 0.954089 0.674656 0.882866 0.846336 0.67946 
0121 0.22046	1.92375 1.27973 1.046 0.973285 0.985448 0.938156 1.3435 1.13974 1.16029 0.800404 
0122 0.167328	0.576718 0.915929 0.856745 1.13977 1.02279 0.945903 0.816053 1.36197 0.699066 1.01572 
0123 0.0674068	1.22396 1.13978 1.15755 0.79757 0.996743 1.11005 1.35175 0.610448 1.25051 1.21538 
0124 0.156225	0.791282 1.10229 1.01366 1.01772 1.03559 1.12511 1.13454 0.572777 0.979252 1.28868 
0125 0.1023	1.13431 1.14594 1.04536 0.932202 0.953708 0.886667 0.938239 0.882549 1.0783 1.1333 
0126 0.0507534	0.653945 0.854752 0.886058 0.782363 0.932802 0.803189 0.813226 0.621811 1.0003 1.09992 
0127 0.146709	1.0227 1.10977 1.10797 0.880914 0.923521 0.771482 0.966651 1.10681 0.921344 0.948271 
0130 0.0584237	1.08291 1.16529 1.13685 1.56652 1.24235 1.22191 1.2225 1.76179 1.03546 1.0618 
0131 0.156715	1.56221 1.1862 1.04708 0.837818 0.8978 0.873851 1.12842 1.02277 1.08313 1.08284 
0132 0.183171	0.618243 1.0163 1.02285 1.08327 1.03364 1.16469 0.883212 1.30168 0.788597 1.18277 
0133 0.161308	0.701891 0.926052 0.952764 0.803546 0.8305 0.878418 0.838378 0.923268 0.931426 0.92418 
0134 0.109866	0.773559 1.08862 0.889257 1.35978 1.2162 1.19102 1.08618 1.15748 0.827928 1.1635 
0135 0.069447	0.614333 0.837102 0.798857 0.966978 1.12223 0.981038 0.729513 0.905393 0.715994 1.04715 
0136 0.100863	1.88664 1.37139 1.24064 0.931722 0.896732 0.928242 1.40638 0.710566 1.40861 1.00839 
0137 0.160206	0.89224 1.08748 1.12529 1.05779 1.01302 0.97956 1.19568 0.845925 1.15218 1.28836 
0140 0.199872	0.746377 0.903052 1.02985 0.973425 1.02221 1.08702 0.861789 1.36813 0.899485 1.12109 
0141 0.0881226	2.11772 1.38136 1.26185 1.1693 1.20977 1.3179 1.4947 1.24727 1.26596 1.40896 
0142 0.106641	1.10642 1.324 0.919534 1.20854 1.15145 1.52435 1.2788 1.13316 0.982844 1.10756 
0143 0.0983397	1.99365 1.19437 0.945037 0.906595 1.15919 1.05219 1.11869 0.734156 1.21965 0.988567 
0144 0.148148	0.825688 0.9413 0.774762 0.974492 1.14489 1.09952 0.830515 0.839886 0.904763 1.00913 
0145 0.12963	0.561939 0.937109 0.881649 1.07711 1.22353 1.12666 0.8748 1.42666 0.760501 1.03465 
0146 0.119413	1.45017 1.12347 0.919951 0.987564 1.09148 1.18227 1.13631 0.877187 1.14463 1.12118 
0147 0.109834	1.18534 1.19239 1.26464 0.973819 1.00979 1.27363 1.11928 1.23297 1.01202 1.24481 
0150 0.0636558	1.17181 1.1614 0.872349 0.868961 0.850762 0.653909 0.86096 0.930705 0.915191 0.863628 
0151 0.168919	1.6717 1.16199 1.03551 1.186 1.01144 0.818138 1.10064 1.02932 1.1753 0.929396 
0152 0.20128	0.561659 0.68542 0.770589 1.06727 1.0066 0.833499 0.73329 0.855507 0.831174 0.882478 
0153 0.0593883	1.82674 1.28375 1.0912 1.17218 1.15259 1.15381 1.45755 0.741636 1.42919 1.32501 
0154 0.156117	1.18855 1.02981 0.89292 1.38337 1.27439 0.979286 1.15876 0.906971 1.15177 1.29862 
0155 0.144381	0.826821 1.08124 1.10684 1.08678 1.09461 1.03776 0.982185 0.971974 1.06815 0.999505 
0156 0.14936	0.901335 1.0869 0.845907 1.1795 1.01767 0.916471 0.975914 1.36578 0.884497 1.02483 
0157 0.056899	2.6316 1.73662 1.13912 1.52928 1.08912 0.825209 1.51453 1.22013 1.38854 1.00354 
0160 0.194958	0.540677 0.819608 0.854963 1.00288 0.859028 0.96987 0.757756 1.1594 0.799815 0.639962 
0161 0.0717087	0.99669 0.932233 0.836001 0.884582 0.823625 0.953646 0.89231 0.716062 0.929799 0.541792 
0162 0.112605	1.0983 1.01219 0.943713 0.988532 0.85493 1.1126 1.02138 1.33015 0.949349 0.697013 
0163 0.152381	1.39887 1.29402 1.10465 1.16428 0.979025 1.00853 1.35785 1.09652 1.09271 0.842213 
0164 0.186555	2.33368 1.25409 1.17083 0.953155 1.02622 0.988919 1.33808 1.08826 1.40943 0.862399 
0165 0.104202	0.485982 0.749764 0.780436 0.713763 0.789582 0.85539 0.902138 0.712142 0.881711 0.834075 
0166 0.10084	0.819648 0.931406 0.965575 0.977892 0.878231 0.878297 1.03325 0.937631 1.10579 1.13336 
0167 0.0767507	0.788489 0.970398 0.844444 1.21663 0.919956 1.1882 1.00746 1.83945 0.767462 0.656503 
0170 0.182229	0.868056 0.977549 0.970515 0.991447 0.977849 1.02955 0.98842 1.14348 1.01917 0.887368 
0171 0.0948795	1.87988 1.34617 0.974613 1.25161 1.06753 0.700264 1.04857 1.52938 1.11264 0.906964 
0172 0.0996988	0.462161 0.776995 0.782759 0.828851 0.878154 0.895568 0.717077 1.01467 0.849803 0.757111 
0173 0.135542	0.651936 0.95849 0.722053 1.30929 1.2146 0.957149 1.04938 1.31889 0.86961 1.06008 
0174 0.0740964	0.659537 1.00568 1.16551 1.61481 1.092 1.3052 0.9705 2.33638 0.823731 1.03206 
0175 0.0572289	0.460808 0.837708 0.676473 1.01579 1.23279 0.904355 0.748286 0.993936 0.751771 1.00889 
0176 0.179217	1.15361 1.09525 0.771491 0.692811 0.842807 0.674273 0.983265 0.417799 1.12392 0.788906 
0177 0.177108	1.84489 1.15535 1.01891 1.20469 1.14505 0.849104 1.38062 0.814292 1.33593 0.838007 
1000 0.19143	1.33205 1.1994 0.843616 0.831125 0.900041 0.775339 1.03705 0.537662 1.20153 0.68259 
1001 0.0930371	2.32277 1.25298 1.31923 0.99856 0.90832 1.02941 1.27753 0.87481 1.48952 0.950713 
1002 0.057925	0.837413 1.08049 1.04343 1.25835 1.00478 1.33424 1.10082 1.07655 0.940803 0.894132 
1003 0.20492	0.516001 0.629935 0.84911 1.00255 1.03699 0.999769 0.844345 0.950249 0.88597 1.0062 
1004 0.135489	1.33923 1.22413 1.26994 1.08571 0.952272 1.08849 1.12249 1.10945 1.05587 0.977803 
1005 0.155525	0.983498 0.934346 0.97556 1.13126 1.11186 1.13347 1.12561 1.20505 1.06265 1.02948 
1006 0.0960127	0.567186 0.768747 0.800756 0.973582 0.887124 0.842936 0.670719 0.89552 0.888599 0.811535 
1007 0.0656616	0.673423 0.878656 0.984305 1.23874 1.11357 1.24267 0.827534 1.81245 0.729936 1.03576 
1010 0.207547	0.5328 0.861784 0.922046 1.11807 1.12249 1.20607 0.813673 1.42336 0.82166 0.954133 
1011 0.0877769	1.40685 1.19778 1.13813 0.956884 1.1085 0.946384 1.32838 0.706264 1.29791 0.983789 
1012 0.250205	1.16462 1.37014 1.03073 1.38704 1.08336 1.00098 1.03127 1.12865 0.941775 0.730538 
1013 0.0836751	2.46737 1.60806 1.04543 0.771373 0.969091 0.795098 1.16216 0.457846 1.45455 0.80364 
1014 0.100902	1.97616 1.42615 1.21392 1.12813 0.963746 1.14883 1.24791 1.50331 1.20475 0.763992 
1015 0.0836751	0.666275 0.971529 0.763433 0.917374 1.06191 0.837815 0.93396 0.644719 1.08679 0.860945 
1016 0.129614	0.87286 1.04544 1.15601 1.42217 1.32234 1.34171 1.13662 1.31728 1.02558 1.1005 
1017 0.0566038	1.07804 0.96023 0.819213 0.722211 0.792769 0.626997 0.855222 0.470637 1.24205 0.767686 
1020 0.130081	0.413095 0.85345 0.789096 1.12163 1.05203 1.02921 0.851444 1.10307 0.832616 1.23626 
1021 0.0650407	1.69124 1.14796 1.2136 1.2098 0.962947 1.24693 1.35685 1.4714 1.18377 1.10931 
1022 0.164344	1.41733 1.19312 0.9515 0.902274 0.886485 0.679913 1.13388 0.548144 1.43059 1.14567 
1023 0.103949	0.833202 0.995512 1.10808 0.96845 0.964822 1.14687 1.06947 0.957086 1.03846 1.13871 
1024 0.118467	1.94376 1.17195 1.11905 0.871571 1.01549 1.1321 1.29978 0.857611 1.3034 0.905965 
1025 0.12079	1.05046 1.02789 0.953078 0.725674 0.864324 0.833172 0.917565 0.77976 1.15022 0.965374 
1026 0.162021	0.714474 0.923047 0.892709 1.217 1.1618 1.22658 1.05856 1.27029 1.05149 1.1795 
1027 0.135308	0.556502 0.818833 0.842576 0.7894 0.872158 0.7935 0.796054 0.744225 0.957523 1.03369 
1030 0.0998177	0.582265 0.75687 0.705059 0.780748 0.808373 0.859148 0.709283 0.695868 0.765088 0.75672 
1031 0.14175	2.00761 1.07392 0.995471 0.745505 0.832566 0.885987 1.29179 0.549168 1.24154 0.873199 
1032 0.0852325	3.03784 1.50154 1.37595 1.14667 0.96619 1.03631 1.85685 1.25599 1.15557 1.0603 
1033 0.194394	1.53472 1.1768 0.99057 0.997674 0.94142 1.00784 1.2477 1.00523 0.994451 1.00341 
1034 0.0633546	0.609562 0.998735 1.01972 1.24244 1.08212 1.33134 0.959561 2.19826 0.670348 1.01676 
1035 0.0745214	0.669598 0.924267 0.938196 1.27705 1.11587 1.21951 1.04465 1.24327 0.904478 1.25429 
1036 0.161577	0.512227 0.759408 0.779186 0.932273 0.890659 1.10621 0.68135 1.29975 0.668684 0.905179 
1037 0.179353	1.20564 1.02402 1.04033 0.73994 0.798811 0.968103 0.928289 0.915073 1.06499 0.76543 
1040 0.0807763	0.574922 0.878211 0.986147 1.247 1.20612 1.50083 0.843847 1.87287 0.703656 1.03926 
1041 0.0868083	0.714875 0.825836 0.835506 0.903077 1.11714 1.29854 0.893555 1.08836 0.8003 1.04889 
1042 0.0729085	0.652159 0.882248 1.07291 1.10057 1.08344 1.19078 0.970582 1.37392 0.907831 1.09758 
1043 0.067401	0.6174 0.88821 1.11096 0.863864 0.856526 1.09186 0.81317 0.962865 0.910361 0.859323 
1044 0.129819	0.951883 0.997117 0.876438 0.638944 0.909322 0.72815 0.939149 0.459564 1.21402 0.966668 
1045 0.248885	1.84966 1.35925 1.23181 0.805196 0.956944 1.0907 1.26428 0.844971 1.28824 1.0522 
1046 0.174403	1.00556 1.00344 1.11126 0.97545 0.957737 1.15855 1.07781 1.37729 1.05058 1.05563 
1047 0.138998	0.561924 0.83052 0.773845 0.760094 0.85412 0.909058 0.740935 0.965528 0.886571 0.961227 
1050 0.13963	0.789559 0.987973 1.06776 1.31767 1.08927 1.1596 1.24638 1.71422 0.989144 1.34465 
1051 0.106928	1.03682 1.05294 1.15905 1.01292 0.837795 0.89195 1.06924 0.9262 1.22591 1.12133 
1052 0.280981	0.711595 0.833993 1.02809 1.15975 0.958236 1.16856 0.814339 1.2645 0.82519 0.900816 
1053 0.0860585	1.62638 1.17357 1.05258 0.788187 0.803898 0.703414 1.17857 0.705117 1.26647 0.913705 
1054 0.12457	1.76852 1.3808 1.46666 1.08991 0.997541 0.92859 1.45005 1.17221 1.42582 1.01984 
1055 0.105207	0.515575 0.801789 0.850299 0.815697 0.798853 0.862572 0.741432 0.757001 0.864478 0.848941 
1056 0.0699225	0.803314 0.767195 0.741463 0.789129 0.829693 0.634921 0.748027 0.48014 1.08018 0.904652 
1057 0.086704	0.95277 0.967112 0.939099 0.945139 0.875521 0.830528 0.965237 0.685531 1.10937 0.875324 
1060 0.230456	1.184 0.901143 1.06023 0.87229 0.951044 0.86483 1.06479 0.749876 1.20952 1.00182 
1061 0.0464981	2.74792 1.31076 1.10696 0.932558 0.924887 0.787486 1.52459 0.764338 1.67324 0.972086 
1062 0.131067	0.541172 0.844695 0.812577 0.968396 1.06644 0.92393 0.760273 0.835426 0.868052 0.939773 
1063 0.138622	0.716597 0.835688 1.00516 0.915536 1.08385 1.01004 0.974442 1.03542 0.966313 1.08997 
1064 0.186574	0.604966 0.85706 1.09896 1.15121 1.15479 1.15649 0.865724 1.72023 0.799714 1.14235 
1065 0.142691	1.66801 1.19513 1.40453 1.05248 1.0431 1.08422 1.25015 1.11336 1.18056 1.02973 
1066 0.0636443	0.777616 0.767925 0.779494 0.64507 0.838739 0.708213 0.763323 0.653102 0.93314 0.852307 
1067 0.0604475	1.37044 1.09467 1.17879 1.16678 1.12364 0.8853 1.20701 1.21512 1.36326 1.38142 
1070 0.0723176	2.31568 1.29847 0.990046 0.709866 0.938433 0.933554 1.13155 0.641805 1.36836 0.89968 
1071 0.173176	1.07174 1.18606 1.32768 0.930505 0.954905 0.978044 1.15988 1.30438 1.17861 1.14191 
1072 0.0727468	2.22756 1.48477 1.3716 0.987495 0.879728 1.01034 1.37417 1.09822 1.24443 1.0349 
1073 0.305794	0.688694 0.873169 0.984261 0.926863 1.02405 1.1097 0.768 0.890493 0.834483 1.02509 
1074 0.137554	1.35716 1.17182 0.988988 0.838795 1.04625 1.0161 0.882602 0.834328 1.01145 0.869069 
1075 0.0656652	0.775057 1.23458 1.28299 1.40537 1.29993 1.72029 1.13216 2.05975 0.837864 0.896924 
1076 0.0948498	0.957495 1.22787 0.983571 0.854574 0.897758 0.900878 0.891029 1.09925 0.96106 0.789313 
1077 0.077897	0.82757 0.949743 0.737288 0.584539 0.760597 0.716983 0.755604 0.60438 1.13928 0.823265 
1100 0.143864	0.444182 0.788454 0.892641 1.08833 1.22127 1.24754 0.795885 1.44643 0.734863 1.21436 
1101 0.0550782	1.71631 1.08991 0.948725 0.72684 0.761804 0.638659 0.99386 0.497967 1.23942 0.91673 
1102 0.0751267	1.07747 1.02215 1.18727 1.0104 0.98046 1.06264 1.43252 1.20461 1.18291 1.28401 
1103 0.0940736	0.657324 0.848052 0.864502 0.98029 0.963735 0.956832 0.717691 0.955123 0.89586 0.935153 
1104 0.21811	1.04527 0.95179 0.957358 0.847604 0.847885 1.10817 0.955275 1.08872 1.1047 1.07394 
1105 0.107733	2.53717 1.29958 1.14539 0.900063 0.915906 0.927671 1.3216 1.01697 1.43224 1.01019 
1106 0.201366	0.657696 0.835922 0.982939 1.23489 1.13271 1.34826 0.94425 1.62183 0.893693 1.41561 
1107 0.104649	1.3856 1.2257 1.15768 1.14658 1.01856 1.05092 1.11676 1.15257 1.0283 1.02992 
1110 0.0821918	1.92875 1.46709 1.12322 0.858127 0.834925 0.660907 1.03334 1.01832 1.16996 0.758426 
1111 0.239726	1.2446 1.10122 1.14148 0.925068 0.893479 0.70112 1.03286 1.00051 1.03267 1.07556 
1112 0.108828	2.82844 1.56586 1.31396 1.08722 0.959357 0.700801 1.43642 0.751278 1.41067 0.876145 
1113 0.105023	0.914104 0.996695 0.953975 0.884322 0.995729 0.81312 0.899289 0.990569 0.935356 0.941928 
1114 0.150685	1.04153 1.03477 1.16462 0.867494 0.984803 1.09493 1.10881 0.966876 1.01084 1.03368 
1115 0.112633	0.548903 0.849661 0.837936 0.866896 0.884452 0.830326 0.780681 0.719371 0.80137 0.698027 
1116 0.130898	0.532972 0.794127 1.03241 1.29497 1.13796 1.08443 0.769653 1.55777 0.716347 1.0505 
1117 0.0700152	0.566786 0.964942 0.935261 0.938157 1.23193 1.21458 0.983121 1.13918 0.878625 1.08068 
1120 0.0545108	1.78368 1.25902 0.885299 0.830839 0.866111 0.74768 0.980786 0.805687 1.11237 0.641713 
1121 0.217091	1.48763 1.29793 1.33262 1.17253 0.995622 1.08116 1.19213 1.2012 1.13689 1.02607 
1122 0.213997	0.634205 0.945952 1.03172 1.0225 0.966052 1.11919 0.882344 1.35538 0.821212 0.963927 
1123 0.0778386	2.43939 1.39571 1.08697 0.982202 0.866964 0.868824 1.27935 0.65751 1.34652 1.08402 
1124 0.0437991	0.427415 0.85394 0.762948 0.929193 0.800152 0.819653 0.666368 0.611909 0.747331 0.942909 
1125 0.106165	0.554568 0.773416 0.781347 0.853979 0.915846 0.93628 0.75363 0.807547 0.78961 0.912891 
1126 0.124494	0.955099 0.99761 0.9473 1.27308 1.25506 1.33617 1.14336 1.42738 0.793741 1.08158 
1127 0.162104	0.941838 1.01206 0.909519 0.800649 0.82393 0.920037 0.816783 0.710258 1.0382 0.953684 
1130 0.0454097	0.530083 0.655353 0.820901 0.832427 0.925258 0.962382 0.661864 0.933877 0.878693 1.23296 
1131 0.202369	1.33424 0.875037 1.00082 1.08287 1.00156 1.20184 1.23572 1.08841 1.30102 1.29574 
1132 0.143633	1.92662 1.04717 0.880157 0.823292 0.86764 0.864029 1.21494 0.521181 1.39295 1.07526 
1133 0.177196	0.813043 0.84431 0.798396 0.922622 0.943315 0.967075 0.897051 0.804029 0.977916 1.00984 
1134 0.117473	1.5778 1.21206 1.01238 1.45085 1.23036 1.39868 1.22951 1.58919 0.959244 1.04139 
1135 0.0923001	0.920473 0.852626 0.764796 1.23648 1.22609 1.21612 1.06662 0.952079 1.04203 1.25765 
1136 0.153011	0.695449 0.944002 0.841711 1.06455 1.00016 1.19183 0.811222 1.31752 0.83377 1.00029 
1137 0.0686081	2.3009 1.31047 1.15741 1.04175 1.04613 1.08763 1.32921 1.01302 1.39783 0.877199 
1140 0.192987	0.629602 0.819636 1.07389 1.15841 1.08379 1.36244 0.830248 1.46956 0.819985 0.933561 
1141 0.0835118	0.748466 0.874816 0.920495 0.920854 1.07522 0.904711 0.877886 0.643747 1.0246 1.14987 
1142 0.12152	2.21097 1.354 1.01813 1.00205 0.918799 0.896169 1.15089 0.703495 1.21525 0.707897 
1143 0.178801	1.25805 0.971973 1.11301 1.00248 1.03513 0.838328 0.933744 1.3599 1.00371 0.946614 
1144 0.112955	0.980485 0.919499 0.831046 0.997605 1.12279 0.862366 0.829029 1.20952 0.850809 0.863761 
1145 0.206103	1.20903 1.05991 1.17612 0.918937 0.958893 1.03471 1.10777 0.664502 1.28445 0.992445 
1146 0.0463062	2.73694 1.29004 1.20521 1.05465 1.12324 0.906362 1.55389 0.857458 1.45819 1.08507 
1147 0.0578158	1.18859 0.966938 0.798703 0.6534 0.850519 0.551533 0.80416 0.59883 1.13356 0.813734 
1150 0.166667	0.646056 0.892202 0.959729 0.982073 0.962407 1.2974 0.924395 1.16592 0.879973 0.894908 
1151 0.103255	0.61109 0.924933 0.863139 0.846906 0.915151 1.10487 1.00183 0.92105 0.933471 1.02299 
1152 0.0808081	0.590181 0.824963 0.988785 1.30683 1.10335 1.22043 0.921056 1.64242 0.814224 0.84774 
1153 0.108866	1.18575 1.02939 0.91531 0.829875 0.81024 0.87568 0.913792 0.624736 0.982373 0.770315 
1154 0.123457	0.47527 0.749579 0.701954 0.843107 0.850326 0.993417 0.683546 0.791941 0.811779 0.718931 
1155 0.21156	2.07738 1.3339 1.04751 1.13178 1.02969 0.974539 1.27918 0.939552 1.20775 0.81021 
1156 0.0858586	1.31315 1.15408 1.0232 1.39782 1.05093 1.26435 1.23294 1.8033 0.987728 0.784091 
1157 0.119529	1.06191 0.967153 0.95344 0.967017 0.892487 1.19045 1.13171 0.714685 1.08951 1.02238 
1160 0.0935115	0.656376 0.866899 0.993423 1.24712 1.23868 1.23442 0.873948 1.14378 0.867561 1.10354 
1161 0.134351	0.481351 0.838203 0.927734 0.934416 0.953642 1.23724 0.682639 1.14003 0.833373 1.05288 
1162 0.114885	1.20502 1.16179 1.15975 0.98667 1.07738 1.11407 1.16519 0.548695 1.37539 1.70917 
1163 0.118321	0.853539 1.08858 1.31573 1.26271 1.00939 1.49518 1.07183 1.43366 1.01594 1.32733 
1164 0.0553435	1.08091 1.05311 1.17616 1.37473 1.06217 1.25747 0.91979 1.60669 0.887932 1.26237 
1165 0.158015	0.947753 0.891897 0.975523 0.880788 0.872285 0.920557 0.850407 0.88725 1.06627 1.03731 
1166 0.0656489	0.32172 0.696496 1.08002 1.30115 1.31037 1.49026 0.838091 1.1615 0.763597 1.51982 
1167 0.259924	2.23472 1.26298 1.1099 0.742526 0.799509 0.969248 1.14111 0.597012 1.34759 1.04003 
1170 0.0693598	1.3159 0.966457 0.861015 1.04196 1.01981 0.966654 0.770665 0.976736 0.989869 0.789232 
1171 0.146341	0.579953 0.719609 0.757939 0.800238 0.955497 0.921806 0.811413 0.639687 0.876603 0.959348 
1172 0.0815549	1.81276 1.20911 1.21917 0.840879 0.759827 0.850626 1.1057 0.693554 1.30871 0.894863 
1173 0.300305	0.706645 0.891964 0.92692 1.23466 1.05805 1.38361 0.951959 1.41199 0.812963 1.15253 
1174 0.0823171	0.86169 0.921066 0.976152 0.855196 0.728086 0.810631 0.758722 0.902828 0.834036 0.901785 
1175 0.14939	1.24116 0.947529 0.88695 1.11881 0.886252 0.769661 1.06069 0.973686 1.06922 1.10283 
1176 0.0815549	1.63706 1.0234 0.850873 0.840621 0.898892 0.78741 1.0782 0.690349 1.19599 1.18165 
1177 0.0891768	2.51439 1.1594 1.29266 1.2345 0.942483 1.20116 1.31235 1.59731 1.09525 0.821634 
BOUNDS
LWPS R    0.0  0.0  0.0  0.0  0.0  0.0  0.0  0.0  0.0  0.0
UWPS R    0.5  0.5  0.5  0.5  0.5  0.5  0.5  0.5  0.5  0.5
LXAS R   -0.5 -0.5 -0.5 -0.5 -0.5 -0.5 -0.5 -0.5 -0.5 -0.5
UXAS R    0.5  0.5  0.5  0.5  0.5  0.5  0.5  0.5  0.5  0.5
END
