NAME moment_estimations_cluster
ASSETS 10
BENCHMARKS 0.1 0.1 0.1 0.1 0.1 0.1 0.1 0.1 0.1 0.1 
COVARIANCES
0 0 0.122501
1 0 0.0352705
1 1 0.0153204
2 0 0.0164497
2 1 0.00654166
2 2 0.00734249
3 0 0.0174254
3 1 0.00703117
3 2 0.00349304
3 3 0.00523156
4 0 0.0163017
4 1 0.00893656
4 2 0.00556954
4 3 0.00328239
4 4 0.0112131
5 0 0.0172735
5 1 0.00490442
5 2 0.00670819
5 3 0.00305173
5 4 0.00316356
5 5 0.0102323
6 0 0.0406232
6 1 0.0155174
6 2 0.010952
6 3 0.00824395
6 4 0.0124644
6 5 0.00960927
6 6 0.024192
7 0 0.0132941
7 1 0.000489359
7 2 -0.000109534
7 3 0.00362536
7 4 -0.00867729
7 5 0.00322945
7 6 -0.00095441
7 7 0.0223742
8 0 0.0345192
8 1 0.0185635
8 2 0.0152058
8 3 0.00683441
8 4 0.0242381
8 5 0.00905288
8 6 0.0298774
8 7 -0.0206337
8 8 0.0604403
9 0 0.014017
9 1 0.00445044
9 2 0.00567657
9 3 0.00264039
9 4 0.00723351
9 5 0.00488298
9 6 0.0118321
9 7 -0.00324422
9 8 0.0188429
9 9 0.0146812
SCENARIOS
0 0.5863	1.28727 1.02641 1.03151 1.03094 1.00066 0.994047 1.05992 1.09727 0.995059 0.998144 
1 0.4137	0.830474 0.941872 0.983851 0.983826 1.00709 0.954417 0.951316 0.89006 1.0717 1.05061 
00 0.377674	0.856638 0.908485 0.895425 0.930937 0.906529 0.974847 0.821465 1.11771 0.727038 0.854738 
01 0.622326	1.13354 1.10492 1.09331 1.03513 1.06524 1.12643 1.11344 0.979585 1.23598 1.12575 
10 0.337273	1.36928 1.21486 1.11607 1.06674 1.17578 1.10792 1.26896 0.904866 1.45377 0.959434 
11 0.662727	0.845635 0.966564 0.956539 0.957338 0.878533 0.928823 0.898995 1.06458 0.854668 0.858285 
000 0.0968703	0.551963 0.855953 0.973954 0.943868 0.968224 0.880238 0.840584 0.807406 1.14861 0.990278 
001 0.0733415	1.86603 1.30201 1.15155 1.05279 1.23623 1.03522 1.43649 0.85756 1.83088 1.18164 
002 0.161993	0.833344 0.90865 1.00428 1.00876 0.809295 0.925579 0.935598 1.21077 0.75156 1.0076 
003 0.186018	1.24136 1.24108 1.07721 1.1008 1.02673 1.16686 1.16192 1.04889 1.09026 1.0196 
004 0.09958	0.471908 0.757238 0.852897 0.864968 0.799983 0.8541 0.71162 0.843561 0.743012 0.935067 
005 0.12609	0.588912 0.860721 0.977439 0.981855 0.909547 0.979976 0.914198 0.978403 0.903218 1.06495 
006 0.139186	0.963307 1.01946 1.03181 1.01708 1.09831 0.962155 1.07044 0.779069 1.39961 1.141 
007 0.116922	2.23881 1.2157 1.05444 1.18521 0.944272 1.02164 1.13018 1.2073 0.921802 1.01809 
010 0.208787	0.656847 0.828371 0.873235 0.917704 0.914065 0.900561 0.878993 0.859977 0.852469 0.919937 
011 0.10982	1.23578 1.06213 1.08442 1.03841 1.22641 1.06898 1.36048 0.833535 1.62774 1.14011 
012 0.066462	1.93028 1.12652 0.987024 1.0799 0.969723 1.01338 1.21563 1.36834 0.81917 1.05476 
013 0.12303	1.33574 0.993677 0.946496 0.959995 0.935525 1.05993 0.983846 1.08989 0.840407 0.960866 
014 0.234248	0.87641 1.02587 0.986864 0.992988 1.05106 0.99143 1.01912 0.951551 1.10166 0.980651 
015 0.0884699	0.605255 0.775647 0.930427 0.958988 0.834619 1.04087 0.834935 1.26365 0.618255 0.941896 
016 0.0948831	2.34995 1.30082 1.09075 1.1493 1.19924 1.16006 1.35184 0.925946 1.45155 1.07469 
017 0.0743004	0.435503 0.766929 0.797694 0.83191 0.809082 0.888228 0.697822 0.942242 0.627058 0.835957 
100 0.303806	0.7695 0.884539 0.907175 0.87622 0.896696 0.924711 0.83439 1.01493 0.698897 1.01624 
101 0.0750376	0.566253 0.921813 0.924213 0.850363 1.00904 0.919411 0.846956 0.779532 1.09709 1.18098 
102 0.0609905	1.33782 0.986441 1.07656 1.05323 1.07031 1.09595 1.1794 1.08311 1.12565 1.29115 
103 0.115746	0.983059 0.86091 1.04679 0.976733 0.92513 1.1631 1.02313 1.25975 0.827059 1.17037 
104 0.122913	1.99034 1.26405 1.03359 1.02909 0.974892 1.00777 1.18582 1.1084 0.973853 1.10883 
105 0.0644306	1.55795 1.11647 1.07108 0.92934 1.22393 1.11888 1.16264 0.909062 1.39187 1.33334 
106 0.0726009	1.50679 1.17324 1.17454 1.10168 1.29322 1.17724 1.34231 0.871799 1.83128 1.48787 
107 0.184476	0.899173 1.05991 1.08272 1.01631 1.14207 1.02285 1.08347 0.984922 1.24978 1.18259 
110 0.0965095	0.812477 0.804204 0.850342 0.925361 0.832542 1.00869 0.748556 1.24144 0.525447 0.949769 
111 0.189299	0.977867 0.907184 1.02631 0.95481 1.2057 1.0607 1.07108 0.816337 1.21433 1.05715 
112 0.154174	1.27942 1.04119 1.05532 1.09392 1.06074 1.23195 1.14357 1.19649 0.940306 1.20599 
113 0.171791	1.32304 1.02132 0.960366 0.953805 1.11596 1.00655 1.02351 0.977285 0.935867 1.05103 
114 0.0716344	0.608534 0.91693 0.843399 0.9157 0.923092 0.821519 0.757957 0.949823 0.685494 0.869605 
115 0.0896524	0.735063 0.829919 0.903097 0.868434 1.03328 0.920967 0.841395 0.797584 0.904885 1.02759 
116 0.0622606	1.06841 0.954068 0.976579 1.0013 0.906089 1.00131 0.905856 1.37455 0.652097 1.03248 
117 0.164679	1.82748 1.0764 1.1016 1.05054 1.21895 1.12017 1.30484 0.963357 1.55846 1.27013 
0000 0.125874	0.846849 1.01895 1.08899 0.974677 1.04677 0.986708 1.06856 0.856141 1.12383 1.1367 
0001 0.169231	2.02828 1.13773 1.0661 1.10493 1.04338 1.22287 1.23748 1.02247 1.07522 1.00098 
0002 0.148252	0.885604 0.924782 0.864322 0.944871 1.01217 0.936708 0.850027 0.866765 0.732393 0.917907 
0003 0.102098	0.603066 0.922736 0.986103 0.936301 0.955721 0.997708 0.893145 0.883616 0.843314 0.936453 
0004 0.107226	0.738193 0.920396 0.927803 1.01339 0.716183 1.0084 0.795521 1.26354 0.561681 1.03567 
0005 0.192541	1.26955 1.04138 0.971886 0.97027 0.961348 1.02236 1.00353 1.03999 0.783466 1.06227 
0006 0.0885781	1.18886 1.21545 1.03135 1.06511 1.2834 0.926994 1.17974 0.662389 1.47632 1.02475 
0007 0.0662005	0.780501 1.16319 1.1555 0.974487 1.20021 1.07749 1.18242 0.836289 1.43307 1.15344 
0010 0.0597291	1.14857 0.964707 0.951337 0.954731 0.993996 0.973518 0.833793 0.928231 0.830374 1.03716 
0011 0.0942118	0.676927 1.01909 1.04958 1.15183 1.05459 1.01216 1.02643 0.787612 1.2716 1.08906 
0012 0.189655	1.78658 1.34443 1.02692 1.2086 1.22783 1.11814 1.14187 0.920927 1.38429 1.12889 
0013 0.0905172	1.20999 1.07506 1.02531 1.12436 0.890475 1.26119 0.980465 1.23062 0.795586 0.967114 
0014 0.0880542	1.9983 1.12418 1.09543 1.18931 0.958183 1.109 1.03432 1.26941 0.910083 1.14822 
0015 0.235837	0.664677 0.94354 0.98968 0.9457 1.07805 0.940224 0.855937 0.703201 1.15134 0.864347 
0016 0.152094	0.60593 0.836727 0.931812 0.927814 0.806432 1.01098 0.777202 0.972942 0.658332 1.01279 
0017 0.0899015	0.901656 0.921469 1.12001 1.09794 0.932695 1.14159 1.05745 1.07534 0.949177 0.911862 
0020 0.246445	1.10475 0.98814 0.920145 0.983706 0.966496 0.977872 0.953135 1.06937 0.939842 0.974537 
0021 0.0696961	1.35586 1.23423 1.04421 1.0058 1.27186 0.981098 1.19672 0.815551 1.47338 1.26922 
0022 0.12378	0.7452 0.93574 0.852903 0.87057 0.934974 0.879149 0.817065 0.852136 0.750512 0.903442 
0023 0.101199	1.95571 1.33822 1.05733 1.22478 1.1576 1.08236 1.31074 0.987405 1.429 1.12276 
0024 0.129635	0.824376 0.910513 1.04438 0.984605 1.10392 1.1102 1.00225 0.853403 1.21922 1.14716 
0025 0.158071	1.02796 1.16207 1.02789 1.08863 1.05338 1.21753 1.03678 1.18494 1.15405 1.05838 
0026 0.0518539	1.34982 1.13693 0.866802 0.993669 1.17117 0.942451 1.00436 0.793951 1.19682 1.05353 
0027 0.11932	0.570866 0.72563 0.812444 0.917118 0.774973 0.950527 0.677775 1.16055 0.529235 0.686982 
0030 0.0640932	0.642519 0.789809 0.919938 0.985633 0.819319 0.94163 0.725473 1.10886 0.679136 0.959778 
0031 0.302501	1.14866 0.970585 1.09704 0.94079 1.1428 0.972511 1.12251 0.946411 1.32503 1.14888 
0032 0.102452	1.44869 0.913614 0.942538 1.01215 0.969358 0.925616 0.959412 0.992944 1.03571 0.951241 
0033 0.100995	2.00451 1.13876 1.16538 1.17287 1.06758 1.05415 1.27314 1.05154 1.44466 1.35383 
0034 0.127458	0.814002 0.902275 0.928139 1.01058 0.882557 0.793786 0.889499 0.907024 0.896581 0.973627 
0035 0.12503	0.680299 0.778916 1.12943 1.00514 0.965303 0.97351 0.972615 1.0732 1.12763 1.1058 
0036 0.0900704	1.22391 0.935965 0.994341 1.00948 0.910137 0.884378 0.862616 1.21277 0.714571 0.761582 
0037 0.0873999	0.544367 0.761593 0.954277 0.781017 0.867237 0.919056 0.76612 0.821046 0.82446 0.933673 
0040 0.101587	1.00443 0.932869 0.935781 1.00675 0.921013 1.06805 0.963801 1.13052 0.707312 0.942985 
0041 0.0539683	0.614534 0.871533 0.981848 0.97238 0.891835 0.889972 0.949941 1.24827 0.77343 1.00759 
0042 0.168707	0.957961 1.07156 1.01349 1.04533 0.996679 0.863002 1.04498 1.25276 0.778973 0.884886 
0043 0.210884	0.894286 1.01498 0.939011 1.02314 1.13228 0.871033 0.9567 0.933243 1.07683 0.993043 
0044 0.162358	0.991012 1.12535 1.08232 1.14359 1.22565 1.05567 1.13607 0.883872 1.62792 1.20074 
0045 0.0929705	0.543814 0.940939 0.918759 0.935481 1.00087 0.87312 0.840356 0.836459 0.866707 0.791027 
0046 0.15873	2.03322 1.16206 1.05372 1.1701 1.12208 1.10818 1.2882 1.04816 1.3136 1.14121 
0047 0.0507937	0.738761 0.744781 0.882005 0.960133 0.793639 0.99817 0.730543 1.53918 0.43003 0.778857 
0050 0.0533668	0.836512 1.16584 1.15807 0.985091 1.23358 1.08042 1.22993 0.788732 1.51967 0.930124 
0051 0.152937	1.2442 1.04952 1.08135 0.992351 0.898575 1.14514 0.952474 1.28232 0.885085 0.830395 
0052 0.0762894	1.17437 1.08271 0.920833 0.975931 1.1258 0.9751 1.02601 0.737251 1.14535 0.808419 
0053 0.125358	1.60873 1.4018 1.24246 1.1134 1.12526 1.09143 1.36241 0.951 1.54048 1.10945 
0054 0.141117	1.10681 1.15405 1.0583 1.00657 1.06731 1.01532 1.0942 0.954489 1.14843 0.97292 
0055 0.197708	0.691865 0.826191 0.930577 0.882974 0.849124 0.94716 0.790287 1.05582 0.596723 0.794379 
0056 0.0931232	0.624926 0.842665 0.95796 0.965844 0.925865 0.990517 0.869183 0.974893 0.888552 1.01214 
0057 0.1601	0.8956 0.96435 1.0854 0.976009 1.04253 1.05445 1.01399 0.982555 1.03578 0.858532 
0060 0.0730045	1.22726 1.07501 0.845509 1.02031 0.968028 0.83666 0.958658 0.950023 0.783517 0.947833 
0061 0.131408	0.943089 1.06662 1.10235 1.00497 1.11533 1.14354 1.24242 0.933178 1.3025 1.12473 
0062 0.0905256	0.659307 0.939688 0.801167 0.894349 0.897004 0.907175 0.766981 1.09577 0.584218 0.756557 
0063 0.167099	0.749875 1.07736 0.976218 0.968228 1.00929 0.974685 0.976893 0.870912 0.976925 0.956824 
0064 0.197599	0.879392 0.976444 1.09568 0.987596 0.929338 1.07873 1.09722 1.21157 0.893861 1.10612 
0065 0.136275	0.548173 0.87082 0.925932 0.96644 0.876434 0.942458 0.826257 0.849144 0.848871 0.993629 
0066 0.138546	1.48163 1.25226 1.09626 1.02222 1.12025 1.05726 1.17085 0.799969 1.27977 0.88688 
0067 0.0655419	1.59917 1.21649 0.921005 0.981989 0.946554 0.940562 0.950383 1.05738 0.808874 0.695216 
0070 0.0382387	2.10554 1.22098 0.989895 1.07199 1.03665 0.943738 1.23761 1.2874 1.05164 0.808585 
0071 0.103901	1.31674 1.19911 1.13188 1.11196 1.16429 1.11178 1.22887 1.19924 1.23525 0.935738 
0072 0.138664	0.879792 0.99041 1.00185 1.05343 0.868822 0.949048 0.976049 1.41209 0.796721 0.892234 
0073 0.135574	1.81814 1.32751 1.11194 1.06108 1.17395 1.28794 1.37688 0.90428 1.6471 1.18233 
0074 0.0857474	1.01553 1.1593 1.12082 1.0212 1.19956 1.18992 1.22165 0.790519 1.49608 1.30785 
0075 0.190035	0.538034 0.72106 0.810696 0.865657 0.951293 0.842487 0.77155 1.00503 0.809873 0.941445 
0076 0.122441	0.687153 1.05156 1.05614 0.982827 0.976121 1.0508 0.961378 1.11544 0.846892 0.924239 
0077 0.1854	0.924551 1.06918 0.920531 0.973567 1.08764 0.904697 1.0473 0.850779 1.19195 0.976928 
0100 0.0577579	1.47248 1.27459 1.1112 1.04868 1.14363 1.2142 1.21826 1.08423 1.19745 1.14866 
0101 0.0966133	1.01879 1.00064 0.912743 1.02763 0.903004 0.913975 0.868803 1.27482 0.770096 1.14394 
0102 0.0951693	0.869866 1.08042 1.11792 1.01767 1.24476 1.10223 1.05104 1.03471 1.43618 1.06296 
0103 0.112759	1.87523 1.24991 1.1298 1.16475 0.970664 1.1657 1.10224 1.2385 0.870055 0.993425 
0104 0.190339	0.760775 0.991617 1.03521 0.954949 0.970126 0.975076 0.837915 1.14148 0.798535 0.859203 
0105 0.119585	0.463268 0.791248 0.930056 0.869713 1.01926 0.882549 0.764043 0.886334 0.898703 0.800889 
0106 0.101995	1.28909 1.21248 1.20447 1.17063 1.28692 1.01072 1.37305 0.920262 1.74502 1.29389 
0107 0.225781	1.02723 1.18467 1.01496 0.978873 1.073 0.982994 1.0757 0.953321 1.15921 1.02313 
0110 0.151235	1.35617 1.19404 1.1668 1.15304 1.08669 1.18291 1.25025 1.05144 1.22193 1.23387 
0111 0.119291	0.637383 0.834404 1.01642 0.87412 0.992865 1.06667 0.873674 0.863481 1.0918 1.06041 
0112 0.0793611	0.586003 0.946712 0.848179 0.908501 1.00254 0.819045 0.761372 0.842219 0.920452 0.803213 
0113 0.0913402	1.05851 1.25283 1.19679 1.04587 1.1848 1.14954 1.07241 0.836511 1.42086 1.07265 
0114 0.116296	1.1696 1.43509 1.06892 1.07551 1.36771 0.963272 1.16581 0.701178 1.72393 1.09875 
0115 0.19416	0.655171 0.966748 1.01864 1.0492 0.866686 1.02516 0.793666 1.18237 0.697082 0.978914 
0116 0.135513	1.49552 1.15756 1.07424 1.00626 0.935358 1.06872 0.984742 1.14558 0.817679 1.02685 
0117 0.112803	1.19993 1.1318 0.95226 1.03002 0.985864 0.956595 0.981379 1.08216 1.04263 1.02031 
0120 0.0742268	0.939307 1.08011 1.22179 1.15934 1.09455 1.10265 1.21142 0.797218 1.6641 1.0259 
0121 0.109278	2.00016 1.34513 1.1683 1.19348 1.07038 1.17203 1.21566 0.94714 1.3486 1.0626 
0122 0.0948454	1.13246 1.08152 1.15429 1.12169 1.00244 1.27538 1.19633 1.0699 1.25876 0.928932 
0123 0.118351	1.22209 1.17492 0.940603 1.07469 1.10326 1.03172 0.945862 0.823777 1.28246 0.985613 
0124 0.300206	0.59424 0.885811 1.03238 1.00111 0.976109 1.04161 0.879781 0.915822 0.971407 1.03341 
0125 0.115052	0.760934 0.820083 0.918769 1.09812 0.784142 0.983005 0.835817 1.33494 0.67821 0.936489 
0126 0.118351	0.964864 0.935266 1.01069 1.00603 0.919297 1.06424 0.84593 1.13725 0.821545 0.686157 
0127 0.0696907	1.24192 0.929122 0.974565 0.98908 0.894786 0.938682 0.857314 1.07057 0.794824 0.971927 
0130 0.167521	1.25669 1.1219 1.15438 1.11072 1.18876 0.98837 1.23119 1.04829 1.42143 1.13533 
0131 0.0599243	1.03706 1.06374 0.849535 1.03885 0.915563 0.773567 0.804924 0.966589 0.79312 0.926518 
0132 0.0915571	0.564821 0.951127 0.920807 0.951856 0.928888 0.779546 0.790239 0.954522 0.847708 0.958687 
0133 0.131432	0.701155 0.90799 1.00373 0.966793 1.07791 0.986287 0.945231 0.8129 1.19386 1.06683 
0134 0.0570283	1.43476 1.22041 0.985006 0.916653 1.18477 0.950532 1.11879 0.813023 1.36288 0.931767 
0135 0.182892	1.14313 1.09057 1.00925 1.09384 1.07919 0.97819 1.00136 0.829694 1.15807 1.03258 
0136 0.0773001	1.97881 1.24688 1.07034 1.22625 1.05132 1.04374 1.26129 1.14252 1.19584 1.06283 
0137 0.232346	0.875458 0.933297 1.07566 1.08838 0.842453 0.92824 0.963008 1.19969 0.765757 0.929577 
0140 0.201825	1.2332 1.0164 0.985325 0.970982 0.960764 1.10427 1.0909 1.1726 0.793828 0.91565 
0141 0.0919621	0.601728 0.798521 0.846032 0.975019 0.882952 0.770822 0.786347 0.989546 0.724964 0.844078 
0142 0.0858781	1.63725 1.26915 1.07973 1.04405 1.22362 1.14029 1.40762 0.850439 1.48133 1.07867 
0143 0.108576	0.778676 0.773781 0.991827 0.927982 1.07936 0.991834 0.947522 0.822065 1.08844 1.07816 
0144 0.0820171	1.98396 1.06147 1.03346 1.12494 0.960461 0.953955 1.24873 1.0969 0.932898 0.954921 
0145 0.0774541	1.31504 1.12361 0.94637 0.919055 1.10079 0.93854 1.0055 0.834553 1.21359 0.965638 
0146 0.22464	0.905342 0.911703 0.879731 0.984378 0.925013 0.928984 0.925786 0.971116 0.734474 0.945136 
0147 0.127647	0.919883 0.985146 1.1055 1.03118 1.12958 1.12719 1.12317 0.804425 1.23887 1.09261 
0150 0.0560719	2.12247 1.04224 1.11697 1.01866 1.14127 1.14337 1.2561 0.850836 1.40953 1.22421 
0151 0.0628872	1.80033 1.21242 1.13379 1.11785 1.0394 1.1686 1.28422 1.33247 0.989449 1.11337 
0152 0.0762082	0.528267 0.916165 1.00071 0.884246 1.06548 0.946095 0.87256 0.764941 1.25182 0.976481 
0153 0.186493	0.655916 0.920007 1.05962 0.998207 0.993048 1.03929 0.97124 0.926036 1.09045 0.947645 
0154 0.106258	0.940813 1.05707 1.20586 1.04944 1.07097 1.19005 1.2141 0.849746 1.53913 1.2651 
0155 0.184325	0.905548 0.799623 0.908676 0.883004 0.923001 0.891816 0.82567 0.798884 0.92299 0.886669 
0156 0.216853	1.10237 1.00597 0.913755 0.950158 0.913696 0.950365 0.933276 1.23738 0.708991 0.860832 
0157 0.110905	1.4403 1.15669 1.04079 0.957351 1.04289 0.954546 1.08699 0.941908 1.23479 1.00966 
0160 0.079145	1.41386 1.17345 0.968035 1.0139 0.991562 0.976024 1.05001 1.18111 0.732162 0.969043 
0161 0.147603	0.549842 0.882352 0.856344 0.949267 0.872603 0.874154 0.746463 0.986385 0.693597 0.825037 
0162 0.044483	0.590744 0.979052 0.877359 0.883139 1.12043 0.660862 0.858666 0.703091 1.26642 1.06728 
0163 0.159157	1.91226 1.33728 1.01623 1.1336 1.16461 1.04747 1.32324 1.02101 1.30527 1.24327 
0164 0.059792	1.16759 0.864773 0.919929 0.866974 0.956397 0.857607 0.874063 1.07753 0.845135 1.05151 
0165 0.207683	0.974732 1.10391 1.06596 0.928317 1.21505 0.908623 1.18084 0.900694 1.42078 1.1363 
0166 0.156557	0.906359 1.03384 1.01078 1.02445 0.945964 0.957673 0.963908 0.986775 0.864299 0.824418 
0167 0.145581	0.727977 0.931273 0.99133 0.87861 1.0511 0.896076 0.92774 0.961634 0.960135 1.04122 
0170 0.0678716	1.02886 1.03638 0.894141 1.06883 1.07491 0.804006 0.986355 1.0174 0.88431 0.935237 
0171 0.144227	0.776497 0.886547 0.961065 0.991563 0.966798 0.944129 0.882412 1.11684 0.816108 0.833915 
0172 0.188491	1.53907 1.08134 1.07561 1.04451 1.06721 1.05092 1.2276 1.04283 1.17617 0.999863 
0173 0.128735	0.959675 0.990883 0.97983 1.03714 1.07266 0.876865 0.94514 0.920785 1.03187 1.02914 
0174 0.142014	0.925457 1.00833 1.1314 0.990788 1.25082 1.01832 1.10143 0.697303 1.51515 1.16364 
0175 0.0933235	0.760372 0.747563 0.977727 0.888589 0.921417 0.988056 0.791959 0.933593 0.782286 0.851718 
0176 0.097381	0.590846 0.877082 1.02859 0.951562 1.20781 0.858751 0.859676 0.682515 1.22775 1.0521 
0177 0.137956	1.32003 0.995661 0.997312 1.15993 0.854688 0.914945 0.963529 1.44463 0.574635 0.796628 
1000 0.0823307	2.25972 1.16285 1.13284 1.1641 0.975759 1.00396 1.16044 1.20302 1.09516 0.978315 
1001 0.101203	1.72214 1.28253 1.00885 1.10656 1.18714 0.924038 1.21382 0.966724 1.35019 1.14926 
1002 0.174569	0.711304 0.859852 0.948642 0.982535 0.94139 0.879273 0.795505 0.963139 0.93229 0.776167 
1003 0.0471809	0.53201 0.849115 0.926494 1.01114 0.825683 0.846088 0.720743 1.3091 0.665074 1.04631 
1004 0.0844539	1.09715 0.902984 0.842856 1.00979 0.952801 0.873563 0.924181 1.04813 0.85653 1.01195 
1005 0.202878	1.06169 1.03691 1.13562 1.11575 1.14836 1.12228 1.11141 0.982733 1.51599 1.07091 
1006 0.211371	0.881945 0.894029 1.02868 0.964526 0.9891 1.00925 0.952526 1.03917 1.05471 0.975935 
1007 0.0960132	1.26836 0.913474 1.02991 1.17727 0.837868 0.998339 1.02156 1.62032 0.752808 0.880898 
1010 0.0850048	0.629241 0.896248 1.02016 0.986711 1.2335 0.887567 0.943347 0.793853 1.18363 0.982065 
1011 0.0382044	2.21133 1.1241 1.13676 1.26232 1.16116 1.07646 1.23412 1.14808 1.16485 0.933302 
1012 0.145177	1.07796 0.948423 1.14644 0.98309 1.23982 1.19533 1.20083 0.864834 1.40874 1.09714 
1013 0.155683	1.37887 1.08369 1.06556 1.10106 1.04948 1.03119 0.99825 1.28355 0.882911 0.878865 
1014 0.188157	0.750279 0.782911 0.972283 0.88393 0.95418 0.940189 0.843317 0.983053 0.938859 0.945117 
1015 0.0582617	1.43479 1.18487 1.14753 1.0279 1.19254 0.995016 1.18375 0.838457 1.50179 0.923165 
1016 0.169054	0.598813 0.680949 0.916902 0.935199 0.858754 0.840728 0.734861 1.16233 0.629083 0.926632 
1017 0.160458	1.01673 0.908117 1.0602 0.953041 1.13012 0.950273 1.00735 0.889783 1.08808 1.05677 
1020 0.130435	0.989817 0.994915 1.07035 1.0052 0.928039 0.996402 1.10234 1.13748 1.12812 1.2262 
1021 0.122209	0.693881 0.937837 0.87974 0.982644 0.832925 0.95409 0.784625 1.13552 0.632703 0.814374 
1022 0.317274	1.01929 1.05686 0.923526 0.953317 0.874654 1.1149 0.914252 1.14119 0.79604 1.03413 
1023 0.105758	0.505812 0.772617 0.855985 0.765791 0.886666 0.946685 0.730624 0.987044 0.778996 0.813286 
1024 0.0846063	0.771 0.877361 0.934327 0.838126 0.991493 1.0034 0.907177 0.814776 1.16459 0.969839 
1025 0.0646298	1.87486 1.26874 1.22527 1.00421 1.0121 1.25204 1.33778 1.16913 1.32983 0.957491 
1026 0.092832	1.05241 1.11399 1.02294 0.919746 1.1906 0.976052 1.12459 0.761647 1.3827 0.974288 
1027 0.0822562	1.66087 1.24884 1.05396 1.1024 0.974049 1.06436 1.08294 1.34981 1.00116 0.921071 
1030 0.189474	0.604974 0.924994 0.871095 0.898561 0.869357 0.883187 0.853094 1.01333 0.761983 0.899117 
1031 0.0563467	1.55973 1.0104 0.962839 1.04305 0.942652 0.899657 1.14563 1.18896 1.0189 1.12106 
1032 0.157276	1.03217 0.988441 0.965249 0.978701 1.05983 1.00924 1.11499 0.727683 1.31199 1.1354 
1033 0.139938	1.22007 1.11739 0.970066 0.968579 0.923989 0.935447 0.890729 1.1419 0.725986 1.07894 
1034 0.160372	0.689538 0.967923 1.02004 0.963289 1.09828 0.901584 0.929987 0.904916 1.15052 1.02455 
1035 0.100929	1.10964 1.0567 1.05628 0.944546 0.967145 0.952395 0.93694 0.991625 1.00025 0.978942 
1036 0.131269	1.50274 1.28162 1.029 1.16761 1.06455 0.934208 1.22683 0.980491 1.15927 0.922626 
1037 0.0643963	2.29238 1.19911 1.05369 1.15628 0.962917 1.15975 1.16181 1.34065 0.856106 0.861211 
1040 0.0822157	0.738804 0.741466 0.973008 0.903611 1.09527 0.919349 0.82345 0.762409 1.1308 1.01842 
1041 0.0833819	1.26306 0.94351 1.01753 0.944666 1.09339 0.939319 1.07865 1.01406 1.08814 1.03143 
1042 0.0478134	1.44383 0.885668 0.9479 0.951698 0.997819 1.04464 0.928563 1.43362 0.788452 0.856095 
1043 0.234985	0.71828 0.849654 1.02963 1.12112 0.983869 1.04333 0.947457 1.08243 1.05307 1.06981 
1044 0.193003	0.625846 0.788369 0.898122 0.947573 0.908467 0.926085 0.770617 1.14529 0.748936 0.845491 
1045 0.0717201	2.48786 1.3704 1.08508 1.18532 1.25313 1.15305 1.28892 1.1674 1.32623 0.931748 
1046 0.124781	1.13776 0.947783 0.953313 1.11138 0.996545 1.07868 0.936848 1.48333 0.762507 0.966038 
1047 0.162099	1.37433 1.01758 1.16392 1.16251 1.16554 1.19401 1.31102 0.934739 1.53337 1.33885 
1050 0.167964	0.763518 0.961647 0.982199 0.990934 1.01041 0.838093 0.989331 0.867862 1.19639 0.713194 
1051 0.176863	0.767321 0.93563 0.98518 1.11656 0.80075 0.958374 0.817244 1.01856 0.745273 0.846925 
1052 0.103448	1.61861 1.12998 1.12952 1.19142 1.03205 1.00719 1.37947 1.16545 1.28966 1.01583 
1053 0.054505	0.816266 1.0226 1.07568 1.10691 1.10082 0.793228 1.07711 0.79429 1.47544 1.16165 
1054 0.153504	0.903395 0.992795 0.950655 1.04025 0.952912 0.944871 0.993746 0.896144 0.919082 0.924692 
1055 0.152392	1.38005 1.08176 1.06474 1.19655 0.96777 1.13488 1.20856 0.939829 1.25653 0.989735 
1056 0.0367075	0.687015 0.765289 0.872006 0.978922 0.824837 0.827409 0.717803 1.02719 0.647449 0.89369 
1057 0.154616	1.2931 1.12384 1.00631 1.1181 0.849689 0.957622 1.09333 1.06599 0.860651 0.863575 
1060 0.0691017	1.53401 1.37835 1.13896 0.990907 1.26141 0.9967 1.44933 0.87694 1.8736 0.880903 
1061 0.145114	1.19447 1.19712 0.986152 1.03004 1.01805 0.889471 1.06234 0.880578 1.10347 1.07667 
1062 0.0927937	0.611028 1.07301 1.06387 1.08008 1.20565 0.843993 1.07681 0.827672 1.42035 0.927288 
1063 0.0957552	0.821033 1.1134 1.06024 1.01293 1.00804 0.985685 1.13366 0.931326 1.04906 1.01962 
1064 0.102665	2.2131 1.20188 1.08808 1.06424 1.0207 1.10647 1.43653 1.17402 1.24975 1.07066 
1065 0.166831	0.956401 0.922866 0.951499 0.947332 0.912835 1.24177 1.04533 1.37413 0.730653 0.903151 
1066 0.144126	1.27396 1.14379 0.97859 0.91668 0.922917 0.938858 0.952331 1.12224 0.746172 0.885718 
1067 0.183613	0.557397 0.842734 1.02653 0.881646 0.887403 0.899184 0.789075 0.86536 0.904374 0.904118 
1070 0.0703186	0.372064 0.690389 0.850085 0.897253 0.76124 0.906682 0.696938 0.947236 0.725964 0.874421 
1071 0.18143	1.65907 1.13869 1.03715 1.075 0.997428 0.938371 1.16429 1.12363 1.09393 1.02148 
1072 0.166278	0.974323 1.0153 1.09054 1.12477 1.19265 1.0138 1.22698 0.874702 1.48483 1.18364 
1073 0.042735	0.937467 0.956749 1.01223 1.08675 0.857592 1.09787 0.917363 1.17256 0.669394 0.772671 
1074 0.182984	0.818113 0.806445 1.02913 0.911778 1.00027 1.1065 1.04619 1.01386 1.06875 1.19994 
1075 0.149184	0.66114 0.750202 0.913933 0.860974 0.869583 0.877493 0.882848 0.795584 1.00861 0.946559 
1076 0.0516706	0.720678 0.879467 0.857572 0.950975 0.923771 0.917411 0.843841 1.09174 0.687267 0.741959 
1077 0.1554	1.16804 0.905374 0.886208 1.01856 0.814771 0.903872 0.911117 1.09195 0.759419 0.885461 
1100 0.0680272	1.04489 1.1906 1.15876 0.998106 1.1579 1.12162 1.23016 0.949928 1.47697 0.933802 
1101 0.220711	0.645428 0.874753 0.935762 0.944081 1.03749 0.868926 1.01481 0.754492 1.03102 0.961687 
1102 0.0782313	1.92216 1.18956 1.06162 0.954179 0.992227 1.0846 1.2627 1.09258 1.21923 0.965536 
1103 0.0823885	1.00108 0.837762 0.953776 1.03138 0.864148 0.9029 0.953503 1.30285 0.772813 0.888182 
1104 0.0967498	0.975416 1.12253 1.08705 1.01026 1.18178 0.914425 1.22759 0.813759 1.65746 1.0124 
1105 0.20068	0.826455 1.08424 1.04643 0.991061 1.04237 0.903067 1.1329 0.996429 1.08014 0.997909 
1106 0.0718065	0.731615 0.9132 1.04999 0.944032 1.03744 1.06894 1.06236 1.06037 1.08312 1.03647 
1107 0.181406	0.516768 0.919552 0.877306 0.957492 0.847045 0.878138 0.688682 1.04446 0.655174 0.786865 
1110 0.111368	1.51742 1.40867 1.09123 1.09123 1.0126 1.11554 1.27231 1.1352 1.21555 1.21699 
1111 0.0531792	1.31377 1.36161 1.12678 1.20364 1.0749 1.12019 1.21354 1.15083 1.23039 1.14331 
1112 0.186898	1.12556 1.06912 1.02193 1.06833 0.94872 1.05296 1.02105 1.10569 0.944474 1.07784 
1113 0.255106	0.893337 1.13111 1.09509 0.990277 1.11528 0.998242 1.07762 0.837814 1.40492 1.18636 
1114 0.0560694	0.480024 0.915805 0.871612 0.894854 0.797809 0.747758 0.733934 1.06752 0.767595 1.06062 
1115 0.0581888	0.506426 0.888365 1.01293 0.898424 0.83046 1.06642 0.858261 0.889136 0.999788 1.18721 
1116 0.0934489	0.64588 0.815813 0.882309 0.878834 0.858171 0.880208 0.779546 1.02824 0.759627 0.774476 
1117 0.185742	0.778233 0.99999 0.882877 0.956742 1.00316 0.889518 0.905932 0.783792 1.07437 1.01868 
1120 0.164419	0.713792 0.932188 0.975633 0.893629 0.907126 0.927521 0.906438 0.981092 0.987913 1.02528 
1121 0.188313	0.58612 0.800085 0.900033 0.87167 0.912074 0.871594 0.768036 0.921777 0.818464 0.842372 
1122 0.0447126	0.89637 0.999782 1.09521 0.92461 1.20325 0.929966 1.21876 0.7841 1.63475 1.25048 
1123 0.144784	1.79182 1.05507 1.08866 0.987306 0.969462 1.07718 1.10325 1.16542 0.981448 0.999123 
1124 0.125858	0.869064 1.11254 1.08049 1.02853 1.02432 0.939323 1.06932 0.994285 1.19763 0.917179 
1125 0.132955	0.914228 0.823162 0.986823 1.0655 0.8738 0.989474 0.937674 1.10812 0.880335 0.878879 
1126 0.124675	0.737546 0.923616 1.00247 0.848531 1.06836 1.07887 0.894151 0.788719 1.06706 0.866226 
1127 0.0742844	2.13357 1.21951 1.16052 0.95091 1.07997 1.19779 1.33559 1.07677 1.36175 1.01098 
1130 0.058811	2.33351 1.4055 0.98349 1.18166 1.07162 1.09874 1.2354 1.14489 1.12295 0.969202 
1131 0.201062	0.620586 0.879504 0.990553 0.955492 0.796692 0.999688 0.808133 1.12215 0.853192 0.978814 
1132 0.147983	1.36584 1.20502 1.06831 1.22051 0.953406 1.04236 1.06837 1.3123 0.950104 1.09005 
1133 0.103609	1.47992 1.07799 1.14368 1.10506 1.03108 1.10495 1.14839 1.01415 1.13575 0.966506 
1134 0.214862	0.749118 0.955961 0.964787 1.15653 0.973961 0.95375 1.0174 1.07617 1.00878 0.941829 
1135 0.0477707	0.891376 1.06002 0.914428 1.03362 1.04657 0.828145 1.09372 0.897201 1.18259 1.10266 
1136 0.157749	0.643926 0.857701 0.943059 1.00894 0.977748 0.95348 0.8782 0.83905 1.08135 0.915606 
1137 0.0681529	1.44925 1.15029 1.06495 1.04449 1.1797 1.02696 1.3142 0.90304 1.67244 1.06642 
1140 0.151222	1.29212 0.920876 1.06408 1.03434 1.08999 1.19228 1.14104 1.08156 1.13586 1.20086 
1141 0.0814664	1.18256 0.966259 0.933917 1.04264 0.915716 0.925203 0.879699 1.15227 0.641491 0.790488 
1142 0.0641548	1.29992 1.13437 0.984324 1.08681 1.24877 1.01104 1.20817 0.813678 1.57533 0.981713 
1143 0.156823	0.793303 0.800592 0.830687 0.848906 0.949429 0.910674 0.758002 0.842095 0.733523 0.802707 
1144 0.193992	0.631424 0.807411 0.945861 0.940591 1.07659 0.897634 0.895947 0.885059 1.07624 1.1207 
1145 0.10947	1.08643 0.952178 0.95135 0.93004 0.940144 1.12789 0.841385 1.10816 0.705265 0.93575 
1146 0.183809	2.1918 1.06741 1.06477 1.04958 1.0355 1.01272 1.1247 1.1865 1.15642 0.963257 
1147 0.0590631	0.822977 0.95923 1.18582 0.964308 1.16167 1.1977 1.08664 0.797949 1.34127 1.03995 
1150 0.191212	0.857848 0.900284 0.895289 1.0521 0.899354 0.939394 0.906147 1.25132 0.777028 1.06631 
1151 0.0834011	0.631054 1.07729 0.941933 1.08267 1.01052 0.777945 0.903669 0.99924 1.06187 0.926613 
1152 0.0720098	1.23855 1.22816 1.05929 1.11285 1.25165 1.01337 1.32713 0.877687 1.63774 1.03203 
1153 0.0915378	1.01069 1.2117 0.893635 1.06098 1.002 0.915592 0.988222 0.973747 0.936634 1.0174 
1154 0.0602116	0.542641 0.881295 0.937226 0.969199 1.14146 0.881328 0.916794 0.817042 1.45042 0.993819 
1155 0.259561	0.896917 1.08976 1.02925 1.11713 1.04107 1.03742 1.06149 1.07681 1.1101 1.08404 
1156 0.119609	0.47358 0.883055 0.886895 0.843441 0.89825 0.93635 0.7678 0.874995 0.861242 0.84409 
1157 0.122457	1.75854 1.24574 0.972153 1.17546 1.07656 1.11382 1.1525 1.14191 1.06304 1.01165 
1160 0.149971	1.02879 1.02853 0.997978 1.06159 1.2195 1.11055 1.28296 0.862475 1.54048 1.17552 
1161 0.270064	0.742431 0.869459 1.00204 0.961517 0.982553 1.02398 1.04197 0.945327 1.07741 0.848111 
1162 0.104277	1.24061 1.04904 1.06338 1.17637 0.834773 1.15064 1.11829 1.37362 0.760862 0.87513 
1163 0.0650264	1.46326 1.20721 1.16994 1.12933 0.981805 1.25782 1.29999 1.17299 1.10891 1.16927 
1164 0.106034	1.06763 1.09505 0.938405 1.05014 0.90107 0.92411 0.967707 1.13375 0.811097 0.744558 
1165 0.0972466	2.02132 1.1054 0.959292 1.051 0.990729 1.03518 1.14622 1.03467 1.01758 0.975442 
1166 0.0544815	0.780394 0.978143 0.835677 0.969611 0.91743 0.89212 0.85399 1.14163 0.70888 0.954051 
1167 0.1529	0.878112 0.99219 0.886914 1.01387 0.973311 0.887414 0.874862 0.780379 0.931166 0.85344 
1170 0.0540421	1.0239 1.20025 0.973647 1.09129 0.912797 0.989232 0.849043 1.16146 0.592649 0.783989 
1171 0.100111	2.11826 1.46647 1.12235 1.11437 1.01351 1.3336 1.30549 1.27756 0.908453 0.933526 
1172 0.117829	0.540246 0.996749 0.935337 0.980904 1.00082 0.892881 0.859808 0.819637 0.893862 0.973789 
1173 0.167885	1.23698 1.40402 1.19098 1.12163 1.21176 1.02699 1.29612 0.837561 1.53788 1.05404 
1174 0.0584718	0.673825 0.972928 0.928935 0.911469 0.868117 0.871516 0.811473 1.0283 0.682422 0.815197 
1175 0.152381	0.631068 1.0015 1.0117 0.952263 1.03793 1.1216 0.994918 0.948154 0.90778 0.950394 
1176 0.181174	0.673601 1.16551 1.01323 1.05977 1.13405 0.942398 1.04856 0.826009 1.26476 0.970142 
1177 0.168106	1.15501 1.01571 1.01065 1.0126 0.97455 1.05547 1.09965 1.13844 0.836132 0.878197 
BOUNDS
LWPS R    0.0  0.0  0.0  0.0  0.0  0.0  0.0  0.0  0.0  0.0
UWPS R    0.5  0.5  0.5  0.5  0.5  0.5  0.5  0.5  0.5  0.5
LXAS R   -0.5 -0.5 -0.5 -0.5 -0.5 -0.5 -0.5 -0.5 -0.5 -0.5
UXAS R    0.5  0.5  0.5  0.5  0.5  0.5  0.5  0.5  0.5  0.5
END
