NAME moment_estimations_cluster
ASSETS 10
BENCHMARKS 0.1 0.1 0.1 0.1 0.1 0.1 0.1 0.1 0.1 0.1 
COVARIANCES
0 0 0.475448
1 0 0.0065143
1 1 0.00259407
2 0 -0.015025
2 1 0.00123603
2 2 0.00855392
3 0 0.0426839
3 1 -0.00115074
3 2 0.00219285
3 3 0.0226702
4 0 -0.0362027
4 1 0.000363961
4 2 0.0031614
4 3 -0.00131998
4 4 0.00501845
5 0 0.0423895
5 1 0.00175359
5 2 0.00331908
5 3 0.00816459
5 4 -0.00181624
5 5 0.0100344
6 0 0.0102378
6 1 0.00156511
6 2 0.00267974
6 3 0.000285924
6 4 0.000149005
6 5 0.00231757
6 6 0.00756966
7 0 0.0430322
7 1 0.0041907
7 2 0.00587193
7 3 0.00175175
7 4 -0.00143678
7 5 0.00513858
7 6 0.0104574
7 7 0.037332
8 0 -0.137328
8 1 0.000258339
8 2 0.0107592
8 3 -0.0172758
8 4 0.0143394
8 5 -0.00974227
8 6 0.00460083
8 7 -0.00164311
8 8 0.0594931
9 0 -0.0316308
9 1 0.00141014
9 2 0.00386283
9 3 -0.00485577
9 4 0.00436117
9 5 -0.00226158
9 6 0.00289301
9 7 0.0069613
9 8 0.0165909
9 9 0.00821719
SCENARIOS
0 0.68824	1.53364 1.02287 0.986692 1.04412 0.937943 1.01481 1.02236 1.06848 0.884237 0.990138 
1 0.31176	0.526744 1.01537 1.06519 0.945476 1.10552 0.96895 1.02509 0.959757 1.31518 1.0983 
00 0.5961	1.84411 0.949388 0.942888 1.10552 0.976439 1.04676 0.984038 0.923092 0.85874 0.906864 
01 0.4039	0.585799 0.946048 1.05767 0.944964 1.13559 0.975519 1.04685 1.05562 1.39493 1.05707 
10 0.463754	1.55246 0.951178 1.07882 1.02428 0.97802 1.11329 1.05274 1.2498 1.14628 0.980605 
11 0.536246	1.04034 1.01773 0.893282 0.936309 0.92545 0.995874 0.944201 0.89049 0.968247 0.921522 
000 0.158046	0.611345 0.9985 0.909575 0.875321 0.926635 0.903289 0.972674 0.955717 0.912266 0.915042 
001 0.289792	0.313456 0.981567 1.03772 0.822198 1.07187 0.881327 0.942624 1.07309 1.21069 1.07155 
002 0.137108	1.19667 1.01295 1.20726 1.25453 1.05297 1.16751 1.07228 1.20238 1.00503 0.98704 
003 0.0622045	0.29044 1.0145 1.14823 0.760682 1.16694 0.852434 1.05724 1.11218 1.69714 1.25755 
004 0.109223	1.31486 1.00329 0.941747 0.880767 0.95293 0.999403 0.937336 0.960298 0.893233 0.96391 
005 0.0582801	2.17807 1.08636 0.938158 0.997116 0.904007 1.10989 1.04194 1.09342 0.709654 0.975463 
006 0.0925511	0.155911 0.960422 1.03909 0.981702 1.14813 0.945635 0.863598 0.672567 1.31927 1.03637 
007 0.0927948	4.99146 1.00534 1.06376 1.12796 0.868437 1.18466 0.966879 1.45409 0.56872 0.905646 
010 0.191381	1.58373 1.02856 0.95537 1.10015 0.942561 1.0372 0.95423 0.875901 0.730025 0.935509 
011 0.053601	1.49622 1.0424 1.03023 1.04196 0.959394 1.12771 1.10651 1.04115 1.04272 1.01922 
012 0.0447514	1.63993 1.09769 1.31515 1.26931 0.982834 1.12344 1.16328 1.80037 0.936206 1.09546 
013 0.22185	0.443564 1.05714 1.02551 0.933767 0.987845 0.967107 0.954329 0.798369 1.16366 1.03263 
014 0.141017	2.80702 1.22441 0.949756 0.847942 0.978206 1.03183 1.1163 1.43055 0.898739 1.08536 
015 0.125117	1.2643 1.07602 0.85096 0.798635 0.941525 0.864991 0.904346 0.84192 0.864193 0.999331 
016 0.13411	0.419876 1.1473 1.15413 0.826339 1.15748 0.926316 1.05318 1.05688 1.53651 1.18893 
017 0.0881718	1.72177 1.07671 1.12584 1.25595 0.948789 1.19101 0.919861 1.17262 0.751602 1.01674 
100 0.13598	0.522191 0.98127 1.1533 1.17342 1.13465 1.00788 0.98738 0.759073 1.15064 1.12587 
101 0.16918	1.74137 1.02415 0.926047 1.01163 0.962699 1.01793 0.893184 0.745741 0.744521 0.942877 
102 0.0624568	0.111303 1.05482 1.16079 0.791071 1.11918 0.947203 1.13911 1.16392 1.80256 1.42758 
103 0.145248	0.287094 1.05658 0.951391 0.815369 1.04736 0.874244 0.943096 0.911108 1.14174 1.06921 
104 0.0908839	0.125763 0.97139 0.992518 0.843931 1.07569 0.79233 0.973855 0.703978 1.67439 1.04486 
105 0.060036	0.763115 1.21061 1.07661 0.831224 1.06301 0.964299 1.18506 1.57995 1.05049 1.20423 
106 0.224997	2.51109 1.09344 0.976229 1.18146 0.959134 1.11339 1.05224 1.15834 0.643339 1.10327 
107 0.111219	0.680252 1.06262 1.02467 0.811748 0.954729 0.843731 1.02742 1.09648 1.05936 1.15359 
110 0.118196	0.523325 0.953674 1.0937 0.954323 1.138 0.860167 0.975241 0.893815 1.31668 1.15905 
111 0.0726762	1.28532 1.03074 1.14562 1.21393 1.07682 1.1638 1.07109 1.18586 0.979369 1.16439 
112 0.0831439	0.983442 0.933418 1.00301 1.20225 1.05042 0.976742 0.924187 0.641424 0.912385 0.903623 
113 0.0478526	0.570788 0.856721 1.16375 1.05757 1.07061 1.03646 1.06665 0.808316 1.1702 0.984224 
114 0.218746	1.91567 0.91475 1.03401 0.908237 0.96229 0.977367 1.078 1.3405 0.934317 1.0279 
115 0.126211	0.666862 1.0312 0.900767 0.889592 0.990923 0.853721 0.910468 0.921669 0.950542 1.01057 
116 0.201101	3.05533 1.06174 0.962218 1.2971 0.936027 1.09682 0.987026 1.0267 0.596212 0.841493 
117 0.132073	0.536199 0.982539 1.09878 0.765342 1.13658 0.858428 1.01922 1.05543 1.62651 1.21064 
0000 0.0599938	2.15096 0.925782 0.796628 1.14242 0.966526 0.946043 0.871044 0.789271 0.59749 0.993676 
0001 0.133405	0.758126 1.00218 0.874956 1.22629 1.1115 1.03888 0.798897 0.686644 0.834545 0.997982 
0002 0.0772671	0.88561 1.02356 1.16356 0.922507 1.15874 1.01487 1.20423 1.61767 1.31447 1.22912 
0003 0.0953115	2.31833 0.913273 0.958609 0.981044 0.978744 1.03609 1.04334 1.08805 0.814495 1.0401 
0004 0.0852869	0.682831 1.00692 1.00063 0.862315 1.1671 0.968627 0.910903 0.625137 1.30572 1.0938 
0005 0.126774	3.55525 1.05616 1.03681 1.14194 1.00318 1.08488 1.15839 1.42753 0.818609 1.13876 
0006 0.247995	0.676218 1.07308 1.1212 0.863161 1.09248 0.969397 1.00177 0.959338 1.33848 1.18985 
0007 0.173967	1.2705 1.01573 0.965914 1.12547 1.04982 1.03782 1.03676 0.990303 0.856093 0.96624 
0010 0.0455042	0.602294 1.14376 0.860892 0.861681 1.06041 0.918343 0.792787 0.581979 0.964509 0.900882 
0011 0.19354	0.683061 1.08842 1.02998 0.883884 1.10376 0.944202 0.961656 0.978731 1.21911 1.19804 
0012 0.148372	0.992149 0.96698 1.07836 1.27323 1.02237 1.10905 0.965973 0.857477 1.01884 0.986277 
0013 0.102111	0.378483 1.01815 1.0853 1.05094 1.13717 1.02734 0.999677 0.829694 1.62204 1.16294 
0014 0.133737	3.00432 1.03917 1.09038 1.34581 0.88474 1.28749 1.13151 1.38093 0.83507 1.06494 
0015 0.061906	0.670523 1.07251 0.875257 0.900719 1.03735 0.987194 1.00202 0.613642 1.02243 0.959419 
0016 0.169484	1.17484 1.04432 0.825513 0.981238 1.01151 0.887042 0.920495 0.902736 0.851173 0.864576 
0017 0.145344	3.62993 1.08017 1.03232 1.11933 0.979744 1.16101 0.998808 0.814314 0.830826 0.872413 
0020 0.0643556	0.560078 0.998878 0.906089 1.17262 0.992089 0.9594 0.857571 0.63397 0.751673 0.918375 
0021 0.170133	0.404543 1.04137 0.987895 0.805835 1.14377 0.96528 0.960842 0.86433 1.27908 1.14125 
0022 0.100444	0.451607 1.02632 0.917084 0.847635 1.05014 0.902501 0.81982 0.70989 0.981513 1.00484 
0023 0.194489	0.91554 1.08187 0.990186 0.850251 0.984424 0.908246 1.06256 1.47944 0.953786 1.24594 
0024 0.1152	0.654397 1.01632 1.16269 1.06417 1.0409 1.07444 1.03884 1.11786 1.5234 1.23501 
0025 0.0778667	3.83239 1.08528 0.877575 1.04221 0.811672 1.06975 0.997877 1.53109 0.508641 0.956996 
0026 0.139733	1.20792 1.13215 0.921836 1.00134 0.935126 0.975316 0.854272 0.907269 0.730166 1.03851 
0027 0.137778	1.99543 1.08467 0.952683 1.13003 0.961729 1.08277 0.925337 0.964405 0.663792 0.863115 
0030 0.169279	0.535862 1.05367 1.0513 1.04193 1.0396 1.14651 1.06748 1.23823 1.23249 1.15592 
0031 0.0626959	4.79034 1.10784 0.961317 0.86385 0.831357 1.27945 1.20029 1.56671 0.759495 0.858529 
0032 0.116771	0.106429 0.961383 1.01132 1.09341 1.11153 1.05835 0.906018 0.7863 1.33545 0.971931 
0033 0.142633	0.0914725 0.966254 0.835309 0.674013 0.91033 0.923657 0.852788 0.616199 1.17794 0.968553 
0034 0.121473	2.21408 1.02277 0.820867 0.877649 0.864452 1.1928 1.03341 0.841994 0.778591 0.896775 
0035 0.130486	1.04536 0.97443 0.869708 0.859126 0.904093 0.988173 1.0492 1.1731 1.0013 0.937495 
0036 0.187696	1.06557 1.00454 1.01068 1.07264 0.978969 1.08836 0.925297 1.01514 0.919651 0.92086 
0037 0.0689655	0.198905 0.875011 1.01096 0.799719 1.07912 0.934427 1.00752 0.937602 1.81892 1.15093 
0040 0.0879268	2.50753 0.983146 1.04427 1.15796 0.988475 1.07845 0.969209 1.27926 0.828333 1.04766 
0041 0.106896	0.413883 0.917247 1.03624 1.02352 1.13707 0.941379 0.905615 0.78346 1.4555 1.07022 
0042 0.0819014	0.562347 1.02265 0.980264 0.855102 1.00766 0.891654 0.953878 0.953603 1.03094 1.03109 
0043 0.13256	1.68989 1.01396 0.998015 1.22834 0.940099 1.0659 0.992084 1.15923 0.65975 1.00729 
0044 0.14037	1.27388 1.14055 1.08183 0.936076 1.04213 1.05974 1.10782 1.31585 0.934945 0.99545 
0045 0.212229	0.88702 0.935048 0.921348 1.04095 0.939716 0.9011 0.899151 0.82164 0.832079 0.924372 
0046 0.174068	0.762367 1.02866 1.06941 0.947231 1.04097 1.03517 1.12777 1.48649 1.25227 1.24944 
0047 0.0640482	4.51804 1.10886 0.950043 1.18786 0.837681 1.19722 1.1841 1.34468 0.510086 0.873625 
0050 0.151819	1.77246 0.929347 1.01416 1.03387 0.965499 1.06264 0.861143 0.851827 0.79364 0.833472 
0051 0.13509	0.508059 0.974628 0.953823 1.05627 1.10832 0.887977 0.857828 0.691406 1.10293 0.950638 
0052 0.0957758	0.483101 0.86411 1.22862 0.965924 1.18002 0.966004 0.974076 1.11327 1.83969 1.17044 
0053 0.200335	0.807094 0.915137 1.07247 0.897189 0.990713 0.977488 1.02836 0.971561 1.2533 0.998601 
0054 0.0890841	3.79716 1.15912 1.06967 0.915429 0.976275 1.30516 0.912738 1.10424 0.765145 0.909618 
0055 0.0577164	1.38714 1.15582 1.12847 0.731555 1.02177 0.994491 1.13747 1.48939 1.27638 1.11843 
0056 0.2133	0.984878 0.91857 0.953546 1.1099 1.04203 1.03522 0.82582 0.758988 0.984309 0.991637 
0057 0.05688	2.08529 0.993482 1.187 1.17639 1.05939 1.09081 1.03017 1.27089 0.911231 0.924435 
0060 0.108507	1.68439 1.05105 1.1979 1.18411 1.01927 1.12517 1.09748 1.17542 1.07099 0.97887 
0061 0.109033	0.890245 0.899795 1.00608 0.99607 1.03229 1.00316 0.90571 0.811329 1.06482 0.937268 
0062 0.0953384	6.37438 1.0001 1.09844 1.26144 0.869577 1.22682 1.04896 0.991886 0.711629 0.809646 
0063 0.144851	0.940465 1.01522 1.25053 0.965883 1.13617 0.947731 1.14028 1.14013 1.60197 1.102 
0064 0.0600474	0.375053 1.13426 0.932552 0.697557 1.11788 0.78273 1.02045 0.862731 1.56934 1.1138 
0065 0.163287	0.951057 1.03535 1.11728 1.4442 1.02567 1.05944 0.986786 1.10164 0.868569 0.923543 
0066 0.1596	0.615447 1.00378 0.852849 0.853182 1.02847 0.782061 0.893211 0.789956 1.07924 0.94129 
0067 0.159336	1.75532 1.02151 0.869552 0.975413 0.88098 0.944832 0.899276 0.903218 0.811139 0.95007 
0070 0.0777515	1.74895 1.25099 0.988776 0.936376 1.03446 1.1428 1.16639 1.02146 1.0811 0.953863 
0071 0.0630418	5.19729 1.07409 0.785478 1.29751 0.826563 1.04188 1.18251 1.22865 0.486062 0.812082 
0072 0.200946	0.850526 1.04627 1.00926 0.990337 0.99888 1.00413 1.1811 0.935821 1.03839 0.941943 
0073 0.0982401	0.210986 1.11441 0.925528 0.81763 1.12115 0.947846 0.936803 0.624123 1.66698 1.18193 
0074 0.178093	1.23827 1.09077 0.908337 1.07189 1.05073 1.05851 1.02336 1.01066 0.855704 1.00856 
0075 0.10901	0.447059 1.10627 1.09595 0.942422 1.04882 1.07953 1.18072 1.15257 1.48314 1.35845 
0076 0.182033	0.507046 1.05324 0.790763 1.02711 1.00318 0.845974 1.02079 0.752966 0.91792 0.959375 
0077 0.0908852	2.43463 1.02819 0.977203 0.999559 1.04082 1.07788 0.928222 0.946986 0.892731 1.00615 
0100 0.0774436	1.03614 0.954311 0.970319 0.964403 0.993753 0.995389 1.05399 1.00945 0.922882 0.944309 
0101 0.0887218	4.73775 0.988818 0.984636 1.25721 0.869604 1.22517 1.14531 1.2154 0.596822 0.891359 
0102 0.068797	2.10635 1.0114 1.13023 1.31502 1.03591 1.16353 1.15994 0.952192 0.958591 0.903402 
0103 0.118233	1.55637 0.945975 0.947548 1.24451 0.934474 1.02301 0.966192 0.921851 0.832876 0.880546 
0104 0.25188	0.387698 1.02196 1.0613 0.984476 1.09884 0.890814 0.909871 0.815985 1.23142 0.945169 
0105 0.102632	0.731257 1.05035 1.02047 1.02324 0.970278 0.931738 0.989778 1.15087 1.03473 1.12277 
0106 0.191917	0.700158 1.06149 1.12501 1.35493 1.09751 1.17169 1.01137 1.15024 1.19986 0.991147 
0107 0.100376	1.06862 1.0085 1.06728 0.867638 1.0555 1.09386 1.15694 1.34913 1.22471 1.03863 
0110 0.0812081	0.40705 1.09126 1.08504 0.897627 0.954844 1.01199 1.21537 1.02809 1.26 0.996654 
0111 0.130872	0.69927 1.10681 1.08031 1.27913 1.19313 0.9912 1.08079 1.00306 1.28961 1.12965 
0112 0.160403	1.13138 1.03777 0.969771 0.895872 1.02137 0.961084 1.06061 1.20399 0.906688 1.07139 
0113 0.210067	1.23796 1.02968 0.951142 1.05707 0.932796 0.981269 0.958135 0.877131 0.724728 0.837125 
0114 0.185906	0.438386 1.03301 1.02391 0.755138 1.06507 0.816365 0.975814 0.843354 1.33705 1.09831 
0115 0.0785235	3.10335 1.1574 0.981138 1.2383 0.943134 1.27635 1.139 1.23641 0.830398 1.06209 
0116 0.0630872	0.739182 1.00592 1.19188 1.05737 0.994358 1.10291 0.986674 0.974955 0.954294 0.98263 
0117 0.0899329	0.747928 0.945143 0.852911 0.913977 0.979717 0.976138 0.971202 0.794451 0.916522 0.891947 
0120 0.0450161	0.497343 1.08997 1.17492 1.30417 1.16821 1.19385 1.05613 0.872071 1.46391 1.07271 
0121 0.212219	0.722999 1.0258 1.05105 0.881979 1.02678 1.06449 1.04976 1.04639 1.34108 1.08689 
0122 0.185691	1.63467 0.854166 0.953832 1.20687 0.921885 1.09013 1.12005 1.35157 0.873656 1.1096 
0123 0.153537	2.01475 1.07431 0.979813 1.09997 1.10029 1.28746 0.922368 0.958159 0.930502 1.1229 
0124 0.128617	0.732047 0.997789 0.847696 1.05749 1.04479 1.08148 0.958639 0.84176 1.06046 0.970711 
0125 0.126206	0.337143 1.06986 0.870818 0.838919 1.12417 0.895849 1.06215 0.897045 1.3761 1.03972 
0126 0.0811897	0.974307 0.980798 0.924535 1.08669 0.950318 0.97385 0.962075 0.689628 0.846818 0.862472 
0127 0.0675241	7.8764 1.19419 0.82702 0.926823 0.908396 1.20782 1.19991 1.30206 0.655207 0.990919 
0130 0.16118	0.849132 0.91917 1.07134 1.34252 1.03204 1.09927 0.964197 0.80612 0.931816 0.991736 
0131 0.070861	0.624749 0.944439 0.969323 1.12699 1.14313 0.960018 0.975191 0.96648 1.27327 1.0922 
0132 0.169288	2.36878 0.965588 0.942169 1.21074 0.914928 1.12978 0.921864 0.91663 0.67942 0.91255 
0133 0.0854548	1.81913 1.0761 1.05385 0.882724 1.04065 1.06992 1.11423 1.31671 0.982075 0.974545 
0134 0.0463759	0.613758 0.965073 0.844531 0.852061 1.05526 0.725746 0.950448 0.922631 1.15146 1.08997 
0135 0.176261	0.388682 0.967953 1.19732 1.00215 1.13121 0.996635 1.10453 1.29685 1.4042 1.11092 
0136 0.11448	1.2283 0.946665 0.961562 0.994278 1.0687 0.972579 0.866428 0.867075 0.903136 0.92582 
0137 0.176099	0.592258 0.858422 0.921729 0.75881 1.0498 0.853499 0.859029 0.837045 1.15791 0.987061 
0140 0.129337	0.530486 0.825147 1.02189 1.13705 0.914872 0.977301 1.03139 1.19964 0.963041 1.05053 
0141 0.154082	0.529479 0.819245 1.06603 0.992706 1.00776 0.941856 1.09582 1.08384 1.30463 1.14664 
0142 0.166327	0.824397 0.809814 1.12112 1.27894 0.965819 1.21686 1.01514 1.03393 0.903475 0.98203 
0143 0.0808673	0.411618 0.801882 0.910207 0.864005 0.969999 0.824702 0.844907 0.659069 1.07311 0.911843 
0144 0.115816	0.824052 0.850838 0.924537 1.07063 0.914998 0.909287 0.909475 0.908551 0.778995 0.980429 
0145 0.246684	3.33563 0.908276 0.962139 1.14656 0.880456 1.29534 1.02132 1.00716 0.691315 0.922157 
0146 0.0545918	0.258986 0.872082 1.07378 0.78505 0.996715 0.860634 0.926087 0.782942 1.6495 1.05877 
0147 0.0522959	1.40364 0.837655 1.02124 1.56093 0.875452 1.23501 0.968817 1.33331 0.680422 0.885293 
0150 0.125934	2.92027 0.904656 0.917345 1.27124 0.901645 1.13413 0.953602 0.831946 0.651554 0.960821 
0151 0.0845313	0.567191 0.951848 0.839341 0.864023 0.900606 0.967178 0.877385 0.67194 0.788944 0.906178 
0152 0.102358	0.424524 1.03794 1.00326 0.95695 1.12618 0.921434 1.09188 1.16731 1.42402 1.07374 
0153 0.115871	1.56988 0.940185 0.932237 1.05327 0.923646 0.975898 1.08648 1.30397 0.861734 1.00671 
0154 0.0862565	0.12081 0.95513 0.973242 0.868149 1.0916 0.792712 0.882177 0.87699 1.5392 1.13893 
0155 0.138585	0.777953 0.851763 0.967406 1.16989 0.931351 0.901011 0.897374 0.858568 0.842961 0.883185 
0156 0.257044	0.851433 0.949071 1.01931 0.93274 0.990235 1.06702 0.954575 0.933639 1.08705 1.0538 
0157 0.0894192	1.22343 0.898365 1.10326 1.449 0.993776 1.1444 1.09336 1.10982 0.995478 0.954421 
0160 0.110247	2.01907 1.03057 0.931814 0.98072 0.877758 1.00587 1.20053 1.61278 0.942196 1.02583 
0161 0.0847639	0.240979 0.916462 1.20898 1.47043 1.02418 1.16616 0.974878 0.925933 0.993844 0.861171 
0162 0.161212	0.290812 0.897932 0.883907 1.13144 0.913372 0.912392 1.02476 0.893824 1.16051 1.03251 
0163 0.0729614	0.785739 0.940768 0.947608 0.954633 1.0225 0.842671 0.975755 1.2781 1.24974 1.05965 
0164 0.284871	1.30456 0.996578 0.930022 1.04216 0.88915 1.00647 0.932093 0.921829 0.866515 0.977512 
0165 0.0922747	2.67698 0.956536 0.86142 1.42433 0.882124 1.15908 0.988915 1.36709 0.614039 1.03851 
0166 0.101127	0.229244 0.895064 0.890976 0.981793 1.05001 0.755384 0.789573 0.673714 1.39266 1.01645 
0167 0.0925429	0.449816 0.957173 1.22112 1.02073 1.14517 1.08023 1.06472 1.07337 1.64628 1.05894 
0170 0.103223	5.48298 1.00382 0.785927 0.858414 0.848318 0.975449 1.02156 1.25924 0.63844 0.912151 
0171 0.175439	0.675213 1.09255 1.08462 0.952139 1.01499 1.04101 1.15531 1.15641 1.30046 1.01266 
0172 0.0771114	1.59736 0.943804 0.946199 1.10546 0.911948 0.945462 1.02464 0.943229 0.637974 0.8184 
0173 0.228478	0.438616 1.01155 1.04893 0.809921 1.07384 0.817235 1.01484 0.907157 1.35701 1.01311 
0174 0.115871	0.990145 0.929714 0.820259 0.875003 0.931976 0.846349 0.879733 0.816788 0.822468 0.927592 
0175 0.133007	2.94573 1.24029 0.97588 0.988432 0.975485 1.13362 1.07268 1.03437 0.793075 1.05403 
0176 0.0656875	0.676046 0.998419 1.06914 1.19457 1.05126 1.02328 1.11252 1.11658 0.979414 0.958109 
0177 0.101183	0.774953 0.95782 0.946182 0.814334 0.967415 0.819176 1.11113 1.4144 1.06183 1.05052 
1000 0.12411	0.910292 1.06235 0.997266 1.24675 0.963392 1.03704 0.83872 0.867199 0.824241 0.907848 
1001 0.156663	0.37134 0.988271 0.917798 0.814429 0.993549 0.884074 0.951605 0.993585 1.24861 0.976 
1002 0.118515	0.203914 1.07292 1.02842 0.758236 1.03875 0.814533 1.05563 1.06863 1.59825 0.981209 
1003 0.0630722	0.685769 1.07872 0.777597 1.19287 0.891791 0.970884 0.917115 0.960435 0.692441 0.736013 
1004 0.168362	0.62287 1.22186 1.04748 0.966514 1.0596 1.03128 0.982348 1.1436 1.16021 1.02437 
1005 0.0544252	1.37903 1.30694 1.07754 0.992569 0.934339 1.12454 1.01239 1.30193 0.718783 0.861547 
1006 0.128688	1.83675 1.00584 0.883725 0.838637 0.87698 0.886556 0.955102 0.910254 0.827399 0.890465 
1007 0.186165	1.18979 1.13704 0.991674 1.16366 0.945453 1.12734 1.10823 1.24661 0.796969 0.939433 
1010 0.0625511	1.28025 0.909968 0.992393 1.47971 0.885441 1.04252 0.919131 0.932264 0.653096 0.864793 
1011 0.124693	3.94565 1.05389 1.02868 0.99236 0.918074 1.09987 1.12327 1.39387 0.765023 1.08836 
1012 0.17825	0.157995 0.943887 1.01445 0.950547 1.05444 0.928606 0.98133 1.00636 1.43199 1.07301 
1013 0.0695012	1.31489 0.928119 0.902165 1.09619 0.895527 0.924195 0.811138 0.808783 0.618919 0.875545 
1014 0.193377	0.83264 0.96257 1.11188 1.13585 1.01886 1.0471 1.04027 0.944491 0.991635 0.915985 
1015 0.129191	1.16758 1.19366 0.910197 0.837741 0.93077 0.918937 1.15835 1.23894 0.884973 1.04487 
1016 0.110793	0.263435 0.975987 1.12639 1.36718 1.08108 0.954624 0.976117 1.0445 1.06662 1.05994 
1017 0.131643	0.350389 1.0928 0.956733 0.904877 1.00441 0.865551 1.00891 1.12342 1.09041 0.952014 
1020 0.168328	1.37737 1.11559 1.02638 0.855282 1.16706 0.802094 1.02518 1.06102 1.35289 1.01149 
1021 0.0542636	3.42967 0.995781 1.2841 1.28411 1.02665 1.07841 0.962128 0.875238 1.04598 0.960045 
1022 0.135105	1.49026 1.1074 0.993028 0.737019 1.00285 0.847412 0.783403 0.9502 0.912936 0.843109 
1023 0.159468	1.84431 1.02057 1.04064 1.28483 0.963096 1.12951 1.09108 1.13304 0.867861 0.755056 
1024 0.0885936	1.2267 0.882702 0.978091 1.36464 0.981292 0.90619 0.820066 0.742649 0.863864 0.807169 
1025 0.221484	0.274873 1.071 1.06201 0.901052 1.14518 0.868999 0.910323 0.672312 1.40524 0.869151 
1026 0.112957	5.74617 0.951145 0.911583 1.39257 0.918193 1.03112 0.901335 1.13388 0.659069 0.755596 
1027 0.0598007	1.45298 1.07214 0.772496 0.801382 0.977358 0.845615 0.94421 1.21224 0.942906 0.956203 
1030 0.097619	0.761937 0.923715 1.0274 1.11577 1.12083 0.953414 1.01979 0.870501 1.21059 1.13655 
1031 0.218571	3.34811 1.0559 0.902651 1.00995 0.94608 0.953973 1.15544 1.19997 0.83601 1.00691 
1032 0.0847619	0.960923 1.05413 1.10823 1.34132 1.11932 1.0182 1.27739 1.4203 1.30233 1.12525 
1033 0.0914286	2.06073 1.00553 0.925429 1.36165 0.981195 1.03211 1.00469 1.02662 0.717491 0.839962 
1034 0.0938095	0.21682 1.12369 1.12 0.991328 1.19331 0.943453 1.07447 0.905461 1.43954 1.15651 
1035 0.153333	1.41199 1.05479 0.932971 1.10188 0.948652 0.854033 0.92776 0.708212 0.8613 0.94807 
1036 0.140476	1.14853 0.950576 0.965902 1.07894 0.988386 0.919617 1.03405 0.988883 1.02119 1.06129 
1037 0.12	0.813749 0.976665 0.9632 0.744202 1.01466 0.876866 1.09594 0.844091 1.3953 1.08811 
1040 0.0517504	6.09712 1.02232 0.971279 1.34029 1.05455 1.05666 0.958093 1.15101 0.662995 1.0826 
1041 0.216895	1.73836 1.02296 1.02296 0.922534 0.980312 1.02261 0.900162 0.856343 0.901486 0.98959 
1042 0.0563166	1.23315 1.09418 1.02109 1.36219 1.11437 1.12138 0.838507 0.853491 0.704582 0.962887 
1043 0.0837139	5.96257 1.22135 1.02123 0.861752 0.931149 1.0331 0.970308 1.23098 0.677251 1.15487 
1044 0.113394	3.01062 1.1415 0.978084 0.731131 1.07455 1.04228 1.0009 1.25273 0.940626 1.21935 
1045 0.151446	0.543376 1.03757 1.15448 0.891395 1.15054 0.985679 1.07533 1.10488 1.6158 1.29986 
1046 0.149163	1.00094 1.09374 1.24139 1.01965 1.0768 1.13963 1.0874 1.14743 1.14704 1.17315 
1047 0.177321	0.418746 1.07202 0.97626 0.815287 1.2309 0.78007 1.00891 1.01751 1.20259 1.1705 
1050 0.168203	0.424447 0.864877 1.14913 1.10199 1.02601 0.976383 1.09244 1.1312 1.51918 1.26463 
1051 0.245392	1.44053 0.812707 0.914458 1.10189 0.952558 1.01763 0.971891 0.845555 1.10987 0.978375 
1052 0.107143	2.04721 1.00955 0.901301 0.97386 0.907138 0.84972 0.883602 1.01783 0.733622 0.959733 
1053 0.0702765	1.00509 0.873104 1.15773 1.52545 1.00978 1.04734 0.907915 0.81884 1.26088 1.03561 
1054 0.0864055	2.24691 0.982936 0.839303 1.25927 0.929256 1.04029 0.8296 0.809842 0.7188 0.877441 
1055 0.152074	0.687318 1.02755 0.989815 1.264 1.04133 0.947223 0.956883 1.1465 1.01028 1.06999 
1056 0.0610599	3.46793 1.01811 0.923744 1.24405 0.921336 1.06047 1.11918 1.47667 0.737118 0.98864 
1057 0.109447	1.13914 0.925969 1.27291 1.55708 0.94453 1.12258 1.00359 1.03675 0.96539 0.991939 
1060 0.114356	0.357664 1.00009 1.00718 0.792926 1.09335 0.921379 1.00782 0.807894 1.6334 0.83699 
1061 0.0556409	0.691979 0.863079 1.03308 0.903299 0.955231 0.886471 0.87428 1.02594 1.19742 0.931936 
1062 0.229942	3.3019 1.11242 0.989266 0.961183 0.82755 1.07988 1.04703 1.01873 0.695212 0.872473 
1063 0.113434	0.931534 1.04526 1.14687 1.04805 0.997729 1.25545 1.07871 0.946434 1.23677 0.92932 
1064 0.167845	0.886485 0.953307 0.982055 0.896663 0.877686 0.895208 1.0354 1.09735 0.999043 1.01342 
1065 0.0522595	0.455723 0.845494 1.11252 1.46794 1.02957 1.03661 0.844846 0.713163 1.01679 0.815612 
1066 0.149708	0.793247 1.02115 1.18595 0.926493 1.00145 1.02226 1.22601 1.54471 1.41042 1.10857 
1067 0.116815	1.24459 0.839768 0.905156 1.27574 0.910491 0.999636 0.950909 0.980201 0.801004 0.745438 
1070 0.0939055	1.20021 0.988908 0.884653 0.999216 1.02449 0.998489 0.910135 0.692501 0.828437 0.878491 
1071 0.174751	0.173632 0.991058 1.0789 0.992461 1.21265 0.860839 1.08551 0.976092 1.60242 1.112 
1072 0.181592	1.20387 1.05863 0.900985 1.0394 1.08309 1.03413 1.11573 1.04481 0.982355 0.985076 
1073 0.157338	1.30601 0.98579 1.13987 1.27391 1.04821 1.13872 1.03515 0.918549 0.986125 0.958899 
1074 0.096393	1.14159 1.06915 1.07454 1.15566 1.12647 1.24164 1.15106 1.00945 1.14674 1.00129 
1075 0.0889303	3.09427 0.947371 0.931768 1.24612 0.997792 1.19055 0.999318 1.03458 0.608826 0.894621 
1076 0.125622	2.14788 0.99872 0.833941 1.09596 0.964287 0.982192 1.06985 1.18437 0.726227 0.872154 
1077 0.0814677	0.747555 0.935107 0.953613 0.975996 0.995671 1.00251 0.898779 0.689439 1.09975 0.946515 
1100 0.130061	1.31255 0.921678 0.817365 1.15969 0.930633 1.00828 0.961827 0.83107 0.686871 0.758493 
1101 0.127024	2.48236 1.00465 0.983365 1.03518 0.916258 1.09331 1.21228 1.4512 0.837606 0.923542 
1102 0.228239	0.569812 1.0028 1.12285 0.98718 0.976507 1.04847 0.982607 1.04913 1.11686 0.938217 
1103 0.0789474	0.365505 0.96334 1.00378 1.1761 1.09546 1.08537 0.887202 0.720037 1.00513 0.894591 
1104 0.090081	0.926163 1.05786 0.807253 0.900206 0.948453 0.893085 0.930518 0.82031 0.988562 0.847817 
1105 0.0738866	0.0728081 1.07982 1.04386 0.968125 1.08879 0.94283 1.14801 0.908996 1.6122 1.0978 
1106 0.18168	0.925667 0.989055 0.937381 0.73895 0.981921 0.947961 1.06431 0.857786 1.2496 0.932337 
1107 0.090081	1.02493 1.02915 0.910851 0.864484 0.883435 1.0648 1.03104 0.821026 0.827005 0.761599 
1110 0.112757	3.66684 0.939538 1.03202 1.14986 0.882199 1.14522 1.05078 1.31107 0.706239 0.880558 
1111 0.213169	1.22422 1.0681 0.975181 0.99902 1.01279 1.01598 0.894454 0.872348 0.949973 0.931466 
1112 0.0814815	1.45903 1.01605 0.957318 1.0101 0.92599 1.09775 1.0469 0.866401 0.859299 0.832929 
1113 0.119342	3.39736 1.0428 0.935733 0.822836 0.863909 1.04797 0.919854 0.951879 0.786845 0.825339 
1114 0.145679	1.75708 0.997708 1.04946 0.882513 0.999955 0.860171 1.10573 1.2602 1.24251 1.0111 
1115 0.17284	0.440859 0.948103 0.89426 0.856703 1.00678 0.876908 0.948217 0.882055 1.13095 0.883874 
1116 0.0452675	1.41981 0.796008 0.906414 1.34314 0.90868 0.881035 0.85105 0.795946 0.707464 0.843037 
1117 0.109465	0.311367 0.943926 1.14254 0.796605 1.14702 0.933595 1.01037 0.952327 1.59952 1.11524 
1120 0.11295	0.576965 0.972493 0.9464 0.873266 0.998157 0.903072 0.807639 0.891975 0.921037 0.959662 
1121 0.309353	1.62532 0.940876 0.949049 1.09199 0.89046 1.06768 0.854677 1.11306 0.803951 0.940855 
1122 0.0848921	0.687242 1.08741 1.03443 0.798052 1.04012 0.94849 0.964377 1.17323 1.24462 1.10377 
1123 0.136691	0.508323 0.866143 1.00029 0.897704 1.11644 0.784712 0.888658 1.06322 1.31441 1.07514 
1124 0.134532	0.172484 0.971361 1.24053 1.07683 1.1417 1.03617 0.948442 0.970473 1.32607 1.13686 
1125 0.0798561	0.784044 1.04904 1.1804 1.3744 0.957048 1.2926 0.925037 1.36241 0.877069 1.00767 
1126 0.0733813	0.892835 1.04738 1.09878 1.06525 0.971839 1.23966 1.02629 1.33645 1.11768 1.04463 
1127 0.0683453	0.574491 0.921496 0.964978 0.881953 0.987218 1.08536 1.11003 1.17167 1.03914 1.06014 
1130 0.19875	0.748145 1.0733 1.01609 1.262 1.08092 0.99974 1.05186 1.34585 1.07221 1.05497 
1131 0.24125	0.307851 1.10596 1.04822 1.05067 1.07607 0.880629 0.945335 1.12118 1.17324 1.04723 
1132 0.08125	0.466323 1.13172 1.04414 0.855762 1.08743 0.848602 1.1343 1.14074 1.54366 1.20646 
1133 0.0825	2.61463 1.11618 0.920571 1.31565 0.979255 1.06781 0.931233 1.06037 0.692091 0.999448 
1134 0.12625	3.18103 1.08421 0.885639 0.962223 0.862586 0.943781 1.17402 1.20521 0.924125 0.948472 
1135 0.13125	2.37684 1.02605 0.966938 0.98767 0.893489 0.94141 0.8831 1.11653 0.782081 0.869895 
1136 0.06	0.555073 1.14365 1.00995 0.883053 0.933691 1.05691 0.837376 0.83591 0.911921 0.889048 
1137 0.07875	1.41995 1.2357 0.840123 0.916597 0.96856 0.973588 0.93602 0.999422 0.851173 1.05503 
1140 0.149303	0.816982 1.01984 0.932995 1.03696 1.02074 0.92349 0.928855 0.700016 1.11569 0.999639 
1141 0.097621	0.133532 1.06399 1.03594 0.999417 1.18742 0.831335 0.987782 0.799587 1.4807 1.05235 
1142 0.144107	1.44384 1.13468 1.02546 1.15883 0.998765 0.954458 1.0298 1.29228 0.90163 1.01857 
1143 0.0768389	0.795676 1.08063 1.09325 1.29253 0.996449 1.07328 0.931059 0.921168 0.931084 0.929282 
1144 0.0795734	0.157137 1.17446 0.989476 1.30743 1.18743 0.892618 1.039 1.04473 1.20122 1.22731 
1145 0.0957069	0.508322 1.1663 1.20797 1.12075 1.10674 0.9559 1.20419 1.28811 1.41407 1.24766 
1146 0.296144	1.57974 1.0318 0.831434 1.11847 0.999817 0.954665 0.942567 1.00282 0.740998 0.979566 
1147 0.0607055	0.688426 1.28557 0.908009 0.952829 1.05551 0.970855 1.15407 1.41885 1.17019 1.13667 
1150 0.0478673	3.30036 0.980119 1.09716 1.25178 0.98549 1.08528 0.937362 1.1924 0.694223 0.955126 
1151 0.0872038	0.303226 0.899371 1.20481 0.882182 1.1384 0.831753 1.05494 1.18334 1.51614 1.19966 
1152 0.181517	1.35508 0.896616 0.883056 0.985222 1.01321 0.886426 0.97464 0.869424 0.957546 0.946413 
1153 0.0815166	1.79076 0.815483 0.934313 0.942846 0.873165 1.00657 0.91106 0.901844 0.687348 0.845882 
1154 0.1109	3.88532 0.813473 1.04126 1.23697 0.900842 1.13617 0.958357 1.00385 0.757621 0.975349 
1155 0.190995	0.341362 0.944705 1.05667 0.709798 1.091 0.836055 1.02976 0.914034 1.38374 1.06994 
1156 0.105687	1.17586 0.926456 1.19257 1.05278 1.09771 0.986489 1.16466 1.45719 1.07306 1.112 
1157 0.194313	0.555665 0.840716 1.07567 0.955943 0.98197 0.955944 0.888797 0.889073 0.971683 1.04729 
1160 0.0987507	0.976072 0.921082 1.1187 1.40413 1.1314 1.07678 0.90706 0.86956 1.07944 1.0626 
1161 0.145449	1.60587 0.966342 1.04805 1.03668 0.980068 1.11611 0.949084 0.812384 0.942503 0.96334 
1162 0.0853659	0.911328 0.772005 0.833705 0.70832 0.904935 0.754158 0.945188 0.937655 1.05648 1.05038 
1163 0.0910173	1.6247 0.845524 1.0678 1.25789 0.980243 0.915404 0.889991 1.17201 0.805984 0.952755 
1164 0.107971	0.797302 0.905362 0.980883 0.984549 1.0332 0.92959 0.758708 0.785181 0.90184 1.01259 
1165 0.218917	0.221712 0.96163 1.16583 0.91246 1.12037 1.01205 0.951662 0.917706 1.40677 1.13961 
1166 0.0874479	0.156744 0.938987 0.999305 0.765574 1.06863 0.782494 0.879043 0.844851 1.47264 1.11721 
1167 0.16508	3.50863 0.942427 1.05163 0.799901 0.845076 0.978932 1.12552 1.24476 0.906001 1.05287 
1170 0.0901268	0.129172 0.907263 1.00162 0.959027 1.1955 0.876085 1.0676 0.955273 1.73132 1.0945 
1171 0.105525	0.363012 0.965832 0.98865 0.860626 1.04034 0.732707 0.972639 1.24377 1.2079 1.18456 
1172 0.0996377	0.382025 0.843665 1.03704 1.37526 1.10966 0.983736 0.927892 0.792712 1.2414 0.965912 
1173 0.245471	0.540594 0.94126 0.906571 1.08886 0.937896 0.882319 0.928741 0.837161 0.747173 0.90341 
1174 0.057971	0.935189 1.01006 1.04989 0.996125 1.1121 0.93647 1.08169 1.02089 1.47641 1.06074 
1175 0.147192	1.33705 1.02462 1.05227 1.35897 0.979157 1.15502 1.11575 1.21716 0.791002 0.941826 
1176 0.114583	0.625454 1.00928 1.02295 0.883471 1.0099 0.878432 0.94767 0.905787 1.02015 0.905759 
1177 0.139493	0.360902 1.09996 1.00942 1.05825 1.06145 1.08918 1.1104 1.16798 1.05006 1.13646 
BOUNDS
LWPS R    0.0  0.0  0.0  0.0  0.0  0.0  0.0  0.0  0.0  0.0
UWPS R    0.5  0.5  0.5  0.5  0.5  0.5  0.5  0.5  0.5  0.5
LXAS R   -0.5 -0.5 -0.5 -0.5 -0.5 -0.5 -0.5 -0.5 -0.5 -0.5
UXAS R    0.5  0.5  0.5  0.5  0.5  0.5  0.5  0.5  0.5  0.5
END
