NAME moment_estimations_cluster
ASSETS 10
BENCHMARKS 0.1 0.1 0.1 0.1 0.1 0.1 0.1 0.1 0.1 0.1 
COVARIANCES
0 0 0.475448
1 0 0.0065143
1 1 0.00259407
2 0 -0.015025
2 1 0.00123603
2 2 0.00855392
3 0 0.0426839
3 1 -0.00115074
3 2 0.00219285
3 3 0.0226702
4 0 -0.0362027
4 1 0.000363961
4 2 0.0031614
4 3 -0.00131998
4 4 0.00501845
5 0 0.0423895
5 1 0.00175359
5 2 0.00331908
5 3 0.00816459
5 4 -0.00181624
5 5 0.0100344
6 0 0.0102378
6 1 0.00156511
6 2 0.00267974
6 3 0.000285924
6 4 0.000149005
6 5 0.00231757
6 6 0.00756966
7 0 0.0430322
7 1 0.0041907
7 2 0.00587193
7 3 0.00175175
7 4 -0.00143678
7 5 0.00513858
7 6 0.0104574
7 7 0.037332
8 0 -0.137328
8 1 0.000258339
8 2 0.0107592
8 3 -0.0172758
8 4 0.0143394
8 5 -0.00974227
8 6 0.00460083
8 7 -0.00164311
8 8 0.0594931
9 0 -0.0316308
9 1 0.00141014
9 2 0.00386283
9 3 -0.00485577
9 4 0.00436117
9 5 -0.00226158
9 6 0.00289301
9 7 0.0069613
9 8 0.0165909
9 9 0.00821719
SCENARIOS
0 0.3468	2.02754 1.01481 0.999763 1.10153 0.943094 1.09318 1.02167 1.10955 0.823924 0.971261 
1 0.6532	0.874288 0.98773 1.01053 0.948227 1.04803 0.955559 1.0302 0.976692 1.14719 1.02697 
00 0.730046	0.898377 1.03422 1.05871 0.996142 1.04486 0.994229 0.990943 0.997765 1.13545 1.01024 
01 0.269954	2.45116 0.992778 0.864408 0.923773 0.930964 1.02505 0.948909 0.945691 0.810425 0.89988 
10 0.54083	1.63594 0.981195 1.00787 1.06995 0.922975 1.05199 0.962449 1.03302 0.842047 0.992646 
11 0.45917	0.427668 1.04484 1.00129 0.922221 1.05829 0.933185 1.00058 0.935588 1.30692 1.02197 
000 0.0973616	1.12561 1.01236 0.857245 1.37707 1.01329 1.06538 0.904586 0.732126 0.64646 0.883408 
001 0.0801406	0.474322 0.847165 0.966579 1.28352 1.07776 0.936619 0.957054 0.63127 1.19488 1.01545 
002 0.119954	1.0013 1.01659 1.08582 1.32045 1.09305 1.09464 1.10249 1.10471 1.08306 1.09322 
003 0.159333	0.39635 0.963453 1.02351 0.96538 1.07575 0.935878 0.984493 1.08275 1.12448 1.02891 
004 0.0664744	4.96159 1.00872 0.908445 1.34738 0.888512 1.16849 1.11969 1.23277 0.595995 0.845356 
005 0.191919	0.858409 0.934436 0.844721 0.865947 0.964298 0.920574 1.04892 0.764244 0.956131 0.937993 
006 0.164823	2.05685 1.06458 0.982652 1.10283 0.909074 1.16715 1.06979 1.2765 0.746875 0.979923 
007 0.119994	0.204711 0.98321 1.03132 0.748961 1.10447 0.921448 1.09746 1.09015 1.63031 1.12984 
010 0.0621662	1.17539 1.09398 0.993078 1.28356 0.999302 0.980925 0.958541 0.86593 0.668159 1.03382 
011 0.228797	0.422338 0.96637 0.954215 1.06564 1.04708 0.87076 1.00552 0.812259 0.971199 1.01724 
012 0.0874813	1.95309 1.0088 1.00753 1.37715 1.01278 1.12641 0.991637 1.13146 0.758229 0.982772 
013 0.193014	0.249961 0.995798 0.982014 0.800003 1.09281 0.824391 1.00799 0.864253 1.34542 1.14348 
014 0.0566118	0.82597 1.0974 1.15431 1.03152 1.09206 1.01199 1.23557 1.73074 1.19961 1.31388 
015 0.132237	4.30989 0.979895 0.947754 1.28933 0.846677 1.16069 1.11717 1.29776 0.520771 0.799431 
016 0.0942106	0.76438 0.98554 1.02839 1.1819 0.978393 0.992617 1.03102 1.03205 0.867897 0.996721 
017 0.145482	1.17791 0.972815 1.02938 0.878068 0.998888 0.956821 1.13657 1.09479 0.995364 1.08626 
100 0.169955	0.503638 1.08082 1.14936 1.16058 1.10721 1.06249 0.978179 0.938802 1.19221 1.02786 
101 0.17154	2.53254 1.02487 0.914768 1.0894 0.950056 1.14326 0.943135 0.907042 0.696382 0.834839 
102 0.078665	0.294873 0.973523 0.916437 0.790221 1.02065 0.890207 0.844392 0.745822 1.11645 0.879155 
103 0.075523	3.40982 1.07801 1.03605 1.13078 0.934554 1.21998 1.17189 1.65343 0.816223 1.02243 
104 0.13426	0.808832 1.04701 1.17086 1.17886 1.05858 1.09487 1.11146 1.31365 1.17242 1.07228 
105 0.168398	0.81257 0.994692 0.830123 1.01006 0.924472 0.884219 0.929142 0.885283 0.837029 0.860235 
106 0.100008	0.854177 1.06892 0.987249 0.899345 1.07337 0.9334 1.18184 1.53993 1.24096 1.18741 
107 0.10165	0.201791 1.05589 1.1233 0.979386 1.22267 0.949736 1.02173 1.0726 1.755 1.08795 
110 0.16934	1.71529 0.936434 0.822517 0.918597 0.921487 0.882019 0.870512 0.855711 0.671126 0.915075 
111 0.0666489	1.949 0.942944 1.00599 0.811749 0.971131 0.959561 1.06033 1.45788 1.09313 1.20708 
112 0.0835862	1.23736 0.995606 1.14495 1.26418 1.02879 1.18598 1.11819 1.35386 1.02818 1.14549 
113 0.0907545	0.83971 0.925922 1.01878 1.01502 1.03165 1.05394 0.957117 0.917754 1.20661 1.06696 
114 0.0824192	0.151637 0.902171 1.06084 0.785973 1.12689 0.951764 0.917294 0.830867 1.74949 1.2681 
115 0.211116	2.2232 0.915789 0.992002 1.19046 0.93134 1.14482 0.91776 0.969153 0.695751 0.98319 
116 0.118261	0.763761 0.967591 1.15832 1.07245 1.10203 1.00014 1.03942 1.28798 1.4391 1.19452 
117 0.177875	0.784007 0.946965 0.975619 0.97387 0.952631 0.962709 0.908448 0.940631 0.94393 1.06671 
0000 0.0843813	0.771639 0.85061 1.0854 1.23153 0.987888 1.09403 1.04643 0.993695 1.2467 1.03662 
0001 0.159432	0.789655 0.850638 0.935765 1.0018 0.906692 0.861712 0.829389 0.778261 0.852443 0.899305 
0002 0.0511156	1.18075 0.97192 1.3294 1.21308 1.00841 1.28505 1.15697 1.15139 1.32114 0.958565 
0003 0.195132	0.499753 1.00769 1.10812 0.869762 0.984501 0.998033 1.0391 1.04957 1.25139 0.998342 
0004 0.207302	1.72614 0.840614 1.06132 1.0305 0.939563 0.993918 1.07518 1.09525 1.05338 0.891002 
0005 0.0791075	2.98859 0.991748 1.01525 1.19412 0.890381 1.12048 0.948894 1.03133 0.731621 0.882881 
0006 0.0450304	5.07263 1.00275 0.980483 1.00964 0.776758 1.12308 0.980687 0.955468 0.610055 0.762527 
0007 0.178499	0.70032 0.843094 1.01708 0.737176 1.00898 0.787196 1.01369 0.950831 1.27427 1.11259 
0010 0.216363	1.06878 1.105 0.963647 0.984972 0.949984 0.96793 0.946482 1.05827 0.688285 0.885826 
0011 0.101528	0.237302 1.09997 1.00467 0.733213 1.07799 0.825198 1.0529 1.12482 1.37188 1.10325 
0012 0.0798423	0.598092 1.07241 1.20683 1.08288 1.00899 1.15263 0.876075 1.17377 0.937668 0.879221 
0013 0.108921	1.41053 1.11118 1.22761 1.21667 1.04198 1.17472 1.09751 1.44429 0.959152 1.09128 
0014 0.110399	0.671785 1.12449 1.0521 0.855579 0.985727 0.871132 1.10931 1.30288 1.12626 1.06257 
0015 0.223263	0.214927 1.06397 1.11086 0.901962 1.12067 0.986918 0.947897 0.866735 1.26886 0.936505 
0016 0.0852637	0.498659 0.914782 0.910507 0.98293 1.0274 0.816462 0.774881 0.962449 0.853238 0.893595 
0017 0.0744209	2.32628 0.946097 0.990426 0.834168 0.867856 1.02663 0.942889 1.2286 0.805734 1.03239 
0020 0.224234	0.577627 1.01207 0.997315 0.793022 0.983479 1.01492 1.1531 1.12379 1.42025 0.996179 
0021 0.0958182	3.76516 0.932789 0.931744 1.183 0.798564 1.03955 1.02624 0.948944 0.606177 0.785268 
0022 0.11755	1.17411 0.911307 0.966798 1.07474 0.913137 0.985782 0.946208 1.01658 0.856685 0.864976 
0023 0.18999	0.965272 0.890767 0.891436 0.914693 0.841956 0.955533 0.999657 0.879471 0.891046 0.858785 
0024 0.0865986	2.10171 1.02014 0.994456 0.843844 0.915875 0.993623 1.09926 1.59854 0.933028 1.00734 
0025 0.168258	0.794585 0.907564 1.05971 0.904469 1.04395 1.09368 0.960598 0.914119 1.22375 1.01745 
0026 0.0460981	0.384213 0.955322 1.14368 1.28858 1.00515 1.077 1.10424 1.27602 1.11324 1.10168 
0027 0.0714521	0.75064 1.02115 1.0222 0.698321 0.896637 0.929657 0.990172 1.01098 1.02037 0.950206 
0030 0.147248	1.55834 0.985846 1.06576 0.890423 0.904219 1.03375 1.13992 1.60858 1.24003 1.19028 
0031 0.0795736	1.10478 0.88649 0.87169 1.01204 0.912484 0.922914 0.7532 0.768337 0.799937 0.955632 
0032 0.055528	0.537007 0.967175 0.811014 0.824492 1.00015 0.75546 0.837109 0.759774 0.999404 1.02099 
0033 0.112295	0.441184 0.964196 1.01513 0.896694 1.04942 0.868317 0.945871 0.742773 1.53818 1.15422 
0034 0.141299	3.69963 1.05615 0.986249 1.16217 0.879486 1.11421 0.99017 1.12564 0.617681 0.932075 
0035 0.0691621	1.14065 1.00263 1.11164 1.04277 1.06223 1.08795 0.923509 0.941037 1.08789 1.1494 
0036 0.192117	2.61667 0.925138 1.00426 0.962292 0.86368 1.06474 0.921059 1.08377 0.826537 0.946466 
0037 0.202776	1.67258 0.931708 0.879303 1.04308 0.949961 0.863587 1.01849 1.01055 1.00617 1.06823 
0040 0.160428	1.85932 1.04794 1.04479 0.995426 1.04783 1.07911 0.9266 0.958555 1.01587 1.07892 
0041 0.124183	1.17823 1.13153 1.09522 0.910301 1.02504 1.03451 1.09663 1.21921 1.01671 1.16232 
0042 0.0713012	1.20952 1.26009 1.15091 0.866919 1.11012 1.14519 0.828981 0.92571 0.932681 1.19478 
0043 0.11943	0.734715 1.05165 1.11502 0.731088 1.04462 0.981995 1.06331 1.20581 1.28384 1.33651 
0044 0.118241	0.857021 1.03543 0.942527 1.20107 1.02806 0.926061 0.903061 0.831575 0.767427 1.05519 
0045 0.0641711	0.423335 0.917467 0.914382 0.764887 0.924243 0.915234 0.779783 0.674474 1.00791 0.987001 
0046 0.109923	4.28887 0.929635 0.972275 0.879062 0.862973 1.16405 0.97012 1.05355 0.82504 1.01038 
0047 0.232323	0.463102 1.06928 1.1194 0.901632 1.03681 1.00295 1.06031 1.16652 1.44603 1.05365 
0050 0.101255	1.53064 0.95053 0.941824 1.22279 0.946893 0.943359 0.880666 0.883061 0.701167 0.934013 
0051 0.201688	0.704128 0.895886 1.00161 0.905466 0.93634 0.966095 0.849645 0.798725 0.897801 0.897074 
0052 0.0712081	1.35439 1.06645 1.10967 0.868193 1.09334 1.08438 1.10564 1.04954 1.51142 1.0475 
0053 0.164849	3.11409 1.18493 1.01476 1.13014 0.972405 1.2037 1.04415 1.33945 0.785115 0.944128 
0054 0.0582424	0.778949 1.12943 1.20627 1.11046 1.0536 1.19292 0.876973 1.32812 0.895298 0.94454 
0055 0.133155	0.991124 0.981725 0.998587 0.906839 1.0117 0.906146 1.0594 1.42673 1.00766 1.08016 
0056 0.0629759	0.410485 1.05039 1.06405 1.24274 1.1153 1.11649 0.788371 0.875647 0.981907 1.06374 
0057 0.206627	0.296082 1.05898 1.04305 0.907022 1.08996 0.919327 0.976859 1.05656 1.3082 1.15255 
0060 0.183561	1.15914 0.955587 1.04958 1.20894 1.0381 1.05773 0.955395 1.24214 0.989692 1.03983 
0061 0.0929787	0.486675 0.902714 1.02451 1.32973 1.10425 0.908716 0.967926 1.01164 1.13248 1.0331 
0062 0.102324	3.62785 1.01687 0.861403 1.1806 1.01584 1.03338 0.887166 0.920284 0.607913 0.898561 
0063 0.123652	0.406557 0.968244 1.11529 0.924807 1.13691 0.842795 1.18741 1.46375 1.45207 1.24286 
0064 0.118859	1.34469 0.929633 0.863386 0.944477 0.992483 0.869873 0.926029 0.756165 0.8372 0.823398 
0065 0.110472	1.81006 0.893438 1.0601 1.00057 0.906797 0.954974 1.10879 1.18371 0.866347 1.0582 
0066 0.0630242	0.707752 0.908534 0.928436 1.01559 0.959917 0.852285 0.900719 0.733512 0.759186 0.831138 
0067 0.205128	0.486766 1.11042 1.0676 0.948897 1.07508 0.907762 0.878598 0.894008 1.09245 1.00073 
0070 0.258394	2.15075 0.912162 0.997628 1.18951 0.911291 0.906369 1.03933 1.34433 0.777293 1.10498 
0071 0.0793285	2.30924 1.00216 1.23055 1.06917 1.05179 1.02721 1.14719 1.84486 1.29879 1.24781 
0072 0.0707702	0.434753 1.03386 1.19217 1.05544 1.23573 0.91313 1.02024 0.798256 1.81342 1.2713 
0073 0.11817	2.37633 1.14076 1.16303 1.23329 1.05945 1.16196 1.11043 1.2177 1.1501 1.11408 
0074 0.0961159	0.534268 0.904892 0.993058 1.03196 1.04702 0.758922 0.891057 0.989274 1.21816 1.17762 
0075 0.101712	4.08979 1.01308 1.02995 1.05549 0.890562 1.11941 1.01184 0.927733 0.72636 0.760455 
0076 0.128045	2.03234 0.930292 0.8364 0.901185 0.959909 0.832465 0.828775 0.808993 0.844459 1.04003 
0077 0.147465	0.302514 0.911003 0.996078 0.942271 1.05664 0.832731 0.766274 0.684659 1.19642 0.941415 
0100 0.0429553	2.804 0.915483 0.947248 0.971206 0.845631 1.10911 0.859664 1.07769 0.662384 0.813752 
0101 0.171821	0.75016 0.86012 0.880331 1.01702 0.946808 0.935672 0.867103 0.72227 0.808994 0.855038 
0102 0.151203	0.347533 0.887516 0.925537 0.645459 1.03743 0.898756 0.951594 0.827637 1.58132 0.995883 
0103 0.207904	1.28777 0.865329 1.01144 0.815226 0.947781 1.03919 0.835695 0.863688 0.992182 0.88834 
0104 0.168385	1.65934 0.889667 0.959618 1.07388 0.95351 1.01317 0.89106 0.908398 0.89699 0.995397 
0105 0.0584192	2.28961 0.920226 1.02233 1.14868 0.89567 1.15948 1.05201 0.983876 0.911959 0.838441 
0106 0.0584192	4.24832 0.91153 1.02462 0.932505 0.832839 1.33435 1.00826 1.48047 0.891457 0.944984 
0107 0.140893	0.758389 0.852666 1.10012 0.962442 0.914672 0.985165 1.02682 1.2775 1.32875 1.02623 
0110 0.0774977	1.08279 0.953245 0.880999 0.714689 0.88632 0.911684 0.962782 0.926253 1.03474 0.928358 
0111 0.107376	0.553971 1.03097 0.961139 0.783552 0.889668 0.943004 0.817611 0.657604 0.960583 0.836307 
0112 0.124183	4.2444 1.07593 1.00648 1.18408 0.907482 1.06002 0.98895 1.18858 0.615497 0.974302 
0113 0.124183	2.027 1.0238 1.0238 0.997384 0.918068 0.999882 1.05766 1.42123 0.901119 1.08383 
0114 0.0793651	1.93559 0.950677 0.924141 0.816781 0.860481 1.05067 0.911624 0.795727 0.808525 0.821662 
0115 0.0606909	0.612482 0.984188 1.10442 1.26005 1.04361 1.08183 0.988542 0.880261 1.09765 1.08012 
0116 0.159197	1.26493 0.943619 1.07903 1.19521 0.988722 1.15941 1.0599 0.981442 1.14359 1.08865 
0117 0.267507	0.558849 1.05773 1.11374 1.01231 1.07399 0.932775 0.976734 1.02791 1.36577 1.10369 
0120 0.0854701	0.949322 1.03593 0.858228 0.722117 0.84116 0.789151 1.12182 1.01721 0.833916 0.979158 
0121 0.151404	0.635227 1.06502 1.22519 0.895057 1.03933 0.902902 1.06778 1.34736 1.18396 1.22895 
0122 0.0561661	4.43298 0.965565 0.851454 0.77726 0.872298 0.907169 1.00369 1.28832 0.737685 0.922485 
0123 0.0952381	0.344292 0.840393 0.979248 0.732652 0.891868 0.829065 1.04814 0.597832 1.38307 0.8718 
0124 0.17094	1.5882 0.918041 0.997729 0.980235 0.863728 0.954509 1.07103 1.08275 0.92084 0.968336 
0125 0.17094	1.09072 1.08027 1.12361 1.02754 0.952778 1.07729 0.922413 0.702273 0.803333 0.953464 
0126 0.118437	2.51042 0.943822 0.941024 1.01352 0.756589 1.03234 1.02617 0.991892 0.586251 0.809061 
0127 0.151404	0.6576 0.992928 1.01449 0.820536 0.965681 0.919132 0.936751 0.742474 1.15508 0.96916 
0130 0.23907	0.344619 0.971858 1.03421 0.953596 1.06701 0.877719 1.00474 0.867013 1.44298 1.03952 
0131 0.0996126	0.423836 1.02003 0.985533 0.93355 1.04237 0.841908 0.942866 1.28131 1.13745 1.13281 
0132 0.118428	2.30493 1.02183 0.973104 1.00513 0.964023 1.1613 1.22798 1.22619 0.974157 0.925579 
0133 0.0957388	0.973372 1.00487 0.918551 0.998881 0.960469 0.862742 1.01577 1.79983 0.977971 0.917906 
0134 0.0857775	0.929477 0.995126 0.803148 1.07035 1.02359 0.916034 0.860429 0.739473 0.7733 0.878855 
0135 0.110681	1.14949 0.899284 1.0766 1.36063 0.911771 1.03938 0.929182 1.10511 0.703551 0.814837 
0136 0.0935252	0.618756 0.987366 0.887345 0.996594 0.966181 0.921342 0.865641 0.627741 0.937777 0.847561 
0137 0.157167	1.42109 1.00333 1.10268 1.12051 1.02007 1.05047 0.9625 1.24985 0.940491 0.984865 
0140 0.0962264	0.730331 1.01003 0.980473 0.796076 0.88982 0.870719 0.935875 1.39831 0.873298 1.05055 
0141 0.226415	0.286454 1.04598 0.992347 0.771338 0.936358 0.824829 0.878672 0.900009 1.23638 0.921986 
0142 0.0792453	4.0677 0.898202 0.797587 0.991188 0.772732 0.81995 0.974242 1.63033 0.519515 0.831768 
0143 0.143396	0.530381 0.907408 0.890732 1.18608 0.958474 0.880265 0.874069 0.756088 0.876014 0.828101 
0144 0.164151	1.17997 0.899081 0.968561 0.835862 0.85415 0.881424 0.846471 1.04253 0.830409 0.833442 
0145 0.0528302	2.18689 1.08585 1.11737 1.11331 1.05432 1.24343 1.13625 1.0958 1.14285 1.03772 
0146 0.145283	0.655767 1.04472 1.10574 0.928524 1.05843 1.00368 1.02674 1.13856 1.49495 1.16409 
0147 0.0924528	2.11735 0.901279 0.896033 1.04689 0.794063 0.931715 0.86068 1.06166 0.614356 0.897871 
0150 0.223748	1.09326 1.1001 1.07461 0.974829 1.13789 1.01712 1.19686 1.13335 1.19397 1.11893 
0151 0.108239	1.62214 0.956638 1.18362 0.909763 0.920242 1.08121 0.94962 1.07262 1.04314 1.1058 
0152 0.121163	2.67727 1.00411 1.02763 1.34364 0.871022 1.14621 0.969008 1.10668 0.660987 1.00221 
0153 0.0686591	0.500357 0.840518 0.930312 1.34741 1.19731 0.937504 0.930717 0.685468 1.32181 1.15791 
0154 0.15105	0.471417 1.00958 1.21037 0.938262 1.09579 1.00277 1.01693 1.28916 1.41541 1.3013 
0155 0.0468498	5.63036 1.17017 1.36124 0.790768 1.05641 1.21758 1.06849 1.53889 1.35019 1.36162 
0156 0.180937	0.716056 0.903365 1.09423 0.878733 0.979925 0.939335 0.955623 0.899154 1.2115 1.01533 
0157 0.0993538	0.236899 1.03336 1.14646 0.82931 1.2454 0.832479 0.859443 0.786117 2.01037 1.41971 
0160 0.104308	0.385382 0.926118 1.0997 1.06966 1.06586 0.883972 0.895877 0.851078 1.11088 0.961349 
0161 0.0986395	0.739548 0.963555 0.924407 1.06574 0.937401 1.07444 0.805222 0.725006 0.75455 0.898376 
0162 0.1678	1.76992 1.00192 1.1052 1.35143 1.03254 1.10791 0.948059 0.937072 0.808568 0.874973 
0163 0.114512	3.42877 1.12462 1.01932 1.1871 0.842477 1.28046 1.06612 0.984162 0.543618 0.766529 
0164 0.0634921	0.47053 0.998949 1.02037 0.845041 1.07643 0.995118 0.985488 1.14011 1.45469 1.11619 
0165 0.117914	0.690358 1.05946 1.17974 1.16117 1.17816 1.00651 1.07894 1.42401 1.46608 1.16654 
0166 0.145125	0.95678 1.09597 1.02446 0.995814 1.09118 0.901775 0.89445 1.13652 0.814936 0.892243 
0167 0.188209	1.04693 1.0248 1.09469 0.817028 0.914495 1.07636 0.925776 0.909263 0.938717 0.981864 
0170 0.26652	0.954035 1.01474 0.850556 1.03611 0.922053 0.984211 0.921185 0.905829 0.988564 0.844177 
0171 0.0837004	1.20217 1.1545 1.02189 1.07358 0.931227 1.1215 1.0358 1.40244 0.93317 0.97913 
0172 0.160793	0.668999 1.02434 1.05068 1.10721 1.08445 1.00176 1.02418 1.31963 1.40068 1.18923 
0173 0.082232	4.02898 0.980545 1.00667 1.26402 0.800831 1.25959 1.01506 1.28303 0.619055 0.702553 
0174 0.0888399	0.326043 1.16824 1.03317 0.949555 1.1291 0.89487 0.936126 1.07986 1.43368 1.13931 
0175 0.0631424	1.28657 0.88664 0.96431 1.39401 0.899277 0.958908 0.904095 1.09162 0.713369 0.868418 
0176 0.0829662	0.361159 1.00686 1.00836 1.062 0.970386 0.919699 0.917554 0.733542 1.11791 0.922541 
0177 0.171806	2.02776 1.08472 1.04523 1.2895 0.936802 1.21007 0.981966 1.13718 0.723495 0.86184 
1000 0.142738	0.615795 0.975539 0.933217 0.915625 0.979745 0.948829 1.04694 1.22045 1.03705 0.915247 
1001 0.187375	0.528355 0.956987 0.927564 0.806554 1.07806 0.891277 0.896825 0.809478 1.18376 1.00805 
1002 0.0699534	2.36426 0.933385 0.945875 1.23696 0.985753 1.01781 0.991495 1.1187 0.664487 0.999617 
1003 0.052465	0.24518 0.931626 0.990024 0.71565 1.10215 0.897417 1.04066 0.958009 1.71895 1.05232 
1004 0.142405	3.27109 1.01215 0.876411 0.976716 0.937607 1.09268 1.03229 1.04011 0.747687 0.897839 
1005 0.0976016	0.340383 1.02501 1.11492 0.947333 1.14919 1.07912 1.04618 1.09343 1.33482 1.05632 
1006 0.154397	0.745141 0.836881 1.00956 1.20424 1.08064 1.05219 0.892589 0.721527 0.948613 0.94494 
1007 0.153065	0.909321 0.919918 0.785237 0.872859 0.976496 0.895741 0.891661 0.791888 0.848552 0.984531 
1010 0.214851	0.756174 0.92771 0.949989 0.887134 0.967613 0.916331 1.02096 0.978007 1.02204 1.00087 
1011 0.103465	0.292106 0.971537 0.95021 0.740657 1.01534 0.842504 1.0526 0.68989 1.57498 1.01447 
1012 0.0569307	0.367231 0.919757 1.03906 1.10279 1.09635 0.91829 0.86728 0.694832 1.168 0.893171 
1013 0.126898	2.23991 1.03415 0.953858 0.928654 0.836791 0.996301 1.21686 1.44696 0.830864 1.0233 
1014 0.179703	2.89101 1.07908 1.08309 1.15975 1.02187 1.09465 1.12296 1.2383 0.894617 1.08686 
1015 0.059736	0.518725 1.07814 1.27488 1.1275 1.07846 1.04342 1.16576 1.18719 1.21808 1.17242 
1016 0.15	1.20687 0.997885 0.951654 1.22684 0.990392 1.10874 1.06629 0.830999 0.95815 1.07398 
1017 0.108416	0.70883 1.00778 0.999966 0.846894 1.07127 0.884093 1.14491 1.16903 1.52881 1.3333 
1020 0.072688	1.23463 1.0058 1.09537 0.855064 1.06127 1.0206 1.19348 1.25522 1.68105 1.34395 
1021 0.100756	1.30654 1.18342 1.00645 0.763403 1.07932 0.879149 0.989916 1.39201 1.15335 1.21738 
1022 0.108672	0.756013 1.02397 0.9684 0.952157 1.07991 0.899701 1.00294 0.777199 1.233 1.06779 
1023 0.268082	1.65271 1.02966 0.939464 1.09388 0.93992 1.02015 1.01401 0.961442 0.720452 0.95432 
1024 0.141418	1.51596 0.970088 0.964501 1.02694 0.889881 0.930564 1.20781 1.08565 1.11831 0.984317 
1025 0.125585	2.93492 0.985452 1.08221 0.97539 0.961826 1.03476 1.20527 1.13961 0.986108 1.16816 
1026 0.100756	0.739429 0.983636 1.11258 1.14766 1.0799 1.06435 0.970682 0.857506 1.0825 0.989491 
1027 0.0820439	6.7171 1.15949 1.02816 1.13552 0.872205 1.14974 1.04089 0.990755 0.617729 1.00164 
1030 0.118441	0.470774 1.06286 1.09658 0.820787 1.12587 0.870177 1.06872 1.41274 1.54528 1.08099 
1031 0.0790855	0.874236 1.13592 1.05434 0.989724 1.12705 1.10832 1.1259 1.51617 1.13895 1.19455 
1032 0.10045	1.71176 0.965609 0.986081 1.05289 0.982898 0.963692 1.06064 1.13271 0.909329 0.871562 
1033 0.0607196	0.358358 0.894633 0.791277 0.774814 1.12388 0.825959 0.866707 0.700445 1.19512 0.926171 
1034 0.155172	0.634423 1.07558 1.00493 0.995611 1.03841 0.986563 0.971594 0.849833 1.06115 0.983946 
1035 0.152924	3.97266 1.16255 0.843147 1.03179 0.913206 1.07533 0.972195 0.957653 0.580768 0.792047 
1036 0.160795	1.17902 1.1352 0.936265 0.984799 1.02196 0.926796 1.03581 0.921422 0.746281 0.876709 
1037 0.172414	0.476251 0.875131 0.983441 0.861879 1.04347 0.826896 1.07595 1.02621 1.26411 1.10455 
1040 0.04786	1.39608 0.945249 0.742036 1.09542 0.99578 0.944912 0.897411 0.759961 0.719016 0.909129 
1041 0.20915	3.72926 1.10575 0.99825 0.969245 0.998673 1.19299 1.0271 1.1707 0.82819 0.89052 
1042 0.14864	0.54605 1.04667 1.03765 0.896524 1.19287 1.01265 1.05019 1.10457 1.53947 1.17826 
1043 0.0910816	1.06801 0.991863 0.859045 0.934791 0.974803 0.968271 0.996293 0.857518 0.720311 0.857949 
1044 0.200295	1.6771 1.12598 0.993701 1.23536 1.01093 1.18393 0.965027 0.974621 0.871411 1.05931 
1045 0.058191	0.750831 1.10541 1.18311 0.946107 1.06506 1.1955 1.10159 1.20855 1.13079 0.967933 
1046 0.161712	1.03765 0.992056 0.918058 0.848459 0.96012 1.00277 1.00034 1.03872 0.982352 1.02307 
1047 0.0830698	0.70276 0.958586 0.883643 0.73839 0.984257 1.04431 0.958984 0.715966 1.00411 0.959225 
1050 0.138679	0.764093 0.968178 0.968983 0.85245 1.11642 0.974536 0.896773 0.937914 1.28072 1.18546 
1051 0.0734577	1.47437 1.02033 1.14561 1.07492 1.10386 1.02529 1.11879 1.79162 1.09191 1.27768 
1052 0.107077	0.349078 0.976204 1.14226 0.810537 1.13802 0.965496 1.06362 1.26192 1.51984 1.23143 
1053 0.0811901	0.960334 0.926432 1.18812 1.58298 1.11327 1.16528 1.00939 0.868805 0.959673 0.980907 
1054 0.0811901	0.647293 1.04355 1.23442 0.936469 1.11917 1.17078 0.983805 0.986438 1.15204 1.17055 
1055 0.237351	2.94829 0.993209 0.966212 1.14183 1.047 1.04374 0.968058 1.1563 0.699561 0.879913 
1056 0.106573	0.422193 0.880233 1.01861 0.979659 1.11172 0.895001 0.949311 0.930546 1.10116 0.981845 
1057 0.174483	1.46392 0.979417 0.958211 0.990163 0.943961 0.963176 0.952441 1.04528 0.811239 0.917215 
1060 0.155109	2.60045 0.956343 0.948605 0.974612 0.804615 0.998091 0.942954 1.05886 0.607865 0.904664 
1061 0.0778375	0.481401 1.04274 0.912403 0.994047 1.03397 0.901851 0.926812 0.830958 1.03778 1.04756 
1062 0.0710444	0.318626 0.997443 1.1408 0.707698 1.13605 0.911475 1.00332 0.963009 1.86092 1.13 
1063 0.0945372	0.303968 1.0026 1.21338 1.12653 1.07467 1.03378 1.1699 1.40733 1.52952 1.11447 
1064 0.0730258	0.493372 1.06388 0.956089 0.913387 0.943534 0.917846 1.06427 1.37098 0.911092 1.06985 
1065 0.074724	0.734123 0.95442 1.08789 0.972975 0.953441 0.909758 0.944355 0.687234 1.13686 0.940904 
1066 0.108123	1.54768 1.0308 1.11883 1.32297 0.909221 1.20297 1.01187 1.01453 0.864607 0.865173 
1067 0.345599	0.885339 0.978457 0.995747 0.948152 0.990162 1.10167 0.964233 0.960354 1.08591 0.899998 
1070 0.090504	0.498333 0.90816 1.19822 1.2662 1.01622 1.20619 0.972756 0.836296 1.20897 0.943136 
1071 0.19716	2.19563 1.05766 0.999622 1.0612 0.818833 1.06738 0.958653 1.02448 0.677353 0.861732 
1072 0.0473406	0.748201 0.946437 1.1933 1.12262 1.13943 1.11393 1.17929 1.25625 1.22465 1.20034 
1073 0.106934	0.417859 0.911434 0.943499 1.04745 0.96989 0.854211 0.851384 0.636906 0.968511 0.91454 
1074 0.137566	0.330728 0.979918 1.09872 0.804474 1.07812 0.892276 1.03232 1.09045 1.61599 1.33875 
1075 0.187413	1.42698 1.0151 1.17972 1.01695 0.925937 1.17396 1.18766 1.2762 0.965515 0.982708 
1076 0.112503	1.27569 0.966928 0.975661 0.853238 0.982806 1.07393 1.10083 0.73579 1.02731 1.11797 
1077 0.120579	1.31752 0.912578 0.889058 0.774364 0.934757 0.843496 0.919611 0.904167 0.864182 1.03443 
1100 0.143926	1.38238 0.980172 1.04474 0.977215 0.964137 1.03518 1.18181 1.26831 1.18367 1.0777 
1101 0.179169	0.543033 1.08145 0.969902 1.0909 0.971054 1.12357 1.0248 0.885622 1.1285 0.992045 
1102 0.169522	2.80043 1.08159 0.924501 1.14311 0.944621 1.1336 0.984942 1.11667 0.71332 0.860453 
1103 0.151605	0.214179 1.02722 1.21156 0.857175 1.07962 0.985708 1.03563 1.10247 1.53069 1.14801 
1104 0.117937	0.241302 0.939828 0.93738 0.914331 1.01176 0.820384 0.831116 0.740861 1.33482 0.993466 
1105 0.0413467	0.992047 1.06974 1.03006 1.04539 0.961026 1.14364 0.825392 0.633966 0.765763 0.828226 
1106 0.112227	0.872079 0.975056 0.845429 1.16349 0.921944 0.905508 0.868953 0.63162 0.75457 0.920018 
1107 0.0842686	3.45953 0.996374 1.08806 1.27678 0.923821 1.23162 1.25316 1.41499 0.933624 1.03392 
1110 0.148574	0.102705 1.06324 0.959348 0.949584 1.07864 0.916728 0.977689 0.780374 1.3365 0.877433 
1111 0.134067	2.31526 1.07349 0.961721 1.26336 0.939664 1.12751 1.0695 0.890072 0.719608 0.949358 
1112 0.145073	0.813913 0.932228 0.899668 0.824116 0.887759 0.963107 0.89423 0.903139 0.801596 0.854828 
1113 0.222611	0.8723 1.06517 0.992688 0.902073 0.961041 0.945088 1.09516 0.987561 1.01267 1.0009 
1114 0.0655328	0.45313 0.999454 0.95698 0.872025 0.986353 1.02774 0.850228 0.672194 1.15275 0.967653 
1115 0.142571	1.19644 1.17315 0.99161 0.946964 0.873262 1.06502 1.11931 1.45973 0.810496 0.975877 
1116 0.082041	0.369493 0.99627 0.975739 1.10377 1.12564 0.897676 1.07033 1.22489 1.3347 1.04828 
1117 0.0595298	0.196025 1.13416 1.13605 0.900564 1.16746 0.929281 1.04573 1.08056 1.43253 1.09914 
1120 0.092142	1.06329 1.0323 0.976054 1.11261 1.09608 1.12378 0.94968 0.710388 1.22548 0.887022 
1121 0.0741923	5.24578 1.16822 0.977478 0.907161 0.887963 1.04936 1.03366 1.24031 0.668346 0.906615 
1122 0.261268	0.616952 0.971353 1.07346 0.981962 0.996551 0.895571 0.934304 0.767073 0.938629 0.821905 
1123 0.0833666	2.23778 0.926017 1.00571 1.08942 0.959281 0.984883 1.09376 1.52668 1.05298 0.992636 
1124 0.105305	3.04044 0.98684 1.02577 1.14173 1.03741 1.0087 1.01314 1.06488 0.837407 0.845563 
1125 0.0618269	0.498588 0.980819 1.15433 0.898488 1.08949 1.00563 0.917045 0.635645 1.49789 0.977244 
1126 0.191065	0.728855 1.10233 1.05185 0.986971 1.03023 0.93589 1.10923 1.14507 1.2173 1.11547 
1127 0.130834	1.55671 0.943614 0.963186 1.17998 0.986705 1.02534 0.860365 0.748188 0.809221 0.820339 
1130 0.216385	1.51383 1.01135 0.901875 1.09526 0.937778 1.06129 0.985802 1.09444 0.736054 0.965632 
1131 0.0885378	0.515816 1.0641 0.923284 0.675036 0.955617 0.797314 0.947534 0.824644 1.06955 1.0251 
1132 0.100661	0.676844 1.03785 1.09691 1.08144 1.02009 0.910628 1.1197 1.42731 0.970874 1.14951 
1133 0.152829	0.437778 1.01074 0.988097 1.20532 1.1178 0.900328 0.960817 0.742586 1.08676 1.04794 
1134 0.0734754	0.218333 1.07597 1.05548 0.890924 0.972213 0.81364 1.08795 1.09242 1.16283 1.16839 
1135 0.0503306	0.450626 1.11334 1.13185 0.714588 1.12082 0.874427 1.20232 1.29314 1.62026 1.08593 
1136 0.182954	1.04702 0.993292 1.05554 0.908441 0.941695 0.981513 1.07031 0.952014 0.837766 0.996859 
1137 0.134827	0.341176 1.09291 1.10805 0.756934 1.14583 0.901461 0.910871 0.891689 1.33249 1.02372 
1140 0.216019	1.39237 0.91695 1.02628 1.15787 0.965225 0.990265 1.04971 0.903517 0.881112 0.914186 
1141 0.148867	0.57722 1.13624 1.14345 1.07751 1.08026 0.891819 1.04834 0.958848 1.27894 1.03129 
1142 0.0833333	0.630515 1.01783 1.16451 0.900331 1.19518 0.829956 1.12131 1.26531 1.81401 1.2788 
1143 0.16343	2.16195 0.974692 0.909307 0.770436 0.950621 0.843582 1.04086 0.988934 0.912283 0.874711 
1144 0.0954693	2.1283 1.0485 1.15503 1.32014 1.09033 1.11672 1.20055 1.14472 1.10323 0.919735 
1145 0.0533981	1.20094 1.06059 1.05851 1.02767 1.08519 0.937681 1.19094 1.33312 1.44618 1.08998 
1146 0.0683657	1.78199 1.09276 1.15862 1.07138 1.02936 1.03904 0.917071 0.792769 1.04833 0.887324 
1147 0.171117	5.19618 1.02946 0.91409 1.16657 0.96208 1.04124 1.0658 0.955609 0.652028 0.852553 
1150 0.131238	0.806178 0.984174 0.883408 0.928083 0.907342 0.837242 0.857871 0.777297 0.845932 0.936178 
1151 0.0753316	7.08832 1.12472 0.911862 1.01283 0.852541 1.12863 1.253 1.27168 0.683656 0.858589 
1152 0.0751737	0.167178 1.03288 0.91058 1.00144 1.03766 0.906898 0.888342 0.605175 1.23034 0.905408 
1153 0.125711	0.597875 1.11554 1.01063 0.778288 1.02974 0.953457 1.09453 0.85665 1.22864 1.02455 
1154 0.221257	0.907671 1.02523 1.02094 0.943704 0.931266 0.965429 1.14758 1.41106 1.00992 1.06565 
1155 0.183354	1.03171 0.988208 1.024 1.11394 0.985475 0.999518 0.901452 0.785563 0.917124 0.856197 
1156 0.0874921	2.14874 0.99236 0.954302 1.20487 0.967973 0.967231 1.08863 1.24485 0.808579 0.971456 
1157 0.100442	0.182757 1.01559 1.21471 0.907663 1.09716 0.957355 1.06115 1.01228 1.71751 1.04749 
1160 0.0882436	0.803742 0.879633 0.892995 0.942645 0.945372 0.959175 0.913286 0.763544 0.850234 0.912263 
1161 0.249225	0.632558 1.11397 1.14424 0.971431 1.03399 1.12011 1.02001 1.1144 0.966806 1.04924 
1162 0.133634	0.156085 1.16255 1.05173 0.6899 1.01768 0.836795 1.11091 1.11056 1.25606 1.15889 
1163 0.0950099	0.144864 1.00627 1.06794 0.636309 1.08921 0.9303 1.00283 0.879737 1.59649 1.1942 
1164 0.0563857	0.242108 1.10673 1.24917 0.757683 1.02512 1.0476 1.25013 1.62969 1.46094 1.25349 
1165 0.0735833	0.559011 0.902397 1.04729 1.00892 1.00752 0.980501 1.12912 0.896886 1.15589 0.979207 
1166 0.14322	0.294083 1.05514 0.909042 0.680905 0.952894 0.905025 1.0015 0.796232 1.01924 0.984003 
1167 0.160699	1.43822 0.918608 0.995295 1.09396 0.961838 1.0356 1.00997 0.935463 0.706401 0.92322 
1170 0.160825	1.2355 0.997616 1.0337 0.982207 0.961309 1.02872 1.12038 1.30302 0.999438 1.00194 
1171 0.167385	0.431029 0.949966 1.03238 0.952763 1.08777 0.838603 1.14506 0.891155 1.46515 0.984165 
1172 0.0567948	5.40118 0.802181 0.880841 1.04166 0.844448 0.98615 1.10141 1.21081 0.648234 0.915042 
1173 0.146017	0.812632 0.967829 0.865682 0.895749 0.955137 0.887456 1.00119 0.989319 0.922732 0.932906 
1174 0.0927835	2.48761 0.975813 1.07877 1.05478 0.949548 1.05669 0.999988 1.17441 0.804931 0.979299 
1175 0.094283	0.370147 1.02225 1.187 0.962471 1.09328 1.06455 0.918323 0.819747 1.26109 0.969191 
1176 0.0954077	0.786026 1.01163 1.08064 0.957984 1.09962 0.990269 1.15617 1.3081 1.24444 1.1469 
1177 0.186504	1.35736 0.853548 0.90869 0.992441 1.08721 0.901937 0.847013 0.68528 1.04452 0.901176 
BOUNDS
LWPS R    0.0  0.0  0.0  0.0  0.0  0.0  0.0  0.0  0.0  0.0
UWPS R    0.5  0.5  0.5  0.5  0.5  0.5  0.5  0.5  0.5  0.5
LXAS R   -0.5 -0.5 -0.5 -0.5 -0.5 -0.5 -0.5 -0.5 -0.5 -0.5
UXAS R    0.5  0.5  0.5  0.5  0.5  0.5  0.5  0.5  0.5  0.5
END
