NAME moment_estimation_cluster
ASSETS 10
BENCHMARKS 0.1 0.1 0.1 0.1 0.1 0.1 0.1 0.1 0.1 0.1 
COVARIANCES
0 0 17.5525
1 0 0.383992
1 1 0.0194558
2 0 0.26446
2 1 -0.00210294
2 2 0.10981
3 0 0.825639
3 1 0.0152697
3 2 0.0512654
3 3 0.0762828
4 0 0.608932
4 1 0.0175446
4 2 0.0204732
4 3 0.0374747
4 4 0.0287562
5 0 1.60965
5 1 0.0374849
5 2 0.0757777
5 3 0.112301
5 4 0.0698608
5 5 0.209578
6 0 1.2172
6 1 0.0317247
6 2 0.0767778
6 3 0.0792795
6 4 0.0546223
6 5 0.152536
6 6 0.144662
7 0 0.115859
7 1 -0.000816309
7 2 0.121721
7 3 0.0535085
7 4 0.021024
7 5 0.0857108
7 6 0.0909766
7 7 0.168317
8 0 -0.241801
8 1 0.00439443
8 2 -0.0128717
8 3 -0.0260779
8 4 -0.00452042
8 5 -0.0347802
8 6 -0.00554382
8 7 -0.00164865
8 8 0.0390128
9 0 0.328603
9 1 0.00644232
9 2 0.0456229
9 3 0.0293969
9 4 0.0184802
9 5 0.0508431
9 6 0.0533368
9 7 0.0554265
9 8 0.00321187
9 9 0.0308449
SCENARIOS
0 0.28352	9494.61 1.24461 0.733267 1.59921 1.24662 1.80002 1.29566 0.634228 0.906652 0.883635 
1 0.71648	1.4697 0.906189 1.06008 0.910457 0.944179 0.822586 0.909602 1.10675 0.97417 0.972103 
00 0.772044	0.0420893 1.08582 1.37237 0.755142 1.02522 0.842075 1.20087 2.11991 1.2792 1.30728 
01 0.227956	3863.87 1.00527 1.37787 1.37931 1.3103 2.18196 1.85922 1.31897 0.594443 1.15558 
10 0.574126	8377.91 1.13617 0.950781 2.28353 1.30404 2.69498 1.69331 0.779868 0.461442 0.966061 
11 0.425874	6.9473 1.05039 1.2008 1.16045 1.09116 1.4393 1.16162 1.48012 0.873574 1.22609 
000 0.19841	0.000745898 0.760876 0.678822 0.6439 0.703891 0.403956 0.507731 0.489573 1.03359 0.690834 
001 0.168395	0.061344 0.803719 1.00579 0.953176 0.86089 0.752405 0.649687 0.692715 0.966185 0.948891 
002 0.092695	2.45062 0.733616 1.39351 1.24451 0.94232 1.52712 1.28989 0.995097 0.827593 1.29066 
003 0.0497967	0.000893927 0.638921 1.66974 0.904414 0.706459 0.767428 0.770915 1.52914 0.806121 1.09557 
004 0.0765225	0.0232297 0.600813 2.26847 1.19873 0.869718 1.15071 1.14429 2.54117 0.853472 1.26565 
005 0.132121	0.482443 0.996436 1.33778 1.19816 0.860435 0.921061 0.997291 0.853098 0.857317 0.844815 
006 0.0777103	0.00100911 0.646452 1.31625 0.888651 0.715018 0.597309 0.611929 1.07863 0.858381 0.929789 
007 0.204349	7632.51 0.844526 4.58554 2.40344 1.435 4.38853 3.3211 3.11252 0.585019 1.77711 
010 0.112641	0.0619473 1.05036 2.2936 0.851119 1.05802 1.13561 1.84151 3.99621 2.88222 2.04861 
011 0.060034	0.0042342 0.971281 0.816653 0.891051 0.967148 0.810146 1.10918 1.30841 1.63356 1.02743 
012 0.292434	0.000212995 0.997544 1.20673 0.654306 0.743196 0.477113 0.725491 1.71479 1.69556 1.05454 
013 0.101037	1853.37 1.19479 0.974618 0.983594 1.09131 1.41699 1.60592 0.813471 0.847184 1.20977 
014 0.135077	2.92829e-06 0.896403 1.38809 0.620934 0.650565 0.344762 0.558648 1.81659 2.361 1.44012 
015 0.0973232	0.0124947 1.22795 0.62325 1.19408 0.970047 1.53402 1.05272 0.738153 1.02306 1.08131 
016 0.105833	0.00161733 1.22568 1.55868 0.503312 0.752579 0.455822 1.36779 1.05954 2.3876 1.22001 
017 0.0956212	0.446164 1.56755 1.14498 0.59598 1.27522 1.01375 1.23767 0.877654 2.37106 1.32823 
100 0.183931	0.00112426 1.009 1.12732 0.587009 0.901768 0.520895 0.856557 1.23045 2.48133 1.33149 
101 0.167692	6.84057e-06 0.975362 0.75087 0.305397 0.69461 0.24552 0.513372 0.931166 3.76157 1.06812 
102 0.118901	7136.44 1.52739 1.04279 1.04324 1.40364 2.02418 1.89138 1.19322 1.8057 1.42353 
103 0.099453	0.0252349 1.046 1.05649 0.522783 0.831209 0.592673 0.969428 1.11159 1.51907 0.910663 
104 0.117151	3.37052e-05 0.840212 0.832505 0.45054 0.764435 0.455155 0.510187 1.11236 1.90436 0.96824 
105 0.186216	1.58583e-07 0.90106 0.519801 0.302343 0.594749 0.20371 0.28169 0.551509 2.51214 0.752763 
106 0.0441473	4.50881e-08 0.807713 0.297077 0.182036 0.561096 0.120335 0.187834 0.296958 3.23928 0.615331 
107 0.0825088	6.14815e-10 0.74374 0.94677 0.289514 0.516079 0.175589 0.31789 1.10761 2.51141 0.828275 
110 0.0678072	0.00614959 0.89279 0.569458 0.701082 0.730348 0.36844 0.449589 0.341412 1.20727 0.573156 
111 0.0668895	19.638 1.1895 1.34241 1.49878 1.35572 1.38991 1.97105 1.26897 1.37364 1.26983 
112 0.21912	0.296015 0.905085 1.92336 1.30865 0.931364 1.39325 1.38225 1.97909 1.29624 1.21167 
113 0.0668567	377686 1.35819 1.84945 2.41204 1.79386 3.55245 3.37566 1.42091 1.19514 1.52073 
114 0.28555	0.02342 0.930529 0.942801 0.944868 0.928741 0.649205 0.76401 0.807815 1.23127 0.916508 
115 0.106053	3.90192e-05 0.838665 0.891151 0.576932 0.68783 0.36623 0.475261 0.627447 1.15211 0.694642 
116 0.103136	1.61516 0.968114 0.940812 1.24106 1.09792 1.3433 1.14812 0.745575 1.03231 0.862554 
117 0.0845869	0.00322263 0.751832 1.32838 0.913219 0.804923 0.517052 0.914616 1.21028 1.5087 0.977692 
0000 0.110753	23239.9 1.55043 0.640013 0.942216 1.15808 1.54928 1.84499 0.539175 1.27407 1.16954 
0001 0.110753	0.00207525 0.896382 0.838247 0.733106 0.840851 0.769979 0.565987 0.741245 0.876842 0.790623 
0002 0.273544	0.00455988 0.745075 1.40018 1.06488 0.984497 1.2143 0.906509 1.32552 1.02055 1.18688 
0003 0.0874971	3.90998 0.900908 1.85255 1.31201 1.08929 1.46741 1.61893 2.48308 0.885035 1.58025 
0004 0.0980889	0.149561 0.745107 0.787997 1.19892 0.952501 1.31481 0.547333 0.621241 0.63884 0.806747 
0005 0.0623993	0.0434893 1.03669 0.759031 0.438651 0.812436 0.448332 0.669069 0.703727 1.69495 1.12365 
0006 0.0785172	0.0510523 0.854251 0.563502 0.494741 0.73323 0.422589 0.368567 0.531819 0.980913 0.741114 
0007 0.178448	32.233 1.23497 1.05108 1.1502 1.30475 1.40645 1.12087 0.638756 0.917262 1.05429 
0010 0.225719	1.67454 1.33139 1.23278 1.07953 1.03023 1.21587 1.27304 1.10623 0.794492 0.932557 
0011 0.155996	0.203529 0.956274 1.71272 0.949739 0.974144 1.1141 1.20771 1.98136 0.635013 1.17951 
0012 0.0526316	33121 1.53189 0.220383 1.21864 1.39697 1.78285 0.884924 0.144793 0.941598 0.58594 
0013 0.103635	201.817 1.47301 1.22154 0.988695 1.24232 1.47788 2.52077 1.47736 1.38085 1.37196 
0014 0.0922409	10.627 1.17353 1.48411 1.03856 1.04731 1.11783 1.24867 1.22472 0.788895 0.957079 
0015 0.198318	0.296145 0.913781 0.730308 0.8929 0.853435 0.786617 0.809427 0.868787 0.867252 0.853185 
0016 0.0604992	30.6236 1.07145 1.28508 1.68967 1.12349 1.56393 1.80611 0.901969 0.659521 0.966116 
0017 0.11096	0.0911575 0.857583 0.536531 0.496734 0.7504 0.463942 0.654528 0.424286 0.989116 0.712045 
0020 0.217841	26.1691 1.54601 1.10885 1.5847 1.5838 1.84697 2.27686 1.30014 1.38201 1.32896 
0021 0.190241	0.356316 1.07361 1.27432 1.23901 1.08327 0.74436 0.534941 1.31491 0.977544 0.956901 
0022 0.15032	18591.4 1.5022 0.787271 1.36848 1.70823 1.27557 1.83754 0.75812 1.49205 1.00565 
0023 0.125678	0.00308612 0.944239 0.993625 0.77951 0.715343 0.277212 0.574913 0.827664 1.28595 0.723484 
0024 0.0892065	0.0215422 1.09017 1.24997 1.10891 0.959369 0.860992 1.00013 1.63046 0.755318 0.698936 
0025 0.0704781	0.060431 0.90392 0.494134 0.785953 0.798357 0.627344 0.404569 0.619075 0.63891 0.476666 
0026 0.080828	1.3585 1.80528 0.477593 1.06534 1.18411 0.822259 0.848384 0.782562 0.853457 0.512246 
0027 0.0754066	3.2018 1.01715 0.636883 0.861019 1.13141 0.930449 0.538594 0.634226 0.731212 0.625474 
0030 0.145872	0.33545 1.099 0.921643 1.27043 1.0889 1.23052 1.06966 1.07453 0.782053 0.762864 
0031 0.162385	4.47035 0.880449 1.02577 1.06256 1.21455 0.976982 1.07214 0.850108 1.10182 0.977384 
0032 0.187156	51167.1 1.26139 0.963182 1.38617 1.3476 1.23504 1.42397 0.616944 1.11982 1.10665 
0033 0.152294	0.0129937 1.1071 0.617463 0.79267 1.07542 0.733827 0.667031 0.5412 1.05214 0.725826 
0034 0.0651376	0.000844671 0.950602 1.4672 1.30573 0.957526 1.23564 0.897375 1.10175 0.762559 1.0801 
0035 0.140367	0.0433423 0.819371 1.1653 1.18868 0.95117 0.992336 0.818967 1.30918 0.693835 0.953258 
0036 0.0504587	0.0123595 1.10985 1.9218 1.11915 1.02956 1.47748 1.34452 2.84031 1.1869 1.14413 
0037 0.0963303	4.19634e-07 1.04772 0.840552 0.658092 0.844765 0.345243 0.730322 1.0319 1.78061 0.788777 
0040 0.204776	0.292053 1.27251 1.1272 1.05463 1.21899 1.27725 1.02375 1.02072 0.819686 0.996514 
0041 0.247164	3.06836 1.03514 1.83929 1.40415 1.08848 1.10145 1.34668 2.1401 1.03793 1.30412 
0042 0.0531343	0.00125851 1.16583 0.548532 0.68461 0.867538 0.54259 0.679034 0.63627 1.77153 0.838699 
0043 0.0847761	0.0461949 0.881894 0.876199 0.740403 0.823071 0.606063 0.930294 0.93617 1.35153 0.890174 
0044 0.0710448	0.0855944 1.27171 0.744427 1.10202 1.096 0.92613 0.615632 0.578644 0.7991 0.789938 
0045 0.109851	8.59379 1.16593 0.954127 1.04729 1.2249 1.81082 1.4449 0.627807 0.682187 1.13831 
0046 0.0513433	0.286129 1.28195 0.614499 0.706584 0.953547 0.614818 0.624944 0.411766 0.687472 0.716776 
0047 0.17791	2242.53 1.66726 0.752499 1.40786 1.72334 1.94133 1.05326 0.605365 1.38351 1.21072 
0050 0.0764177	0.00234976 0.766997 0.397751 0.553211 0.757513 0.471343 0.382676 0.43618 0.997495 0.738309 
0051 0.126556	7.75746 0.598652 0.84878 0.923716 0.840165 1.23423 1.09404 0.96088 0.721801 0.992622 
0052 0.251729	0.247626 0.948303 0.906748 0.923796 1.40854 1.45956 1.13832 1.20583 1.21267 1.22991 
0053 0.18361	17607.3 0.858945 0.400593 1.03274 1.4223 1.45635 0.534192 0.170143 0.467249 0.787277 
0054 0.147994	0.015891 0.756789 1.28518 0.779904 1.09742 0.949752 0.794996 1.63654 0.799298 1.14313 
0055 0.0757261	26.0663 0.775881 0.923534 1.39007 1.30908 1.81974 0.874356 0.854838 0.933207 1.03648 
0056 0.0867911	1.14775 0.561173 0.686046 0.937283 0.846673 1.0344 0.903558 0.716918 0.770963 0.970261 
0057 0.0511757	2.416 0.978861 0.853139 0.646535 1.39294 0.87869 1.13228 1.22506 1.64762 1.31625 
0060 0.0787772	0.00596251 0.795444 0.7398 0.871974 0.87413 0.794777 0.580925 0.667672 0.876025 0.727778 
0061 0.090535	36.8938 1.57393 1.00158 1.20397 1.09559 1.67002 1.68279 0.86114 1.02196 1.0058 
0062 0.095826	0.044904 1.10808 1.6333 1.13754 1.02411 1.23884 1.33324 1.77478 0.987443 1.15339 
0063 0.0634921	0.0769353 0.915029 0.655205 0.682435 0.845245 0.665678 0.94985 1.03495 1.3269 0.935722 
0064 0.138742	0.053747 0.973446 0.911668 0.612103 0.717458 0.471961 0.706895 0.746583 1.04257 0.819823 
0065 0.300412	0.0872869 0.957533 1.25902 1.07125 1.081 1.1858 1.1121 1.14973 0.885634 1.02512 
0066 0.118166	1.78027 1.09367 0.64977 0.690964 0.98044 0.981403 0.897451 0.564916 1.09004 0.855928 
0067 0.114051	17329.2 1.37444 1.61415 1.18275 1.65309 1.96008 2.95557 1.3342 1.64938 1.34474 
0070 0.0713168	0.000468128 1.4701 0.316463 0.651944 0.9925 0.481932 0.351516 0.22477 1.53569 0.585851 
0071 0.106416	0.056625 1.5976 0.269826 0.440416 0.670199 0.312332 0.426652 0.293515 1.36046 0.471354 
0072 0.226917	6.24557e-05 1.00349 0.258165 0.362613 0.553716 0.293694 0.251429 0.31204 0.887805 0.417043 
0073 0.185334	0.00298304 0.876556 0.243776 0.354217 0.574121 0.228647 0.31701 0.26558 1.41853 0.668511 
0074 0.0675162	0.638194 0.854154 0.247956 0.43247 0.622087 0.550017 0.442672 0.27766 0.670865 0.602998 
0075 0.104851	0.0153222 1.09136 0.186819 0.382295 0.74714 0.332017 0.259374 0.195213 1.48379 0.505706 
0076 0.155824	4130.32 1.3049 0.915299 1.05536 1.39256 1.81758 1.84098 0.825554 0.840782 1.027 
0077 0.0818243	0.192982 1.00612 0.447228 0.740854 0.816907 0.362098 0.664356 0.238288 1.02598 0.553371 
0100 0.0700549	0.0342493 0.998453 0.261158 0.676746 0.724158 0.315879 0.21684 0.117235 0.534296 0.396386 
0101 0.214286	82.2243 1.23405 0.666736 1.55159 1.21667 1.33328 1.08025 0.389772 0.755316 0.997732 
0102 0.211538	0.00585915 0.944817 0.697524 1.25359 0.950341 0.90715 0.565974 0.452286 0.385348 0.483871 
0103 0.10989	4.86819 0.917852 0.978291 1.50377 1.02936 1.78147 1.11891 0.945471 0.400824 1.03243 
0104 0.188187	0.218144 0.967128 1.11948 1.24361 1.04499 1.197 1.30844 1.16322 0.974856 1.11544 
0105 0.0686813	0.772059 1.06652 0.40839 0.95454 0.929571 0.518133 0.362584 0.191918 0.606952 0.49946 
0106 0.0590659	1.56379 1.0544 2.46171 0.939467 0.985534 0.811114 1.28513 1.02439 0.779048 1.23166 
0107 0.0782967	29949.8 1.01557 0.263262 1.13103 1.29246 0.786387 0.53061 0.108552 0.817479 0.697305 
0110 0.0670103	0.0135559 0.942419 2.72875 1.24355 1.04297 0.850283 0.527455 0.991628 0.441533 1.00348 
0111 0.123711	0.0026639 0.814608 1.31316 0.662853 0.700015 0.719559 0.701629 0.789273 0.882245 1.10986 
0112 0.262887	0.166885 1.12793 1.15523 1.05389 0.860738 0.919965 0.383404 1.08385 0.789529 1.12375 
0113 0.0747423	1.07635 0.970672 4.15511 1.2004 0.996947 1.79117 1.22139 2.84687 0.631152 1.33462 
0114 0.113402	2.73226 0.914884 0.356231 0.575842 0.800435 0.566814 0.263061 0.200634 0.575118 0.731313 
0115 0.100515	2807.77 1.1657 1.7687 1.12737 1.08244 1.44014 1.00547 0.99613 0.724849 1.15967 
0116 0.0721649	98.1416 1.56832 0.750701 0.859679 1.07271 1.10369 1.24443 0.498825 1.15492 0.929592 
0117 0.185567	16.9453 0.975216 1.67828 1.13487 0.963363 0.861738 0.636705 0.605723 0.955953 1.34473 
0120 0.0656085	0.56853 0.949874 0.500107 1.01987 1.08956 0.928282 0.416835 0.42796 0.689166 0.780486 
0121 0.192593	0.154227 1.02035 1.25265 0.986955 1.09655 1.08473 0.803911 1.03865 1.26992 1.13843 
0122 0.12963	3.78047 0.747306 0.432515 1.12997 1.17256 0.92487 0.447517 0.277056 0.797559 0.941622 
0123 0.0603175	64.1965 0.825601 1.07166 1.44561 1.083 1.42596 1.09718 0.711462 1.11184 1.24317 
0124 0.284656	0.00958543 0.863755 0.942962 1.11128 0.893502 0.687087 0.759686 0.862535 0.693407 0.858611 
0125 0.106878	4694.17 0.905726 5.17359 3.43732 1.45088 3.28893 1.71858 3.82931 0.552107 2.09681 
0126 0.0693122	1.18182 0.858128 2.0429 1.30084 1.08998 1.72634 2.18889 2.01243 1.07085 1.76004 
0127 0.0910053	15.9584 0.994132 1.02546 0.629777 0.862655 0.844085 1.39727 1.20343 1.0511 0.953062 
0130 0.107198	0.0251641 1.22479 2.9057 1.67524 1.18452 1.86147 1.97256 4.34205 1.20405 1.33952 
0131 0.290965	0.000438966 0.828964 2.03606 0.843186 0.811958 0.656733 1.19604 2.39848 1.81719 1.33303 
0132 0.0995406	5.32264e-06 0.813871 1.7708 1.56737 1.18109 1.19972 1.07908 4.58106 1.90633 1.76655 
0133 0.0612557	1033.19 1.51738 0.987108 1.78519 1.91196 4.07563 2.15648 1.78651 1.6007 1.5717 
0134 0.0658499	0.617821 1.38542 1.00008 1.2353 1.52809 1.184 1.26186 1.18159 3.81814 1.31815 
0135 0.136294	0.107941 1.104 0.850036 0.884898 1.12632 1.08255 0.96223 1.03659 1.38692 0.939301 
0136 0.154671	0.00547737 1.0785 1.1285 1.11537 0.938522 0.700707 0.613867 1.06383 1.60089 1.07682 
0137 0.0842266	4.81451 1.01731 1.35464 2.47003 1.16782 2.85005 1.57352 1.25851 0.839499 1.04686 
0140 0.10882	168.191 1.19981 0.375892 1.18512 1.68511 2.01304 1.24938 0.305514 0.94892 0.737955 
0141 0.0985109	3.18836 1.02525 0.930278 0.921208 0.998131 1.71768 1.13141 1.2791 0.689705 0.632232 
0142 0.130584	0.267241 0.962725 1.02536 0.997311 0.971447 1.04966 0.783052 0.713668 0.879947 0.834769 
0143 0.194731	0.00942106 0.882564 0.505276 0.534812 0.816232 0.388188 0.525281 0.473679 0.761963 0.566379 
0144 0.112257	1.01868 1.21661 1.00032 1.45645 1.24995 1.80962 1.28135 0.896761 0.559357 0.714856 
0145 0.0962199	12.9753 1.32742 0.540053 1.03098 1.12785 1.20761 1.01564 0.395523 0.666089 0.688808 
0146 0.0515464	15190.2 1.01627 0.723363 0.767767 1.3061 0.866157 1.77 0.51935 1.09796 0.878979 
0147 0.207331	0.0560422 0.858197 1.05782 1.05947 0.874359 0.760093 0.964297 1.12172 0.584143 0.751728 
0150 0.0985692	3.62578 0.943246 1.97509 0.852123 0.784729 1.04086 0.7669 1.85348 0.642316 0.712703 
0151 0.0667727	100655 1.53927 2.60161 1.91467 1.72552 2.50782 3.52185 3.69573 2.06952 2.13627 
0152 0.112878	0.122331 0.783828 5.90322 0.625389 0.776791 0.473664 0.894691 6.15246 1.36746 1.49953 
0153 0.0985692	0.0289614 0.925971 2.2687 0.556628 1.00745 0.410934 0.760834 1.28655 1.67438 0.990289 
0154 0.103339	1.10243 0.853286 3.00305 1.52178 1.21325 0.719609 1.10557 2.83737 1.27566 1.21889 
0155 0.251192	78.684 0.838048 0.539167 0.395639 1.00041 0.271972 0.423117 0.27843 1.54252 0.848567 
0156 0.120827	0.346547 0.794252 1.71027 0.702006 0.779273 0.528964 1.12275 2.86418 1.7798 1.19616 
0157 0.147854	0.00291241 1.04993 0.488931 0.280384 0.872031 0.139814 0.64724 0.505911 3.40463 0.878004 
0160 0.0935673	9141.38 0.865937 0.858546 3.67603 1.81622 5.80729 1.34198 1.21185 0.408423 1.13644 
0161 0.225146	0.0734746 0.641834 0.700712 1.51964 1.11034 1.03489 0.273775 0.647221 0.397795 0.736798 
0162 0.0964912	0.865229 0.837173 2.22378 1.96248 1.2995 2.4531 1.26218 5.07768 0.594089 1.63559 
0163 0.0730994	0.339494 0.930299 0.734209 1.42697 1.1348 1.24682 0.607203 0.895661 0.793137 1.13208 
0164 0.144737	0.002613 0.713183 0.420492 1.60283 0.947479 1.54016 0.31997 0.801444 0.51249 0.721806 
0165 0.0950292	14.636 1.21366 0.525639 1.07181 1.36682 1.79311 0.942271 0.947106 0.952155 0.861977 
0166 0.114035	87.0527 0.890535 0.865891 2.25525 1.5493 3.82631 0.547931 1.01859 0.425528 1.12782 
0167 0.157895	3.21178 0.542581 1.51766 1.64492 0.907801 0.944261 0.465969 1.58719 0.363105 0.897673 
0170 0.16343	135.564 0.883748 1.02666 1.81753 1.29928 1.98675 1.99662 2.46879 0.981954 1.39488 
0171 0.200647	0.0324836 0.827617 0.756108 1.27236 0.956674 0.749695 1.12069 0.804945 1.08157 0.943183 
0172 0.116505	0.818974 0.7963 0.239361 0.702737 0.660713 0.541057 0.480773 0.266469 0.663786 0.564657 
0173 0.101942	0.00147776 0.649041 0.62504 0.296958 0.511357 0.182756 0.369941 0.382816 0.879028 0.607056 
0174 0.150485	0.234188 0.815468 3.05212 2.3824 0.875756 1.2937 1.90733 5.17677 0.751595 1.27112 
0175 0.0776699	4423.83 1.02611 1.19147 3.16698 1.20822 3.8335 1.66397 0.879382 0.388369 0.845854 
0176 0.106796	3.4175 0.740075 1.54651 2.92446 0.825035 1.96308 1.33243 1.33668 0.552714 0.928552 
0177 0.0825243	12.0791 0.711091 1.99637 1.71436 0.894557 1.13811 1.44214 2.80611 0.710224 1.30326 
1000 0.165477	0.1715 1.07151 0.509167 0.699888 0.84244 0.760996 0.661835 0.560289 0.883933 0.686262 
1001 0.292361	0.015654 0.84647 1.00064 0.874136 0.847938 0.740643 0.946476 1.34135 1.16646 0.895542 
1002 0.0822099	7.97061 0.997828 1.21823 0.938491 1.01838 0.986395 1.08931 1.0833 0.949984 0.941953 
1003 0.0942374	0.141508 0.823463 1.95864 1.07418 0.994479 1.04334 1.29898 2.8479 0.803976 1.03719 
1004 0.0803595	33114.1 1.64132 0.464734 1.04058 1.43966 1.25075 1.38955 0.256997 1.12392 0.905318 
1005 0.134285	67.3905 1.36658 0.690085 1.3977 1.43295 2.15448 1.31731 0.972413 0.783236 0.864575 
1006 0.0717684	0.778041 1.26387 0.461562 0.627068 0.936496 0.73126 0.64898 0.356756 0.971269 0.671152 
1007 0.0793021	2.56631 0.981496 0.736569 1.06842 0.93878 1.18864 0.820127 0.794309 0.716925 0.906401 
1010 0.183097	0.0235451 1.05711 0.897842 0.758148 1.04661 0.689323 0.834451 0.79776 0.972763 0.955131 
1011 0.117715	31883 1.01368 1.0352 2.32337 1.33511 3.04026 1.88041 1.03776 0.45498 1.09498 
1012 0.0864019	0.532548 0.972617 0.782642 0.988344 0.813202 0.764075 0.543541 0.541964 0.647395 0.7248 
1013 0.104958	1.87707 1.12483 1.03803 1.1878 1.12973 1.34974 1.66065 1.13552 1.38361 1.18253 
1014 0.188315	0.000137582 0.695545 1.16309 0.790217 0.721598 0.479898 0.713519 1.46481 1.11468 1.13922 
1015 0.080893	0.997548 0.973882 0.545341 0.92049 1.01226 0.752504 0.547523 0.546591 1.04285 0.704367 
1016 0.109597	36.9002 1.21473 1.29409 1.14792 1.27129 1.57806 1.25587 1.47895 0.707346 0.976838 
1017 0.129023	2.43621 1.10706 1.09489 1.46396 1.30772 1.35051 1.1369 1.09859 0.769374 0.969234 
1020 0.153956	1.08908e-05 1.00881 0.971619 0.670604 0.768397 0.439604 0.683758 0.885421 1.00575 0.649108 
1021 0.144142	0.000595596 0.894555 1.22445 0.496418 0.718184 0.366006 0.938965 0.960538 1.43777 1.22206 
1022 0.165201	9.15669e-05 0.748649 2.24539 1.3399 1.14652 1.27943 1.09398 2.33221 1.01683 1.10617 
1023 0.122674	2.45102e-07 0.761584 0.908004 0.521374 0.625893 0.31017 0.405995 0.884759 1.16275 0.681719 
1024 0.0891433	1410.98 1.11527 1.24746 1.795 1.6018 2.52907 1.343 0.81516 0.778773 1.07384 
1025 0.159886	0.0560301 1.07957 0.362053 0.570007 0.72832 0.542942 0.473316 0.210063 0.783284 0.507283 
1026 0.0599059	1.51708e-06 0.694564 0.83707 0.660629 0.720347 0.327001 0.40188 0.647197 1.14308 0.758421 
1027 0.105091	0.00321368 0.725395 0.621428 0.722177 0.744379 0.567002 0.547906 0.509117 0.610315 0.783975 
1030 0.105842	0.877234 1.28598 0.77132 1.09213 1.12792 0.819679 1.03132 0.995309 1.47854 1.03448 
1031 0.210706	0.00534783 0.799012 0.812796 0.852857 0.950816 0.793894 0.576892 0.954677 1.76039 1.1758 
1032 0.0953312	10130.1 1.17971 0.755847 1.54789 1.45546 3.37148 1.9489 0.7178 0.749668 1.30828 
1033 0.0777316	82.1757 0.924399 0.966742 2.2951 1.48902 1.76875 1.10567 0.668477 1.3619 1.41744 
1034 0.133953	15.472 1.95572 0.913713 1.46433 1.85894 2.07843 1.83896 1.40119 3.34707 1.79547 
1035 0.15473	0.0671466 1.04631 1.10685 0.712649 1.02761 0.970263 0.861203 1.17147 1.76546 1.31774 
1036 0.106331	0.289159 0.714711 0.784927 1.22915 1.03272 0.848916 1.01578 0.796581 0.985952 1.11403 
1037 0.115375	3.06593 1.16972 0.939464 1.09653 1.16221 1.96388 1.12033 1.35609 1.28166 1.23287 
1040 0.284499	14.4958 0.873144 1.25948 1.08951 1.2221 1.53661 1.5731 1.50585 0.850931 1.10206 
1041 0.122432	0.000332915 1.06906 1.22362 0.811822 0.734876 0.481496 0.83773 1.21776 1.24907 0.976854 
1042 0.104171	6.50583 1.31221 0.595153 0.649939 1.08059 0.907631 1.10926 0.789486 1.43851 0.866935 
1043 0.0676489	49.9638 1.19945 0.902745 1.03991 1.16244 1.08637 1.17824 0.691634 1.46548 0.988739 
1044 0.0736667	21.6724 1.3679 1.04321 1.64717 1.24223 1.29519 0.894336 0.591464 0.714529 0.784029 
1045 0.125752	0.45947 1.15949 0.590209 0.764376 0.874204 0.512783 0.4973 0.404379 1.15078 0.820195 
1046 0.0888151	41368.5 1.46781 0.65895 0.987315 1.28544 2.32441 3.74612 0.688624 0.96825 0.867811 
1047 0.133015	1.73004 1.12577 0.812821 0.898101 0.990069 0.753599 0.822849 0.730858 1.05079 0.737009 
1050 0.157833	0.00776298 0.874277 1.09683 0.706949 0.870542 0.567172 0.61331 1.3423 0.946447 1.0087 
1051 0.118799	0.182977 1.13459 0.774889 1.10115 1.00109 1.28151 1.11918 0.908721 0.880853 0.911147 
1052 0.0793734	236.472 0.814455 1.31994 1.63038 1.29115 1.85044 1.26813 1.44251 0.700727 1.05924 
1053 0.193734	694494 1.08705 1.2032 2.50332 1.78539 2.69172 1.46961 0.785896 0.528993 0.895692 
1054 0.182507	0.201616 0.908592 0.73942 0.735014 0.857983 0.635408 0.738478 0.831407 1.15515 0.864758 
1055 0.0938642	0.00048936 1.00736 1.60798 1.18724 1.02279 1.04217 1.28457 1.91845 1.24429 1.13055 
1056 0.105614	12.014 1.01746 0.562464 0.803607 0.990813 0.711528 0.620168 0.520909 1.09349 0.689103 
1057 0.0682768	0.842703 0.869737 0.831333 0.857833 0.900749 0.92271 0.960685 0.575949 0.801161 0.777776 
1060 0.101872	3.15471e+06 1.42147 1.11339 1.20185 1.40396 2.19652 1.78505 0.481973 0.745021 0.880576 
1061 0.0638767	0.0033774 0.808694 1.5253 1.08185 0.735364 0.66714 0.774848 1.55599 0.638758 0.976845 
1062 0.207599	0.536693 1.29076 1.2592 1.01844 0.897668 0.959861 1.38298 1.74802 1.17863 1.14599 
1063 0.105727	0.23569 1.27226 1.02188 1.15642 1.0073 1.21642 1.07706 0.918815 0.795761 0.976248 
1064 0.0644273	0.0441166 1.17376 1.02962 0.479121 0.739261 0.502376 0.707358 1.17915 1.83827 1.10405 
1065 0.127203	0.10027 1.14108 0.78719 1.21725 0.982141 1.2689 0.958567 0.753546 0.608218 0.799394 
1066 0.238436	0.000647359 0.778612 0.92341 0.710835 0.706732 0.54693 0.557164 0.655042 0.873894 0.652927 
1067 0.090859	676.46 1.35889 1.35311 1.58013 1.25593 1.92674 1.75924 1.22422 0.667717 0.925402 
1070 0.185916	0.391404 1.22888 1.15875 0.891877 1.08592 0.898498 0.929206 1.24104 1.08233 1.12342 
1071 0.0963465	2.02438 0.80499 0.818528 0.843915 0.877786 0.648527 0.597035 0.731981 0.677578 0.890011 
1072 0.0836771	0.110278 0.823483 0.853211 0.850299 0.787603 0.444953 0.823707 1.28715 1.33248 1.16247 
1073 0.138185	7.19562 0.879608 0.589134 0.489194 0.749886 0.45952 0.575867 0.642567 1.45987 0.805417 
1074 0.222157	11.4145 0.960176 0.710933 0.956755 1.11992 0.915432 0.651638 0.573762 0.954873 0.892743 
1075 0.0713023	2367.03 1.08341 1.58705 1.44169 1.33238 1.39025 1.62398 2.53973 1.19581 1.64204 
1076 0.131114	5.59146e+06 0.976406 1.11685 1.22066 1.20565 2.50278 1.21386 0.68824 0.577077 1.1051 
1077 0.0713023	644164 1.125 1.48458 1.47227 1.35543 2.55627 2.2068 1.28227 0.810568 1.28605 
1100 0.179314	0.567363 1.07868 0.71339 0.712573 0.978667 0.93309 0.878416 0.993539 1.32393 1.18231 
1101 0.0647656	69917.6 1.49085 0.792403 1.17913 1.50082 3.16812 1.87424 1.10684 1.14566 1.49641 
1102 0.124698	13.1909 1.19517 1.05155 1.51325 1.39841 2.17671 1.27794 1.16196 0.982161 1.38708 
1103 0.103432	0.00847098 0.838328 1.43402 0.870614 0.843133 1.16218 1.03852 2.24018 1.0351 1.30912 
1104 0.0637989	18.8225 1.03362 1.51224 1.2778 1.24305 2.04752 1.3949 1.577 0.688234 1.34643 
1105 0.139681	0.000891022 0.890135 1.14001 0.87598 0.843939 1.0234 0.806053 1.32472 0.819226 1.10193 
1106 0.128081	5.99224e-05 0.826163 0.67091 0.531372 0.685804 0.419119 0.446616 0.813907 1.05264 0.737835 
1107 0.19623	0.264659 0.761024 0.694433 0.911061 0.867316 0.981168 0.701795 0.90606 0.637199 0.942888 
1110 0.0975012	6.7504 1.03555 0.871179 0.948288 1.03155 1.69508 1.18847 0.502376 1.00133 1.03555 
1111 0.0832925	0.513495 0.870029 1.19231 0.776761 0.853438 1.39571 0.775789 1.04634 0.592199 0.688942 
1112 0.130328	0.020746 0.617884 1.76371 0.849051 0.73999 1.16332 0.981914 1.62894 0.993396 1.04992 
1113 0.0676139	18.3897 0.858608 0.853632 0.823007 0.70227 1.09534 0.529198 0.671955 0.578913 0.610924 
1114 0.146007	1.72809 0.953495 1.14889 1.021 1.27182 1.9022 1.00581 0.829016 0.690067 0.947344 
1115 0.0705537	25919.4 1.61513 0.681776 1.3217 1.3328 3.34491 0.90102 0.488346 0.396302 0.588956 
1116 0.280745	0.0721882 1.03035 0.698775 0.840694 0.825427 0.75743 0.636387 0.713693 0.921757 0.713447 
1117 0.123959	103.367 1.13487 0.678846 0.807311 0.986374 1.02312 0.756202 0.440414 0.757822 0.851406 
1120 0.122794	6.77827e-06 1.06081 0.512125 0.735771 0.879874 0.55149 0.660601 0.698993 0.954117 0.744492 
1121 0.234669	0.000941454 1.03383 0.890689 0.823606 0.958251 0.504737 0.625087 0.781131 1.00532 0.805532 
1122 0.160784	0.0155133 0.956891 1.29381 0.789703 1.16108 0.734474 0.942477 1.20309 1.01864 0.831826 
1123 0.077924	0.00627126 0.865277 2.03432 1.01206 1.05966 1.02784 1.79828 2.78339 0.956416 1.23466 
1124 0.110829	0.00242365 1.28682 1.13199 0.787881 1.17314 0.965121 1.64202 1.55986 1.5948 1.21494 
1125 0.14822	31258 1.21217 2.40174 1.32513 1.64978 2.54999 3.45986 2.87438 0.795592 1.41904 
1126 0.0680526	0.00106241 1.13928 0.635201 1.0597 1.08192 0.983304 0.817955 0.52359 0.690424 0.76298 
1127 0.0767275	2.3409 1.26398 0.680963 0.871971 1.27869 0.933855 1.18115 0.805003 1.04166 1.02948 
1130 0.0990196	0.0245042 0.800484 0.304618 0.665582 0.857383 0.486173 0.371863 0.187086 1.03742 0.567926 
1131 0.273529	1.955e-05 0.957996 0.842096 0.429024 0.561524 0.461253 0.517316 0.905525 0.954705 0.692667 
1132 0.113725	0.000186893 0.630499 0.8529 0.832972 0.592074 0.41168 0.462841 0.629869 0.728403 0.830649 
1133 0.118627	0.00241381 0.872979 1.20977 0.748571 1.08558 1.29839 0.611175 1.53528 0.678389 0.933062 
1134 0.107843	0.000652675 0.875973 0.694989 0.594889 0.56359 0.36519 0.659107 0.53452 0.821909 0.696879 
1135 0.152451	0.360034 0.898601 0.555344 1.3586 0.74311 1.57585 0.699667 0.78152 0.481522 0.549259 
1136 0.0573529	1127.57 0.941276 0.666949 1.04658 0.92356 1.69426 1.05758 0.677099 0.446909 0.665705 
1137 0.077451	0.00763289 0.72536 0.442 1.05723 0.627904 0.663782 0.391549 0.490388 0.4831 0.661236 
1140 0.0934236	0.0307952 0.982704 1.31068 1.43541 1.09762 1.69949 1.4878 1.36673 0.88387 1.13624 
1141 0.270056	0.000409931 0.894463 0.916425 0.886196 0.781543 0.874436 0.911683 0.819282 0.989608 0.973865 
1142 0.186503	0.0926631 1.18881 0.577223 0.676352 0.840949 0.797571 0.973692 0.699163 1.31704 0.778917 
1143 0.0566969	68.3741 1.12422 0.912244 1.30454 1.19328 1.857 1.8694 0.965614 0.939697 1.1571 
1144 0.0748307	260463 1.32462 1.07177 1.84714 1.56828 3.60592 3.56354 2.03298 0.803043 1.17467 
1145 0.0602548	0.00172949 0.827722 1.50368 0.753918 0.839191 0.702395 0.853192 1.29439 1.06435 0.943465 
1146 0.185355	0.0169844 0.933573 1.08036 0.974627 0.887869 1.22004 1.26216 1.49155 0.890659 0.96674 
1147 0.0728796	6.92279 0.833314 1.95736 1.28243 0.936951 2.38679 2.23372 2.20441 0.881862 1.42404 
1150 0.125773	0.0844723 0.748775 1.07347 0.981842 0.802332 0.855208 1.04712 1.27999 1.15497 0.989676 
1151 0.053152	0.0703155 1.05027 0.665907 0.72356 0.973454 0.398489 0.748291 0.80142 1.73799 1.04479 
1152 0.0543881	1.93778 0.989245 0.735781 0.83816 0.962924 0.718668 0.730333 1.08901 1.21063 0.894782 
1153 0.0806551	6.93077 0.629062 1.82274 1.04631 0.950036 1.05951 1.26745 1.55378 0.958877 1.20672 
1154 0.208591	1.26523e+06 1.08231 1.50768 2.44331 1.65874 2.42979 1.8313 1.03543 0.939415 1.63681 
1155 0.175525	0.00175997 0.747441 0.940104 0.971244 0.730352 0.593076 0.692033 0.772587 0.914191 0.80957 
1156 0.118665	0.173815 1.09177 1.68419 1.40626 1.16084 1.68652 1.21031 1.98877 0.849408 1.49788 
1157 0.183251	33.409 0.935441 0.625233 0.967576 1.03483 0.863667 0.954984 0.519226 0.893043 0.702465 
1160 0.194471	15874.5 1.30032 0.663332 0.938169 1.18631 1.03973 1.28696 0.463162 1.83934 1.01499 
1161 0.0902447	0.737536 0.956702 0.753596 0.614207 0.823835 0.546495 0.636307 0.53576 0.812949 0.801298 
1162 0.073721	13.0875 1.17818 1.51446 0.936441 1.0639 1.28069 1.23857 1.46047 0.769819 1.55031 
1163 0.288529	0.045215 1.12416 0.838708 0.931452 0.873527 0.90671 0.907116 1.03333 1.05581 1.14841 
1164 0.0641881	0.369723 1.38945 2.04787 1.43708 1.28684 1.2335 1.31985 2.13378 1.42255 1.52612 
1165 0.143311	0.00575823 0.997689 1.40038 1.06695 0.89682 0.676843 0.765109 1.04337 1.00215 0.848606 
1166 0.0578329	4.83837 1.14332 1.21863 0.85297 1.05601 0.740753 1.39256 1.18987 1.09897 1.2587 
1167 0.0877026	2.06895 1.01957 1.3554 0.951113 0.949402 1.24778 1.03336 0.971363 0.818207 1.02195 
1170 0.079814	66.908 1.37895 0.963596 0.997618 1.11045 1.96452 1.77322 1.25927 0.956711 1.14101 
1171 0.175126	0.0890614 1.82824 0.657295 0.632602 1.08913 0.819599 1.01759 0.749834 1.60624 1.00941 
1172 0.127083	50.9585 1.37051 0.917048 1.01705 1.25643 1.484 1.11844 0.647797 0.831565 1.04646 
1173 0.106935	5.2077 1.12173 1.81016 1.16571 1.19778 1.83185 1.57094 2.12476 1.09361 1.34634 
1174 0.069353	0.0150015 1.06609 1.21127 0.970492 1.02321 1.21989 0.999745 1.57978 0.934569 1.21483 
1175 0.107323	181401 1.68907 1.35879 1.38046 1.36135 2.41208 1.99948 0.876012 0.635228 1.55701 
1176 0.271988	0.00954753 0.989716 0.739456 0.708658 0.871457 0.450581 0.530953 0.873362 1.16071 0.969872 
1177 0.0623789	0.0179985 1.0008 1.19979 0.528604 0.873543 1.15323 1.13946 1.42347 1.1712 1.08338 
BOUNDS
LWPS R    0.0  0.0  0.0  0.0  0.0  0.0  0.0  0.0  0.0  0.0
UWPS R    0.5  0.5  0.5  0.5  0.5  0.5  0.5  0.5  0.5  0.5
LXAS R   -0.5 -0.5 -0.5 -0.5 -0.5 -0.5 -0.5 -0.5 -0.5 -0.5
UXAS R    0.5  0.5  0.5  0.5  0.5  0.5  0.5  0.5  0.5  0.5
END
