NAME moment_estimation_cluster
ASSETS 10
BENCHMARKS 0.1 0.1 0.1 0.1 0.1 0.1 0.1 0.1 0.1 0.1 
COVARIANCES
0 0 0.00664414
1 0 0.00361882
1 1 0.00672877
2 0 0.00372087
2 1 0.00827306
2 2 0.0128606
3 0 0.00369881
3 1 0.00464335
3 2 0.0071174
3 3 0.00579393
4 0 0.00304538
4 1 0.0034679
4 2 0.00454518
4 3 0.00322802
4 4 0.0031185
5 0 0.00478787
5 1 0.00536954
5 2 0.0073552
5 3 0.00565817
5 4 0.00449125
5 5 0.0073907
6 0 0.000805653
6 1 0.00367947
6 2 0.00491269
6 3 0.00197441
6 4 0.00136864
6 5 0.00201557
6 6 0.0026913
7 0 0.00299805
7 1 0.00572014
7 2 0.00809212
7 3 0.00497816
7 4 0.00368791
7 5 0.00565487
7 6 0.00290302
7 7 0.00618552
8 0 0.00403992
8 1 0.00541601
8 2 0.00694847
8 3 0.00499637
8 4 0.00366848
8 5 0.00588271
8 6 0.00226701
8 7 0.00544477
8 8 0.00621449
9 0 0.00055196
9 1 0.000236103
9 2 0.000245052
9 3 0.000706414
9 4 0.000651835
9 5 0.000906735
9 6 -0.000159742
9 7 0.000581969
9 8 0.000821502
9 9 0.000852025
SCENARIOS
0 0.4846	1.04392 1.0594 1.09158 1.07026 1.04914 1.11326 1.0147 1.06583 1.05717 1.01268 
1 0.5154	0.93342 0.954111 0.936084 0.951954 0.964019 0.946551 1.00035 0.948572 0.950092 1.00018 
00 0.372266	0.926448 0.945449 0.897449 0.920287 0.947764 0.887966 0.965859 0.909594 0.899114 0.982924 
01 0.627734	1.05557 1.06618 1.09312 1.05 1.03777 0.99603 1.06263 1.08391 1.03392 0.998263 
10 0.326251	0.94005 0.91092 0.882525 0.925054 0.939264 0.880482 0.934185 0.913295 0.905537 0.989122 
11 0.673749	1.0759 1.03681 1.0748 1.05462 1.03728 1.04266 0.993354 1.04917 1.10166 0.9946 
000 0.0673503	0.959533 1.02792 1.0469 0.957396 0.948899 0.894841 1.07426 1.04288 0.987835 0.97273 
001 0.070898	0.977783 0.88923 0.86033 0.881686 0.96323 0.918438 0.976732 0.949192 0.98021 1.02129 
002 0.0691796	0.896556 0.846904 0.81679 0.842356 0.879723 0.851279 0.939765 0.850949 0.918989 0.963688 
003 0.275554	1.0327 1.00264 1.05818 1.0327 0.998939 1.00203 1.03876 1.02722 1.04426 0.99579 
004 0.0814302	0.947076 0.920553 0.948073 0.995966 0.927392 0.861336 0.990269 0.958156 0.989923 0.985783 
005 0.220455	1.19517 1.09818 1.1933 1.11831 1.0884 1.11802 1.07145 1.16346 1.19614 1.02744 
006 0.114579	1.07621 0.935366 0.871931 0.975946 0.98409 1.00579 0.931995 0.93651 1.06034 1.01014 
007 0.100554	1.17294 0.978149 0.972405 0.998073 1.08518 1.11289 0.977217 1.07138 1.08418 1.02243 
010 0.0822485	0.950033 1.04122 1.05553 0.953355 0.923968 0.925207 1.05582 0.987346 1.05263 0.942357 
011 0.142472	0.86473 0.944708 0.97988 0.968619 0.93056 0.982513 0.960821 0.925563 0.967544 0.970573 
012 0.190401	1.07031 0.994742 1.00647 1.03221 1.04363 1.11689 0.935971 1.00787 1.05699 1.01676 
013 0.0440171	1.133 1.1784 1.25022 1.17535 1.18492 1.29405 1.05018 1.138 1.18525 1.02281 
014 0.142275	1.0233 1.10557 1.16037 1.05748 1.04559 1.12195 1.04568 1.07716 1.1483 0.971428 
015 0.213182	0.968211 0.974175 0.950801 0.971147 0.993556 1.03656 0.941368 0.915603 1.00651 1.00306 
016 0.0784681	1.05064 1.15798 1.27224 1.18658 1.08911 1.20908 1.04335 1.19319 1.19293 0.981377 
017 0.106936	0.918398 0.860828 0.816719 0.864258 0.89817 0.884681 0.903056 0.853973 0.882797 0.975615 
100 0.112578	0.959678 0.988651 1.0913 1.03763 0.9509 1.03452 1.03424 1.04685 1.04805 0.969624 
101 0.127624	1.10688 0.941325 0.908598 0.957758 1.02928 0.98479 0.968377 0.978061 0.999423 1.03363 
102 0.0688076	0.951612 0.89454 0.853232 0.886791 0.961411 0.935427 0.945999 0.901202 0.948801 0.954772 
103 0.176866	1.01182 0.990162 0.988389 1.01838 0.988851 1.01447 1.00477 1.01421 0.988705 0.993136 
104 0.115611	0.996408 0.907055 0.834281 0.86329 0.883509 0.849052 0.97558 0.841244 0.875466 0.96585 
105 0.0895629	1.03042 1.11647 1.05759 0.97917 0.971261 1.03936 1.07696 1.02484 1.03516 0.959986 
106 0.237942	1.14391 1.08819 1.13023 1.06154 1.05604 1.15978 1.07229 1.08708 1.07347 1.00001 
107 0.071008	1.18406 1.11982 1.25724 1.21808 1.09853 1.27929 1.04535 1.1977 1.1501 1.04921 
110 0.266695	1.05768 1.11964 1.18515 1.11115 1.08192 1.17176 1.06001 1.08474 1.07175 1.02366 
111 0.0592081	1.04174 0.954127 0.988583 1.08921 0.964387 1.00237 0.946757 0.996973 0.917221 1.0281 
112 0.110007	0.983943 0.901505 0.905795 0.946331 0.942725 0.90945 0.954551 0.911584 0.869936 0.983895 
113 0.0611951	1.05947 0.977904 0.897363 0.948382 1.06873 1.0606 0.958576 1.02411 0.961903 1.06491 
114 0.102117	0.926285 0.883387 0.836876 0.887231 0.888489 0.862065 0.96682 0.877433 0.812425 0.963466 
115 0.0837725	0.973017 0.957451 0.913822 0.939791 1.00802 0.988163 0.963283 0.958054 0.919513 0.990952 
116 0.16406	1.0373 1.05251 1.04271 0.992045 1.01969 1.00477 1.03042 1.03886 0.946799 0.99967 
117 0.152945	0.982666 1.03722 1.02172 0.93977 0.954269 0.936097 1.05213 0.976956 0.904177 1.00241 
0000 0.108642	1.03754 1.013 1.05301 1.1011 1.00351 1.1142 1.00681 0.985083 1.03387 0.984035 
0001 0.279012	0.998912 0.961333 0.902852 0.954755 1.00117 1.00422 0.961037 0.895207 0.997151 1.00567 
0002 0.129218	1.14512 1.13425 1.13655 1.11944 1.08947 1.19016 1.07878 1.03819 1.14537 1.04962 
0003 0.0674897	0.864646 1.01487 1.10222 1.03421 1.04485 1.12511 1.03543 1.02735 1.03959 0.98755 
0004 0.134156	0.941901 0.927327 0.864931 0.868597 0.922973 0.874104 0.941647 0.882167 0.914801 0.933678 
0005 0.0864198	0.911247 0.895836 0.928542 1.05717 1.05907 1.16624 0.930153 0.995003 1.06307 1.06064 
0006 0.123457	0.874337 0.942305 1.01947 0.916876 0.96321 0.974962 1.03904 0.93889 0.951107 0.973694 
0007 0.0716049	0.982473 0.91409 0.825799 0.99399 0.914328 0.888837 0.958228 0.870452 0.933147 1.01449 
0010 0.121188	0.903601 1.10448 1.12941 1.0518 1.07579 1.09489 1.03169 1.11678 1.11528 1.04318 
0011 0.0547303	1.16506 1.12073 1.21033 1.15634 1.10986 1.22076 1.03594 1.11461 1.09471 1.03199 
0012 0.136044	0.984802 0.990835 1.02136 1.02827 0.976909 0.982373 1.01935 0.977935 0.986549 0.993917 
0013 0.144644	1.09393 0.993535 1.04643 1.05705 1.04601 1.10587 0.938037 1.00939 0.973129 1.02757 
0014 0.101642	1.03398 0.935282 0.860703 0.912016 0.998108 0.942413 0.968346 0.855105 0.888292 0.967583 
0015 0.0727131	0.90837 0.916562 1.02017 1.02876 0.979303 0.981798 0.972726 0.97365 0.920455 1.029 
0016 0.117279	0.91567 1.01721 1.05075 0.970168 1.02763 0.980573 1.0294 0.988773 0.950506 0.950793 
0017 0.251759	0.978484 0.895839 0.911242 0.939449 0.940746 0.927065 0.909666 0.945547 0.862629 0.981738 
0020 0.0625	1.15384 1.03294 0.944467 0.937513 1.03779 1.00793 1.01801 0.965027 0.986381 1.03998 
0021 0.068109	0.954986 1.0483 1.06436 0.970637 0.936127 0.922499 1.06376 1.03116 0.983029 1.00672 
0022 0.127404	1.01231 0.925913 0.881863 0.967045 0.979372 0.989268 0.958641 0.988211 0.997128 1.0761 
0023 0.122596	1.24055 1.11551 1.20561 1.21109 1.09661 1.14595 1.04754 1.20494 1.08086 1.06739 
0024 0.106571	0.962029 0.965441 0.992525 0.98007 0.97462 0.946261 1.02644 0.935097 0.965769 0.997726 
0025 0.141026	0.872618 0.856413 0.8333 0.916248 0.911765 0.878222 0.885751 0.940838 0.866766 0.98845 
0026 0.0721154	1.02058 1.08544 1.20189 1.11217 1.00919 0.95139 1.10324 1.08008 1.11839 1.00386 
0027 0.299679	1.06247 1.04895 1.00364 1.0556 1.03051 1.02567 1.02941 0.97195 0.996674 0.982297 
0030 0.0794609	1.05111 1.16932 1.22544 1.00518 1.00513 1.03469 1.15977 1.10115 1.06012 0.93778 
0031 0.11728	0.866711 0.864827 0.885547 0.892191 0.911952 0.850491 0.911199 0.912467 0.935836 0.986023 
0032 0.189097	1.0436 1.05504 1.09134 1.10695 1.03389 1.09011 0.97852 1.10115 1.13968 1.04677 
0033 0.0911285	1.12935 1.08308 1.11542 1.12678 1.12277 1.19976 1.00706 1.07788 1.13159 0.998177 
0034 0.0800644	0.897378 1.02447 1.01646 0.898822 0.981647 1.0021 1.05518 0.981489 1.01684 0.975432 
0035 0.299135	0.95808 0.954559 0.953378 1.00449 0.986519 0.963129 0.979301 0.973823 0.912552 1.01772 
0036 0.0625629	0.991187 0.915038 0.882795 0.901738 1.02349 0.947035 0.924068 0.9445 0.912963 1.05052 
0037 0.0812714	0.948689 1.17143 1.21185 1.04047 1.10542 1.04533 1.15848 1.10746 1.09717 0.978174 
0040 0.0673928	0.895127 0.911943 0.862836 0.934783 1.01948 1.10096 0.898436 0.946237 1.05777 1.02788 
0041 0.0905378	1.00134 1.10991 1.1847 1.03962 0.98842 1.09501 1.14531 1.08655 1.02521 0.972798 
0042 0.132743	0.895477 1.00989 1.10765 0.944073 0.93072 1.01561 1.07394 1.01404 0.929686 0.956164 
0043 0.0762423	0.971754 0.970626 1.00518 0.988215 0.984321 1.03471 0.975926 1.00277 0.965431 1.02317 
0044 0.2403	0.951241 0.920792 0.904945 0.93076 0.931103 0.961379 0.930514 0.979833 0.941952 1.0121 
0045 0.16678	1.15258 1.00403 1.0111 1.06511 1.01073 1.09842 0.958392 0.958141 1.053 1.03691 
0046 0.13002	0.999879 1.04704 1.09978 1.02982 1.05082 1.23573 1.03421 1.06911 1.07638 1.00012 
0047 0.0959837	1.10149 1.14634 1.28999 1.11684 1.07239 1.17728 1.06961 1.17824 1.1693 1.034 
0050 0.110133	0.769088 0.95564 0.923068 0.911669 0.922724 0.872171 1.02336 0.92266 0.878123 0.937333 
0051 0.154891	1.07243 1.01347 0.948341 1.03334 1.04408 1.11435 0.936062 1.0312 1.011 0.994084 
0052 0.067136	0.904491 1.00603 0.975125 1.08817 0.954626 0.99333 1.01412 0.984043 0.973387 0.987776 
0053 0.235605	0.971167 1.11471 1.13423 1.03884 1.03164 1.05844 1.07751 1.14797 1.04939 1.02303 
0054 0.148856	0.880945 1.00307 0.885076 0.898695 1.01482 1.00437 1.01763 0.942221 0.93332 0.992927 
0055 0.131506	0.912234 0.959815 0.947701 0.985898 0.967524 1.00828 0.961478 0.983249 0.972695 1.01849 
0056 0.078954	0.877542 0.88098 0.80803 0.938504 0.915782 0.896915 0.920221 0.854263 0.837366 1.03334 
0057 0.0729193	1.03636 1.08962 1.12416 1.11499 1.14973 1.24956 1.01467 1.08126 1.13226 0.997213 
0060 0.0474117	0.866312 0.865146 0.893689 0.938193 0.890894 0.831674 0.970942 0.921614 0.817592 0.976359 
0061 0.223996	0.991667 0.986334 1.01587 0.952586 1.01482 1.02629 1.00979 1.02558 0.983869 1.01325 
0062 0.171746	1.02676 0.901152 0.949777 0.934721 0.954231 0.848624 0.969418 0.970651 0.879015 0.99055 
0063 0.160135	1.00351 1.02867 1.11094 1.0354 0.977491 0.958033 1.07327 1.05806 0.939373 0.944542 
0064 0.0672472	1.13877 1.1699 1.21466 1.16294 1.11651 1.12449 1.11756 1.10305 1.18202 1.03155 
0065 0.104983	1.09034 1.05547 1.09214 1.0283 1.10489 1.11748 1.02933 1.08706 1.08092 1.03136 
0066 0.168844	0.899153 0.988173 0.993986 1.04699 1.03062 1.00828 0.998237 1.03659 1.01336 1.02109 
0067 0.0556362	1.12403 1.12425 1.20657 1.10948 1.04546 1.07845 1.08368 1.11707 1.04989 1.0139 
0070 0.14333	0.908926 1.06178 1.04472 1.02769 0.980286 0.927371 1.0513 1.0211 1.07429 1.00338 
0071 0.203969	0.98806 1.13359 1.10839 1.08962 1.03959 1.03894 1.01827 1.03955 1.17213 1.02562 
0072 0.0837927	0.866876 0.958332 0.950527 0.940956 0.958428 0.879224 1.00869 0.906638 0.903892 0.964109 
0073 0.113561	1.03104 1.01612 0.955763 1.03145 1.0858 1.11322 0.94206 1.00828 1.02707 1.04869 
0074 0.0749724	0.842548 0.848488 0.776765 0.887431 0.943705 0.894095 0.916219 0.851638 0.882354 1.01716 
0075 0.253032	0.976085 1.03259 0.917826 1.01788 0.983788 0.967975 1.00908 0.957001 1.04805 1.0537 
0076 0.0562293	0.995034 1.21215 1.21272 1.14064 1.14602 1.12363 1.07074 1.20843 1.15615 1.03249 
0077 0.0711136	0.962025 0.960861 0.841388 0.885095 0.900385 0.837151 0.999333 0.823001 0.972362 0.958524 
0100 0.265388	0.976368 1.03207 1.04941 1.02842 0.998419 1.01888 1.05234 1.02734 0.945865 0.993764 
0101 0.141487	1.1656 1.04242 1.0694 1.07452 1.07597 1.07954 0.992799 1.04895 1.03378 1.02662 
0102 0.129896	1.0316 1.07795 1.10125 1.00494 1.06658 1.17783 1.01956 1.06606 1.00816 1.0116 
0103 0.0595524	1.10269 0.897637 0.857121 0.951856 1.01868 0.972394 0.902157 0.903377 0.888456 1.02537 
0104 0.0983213	0.967319 0.90081 0.979382 0.96592 0.926931 0.962123 0.980489 0.876024 0.875695 0.991764 
0105 0.08753	0.877856 1.01886 0.956947 0.933629 0.974178 0.95551 1.01742 0.987302 0.927146 1.01751 
0106 0.115108	0.780544 0.88788 0.813505 0.874656 0.925043 0.914003 0.948162 0.864268 0.871551 0.981223 
0107 0.102718	1.09318 1.141 1.31492 1.18365 1.06706 1.0475 1.07713 1.11474 0.988715 1.02023 
0110 0.129442	1.1572 1.1238 1.08376 1.02911 1.08711 1.00714 1.04658 1.06845 1.08684 1.03737 
0111 0.0609137	1.03895 1.02098 1.02569 1.06816 0.936192 0.892299 1.02108 0.983925 1.04169 1.00045 
0112 0.140748	1.13034 1.05023 1.03369 0.964872 1.02847 0.939171 1.09397 0.984452 0.989917 1.01144 
0113 0.157591	1.07902 0.999929 0.912317 0.944695 0.991447 0.899992 0.979826 0.963246 1.02692 0.991192 
0114 0.132903	0.971202 0.936605 0.857657 0.864631 0.924653 0.828641 1.00123 0.882149 0.923468 0.98419 
0115 0.140517	1.15499 0.984515 1.00655 1.10932 1.01699 0.974898 0.999898 1.02937 1.04551 1.05108 
0116 0.0807568	0.958863 0.906321 0.899356 0.960402 0.980639 0.925368 0.963963 0.944244 0.939522 1.06192 
0117 0.15713	1.11423 1.12223 1.22433 1.10554 1.06629 1.03944 1.06219 1.15514 1.13492 1.00817 
0120 0.10739	0.935439 0.900679 0.828914 0.913542 0.932079 0.846269 0.979798 0.875137 0.865731 0.983834 
0121 0.0966851	0.946146 1.05732 1.08911 1.07521 0.968122 1.00781 1.06009 1.04532 1.02611 1.00374 
0122 0.114468	0.933967 0.948112 0.899847 0.942529 0.949206 0.890192 1.02037 0.915238 0.970092 0.978255 
0123 0.14261	1.07363 1.06093 0.978964 0.976238 1.06505 1.02485 0.992689 1.04904 1.02423 1.01654 
0124 0.212017	0.993508 1.03438 1.04106 0.983988 1.0114 0.950161 1.06695 0.941791 0.985544 0.989949 
0125 0.101174	0.966026 0.939779 0.972101 1.0463 0.974261 0.999107 0.980055 0.928878 1.04406 1.02604 
0126 0.181285	1.09721 1.07753 1.17231 1.1342 1.08665 1.16658 1.03516 1.09425 1.16081 1.04992 
0127 0.0443715	1.14291 0.930334 0.907618 1.01149 1.05532 1.06211 0.938699 0.920892 1.0421 1.00729 
0130 0.132935	1.1209 0.955076 0.976913 1.03122 1.00635 1.06234 0.934939 1.0228 1.04268 1.05237 
0131 0.156087	0.893416 0.983933 0.981254 0.964403 0.996664 1.03757 1.00761 1.05215 1.02152 1.06143 
0132 0.150112	0.952133 0.865965 0.840033 0.937101 0.927389 0.957086 0.903257 0.883448 0.959587 1.04604 
0133 0.0619866	1.11563 0.983723 0.844759 0.934046 1.00754 1.06665 0.960541 0.937457 1.0839 1.03667 
0134 0.116505	1.03564 1.18388 1.3382 1.17421 1.06976 1.13345 1.09054 1.20339 1.22425 0.97289 
0135 0.129201	1.17659 1.08911 1.12443 1.12387 1.02285 1.1121 1.04554 1.07888 1.14329 1.07716 
0136 0.14115	0.813942 0.918061 0.932687 0.913368 0.930804 0.906486 0.996666 0.962093 0.911889 0.963443 
0137 0.112024	1.10483 1.11249 1.09147 0.994037 1.08472 1.12823 1.0049 1.11248 1.08807 0.967873 
0140 0.130545	1.14693 1.12791 1.05855 1.01022 1.07218 1.07172 1.07412 1.06565 1.00613 1.02523 
0141 0.173521	0.951167 0.986033 0.965891 0.957364 0.976937 0.928286 1.00434 0.983117 0.927405 0.998814 
0142 0.0448244	1.1621 1.07871 1.02131 1.10457 1.12486 1.17358 1.01107 1.10875 1.10552 1.15233 
0143 0.182301	1.07074 0.970838 0.975681 1.03424 1.02797 1.01928 0.95179 1.01142 0.962194 1.06449 
0144 0.0609982	1.00068 1.1435 1.23975 1.16086 1.04856 1.18167 1.06797 1.13175 1.13744 1.08094 
0145 0.179529	0.903569 1.07044 1.08506 1.07244 0.978711 0.971503 1.06978 1.03753 0.990351 1.01319 
0146 0.189464	0.975186 0.879572 0.881582 0.914744 0.919567 0.877618 0.954767 0.889047 0.850755 0.996071 
0147 0.038817	1.04909 1.14425 1.06898 0.999104 1.12613 1.12562 1.06579 1.1008 1.17363 1.02703 
0150 0.0567463	1.12503 1.12418 1.1284 0.989211 1.0321 0.989234 1.1004 1.1377 1.08313 0.972816 
0151 0.0828065	0.909828 0.896395 0.846783 0.831214 0.913734 0.791468 0.988668 0.918579 0.905745 0.984159 
0152 0.119815	1.09394 0.960053 0.875201 0.9544 1.02543 1.01569 0.95777 0.953839 1.04894 1.03838 
0153 0.154202	1.01647 0.955381 0.928726 1.00166 0.959169 0.935045 0.978905 0.991723 1.02076 1.02103 
0154 0.211103	1.06926 1.00572 1.03224 1.06273 0.987144 1.02625 1.00667 1.07394 1.01164 1.0137 
0155 0.115343	1.02254 1.12002 1.15298 1.05421 1.06195 1.08588 1.09805 1.11337 1.06391 0.976144 
0156 0.135544	1.1383 1.07769 1.05962 1.09271 1.09193 1.08049 1.00228 1.12725 1.07459 1.04023 
0157 0.124441	0.986357 0.945639 0.930187 0.927602 0.935864 0.93093 0.989507 0.936593 0.907309 0.99642 
0160 0.142019	1.0255 0.9107 0.927997 0.891564 0.905169 0.89234 1.02705 0.864143 0.92533 1.01623 
0161 0.0812736	1.12302 0.9651 0.893485 0.970878 1.03587 0.98554 0.949404 0.929063 1.01306 1.03987 
0162 0.12987	0.964827 1.05943 1.11195 1.02001 0.962653 0.994618 1.07215 0.967283 1.0556 1.02363 
0163 0.0883955	0.998585 0.868033 0.870531 0.922865 0.955245 0.914468 0.974496 0.85391 0.912144 1.06125 
0164 0.0955174	1.33126 1.09464 1.05948 1.07883 1.09843 1.08843 1.04008 1.01041 1.112 1.05101 
0165 0.114788	0.960367 1.1617 1.27034 1.12279 1.07178 1.14027 1.08757 1.10449 1.11791 1.04118 
0166 0.182237	1.07286 1.10962 1.07685 0.997021 1.03947 1.01862 1.07925 0.978278 1.08835 1.06348 
0167 0.165899	1.12449 0.998534 0.895038 0.98893 0.98269 1.02533 0.981263 0.894143 0.989633 1.07693 
0170 0.106978	1.01972 0.998531 1.00746 1.05473 1.04528 0.997639 0.989907 1.01757 0.974953 1.04863 
0171 0.077467	0.881928 1.11659 1.21806 1.13927 1.00752 1.06008 1.13874 1.13423 1.14923 1.0233 
0172 0.336305	0.830337 0.954365 0.916951 0.929594 0.945033 0.882835 1.0091 0.958931 0.920452 1.00372 
0173 0.0946818	1.03135 1.13179 1.10019 1.10288 1.07229 1.07794 1.06683 1.06978 1.12009 1.0319 
0174 0.0903781	0.890204 1.02174 1.09671 0.992202 0.992292 0.960495 1.07699 0.992736 0.97713 0.974025 
0175 0.13526	1.00925 1.0217 0.996544 1.04656 0.97703 0.972352 1.02448 0.976238 1.01107 0.960183 
0176 0.0753151	1.07798 1.10803 1.20965 1.19302 1.1203 1.24682 1.0456 1.21781 1.24011 1.10387 
0177 0.0836151	1.10017 0.996478 0.942526 1.02994 1.08899 1.12344 0.915609 0.99804 1.17369 1.0816 
1000 0.151083	0.98341 1.03734 1.05546 0.981066 0.975543 0.878483 1.0331 1.01453 0.965334 0.978474 
1001 0.0797676	0.872966 0.953211 0.905755 0.850577 0.926624 0.784287 1.00757 0.937144 0.880012 1.00291 
1002 0.196513	1.08135 1.13715 1.20516 1.11207 1.10663 1.08917 1.0524 1.05655 1.00189 1.03415 
1003 0.0591653	0.939724 0.934605 0.900855 1.04992 0.941205 0.917811 0.944382 0.914761 0.893909 1.00452 
1004 0.184363	0.951243 1.02192 1.10555 1.06383 1.00969 0.994126 1.01206 0.980876 0.9431 0.988496 
1005 0.0459588	0.94225 1.20381 1.19557 0.974316 1.01703 0.935394 1.17111 1.06931 1.01066 1.00008 
1006 0.10037	0.938353 0.905905 0.894145 0.94389 0.929692 0.891882 0.908614 0.877834 0.884534 0.99144 
1007 0.182779	1.00508 1.03667 0.961806 0.920879 1.01008 0.916587 1.01442 0.978574 0.965318 0.985376 
1010 0.128611	1.02965 1.13575 1.14981 1.10039 1.04727 1.19948 1.06251 1.02001 1.10925 0.980021 
1011 0.0498602	0.839837 0.937668 0.977982 0.916375 1.03072 1.06294 0.957276 0.966997 0.965764 0.981917 
1012 0.188723	0.947361 0.956051 0.93966 0.991761 0.986376 1.04765 0.974497 0.955687 1.04054 1.02179 
1013 0.127679	0.862799 1.06112 1.06684 0.941239 0.957573 0.959031 1.02434 1.02381 0.920231 0.945635 
1014 0.21109	0.933859 1.04762 1.10267 1.09375 1.07587 1.20149 0.974 1.10225 1.14965 1.01014 
1015 0.0750233	0.891877 1.14345 1.14995 1.01838 1.08786 1.13515 1.11871 1.06726 1.07456 0.993635 
1016 0.166356	0.793668 0.862275 0.867715 0.94278 0.914004 0.969813 0.882946 0.900345 0.880536 0.99118 
1017 0.0526561	0.962111 0.898911 0.828311 0.847126 0.95124 0.922874 0.930056 0.883437 0.8993 1.00681 
1020 0.205704	0.992342 1.02498 1.05152 0.940392 1.01475 1.05079 1.02346 0.994356 0.946319 1.03509 
1021 0.0518583	0.863924 0.96139 0.906661 0.843661 0.919268 0.879519 0.997867 0.979958 0.939557 0.99895 
1022 0.144339	1.0791 1.20676 1.23151 1.07633 1.10883 1.22854 1.12839 1.23873 1.18885 1.07643 
1023 0.0535869	1.00951 1.0201 1.05025 1.00162 1.06066 1.04432 1.02574 1.00774 0.873902 1.0148 
1024 0.079516	0.878296 1.07852 1.05187 1.01597 0.949926 1.01556 1.05048 0.96831 0.991861 1.02169 
1025 0.06828	1.04004 1.05343 1.11425 1.11376 1.02924 1.09897 1.02526 1.08202 1.02747 1.06932 
1026 0.15471	0.941306 1.13389 1.23202 0.9958 1.02135 0.998683 1.13004 1.12518 1.047 0.991825 
1027 0.242005	0.971166 0.897765 0.964877 0.937642 0.947024 1.00192 0.918378 1.00028 0.895295 1.03625 
1030 0.103564	0.904919 0.913895 0.879508 0.96019 0.922604 0.879063 0.942259 0.940463 0.92144 1.01371 
1031 0.0773369	0.976567 0.940274 0.841097 0.847686 0.918353 0.880099 0.99638 0.805878 0.895445 0.979846 
1032 0.0642233	1.05066 0.969816 1.08567 1.11196 1.009 1.12962 1.00284 1.01194 1.00233 1.01767 
1033 0.216207	1.16138 1.02337 1.05121 1.05321 1.05466 1.09052 0.998887 1.03885 1.13391 1.05485 
1034 0.0928043	1.01329 1.05182 1.11712 0.970479 0.988586 1.00082 1.04974 0.980056 1.03231 0.973392 
1035 0.195696	1.04161 0.959747 0.950395 0.997394 0.973082 1.00947 0.970521 0.894897 0.951648 0.989989 
1036 0.0810356	0.882917 0.967319 0.935699 0.877819 0.986144 0.938258 0.995713 0.916252 0.908599 0.978118 
1037 0.169132	1.01394 1.12763 1.12374 0.996812 1.08838 1.08677 1.02391 1.09574 1.1132 0.985886 
1040 0.0704733	0.856583 0.937947 0.934757 0.874739 0.98514 0.926079 0.972362 1.00002 0.988912 0.992108 
1041 0.0910494	0.913795 0.987351 1.07293 1.1198 1.00735 1.02336 0.994038 1.11666 1.05216 1.06624 
1042 0.1893	0.974894 1.00335 1.0107 1.01286 1.02717 1.04682 0.987447 1.02826 1.06706 1.00841 
1043 0.205761	1.01795 1.13768 1.26789 1.16827 1.09532 1.14772 1.02766 1.20382 1.12941 0.984736 
1044 0.108025	0.877936 0.818168 0.804154 0.900256 0.949936 0.927334 0.907248 0.909726 0.872651 1.00742 
1045 0.0776749	0.951117 1.10646 1.10379 1.00932 1.07063 1.08787 1.07601 1.11314 1.05321 0.964454 
1046 0.118313	0.774232 0.943167 0.98204 0.908294 0.916577 0.876222 1.04431 0.979812 0.859499 0.997041 
1047 0.139403	0.939262 0.964831 1.00526 1.05007 0.953038 0.985012 1.01171 1.02971 1.082 1.01789 
1050 0.174635	0.959725 1.0743 1.11256 1.00931 1.0139 1.00211 1.0677 0.981999 1.01206 1.00373 
1051 0.0683931	1.04836 1.00032 1.13118 1.03495 1.09622 1.12353 1.00101 1.09974 1.06302 1.04615 
1052 0.0544489	1.05878 0.947917 0.990198 1.05025 1.02379 0.957527 0.946884 0.975988 0.917737 1.06431 
1053 0.0896414	1.01502 1.14234 1.22685 1.13655 1.109 1.10416 1.10181 1.16587 1.09257 1.0318 
1054 0.118194	0.986129 0.889255 0.899829 0.937585 0.911914 0.82358 0.974882 0.826551 0.826272 0.985557 
1055 0.130146	1.07906 1.00719 1.07239 1.12722 1.04871 1.0844 1.00689 1.03187 1.14085 1.02685 
1056 0.158035	0.997946 0.927507 0.960461 0.911525 0.999901 0.94882 0.984867 0.936056 0.889799 1.0204 
1057 0.206507	0.995034 0.949443 0.980181 1.00363 0.959935 0.954475 0.968148 0.971737 0.950881 0.984378 
1060 0.2002	0.796563 1.0251 1.03108 1.001 0.923501 0.857183 1.02955 0.994415 0.99981 1.00473 
1061 0.0484879	1.12148 1.0528 1.12628 1.1519 1.0808 1.1178 0.978482 1.12459 1.13527 1.02798 
1062 0.100725	0.917119 0.966088 0.960971 0.973267 1.02436 1.01436 0.953866 1.00202 0.996855 1.0085 
1063 0.143964	1.0316 1.19741 1.1469 1.07518 1.05891 1.01018 1.06072 1.15233 1.13707 0.978752 
1064 0.0664834	1.02138 0.97392 0.904867 0.998474 1.05915 1.02414 0.959366 1.01045 1.05118 1.02939 
1065 0.205699	1.00838 0.989736 0.887283 0.912831 0.97451 0.909192 0.964903 0.977904 0.964914 0.978034 
1066 0.156461	0.983149 1.11135 1.09727 1.08681 0.997901 0.993278 1.02049 1.06131 1.06605 1.00983 
1067 0.0779805	1.01229 1.09037 1.04479 1.04247 1.12264 1.09432 0.983459 1.12463 1.21972 1.02377 
1070 0.080402	0.961312 0.976249 0.859799 0.931435 0.978134 0.905963 0.962493 0.985563 1.0154 1.01627 
1071 0.18258	0.892133 1.13834 1.18305 1.01816 0.996666 0.930236 1.15478 1.02079 1.08066 0.982075 
1072 0.0703518	0.868517 0.932005 0.861969 0.912362 0.933813 0.92728 0.958181 0.884549 0.934028 0.964238 
1073 0.10804	0.949627 0.966088 0.972023 1.01717 0.931945 0.881784 0.95173 0.925095 0.984782 0.95608 
1074 0.0644891	0.943063 0.857558 0.811724 0.926368 0.884548 0.788853 0.938423 0.852596 0.859029 0.978239 
1075 0.21943	1.01317 1.0104 0.922855 0.980549 1.02208 1.0172 0.988232 0.903953 1.0132 0.969479 
1076 0.160804	1.08384 1.07601 1.00801 0.965955 1.10494 1.11317 0.983009 1.00492 1.10255 1.00548 
1077 0.113903	1.05233 1.12414 1.15206 1.14494 1.08744 1.07259 1.05773 1.14254 1.16557 0.989864 
1100 0.0605766	0.977268 0.829745 0.764032 0.921174 0.893258 0.865163 0.901018 0.840631 0.914112 0.973112 
1101 0.181298	1.06893 0.927657 0.973134 0.989118 1.0088 1.00861 0.9494 1.00068 0.89654 1.0119 
1102 0.202354	1.01132 0.968039 0.92019 0.91683 0.940556 0.949975 0.96039 0.954866 0.950269 0.96175 
1103 0.0963179	1.22719 1.11842 1.04906 1.08588 1.13389 1.17911 0.975819 1.15278 1.10502 1.03705 
1104 0.212936	0.989845 1.07925 1.14321 1.034 0.988444 0.963445 1.06009 1.06811 1.05701 0.940558 
1105 0.080013	1.12617 1.06018 1.07916 1.19514 1.04804 1.091 0.951617 1.11273 1.15681 1.06569 
1106 0.0780693	1.01696 1.04773 0.932955 0.937114 1.01368 0.936273 1.02723 1.09307 1.02798 1.01797 
1107 0.0884354	1.06199 1.15616 1.23857 1.09007 1.08514 1.0894 1.09113 1.16092 1.1154 0.960151 
1110 0.0515564	0.980987 1.02115 1.14458 1.07582 1.05708 1.14108 1.0362 1.10282 1.0825 0.91724 
1111 0.150778	0.912127 1.02015 1.02654 0.947603 1.00033 0.971848 1.03803 1.00303 0.9587 0.986349 
1112 0.202335	0.895442 0.857673 0.840187 0.87459 0.947415 0.899246 0.936893 0.861705 0.885384 0.983302 
1113 0.0710117	0.991914 1.15559 1.23729 1.07195 1.01082 0.971961 1.10955 1.11214 1.12583 0.959331 
1114 0.187257	1.09053 1.08049 1.17168 1.07071 1.08179 1.04164 1.0424 1.12433 1.14013 1.02953 
1115 0.161965	0.976571 1.01836 0.943595 0.989664 1.03601 1.06099 0.962832 1.00135 1.08047 1.00082 
1116 0.116245	0.946584 0.998115 1.06146 0.98345 0.942343 0.969581 1.06234 0.966095 1.02615 0.96796 
1117 0.0588521	0.931862 0.945542 0.974235 0.911983 0.950071 0.875082 1.03886 0.926555 0.886351 0.971953 
1120 0.101832	0.867157 0.953639 0.870016 0.875199 0.941182 0.853771 1.00762 0.894162 0.855821 0.958675 
1121 0.119372	0.849781 1.02751 1.14907 1.02475 0.96048 0.994753 1.0506 1.00253 1.01117 0.967075 
1122 0.0958115	0.90306 0.901527 0.850747 0.936676 0.925817 0.903135 0.902899 0.866103 0.852688 1.00842 
1123 0.0468586	1.03087 1.13417 1.20507 1.13508 1.12148 1.2675 1.03615 1.15773 1.12071 1.00086 
1124 0.23377	0.940754 0.987656 0.963445 0.984338 0.984219 0.973216 0.980501 0.997843 0.988759 1.03502 
1125 0.132723	0.871638 1.0863 1.14106 1.06865 1.02684 1.05055 1.02954 1.08394 1.08102 0.990178 
1126 0.0751309	1.06823 1.09164 1.10022 1.09712 1.04721 1.17011 1.01777 1.06526 1.09675 1.00369 
1127 0.194503	0.998595 0.979104 0.93495 0.969466 1.05393 1.10293 0.965005 1.01484 0.939827 1.01677 
1130 0.133647	1.13574 1.13852 1.14084 1.15407 1.10974 1.1151 1.02661 1.12136 1.18663 1.02779 
1131 0.056	1.00373 1.11264 1.32218 1.09835 1.05332 1.08555 1.11474 1.10203 1.03616 0.920935 
1132 0.123765	1.05361 0.950832 0.855723 0.942872 0.962677 0.999135 0.943794 0.884152 0.947389 1.0031 
1133 0.0785882	1.05278 1.09378 1.10146 1.0538 1.00097 1.00732 1.09393 0.997294 1.08083 0.990583 
1134 0.148706	0.962672 0.902167 0.925426 0.968387 0.944397 0.98761 0.94951 0.88277 0.927286 0.959129 
1135 0.269647	0.998347 0.980709 1.02872 1.01387 1.00935 1.00578 0.976141 0.948413 0.998554 0.955147 
1136 0.0668235	0.916612 0.862723 0.770847 0.925898 0.895816 0.919805 0.875239 0.839179 0.844437 0.95794 
1137 0.122824	1.09452 1.01446 1.04204 1.05827 1.07034 1.09323 0.996623 1.00903 1.0471 0.975284 
1140 0.0741681	0.952364 1.03677 1.05915 1.04201 1.08069 1.08381 1.01238 1.08251 1.08119 1.09205 
1141 0.253243	0.981255 0.924167 0.905311 0.91187 0.962773 0.956463 0.950211 0.862448 0.96963 1.01811 
1142 0.0987028	1.12705 1.20145 1.28876 1.1297 1.05746 1.2212 1.08506 1.13905 1.25231 1.02383 
1143 0.119571	0.882324 1.10242 1.10671 1.02998 0.962781 0.989279 1.10514 1.00703 0.972265 0.961109 
1144 0.157078	1.06412 0.975213 0.984268 1.0342 1.03544 1.02188 0.926476 0.929987 1.07416 1.03248 
1145 0.109983	1.02233 1.09238 1.14211 0.996686 1.07979 1.08008 1.07172 1.07485 1.08703 0.981908 
1146 0.070502	0.856671 0.915022 0.902211 0.861309 0.901293 0.854848 1.00054 0.837064 0.898947 1.00887 
1147 0.116751	0.884171 1.06604 1.04573 0.890305 1.01082 0.950232 1.0955 1.03781 0.968695 1.01434 
1150 0.0433139	0.984851 0.960978 0.958616 0.901552 1.02712 0.976582 0.990019 0.997005 0.990539 1.02646 
1151 0.189412	0.985662 0.90601 0.806341 0.861745 0.937109 0.907787 0.970866 0.870137 0.913964 1.00236 
1152 0.0756274	1.10598 0.928234 0.856675 0.917917 1.00403 0.991242 0.904361 0.901039 0.908568 1.02792 
1153 0.0828463	0.947276 1.03836 1.14293 1.0425 0.983356 1.01645 1.04034 1.08365 1.0037 0.952217 
1154 0.196631	1.00004 0.979722 1.0078 0.994464 0.9625 1.00987 0.997354 0.992156 1.02372 1.00604 
1155 0.145067	1.04631 1.12647 1.15145 1.11645 1.07033 1.18723 1.0842 1.10003 1.15113 1.00538 
1156 0.174974	1.01485 1.04088 1.09617 1.02212 1.04022 1.09188 1.01911 1.03681 1.03482 1.0033 
1157 0.0921279	0.986108 0.951559 1.01576 0.942134 0.976773 0.874927 1.02376 1.01678 0.882071 1.04015 
1160 0.0824996	0.822881 1.04778 1.10472 0.990276 1.00662 1.01532 1.11909 1.01461 1.05585 1.03037 
1161 0.0470423	1.05644 1.21212 1.30269 1.0891 1.08262 1.14358 1.16733 1.19622 1.14356 0.974897 
1162 0.137265	1.07108 1.03001 1.01439 1.10554 1.09873 1.21635 0.964285 1.13397 1.18402 1.04607 
1163 0.099175	0.926378 0.950367 1.00764 0.963917 0.978422 0.980807 0.997948 0.981011 1.00297 0.990969 
1164 0.118834	0.969183 0.990775 0.958805 0.931631 1.03696 1.03484 0.989696 1.00876 0.972041 1.0139 
1165 0.153414	1.08309 1.07556 1.15595 1.10035 1.03391 1.08851 1.03369 1.03068 1.08603 1.01262 
1166 0.186414	0.923159 0.878111 0.851535 0.914659 0.94217 0.920657 0.95166 0.91564 0.942478 0.974071 
1167 0.175355	1.07726 1.01612 1.01991 1.04347 0.968215 1.03297 0.975044 1.01287 1.09696 1.00717 
1170 0.0634532	0.844246 1.01765 1.05521 0.92285 0.966869 0.900522 1.0663 1.02211 0.968853 0.972842 
1171 0.0670307	0.9949 1.11545 1.12292 1.16715 1.11341 1.13874 1.08506 1.13929 1.1689 1.00318 
1172 0.112032	0.921024 1.0076 1.07969 1.03874 0.960964 0.970238 1.02515 0.976676 1.02575 0.966767 
1173 0.0836001	0.894962 0.873328 0.845301 0.878165 0.915893 0.813578 0.971784 0.868701 0.895943 0.964004 
1174 0.192054	1.02845 1.00411 1.03304 1.04164 1.03353 1.0861 1.02614 0.99948 1.02579 0.969497 
1175 0.199397	0.963185 1.13395 1.26093 1.10794 1.02936 1.06995 1.06141 1.1591 1.11182 0.958054 
1176 0.187347	0.951348 0.946312 0.911499 0.964231 0.954959 0.978686 0.971132 0.953242 0.939867 0.971144 
1177 0.0950857	1.01835 0.948373 0.859592 0.911741 1.01467 1.0179 0.956436 0.967209 0.98837 0.975554 
BOUNDS
LWPS R    0.0  0.0  0.0  0.0  0.0  0.0  0.0  0.0  0.0  0.0
UWPS R    0.5  0.5  0.5  0.5  0.5  0.5  0.5  0.5  0.5  0.5
LXAS R   -0.5 -0.5 -0.5 -0.5 -0.5 -0.5 -0.5 -0.5 -0.5 -0.5
UXAS R    0.5  0.5  0.5  0.5  0.5  0.5  0.5  0.5  0.5  0.5
END
