NAME moment_estimations_cluster
ASSETS 10
BENCHMARKS 0.1 0.1 0.1 0.1 0.1 0.1 0.1 0.1 0.1 0.1 
COVARIANCES
0 0 0.105709
1 0 0.0478856
1 1 0.0253165
2 0 0.0292518
2 1 0.0139923
2 2 0.0131059
3 0 0.0102166
3 1 0.00717125
3 2 0.00235464
3 3 0.00952805
4 0 0.0110241
4 1 0.0061615
4 2 0.00349146
4 3 0.00567195
4 4 0.00754008
5 0 0.012692
5 1 0.00677891
5 2 0.0088646
5 3 0.00525376
5 4 0.00655205
5 5 0.0159895
6 0 0.0508947
6 1 0.0249838
6 2 0.0178857
6 3 0.00937606
6 4 0.0103816
6 5 0.0138849
6 6 0.034637
7 0 -0.00232275
7 1 -0.000540275
7 2 -0.00199138
7 3 0.00651301
7 4 -0.00166862
7 5 0.00124461
7 6 -0.00136935
7 7 0.0225046
8 0 0.0434505
8 1 0.0202049
8 2 0.0165075
8 3 0.00398782
8 4 0.00877183
8 5 0.0103987
8 6 0.0273675
8 7 -0.00965777
8 8 0.0291694
9 0 0.00658123
9 1 0.00189678
9 2 0.00390592
9 3 0.00388953
9 4 0.00693222
9 5 0.00681096
9 6 0.0102798
9 7 -0.00145018
9 8 0.00989443
9 9 0.0158432
SCENARIOS
0 0.53494	1.32181 1.0345 1.07581 0.984556 1.04128 1.0363 1.16117 1.00404 1.13951 1.06151 
1 0.46506	0.799824 0.891026 0.945378 0.970897 0.937066 0.990508 0.871008 1.02818 0.89342 0.951087 
00 0.665177	1.22902 1.13641 1.08821 1.13703 1.00714 1.11351 1.13661 1.00827 1.12698 0.930704 
01 0.334823	0.704289 0.928284 0.879839 1.0136 0.974167 0.935002 0.81309 1.00976 0.817526 0.918732 
10 0.705522	1.25666 1.06522 1.04531 1.01545 1.0399 1.00747 1.08069 1.01422 1.10451 1.05272 
11 0.294478	0.662085 0.837327 0.825492 0.953799 0.978771 0.853357 0.787981 1.05376 0.826508 0.959267 
000 0.117556	0.619963 0.862813 0.913755 0.894355 1.01461 0.985558 0.810247 0.973981 0.872418 1.05842 
001 0.132451	0.995586 1.04887 0.948864 0.997234 0.932296 0.984514 0.912023 1.21299 0.777056 0.912565 
002 0.0873732	0.518347 0.757351 0.814179 0.855477 0.918785 0.75372 0.650644 0.881486 0.771287 1.17116 
003 0.214765	0.961924 0.941845 0.952258 0.878529 1.06167 0.876614 0.888258 0.836742 1.00756 1.07834 
004 0.0866706	0.888727 1.04161 1.07145 0.884537 1.08075 1.00721 1.00076 0.634879 1.17728 1.1464 
005 0.141247	1.03375 1.00366 1.02216 1.11575 1.11953 1.04399 1.13424 1.24968 0.973494 1.35814 
006 0.105612	2.27556 1.52351 1.23444 0.964079 1.02214 0.903753 1.3342 1.03745 1.3412 1.14053 
007 0.114324	1.46265 1.20766 1.16374 0.961065 1.12603 1.19497 1.31435 0.776745 1.39042 1.2652 
010 0.144436	1.3359 1.17246 1.09878 1.00877 0.992234 1.03221 1.23844 0.885113 1.27497 1.0677 
011 0.091843	2.23043 1.22764 1.18755 1.08901 0.986056 0.940594 1.21552 1.15831 1.21846 0.890674 
012 0.0553291	0.757511 0.919251 0.873284 1.14114 1.05441 1.06562 0.869012 1.00316 0.898429 0.958235 
013 0.110937	0.881249 0.863861 0.975646 0.955185 0.975448 1.06706 0.965179 0.901932 1.00793 1.24704 
014 0.124672	0.665197 0.797333 0.856034 0.872287 0.865156 0.813579 0.722099 1.08808 0.749231 0.945256 
015 0.116074	0.654131 0.844362 0.964618 0.9916 0.931623 0.995879 0.800623 1.01069 0.868701 0.923558 
016 0.130869	1.08191 1.03693 0.981778 1.10549 0.960492 1.12483 1.09253 1.40444 0.925089 1.06048 
017 0.225839	1.17893 1.08058 1.06611 0.976527 0.925917 0.908994 0.994463 1.03747 1.00175 0.922714 
100 0.102984	0.726692 0.800842 0.872428 1.11528 1.08479 1.04944 0.918951 1.07776 0.814446 0.943928 
101 0.144403	1.17318 1.05556 1.11351 0.974312 0.977569 0.935824 1.07069 0.955636 1.02215 0.964825 
102 0.100637	1.25781 1.16738 1.07785 1.0822 1.08943 1.09767 1.3145 1.16109 1.09105 1.10483 
103 0.0821066	1.7866 1.25843 1.11047 1.05285 0.982352 1.00249 1.27274 1.17981 1.03651 0.883445 
104 0.188016	0.780397 1.00784 0.949365 1.06959 1.04061 1.04812 1.00027 1.08737 0.908721 1.03109 
105 0.0950596	1.86488 1.37451 1.25828 1.08538 1.12223 1.00513 1.50135 0.76769 1.42391 1.24754 
106 0.166164	0.651045 0.81921 0.846991 0.886321 0.855713 0.816297 0.7547 1.10112 0.722367 0.891234 
107 0.12063	1.04401 1.01144 0.987505 0.89355 1.0182 0.853424 0.924078 0.746845 1.07024 1.02434 
110 0.0702446	1.16061 1.09395 1.14422 0.867601 1.04711 1.09256 1.18385 0.775533 1.21972 1.2242 
111 0.127419	1.08537 0.995306 0.930978 1.04972 0.95127 0.873584 1.03365 1.01052 0.953667 1.01713 
112 0.0675429	1.22209 1.02532 0.966749 0.86702 0.789353 0.833806 0.874892 1.12258 0.847895 0.656236 
113 0.0537422	1.96549 1.31365 1.23516 1.05202 1.04683 1.08579 1.28353 0.816232 1.26978 1.11109 
114 0.0979189	1.77631 1.35148 1.25448 1.06052 1.02764 1.08851 1.34518 0.957543 1.25894 1.16166 
115 0.243885	0.873616 0.863095 0.988857 1.07496 0.979654 1.01158 0.938548 1.25179 0.851971 0.905504 
116 0.138518	1.33303 1.20033 1.10429 0.966457 0.901524 1.017 0.972891 0.892783 0.962574 0.784415 
117 0.20073	0.738345 0.799366 0.98256 0.915061 0.901978 0.970155 0.825038 0.838167 0.927964 1.09096 
0000 0.201291	1.12118 1.25191 1.05135 1.07365 0.936339 1.06292 1.13827 0.967303 0.981066 0.997589 
0001 0.114033	0.62965 0.742661 0.868167 0.873397 0.937269 1.00765 0.728896 0.864271 0.753243 0.920779 
0002 0.0406407	1.91838 1.29497 1.30356 1.01451 1.07622 1.21611 1.35203 0.922997 1.31683 1.21655 
0003 0.178102	0.728627 0.824787 0.91074 0.98393 0.89375 1.02785 0.825925 1.22576 0.792164 1.03346 
0004 0.10208	0.712449 0.919351 0.982854 1.08493 1.10166 1.30131 1.04782 1.01244 0.980423 1.09065 
0005 0.145589	1.28133 1.09287 1.16166 1.07281 1.05497 1.12159 1.30859 0.959278 1.25056 1.1356 
0006 0.049486	0.995907 0.942261 1.21058 1.02913 1.06995 1.19719 1.01596 0.698978 1.14561 1.03101 
0007 0.168778	0.928117 0.925753 1.04133 0.953862 0.88838 0.85773 0.927705 1.00341 0.950624 0.950559 
0010 0.156376	1.24268 1.11229 1.08849 1.0229 1.05365 0.852292 1.09881 0.963078 1.1661 1.09494 
0011 0.115213	0.659155 0.862433 1.04578 0.882801 0.999858 1.04339 0.880501 0.895595 1.0964 1.04835 
0012 0.106302	1.97383 1.24608 1.14634 0.981196 0.955102 0.846177 1.30666 0.963237 1.4426 1.04195 
0013 0.269892	0.679226 0.886851 0.843331 0.869771 0.945772 0.869989 0.782233 1.06234 0.85415 1.02127 
0014 0.0806281	0.814818 0.795138 0.910333 0.813906 0.941343 0.782183 0.853585 0.884213 1.02161 1.03709 
0015 0.062805	1.19836 1.1391 1.19137 0.997346 1.08951 1.12473 1.31623 1.07508 1.28717 1.40394 
0016 0.0988755	1.29704 1.13482 1.08247 0.80023 0.932866 0.995018 0.985676 1.03373 1.03766 0.825345 
0017 0.109909	0.9793 1.08642 0.966814 1.10361 1.03079 0.906922 1.07226 1.08332 1.04027 1.04115 
0020 0.117079	1.67537 1.17963 1.01885 0.932749 1.06243 0.952365 1.24429 1.12913 1.07766 0.956562 
0021 0.0533934	1.66769 1.11696 1.07158 1.03964 1.25552 1.30547 1.62857 1.1301 1.40098 1.24981 
0022 0.186877	0.778089 0.921544 1.04692 0.83294 1.0843 1.23724 1.06106 0.765057 1.08306 0.943692 
0023 0.167578	0.682631 0.818624 0.857147 0.937335 1.02641 1.13915 0.926723 1.02848 0.904003 0.863475 
0024 0.086523	0.546429 0.701332 0.792001 0.890577 0.853865 0.921171 0.725843 1.05653 0.695395 0.70778 
0025 0.0842715	0.949134 0.907821 0.984179 0.905088 0.818429 0.951218 0.806663 0.95873 0.943184 0.742905 
0026 0.0926343	1.35479 1.10174 1.09239 0.904858 1.07448 1.13746 1.32191 0.7584 1.28359 0.980804 
0027 0.211644	0.981743 0.98818 0.940988 1.001 1.0644 1.05095 1.05102 1.19773 0.861418 0.914348 
0030 0.125883	0.949687 1.02555 0.978399 0.795742 0.762083 0.863968 0.855058 1.05725 0.836782 0.859297 
0031 0.0728867	2.18755 1.56501 1.18816 0.989451 0.95898 1.01813 1.33728 0.87198 1.33529 0.919287 
0032 0.0891128	1.46691 1.15 1.1277 1.07054 0.976535 1.16678 1.17836 1.18612 1.10547 1.03533 
0033 0.306333	0.805088 0.942932 0.89958 0.945088 0.985126 0.91429 0.887272 1.06823 0.878852 0.956082 
0034 0.112929	0.868647 1.04545 1.01417 0.92182 1.04042 1.23621 1.07282 0.848188 1.03591 1.05667 
0035 0.115415	1.15346 1.07771 1.09421 1.04907 0.986044 1.10994 1.2296 1.049 1.15028 1.132 
0036 0.0738027	1.06725 1.11419 0.794069 1.05146 0.992464 0.865267 0.925019 0.995151 0.875331 0.936974 
0037 0.103638	1.64777 1.27697 1.04873 1.02272 0.970327 0.967816 1.19441 0.854091 1.09781 0.944933 
0040 0.0963035	0.51142 0.827204 0.862141 0.884426 0.986458 0.934097 0.755735 0.921731 0.815959 1.08205 
0041 0.059987	0.775326 0.952912 0.895746 0.930193 0.84665 0.874743 0.824509 1.27751 0.756518 0.829538 
0042 0.131647	1.16692 1.10248 0.979133 0.893429 0.998519 0.795485 1.01757 0.954524 1.14891 1.09521 
0043 0.271077	0.87209 0.918526 0.979431 0.951912 0.954765 0.852283 0.977896 1.13583 0.963814 1.09348 
0044 0.108949	1.7194 1.30228 1.23065 0.897348 0.987427 1.13386 1.45879 1.1757 1.34844 1.18598 
0045 0.139429	1.55686 1.11385 1.04158 0.917901 0.900761 1.00711 1.09047 1.20682 1.15117 1.02598 
0046 0.0817121	0.84716 0.907264 0.873498 0.842095 0.804966 0.833392 0.75663 1.10312 0.811136 0.813991 
0047 0.110895	0.915412 0.999492 1.1217 1.1039 1.11801 1.39291 1.19193 1.27283 1.09817 1.16028 
0050 0.186232	0.721192 0.937722 0.93247 0.891276 1.07898 1.00165 0.909993 0.832861 0.9936 0.875689 
0051 0.196777	1.56516 1.24943 1.08968 1.15809 1.04745 1.08098 1.23428 0.948926 1.10206 0.842486 
0052 0.117788	0.878211 1.05088 1.00387 0.916328 0.898512 1.08636 0.914186 0.968554 0.879379 0.787928 
0053 0.05193	0.638911 0.825429 1.06228 0.913992 1.09162 1.21373 1.04532 0.687277 1.11845 1.16426 
0054 0.0732193	0.910995 1.05334 0.922317 1.17341 1.05871 1.0716 0.979912 1.20126 0.793195 0.819355 
0055 0.0531238	0.591991 0.853039 0.866683 0.775107 0.911436 0.933903 0.730007 0.84779 0.801226 0.839566 
0056 0.0779944	0.540628 0.854278 0.796498 0.994424 0.970248 1.07443 0.729027 1.01868 0.75424 0.800712 
0057 0.242937	1.40898 1.35576 1.03792 0.972161 0.995712 0.973473 1.15808 0.891916 1.1607 0.757075 
0060 0.183874	0.996492 1.07604 0.914992 1.18408 1.08718 0.995835 1.01863 1.01238 0.932141 0.885609 
0061 0.0729111	1.00913 0.913561 0.872866 0.938142 0.876222 0.797188 0.842467 1.12721 0.747677 0.687264 
0062 0.0606706	1.20651 1.15592 1.06446 1.32885 1.0897 1.2777 1.32547 1.35436 0.895635 0.913548 
0063 0.188398	1.00427 1.12064 0.954029 1.12987 1.2338 1.1424 1.07316 0.886441 1.22146 0.982945 
0064 0.0407131	0.818944 0.957249 0.948767 1.2257 1.05889 1.26078 0.981978 1.63287 0.639689 0.892364 
0065 0.109101	0.690351 0.952903 0.890697 0.996961 0.99997 0.924877 0.837926 0.826907 0.904892 0.899674 
0066 0.151676	0.555641 0.662654 0.761812 1.12806 1.02632 1.14865 0.784911 0.957421 0.661063 0.876223 
0067 0.192656	1.70448 1.29185 1.09621 1.08711 1.01853 1.31013 1.4149 0.897118 1.16374 1.04445 
0070 0.278761	0.790056 0.91671 1.00662 1.00067 0.970944 0.941262 0.977772 1.09672 0.953886 1.03975 
0071 0.145772	1.25403 1.10242 0.961569 1.0991 1.04614 0.953677 1.05377 1.26998 0.890844 0.931831 
0072 0.102262	1.77168 1.45531 1.06748 1.22614 1.23549 1.03072 1.38489 1.02985 1.28587 1.0715 
0073 0.134218	0.979914 0.994257 1.03487 1.06929 0.970795 1.00673 1.16966 1.2124 0.969227 1.08514 
0074 0.096116	1.17333 0.939139 1.0544 0.819659 0.94115 0.817235 1.00046 0.865068 1.15626 1.11321 
0075 0.0980826	0.744002 0.895967 0.894036 0.933614 0.925106 0.781097 0.837863 1.44372 0.736275 1.01972 
0076 0.06588	1.06725 1.08653 1.27374 0.895956 1.14941 1.33958 1.42871 0.840913 1.26504 1.09299 
0077 0.0789086	0.494375 0.765542 0.853331 0.982349 0.974647 0.827331 0.744442 1.04873 0.716855 0.840302 
0100 0.0912254	0.723806 0.829693 0.977739 1.16007 1.23901 1.05976 1.04335 0.916021 0.945168 1.21841 
0101 0.0850406	0.781648 0.799684 0.945925 0.840306 0.891866 0.930069 0.811653 0.875081 0.965251 0.874879 
0102 0.188249	1.03944 0.922302 1.04029 0.85297 0.904071 1.02016 0.890491 1.26034 0.821779 0.948127 
0103 0.0858137	2.00637 1.34826 1.35974 1.13452 1.07622 1.19635 1.51312 1.12266 1.38961 1.13225 
0104 0.109393	1.17317 0.945161 1.0849 0.985905 0.977211 1.00859 0.994407 0.930942 1.10576 1.18919 
0105 0.229223	1.29115 1.12453 1.11857 1.29054 1.13577 1.22374 1.11708 1.27303 1.07295 1.13107 
0106 0.0854271	1.20775 1.09958 1.14228 1.06217 1.11088 1.09904 1.0873 0.875422 1.30578 1.08729 
0107 0.125628	0.659463 0.762934 0.861342 0.86208 0.999058 0.902008 0.670956 0.969131 0.761364 0.975952 
0110 0.0644377	2.22281 1.54282 1.13491 1.05411 0.962623 0.90349 1.23148 0.914393 1.24023 0.871354 
0111 0.0930091	1.14625 1.10531 1.06112 1.06625 1.0285 1.26059 1.4415 0.897451 1.309 1.06389 
0112 0.0942249	0.85057 1.10422 1.06167 1.06304 1.06288 1.19112 1.27856 1.19093 0.989442 1.3472 
0113 0.158055	0.61832 1.02522 0.85927 0.918729 0.81103 0.936114 0.779527 0.994143 0.732015 0.930774 
0114 0.213982	0.848413 1.11967 0.939833 0.926081 1.03446 1.10246 0.958039 0.794394 0.885649 0.907482 
0115 0.142857	1.11806 1.2488 1.01238 0.875944 0.994837 0.955273 1.05208 0.625734 1.24824 1.04242 
0116 0.12766	1.58604 1.26341 1.09548 1.02802 1.15074 1.17895 1.36334 1.05467 1.20813 1.35522 
0117 0.105775	1.07436 1.08752 0.992539 0.887968 0.77771 0.814664 0.91366 1.11522 0.847135 0.942674 
0120 0.182644	1.48298 1.2605 1.24885 1.01623 0.991791 1.05553 1.27759 0.958357 1.32798 1.05715 
0121 0.173562	1.04015 1.02045 0.887019 1.10361 1.05986 0.86275 1.01081 1.11883 0.903296 1.11836 
0122 0.128153	1.33494 1.16611 0.99813 0.936934 1.04947 0.947635 1.21424 0.988147 1.0161 1.10272 
0123 0.0968718	1.064 1.141 1.18334 1.15108 1.10823 1.11041 1.23114 1.00449 1.36446 1.24659 
0124 0.213925	0.692352 0.821076 0.966633 0.874994 0.987878 0.908321 0.92514 0.911192 0.985863 1.16971 
0125 0.0716448	0.79906 0.957221 0.906108 0.898263 0.8889 0.720298 0.817528 0.788398 0.911253 1.05385 
0126 0.0787084	1.48255 1.00491 0.966435 1.03752 0.938364 0.760557 1.0313 1.20097 0.868526 0.994786 
0127 0.0544904	0.924283 0.817202 1.0109 1.13461 1.22876 1.07736 1.16899 1.28702 1.07994 1.57135 
0130 0.0910921	1.09066 1.01698 1.00288 0.863037 0.958504 0.956617 0.910585 0.816549 1.06292 1.03427 
0131 0.114243	1.39455 1.06386 1.01672 1.00644 1.0544 0.965334 1.02664 1.07173 1.12622 0.926248 
0132 0.117262	0.786294 0.845796 0.909021 0.787467 0.949274 0.904913 0.801707 0.989206 0.80974 0.740675 
0133 0.0689482	0.940042 1.11105 1.03794 1.1862 1.1556 1.36091 1.22744 1.29476 0.99987 1.02456 
0134 0.155008	1.29986 1.19432 1.05602 1.02403 1.05578 1.0276 1.14713 1.04389 1.03999 0.8633 
0135 0.112229	1.27335 1.02624 1.31247 0.865596 1.1954 1.33668 1.21472 0.91202 1.42422 1.09559 
0136 0.224962	0.766928 0.951432 0.995061 0.956646 0.921103 0.944778 0.859943 1.1388 0.865826 1.05453 
0137 0.116256	1.05424 0.956787 1.02103 0.935767 1.02252 1.06996 0.814804 0.831293 1.02729 0.769702 
0140 0.139275	1.13538 1.12788 1.08555 1.02096 0.972219 1.14816 1.08697 0.786448 1.16887 0.770795 
0141 0.158083	0.594579 0.994682 0.888575 1.02733 1.01186 0.942714 0.832408 0.870705 0.92461 0.884615 
0142 0.0541872	0.511988 0.805455 0.804681 0.906959 0.86742 0.890877 0.687161 0.891147 0.752534 0.798743 
0143 0.139722	1.1214 0.957159 1.04056 1.0019 0.886045 0.985377 0.979526 1.01735 0.970491 0.792009 
0144 0.200179	1.23313 1.04142 0.846355 1.11839 0.985406 1.03038 0.956422 1.37223 0.858825 0.798619 
0145 0.178683	1.07909 1.14743 0.979673 1.25038 1.09134 1.21571 1.0929 1.10372 1.02651 0.969482 
0146 0.0685177	0.699354 0.824747 0.786936 1.18842 1.13257 0.797693 0.96037 1.01514 0.857659 1.09956 
0147 0.0613524	2.20073 1.59897 1.12017 1.32671 1.00634 1.00877 1.5633 0.99075 1.31832 0.8193 
0150 0.114478	0.830986 0.869948 0.839511 0.838939 0.96617 0.788061 0.77997 0.855657 0.882928 0.978266 
0151 0.165945	1.16958 0.941536 0.964605 1.02691 1.07046 1.11811 1.0418 1.12783 1.07292 1.23608 
0152 0.190957	0.777402 0.897726 0.87407 0.92594 1.08405 1.20642 0.949114 1.04562 0.878854 1.21629 
0153 0.185666	1.62696 0.966631 1.18027 0.786386 0.921603 1.05017 1.26464 0.790021 1.28208 1.04441 
0154 0.153439	0.810939 0.837241 0.892999 0.911715 1.10611 0.991419 1.09512 0.735518 1.13909 1.34622 
0155 0.0851371	0.860317 0.894541 1.11247 0.729003 0.831639 1.04335 0.933941 0.726616 1.10954 1.06475 
0156 0.0582011	0.81859 0.69254 0.788121 0.842536 0.868977 0.897537 0.751048 1.26708 0.688451 0.987638 
0157 0.046176	0.721727 0.700532 0.793612 1.09145 1.00471 0.917312 0.830081 1.36774 0.75019 1.20008 
0160 0.118601	1.60765 1.25307 1.14269 1.12531 1.18212 1.04972 1.17209 1.08817 1.0575 1.0679 
0161 0.0964164	0.7295 0.887869 1.05043 0.986191 1.03533 1.00783 1.02561 0.929623 1.1869 1.20503 
0162 0.142065	0.638989 0.782756 0.826815 0.990416 0.965852 0.959849 0.760008 1.20413 0.698763 0.85704 
0163 0.125427	0.916058 1.09578 1.11821 0.983122 0.990758 1.18916 0.95841 1.282 0.833992 1.05515 
0164 0.125853	1.13464 1.0726 0.992402 1.12708 1.15608 1.20297 1.23608 0.884225 1.13804 1.14782 
0165 0.101109	0.969067 0.99431 0.931059 1.17604 1.01018 0.837845 1.0559 1.32067 0.901748 1.07054 
0166 0.0767918	2.11844 1.32132 1.40806 1.23789 1.15111 1.27375 1.58582 1.16683 1.48101 1.32792 
0167 0.213737	1.06997 0.991782 1.00522 0.99955 0.952855 0.739405 0.880138 0.934474 0.930868 0.813528 
0170 0.0682324	1.01467 0.933753 0.859537 0.880243 0.836951 0.959394 0.74588 1.22507 0.753952 0.746682 
0171 0.0464771	1.70013 1.25682 1.13848 0.994537 1.15983 1.00285 1.31896 0.77887 1.59556 1.01131 
0172 0.145612	0.903051 0.985506 1.03175 1.14567 1.13054 1.19015 1.12999 0.957392 1.16542 1.20547 
0173 0.157231	1.66611 1.24367 1.09089 1.01122 1.08255 1.18513 1.23366 1.1214 1.16892 1.02353 
0174 0.142151	1.34126 1.00555 0.930321 0.917322 0.990641 0.956305 0.982983 0.925998 0.998212 0.98007 
0175 0.187639	0.833913 0.926345 0.945799 0.933618 0.832082 0.95098 0.842526 1.01275 0.966497 1.05806 
0176 0.114215	0.677765 0.839337 0.733102 0.916291 0.946789 0.839648 0.769928 1.02517 0.793244 0.893957 
0177 0.138443	0.924431 0.855893 0.915033 0.955258 1.06151 0.985713 1.03889 0.742579 1.12434 1.12911 
1000 0.160994	0.575796 0.841712 0.953075 0.917899 0.919911 0.941245 0.870698 0.754602 1.04407 1.06928 
1001 0.0914472	0.903488 1.09861 1.06382 0.970358 1.10206 1.2933 1.13058 0.801705 1.21103 1.16424 
1002 0.176679	0.820459 0.863055 1.04694 0.841059 0.883238 1.16216 0.858731 1.09991 0.934945 1.01616 
1003 0.122817	1.20224 1.41921 1.06269 1.06881 1.1243 0.959077 1.23942 0.934934 1.28758 1.13112 
1004 0.12844	1.01237 1.2266 0.870634 0.975825 0.988903 0.776888 0.853122 0.806477 0.991854 0.929311 
1005 0.0523824	1.31232 1.07178 1.27378 0.793237 0.873275 1.33957 1.15499 0.997215 1.31782 0.938843 
1006 0.0662918	1.95577 1.66215 1.18507 1.06992 1.13563 1.04109 1.36141 0.86863 1.37663 0.971711 
1007 0.200947	1.06583 1.07652 1.05674 1.12937 1.0347 1.0032 1.04012 1.37519 0.842359 1.02325 
1010 0.24905	0.797684 0.999471 0.906034 0.917264 0.922736 1.03163 0.836074 0.95771 0.881638 0.972914 
1011 0.115238	0.820366 0.888815 0.926079 1.15043 1.24179 1.39204 1.09376 0.934635 1.06985 1.33662 
1012 0.099409	1.18227 1.04193 0.946423 0.936933 1.03159 0.952601 0.976631 0.920654 1.18864 1.00033 
1013 0.205572	1.21454 1.15815 1.00525 1.00265 0.922413 1.07602 0.996815 1.13373 0.951048 0.930245 
1014 0.102575	0.490761 0.765953 0.792995 0.956489 0.997762 1.01654 0.723759 1.08308 0.789075 1.00624 
1015 0.0542423	0.74929 0.882185 1.05024 0.808991 1.03547 1.2095 1.05659 0.683779 1.23152 1.15234 
1016 0.0654285	1.1398 1.0938 1.14557 1.11866 1.15909 1.46505 1.37369 0.967604 1.43435 1.36548 
1017 0.108485	1.80262 1.36708 1.05134 1.11546 1.13827 1.11603 1.3435 0.921148 1.33808 0.921243 
1020 0.117505	0.959925 0.996722 1.07151 1.2482 0.997449 1.1909 1.0457 1.23672 0.905573 0.933328 
1021 0.131738	1.18624 1.05962 1.13459 1.00879 1.11171 1.2591 1.12238 0.876305 1.20132 1.20766 
1022 0.0699576	1.40788 1.25307 1.1567 1.14646 1.15934 1.14813 1.18942 0.902401 1.33987 1.04885 
1023 0.216535	0.998104 1.08888 1.01595 0.977588 0.917552 0.968176 0.89574 0.907926 0.955918 0.816004 
1024 0.155663	0.61741 0.951997 0.947143 1.01465 1.06859 1.08201 0.906903 0.782878 1.06378 1.1827 
1025 0.189885	0.711932 0.931701 0.920993 1.0847 1.02435 1.05212 0.764741 1.18339 0.82423 0.883226 
1026 0.063295	1.45231 1.32645 1.19664 1.31244 1.15092 1.2785 1.42834 1.05139 1.21785 0.89294 
1027 0.055421	1.72806 1.29142 1.18102 1.21275 0.937485 1.01836 1.34904 1.13869 1.14027 1.01601 
1030 0.0634744	0.539085 0.76807 0.816392 0.93385 1.03637 0.7999 0.771494 0.842911 1.016 1.0509 
1031 0.190794	1.65714 1.20371 1.1003 0.953331 1.05347 1.10708 1.31407 0.928311 1.1972 1.10068 
1032 0.263549	1.13993 1.18853 1.08138 0.977262 1.09674 1.05163 1.08207 0.794611 1.2027 1.09355 
1033 0.115442	0.904247 1.03534 0.972417 1.05278 1.13089 1.04253 0.884844 1.12035 0.951023 0.929874 
1034 0.0902004	0.722244 0.969404 0.920726 1.13078 1.05067 1.06392 0.972661 1.16294 0.930643 1.20107 
1035 0.0846325	0.89795 0.955601 0.851622 1.08561 0.959798 0.878414 0.764687 1.21069 0.7955 0.88639 
1036 0.113957	0.942049 1.15531 0.91789 1.14954 1.11232 0.967967 1.06547 1.16306 1.07175 1.30995 
1037 0.077951	0.703988 0.851659 0.8681 0.920509 0.907143 0.89537 0.722854 0.949907 0.909452 0.83991 
1040 0.0781326	0.970721 0.894314 0.860724 0.905524 1.01692 0.771328 0.86738 0.723089 1.04019 1.0863 
1041 0.17977	1.83139 1.04767 1.10464 0.947247 1.02265 1.06402 1.32498 0.92819 1.27485 1.06294 
1042 0.141514	0.864619 0.743462 0.999827 0.995958 0.978905 1 0.96164 1.08955 0.943973 1.02073 
1043 0.103096	0.680477 0.703799 1.08462 0.865679 1.05062 1.2623 0.977208 0.812641 1.21078 1.27079 
1044 0.162911	0.776535 0.796377 0.908072 0.818299 0.868237 0.775776 0.75982 1.01247 0.814208 1.04406 
1045 0.132436	1.13043 0.938481 1.03942 0.984358 0.850861 0.986884 1.03301 1.28569 0.938211 1.01134 
1046 0.140379	1.23125 1.05799 1.02987 0.983905 1.05119 1.04531 1.14724 0.823929 1.06586 1.00138 
1047 0.0617604	1.15694 0.958065 1.19371 0.930874 0.927169 1.02308 0.987117 0.857033 1.24035 0.983666 
1050 0.0490542	1.46023 1.37929 1.12857 1.0204 1.05174 1.09784 1.26895 1.2616 0.997825 0.786358 
1051 0.126643	0.90094 0.989569 0.978518 0.911913 0.977784 1.08041 0.913742 1.07921 0.96964 0.868691 
1052 0.0814364	0.683908 0.757614 0.955082 1.00762 1.21171 1.44405 0.996686 0.967893 1.09276 1.20388 
1053 0.213209	0.872716 0.90723 0.855359 0.91556 0.930592 0.918719 0.745755 1.09732 0.818227 0.735725 
1054 0.149727	1.10042 1.11917 1.12887 0.883345 0.904468 1.15906 1.0212 0.927931 1.15259 0.911468 
1055 0.116704	0.573368 0.793774 0.869162 0.897481 0.969676 1.0024 0.771648 0.908041 0.905085 1.03371 
1056 0.123437	1.32416 1.26444 1.05748 1.07127 1.20268 1.21133 1.22685 1.22122 1.0718 0.95248 
1057 0.139788	2.06221 1.21763 1.29715 0.968741 1.02016 1.27609 1.35247 1.04631 1.3203 0.869783 
1060 0.200844	1.68048 1.32987 1.21161 0.976627 1.05972 1.11539 1.23313 1.02498 1.22542 1.00318 
1061 0.137748	0.61532 0.93141 0.797247 0.929634 1.03441 0.917529 0.719646 0.920085 0.841461 0.882641 
1062 0.12179	0.955355 1.0557 0.859726 1.22589 1.07626 1.02221 0.928683 1.35968 0.854879 0.922497 
1063 0.0645635	0.60239 0.78689 1.0029 1.05857 0.969377 1.22143 0.807929 1.00699 0.88178 1.00132 
1064 0.169112	1.06254 1.01304 1.04576 1.14019 1.00201 0.950652 1.09196 1.08833 0.966354 0.950415 
1065 0.0981291	1.28544 1.27064 0.993185 1.29873 1.22642 1.15458 1.33496 1.07144 1.15336 1.24801 
1066 0.0511739	0.824664 1.05507 0.820051 1.01613 1.00651 0.84949 0.856321 0.688037 0.830045 0.731595 
1067 0.15664	0.805974 1.00769 0.987546 0.986211 1.05346 1.11782 0.958448 0.738264 1.09974 0.903043 
1070 0.113946	0.907184 0.958046 1.10841 1.00242 1.04147 1.22296 1.16169 0.763986 1.1636 1.09704 
1071 0.104851	0.890204 1.08375 0.98822 1.1662 0.975481 1.01553 1.0084 1.05724 0.879344 0.743578 
1072 0.066195	1.31991 1.12213 1.02286 1.01767 0.894567 0.856874 0.941226 1.077 1.00065 0.840606 
1073 0.216776	0.633521 0.878018 0.99793 0.806296 0.924334 1.00058 0.877824 0.897637 0.998549 1.05232 
1074 0.148813	1.31863 1.13565 0.907361 1.05513 0.975961 0.895571 1.12067 0.983804 0.997935 0.913526 
1075 0.127337	1.39991 1.25532 1.23748 1.1602 1.14391 1.11259 1.37415 0.895466 1.37606 0.947142 
1076 0.175088	0.647319 0.859752 0.860642 1.04157 0.982596 0.990996 0.944154 1.11316 0.859593 0.904492 
1077 0.0469934	1.12012 1.11908 1.04763 1.19691 1.24322 1.20566 1.52596 1.00914 1.28386 1.35088 
1100 0.0602911	0.796173 0.892776 1.08653 1.41009 1.1227 1.21924 1.18317 1.19835 1.00919 1.21139 
1101 0.112266	0.594562 0.768691 0.853527 1.08373 0.967258 1.0176 0.80171 0.87663 0.781726 0.947275 
1102 0.100832	0.687787 0.835903 0.912849 1.20291 1.12772 1.04787 0.973535 1.04041 1.01701 1.1727 
1103 0.213098	0.985616 0.861139 0.914652 1.12643 1.04855 1.05248 1.03257 1.0101 0.970531 0.828395 
1104 0.204782	0.838526 0.851409 0.925305 0.960846 0.878024 0.874728 0.813665 1.18876 0.865322 0.870694 
1105 0.128898	1.52602 1.04571 1.00755 1.13332 1.13883 1.02903 1.16398 0.720876 1.2354 0.941249 
1106 0.0634096	1.70074 1.34665 1.26993 1.02884 1.03873 0.910345 1.32098 1.04229 1.38984 1.19168 
1107 0.116424	1.02435 1.0286 1.06608 1.01971 0.908811 0.883233 0.962376 0.908455 1.02709 0.722216 
1110 0.114613	1.81797 1.4802 1.27161 1.15526 1.26292 1.21431 1.41631 0.883741 1.489 1.32227 
1111 0.212034	0.961706 1.00642 0.985175 1.09001 0.972537 0.991552 0.856056 1.15833 0.82902 0.845807 
1112 0.23553	1.15905 1.0825 1.14292 1.02259 1.15952 1.21782 1.09033 0.878908 1.1446 1.25261 
1113 0.0670487	0.978492 1.10032 1.12597 1.18735 1.10769 1.27843 1.1934 1.05731 1.04601 1.16616 
1114 0.0653295	1.64001 1.39306 1.17356 1.07469 1.09132 1.06194 1.27373 1.09667 1.09602 1.00299 
1115 0.15702	0.757673 1.0472 0.958561 0.985335 1.03144 0.985369 0.817866 0.81413 1.00018 0.81078 
1116 0.0808023	0.491616 0.690471 0.7953 0.915529 1.01615 0.917089 0.725143 0.877657 0.795327 0.822263 
1117 0.0676218	1.07176 1.01153 1.11347 0.890774 1.04878 0.955752 0.914482 0.985682 1.13995 1.16902 
1120 0.0832432	1.21327 1.16645 1.01193 1.27647 1.19341 1.01764 1.15274 1.1286 1.0605 1.0955 
1121 0.052973	2.58064 1.60381 1.34519 1.10905 1.03046 1.15754 1.45893 0.831361 1.31562 0.967182 
1122 0.194595	0.88375 0.925606 1.00638 0.897182 1.02063 0.878196 0.949312 0.848422 1.05569 1.31638 
1123 0.193514	0.778125 0.859391 0.918436 0.995768 1.07544 0.934953 0.837239 0.943611 0.799499 1.20618 
1124 0.183784	1.65987 1.13611 1.20645 1.0833 1.11163 1.24695 1.16616 0.887372 1.24086 1.14089 
1125 0.0594595	1.2098 1.00663 0.916735 1.07501 1.03392 0.831186 0.903842 1.07516 0.90638 1.05651 
1126 0.0745946	1.30577 1.28763 1.22358 1.21639 1.16736 1.22664 1.2194 1.11649 1.20153 1.08997 
1127 0.157838	0.42865 0.660172 0.800383 0.875042 0.960804 1.05898 0.620378 0.918379 0.658604 1.04664 
1130 0.161685	1.33175 1.21034 0.969844 0.985406 1.00405 0.873982 1.07168 0.84931 1.07451 0.812421 
1131 0.254076	1.07247 1.01826 1.11894 1.06508 1.06594 1.33077 1.26255 1.05307 1.1534 0.936777 
1132 0.076087	1.91043 1.43459 1.14991 1.10588 0.865915 1.014 1.25389 1.24968 1.03497 0.8345 
1133 0.0570652	1.58191 1.44148 1.10604 1.10755 1.23094 1.22659 1.63845 0.827971 1.34822 1.17264 
1134 0.139946	0.507681 0.82683 0.844456 0.979509 1.01491 1.11984 0.814734 0.998701 0.902541 0.777324 
1135 0.0869565	0.884962 1.01263 0.905601 1.17247 1.04745 1.0682 1.02812 1.28061 0.8138 0.891752 
1136 0.0570652	2.0853 1.38723 1.20764 0.949929 1.0984 1.20434 1.56698 0.939148 1.41937 1.1076 
1137 0.16712	0.868566 0.894426 0.969648 0.885806 0.999085 1.09492 0.776919 0.988788 1.02446 0.792659 
1140 0.0574198	1.99031 1.04422 1.21913 1.00102 1.01214 1.12656 1.45911 0.948855 1.44848 1.03156 
1141 0.0581655	0.575027 0.700335 0.949713 1.02928 0.981665 1.10571 0.832539 1.17092 0.85938 0.902506 
1142 0.112603	0.885398 0.928519 1.07365 0.971288 1.07708 1.13874 1.07337 0.771584 1.29882 0.90967 
1143 0.131991	0.723231 0.786296 0.819225 0.906804 0.902168 0.798479 0.733093 0.843568 0.837442 0.773918 
1144 0.205071	1.01133 0.955777 1.00362 0.909468 1.0562 1.08702 1.03514 0.939773 1.10009 0.989685 
1145 0.168531	0.914315 0.952264 1.03925 0.870259 0.992623 1.12117 0.948165 0.773823 1.07446 0.863902 
1146 0.133482	1.41241 1.25531 1.04288 1.32075 1.09176 1.00306 1.14051 1.14605 1.07203 0.902124 
1147 0.132737	0.815914 0.92488 0.98413 1.18749 1.12351 1.26747 0.99402 1.24894 0.911296 1.00358 
1150 0.179641	0.565436 0.848062 0.849238 0.891318 0.862948 0.92939 0.756262 0.944971 0.854748 1.07566 
1151 0.151796	1.62945 1.65719 1.25976 1.18396 1.151 1.29495 1.41608 1.03778 1.28073 1.1692 
1152 0.113473	1.10057 1.07753 1.10253 1.0613 1.04538 1.23427 1.15506 0.905345 1.10238 1.27804 
1153 0.188323	1.36041 1.2713 1.06504 1.05129 0.865279 1.05227 1.15439 1.08634 1.00612 1.13209 
1154 0.0568862	0.919785 1.08884 0.906027 1.18833 1.19338 1.11938 1.14743 0.850463 1.01396 1.38173 
1155 0.196707	0.835781 0.827483 0.887881 0.897374 0.880458 0.940076 0.844363 1.10667 0.770569 0.979929 
1156 0.0580838	1.39543 1.29039 0.993596 1.10682 0.944716 1.05316 1.07539 1.60764 0.879142 1.22592 
1157 0.0550898	0.760165 0.909518 0.808208 1.12277 0.950551 0.893507 0.862195 1.12932 0.712244 1.14233 
1160 0.197681	0.750284 0.70979 0.885995 0.812065 0.87157 0.901459 0.755975 0.844702 0.929765 1.05596 
1161 0.0616763	1.40591 0.905683 0.927503 0.923444 1.11309 0.961296 1.13244 1.06382 0.988334 1.06591 
1162 0.0469162	0.529316 0.697294 0.739235 0.9101 0.930481 0.748817 0.737988 0.961342 0.713411 0.987982 
1163 0.133368	1.64033 1.14495 1.03364 0.962698 1.10719 0.861851 1.16421 0.837411 1.18841 0.969921 
1164 0.227728	0.801281 0.785516 0.959444 0.934685 1.02171 1.12608 1.00648 1.0058 0.945393 1.07135 
1165 0.13126	0.965341 0.859935 0.88376 0.9317 1.106 0.873122 1.04596 0.787666 1.10314 1.09227 
1166 0.0732736	1.6143 1.18107 1.18617 1.03126 1.09843 1.07477 1.4513 0.821497 1.40952 1.24857 
1167 0.128097	1.04359 0.952393 1.07668 1.04491 1.15274 1.12936 1.18451 0.820723 1.21283 1.36928 
1170 0.185158	1.63075 1.22364 1.1895 0.97912 1.15053 1.13378 1.22248 0.962845 1.38476 1.1535 
1171 0.181157	0.80757 0.978989 0.937116 0.836092 0.940557 0.917635 0.889283 0.881079 0.918176 0.851477 
1172 0.0531102	0.875808 0.964242 0.810021 0.875496 1.01038 0.74895 0.75299 0.80261 0.791572 0.839726 
1173 0.0483812	1.00856 0.991513 0.951311 0.970832 0.84298 0.84797 0.896003 1.18568 0.816726 0.82695 
1174 0.232448	0.934413 1.0008 1.01434 0.993006 1.19529 1.30214 1.07764 0.882447 1.14965 1.09868 
1175 0.0760276	0.407408 0.66163 0.760568 0.983478 0.982802 0.950359 0.69642 1.07444 0.680391 0.773985 
1176 0.165151	1.02216 0.894571 0.943731 1.13079 1.19838 1.06577 1.03476 1.12575 0.975015 1.0942 
1177 0.0585668	0.727607 0.778323 0.965181 0.843842 0.875246 1.00071 0.737424 1.02502 0.866174 0.703369 
BOUNDS
LWPS R    0.0  0.0  0.0  0.0  0.0  0.0  0.0  0.0  0.0  0.0
UWPS R    0.5  0.5  0.5  0.5  0.5  0.5  0.5  0.5  0.5  0.5
LXAS R   -0.5 -0.5 -0.5 -0.5 -0.5 -0.5 -0.5 -0.5 -0.5 -0.5
UXAS R    0.5  0.5  0.5  0.5  0.5  0.5  0.5  0.5  0.5  0.5
END
