NAME moment_estimations_cluster
ASSETS 10
BENCHMARKS 0.1 0.1 0.1 0.1 0.1 0.1 0.1 0.1 0.1 0.1 
COVARIANCES
0 0 0.18708
1 0 0.0685337
1 1 0.0280166
2 0 0.036901
2 1 0.0135273
2 2 0.0107778
3 0 0.009202
3 1 0.00591039
3 2 0.0012252
3 3 0.00797241
4 0 0.0118487
4 1 0.00544905
4 2 0.00209473
4 3 0.00574042
4 4 0.00836426
5 0 0.0110229
5 1 0.00518891
5 2 0.0060586
5 3 0.00437866
5 4 0.00641382
5 5 0.0128904
6 0 0.0626629
6 1 0.023969
6 2 0.0147933
6 3 0.00701156
6 4 0.00857233
6 5 0.0103456
6 6 0.0287113
7 0 -0.0076526
7 1 -0.000482623
7 2 -0.00205064
7 3 0.00611873
7 4 0.0015812
7 5 0.00174713
7 6 -0.000320457
7 7 0.013061
8 0 0.0638606
8 1 0.0220457
8 2 0.0156423
8 3 0.00225164
8 4 0.00572369
8 5 0.00726292
8 6 0.0247164
8 7 -0.00607249
8 8 0.0289529
9 0 0.00539528
9 1 0.000995942
9 2 0.00260166
9 3 0.00312365
9 4 0.00594321
9 5 0.00537235
9 6 0.0074761
9 7 0.000680434
9 8 0.00666614
9 9 0.0117277
SCENARIOS
0 0.34807	1.66808 1.15394 1.11122 1.00459 1.02445 1.07304 1.1697 0.937265 1.17729 0.96333 
1 0.65193	0.794551 0.932891 0.959917 1.02041 0.983017 0.988549 0.93361 0.991142 0.924147 0.994725 
00 0.190623	2.07293 1.38628 1.17315 1.11869 1.08883 1.03791 1.30165 1.09276 1.29309 1.0873 
01 0.809377	0.877601 0.973311 0.954676 1.03468 1.01649 0.937999 0.922219 1.07777 0.965206 1.0449 
10 0.436028	1.73995 1.16784 1.12136 1.03663 1.07039 1.0828 1.19346 0.969586 1.22435 1.12895 
11 0.563972	0.748064 0.868949 0.935794 0.982922 0.973189 1.01977 0.911864 1.06906 0.896004 0.988142 
000 0.0925396	2.64393 1.27784 1.1594 1.09546 1.14492 1.19567 1.45998 1.02396 1.37204 1.12551 
001 0.0937453	1.1071 0.946935 1.0138 1.04029 1.1202 1.14705 1.27478 0.964091 1.25229 1.21017 
002 0.134891	0.571201 0.731337 0.806589 0.857538 0.909998 0.938887 0.754441 1.05087 0.760419 0.905613 
003 0.0547099	1.74379 1.18745 1.08876 0.986327 1.02644 1.04687 1.23059 0.962439 1.23578 1.03666 
004 0.0893745	1.53978 1.05221 1.06839 0.842388 0.965286 0.965282 1.10728 0.962432 1.13826 0.919844 
005 0.111228	1.12698 1.01656 0.938755 0.858805 0.844 0.817592 0.836173 0.816314 0.948898 0.909866 
006 0.237076	0.965887 0.967041 0.965286 0.972182 1.01601 0.878831 1.0445 0.910789 1.0828 1.05145 
007 0.186436	0.577114 0.764532 0.909477 0.998959 1.00643 1.06564 0.952992 0.967252 0.899631 1.24549 
010 0.151036	0.750696 0.837839 1.00478 1.01578 1.10406 1.17507 1.07323 0.951126 0.976564 1.09073 
011 0.220148	0.916617 1.05343 0.956054 0.957913 0.89214 0.940601 0.907415 1.0959 0.859757 0.901931 
012 0.100241	0.641295 0.818367 0.938071 0.870676 0.776052 0.901419 0.774925 0.904447 0.835284 0.819206 
013 0.0805765	1.32565 1.04863 1.01459 1.04433 1.08765 0.908431 1.10045 1.1022 0.967881 0.996278 
014 0.122036	2.50533 1.47863 1.29369 1.02985 1.00201 1.15186 1.425 0.916469 1.43615 1.00887 
015 0.13304	1.20413 1.17806 1.11795 1.04166 1.09436 1.22028 1.28671 0.962943 1.21028 1.25012 
016 0.0937101	0.376556 0.742672 0.789188 0.955652 0.919503 0.869533 0.697637 1.03319 0.683613 0.889509 
017 0.099212	1.64465 1.22513 1.07428 1.0174 0.954836 1.01712 1.15663 1.01077 1.11795 0.876146 
100 0.204777	1.22513 1.07225 1.01021 0.938061 1.00319 0.943403 1.04774 0.978959 1.04229 0.979181 
101 0.182052	1.60843 1.21735 1.08007 0.971311 1.04716 1.02484 1.23905 0.897717 1.2216 1.07624 
102 0.135756	0.535092 0.821062 0.858944 0.995009 0.974787 0.984082 0.784053 1.02594 0.795748 0.888962 
103 0.0916766	0.64391 0.953203 0.816278 0.916467 0.901987 0.745879 0.758226 0.98609 0.73475 0.84494 
104 0.0863294	0.873328 1.12046 1.03075 1.0755 1.10686 1.17832 1.13752 1.22269 0.955549 1.05105 
105 0.0647295	2.70316 1.47399 1.23311 1.11457 0.988765 1.12502 1.43831 0.997894 1.50382 1.02396 
106 0.0865757	0.647214 0.782715 0.952766 0.92236 0.956102 0.995042 0.89826 0.877591 1.00034 0.98717 
107 0.148104	0.827643 0.928103 0.943615 0.912841 0.971313 0.891018 0.913253 1.08367 0.882656 0.898018 
110 0.0727011	0.710654 0.937287 0.90796 0.931865 0.891448 0.970678 0.82869 1.08232 0.741135 0.875214 
111 0.193815	1.03753 1.0068 1.00043 1.09204 1.04981 0.983727 1.09353 0.974971 1.05673 1.10552 
112 0.180461	0.848408 0.875223 0.967429 0.848724 0.927363 0.922023 0.870661 0.868109 0.927515 0.902418 
113 0.0538798	1.39252 1.29971 1.1534 1.19495 1.24383 1.32446 1.28896 1.23106 1.12092 1.11623 
114 0.0525743	0.550543 0.724767 0.801526 0.807174 0.837428 0.785245 0.582614 0.854554 0.720619 0.882033 
115 0.112574	1.71869 1.19724 1.18418 0.952979 1.06025 1.04717 1.3539 0.855644 1.41153 1.11864 
116 0.184758	1.94213 1.36274 1.11203 0.920648 0.979229 0.914126 1.10086 0.951049 1.13991 0.818596 
117 0.149237	0.572684 0.903122 0.87464 0.998304 1.08585 0.886397 0.819331 1.08441 0.771544 1.02018 
0000 0.0846906	1.5932 1.08089 1.14827 0.870979 0.883981 0.930688 1.22486 0.873348 1.28644 1.07032 
0001 0.104235	2.5058 1.44952 1.35757 0.884118 0.844665 0.823372 1.24709 0.936712 1.34948 0.89045 
0002 0.136808	0.947897 1.08766 1.11508 1.0812 1.05086 1.1731 1.06103 1.14006 1.08544 1.03567 
0003 0.214984	0.546481 0.876223 0.849638 0.825387 0.828499 0.721307 0.769334 0.860891 0.787049 0.821073 
0004 0.0716612	1.33638 1.22121 0.982089 1.00554 1.00575 1.05913 1.05513 0.905664 1.07855 0.939984 
0005 0.229642	0.722098 1.00443 1.03356 1.05675 1.06183 0.917685 0.841559 0.859676 1.02034 0.896574 
0006 0.0830619	1.09344 0.944997 0.923232 0.692774 0.787361 0.895852 0.75436 0.643276 0.992069 0.870774 
0007 0.0749186	1.18532 1.1108 1.1586 1.06283 1.13124 1.04462 1.14858 0.889286 1.26336 1.1792 
0010 0.176849	0.893827 1.00776 1.04529 0.816183 0.848797 1.04573 0.90631 0.879151 0.828149 0.924495 
0011 0.0836013	2.54543 1.59602 1.21297 1.044 1.02483 0.845297 1.38807 1.02659 1.21045 1.07335 
0012 0.0996785	0.450668 0.879134 0.986255 1.01649 1.04877 1.21389 0.870533 1.07783 0.85462 0.951908 
0013 0.0514469	1.36478 1.43899 1.12275 1.41144 1.19994 1.12184 1.19323 1.24324 0.919162 0.947354 
0014 0.0498392	0.531537 0.840572 0.844186 0.98318 0.887869 0.86593 0.712031 1.40232 0.767219 0.979061 
0015 0.245981	1.27433 1.19402 1.07834 0.888418 0.947786 0.883968 1.01777 0.811017 1.08695 0.989244 
0016 0.188103	0.839582 1.05922 1.09798 1.01356 1.04151 1.15033 0.982381 0.952725 0.968373 0.920641 
0017 0.104502	1.77261 1.27633 1.06956 0.867896 1.01035 1.07527 1.08721 0.777776 1.26013 0.864951 
0020 0.0916201	0.360951 0.70439 0.831101 1.10484 0.99598 0.867988 0.765135 0.910475 0.761592 1.18656 
0021 0.140782	0.56974 0.839741 0.830362 0.885445 0.913852 0.784172 0.770654 0.85472 0.787132 0.905532 
0022 0.0938547	0.929988 1.11492 0.949814 1.03388 0.803689 0.711593 0.905684 0.949618 0.832065 0.913966 
0023 0.100559	0.763049 0.86838 1.11764 0.92738 0.859778 0.918325 1.00701 0.750397 1.09959 0.974009 
0024 0.145251	0.786542 1.01332 0.995394 1.07279 1.06572 0.877947 1.08593 0.924591 1.05084 1.10576 
0025 0.0893855	2.60124 1.90144 1.26131 1.27949 1.11307 1.04213 1.39127 0.874622 1.32324 0.941315 
0026 0.188827	1.3219 1.20972 1.08931 0.968692 0.970051 0.891128 1.00632 0.78619 1.19583 0.926417 
0027 0.149721	1.3857 1.22359 1.06077 1.11757 0.915207 0.827238 1.03054 1.03504 0.928665 0.879984 
0030 0.115702	1.73165 1.10473 1.1609 1.03292 0.995084 0.99113 1.25353 0.906518 1.21239 0.990339 
0031 0.137741	1.21539 1.05569 1.00034 0.99457 0.844075 0.849741 1.02034 1.13846 1.10801 1.15938 
0032 0.0743802	1.06549 1.00789 1.1509 1.10889 1.07349 1.15376 1.20415 1.08014 1.13949 1.03696 
0033 0.203857	0.741495 0.897145 1.04942 0.867463 1.05984 1.14326 0.979673 0.783027 1.00577 0.853264 
0034 0.14876	1.03247 0.931355 0.947921 0.850859 0.783739 0.852902 0.834065 0.919237 0.952083 0.762009 
0035 0.0798898	2.40631 1.51768 1.16435 0.957105 0.957247 1.00237 1.26077 0.676803 1.37632 0.967408 
0036 0.0853994	1.41538 1.12822 1.20031 0.970432 1.0178 0.92507 1.12038 0.853351 1.39753 1.11168 
0037 0.15427	0.64141 0.795701 0.931504 0.97686 0.924596 0.962278 0.821546 0.968361 0.799087 0.940221 
0040 0.0725126	0.582219 0.932408 0.930693 1.26837 0.965247 0.974229 0.89693 1.05143 0.8148 1.10497 
0041 0.173693	1.95242 1.51047 1.15727 1.08979 1.19402 1.1287 1.21253 0.928048 1.19718 0.898783 
0042 0.197302	1.04594 1.04409 1.05675 0.958561 1.11453 1.02051 0.996074 0.829534 1.07342 1.0184 
0043 0.210793	0.829322 1.00678 0.962545 1.03871 0.919992 0.926971 0.900005 0.968536 0.875613 1.05085 
0044 0.109612	1.44401 1.38264 1.06291 1.24818 1.20038 1.18185 1.07823 0.722151 1.02845 1.0171 
0045 0.0826307	0.899453 1.21522 1.09731 1.5616 1.24157 1.29563 1.17926 0.999864 1.08687 1.1337 
0046 0.0809444	0.529669 0.817518 0.800486 1.06115 0.821473 0.933945 0.709857 1.15645 0.679014 0.899612 
0047 0.0725126	1.18238 1.18017 1.09174 0.989448 0.975005 1.09485 1.08766 0.835838 1.22299 1.05969 
0050 0.107046	0.969463 1.03387 0.940148 1.08283 0.979 0.866224 0.923864 1.13722 0.874355 0.823902 
0051 0.0785908	0.461895 0.760902 0.779584 0.986095 1.04084 0.848083 0.673177 1.05055 0.708061 0.857162 
0052 0.0907859	0.700965 0.7834 0.948455 1.06793 1.10226 1.10384 0.943642 0.805685 1.01276 0.961321 
0053 0.113821	2.19744 1.3978 1.19022 1.01133 1.00443 1.06595 1.44355 0.962064 1.35555 0.954488 
0054 0.271003	1.13843 1.00444 1.07061 1.0595 1.15213 1.07822 1.11487 0.988638 1.06792 1.17388 
0055 0.104336	0.773594 0.828396 0.944167 0.965523 1.00041 0.94502 1.01027 1.14609 0.90107 1.13463 
0056 0.132791	1.5152 1.18731 1.0356 1.02893 1.14007 0.964353 1.14059 0.898095 1.21318 1.01541 
0057 0.101626	0.61844 0.943833 0.92018 1.06402 1.15742 1.07024 0.891263 0.981237 0.808407 0.920264 
0060 0.0597584	1.03671 1.03479 1.03216 1.02644 0.951226 1.27774 1.17955 1.18117 0.90963 0.971868 
0061 0.158932	0.657696 0.94276 0.943234 1.01202 0.959423 1.15683 0.804065 1.06966 0.749964 0.784842 
0062 0.131596	1.1248 1.02059 1.02824 1.08941 0.954183 1.28984 0.995797 1.22528 0.999747 0.822447 
0063 0.202161	0.804175 0.975502 1.0135 1.02309 0.927465 1.11273 0.947926 0.99166 0.916357 0.982416 
0064 0.155753	2.20309 1.24148 1.16718 1.01156 1.25549 1.34901 1.2687 0.877572 1.31673 1.0664 
0065 0.12651	1.43044 1.13663 1.05557 1.12643 0.98779 1.1607 1.14029 1.04879 0.979824 0.828378 
0066 0.105531	1.19538 0.957608 1.13219 1.01554 0.888028 1.21315 0.987237 0.746808 1.17771 0.930648 
0067 0.0597584	0.488856 0.800955 0.923654 0.821725 0.976806 1.17268 0.752737 0.85474 0.783871 1.09433 
0070 0.0679062	1.88517 1.21201 1.1101 1.14149 1.14795 0.946017 1.09649 1.0345 1.26957 0.780405 
0071 0.13177	1.18244 1.14309 1.00353 1.10912 1.02625 0.937661 0.882503 1.1272 0.947127 0.808303 
0072 0.0711399	2.72399 1.43193 1.27469 1.06665 0.952642 1.05641 1.34088 1.13517 1.20281 0.86659 
0073 0.0687146	1.06591 0.934427 1.13805 0.794797 0.85125 0.869198 0.940534 0.757737 1.27511 0.772451 
0074 0.10671	1.51204 1.24213 1.25159 1.16033 1.0977 1.17853 1.2071 1.06946 1.22234 0.997753 
0075 0.170574	0.99874 1.04342 1.03105 1.01188 1.06893 1.11801 1.0012 0.998073 1.0278 0.784233 
0076 0.299919	0.663698 0.797856 0.921574 0.87416 0.968221 0.833863 0.792575 1.06224 0.91241 0.783667 
0077 0.083266	1.76196 1.15218 1.12334 0.853144 0.844223 1.02856 0.894717 0.881961 1.13091 0.797795 
0100 0.111163	2.01357 1.40033 1.19719 0.998793 1.00415 0.985184 1.32614 0.989642 1.3409 1.14158 
0101 0.107638	1.47045 1.26368 1.15091 0.981215 0.923754 1.12651 1.08246 1.12804 1.00301 0.881385 
0102 0.157932	1.11728 1.11782 1.01901 1.06655 1.11896 1.06805 1.12225 1.1902 1.05579 1.26186 
0103 0.0829612	0.782763 0.913842 1.11477 0.874713 0.851772 1.07164 0.878401 0.779416 1.04933 0.98154 
0104 0.114454	0.375112 0.808496 0.839167 1.01725 0.913653 0.910438 0.76489 1.09857 0.748893 1.05727 
0105 0.0829612	0.662013 0.800783 0.920588 0.905936 0.812317 0.827796 0.739657 0.94876 0.901413 1.0781 
0106 0.131845	0.763307 0.937315 0.906549 1.08567 1.09528 1.07905 0.952355 1.24143 0.809021 1.0527 
0107 0.211046	1.07735 1.03963 1.02146 0.893988 0.887833 0.86891 0.906876 0.868954 1.08161 1.0917 
0110 0.0890035	2.47994 1.28054 1.1933 1.08325 1.05387 1.04776 1.29802 1.02946 1.31798 0.925511 
0111 0.254595	0.554192 0.698375 0.874971 0.953315 1.05741 1.03382 0.881338 0.910781 0.827501 0.963325 
0112 0.061593	1.16719 0.959343 1.12306 0.915638 0.943845 1.00098 1.12177 0.840997 1.24443 1.04867 
0113 0.129636	1.01985 0.923097 0.936829 0.894905 0.971971 0.74663 0.9012 0.866128 1.06716 0.998919 
0114 0.0870687	0.716589 0.839628 0.966611 1.09436 1.08958 1.19326 1.11242 1.113 0.919455 1.10808 
0115 0.166882	1.47284 1.04481 0.992679 0.967133 1.14905 1.04176 1.13882 0.92463 1.10282 0.987761 
0116 0.0515963	1.73926 0.995847 1.20243 1.07678 1.1148 1.26085 1.30787 0.959169 1.43362 1.09429 
0117 0.159626	0.989568 1.01643 0.957639 1.15033 1.13105 1.09041 1.05366 1.05115 0.953133 0.965658 
0120 0.185907	1.0767 1.02452 1.03952 1.01944 1.20542 1.09804 1.08538 0.914979 1.14752 1.24184 
0121 0.0669263	1.05722 0.9564 1.04466 0.875958 0.839819 0.848186 0.932861 0.744962 1.0804 1.10724 
0122 0.0626771	1.34788 1.13886 1.08539 1.09282 1.12677 1.10571 1.24329 1.16305 1.00104 0.986659 
0123 0.151558	0.749267 0.852979 0.924875 0.922198 1.20357 0.994796 1.02271 0.981349 0.935567 1.31446 
0124 0.139518	0.805318 0.842821 0.917345 0.965037 0.89133 0.785303 0.841515 1.0961 0.903852 0.999249 
0125 0.142351	1.79883 1.29912 1.14028 0.946841 1.162 1.25734 1.36747 0.917917 1.34947 1.05812 
0126 0.0853399	1.84774 1.20363 1.05037 0.888283 1.10472 0.899254 1.12212 0.93592 1.16782 1.07526 
0127 0.165722	0.686905 0.913971 0.930562 0.982503 1.06394 0.911952 0.877946 1.20204 0.763476 1.06391 
0130 0.0687225	1.23966 1.15352 0.977359 0.990154 0.846665 0.957072 1.00185 1.10308 0.957414 1.07398 
0131 0.333921	1.63052 1.43326 1.12725 1.12085 0.952826 1.21642 1.18372 0.905769 1.15876 1.08589 
0132 0.0977974	1.14156 1.17818 0.986719 1.06597 0.897894 0.931176 0.960327 0.890501 1.08124 0.963152 
0133 0.106608	0.993854 1.15811 1.03753 0.865128 0.850339 1.12828 0.960562 0.872889 1.07633 0.999302 
0134 0.0713656	0.591976 0.843594 0.949409 1.13961 0.919629 1.16388 0.983901 1.21755 0.869511 0.986795 
0135 0.103084	0.589395 0.866947 0.837903 0.886722 0.837437 0.90971 0.734299 0.948959 0.777238 0.8534 
0136 0.0982379	0.710552 0.891045 0.939868 0.981045 0.98958 1.15636 0.883515 0.98649 0.913178 1.23183 
0137 0.120264	0.834591 1.0481 0.949749 0.915453 0.912942 0.900886 1.01198 0.866078 1.05255 1.04972 
0140 0.174229	0.925936 0.901372 0.889463 0.881796 0.91897 0.938306 1.01952 0.950775 0.932775 1.07693 
0141 0.121001	1.19062 0.976352 0.948542 0.907628 0.962177 0.820302 0.964545 0.965375 0.88871 1.04346 
0142 0.074171	0.777087 0.780405 0.998932 1.01953 1.04153 1.14123 1.07024 0.987383 1.07001 1.32124 
0143 0.208842	1.38199 0.946653 1.0371 0.964453 1.05888 0.963533 1.17215 1.03159 1.15022 1.2104 
0144 0.0700989	0.5748 0.792682 0.753711 0.833646 0.927915 0.708614 0.697281 1.04312 0.725019 0.853885 
0145 0.116056	2.31447 1.29518 1.18352 0.961741 1.0438 1.15825 1.35111 1.06079 1.24467 0.829757 
0146 0.124782	0.565306 0.803856 0.909077 0.884711 0.888867 0.81182 0.807008 1.13653 0.792825 1.03367 
0147 0.11082	0.641056 0.787504 0.87251 1.13987 1.13389 1.15257 0.937588 1.26727 0.850972 1.27597 
0150 0.0592316	0.75647 0.855485 1.14054 0.988384 0.848013 1.04211 1.08504 0.966258 1.0256 0.906395 
0151 0.0627001	1.65575 1.01351 1.23514 1.09947 1.09953 1.02616 1.33784 1.15741 1.249 1.00214 
0152 0.0792423	0.80982 0.806033 0.947651 0.762742 0.722924 0.816397 0.748439 0.79564 0.866855 0.732667 
0153 0.147812	1.47704 1.00983 1.02426 1.03178 0.962293 0.879075 1.05906 0.938572 1.1776 0.924465 
0154 0.275614	0.681227 0.700183 0.861168 0.945692 0.935161 0.920578 0.76804 0.977158 0.886334 0.855478 
0155 0.0731057	1.19745 1.08241 1.06179 1.01439 0.911239 1.06647 0.883944 1.11727 0.924288 0.795232 
0156 0.24333	1.05691 0.838038 0.968279 1.03974 0.891446 1.01135 1.05305 1.11703 0.947812 1.031 
0157 0.0589648	2.53472 1.20513 1.26003 1.03064 1.0587 1.04006 1.32007 0.830252 1.46074 1.12989 
0160 0.094697	1.23352 1.04226 1.18016 1.07137 1.07108 1.35977 1.32543 1.08861 1.25561 1.31017 
0161 0.05	1.4899 1.17041 1.0455 1.06643 1.14868 1.13437 1.2666 0.906155 1.11583 1.11136 
0162 0.075	0.781346 0.899506 1.11207 0.886729 0.910508 1.06044 0.919032 0.801569 1.11315 0.96327 
0163 0.22197	1.086 1.00567 1.00803 1.03968 1.06609 1.13091 1.08575 1.20501 0.994025 1.00778 
0164 0.163636	0.67496 0.728692 0.843072 0.773352 0.853748 0.742063 0.693321 0.962656 0.731379 0.91938 
0165 0.0973485	0.58058 0.912484 0.966005 1.14062 1.04438 1.09262 0.959218 1.25036 0.782869 1.0375 
0166 0.0905303	2.36204 1.11766 1.18711 0.896636 1.1213 1.05567 1.33115 0.886111 1.28399 1.16555 
0167 0.206818	1.26589 0.928101 0.992538 0.851398 0.907317 0.92602 0.864516 0.949458 0.899789 0.924895 
0170 0.0973166	1.04375 0.94389 1.15545 0.85324 0.927048 0.962499 0.918985 0.64545 1.07771 0.859722 
0171 0.0633274	2.62654 1.54379 1.23363 1.14692 1.09588 0.910822 1.42116 1.14592 1.30542 1.16908 
0172 0.137746	1.18097 1.05261 1.09888 1.00607 1.0673 1.01245 1.18066 1.02605 1.14012 1.26104 
0173 0.13381	0.576407 0.716243 0.889317 0.965831 1.01441 0.919049 0.779425 0.929903 0.845183 1.05663 
0174 0.105903	1.00996 1.02437 1.03976 1.01877 1.09634 0.941 1.08654 0.912619 1.13163 1.21893 
0175 0.215027	0.757341 0.918086 0.974219 0.94313 0.903899 0.833222 0.838905 0.907832 0.908187 0.982868 
0176 0.11127	1.2607 1.06539 0.987079 0.976648 0.957219 0.927248 0.973765 1.09903 0.941939 0.989382 
0177 0.135599	1.76438 1.33002 1.11368 0.940347 1.11896 0.968998 1.15575 0.896078 1.28584 1.2226 
1000 0.131077	0.688393 0.943194 0.810231 1.08764 0.95614 0.834774 0.800645 1.24633 0.733938 0.800187 
1001 0.151864	1.08172 1.07864 1.03467 1.06687 1.11033 1.132 1.05874 1.02674 0.968052 0.94268 
1002 0.211647	1.10399 1.08652 0.958484 0.989146 0.904066 0.913079 0.926864 1.00773 0.979393 0.879453 
1003 0.0879574	2.29014 1.46885 1.06765 1.11401 0.98332 0.916104 1.30789 1.02496 1.33961 1.05117 
1004 0.124034	0.700255 0.895437 0.91337 0.991109 0.969777 0.969955 0.856401 0.877072 0.991275 0.894585 
1005 0.0807421	0.770063 0.969462 0.942264 1.25061 1.17496 1.17948 1.10919 1.34444 0.945115 1.14337 
1006 0.162343	1.56612 1.22558 1.0842 1.15545 0.939625 1.03096 1.1947 1.14441 1.13907 0.832041 
1007 0.050335	0.405935 0.759103 0.884999 0.946474 0.935743 0.985607 0.717861 1.05829 0.826683 0.899145 
1010 0.185894	0.983711 0.944886 1.02423 0.97424 0.869616 0.975404 0.902466 1.11744 0.897229 0.826422 
1011 0.129275	0.4996 0.686146 0.903669 0.899163 0.912124 0.913321 0.7663 0.97885 0.797263 0.808553 
1012 0.0869565	0.950835 0.950491 1.09847 0.84485 0.951765 0.929427 0.974092 1.00717 1.19758 1.06316 
1013 0.043285	0.806849 0.975329 1.04002 1.05355 1.17526 1.31909 1.14387 1.06703 1.11439 1.06557 
1014 0.160966	1.30546 1.09799 1.12218 1.12588 1.05293 1.12623 1.24955 1.22477 1.22861 0.966585 
1015 0.165411	1.90893 1.34052 1.15713 1.09179 1.04618 1.08845 1.22529 1.04275 1.11028 0.815493 
1016 0.0678261	1.18209 1.27892 0.931639 1.16375 1.0608 0.944052 1.05703 1.44731 0.902923 0.887082 
1017 0.160386	0.613186 0.864453 1.02455 1.06098 0.996552 1.17782 1.00443 1.21 0.920851 0.985788 
1020 0.175434	1.61882 1.18427 1.16007 0.831943 0.897979 0.922689 1.06937 0.921934 1.20314 0.938163 
1021 0.0653019	1.13869 0.989512 1.0366 0.993576 1.02124 0.950891 1.02824 1.06047 1.16795 1.1637 
1022 0.105209	0.812412 0.800008 0.94739 0.934068 0.985908 0.830579 0.874157 1.02218 1.00171 1.16058 
1023 0.144079	1.32778 1.02765 1.01378 1.01228 0.979499 0.874115 1.0679 1.12069 0.945326 1.06933 
1024 0.151335	0.585126 0.86022 0.858015 0.883204 0.964004 0.924247 0.839605 1.0769 0.812238 0.905401 
1025 0.111687	0.827424 0.881549 0.97502 0.949325 1.2145 1.16496 1.03047 1.12685 0.968107 1.14257 
1026 0.0914745	1.75947 1.22654 1.13324 1.10645 1.02301 1.16477 1.38245 1.13838 1.33262 1.03124 
1027 0.155481	0.648961 0.730474 0.975269 0.770393 0.799067 0.907934 0.813235 0.922761 0.893338 0.805519 
1030 0.136608	2.20147 1.1946 1.19351 1.03674 0.933114 0.993807 1.39552 1.00756 1.26521 0.981308 
1031 0.105526	1.14288 1.01933 1.03183 0.938523 0.825142 0.999547 1.01755 0.92102 0.998595 0.717643 
1032 0.18112	0.692419 0.726189 0.988168 0.967885 0.946304 1.14874 0.951763 1.11799 0.960645 1.14256 
1033 0.0997698	0.703725 0.817768 0.862825 0.976152 1.12621 1.00079 0.874548 1.00263 0.95032 1.12175 
1034 0.126631	1.24695 0.926611 0.998626 1.12462 1.14056 1.07165 1.22708 1.28484 1.02071 1.15669 
1035 0.0897928	1.20352 0.941842 1.07298 0.840051 0.913038 0.949342 1.0194 0.920868 1.16743 1.04536 
1036 0.0744436	1.24494 0.918375 0.980101 1.12674 1.16224 1.10207 1.15442 1.25726 1.16024 1.12495 
1037 0.186109	0.483706 0.741789 0.822284 0.992628 0.898232 1.09522 0.774796 1.18705 0.745247 0.902983 
1040 0.215159	0.735474 0.879032 0.996595 0.897952 0.841227 0.951395 0.834825 0.927552 0.942837 0.961907 
1041 0.0851671	0.5838 0.780554 0.852297 1.07647 1.12613 1.02361 0.923753 0.959658 0.841258 1.0267 
1042 0.0639772	1.39083 1.01999 1.06052 0.969049 1.05605 1.03279 1.24813 0.77369 1.16331 1.11874 
1043 0.0541972	0.834848 0.868905 0.779505 1.1475 0.979391 0.887479 0.790597 1.22381 0.658074 0.809412 
1044 0.115322	1.96745 1.20218 1.08267 1.10824 0.900258 0.910025 1.15213 0.929747 1.24342 0.773211 
1045 0.260391	0.878303 0.83416 0.973934 1.03292 1.07614 1.091 0.931561 0.9329 0.917371 1.08147 
1046 0.0786471	1.53939 1.10082 1.15558 1.10761 1.13841 1.20437 1.36506 1.07507 1.32248 1.25655 
1047 0.127139	1.26307 0.918744 1.09014 0.962838 1.01323 1.0564 1.03944 0.893592 1.2629 1.15347 
1050 0.165217	1.22449 0.99659 1.09219 0.823434 0.946035 0.995551 1.04347 1.0215 1.08151 1.04564 
1051 0.203261	0.839216 0.963271 0.880343 1.12823 1.17246 0.953732 0.949966 1.04017 0.842214 1.00389 
1052 0.120109	0.485644 0.729002 0.82178 0.832559 1.06586 0.87873 0.844059 0.932492 0.805489 1.07085 
1053 0.0483696	0.764959 0.881999 0.867477 0.769406 0.833434 0.71287 0.715482 0.831528 0.788272 0.645134 
1054 0.191848	1.48003 1.06649 1.05678 1.07366 1.11322 0.962191 1.27293 0.993451 1.15166 1.1671 
1055 0.118478	2.64929 1.45059 1.12974 1.00821 1.22648 1.04293 1.34571 0.969585 1.28163 1.06385 
1056 0.0815217	0.832703 0.862103 1.07438 0.724274 1.0841 0.949101 0.991317 0.814675 1.07484 0.989955 
1057 0.0711957	0.604363 0.765328 1.06122 0.869985 0.995126 0.963794 0.944986 0.964008 1.14565 1.22413 
1060 0.0642015	0.56668 0.836607 0.848235 0.853488 0.825982 0.7203 0.770728 0.817016 0.796941 0.79136 
1061 0.0568874	2.6829 1.55645 1.24388 0.997678 1.10422 1.11738 1.33478 0.90028 1.43017 0.939302 
1062 0.166599	0.9024 1.10924 1.01526 0.99606 1.00155 1.16636 1.01906 1.02308 0.983465 1.07242 
1063 0.0625762	1.72853 1.31086 1.10077 1.05029 1.0467 0.99032 1.28774 0.971502 1.30279 1.24566 
1064 0.0857375	1.32534 1.06407 1.07715 1.04814 1.16066 1.15194 1.2868 0.964437 1.19872 1.23648 
1065 0.252743	0.568545 0.89346 0.88736 1.04264 1.02005 0.97956 0.85006 1.08983 0.802494 1.02824 
1066 0.0674523	1.71243 1.267 1.06665 0.921185 0.905123 0.928347 1.10531 1.12329 1.18203 0.847025 
1067 0.243803	1.22801 1.0217 1.04128 0.841408 1.00722 0.979939 1.02973 0.881744 1.06649 0.994557 
1070 0.0627078	0.656773 0.871709 0.903139 1.16996 0.952313 1.11718 0.939032 1.24719 0.777079 0.954735 
1071 0.304038	0.783672 0.878225 1.01039 0.980291 0.954875 1.16378 0.937928 0.991206 0.984391 1.0336 
1072 0.189074	1.34372 1.1274 1.06654 1.12176 1.13509 1.06097 1.10939 1.17684 1.07957 0.966681 
1073 0.075772	2.44591 1.39431 1.20608 1.18963 1.05467 1.00298 1.29041 1.02362 1.35084 1.06198 
1074 0.147743	1.04735 1.00129 0.961361 0.940638 0.835235 0.815438 0.814149 0.978419 0.958913 0.742939 
1075 0.0845606	0.555477 0.826615 0.880086 0.974359 0.845243 0.851432 0.771453 0.964767 0.735202 0.879099 
1076 0.0657957	1.38748 1.22701 1.15589 1.03651 0.916444 1.1369 1.2017 0.778446 1.3449 1.01838 
1077 0.0703088	1.53745 1.22271 1.19002 0.913877 0.896836 1.0019 1.02956 0.808359 1.2735 1.01164 
1100 0.245417	1.10685 1.05732 1.10422 1.18632 1.03085 1.0675 1.08664 1.17777 1.08912 0.990853 
1101 0.170595	1.84191 1.32006 1.22716 1.12556 1.09796 1.09577 1.30664 1.10271 1.39834 0.942605 
1102 0.0714553	0.712086 0.87784 0.936268 0.971439 0.93714 0.772944 0.811565 1.15325 0.878462 0.722148 
1103 0.10101	0.618583 0.84505 1.02626 1.00929 1.1315 1.18427 0.889908 0.998556 0.990896 1.15687 
1104 0.0621025	0.731968 1.00075 0.970565 0.914882 0.813057 0.73521 0.788047 0.93998 0.876651 0.704926 
1105 0.148148	0.830425 0.96401 1.11983 0.971646 0.964746 1.05709 1.02121 0.820095 1.14401 0.885428 
1106 0.0953984	0.505412 0.83292 0.967174 1.06308 1.09647 1.03237 0.904288 1.09639 0.850368 1.01582 
1107 0.105874	0.309544 0.676344 0.837571 0.96965 0.99872 0.957894 0.632303 0.9963 0.808391 1.00744 
1110 0.0951445	2.33133 1.39637 1.16277 0.888518 1.05194 0.903329 1.16148 0.904239 1.38884 1.01982 
1111 0.203901	1.49551 1.17542 1.05202 0.998158 1.06923 1.09855 1.15462 1.08341 1.04773 1.09182 
1112 0.129245	0.839195 0.864982 1.02106 0.8902 0.922153 0.884949 0.820992 1.05986 0.876224 0.9407 
1113 0.0825147	0.869826 0.864368 1.04895 0.926351 1.03443 1.19051 1.01541 0.910546 1.02957 1.06834 
1114 0.13977	1.06388 1.06855 1.03791 0.755736 1.0123 0.890707 0.914523 0.770886 1.07711 1.02566 
1115 0.103564	0.396083 0.666117 0.842218 0.883312 1.01482 0.961203 0.734773 1.00062 0.716361 1.04719 
1116 0.0771821	1.2237 1.09337 0.929385 1.05574 1.15865 0.949209 1.01969 1.0845 0.920654 1.05166 
1117 0.168678	0.816209 1.03317 0.926606 1.00536 1.01791 0.951403 0.836727 1.26265 0.809176 0.926374 
1120 0.190203	0.734631 0.974249 0.974587 0.907461 0.97055 0.90462 0.830321 0.902827 0.973611 1.04801 
1121 0.152072	1.86955 1.40428 1.04971 0.996315 0.988117 0.894118 1.11161 1.03209 1.11152 1.01591 
1122 0.16413	0.724122 0.945094 0.876185 0.975472 0.780548 0.759666 0.726027 1.00005 0.823186 0.936414 
1123 0.054107	0.664014 0.915345 0.995318 1.15066 1.13569 1.17344 0.977779 1.03154 0.981443 1.23995 
1124 0.0709872	0.516422 0.8018 0.923351 1.11896 1.09432 1.15725 0.945453 1.20342 0.881267 1.27132 
1125 0.16217	2.11688 1.28804 1.16027 0.991453 1.01438 1.03931 1.15169 0.935634 1.38901 1.05179 
1126 0.051997	0.995084 0.954898 0.924743 1.12609 0.960406 0.870808 0.913287 1.23977 0.829337 1.09251 
1127 0.154333	1.04818 0.965876 1.0933 0.935063 0.921602 1.14421 1.02295 0.957635 1.11653 1.05685 
1130 0.0575467	0.669204 0.705355 0.999319 0.867129 0.806469 0.918256 0.90024 0.900414 0.96574 0.895531 
1131 0.132256	0.919432 0.914001 1.00409 0.881549 0.849199 0.908001 0.940259 0.879717 1.0385 0.853485 
1132 0.0434124	0.695605 0.808365 0.935336 0.954245 0.815006 0.797952 0.833763 1.08487 0.877574 0.988155 
1133 0.164563	0.926008 0.900318 0.861479 1.05573 1.16405 1.00987 1.06336 1.01386 0.902097 1.29869 
1134 0.165573	0.474087 0.827901 0.870362 1.01228 0.92765 0.932664 0.802118 0.901176 0.819155 0.91012 
1135 0.177183	1.16102 0.915826 1.09065 0.905422 0.9446 1.04273 1.08842 0.990733 1.13943 1.02498 
1136 0.100959	1.04105 0.966284 0.998676 1.07021 1.12584 1.14398 1.0979 0.80164 1.14149 1.18482 
1137 0.158506	2.17673 1.37108 1.20785 1.11735 1.02557 1.03193 1.34774 0.944399 1.31308 0.907288 
1140 0.0724263	0.62977 0.944046 1.06381 0.849051 0.836787 0.918249 0.856887 0.939597 1.01371 0.920536 
1141 0.0957062	1.23212 1.05147 1.02192 1.14039 1.0908 0.836382 1.24578 1.04338 1.18452 1.11025 
1142 0.163994	1.24709 1.14937 1.10651 1.00242 1.02363 1.09949 1.14199 0.957018 1.16519 0.894552 
1143 0.237972	0.712486 0.933768 0.934573 1.00914 1.07782 1.01686 1.03726 0.962216 1.02115 0.923182 
1144 0.0750129	0.515139 0.730809 0.975013 1.00597 1.21737 1.10702 1.038 0.808112 1.16029 1.32925 
1145 0.0817382	1.77839 1.47523 1.2295 0.954843 1.06451 1.07741 1.45845 0.909633 1.49744 0.884921 
1146 0.122607	0.598494 0.959855 0.858468 1.10975 0.948435 0.873542 0.904824 1.17523 0.725622 0.903117 
1147 0.150543	0.368261 0.728623 0.837003 0.984815 0.926008 0.987787 0.72052 0.944064 0.774689 1.06811 
1150 0.154627	0.933828 0.978335 0.993152 0.995812 1.02076 0.943631 0.858401 0.954719 1.0023 1.08752 
1151 0.145446	0.863529 0.971181 0.958703 1.02144 0.917204 1.0695 0.883008 1.16281 0.843416 0.931172 
1152 0.122735	1.27732 1.20206 1.0333 1.13796 1.08453 1.0646 1.05972 1.25291 0.963228 0.870272 
1153 0.121285	1.44706 0.973741 1.10522 0.951047 1.02277 1.00137 0.95648 0.927043 1.1469 1.09589 
1154 0.162116	2.55013 1.39422 1.23354 1.04906 1.0785 1.17894 1.28718 1.06189 1.25021 1.09066 
1155 0.0874607	0.400428 0.670525 0.863427 0.891491 0.951621 0.971424 0.63078 0.889971 0.818027 0.960032 
1156 0.0746557	0.952838 0.932235 1.09041 1.12608 1.21178 1.36453 1.156 1.00508 1.10755 1.10836 
1157 0.131674	0.499163 0.760766 0.887158 0.997183 1.02276 1.0503 0.836519 0.999434 0.821084 1.07036 
1160 0.0903872	0.935498 0.883284 0.860823 1.03818 1.02835 0.919004 0.874243 1.0162 0.909671 0.918884 
1161 0.100692	0.686477 0.886592 0.831013 1.19713 1.1104 1.02639 0.87947 1.29582 0.701475 1.04448 
1162 0.221993	1.30545 1.18982 1.07474 1.29369 1.14901 1.24568 1.25455 1.02496 1.10343 1.20285 
1163 0.0627116	0.921576 0.897143 0.981053 1.20738 1.26868 1.15977 1.11182 1.05486 1.00394 1.46821 
1164 0.1319	0.971481 0.986312 0.987522 1.06205 1.07765 0.931661 0.934263 0.93329 0.986845 1.03194 
1165 0.171353	1.96585 1.31351 1.11773 1.09281 1.01984 0.979074 1.20786 0.874394 1.29221 0.846186 
1166 0.0856764	0.50639 0.782493 0.824447 0.942921 1.02218 0.923926 0.760351 0.98796 0.757885 1.06209 
1167 0.135286	0.731268 0.862585 0.982264 0.983919 0.950763 1.08796 0.925371 0.868676 0.937356 1.15274 
1170 0.121925	1.03674 0.979481 1.07234 1.22255 1.05427 1.32652 1.19172 1.14055 1.07618 1.15725 
1171 0.106798	0.739898 0.87525 0.846537 0.960481 0.941974 0.914033 0.781517 0.972928 0.87652 0.952127 
1172 0.115728	2.49127 1.43691 1.19999 1.12998 1.10666 1.31151 1.39843 0.982602 1.32872 0.946075 
1173 0.137233	0.672523 0.890779 0.869483 1.17594 0.978134 1.19282 0.964562 1.18053 0.830771 1.03468 
1174 0.124476	1.03631 0.78892 0.817461 0.905313 0.851656 0.85933 0.768288 1.0637 0.807887 0.907757 
1175 0.0672499	1.11931 0.916424 1.01655 1.16052 1.01394 1.19354 1.07172 1.34765 1.06937 1.03522 
1176 0.142883	1.61846 1.04852 1.07662 1.0078 1.02543 1.01754 1.08299 0.891736 1.17597 0.965043 
1177 0.183707	0.697744 0.842558 0.910379 1.07175 0.917024 1.14955 0.990218 0.958936 0.9603 1.05065 
BOUNDS
LWPS R    0.0  0.0  0.0  0.0  0.0  0.0  0.0  0.0  0.0  0.0
UWPS R    0.5  0.5  0.5  0.5  0.5  0.5  0.5  0.5  0.5  0.5
LXAS R   -0.5 -0.5 -0.5 -0.5 -0.5 -0.5 -0.5 -0.5 -0.5 -0.5
UXAS R    0.5  0.5  0.5  0.5  0.5  0.5  0.5  0.5  0.5  0.5
END
