NAME moment_estimations_cluster
ASSETS 10
BENCHMARKS 0.1 0.1 0.1 0.1 0.1 0.1 0.1 0.1 0.1 0.1 
COVARIANCES
0 0 0.191823
1 0 0.072213
1 1 0.0323922
2 0 0.0356934
2 1 0.0164838
2 2 0.0280279
3 0 -0.00940928
3 1 0.00409031
3 2 0.0121323
3 3 0.0337485
4 0 -0.00627723
4 1 0.000849017
4 2 0.00432274
4 3 0.0185743
4 4 0.0140907
5 0 -0.0274258
5 1 -0.0048213
5 2 0.0147076
5 3 0.0287802
5 4 0.0172605
5 5 0.0390413
6 0 0.0692374
6 1 0.0288757
6 2 0.0216267
6 3 0.00827802
6 4 0.00578627
6 5 0.00543992
6 6 0.038702
7 0 -0.0358896
7 1 -0.00321032
7 2 0.018248
7 3 0.0456085
7 4 0.0224459
7 5 0.0447193
7 6 0.00123972
7 7 0.0787319
8 0 0.0687706
8 1 0.0225971
8 2 0.0112257
8 3 -0.0124906
8 4 -0.00596519
8 5 -0.0159174
8 6 0.0259091
8 7 -0.0273162
8 8 0.0334449
9 0 -0.0061419
9 1 -0.00245711
9 2 0.00624456
9 3 0.0114645
9 4 0.0100743
9 5 0.0137001
9 6 0.00825022
9 7 0.0143257
9 8 0.00102912
9 9 0.0190501
SCENARIOS
0 0.44152	1.47453 1.21845 1.16699 1.06616 0.998385 1.04313 1.19374 1.0313 1.1532 0.981463 
1 0.55848	0.797269 0.892756 0.916966 0.932648 1.0112 0.988071 0.879855 1.02102 0.913385 0.97234 
00 0.494315	0.677746 0.820173 0.845123 1.02445 1.07287 1.09338 0.871247 1.11161 0.840048 1.06789 
01 0.505685	1.53674 1.1258 1.1219 0.976169 1.05496 0.990641 1.19901 0.96052 1.18835 1.01926 
10 0.811041	0.924169 0.994268 0.950603 1.07087 0.960289 0.93964 0.977031 1.11675 0.966111 1.02217 
11 0.188959	2.0875 1.30643 1.14378 0.997235 0.932636 0.840284 1.38265 0.913603 1.35577 1.0044 
000 0.0799084	1.63219 1.15274 1.52427 1.22063 1.07822 1.21715 1.28298 1.41132 1.10669 1.07787 
001 0.16449	1.19359 1.08258 0.972697 0.986836 0.963521 0.939448 0.974975 1.01493 0.997371 0.97211 
002 0.20559	2.28201 1.34926 0.969102 0.872073 0.922177 0.648163 1.22886 0.76846 1.28559 0.83513 
003 0.0606186	0.882815 1.07807 1.11962 1.60397 1.18133 1.25265 1.03446 2.20325 0.798927 1.15995 
004 0.150561	0.612981 0.661663 0.794935 0.748976 0.84239 0.839243 0.702428 0.741041 0.88978 0.963279 
005 0.151523	1.06138 1.00602 1.04886 0.824904 0.938329 0.935077 1.08609 0.914433 1.15934 0.964313 
006 0.114593	0.476643 0.798877 1.12194 1.16358 1.04517 1.28872 0.858775 1.51974 0.806463 1.13049 
007 0.0727148	1.12308 1.14671 1.26142 1.56159 1.27282 1.50664 1.25426 1.67539 0.944299 1.20831 
010 0.0520446	0.815978 0.770733 0.851107 0.92308 0.98127 0.944668 1.02613 0.753856 1.16436 1.34993 
011 0.0652573	1.03192 1.13954 0.841425 0.922372 0.90944 0.773103 1.03942 1.00148 1.03169 1.00796 
012 0.210104	0.810689 0.898066 0.920496 0.937354 0.924833 0.940528 0.80242 1.16412 0.907752 0.852698 
013 0.103328	0.513251 0.772005 0.663502 0.829996 0.869268 0.687672 0.737429 0.732362 0.928052 1.05291 
014 0.142921	0.439267 0.800938 1.04411 1.41995 1.12012 1.46108 0.904628 1.69281 0.697116 1.2634 
015 0.103641	1.18299 0.956464 1.23478 1.22321 1.00084 1.33464 1.16712 1.57627 0.938784 1.13992 
016 0.128589	1.36954 1.07153 0.991926 0.802195 0.905497 0.962265 1.00584 0.651731 1.15981 1.01091 
017 0.194115	2.34103 1.4491 1.03875 0.891244 1.02501 0.813117 1.33056 0.6683 1.33792 1.20135 
100 0.0713103	1.30103 1.08288 1.31436 0.978948 1.01796 1.18559 1.0538 0.922075 1.13306 0.98644 
101 0.068087	1.53543 1.1429 1.13297 0.926344 0.890288 0.928056 1.05803 0.819092 1.06227 0.80089 
102 0.0602053	0.39655 0.63892 1.12605 1.55053 1.31588 1.84081 0.808799 2.16607 0.630659 1.18428 
103 0.13209	2.49806 1.37365 1.0284 0.751877 0.919154 0.822977 1.29374 0.71562 1.41769 0.969847 
104 0.127762	0.866609 0.782821 0.763704 0.661371 0.893347 0.730004 0.781709 0.476157 1.05863 0.962253 
105 0.174456	0.93018 1.00022 1.20468 1.43584 1.16535 1.45365 1.17718 1.45094 0.950452 1.03194 
106 0.0792803	1.1164 1.06804 1.16991 0.964372 1.02207 1.25146 1.20714 0.782513 1.14599 1.31383 
107 0.286809	0.652508 0.82672 0.913157 0.955 1.0152 1.05971 0.846346 0.911856 0.870696 0.927921 
110 0.168009	0.802853 0.883363 1.02133 1.42564 1.32484 1.45977 0.956125 1.44785 0.78904 1.02564 
111 0.0940017	1.49406 1.16685 0.938462 0.983875 0.930986 0.980564 0.98414 1.0151 0.965856 0.806168 
112 0.107079	1.40456 1.09741 1.33665 1.37092 1.20557 1.44606 1.25496 1.30681 1.05856 1.06268 
113 0.0650052	1.41225 1.07291 1.23095 0.934402 1.04563 0.887675 1.10084 0.810216 1.23677 1.09335 
114 0.21321	0.690069 0.859478 0.841521 0.775126 0.938266 0.967115 0.731225 0.756631 0.860405 0.975008 
115 0.0856628	0.68153 0.858352 1.15431 0.992524 0.898292 1.11521 0.885374 0.969412 1.0115 1.1669 
116 0.111817	2.4984 1.39511 1.262 0.967088 0.958866 0.851064 1.20215 0.824901 1.42864 0.940951 
117 0.155217	1.17992 0.901011 0.819291 0.771052 0.936447 0.715131 0.930157 0.48163 1.17532 0.924502 
0000 0.170298	0.707844 1.01344 0.752322 0.859178 0.837502 0.768396 0.839634 0.847538 0.973501 0.702769 
0001 0.0625	2.44644 1.51495 0.956943 0.824135 1.03213 0.913195 1.33303 0.635243 1.42263 0.97396 
0002 0.149083	1.85161 1.49306 1.24825 1.513 1.27653 1.05635 1.39904 1.16278 1.10927 1.08817 
0003 0.0521789	1.56823 1.31049 1.05577 1.30224 0.891813 0.915181 1.14837 0.982253 0.964438 0.685689 
0004 0.119839	0.912672 1.00482 1.14722 1.27425 1.07073 1.26887 1.11046 1.51731 0.85361 1.00051 
0005 0.122706	1.11299 1.21878 0.917444 0.948107 1.09332 1.00941 0.922612 1.02004 1.0964 0.982083 
0006 0.237959	0.637353 0.933022 0.832835 1.06503 0.967999 0.931947 0.759448 1.36082 0.760434 0.901318 
0007 0.0854358	1.41099 1.31445 1.02812 1.07918 0.932417 0.947126 1.09923 0.735921 1.23393 0.967339 
0010 0.2039	0.498064 0.83393 0.844821 1.02046 1.02002 0.851988 0.730618 0.975205 0.81011 0.840843 
0011 0.104178	0.998814 0.955901 0.826308 0.894744 0.937254 0.727396 0.924069 0.838371 0.89829 0.81429 
0012 0.0451253	0.520956 0.932675 0.977505 1.63317 1.39013 1.31716 0.921928 1.9428 0.666521 0.892737 
0013 0.0788301	1.87321 1.35234 1.01999 1.01644 1.12954 0.76683 1.54675 0.715856 1.38683 1.14966 
0014 0.18468	0.924219 0.92777 0.95788 1.08515 1.06495 0.886279 1.00756 0.971978 0.947414 0.922415 
0015 0.206407	1.29486 1.08691 0.898402 1.00178 1.00197 0.946692 1.0477 0.696384 1.23329 0.885825 
0016 0.0534819	0.765622 0.832898 0.87417 1.26994 1.31253 1.24296 1.11659 1.08081 0.902601 1.38139 
0017 0.123398	1.5959 1.06439 1.31455 1.34288 1.3 1.38064 1.53325 1.24804 1.11356 1.19748 
0020 0.0860263	1.7612 1.27735 1.03442 0.79099 0.99947 0.976349 0.98634 0.667924 1.25059 0.836435 
0021 0.101404	1.15457 0.912653 1.18122 0.897983 0.945945 1.03039 1.05086 0.564048 1.21721 1.20691 
0022 0.0717629	0.577548 0.690601 0.704191 0.70864 0.788464 0.773399 0.656262 0.538748 1.00012 0.909659 
0023 0.324716	0.616766 0.844072 1.01545 0.9988 0.918927 1.25324 0.667117 1.11547 0.765275 0.851575 
0024 0.14932	1.27527 1.16444 1.05986 1.14403 0.968451 1.2091 1.02346 1.32063 1.07051 0.84912 
0025 0.11277	0.902089 0.748179 0.955363 0.765902 0.878948 0.903408 0.814398 0.788694 1.08222 1.13217 
0026 0.0733229	1.26795 1.36931 1.44758 1.30321 0.992977 1.5285 1.401 1.3134 1.04367 1.19163 
0027 0.0806775	2.75147 1.23813 1.38993 1.10676 0.99994 0.958075 1.4181 0.950546 1.51962 0.963207 
0030 0.239607	1.63523 1.24925 1.33068 1.10465 1.11011 1.03762 1.19369 1.31019 0.975413 0.938911 
0031 0.0627362	1.4927 1.16729 0.898604 1.09563 1.25532 1.0855 1.2669 0.870621 1.05067 0.784034 
0032 0.190476	1.0863 0.991644 1.02896 0.89301 0.868061 0.871924 0.882702 0.86125 0.973997 0.788991 
0033 0.102797	0.269739 0.719429 0.956707 1.38757 1.07876 1.47214 0.622374 1.79307 0.579317 0.921877 
0034 0.155707	0.958026 0.873094 0.699346 0.720744 0.851477 0.677655 0.685057 0.573262 0.963474 0.7612 
0035 0.0846561	0.377911 0.646044 0.846707 0.888623 0.986037 1.16235 0.708893 1.06906 0.724448 0.826999 
0036 0.0612245	0.568692 0.815429 0.922608 1.20557 1.02212 1.12778 0.839078 1.36663 0.683316 0.982284 
0037 0.102797	0.710128 0.902504 0.958793 1.19082 1.04991 1.1821 1.03907 0.976016 0.828427 1.0428 
0040 0.12538	2.01701 1.46712 0.9998 0.960008 1.02738 0.765344 1.33852 0.677161 1.31704 0.747015 
0041 0.173767	0.59011 1.17999 0.970561 1.41251 1.16331 1.19325 0.945425 1.47649 0.744836 1.16262 
0042 0.0690809	0.458247 0.941107 0.845248 1.07471 0.985649 0.949924 0.666812 0.981615 0.730661 0.806967 
0043 0.188071	0.908422 1.06254 1.12105 1.00485 0.877882 0.951796 0.930597 0.758891 1.03262 0.868389 
0044 0.185027	1.22319 1.3178 1.08827 1.14599 1.01871 1.08074 1.2882 1.002 1.15024 0.88287 
0045 0.108947	0.792354 1.32347 0.763297 1.07168 0.99705 0.825375 0.832403 0.99775 0.921669 0.747224 
0046 0.0687766	1.05957 1.09204 0.990841 1.27643 1.25186 0.98426 1.19741 1.07529 1.04547 1.26093 
0047 0.0809495	1.14194 1.27065 1.5735 1.46735 1.25134 1.28199 1.20514 1.87632 0.916292 0.93876 
0050 0.143635	0.585717 0.678888 0.818936 0.876084 0.879709 0.787494 0.647431 0.774107 0.783823 1.10125 
0051 0.247959	0.772303 0.98985 1.13276 1.21282 1.01293 1.00877 0.889971 1.01532 0.888928 1.08827 
0052 0.0631993	0.661253 0.887347 0.989459 1.37403 1.19049 1.43839 0.882443 1.46458 0.720842 1.21568 
0053 0.0716662	1.70865 1.20794 1.20107 0.729377 0.803447 0.891503 1.24414 0.50061 1.41021 0.997346 
0054 0.251588	1.21283 1.02132 1.13972 0.949761 0.802692 0.807413 0.914433 0.903081 1.04598 0.966724 
0055 0.0631993	2.52767 1.14163 1.29128 1.05127 1.09339 0.871229 1.34759 0.865548 1.44304 1.17577 
0056 0.0743877	1.71444 1.23464 1.23043 1.24681 1.00984 0.850711 1.21215 1.22591 1.07823 1.10386 
0057 0.0843665	1.04411 1.0392 1.00333 1.063 1.02826 0.969931 1.19028 0.689045 1.20516 1.22272 
0060 0.176729	1.97045 1.23862 1.14494 1.0741 1.11053 1.0678 1.32103 1.06995 1.161 1.0259 
0061 0.0619752	0.556574 0.682993 0.782685 1.21349 1.30015 1.27736 0.700732 1.13739 0.681773 1.05331 
0062 0.231108	0.804062 0.90281 0.900413 0.868164 0.988104 0.881421 0.822773 0.894127 0.898672 0.772719 
0063 0.147141	0.972917 1.00964 0.972663 1.28426 1.22859 1.31514 0.987647 1.19634 0.934496 1.01243 
0064 0.0479808	0.61056 0.943414 1.04076 1.64433 1.3615 1.65905 0.931805 1.82365 0.747492 1.23877 
0065 0.0535786	1.2008 1.01622 1.3532 1.15971 1.07965 1.21392 1.04583 1.63955 0.822895 0.910492 
0066 0.205518	1.31586 1.14067 0.924558 0.922488 1.01089 0.822961 1.02392 0.906591 1.00969 0.930404 
0067 0.0759696	2.29764 1.20579 0.964656 0.786986 0.876121 0.618066 1.07093 0.578947 1.23367 0.783582 
0070 0.126654	0.379879 0.718375 0.912567 1.05104 1.07685 1.12143 0.755711 1.09905 0.688754 1.01675 
0071 0.143037	1.49392 1.25715 1.34609 1.31039 1.08634 1.33499 1.29163 1.32228 1.0202 0.919647 
0072 0.15879	0.610616 0.869311 1.0764 1.24049 1.17319 1.48035 0.993625 1.65855 0.757364 1.24461 
0073 0.155009	0.673587 0.811268 1.00277 0.771679 0.920365 0.927175 0.942066 0.663998 1.15707 1.07402 
0074 0.0504096	1.28705 1.12339 0.785288 0.916942 0.975525 0.729558 1.11743 0.74679 0.995365 1.04436 
0075 0.191556	0.904151 0.872832 1.10055 0.985863 0.965279 1.06535 1.01009 1.07154 0.814354 0.897827 
0076 0.068683	1.27781 1.03484 1.00013 0.823683 0.866142 0.780961 0.967111 0.651024 1.18815 0.827383 
0077 0.10586	2.0359 1.14401 1.21782 0.744162 0.909178 0.862298 1.51264 0.702102 1.34177 0.963779 
0100 0.0662651	0.627128 0.945913 0.837494 0.840253 0.857585 0.839915 0.710992 0.612001 0.779584 0.608173 
0101 0.240964	1.21667 1.1621 0.897993 0.666839 0.836281 0.766658 0.973793 0.735263 1.06015 0.89693 
0102 0.228055	0.940614 1.166 1.20329 0.986716 1.01318 1.03253 1.01289 1.01965 0.908034 1.10535 
0103 0.0886403	0.693413 0.89586 0.914892 0.64647 0.783323 0.808703 0.776252 0.544938 0.944649 0.832193 
0104 0.060241	0.390274 0.732068 0.875464 1.07416 1.12685 1.1934 0.751773 1.76388 0.643623 1.04559 
0105 0.141997	1.69517 1.22977 1.19106 0.752177 0.788793 0.827895 1.16199 0.901516 1.21257 0.722965 
0106 0.0688468	0.738659 1.08956 1.15901 1.56943 1.32966 1.4701 1.07905 1.95984 0.805649 1.12187 
0107 0.104991	1.75773 1.7652 1.35989 1.22428 0.970232 1.13814 1.47557 1.49979 1.23316 0.897645 
0110 0.202471	0.76563 0.964903 1.0665 1.03555 1.0527 1.25108 0.947299 1.11446 0.889093 1.01324 
0111 0.0713795	1.78293 1.00808 0.758101 0.884776 0.912457 0.72893 1.016 0.526635 1.35168 0.914608 
0112 0.151682	1.94283 1.19117 1.06407 0.91053 0.996671 0.942133 1.30623 0.630374 1.24537 0.947733 
0113 0.175017	1.13395 0.863285 1.20439 1.08818 1.03597 1.30324 1.16657 0.975964 1.09479 1.06017 
0114 0.0700069	0.496039 0.594506 0.961123 0.808227 0.851289 1.1082 0.749134 0.603872 0.940597 0.949953 
0115 0.111874	0.935926 0.746411 0.819319 0.65716 0.846073 0.866933 0.799094 0.480817 1.11919 0.767754 
0116 0.116678	0.549304 0.794657 0.872143 0.908548 1.04899 1.10363 0.704639 0.88415 0.795386 0.976448 
0117 0.100892	1.2575 1.00964 1.07902 1.18393 1.03481 1.03745 1.04789 1.05711 0.861944 0.988039 
0120 0.110851	0.74671 0.992408 1.23086 1.54012 1.1716 1.45918 1.0376 1.45814 0.839793 1.1456 
0121 0.103816	1.52829 1.00498 0.861378 0.589533 0.775212 0.698533 1.10899 0.511033 1.33745 0.961677 
0122 0.109998	0.781966 0.946563 1.24183 1.0783 0.975576 1.1291 1.10024 0.950567 0.933096 1.28617 
0123 0.108079	1.35309 0.991566 1.29908 1.23721 1.07905 1.19672 1.32979 1.33967 1.10112 1.2813 
0124 0.0692816	1.11985 1.15313 0.788534 1.05693 1.05111 0.782347 0.910903 0.989782 0.835165 1.07785 
0125 0.197826	1.71764 1.27592 0.988086 1.08214 0.972938 0.810399 1.16591 0.995615 1.12757 1.022 
0126 0.125346	0.541447 0.747572 0.845606 0.878135 0.836871 0.97915 0.764495 0.868803 0.757799 1.06828 
0127 0.174803	0.765097 0.73284 0.732864 0.870002 0.946678 0.862818 0.799015 0.674988 0.935173 1.05762 
0130 0.14521	1.27264 0.91661 1.01212 0.795655 0.911311 0.890149 1.15857 0.665702 1.09242 0.998612 
0131 0.263112	0.620743 0.81976 1.00135 0.738787 0.927441 1.04704 0.774403 0.702998 0.917144 0.998456 
0132 0.143043	2.2332 1.12951 1.24822 0.605464 0.878939 0.919914 1.20746 0.675052 1.30087 1.05741 
0133 0.0715215	1.31831 1.14298 1.14627 1.44338 1.25637 1.56796 1.3097 1.3768 0.883232 1.04858 
0134 0.114434	0.860811 0.944821 1.33304 0.979483 0.962233 1.36892 1.11888 0.955682 0.936597 1.11267 
0135 0.0567837	1.68769 1.19471 1.34503 0.961723 1.10335 1.52694 1.58829 0.872557 1.25771 1.26754 
0136 0.0615518	0.628154 0.755804 1.02337 1.27912 1.18714 1.78745 0.944281 1.69779 0.697587 1.10072 
0137 0.144343	1.08377 0.82711 0.810302 0.789353 1.0716 1.03454 0.829752 0.655171 0.894969 0.912823 
0140 0.167032	1.04322 0.875847 0.824028 0.787465 0.980121 0.808706 0.77828 0.710585 1.00699 0.817273 
0141 0.0460671	1.2226 1.01738 1.36248 1.66123 1.25389 1.53381 1.27294 2.11045 0.865267 1.23806 
0142 0.0777186	0.650275 0.752818 1.00328 0.889162 0.99228 1.21487 0.789539 1.34758 0.801789 1.19217 
0143 0.14917	0.7607 0.826705 0.8165 0.953061 1.02602 1.03134 0.792442 1.02544 0.880248 0.932537 
0144 0.078032	1.42092 1.04953 1.2744 0.814497 1.12817 1.23597 1.11354 0.888271 1.19832 1.19212 
0145 0.0855531	0.582451 0.658425 0.653457 0.622795 0.806001 0.736591 0.691133 0.457218 0.934679 0.821382 
0146 0.210279	1.5544 1.07778 0.983118 0.836043 0.970347 0.992877 1.19053 0.688973 1.23586 1.00681 
0147 0.186149	1.63875 1.10019 1.1508 1.31057 1.32471 1.10072 1.19341 1.31841 1.07136 1.04994 
0150 0.0700086	1.23824 1.25757 1.43913 1.47252 1.42799 1.32564 1.0634 1.5652 0.942012 1.37645 
0151 0.100691	0.845704 1.27116 0.912491 1.5752 1.34057 1.10208 0.898814 1.42871 0.788498 1.10753 
0152 0.0661193	1.56202 1.5227 0.832819 1.03225 0.957098 0.651966 1.06715 0.565927 1.05667 0.813797 
0153 0.106309	1.06511 1.21073 0.980214 1.08497 0.971054 0.868714 0.763901 0.886311 0.954679 0.830966 
0154 0.199654	0.854597 1.12211 1.01007 1.05708 1.11273 1.02685 0.890593 0.810495 1.00441 1.04714 
0155 0.121435	1.24918 1.29469 1.16553 1.17182 1.22985 1.27569 1.31162 1.07165 1.14149 0.990717 
0156 0.143475	2.21952 1.56173 1.20107 0.969581 1.23467 0.803896 1.45525 0.761074 1.38455 0.973623 
0157 0.192308	0.433858 0.864003 0.898865 1.15395 1.16516 1.23486 0.843067 1.22369 0.83762 1.07915 
0160 0.0731452	1.53127 1.12793 1.45004 1.19971 1.09936 1.11244 1.57537 1.97542 1.2108 1.07879 
0161 0.132358	0.959042 1.03297 1.20343 1.57337 1.0332 1.06048 1.13781 1.70051 0.939654 0.844323 
0162 0.0992685	1.21743 0.918431 1.02253 0.812265 0.945338 0.703702 1.1708 0.650621 1.35763 1.08886 
0163 0.205503	0.764036 0.732051 0.678536 0.807798 0.897927 0.647686 0.788709 0.737316 0.942457 0.795538 
0164 0.077325	1.43702 1.11172 1.03632 1.01601 0.951743 0.876536 1.1617 1.38728 0.997148 1.11006 
0165 0.214211	0.582208 0.738672 0.99415 1.09486 1.10945 1.24533 0.921793 1.44271 0.863756 1.17996 
0166 0.12574	2.00799 1.38885 0.846041 0.955612 0.927444 0.619875 1.16111 0.957121 1.24276 0.903381 
0167 0.0724486	1.02897 0.935149 0.840639 0.962943 1.00009 0.688367 0.924816 1.17938 1.02704 0.976027 
0170 0.0830641	0.728325 0.741705 1.05087 0.836417 0.839023 0.987804 0.964625 0.730468 0.970573 0.974361 
0171 0.160591	1.0125 0.88696 1.10233 0.909308 0.863207 1.11699 1.07029 1.05047 1.1936 0.878196 
0172 0.178357	2.35076 1.30898 1.18968 0.866209 0.681117 0.79333 1.26076 0.770661 1.26168 0.727559 
0173 0.149977	1.33001 1.19672 1.05595 1.07097 0.846035 0.938452 0.976913 1.16391 1.02487 0.701053 
0174 0.106368	0.857329 1.02911 1.02171 1.45549 1.20552 1.20931 1.02756 1.56555 0.761312 0.798727 
0175 0.111675	0.752302 0.804944 0.817845 0.60226 0.609505 0.595624 0.764878 0.538793 0.984951 0.843696 
0176 0.148593	0.462637 0.658755 0.77385 1.16026 0.816147 1.15467 0.731485 1.57596 0.780609 0.670259 
0177 0.0613752	0.541071 0.792595 1.28517 1.64351 1.21053 1.36524 1.14001 2.49548 0.831676 0.977586 
1000 0.0693498	1.64217 1.16572 0.830763 0.831664 0.834841 0.759311 1.09452 0.709298 1.38118 0.922595 
1001 0.101858	1.28046 1.00541 0.755527 0.70379 0.87793 0.763181 0.987354 0.69675 1.12973 0.982949 
1002 0.217957	0.701068 0.853756 0.762567 0.850001 0.936916 0.765949 0.876152 0.766805 0.939597 0.948354 
1003 0.0563467	2.92354 1.38533 1.42463 0.879251 0.827466 0.788379 1.40909 0.805232 1.50005 1.09504 
1004 0.234675	0.836372 0.95122 0.956086 1.25746 1.04336 1.06531 0.900519 1.54745 0.845594 1.15543 
1005 0.119505	1.22115 0.928544 1.15198 0.981475 0.884546 1.06254 1.03212 1.19384 1.02883 0.866252 
1006 0.116718	1.56638 1.26928 1.02265 0.99991 0.934344 0.936776 1.24634 0.935093 1.21533 0.904843 
1007 0.0835913	1.35361 1.15168 1.58142 1.48289 1.13865 1.28451 1.3051 1.88102 1.04759 1.39355 
1010 0.113165	1.16364 1.01218 0.938582 0.890965 1.04556 0.959058 1.00427 0.847721 1.08183 0.978606 
1011 0.20201	0.467675 0.812952 0.971781 0.967796 0.9276 1.17539 0.850642 1.13719 0.800873 1.15876 
1012 0.179313	1.44325 1.14183 0.980338 0.862724 0.931767 0.969412 1.23124 0.816744 1.17773 1.01989 
1013 0.124189	0.967592 0.959928 0.94791 0.786389 0.938843 0.883958 0.73209 0.766223 0.90635 0.846137 
1014 0.0522049	2.54944 1.51154 1.39735 0.824126 0.955726 0.960122 1.27899 0.761078 1.39814 0.737965 
1015 0.203632	0.823959 0.931354 0.999481 1.18383 1.16561 1.0188 1.10129 0.879695 0.967002 1.22854 
1016 0.0797665	1.13103 1.2597 1.50977 1.30911 1.24158 1.63487 1.11669 1.33765 0.949603 1.06864 
1017 0.0457198	1.25624 1.06653 1.4054 1.098 1.15141 1.4118 1.44129 1.28901 1.18181 1.30181 
1020 0.225156	0.760683 1.0326 0.813043 1.01884 1.10053 1.00571 0.884551 0.854359 0.93671 1.10051 
1021 0.219289	1.28036 1.15502 0.9271 0.812651 0.937928 0.839497 1.06419 0.778674 1.15748 0.981324 
1022 0.080308	3.85208 1.85711 1.40125 1.37662 1.27831 1.0983 1.8458 1.30704 1.37245 0.977544 
1023 0.0663733	2.56096 1.64036 0.863712 0.819647 1.01713 0.792219 1.32963 0.646372 1.28273 0.740731 
1024 0.0623396	0.988957 1.03088 0.685543 0.621821 0.813144 0.587305 0.737943 0.501395 0.942099 0.794587 
1025 0.119912	0.659236 1.10282 0.912134 1.22017 1.0026 1.12351 0.855838 1.29654 0.782283 0.845949 
1026 0.138247	1.11604 1.40317 1.1518 1.43467 1.2143 1.27544 1.24536 1.6071 1.10519 1.15179 
1027 0.0883755	1.57699 1.42324 1.25465 1.1852 1.12317 1.15608 1.36987 1.09957 1.18265 1.175 
1030 0.0854087	1.78001 0.993871 1.13061 0.79533 0.817138 0.7933 1.00878 0.493785 1.34178 0.743268 
1031 0.0934314	1.23204 0.897676 1.35056 0.991775 1.03731 1.17609 1.155 0.657871 1.31011 1.05453 
1032 0.0802273	0.65486 1.00481 1.3297 1.57949 1.34942 1.71722 1.08483 1.5913 0.821532 1.4646 
1033 0.119338	2.05022 1.26932 1.43722 1.45431 1.30323 1.27943 1.49165 1.28096 1.15787 0.934575 
1034 0.0688618	0.582799 0.737115 0.882252 0.904675 0.914064 0.850845 0.974894 0.500076 1.06784 1.02864 
1035 0.193047	1.01221 1.04831 1.29199 1.43202 1.09521 1.11346 0.998833 1.13856 0.824491 0.835574 
1036 0.153769	1.02297 1.07072 0.924852 1.2143 1.05865 0.939548 1.1476 0.938506 0.932281 0.85762 
1037 0.205917	0.537361 0.709778 0.893893 1.03456 0.922048 0.869361 0.754935 0.919964 0.831184 0.893613 
1040 0.129428	1.36654 1.26133 0.978 0.747716 0.878687 0.763326 0.921584 0.669437 1.18721 0.821711 
1041 0.0907206	2.18937 1.77265 0.960632 1.20382 0.944857 0.848017 1.38434 1.26266 1.17782 1.042 
1042 0.205115	1.01808 1.06609 1.13698 1.1875 1.20102 1.17322 1.06443 1.37461 1.00476 1.17949 
1043 0.066874	2.0069 1.36332 1.14601 0.677814 0.713142 0.866054 1.36446 0.860035 1.60811 1.01101 
1044 0.0571972	1.62329 1.16464 1.40423 1.06912 0.93136 1.05738 1.23595 1.05178 1.22698 0.794696 
1045 0.0914118	0.35387 0.709217 0.875466 1.18203 1.12734 1.33529 0.666374 1.35594 0.666395 0.911471 
1046 0.0978054	0.62325 0.851157 0.941389 1.20509 1.10907 1.2234 0.754569 1.66667 0.739619 0.906628 
1047 0.261448	0.706669 0.968013 0.756974 0.984234 0.915439 1.06755 0.838107 0.78202 0.908959 0.890204 
1050 0.183118	1.07463 1.0746 0.983715 0.874468 0.988561 0.839171 0.827627 1.10547 0.865217 1.16705 
1051 0.10124	0.977553 1.04131 0.934273 1.11413 1.23892 1.08869 1.11809 0.973465 0.984611 1.34272 
1052 0.144267	0.893134 0.797925 0.812916 0.853182 0.897658 0.852108 0.808571 0.751028 1.04771 1.05533 
1053 0.0728929	1.10518 1.08544 1.34894 0.958403 1.14189 1.22445 1.08351 0.980556 1.01964 1.17042 
1054 0.202733	0.535002 0.799653 0.987377 1.02292 1.0291 1.19445 0.78731 1.23174 0.789289 1.08963 
1055 0.171982	1.82814 1.20825 0.953672 0.846596 1.01958 0.74477 1.06215 0.813798 1.1306 0.968534 
1056 0.0560618	2.54339 1.434 1.23724 1.10627 1.02636 0.995714 1.42967 0.84836 1.32683 1.25694 
1057 0.0677044	2.21775 1.66423 1.48144 1.32665 1.14464 1.27882 1.46818 1.48508 1.06284 1.21949 
1060 0.248956	0.788071 0.733158 0.856061 0.809284 0.91237 0.95063 0.788994 0.752407 0.910175 0.794308 
1061 0.0815929	2.44651 1.58213 1.36466 1.08993 1.05835 0.931494 1.50864 1.01685 1.50929 0.783797 
1062 0.0966305	1.37109 0.998758 1.32354 1.22706 1.14631 1.1685 1.13799 1.45904 1.14212 0.926087 
1063 0.0654414	1.30722 0.93232 0.850634 0.8378 0.945283 0.68217 1.14107 0.754754 1.16274 0.941235 
1064 0.079922	0.811491 0.730026 0.863598 0.829767 1.12492 0.746046 0.858106 0.63434 1.23574 1.10115 
1065 0.0938457	1.99271 1.15806 1.03284 0.977595 0.938452 0.795731 1.12785 0.924488 1.21848 0.860368 
1066 0.204957	0.848477 0.914474 0.992207 0.936847 1.16168 1.1337 1.05499 0.987972 0.966364 1.03471 
1067 0.128655	0.959233 0.994238 1.2988 1.37413 1.31879 1.4669 1.16532 1.86094 0.899908 0.980646 
1070 0.0873682	0.844289 0.983208 1.18025 1.23798 1.08417 1.29494 0.815513 1.65078 0.728564 0.93316 
1071 0.170503	1.2409 1.12135 1.05071 0.976085 0.912811 0.877931 0.898846 0.865873 1.03101 0.898568 
1072 0.172658	0.540774 0.851071 0.941141 1.15109 1.23845 1.35688 0.828392 1.44071 0.804421 1.27047 
1073 0.170888	1.26151 1.12161 1.12445 1.10949 1.17361 1.10572 1.15107 1.16895 1.12175 1.17794 
1074 0.200062	0.699236 0.7784 0.791793 0.743995 0.827293 0.826574 0.707723 0.846583 0.926947 0.881675 
1075 0.058656	2.59304 1.48527 1.30272 1.14645 1.02651 0.937983 1.53838 1.10395 1.38339 1.17887 
1076 0.048803	0.87064 0.774645 0.962723 1.13091 1.23582 1.34915 1.02772 0.999266 0.912799 1.52969 
1077 0.091063	1.87101 1.04827 1.19337 0.673435 0.892271 0.819319 1.07493 0.811115 1.41781 1.00723 
1100 0.211506	0.653521 0.98577 1.19949 1.01169 0.870664 1.03886 0.81557 0.960514 0.885578 1.0578 
1101 0.115623	1.02506 1.14611 0.829038 0.731039 0.88417 0.98481 1.05348 0.736221 1.09926 1.01837 
1102 0.0530175	0.703299 0.903342 1.44771 1.52805 1.26396 1.61417 1.17357 2.10547 0.949769 1.62969 
1103 0.0569656	2.77433 1.7438 1.40298 0.917554 0.852218 0.774721 1.3018 0.88434 1.41165 0.943274 
1104 0.157924	1.54226 1.16014 1.25755 0.963499 0.869347 1.02462 1.17815 0.908341 1.04947 0.933969 
1105 0.191201	0.811543 1.04696 1.08545 1.04603 1.0191 1.16378 1.17301 1.30697 1.04392 1.19081 
1106 0.136492	0.563347 0.860721 0.764894 0.89568 0.82274 0.809641 0.687054 0.959053 0.799954 1.00795 
1107 0.0772702	1.34403 1.15531 1.0609 0.894219 0.880235 0.913533 1.41642 0.737865 1.35358 1.208 
1110 0.149194	1.28014 1.12993 1.05652 0.712692 0.828776 0.775131 1.0432 0.690968 1.2369 1.01719 
1111 0.0967742	2.27748 1.44986 1.23336 0.742029 0.829515 0.743418 1.09815 0.353782 1.45926 0.939398 
1112 0.138105	1.55761 1.24044 1.29645 0.99788 1.12695 0.875174 1.33374 0.776396 1.30145 1.14587 
1113 0.210685	0.805295 0.91296 1.08149 1.1528 1.06898 1.12135 0.920467 1.06326 0.903111 1.1585 
1114 0.0524194	0.871223 0.943979 0.973145 0.850664 0.922571 0.685108 0.8786 0.784009 1.09801 1.09818 
1115 0.103831	1.03318 0.930716 0.983622 0.675472 0.973266 1.01859 0.995198 0.495594 1.12999 1.03308 
1116 0.0735887	0.961922 1.0177 1.3951 1.00639 1.06448 1.13477 0.971363 1.09306 0.884517 1.08307 
1117 0.175403	0.532166 0.798846 1.05055 1.01753 1.01685 0.981474 0.765396 0.781444 0.838585 1.06328 
1120 0.0769912	1.50057 1.32669 0.86761 0.769887 0.95825 0.724907 1.1824 0.686811 1.19035 1.06405 
1121 0.311504	0.885614 1.1343 0.901496 1.041 1.01673 1.00552 0.854191 0.950664 0.911147 1.11454 
1122 0.0637168	2.44073 1.5709 1.16538 0.861104 1.09001 0.852358 1.53629 0.886788 1.49236 1.54362 
1123 0.123894	0.607129 0.877709 0.768971 0.865656 0.940339 1.06984 0.776388 1.23738 0.742718 1.01774 
1124 0.0893805	1.68227 1.51816 1.28917 1.12328 1.12161 1.15373 1.14903 1.41782 1.14541 1.18036 
1125 0.159292	1.21404 1.11558 0.964187 1.0987 1.19622 1.19371 1.30214 0.955933 1.07993 1.39167 
1126 0.0911504	0.570147 0.849401 1.22125 0.93474 0.880162 1.07125 1.0283 0.922024 0.960576 1.33738 
1127 0.0840708	0.534029 0.986891 0.981076 1.13664 1.13342 1.19448 0.868076 1.38171 0.768637 1.51321 
1130 0.112245	0.578654 0.926488 0.850151 1.22121 1.07741 1.38735 0.794543 1.07971 0.718881 0.907926 
1131 0.129738	0.895372 1.02456 0.882345 0.782418 0.802674 1.06411 0.808966 0.616778 0.838108 0.786259 
1132 0.0947522	0.588719 0.855497 1.05277 0.846857 0.923379 1.10636 0.895228 1.02876 0.910132 1.11919 
1133 0.0932945	0.71096 0.783079 0.90802 1.19503 1.15198 1.37185 1.06727 1.40025 0.891774 1.03194 
1134 0.195335	1.08784 0.902702 0.805583 0.742883 0.95264 1.03547 0.984826 0.566871 0.995971 0.950051 
1135 0.189504	1.56539 1.33772 1.10088 0.84724 0.904764 1.20677 1.23627 0.849752 1.12427 1.00226 
1136 0.0641399	1.31381 1.20566 1.1296 1.20231 0.973952 1.5887 1.19193 1.16144 0.862667 0.898606 
1137 0.120991	2.3662 1.48694 1.00349 0.867749 0.959891 0.933687 1.25823 0.610593 1.41329 0.875906 
1140 0.159111	0.994051 1.01546 0.943336 1.138 1.06141 0.848295 1.22745 0.785574 1.09113 0.935384 
1141 0.0586667	1.32788 1.02597 1.43509 1.63399 1.08678 1.10211 1.02847 1.74438 1.00459 1.03638 
1142 0.0626667	1.60902 1.18555 0.859375 1.13187 0.919805 0.600422 0.921494 0.884354 1.09526 0.608463 
1143 0.224889	0.735226 0.855104 1.076 1.36739 1.04364 1.32669 0.905117 1.98018 0.744489 0.994474 
1144 0.134222	2.3733 1.40125 0.999311 1.32972 1.05945 0.851254 1.34894 0.934532 1.29279 0.873928 
1145 0.133778	0.761769 0.755283 0.950965 1.16935 0.937334 1.19011 0.928072 1.12836 1.01548 1.22107 
1146 0.104889	1.36163 1.02402 1.01083 1.55281 1.22381 1.12574 1.26369 1.44146 1.13488 1.14351 
1147 0.121778	0.776318 0.849352 0.67093 0.865244 0.913843 0.662302 0.796328 0.568032 0.994588 0.929652 
1150 0.169248	1.42201 1.16517 0.908729 1.03048 1.25091 0.924388 1.1677 0.864858 1.16538 1.05999 
1151 0.267699	0.666902 0.854006 0.977474 1.3773 1.30531 1.36777 0.992154 1.4357 0.827937 1.26505 
1152 0.192478	1.00447 0.884199 0.965633 0.938861 1.17441 0.95072 0.979046 0.862233 0.965351 0.825743 
1153 0.085177	1.7884 1.38197 1.29894 0.89592 1.07486 1.15423 1.3158 1.1314 1.18268 1.06868 
1154 0.079646	0.593578 0.875685 0.77709 0.774538 0.938333 0.936283 0.708312 0.779229 0.775214 0.67524 
1155 0.0553097	2.99514 1.4913 1.11789 1.08146 1.21301 1.01738 1.61482 0.876146 1.46348 1.1114 
1156 0.0663717	1.45474 1.26913 1.35353 1.35098 1.39594 1.58597 1.52292 1.3817 1.20334 1.47231 
1157 0.0840708	1.00827 0.873693 0.691572 0.612259 0.904646 0.724677 0.855589 0.553207 1.0052 0.774523 
1160 0.283051	1.93957 1.33429 1.0218 0.769137 0.952895 1.01431 1.44644 0.527251 1.31183 1.11084 
1161 0.0822034	0.825771 0.921113 0.906479 0.89923 1.0309 1.18909 1.28194 0.662167 1.02809 1.01798 
1162 0.0601695	0.373954 0.616086 0.745818 1.22254 1.04496 1.2877 0.791287 1.42953 0.660685 1.14467 
1163 0.163559	0.959492 0.968778 1.16591 1.28151 1.14866 1.26682 1.24888 1.39783 0.902312 1.35127 
1164 0.0813559	0.626786 0.831584 0.965576 1.10308 1.04333 1.38679 1.02964 1.56941 0.74365 1.20869 
1165 0.0635593	0.78584 0.834356 0.601195 0.769361 0.970636 0.736569 0.999854 0.632993 1.19115 1.28553 
1166 0.0694915	0.571705 0.78534 0.584543 0.629378 0.911026 0.786162 0.80464 0.418995 0.906367 0.90873 
1167 0.19661	0.994305 0.977161 0.830292 0.919375 0.923073 0.722489 0.899752 0.550764 0.92008 0.918033 
1170 0.178266	0.694696 0.910231 0.98456 0.883588 0.87553 0.957927 0.877775 0.711279 1.00925 1.03421 
1171 0.100122	0.525759 0.875244 0.877821 0.920293 1.05392 1.11782 0.819439 1.10659 0.865858 0.920396 
1172 0.203907	1.11412 1.31921 1.29651 1.32733 0.997989 1.21018 1.24054 1.67861 1.10815 1.25853 
1173 0.0567766	0.927384 0.993547 0.728755 0.741564 0.930162 0.832945 1.09434 0.561596 1.07095 1.08994 
1174 0.0525031	1.12436 1.04812 0.807476 0.819179 0.860888 0.890948 0.76549 0.803864 0.954499 0.854774 
1175 0.175214	0.666658 1.13515 1.10479 1.24833 1.04477 1.26433 0.951176 1.57527 0.799291 1.03082 
1176 0.147131	2.04513 1.5332 1.32116 1.01182 0.863185 0.94527 1.27275 0.963566 1.35611 0.787719 
1177 0.0860806	1.28136 1.24693 1.11365 0.679028 0.681538 0.828354 1.02647 0.682625 1.2655 0.811203 
BOUNDS
LWPS R    0.0  0.0  0.0  0.0  0.0  0.0  0.0  0.0  0.0  0.0
UWPS R    0.5  0.5  0.5  0.5  0.5  0.5  0.5  0.5  0.5  0.5
LXAS R   -0.5 -0.5 -0.5 -0.5 -0.5 -0.5 -0.5 -0.5 -0.5 -0.5
UXAS R    0.5  0.5  0.5  0.5  0.5  0.5  0.5  0.5  0.5  0.5
END
