NAME moment_estimations_cluster
ASSETS 10
BENCHMARKS 0.1 0.1 0.1 0.1 0.1 0.1 0.1 0.1 0.1 0.1 
COVARIANCES
0 0 0.169099
1 0 0.0456741
1 1 0.0174639
2 0 0.0224671
2 1 0.0077119
2 2 0.00756854
3 0 0.0230891
3 1 0.00794586
3 2 0.00377784
3 3 0.00626713
4 0 0.0204048
4 1 0.0089783
4 2 0.00511822
4 3 0.00342569
4 4 0.0110898
5 0 0.0216571
5 1 0.00571982
5 2 0.00748106
5 3 0.00372426
5 4 0.00372647
5 5 0.0114767
6 0 0.0531651
6 1 0.0177891
6 2 0.0118395
6 3 0.00928123
6 4 0.0124104
6 5 0.0110382
6 6 0.0265705
7 0 0.0152045
7 1 0.000401471
7 2 0.000427024
7 3 0.00500911
7 4 -0.0092128
7 5 0.00349114
7 6 -0.000556588
7 7 0.0285233
8 0 0.047427
8 1 0.020187
8 2 0.0148196
8 3 0.00709141
8 4 0.0231624
8 5 0.0108641
8 6 0.030795
8 7 -0.0214212
8 8 0.0577755
9 0 0.0152041
9 1 0.00362863
9 2 0.00497833
9 3 0.00268168
9 4 0.00716896
9 5 0.00521739
9 6 0.0111833
9 7 -0.00315227
9 8 0.0177746
9 9 0.0152531
SCENARIOS
0 0.44614	1.46669 1.09734 1.07074 1.03016 1.09147 1.09152 1.16771 0.95519 1.20336 1.08154 
1 0.55386	0.775409 0.940824 0.960004 0.93589 0.963542 0.962707 0.884907 1.01442 0.86292 0.939313 
00 0.421056	1.55599 1.19234 1.05588 1.07758 0.963796 0.992871 1.11961 1.13201 1.06621 1.01494 
01 0.578944	0.709188 0.938331 0.961089 0.969964 0.987024 0.940169 0.946606 0.958628 1.02093 0.997515 
10 0.795454	1.10902 0.943388 0.973813 1.03793 0.989828 0.986084 0.984002 1.0363 0.928989 0.986419 
11 0.204546	1.71567 1.13971 1.05558 1.12463 1.14161 1.0564 1.30276 0.944195 1.52369 1.15536 
000 0.189673	1.34132 1.05631 1.07006 1.12347 1.15955 1.18764 1.20564 1.14634 1.13824 1.08998 
001 0.0746873	2.73586 1.27416 1.16213 1.11898 1.26788 1.11423 1.46076 1.02088 1.50662 1.04389 
002 0.064839	0.726683 0.917249 0.962374 0.909961 1.00196 0.98036 0.897125 0.81836 1.03848 0.948379 
003 0.145488	1.16161 0.959186 0.940231 1.0151 0.968159 1.04308 0.913371 1.13315 0.7959 0.901701 
004 0.0790524	0.623982 0.896851 1.05905 0.972256 1.09488 1.1917 1.02667 0.857269 1.36759 1.10442 
005 0.132393	0.628372 0.765142 0.943906 1.00088 0.922409 1.05014 0.874458 1.10212 0.849083 0.980828 
006 0.16987	0.50159 0.768619 0.851855 0.996617 0.820462 0.995539 0.753084 1.27539 0.57056 0.863873 
007 0.143998	1.20703 1.12269 1.04718 1.0985 1.2274 1.02898 1.1778 0.857349 1.41674 1.18014 
010 0.0635332	0.751687 0.861086 0.938387 0.876463 1.08033 0.94321 0.900661 0.720133 1.14628 1.01043 
011 0.0885052	0.831617 0.961067 1.07585 0.951078 1.1513 1.06369 1.08181 0.734887 1.36632 1.13286 
012 0.222076	1.88917 1.25278 1.13312 1.01332 1.08346 1.02102 1.18393 1.02113 1.16196 1.0057 
013 0.108909	1.27579 1.17338 1.02834 1.03809 1.08081 0.942182 0.97562 0.927857 1.13111 1.0131 
014 0.0945836	0.987086 0.858088 1.01917 0.944584 0.896315 1.05833 0.899223 1.33402 0.708177 1.00333 
015 0.157575	0.903576 0.966495 0.907086 0.938559 0.825299 0.895729 0.780596 1.23436 0.636374 0.867591 
016 0.0799489	1.42392 1.24037 1.13697 0.994811 1.42937 1.07273 1.32581 0.649169 1.94965 1.28187 
017 0.18487	0.789547 0.851426 0.894923 0.896447 0.93538 0.934177 0.800145 0.918986 0.790809 0.858308 
100 0.074903	0.424117 0.771818 0.87371 0.927739 0.750095 0.859715 0.735856 1.23645 0.553943 0.852992 
101 0.191025	0.779802 1.00244 1.09256 0.94005 0.970175 1.03626 0.974337 0.942293 1.18128 1.11703 
102 0.152711	0.516343 0.964175 0.872 0.893106 0.976448 0.845764 0.827568 0.857759 0.919443 0.9115 
103 0.118279	1.00152 1.182 1.10235 1.04687 1.15355 1.03303 1.23048 0.737975 1.66727 1.23496 
104 0.114352	0.950918 0.889908 0.950372 1.02405 0.85982 0.97439 0.888762 1.40003 0.711517 0.933294 
105 0.0771274	0.37796 0.78528 0.897028 0.851169 0.9396 0.905876 0.748094 0.785277 0.869806 0.940718 
106 0.155594	1.80677 1.20758 1.1556 1.11582 0.990269 1.15723 1.30654 1.3576 1.15515 1.03684 
107 0.116009	1.58792 1.10717 1.00133 1.05108 0.981631 0.919989 1.07361 0.923899 1.05453 0.853577 
110 0.109101	0.49205 0.880564 1.01748 0.858295 1.00753 0.972141 0.860906 0.729812 1.06693 1.01565 
111 0.0770589	1.31638 1.21458 1.16217 1.02952 1.17721 1.16866 1.21309 0.809293 1.32525 1.08933 
112 0.0965663	1.54531 1.11336 1.10201 1.11219 1.08594 1.09963 1.11056 1.15069 0.990866 0.918279 
113 0.258805	0.819409 0.955404 1.01989 0.90875 0.912209 0.918919 0.87477 0.847629 0.857557 0.904471 
114 0.104334	2.5147 1.22919 1.13718 1.0301 1.07397 1.15277 1.12025 1.31658 0.981427 1.14475 
115 0.167888	1.0337 0.963677 0.983515 0.976247 0.901778 0.95583 0.881362 1.22938 0.714761 0.983295 
116 0.129138	0.860576 1.08835 1.04809 0.939454 1.09924 0.976871 1.04933 0.86882 1.21774 1.09457 
117 0.0571101	1.28064 1.17886 1.11458 1.03423 1.28461 1.13251 1.22742 0.637277 1.79087 1.23605 
0000 0.25007	0.842112 0.975588 0.995434 1.05485 0.947215 0.997352 1.00473 0.895849 1.03666 1.01323 
0001 0.0749369	1.95014 1.18182 1.03462 1.0754 0.953174 1.03726 1.11402 1.27238 0.897754 1.05895 
0002 0.0701656	1.2597 0.949634 0.947862 0.938179 0.831909 0.771784 0.925183 1.08545 0.808044 1.01673 
0003 0.146786	1.10127 1.13416 1.13266 1.07738 1.17286 1.186 1.29192 0.88072 1.4816 1.06876 
0004 0.0724109	1.57177 1.11166 1.1575 1.12599 0.931426 1.04762 1.21853 1.30743 1.10858 1.09548 
0005 0.146786	0.742551 0.87401 0.969054 0.940996 0.83511 1.05757 0.909373 1.23397 0.788993 0.873826 
0006 0.160258	0.565357 0.784315 0.935863 0.927729 0.891468 0.979015 0.813522 0.874709 0.83528 1.11215 
0007 0.0785855	2.25305 1.1983 1.06398 1.15787 1.14074 1.09309 1.25444 1.10534 1.36033 1.26645 
0010 0.21454	0.785021 1.01783 1.01377 1.00535 1.18085 1.12094 1.04709 0.852364 1.44002 1.40654 
0011 0.0983607	2.2935 1.18815 1.04217 1.17304 1.14413 1.10235 1.16685 1.01169 1.23604 1.35675 
0012 0.0491803	1.25074 1.01855 0.977435 1.07171 1.08904 0.835557 0.859782 0.755529 1.09072 1.00214 
0013 0.105488	1.58677 1.08527 1.11073 1.01529 1.05275 1.24827 1.17734 1.159 1.0582 1.10698 
0014 0.108339	1.19307 0.984597 0.898544 1.06176 0.899224 1.15577 0.920915 1.30714 0.742851 1.03896 
0015 0.143264	0.543699 0.764475 0.953956 1.01814 0.829102 0.943847 0.707516 0.96556 0.716524 1.02067 
0016 0.0719886	1.31004 1.16379 1.09274 1.11835 1.28903 1.13081 1.38978 0.801878 1.92459 1.57746 
0017 0.208838	0.833793 0.979898 0.908852 1.05003 0.837772 1.01213 0.87387 1.17146 0.798978 1.00259 
0020 0.0993432	1.32264 1.06126 1.13873 0.941502 1.21408 1.03213 1.18858 0.828026 1.39688 1.08282 
0021 0.0706076	1.65634 1.09675 1.05167 1.22092 1.14953 1.07666 1.25806 1.32345 1.10914 1.13318 
0022 0.230706	0.877401 0.918238 1.01823 0.993038 1.20964 0.999145 1.02547 0.988631 1.10028 1.0801 
0023 0.0763547	0.636505 0.935648 0.921354 0.934649 1.15559 0.861963 0.846979 0.68106 1.07973 1.04863 
0024 0.215107	0.944027 0.940081 0.873886 1.16261 0.987438 0.842216 0.87426 1.13184 0.726568 0.911865 
0025 0.0697865	2.10989 1.15323 1.12347 1.13609 1.19802 1.20194 1.17716 1.05354 1.1098 0.940716 
0026 0.0845649	1.34609 1.09182 0.978021 1.15711 1.02683 0.900426 0.94462 1.07976 0.976877 1.09365 
0027 0.15353	0.589419 0.918842 0.937016 0.971344 1.00799 0.915815 0.924046 0.86943 0.833952 0.905218 
0030 0.147457	0.706876 0.851263 0.922477 0.964667 1.00409 0.80986 0.931461 0.77524 1.15104 1.03663 
0031 0.114526	0.860001 0.907587 1.18259 0.929846 1.01917 1.15311 1.10264 0.909689 1.14604 0.996335 
0032 0.216246	1.3354 1.01003 1.03363 1.0601 0.985851 1.00839 1.09017 0.936122 1.04263 0.919668 
0033 0.0944018	1.24857 1.08339 1.17797 1.08826 0.937366 1.01544 1.17283 1.36278 1.02427 1.08307 
0034 0.1427	1.84848 1.0713 1.05406 1.25291 0.985702 1.15711 1.25991 1.30238 0.992229 1.31483 
0035 0.0497622	2.86529 1.31904 1.14461 1.10312 1.20242 1.13406 1.31898 1.11588 1.20689 1.07789 
0036 0.0750091	0.404949 0.789857 0.833475 0.892239 0.877659 0.869264 0.744259 0.910985 0.73483 0.990429 
0037 0.159898	0.874714 0.837391 0.972461 0.930088 0.901914 0.959745 0.893851 1.38947 0.821298 0.851936 
0040 0.0956229	0.995958 0.946971 1.17832 1.0405 1.10595 1.15373 1.24045 0.971433 1.10977 1.08843 
0041 0.110438	0.801834 0.943066 0.914934 0.97188 0.980458 0.821252 0.911738 1.09263 0.752842 0.775927 
0042 0.118519	1.03664 1.04075 0.937035 1.02939 1.01423 0.811549 0.942483 0.991812 0.914136 0.812234 
0043 0.125926	1.83635 1.21968 1.07479 1.09772 1.10057 0.846154 1.16757 1.01411 1.3143 1.07429 
0044 0.148148	0.575395 0.858063 0.859281 0.97291 1.00596 0.7934 0.803127 0.901749 0.913633 1.08614 
0045 0.123906	1.74765 1.18292 1.13343 1.13443 1.28066 0.981685 1.33801 0.980957 1.65823 1.13089 
0046 0.150842	0.729223 0.870504 0.989357 0.836101 0.917197 0.907576 0.906816 1.20625 0.759623 0.954851 
0047 0.126599	1.21795 0.991644 1.05766 1.10115 1.10146 0.824321 1.13252 1.00945 1.09173 1.08227 
0050 0.0916767	0.756584 0.995621 0.964467 0.951084 0.966356 0.879232 0.831923 1.12612 0.694086 0.867192 
0051 0.0639324	1.58227 1.19414 1.02416 1.05555 0.935395 0.844332 1.01535 1.33161 0.678396 0.803397 
0052 0.149578	1.13385 1.2176 1.16068 0.992383 1.13191 1.11197 1.24163 0.937662 1.2429 1.27488 
0053 0.0820265	0.701786 1.0983 1.02515 0.98956 1.17101 0.937094 1.11669 0.93125 1.19936 1.14693 
0054 0.0627262	0.784148 0.909357 1.02253 0.933055 1.03588 1.03974 0.915595 0.910626 1.07642 0.851466 
0055 0.191395	1.7294 1.0537 0.885514 0.94903 1.06527 0.812259 1.00362 0.898403 0.946326 0.983018 
0056 0.215923	0.859888 1.05143 0.916815 0.86932 0.968208 0.723707 0.899312 0.849416 1.0405 0.930176 
0057 0.142742	1.49129 1.25889 1.11589 1.00539 0.904609 1.07992 1.22305 1.25491 0.944526 0.928987 
0060 0.151677	1.62918 1.09311 1.09902 1.03933 1.09371 1.16281 1.10986 1.38399 1.08131 1.04725 
0061 0.0899405	0.752992 0.93576 1.09324 0.899646 1.15415 0.959895 0.976772 0.645378 1.44981 1.19163 
0062 0.169539	0.854517 0.899264 0.990442 0.927292 0.96102 0.982661 0.932169 1.09123 0.93908 0.994396 
0063 0.047634	1.21525 1.04385 1.1935 1.04036 1.02703 1.22537 1.23649 1.13248 1.10243 1.1633 
0064 0.234096	0.941635 0.976241 0.951701 0.85325 1.01806 0.823573 0.835801 0.817367 0.951728 0.908197 
0065 0.0629897	1.04549 0.93238 1.0919 0.944833 1.10484 1.01985 1.08329 0.944537 1.38522 1.06669 
0066 0.0880602	1.55749 0.982037 1.04665 0.964421 0.79762 0.973829 1.00643 1.52479 0.612914 0.804852 
0067 0.156064	1.95624 1.23289 1.06928 1.01058 1.17664 1.04096 1.20184 0.836534 1.39908 0.930984 
0070 0.220333	0.545549 0.732201 0.857887 0.794085 0.852087 0.904689 0.744641 0.947667 0.766108 0.944252 
0071 0.0813309	1.48654 0.997964 1.02626 1.01161 0.914207 1.10727 1.08183 1.1414 1.02228 0.835711 
0072 0.0757856	1.40935 0.947005 0.956546 0.905296 0.906448 0.849215 0.84077 1.08289 0.733091 0.918125 
0073 0.131978	1.45255 1.01259 1.05071 1.051 1.14201 1.10954 1.17616 0.852805 1.39191 0.97081 
0074 0.0802218	1.11111 1.10229 1.02898 0.908812 1.24042 1.15167 1.31382 0.617847 1.78652 1.23387 
0075 0.254344	0.951209 0.952972 1.01933 0.89896 0.960917 1.00922 0.915734 1.02668 0.880843 0.908014 
0076 0.0794824	0.735005 0.949607 1.02167 0.835711 1.09507 1.07315 0.962582 0.88124 1.29321 1.1452 
0077 0.076525	2.47085 1.13914 1.11773 1.06472 1.1142 1.14148 1.17211 1.09022 1.07048 0.808209 
0100 0.0914077	1.18352 1.13446 1.17861 1.14393 1.14664 1.26532 1.35927 1.19432 1.43728 1.29803 
0101 0.17794	0.680967 0.982965 1.06442 1.0279 1.03418 1.01074 1.05762 0.860975 1.26895 1.20549 
0102 0.0840951	1.02671 1.10228 1.05704 1.04803 0.948057 1.05353 1.06858 0.985907 1.00366 1.06541 
0103 0.169409	1.39452 0.999135 1.11382 1.10578 0.930283 1.05199 1.02285 1.34708 0.951685 1.10915 
0104 0.165753	0.638674 0.941548 0.971441 1.0539 0.859921 0.958522 0.800082 1.33218 0.667903 0.873858 
0105 0.0591103	0.637067 0.92562 0.933091 1.05001 1.13076 0.826859 0.869836 0.549469 1.08278 0.962416 
0106 0.0816575	1.36366 1.08193 1.0463 1.09842 1.12017 0.950506 1.15275 0.734882 1.31676 1.02025 
0107 0.170628	0.416869 0.906588 0.956103 0.986171 0.950281 0.881927 0.843027 0.891285 0.947542 1.08728 
0110 0.10105	1.51151 1.14006 0.957272 1.17007 0.978195 1.05444 1.07756 1.19195 0.976273 0.903335 
0111 0.0651794	1.09899 1.08084 1.08613 1.01274 0.864897 1.15869 1.01181 1.16278 0.98655 0.861459 
0112 0.0826772	2.32183 1.27968 1.15913 1.09723 0.955105 1.14165 1.36315 1.5137 1.10325 1.27099 
0113 0.19685	0.642652 0.986134 0.952245 0.966161 1.03633 0.827106 0.8411 0.961073 0.957966 0.914867 
0114 0.0726159	0.590562 0.798642 0.941591 0.983067 0.850346 0.893414 0.710404 1.30127 0.59248 0.930411 
0115 0.257218	1.32664 1.24263 1.06962 1.04882 1.19342 1.05959 1.16299 0.899882 1.30436 1.11076 
0116 0.154418	0.949671 1.07605 1.01719 1.19249 0.951724 1.0108 0.926915 1.31002 0.807186 1.06342 
0117 0.0699913	0.837403 1.02582 0.867212 1.02977 0.941467 0.732442 0.809927 1.03647 0.782055 0.929569 
0120 0.0957113	0.832669 0.938699 0.877863 1.02093 1.13381 0.958833 0.92062 0.747858 1.12365 0.923656 
0121 0.0503835	2.37823 1.40743 1.11247 1.20961 1.25487 1.08875 1.58186 0.87089 1.70326 1.18109 
0122 0.0753138	0.865155 1.03267 0.981117 1.18009 1.06815 1.06377 1.1208 0.965974 1.2971 1.24602 
0123 0.242329	0.873881 0.860606 0.856436 1.02535 0.842008 0.969662 0.841512 1.20792 0.689656 0.971679 
0124 0.164749	0.701427 0.855715 0.936063 1.0609 0.863384 1.0851 0.902885 1.04675 0.857952 1.19512 
0125 0.222455	1.69117 0.990217 0.941807 1.12591 1.08873 1.10255 1.12225 1.23379 1.0037 0.946423 
0126 0.0957113	1.08692 0.907655 0.971867 1.09132 1.2002 1.12223 1.09593 0.754981 1.375 1.18283 
0127 0.0533473	1.48481 1.05511 1.12962 1.12058 1.15868 1.25166 1.27514 0.87667 1.38991 1.19689 
0130 0.0746534	0.679422 0.812521 0.774831 0.8191 0.889464 0.780016 0.753981 0.709513 0.780031 0.865959 
0131 0.0728759	1.2438 0.991371 1.19939 0.999169 0.92739 1.25218 1.25948 0.925139 1.26719 1.03286 
0132 0.0753644	1.01191 1.08744 0.995883 1.00638 1.20649 0.984583 1.17176 0.791361 1.46249 1.02873 
0133 0.225027	0.673943 0.963878 0.983185 1.00051 1.04913 0.962495 1.01071 0.966542 1.03562 1.01297 
0134 0.0490579	0.656309 0.827784 0.889513 0.948032 0.764742 0.937009 0.794172 1.17353 0.584603 0.930119 
0135 0.143263	0.669429 0.852129 0.971432 0.936685 0.873739 0.972661 0.907528 1.12855 0.786781 0.775242 
0136 0.239957	1.32678 0.958524 0.972011 0.958366 1.00898 1.03306 1.09812 0.993703 0.890417 1.01458 
0137 0.119801	1.78186 1.14789 1.12519 1.05487 1.16416 1.05712 1.44134 0.879525 1.48785 1.00745 
0140 0.0974212	1.38199 1.10027 1.00406 1.03206 0.947412 1.12658 1.04426 1.11015 0.973347 0.97891 
0141 0.127712	0.94052 0.961335 0.900738 1.17002 0.932376 0.936469 0.918011 0.904336 0.982777 1.20916 
0142 0.160458	1.24023 1.25872 1.0772 1.12945 1.10122 1.10154 1.20649 0.882271 1.46181 0.996366 
0143 0.122391	2.07344 1.34376 1.04724 1.27695 1.12783 1.20599 1.33034 1.30802 1.32097 0.962609 
0144 0.188702	0.704787 0.893863 0.779272 1.04691 0.732883 0.820515 0.795427 1.30678 0.617976 0.853583 
0145 0.0761359	0.455637 0.890797 0.914943 0.977328 0.81904 0.988751 0.791436 0.889658 0.83898 0.829161 
0146 0.141629	0.676537 0.928962 1.08457 1.02275 0.936964 1.15093 1.04642 1.15638 0.993289 1.05094 
0147 0.0855506	0.501536 0.972775 1.05342 1.03597 1.08286 1.03756 0.99593 0.783455 1.21217 1.0164 
0150 0.0840295	1.46998 1.12537 1.12055 1.17786 1.23868 1.31634 1.35146 0.994539 1.35673 0.933926 
0151 0.276413	0.722042 0.770376 0.876208 0.907479 0.915029 0.872224 0.865041 0.90086 0.88079 0.909907 
0152 0.136118	1.45504 1.07011 1.01408 1.07016 1.03464 1.09835 1.04455 1.1822 0.832629 0.886482 
0153 0.0683047	1.2098 1.13775 1.1399 1.10091 1.08289 1.05342 1.19065 0.736299 1.35625 1.01336 
0154 0.121376	0.801994 0.995811 1.01324 1.03903 1.08042 0.953685 1.02426 0.765119 1.26622 0.946691 
0155 0.165111	0.652966 0.740178 0.896396 1.04134 0.917104 0.938019 0.82504 1.27901 0.70506 0.879474 
0156 0.0727273	0.659656 0.724793 1.07705 0.929988 1.03338 1.15008 0.960705 0.941999 0.992951 1.07694 
0157 0.0759214	2.64621 1.20289 1.09808 1.20243 1.10504 1.22669 1.41158 1.04076 1.29683 1.02259 
0160 0.0987893	0.631903 0.879728 1.08605 0.948214 0.972236 1.12118 1.04783 0.959403 1.10999 0.834547 
0161 0.0774818	0.654427 0.904788 1.00209 1.09912 0.89229 0.920687 0.864036 0.919552 0.996694 0.958987 
0162 0.154479	1.81566 0.996457 1.0575 1.03929 0.953572 1.19056 1.12632 0.925239 1.18778 1.08795 
0163 0.131719	2.11994 1.32761 1.16308 1.29578 1.14679 1.17036 1.42471 0.971746 1.62127 1.2351 
0164 0.131719	0.433521 0.771565 0.95073 0.984099 0.772987 0.988519 0.74134 1.29734 0.650707 0.876358 
0165 0.0794189	0.662521 0.940744 1.03039 0.986208 1.07415 0.980622 1.02151 0.670104 1.35214 0.990664 
0166 0.172397	1.00334 0.996658 1.01027 1.02856 0.8681 0.99382 1.01788 1.69875 0.773525 1.05029 
0167 0.153995	0.874411 0.872369 0.955838 0.905667 0.863755 0.95593 0.91577 0.996769 0.935065 0.935711 
0170 0.0890052	0.668288 0.78375 0.978599 1.01983 0.885022 0.947616 0.834333 1.35373 0.709288 1.07319 
0171 0.198115	0.545993 0.887332 0.989867 1.03916 0.963694 0.936506 0.921869 0.898242 1.00712 1.17179 
0172 0.146387	1.0339 0.997496 0.918861 1.08276 0.984829 0.891285 1.0559 1.14194 0.882697 1.11718 
0173 0.10178	0.487736 0.896061 0.874397 0.871574 0.919781 0.820269 0.734896 0.8305 0.88308 0.791556 
0174 0.114136	0.892807 1.07654 1.0921 1.11154 1.02277 0.99516 1.15246 1.13693 1.06852 1.06303 
0175 0.130471	0.889496 1.10766 1.03704 1.06594 1.21428 0.930037 1.15642 0.844297 1.44736 1.20646 
0176 0.0810471	1.95085 1.49172 1.25808 1.06696 1.21034 1.18331 1.46554 1.0194 1.70055 1.16682 
0177 0.139058	1.42623 1.26651 0.98305 1.06254 1.07269 0.833779 1.14976 0.900414 1.10042 1.17037 
1000 0.119394	0.406433 0.815154 0.782161 0.902676 0.912292 0.840766 0.710435 0.897322 0.835035 0.776706 
1001 0.161818	2.3048 1.34019 1.11808 0.988776 1.10219 1.05584 1.18768 1.02777 1.21196 0.954899 
1002 0.0663636	0.551853 0.852077 0.908384 0.904115 0.855155 0.947275 0.797035 1.31311 0.775794 0.898899 
1003 0.142727	0.74068 1.0563 0.942589 0.839915 1.07585 0.953163 0.898082 0.688232 1.13623 0.908753 
1004 0.0742424	1.73418 1.16415 0.979174 1.10932 0.955816 1.02657 0.927311 1.28071 0.889871 0.774203 
1005 0.146061	1.08667 1.00053 0.876435 1.01025 1.00068 0.947464 0.920192 0.932262 1.01454 1.14509 
1006 0.112727	1.37306 1.15292 1.10565 1.03962 1.23718 1.09849 1.33973 0.835628 1.80883 1.13364 
1007 0.176667	0.96812 0.974087 1.05175 0.973433 1.00521 1.23175 0.928951 0.984957 1.12779 0.989487 
1010 0.100285	0.83223 0.929466 0.819393 1.05825 0.961053 0.887608 0.960679 0.992169 0.859363 0.957281 
1011 0.0874525	0.651149 0.882144 1.06421 0.876739 1.00567 1.23502 1.02893 1.00964 0.92639 0.915204 
1012 0.0655894	0.402273 0.88246 0.945071 0.973976 0.989748 0.921671 0.883008 0.819946 1.02415 0.923111 
1013 0.0730751	0.874649 0.929866 0.885019 0.998689 0.885429 0.932993 0.79925 0.963958 0.807147 0.83224 
1014 0.306797	1.5638 1.04498 1.05257 1.07109 0.961337 1.09399 1.2305 1.0591 1.05602 1.07913 
1015 0.11193	1.27294 1.08761 1.05445 1.0448 1.23012 1.13079 1.24227 0.728357 1.56518 1.1231 
1016 0.0973146	0.757046 1.09365 0.895984 1.01534 1.04114 0.97624 1.01802 0.740921 1.19959 0.855533 
1017 0.157557	0.654141 0.900214 0.937061 1.01266 0.830108 1.06594 0.861998 1.28825 0.642291 0.891258 
1020 0.076843	1.99469 1.17263 1.05375 1.14449 1.16403 1.04592 1.29268 0.923451 1.25694 1.04103 
1021 0.167063	0.951272 0.918727 1.04553 0.983572 0.916252 1.05407 0.99522 1.01822 0.947279 1.03908 
1022 0.206302	0.951865 0.851538 0.847478 1.02362 0.80618 0.845519 0.782635 1.13359 0.683131 0.885256 
1023 0.114596	1.01547 0.945752 1.09469 1.0928 1.14651 0.985278 1.07188 0.79218 1.48107 1.28039 
1024 0.182669	1.12527 0.907309 0.921845 0.99652 0.992021 0.966265 0.971631 0.840624 1.10252 1.001 
1025 0.11192	2.3933 1.07327 0.992588 1.09662 0.972829 1.07499 1.04388 1.26348 0.804702 1.05005 
1026 0.0454816	2.54414 1.23716 1.23787 1.17128 1.08651 1.25793 1.37089 0.872532 1.54303 0.991559 
1027 0.0951249	1.43407 0.979611 1.01363 1.03503 0.915319 1.06509 1.18337 1.18453 0.980935 1.13455 
1030 0.151219	0.999502 0.887666 0.93174 1.03725 0.954133 0.983016 0.904031 1.23407 0.751862 1.04022 
1031 0.196124	1.26208 0.899243 1.00931 0.967339 1.0667 0.946181 1.06175 0.964007 1.04915 1.10702 
1032 0.113798	1.70009 1.06668 1.09602 1.14067 0.973486 1.14686 1.2153 1.37046 0.956841 0.96029 
1033 0.0589138	1.56668 1.22816 1.18045 1.10233 1.0695 1.18962 1.4324 1.10415 1.48447 1.12344 
1034 0.181347	0.64797 0.880138 0.898387 0.850116 0.898889 0.890056 0.81191 0.905268 0.833677 0.891491 
1035 0.0725389	1.08819 0.941415 1.06326 0.978676 1.02305 1.04889 1.18329 1.2455 1.02017 0.95811 
1036 0.0909614	2.49463 1.22709 1.11736 1.16905 1.09807 0.967349 1.26198 0.904234 1.33297 1.03469 
1037 0.135099	0.736426 1.01518 1.0147 0.942601 1.21157 0.972705 1.04658 0.95781 1.33006 0.977184 
1040 0.269948	0.692459 0.869982 0.903221 0.95401 0.857631 0.895303 0.860515 1.00806 0.811966 1.05835 
1041 0.0875347	2.10491 1.45641 1.05881 1.04026 1.06344 1.00851 1.19095 1.17291 1.09811 0.904882 
1042 0.093291	0.816187 1.04292 1.09246 0.939916 0.98715 1.19028 1.02607 0.984995 1.04144 0.94704 
1043 0.176459	1.30957 1.14547 1.05779 0.980208 1.03835 1.0079 1.15584 0.864799 1.1972 1.12598 
1044 0.0984518	1.70159 1.10655 1.20215 0.993783 0.989942 1.14289 1.27767 1.15138 1.27547 1.02551 
1045 0.126439	0.945053 1.01379 0.956731 1.05244 0.815635 1.0394 0.977235 1.3902 0.68113 0.960698 
1046 0.0641127	0.851132 1.00651 1.09701 0.980512 1.01824 1.08943 1.18854 1.09829 1.13359 0.938661 
1047 0.0837634	0.731214 0.956981 0.959542 0.867064 1.11046 0.963883 0.854571 0.704687 1.1534 0.976158 
1050 0.135668	1.12953 1.03316 1.11326 1.01973 0.891676 1.2885 1.08219 1.06829 1.10327 1.01082 
1051 0.241318	1.14866 1.02252 1.03233 1.01417 0.95687 1.02778 1.12411 1.07533 1.1021 1.16395 
1052 0.106239	0.741624 0.784574 0.894736 0.914836 0.844629 0.863061 0.802717 0.944206 0.798844 0.907667 
1053 0.0862272	0.730147 0.931918 1.03999 0.878106 0.87946 1.00817 0.925251 0.955801 0.804077 1.03943 
1054 0.0629782	1.07697 0.812926 0.955846 0.88727 0.795208 0.957916 0.765023 1.25079 0.71982 0.961446 
1055 0.0791642	0.482967 0.979899 0.998287 0.875693 0.922937 0.946088 0.888296 0.968389 0.756887 0.74784 
1056 0.210712	1.30142 1.01004 1.08795 0.924442 1.05905 1.05396 1.15379 0.75709 1.52431 1.1487 
1057 0.0776928	1.38791 0.958475 1.10339 1.05189 0.851905 1.15296 1.00808 1.51907 0.883451 1.13475 
1060 0.113494	0.559893 0.8234 1.01898 0.933042 1.0029 1.08636 0.996239 0.874363 1.15386 1.16837 
1061 0.0838804	0.8506 0.850508 0.893875 0.879499 0.813964 1.05447 0.783107 1.38838 0.623739 0.831578 
1062 0.175055	2.18717 1.3046 1.04385 1.13072 1.11812 1.1352 1.17726 1.14884 1.05523 0.99086 
1063 0.11291	0.692427 0.995146 0.932079 0.982089 0.946923 1.01566 0.851675 0.975411 0.807171 0.888805 
1064 0.078337	0.518338 0.75225 0.904473 0.849583 1.00501 0.877097 0.807238 0.7051 1.02551 1.10093 
1065 0.217943	0.999634 0.956044 0.956457 1.02146 0.955186 0.827816 0.927172 0.933818 0.89921 1.06632 
1066 0.139023	1.41366 1.07571 1.04346 1.06934 1.22703 1.16149 1.21431 0.80561 1.54735 1.43552 
1067 0.0793581	1.14518 0.987256 0.965529 0.962727 1.04868 0.977402 0.9563 0.774702 1.17363 1.04592 
1070 0.088241	0.616968 0.989995 0.958115 0.837159 0.971225 0.98335 0.893839 0.72981 1.18208 1.12251 
1071 0.051849	1.09584 1.17885 0.891776 0.889033 1.0255 0.910971 0.883957 0.887782 1.00943 1.14373 
1072 0.154569	1.50747 1.10622 0.979452 0.97358 0.947275 1.06244 0.925723 1.33952 0.778709 0.931521 
1073 0.148112	0.649015 1.03024 0.864943 0.899075 0.952601 0.998641 0.749847 1.05182 0.752637 0.857905 
1074 0.083741	0.611123 0.929001 0.949369 0.874394 0.980164 0.884874 0.846041 0.903461 1.07334 1.22247 
1075 0.0811974	0.802379 0.931686 1.03258 1.01787 0.943882 1.04187 0.928709 1.3853 0.780168 1.18497 
1076 0.2207	0.980321 1.04151 1.06649 1.05754 1.18234 1.06804 1.12439 0.969412 1.2552 1.11067 
1077 0.171591	1.91964 1.27997 1.10011 0.935897 1.18691 1.03383 1.20476 0.909819 1.35141 1.17523 
1100 0.11165	1.12216 0.807222 0.926102 1.03771 0.84093 0.992217 0.977507 1.35668 0.78875 1.1941 
1101 0.122977	1.7116 1.14528 1.14016 0.924768 1.29805 1.03761 1.18137 0.614557 1.72515 1.12544 
1102 0.0606796	1.13709 1.07547 1.16683 1.00933 1.15436 1.16084 1.21876 0.914446 1.34416 0.992573 
1103 0.156958	0.599005 0.799535 0.909032 0.83386 0.848085 0.792304 0.775769 0.925397 0.827606 0.900123 
1104 0.0453074	2.55579 1.24629 1.08358 1.08713 1.01401 1.11512 1.05643 1.01863 0.978056 1.18517 
1105 0.22411	1.09836 0.959714 1.06403 1.06552 1.02238 1.10529 1.14645 1.04449 1.11383 1.13387 
1106 0.0865696	1.35178 1.18516 0.978419 1.08147 1.26692 0.974872 1.12529 0.656665 1.19962 1.04633 
1107 0.191748	0.788353 0.916831 0.898598 0.932128 1.0019 0.85521 0.910816 0.710672 1.06379 1.09529 
1110 0.155785	0.979653 0.884417 1.08002 1.07434 0.982446 1.17433 1.16927 1.50138 1.22109 1.1641 
1111 0.10882	0.573815 0.728419 0.943022 0.912433 0.889922 0.937684 0.793226 1.30467 0.647783 1.01426 
1112 0.0801833	1.31249 0.917236 0.878426 0.988867 1.01781 0.905392 0.949043 1.13195 0.824206 0.873177 
1113 0.221077	0.810551 1.01714 0.989362 0.987669 0.950633 0.914053 0.981863 1.0599 1.03313 0.943143 
1114 0.0859107	1.23238 1.09669 1.0151 1.14804 0.971682 0.997872 1.01387 1.38142 0.90932 0.811343 
1115 0.187858	1.89446 1.17023 1.01289 1.14195 1.05778 1.00208 1.22553 1.71537 1.09662 1.1832 
1116 0.0595647	1.74599 1.17069 1.10924 0.997655 1.31899 1.1392 1.27414 0.724459 1.6112 1.12952 
1117 0.100802	0.794857 0.976631 1.01457 0.986318 0.888435 1.08085 0.937406 1.05211 0.784086 0.788009 
1120 0.211152	0.929243 0.980632 0.987919 0.960514 0.79058 0.928412 0.889493 1.12249 0.741991 0.974649 
1121 0.19287	1.80915 1.31488 1.02331 1.01884 1.00828 1.01751 1.13815 0.973941 1.04364 0.995544 
1122 0.120658	1.3059 1.08768 1.11719 0.914068 0.944163 0.935778 1.25576 0.88228 1.30492 1.17016 
1123 0.140768	0.846315 1.02137 1.01904 0.961817 0.901569 0.932518 0.910329 0.898143 0.984548 1.02177 
1124 0.0758684	0.668816 0.940951 0.883097 0.813523 0.903984 0.809957 0.767395 0.713295 0.837365 1.07322 
1125 0.0731261	1.03658 1.00141 0.947442 0.868418 0.907934 0.948799 0.996119 0.669975 1.27442 0.958401 
1126 0.0968921	1.00486 1.02055 1.04388 0.934613 0.900321 1.25971 1.12145 1.06934 1.06546 1.14946 
1127 0.0886654	0.831201 0.945469 1.06805 0.85637 0.919137 1.08693 0.990428 0.813194 1.10476 1.15188 
1130 0.156889	0.740206 0.780952 0.935209 0.848491 1.12195 0.98765 0.932352 0.809013 1.25621 1.11934 
1131 0.104366	0.351742 0.756842 0.757899 0.847552 0.915154 0.914615 0.683047 0.975564 0.645822 0.889813 
1132 0.11869	0.946062 0.950874 0.878612 0.995474 1.10739 0.99335 0.93253 1.17693 0.88808 1.22592 
1133 0.15382	1.45805 1.06985 1.1165 1.02969 0.925773 1.14265 1.08702 1.21015 0.948596 1.02922 
1134 0.187585	0.604229 0.825752 0.924691 0.924113 0.90075 1.0712 0.80254 1.08767 0.837963 0.935855 
1135 0.10266	0.671666 0.955664 1.05581 1.04496 1.00457 1.15333 1.03967 1.13852 1.01455 1.06229 
1136 0.074352	1.51695 1.08916 1.16676 1.15243 1.07962 1.27954 1.41685 1.27205 1.32543 1.32739 
1137 0.101637	1.83681 1.34024 0.92879 1.15233 1.23594 1.03073 1.1843 0.987599 1.36302 0.96567 
1140 0.132826	0.426727 0.829036 0.904877 1.08376 0.824205 0.913435 0.86322 1.10263 0.641058 0.909473 
1141 0.0761421	0.645985 0.932953 1.04029 0.996242 1.02915 1.06041 1.11746 0.786124 1.24529 1.09366 
1142 0.110829	0.829121 0.910322 1.07409 1.13592 0.847264 1.12744 1.17778 1.17047 0.867241 0.99983 
1143 0.0634518	1.33911 0.953035 0.958686 0.999613 0.86264 0.807562 1.01101 0.88472 0.890069 0.80865 
1144 0.296108	1.56642 1.34348 1.23645 1.06999 1.08874 1.0495 1.43614 0.894482 1.34825 0.890666 
1145 0.0862944	1.4935 1.06732 1.0541 1.13411 0.701743 1.11884 0.966881 1.51629 0.60272 0.590017 
1146 0.07022	1.00154 0.875377 0.972487 0.897232 0.822943 1.01519 1.00399 0.823236 0.913768 0.788611 
1147 0.164129	0.785853 0.946856 1.02808 1.09207 0.790311 0.974953 0.940703 1.06336 0.789858 0.84581 
1150 0.18612	0.683132 0.927168 0.939545 0.973844 0.926212 1.00932 0.859712 1.07936 0.805717 0.915365 
1151 0.164038	1.67432 1.28666 1.03878 1.16671 0.980572 1.05244 1.24467 1.1461 0.999774 1.04942 
1152 0.0541535	1.55686 1.29957 1.13117 1.20337 1.15913 1.15731 1.46132 0.863718 1.74985 1.06651 
1153 0.0715037	0.408739 0.822582 0.840273 0.840486 0.921456 0.810453 0.651667 0.780087 0.852827 0.778108 
1154 0.118297	1.03457 1.26291 0.9865 1.08522 1.18518 0.897974 1.10285 0.903484 1.27055 1.08318 
1155 0.201893	0.732563 0.933956 1.06279 0.974105 0.899944 1.16066 1.01742 1.10393 0.984062 1.0597 
1156 0.086225	0.404484 0.876968 0.922821 0.975221 0.86589 0.93951 0.815901 0.922969 0.7632 0.944801 
1157 0.117771	0.60872 0.944234 1.15033 0.97768 0.961308 1.05517 1.08432 0.836791 1.38162 1.02018 
1160 0.0950103	1.68494 1.07854 0.959285 1.10032 1.00133 0.969327 1.07821 1.20071 0.972682 0.887041 
1161 0.21121	0.981751 1.0285 0.989171 0.938505 0.965125 0.857765 0.961487 0.948156 0.980567 1.0495 
1162 0.118934	1.57323 1.21583 1.17079 1.20257 1.30351 1.18291 1.27345 0.961714 1.40568 1.09203 
1163 0.100478	0.97815 1.05069 0.949678 1.05915 1.17861 0.893896 1.03178 0.795954 1.34817 1.01885 
1164 0.0539986	0.907328 0.843898 1.16789 1.00507 1.06447 1.30601 1.06658 0.885061 1.26082 1.03187 
1165 0.13944	0.862107 0.940853 1.00528 1.17093 0.996908 1.07398 0.979294 1.21968 0.831033 0.835608 
1166 0.121668	0.472256 0.756117 1.0748 1.02549 1.00365 1.18531 0.942115 0.864694 1.02179 1.14962 
1167 0.159262	0.644717 0.9982 0.892176 1.09526 0.924337 0.894365 0.76872 1.06408 0.700685 0.786389 
1170 0.188563	0.662715 0.883921 0.936451 0.914345 0.951304 0.883915 0.992394 1.08378 0.883928 0.952019 
1171 0.140649	0.60245 0.95117 1.06246 0.878347 1.09196 0.954522 0.892635 0.714035 1.2624 0.913849 
1172 0.15456	1.91677 1.16126 1.06786 0.945794 1.02396 1.15011 1.26648 0.90582 1.11387 1.06293 
1173 0.117465	1.45753 1.26079 1.23694 1.00027 1.21808 0.816637 1.30804 0.885177 1.64421 1.20632 
1174 0.0880989	0.939851 0.880324 0.88612 0.881269 0.900775 0.768556 0.813009 1.48312 0.63117 0.703577 
1175 0.0695518	1.39914 1.03275 1.20323 1.01086 1.01275 1.1773 1.21032 1.2855 1.03985 1.01426 
1176 0.117465	0.402712 0.706972 0.958952 0.949711 0.896584 0.915695 0.830041 0.99395 0.883698 0.981414 
1177 0.123648	1.21498 1.14106 0.967338 1.06675 1.02331 0.860199 0.974125 1.19774 1.00099 0.972921 
BOUNDS
LWPS R    0.0  0.0  0.0  0.0  0.0  0.0  0.0  0.0  0.0  0.0
UWPS R    0.5  0.5  0.5  0.5  0.5  0.5  0.5  0.5  0.5  0.5
LXAS R   -0.5 -0.5 -0.5 -0.5 -0.5 -0.5 -0.5 -0.5 -0.5 -0.5
UXAS R    0.5  0.5  0.5  0.5  0.5  0.5  0.5  0.5  0.5  0.5
END
