NAME moment_estimation_cluster
ASSETS 10
BENCHMARKS 0.1 0.1 0.1 0.1 0.1 0.1 0.1 0.1 0.1 0.1 
COVARIANCES
0 0 0.00882435
1 0 0.00241701
1 1 0.00395956
2 0 -0.00152703
2 1 0.00188653
2 2 0.00312129
3 0 0.00586391
3 1 0.00260557
3 2 -0.000447321
3 3 0.0059217
4 0 0.00580934
4 1 0.00202104
4 2 -0.000709317
4 3 0.00457836
4 4 0.0048373
5 0 0.00418408
5 1 0.00266959
5 2 -0.00027306
5 3 0.00334385
5 4 0.00324378
5 5 0.00525619
6 0 -2.53006e-05
6 1 -0.000322966
6 2 0.000478632
6 3 0.000267586
6 4 0.000473844
6 5 -0.000929256
6 6 0.00118918
7 0 0.00352231
7 1 -0.00098122
7 2 -0.00188697
7 3 0.00260388
7 4 0.00296302
7 5 7.55712e-05
7 6 0.00124663
7 7 0.00534775
8 0 0.00262452
8 1 0.0017122
8 2 -0.000570369
8 3 0.00238332
8 4 0.00186537
8 5 0.0030319
8 6 -0.000706058
8 7 0.000590022
8 8 0.00274585
9 0 0.00297025
9 1 -2.54955e-05
9 2 -0.00148744
9 3 0.00200136
9 4 0.00211322
9 5 0.00179597
9 6 -8.32763e-05
9 7 0.0019706
9 8 0.00122522
9 9 0.00171742
SCENARIOS
0 0.43889	1.07936 1.03223 1.00114 1.0804 1.06351 1.02105 0.995714 1.04188 1.01589 1.02691 
1 0.56111	0.963179 0.980287 1.01007 0.959135 0.960082 0.986509 1.00834 0.990044 0.98634 0.981323 
00 0.739115	0.964522 0.993695 0.996147 0.968381 0.972453 1.0152 1.01753 0.955415 1.00721 0.977137 
01 0.260885	1.1249 1.04502 0.960109 1.11725 1.11827 1.14779 1.0016 1.09093 1.07909 1.06668 
10 0.468589	0.959496 0.959905 0.981343 0.936412 0.940783 0.933332 0.984318 0.951411 0.939098 0.97946 
11 0.531411	1.05573 1.03896 0.990745 1.06558 1.06035 1.05752 0.987113 0.9865 1.01759 1.02519 
000 0.1681	1.08454 1.09743 1.06201 1.13425 1.08743 1.05037 1.01166 0.967325 1.03594 0.997842 
001 0.0540707	0.943613 1.11792 1.09402 1.00582 0.980391 1.06412 0.968841 0.907398 1.04119 0.971061 
002 0.145196	0.990733 0.941842 0.940519 0.968089 0.995812 0.959629 1.00019 1.13839 0.961455 1.03207 
003 0.153396	0.847379 0.928885 1.00282 0.861133 0.869482 0.886454 0.978459 0.995527 0.970865 0.952993 
004 0.148063	1.16569 0.930228 0.910376 1.05541 1.09735 1.09681 0.965011 1.15498 1.06488 1.09991 
005 0.102223	0.872057 1.03924 1.11255 0.958158 0.924088 0.901384 1.01017 0.940945 0.91366 0.927087 
006 0.0754339	0.982393 1.03307 1.02844 0.924105 0.994369 1.04453 0.999872 0.949388 0.999088 0.98851 
007 0.153519	1.00596 1.02866 1.01602 1.04914 1.02915 1.04907 1.00614 1.02119 1.02057 1.02511 
010 0.115895	0.909304 0.994536 1.1149 0.895157 0.925066 0.934708 1.02054 0.878701 0.953549 0.910916 
011 0.150044	0.883882 0.934493 0.960856 0.93828 0.890418 0.918044 0.991777 0.970617 1.0262 0.951344 
012 0.110568	1.10866 1.08307 1.05639 1.03652 1.04721 0.985344 1.02118 0.983336 0.940187 0.980142 
013 0.0871616	0.96336 0.870414 0.915158 0.90999 0.932941 0.873175 0.985491 1.02823 0.897028 1.01174 
014 0.25083	1.10514 0.954878 0.92621 1.01459 1.02148 0.976709 0.999008 0.981587 0.984217 1.01901 
015 0.0670742	1.17946 1.00474 0.95222 1.12256 1.0761 1.01907 0.965848 1.00147 1.01721 1.0528 
016 0.0670742	1.21932 1.08829 0.993165 1.17896 1.1508 1.08897 1.02801 1.09838 1.04098 1.03475 
017 0.151354	1.01167 1.08741 1.06591 1.08875 0.993375 0.984099 1.02177 0.897302 0.986185 0.964317 
100 0.12064	0.924112 0.953893 1.02501 0.967644 1.00073 0.930315 1.04593 1.06353 0.975506 0.991611 
101 0.162629	0.987908 1.08386 1.0627 1.06926 1.06875 1.07893 1.01484 1.01403 1.07685 0.999648 
102 0.104971	0.923711 1.10783 1.174 0.961017 0.978326 0.986746 1.04547 0.973953 1.01179 0.931698 
103 0.103259	1.02966 0.992505 0.958917 1.09039 1.05043 1.01442 0.991599 1.01471 1.07027 1.02627 
104 0.0730613	1.11697 1.07594 0.992973 1.1771 1.14552 1.0022 1.03538 1.10335 1.04635 1.05649 
105 0.206253	0.84085 0.956104 1.03617 0.881776 0.886874 0.876174 0.965494 0.92417 0.969245 0.921744 
106 0.146351	0.946141 0.9588 0.924967 0.969942 0.992717 1.07996 0.938362 0.946076 1.04601 1.04468 
107 0.0828357	1.12285 0.937411 0.858394 1.03866 1.11674 1.08439 0.981575 1.18705 1.08723 1.09064 
110 0.0990677	0.971918 1.10577 1.11317 0.975584 0.941375 0.977469 0.949883 0.890926 1.04436 0.952886 
111 0.0841438	1.11822 1.01048 0.95435 1.12443 1.05594 1.07873 0.983878 1.04613 1.06874 1.06453 
112 0.0596955	1.33916 1.06016 0.926207 1.19618 1.21084 1.05499 0.978053 1.24807 1.08296 1.09792 
113 0.189013	0.957185 0.970339 0.994762 0.975765 0.959313 0.944393 0.999815 1.05454 1.00637 0.992909 
114 0.1923	1.10192 1.00511 0.944916 1.06099 1.06755 0.971395 1.02882 1.13634 1.00792 1.05122 
115 0.113287	1.0234 0.874038 0.933163 0.933497 0.995014 0.929844 1.03384 1.04515 0.93978 1.04229 
116 0.125897	1.06805 1.11452 1.09381 1.05706 1.05538 1.01592 1.02444 1.01239 1.02188 0.981748 
117 0.136595	0.87784 0.927884 1.03181 0.872348 0.908767 0.880819 1.01563 0.967764 0.995629 0.953203 
0000 0.0693196	1.19349 1.08955 1.04319 1.06507 1.16368 1.10772 1.01054 1.15348 0.99235 1.05656 
0001 0.0828902	1.20199 1.07004 1.00956 1.14419 1.13863 1.15285 0.977216 1.18185 1.10885 1.10759 
0002 0.230149	0.993829 0.970975 0.98281 0.983458 0.987301 0.952242 1.05806 1.13577 0.988037 1.05239 
0003 0.287181	0.916145 0.968608 1.06168 0.921318 0.908352 0.868056 1.0517 1.09149 0.917698 0.950777 
0004 0.0795892	0.982825 1.14832 1.08334 1.05086 1.0006 1.04178 0.969798 0.950884 1.01059 0.996261 
0005 0.122135	1.14082 0.976756 0.928459 1.09905 1.0226 1.00509 0.9378 1.08661 0.990642 1.06318 
0006 0.0654685	1.10528 1.05761 1.00149 0.997543 1.05732 1.15727 0.980862 0.996301 1.05267 1.06986 
0007 0.0632679	1.34742 1.0866 0.983919 1.21803 1.14952 1.07806 0.955347 1.07373 1.06979 1.07694 
0010 0.179019	0.898721 0.920868 1.00371 0.917982 0.936558 0.952533 1.0069 1.00185 0.930139 1.0282 
0011 0.0587229	0.847157 0.959372 1.09153 0.863423 0.865348 0.919052 1.01754 0.880706 0.935803 0.91892 
0012 0.0649943	0.937323 1.06624 1.04468 0.998614 0.940424 1.0549 0.897571 0.93165 1.02821 0.944828 
0013 0.0758267	1.12412 0.955487 0.996256 1.1619 1.11489 1.16319 0.973105 1.0758 1.12264 1.07644 
0014 0.0997719	1.12786 1.04862 0.974811 1.0222 1.0647 1.10622 0.998995 1.07814 1.09867 1.05312 
0015 0.124287	1.19142 1.05466 0.947009 1.10173 1.07692 1.0902 0.960406 0.961321 1.06104 1.06352 
0016 0.193843	0.98062 1.01492 1.06785 1.02705 0.996686 1.03369 1.00434 1.02546 1.02638 0.979909 
0017 0.203535	0.978839 0.905033 0.919127 0.968673 0.943021 1.03706 0.943049 0.949734 0.999759 1.02889 
0020 0.0562633	1.04624 1.11238 1.11899 1.11521 1.10713 1.12485 1.06176 0.910904 1.09301 0.989538 
0021 0.139703	0.948403 1.00304 1.04603 0.947093 0.919256 0.95377 1.02883 0.886587 0.974356 0.96 
0022 0.156051	1.07615 0.960415 0.974132 1.03848 1.06004 0.972759 1.01909 1.1046 1.0421 1.02739 
0023 0.121231	1.0779 1.058 1.13151 1.02274 1.02873 1.00285 1.03544 0.938847 1.00133 0.970746 
0024 0.12017	1.00511 0.855476 0.968056 0.900878 0.951179 0.849449 1.00716 1.01563 0.97151 0.984596 
0025 0.145435	0.99506 0.998557 0.992233 1.04319 0.955556 1.00703 0.948146 0.85582 1.01395 0.987092 
0026 0.14586	1.15683 1.03435 1.0022 1.14094 1.099 1.05813 1.01819 1.02867 1.10773 1.02076 
0027 0.115287	0.962363 1.00967 0.954283 0.948722 0.963661 1.07276 0.959404 0.803743 1.0225 0.996003 
0030 0.0844051	1.06903 1.11924 1.02032 1.17658 1.08427 1.2029 0.995702 0.920952 1.06705 1.03057 
0031 0.214027	1.15193 0.985307 0.905338 1.09366 1.08959 1.06736 0.976941 0.940317 0.980101 1.05849 
0032 0.096463	0.943302 0.980559 1.0168 0.910257 0.965754 0.933954 1.03698 0.952282 0.887663 0.9469 
0033 0.228899	1.03648 1.00478 0.998833 0.98273 1.00877 1.00575 0.975575 0.933313 0.951485 0.985723 
0034 0.0956592	1.07109 0.87718 0.906176 0.972131 0.994792 0.990757 1.01019 0.984015 0.978437 1.07336 
0035 0.0846061	0.868837 0.950191 1.0197 0.904861 0.875427 0.965301 0.906083 0.808138 0.915977 0.960822 
0036 0.138666	0.950794 1.12671 1.09648 1.05425 1.00956 1.02274 0.976351 0.882741 1.02383 0.96383 
0037 0.0572749	0.835132 1.05318 1.10233 0.864187 0.912937 1.09914 1.01166 0.735227 0.958634 0.926884 
0040 0.242349	0.900659 1.08802 1.00608 0.946497 0.942766 0.954915 1.02283 0.933214 0.987152 0.962023 
0041 0.0691235	0.881954 0.952259 0.990187 0.810486 0.880746 0.843744 1.03395 0.977562 0.858078 0.96195 
0042 0.0945243	1.25078 1.18965 1.04484 1.15792 1.16946 1.10505 1.03949 0.993515 1.0203 1.02992 
0043 0.134499	0.991387 0.955896 0.950912 0.972264 0.994286 0.919529 1.03272 1.03279 0.940349 0.981551 
0044 0.138039	1.05622 1.11069 0.983311 1.09384 1.06301 1.06889 0.977572 0.960535 1.04881 1.0163 
0045 0.0495524	0.839318 0.957226 0.881269 0.898732 0.87685 0.999275 0.930099 0.920345 1.00558 1.00525 
0046 0.0959817	1.01835 1.00854 0.937963 1.06995 1.0426 0.941285 1.02876 1.07581 0.949722 1.0411 
0047 0.175932	1.01453 1.08193 0.950215 0.996951 1.01918 1.05915 0.988375 0.984967 1.00274 1.04619 
0050 0.141737	1.10212 0.968654 0.984548 1.01181 1.10976 0.954997 1.04808 1.12615 0.964182 1.03385 
0051 0.218335	0.938138 1.01221 1.05164 0.96308 0.991885 1.07857 1.01032 0.976967 1.0877 1.034 
0052 0.185464	1.03388 0.909982 0.96958 0.950062 1.01207 0.948844 1.02638 1.02082 0.912889 1.0031 
0053 0.0678528	0.984008 0.907234 0.907846 1.058 1.00562 1.03595 1.00456 1.12166 1.08912 1.04039 
0054 0.104644	1.11286 0.950665 0.913132 1.12401 1.10086 1.09611 1.03622 1.10718 1.09285 1.071 
0055 0.0633293	0.906209 0.916244 0.948549 0.994806 0.930283 0.973527 0.993154 0.977337 0.956619 1.01906 
0056 0.123945	0.93202 0.948147 1.04038 0.867894 0.90189 0.99301 0.980936 0.938792 0.993614 0.971271 
0057 0.0946924	1.13248 1.10956 1.09101 1.10319 1.02872 1.06479 0.983674 1.00129 1.09603 1.02292 
0060 0.0866367	1.27997 1.07971 1.07112 1.14825 1.1941 1.11987 1.01318 1.12573 1.05959 1.08312 
0061 0.174091	1.06296 0.937354 1.02463 0.95942 0.996722 0.931688 1.02778 1.09026 0.898616 1.02647 
0062 0.195341	1.08993 0.92564 0.951557 1.0686 1.08265 1.02208 0.964155 1.15068 1.0029 1.04664 
0063 0.0956273	0.958426 1.02676 1.0333 1.03744 0.985168 0.947649 0.951667 1.0487 1.04929 1.03096 
0064 0.0568043	0.990305 1.11132 1.15361 0.992525 0.999007 1.02208 0.965941 0.94216 0.981468 0.944731 
0065 0.125868	1.14764 1.0899 1.09888 1.06402 1.0885 0.933439 1.00315 0.996662 0.970132 0.976162 
0066 0.161831	0.859468 0.9137 0.966543 0.90562 0.943403 0.927727 0.980409 0.983877 0.900116 1.00999 
0067 0.103801	1.02558 0.984917 1.00559 0.945548 0.937406 0.943993 0.939389 0.933245 1.00116 0.963417 
0070 0.205221	1.07898 1.09872 1.01197 1.05069 1.04315 1.08828 0.950475 0.944709 0.998188 1.0033 
0071 0.0919679	1.14423 1.04858 0.938489 1.12283 1.08198 1.08758 0.937051 1.06588 1.07119 1.0698 
0072 0.0863454	1.15578 1.02976 0.989734 1.01055 1.10402 0.954098 1.0062 1.05052 0.933881 1.02805 
0073 0.197992	1.00449 1.0356 0.97703 0.974672 0.977804 0.964536 0.937256 0.964667 1.01812 0.981226 
0074 0.150402	0.98628 1.07797 1.09119 0.972869 0.973441 0.91144 0.999332 1.04344 0.913703 0.961491 
0075 0.0580321	1.26211 1.09018 0.994089 1.15054 1.16468 1.15088 0.954204 1.03028 1.04066 1.06716 
0076 0.124096	0.939983 0.892147 0.969686 0.950174 0.937506 0.892321 0.969926 0.991918 0.953805 0.983767 
0077 0.0859438	0.989426 0.983 1.01831 0.911457 0.856717 0.833493 0.983971 0.884654 0.973135 0.921483 
0100 0.208742	1.06457 1.03687 0.960104 1.00584 1.0313 1.04857 0.936532 1.05289 1.06387 1.04354 
0101 0.117558	0.904236 0.923608 0.939311 0.874477 0.920986 0.938901 0.977564 0.960723 0.940989 1.02046 
0102 0.0700829	1.24781 1.06355 0.982949 1.17157 1.12598 1.04835 1.01157 1.15042 1.00988 1.06309 
0103 0.0580256	1.05275 1.19151 1.09319 1.07448 1.01945 0.997454 0.937152 0.901514 1.05129 0.963223 
0104 0.227581	0.884945 0.950826 0.95429 0.974384 0.978026 0.852396 1.04286 1.03729 0.899638 1.02065 
0105 0.144687	1.16038 1.01491 0.939514 1.08424 1.0759 0.942793 1.01836 1.05896 0.960025 1.06504 
0106 0.0482291	1.1027 1.09738 0.95736 1.18864 1.08658 1.05855 0.983669 1.06314 1.10453 1.05945 
0107 0.125094	0.897491 0.989872 1.08158 0.959146 0.893454 0.94039 1.00255 1.00295 0.932691 0.999198 
0110 0.0628638	1.11717 0.938517 0.91578 0.997671 1.05187 1.06326 0.969859 0.991167 1.00287 1.06934 
0111 0.146682	1.28903 1.08006 0.992477 1.15411 1.10051 1.08077 0.88965 0.936629 1.0064 1.06244 
0112 0.141444	1.0903 0.971237 0.977521 0.967032 0.997852 1.01098 0.974916 0.88559 0.951622 1.01072 
0113 0.234575	0.911474 0.991778 1.01331 0.922096 0.928351 1.03388 1.00481 0.888503 0.95054 0.998519 
0114 0.0756694	0.868434 0.890507 0.927683 0.827079 0.910776 0.934572 0.934164 0.949016 0.891274 0.992428 
0115 0.0774156	1.01733 1.05945 1.14133 1.03173 0.991412 0.929661 1.11279 0.929785 0.889414 0.965538 
0116 0.200233	1.09836 1.11681 1.0454 1.06419 1.03633 1.03945 0.958447 0.946966 1.03346 1.0274 
0117 0.0611176	1.113 1.02011 1.07084 1.02443 1.03803 0.947758 1.01211 0.967334 0.875538 0.985681 
0120 0.156398	1.103 0.983227 0.936598 1.08104 1.10187 1.02044 1.04173 1.07633 1.05195 1.08606 
0121 0.0908373	1.16237 0.987121 1.02194 1.09661 1.15172 1.12047 1.04487 1.07436 1.06345 1.04389 
0122 0.0892575	0.990317 0.957735 1.0602 1.02645 1.00476 0.881517 1.06811 1.01197 0.974295 1.0117 
0123 0.0821485	1.07476 1.08457 1.03959 1.10199 1.02821 1.07728 0.977061 1.01458 1.09237 0.996264 
0124 0.0955766	0.935648 0.984772 1.03476 0.860162 0.890103 0.883951 0.975323 0.926384 0.983211 0.907788 
0125 0.206951	0.986382 1.06957 1.06458 0.968471 0.97737 1.08818 0.965582 0.846156 1.08194 1.00146 
0126 0.21169	0.858645 0.96896 0.994402 0.945622 0.985881 0.928163 1.03686 1.04865 0.985112 0.968213 
0127 0.0671406	1.024 1.13458 1.10128 1.00492 1.0881 1.08492 1.00036 1.02153 1.08949 0.975814 
0130 0.0731463	1.10681 0.978159 0.904041 0.955732 1.04383 1.14081 1.00303 0.929501 1.14895 1.03851 
0131 0.0541082	1.12105 0.916442 0.901137 1.10177 1.13565 1.08511 1.07872 1.19147 1.0615 1.08891 
0132 0.199399	0.974035 0.959633 0.969488 1.02293 0.988261 0.975101 1.00259 1.0804 0.99104 0.963057 
0133 0.157315	0.834201 0.938772 0.957385 0.858881 0.911865 0.866952 1.00678 0.940475 0.975108 0.954576 
0134 0.0621242	1.17437 1.06524 1.00711 1.08247 1.11075 1.1834 0.964576 0.972716 1.13775 1.02141 
0135 0.195391	1.03972 1.0326 1.00711 1.10767 1.09357 1.02378 1.09581 1.01057 0.965387 1.00438 
0136 0.0871743	1.02153 1.13581 1.07797 1.03489 1.04514 1.07602 1.04553 0.953016 1.1165 0.945277 
0137 0.171343	1.06507 0.969058 0.996208 0.961704 1.01704 1.04101 1.03215 0.991996 1.01432 1.00858 
0140 0.113162	1.13625 1.03969 1.01191 1.12214 1.14888 1.11412 1.08931 1.14192 1.01722 1.09022 
0141 0.142409	0.9583 1.01215 1.04387 1.01987 0.951374 0.985952 1.05163 1.13691 1.01531 0.976115 
0142 0.170265	1.04942 0.989262 1.03275 0.972692 1.03347 0.959253 1.06499 1.08418 0.974636 1.00352 
0143 0.252437	0.840625 0.974748 1.05283 0.903945 0.933907 0.923416 1.03765 1.02801 0.906727 0.975626 
0144 0.0574513	1.09127 1.08788 1.05316 1.01202 1.07506 0.969864 1.0632 1.10372 1.00457 1.00256 
0145 0.0727716	1.04078 1.05727 1.02611 1.09357 1.05396 1.00399 0.990748 0.998435 1.0262 0.982709 
0146 0.0745125	0.973112 1.10442 1.12485 0.976459 0.983803 1.08307 0.990447 0.975029 1.06155 1.01937 
0147 0.116992	1.00542 0.99175 0.927107 1.04319 1.02213 1.08017 0.92861 1.09855 1.0734 1.0771 
0150 0.201823	0.942977 1.00209 1.04142 1.03028 0.971762 0.926497 1.01083 0.986621 1.04856 0.947149 
0151 0.0690104	0.95655 1.0657 1.00865 0.939004 0.969779 0.915558 0.968217 0.927512 0.966972 0.948945 
0152 0.0989583	1.00744 0.967951 0.996294 0.92875 0.977982 1.04356 1.0114 0.934195 1.04338 1.01599 
0153 0.199219	1.04763 1.08977 1.00224 1.08753 1.03741 1.02173 1.00329 1.0886 1.10301 1.03631 
0154 0.0494792	0.815496 0.934294 1.03194 0.894527 0.905867 0.865735 1.01957 0.971873 0.96203 0.908776 
0155 0.148438	1.00656 0.928064 0.951181 0.978988 1.0221 0.98371 1.08106 1.1002 0.972948 1.05965 
0156 0.0742188	0.849497 0.874111 0.985204 0.887341 0.905374 0.980236 1.05832 0.967808 1.01087 0.968191 
0157 0.158854	1.14272 1.02556 0.991277 1.13491 1.11829 1.11427 1.07355 1.12793 1.0494 1.06594 
0160 0.115885	1.02429 0.999177 0.995036 0.929331 0.999854 0.961989 1.0083 1.00663 1.01896 0.992555 
0161 0.0911458	0.910192 0.90279 0.865754 0.936514 0.956226 0.912181 0.93809 0.960693 0.975021 1.00775 
0162 0.166667	1.08441 0.986621 0.971875 0.995876 1.03847 0.984079 0.972003 0.943246 0.996289 1.0374 
0163 0.0729167	0.878225 0.931731 1.07453 0.826889 0.873528 0.893828 1.01553 0.89235 0.951401 0.958805 
0164 0.11849	0.949651 0.969049 0.961145 1.0485 0.976361 0.968986 0.997965 0.947663 1.04568 1.02252 
0165 0.18099	1.21189 1.05677 0.985932 1.04373 1.11001 1.10897 0.988303 0.994767 1.05338 1.04437 
0166 0.148438	1.21168 1.1178 0.967443 1.19041 1.12826 1.09589 0.958498 1.0271 1.20583 1.06033 
0167 0.105469	0.923034 1.06746 1.12211 0.960394 0.93722 0.991557 1.01357 0.828826 0.993839 0.928425 
0170 0.124639	1.1218 1.12018 1.00533 1.11107 1.07799 1.11545 0.994456 1.04133 1.15735 1.04464 
0171 0.0738604	0.88125 1.001 1.07089 0.960112 0.887195 0.952328 0.9607 0.923569 0.9841 0.954674 
0172 0.162724	1.04893 0.957675 1.02194 1.04546 1.01088 0.92158 1.01083 1.01175 1.00544 0.981168 
0173 0.0750144	1.09013 1.11475 1.11522 1.06754 1.10777 1.02921 1.03655 1.04298 0.988199 0.970012 
0174 0.0588575	1.07405 0.968687 0.897975 1.00548 0.951988 0.989269 0.881059 1.11206 1.09003 1.00938 
0175 0.228505	0.856191 0.949881 1.01991 0.889943 0.900446 0.858024 1.03523 1.02228 0.944897 0.939128 
0176 0.0963647	0.983998 1.13608 1.14893 0.96259 1.01442 1.06913 1.04887 0.970567 1.06745 0.98749 
0177 0.180035	1.01474 1.00999 0.954253 0.997939 1.03196 1.02596 0.950419 1.11928 1.04427 1.00158 
1000 0.170555	1.11335 0.959785 0.947821 1.12133 1.10665 1.00587 1.02528 1.16939 1.03427 1.03593 
1001 0.156053	0.88951 0.970593 0.999241 0.996641 0.915178 0.984035 0.993599 0.919642 0.9949 0.946533 
1002 0.0844893	1.01047 1.04173 1.07628 1.09078 0.957934 1.06987 0.991196 0.888246 1.06742 0.972499 
1003 0.140605	0.975138 0.836292 0.918105 0.970301 0.960418 0.940078 1.02282 1.07447 0.986983 1.02591 
1004 0.0788146	0.911 0.992304 1.04505 0.884363 0.896001 1.03009 1.00725 0.923242 0.992198 0.951016 
1005 0.22005	1.05885 0.987183 0.966192 1.00256 1.03457 1.00854 0.966871 1.02804 0.99225 1.0385 
1006 0.0810214	1.00926 0.953793 0.966878 0.927584 0.982132 1.06991 0.989436 1.01363 0.94026 1.01679 
1007 0.0684111	1.01932 1.09594 0.959016 1.12692 1.05465 1.1249 0.936478 1.04977 1.06433 1.01802 
1010 0.271515	1.14045 1.00756 0.949875 1.02554 1.06207 0.951638 1.00228 1.01895 0.974991 1.03979 
1011 0.117166	0.935666 1.00112 1.01231 0.94943 0.968628 0.965796 0.99499 0.923533 1.00513 0.9741 
1012 0.0724977	1.0145 1.11248 1.08974 1.11957 1.05631 1.0969 1.00491 1.0074 0.999549 0.989427 
1013 0.0769411	0.99956 0.889308 0.97916 0.893469 1.01096 0.871743 1.09023 1.07102 0.896306 0.977067 
1014 0.152947	0.977385 0.936922 0.959431 0.886502 0.92185 0.945955 0.960252 0.922163 0.964214 0.958749 
1015 0.165809	0.963887 1.02101 1.06719 0.984845 0.930258 0.918647 0.985814 0.944205 0.928952 0.933831 
1016 0.0703929	1.25797 1.07274 0.970991 1.13067 1.18795 1.12303 1.00957 1.11731 1.03055 1.10416 
1017 0.0727315	1.0025 1.03875 1.04839 0.989303 1.04901 0.906926 1.04191 1.09947 0.941832 0.963259 
1020 0.193841	0.917858 1.01966 1.02806 0.913911 0.927105 0.91535 0.917673 0.871471 0.889853 0.955075 
1021 0.0706522	0.914787 1.03985 0.947452 1.02923 0.972349 1.01174 0.956535 0.911426 1.0463 0.977535 
1022 0.0876812	1.16308 1.02735 0.941326 1.09164 1.16744 1.12126 0.940589 0.975955 0.999779 1.07756 
1023 0.0764493	1.00586 0.919619 0.915471 1.03069 1.1014 1.00558 1.03832 1.13692 0.913601 1.07403 
1024 0.10942	1.04024 0.976451 0.930559 0.966941 1.0126 1.07934 0.959114 0.899145 1.00846 1.02659 
1025 0.118841	0.901605 1.0409 1.08431 1.05601 0.954598 0.952554 1.00456 0.977953 0.970129 0.953297 
1026 0.157246	1.10443 1.0836 0.98113 1.09388 1.0492 1.05669 0.96046 1.05398 1.15025 1.01731 
1027 0.18587	0.956959 0.947597 0.890144 0.972058 0.96735 0.972485 0.943444 0.934201 1.00678 1.04716 
1030 0.0924494	0.934614 1.02503 1.04335 0.941503 0.969114 1.04583 1.0164 0.895734 0.976952 0.991743 
1031 0.06814	0.825411 0.935234 1.01568 0.865475 0.905146 0.982376 0.986698 0.996979 0.920487 0.990748 
1032 0.236096	1.07383 0.959764 0.948261 1.01985 1.00364 1.04927 1.01365 1.08317 1.00898 1.04932 
1033 0.155433	1.06593 1.01436 0.932152 1.10832 1.09225 1.02211 1.02719 1.1768 1.01985 1.03833 
1034 0.103867	1.03099 1.02999 0.988664 0.913489 0.946351 1.00316 0.905755 0.972496 0.934304 1.01086 
1035 0.163904	1.04078 1.09244 1.02641 1.03571 0.990171 1.09133 0.980686 0.975023 1.04793 0.98723 
1036 0.109024	0.870889 0.994304 1.05834 0.97029 0.926306 0.908794 1.0503 1.0319 0.902566 0.965913 
1037 0.0710866	1.17154 1.08633 0.971102 1.19817 1.12334 1.10088 0.984041 1.04397 1.04391 1.09344 
1040 0.0812077	1.09327 1.13854 1.0334 1.17841 1.11791 1.14518 0.991014 1.11237 1.06484 1.01924 
1041 0.106715	0.883935 1.02325 1.17527 0.913165 0.896205 0.94174 1.05143 0.907893 0.989255 0.896219 
1042 0.166059	0.874162 0.927307 1.01823 0.934099 0.950411 1.08628 1.01822 1.06014 1.02743 0.977223 
1043 0.0681936	1.18203 1.0014 0.93645 1.08915 1.07965 1.15343 0.946169 1.00283 1.12417 1.08237 
1044 0.282145	1.06239 1.03814 1.03932 1.01624 0.988999 1.119 0.987856 0.933043 1.03204 1.00222 
1045 0.0926601	0.996791 1.0456 1.10573 1.07165 1.12337 1.12119 1.06774 1.02356 1.05229 1.01358 
1046 0.128058	1.06082 0.928634 0.945674 0.984243 1.0404 1.15368 0.931047 0.998698 0.981778 1.03694 
1047 0.074961	1.23726 0.896705 0.863101 1.09488 1.09378 0.994261 0.986849 1.30775 1.04114 1.08215 
1050 0.178683	1.17737 1.1085 0.950802 1.08856 1.107 1.17647 0.988167 1.0139 1.09372 1.09333 
1051 0.0735755	1.15134 1.01839 0.96629 1.16721 1.09329 1.05606 1.07867 1.17171 1.05871 1.07293 
1052 0.113775	0.928517 0.907377 0.925145 0.899827 0.979771 0.996847 1.01174 1.10828 0.96597 1.0226 
1053 0.0649087	0.863528 0.882279 0.944515 0.847583 0.85374 0.92636 1.05057 0.9882 0.954417 0.991622 
1054 0.0676747	1.02688 1.1096 1.11866 0.956668 1.0343 1.01933 1.00744 1.03886 0.961268 0.982355 
1055 0.263323	1.04452 0.934632 0.966171 1.02755 1.03078 1.00283 1.02498 1.09129 0.9891 1.07141 
1056 0.0816891	0.868885 0.995213 1.14323 0.93069 0.927509 0.948405 1.07944 0.958928 0.894821 0.930105 
1057 0.156371	0.850558 1.01678 1.02214 0.974467 0.944003 1.05357 0.967291 0.955698 1.03284 1.02379 
1060 0.138773	0.907226 0.907009 0.96516 0.868855 0.914855 0.841116 1.04566 1.09244 0.924571 0.973405 
1061 0.135915	1.11082 0.882978 0.933242 1.03854 1.01505 0.959798 0.994091 1.2073 0.993479 1.06247 
1062 0.221933	0.991634 1.03518 1.04394 1.01631 0.984715 0.953256 1.03139 0.958966 0.956144 0.924096 
1063 0.112786	1.02608 1.11975 1.11224 1.05964 1.04406 1.08565 1.04314 0.985144 1.08704 0.978656 
1064 0.0764033	0.941624 1.00502 1.06632 0.934463 0.871572 0.94502 0.943183 0.970928 1.01933 0.898038 
1065 0.141632	1.06389 1.01847 0.994486 1.15594 1.04507 0.99349 1.03112 1.08076 1.07467 1.03402 
1066 0.12552	1.06761 1.02541 0.980717 0.969285 0.989796 0.993877 0.988138 1.04676 1.01313 0.978725 
1067 0.0470374	1.23793 0.970731 0.928497 1.05438 1.13574 0.866293 1.11418 1.32427 0.947411 1.0148 
1070 0.0578512	0.926743 0.912953 0.967179 0.893692 0.924514 1.01254 1.0325 0.936427 1.01702 1.02416 
1071 0.192837	0.928624 0.999935 1.01265 0.980281 0.959401 0.932442 1.01494 0.95887 0.976029 1.00423 
1072 0.230487	0.931976 0.957902 1.03413 1.03478 1.00383 0.981449 1.03144 0.993654 0.969354 1.00559 
1073 0.193756	1.05779 1.08662 1.03794 1.12874 1.1034 1.06183 0.992805 0.963462 1.04096 1.01488 
1074 0.109734	0.888756 1.05601 1.14128 0.976159 0.943667 0.973988 1.08342 0.920391 0.97945 0.946495 
1075 0.0766758	1.06958 0.928274 0.959979 1.10655 1.10097 0.999266 1.05188 1.111 0.935 1.11174 
1076 0.0697888	0.793567 0.990321 1.16348 0.885191 0.86956 0.918773 1.0231 0.829606 0.934258 0.928101 
1077 0.0688705	1.04372 1.03635 1.03054 1.00484 1.10542 1.08248 0.972103 1.03181 1.00526 1.03824 
1100 0.122884	1.01558 1.0083 0.956752 1.00526 1.05737 1.14685 1.02399 1.06318 1.08436 1.02033 
1101 0.0626269	0.832921 0.881717 0.939817 0.864054 0.907726 0.904296 1.04969 1.01898 0.9088 0.957375 
1102 0.0802302	0.860466 0.975314 1.06642 0.877058 0.920153 0.901401 1.07432 1.02802 0.930843 0.93302 
1103 0.279282	0.837182 0.969846 1.00662 0.971567 0.947614 0.999752 1.03643 1.03395 1.02944 0.997802 
1104 0.123561	1.10188 1.02072 0.954232 1.13501 1.04673 1.09858 1.01951 1.06979 1.05188 1.05166 
1105 0.0951253	1.01442 1.04516 1.10091 1.04726 1.02496 0.990107 1.16391 1.09376 0.910678 0.959603 
1106 0.102234	1.1507 1.01848 0.978158 1.0989 1.1316 1.09928 1.06854 1.21764 1.01754 1.04623 
1107 0.134056	0.976176 0.890014 0.890493 0.977154 1.05796 1.08168 1.00104 1.16449 1.05045 1.08932 
1110 0.209247	0.994503 0.976359 0.950856 0.966556 0.986884 0.940133 0.964551 1.05732 1.05074 1.03027 
1111 0.043045	1.18975 1.14913 1.05499 1.18462 1.10576 1.02257 0.963113 0.962761 1.05225 0.983638 
1112 0.0896772	1.12898 1.03207 1.00186 1.13889 1.14049 0.990516 1.03681 1.23068 1.01971 1.05925 
1113 0.133519	1.06816 1.06564 0.983597 1.02955 1.01138 1.02134 0.947813 1.01922 1.06513 1.00278 
1114 0.0928657	1.07809 0.937346 0.856517 1.08625 1.06388 1.02902 0.943435 1.08296 1.04754 1.07258 
1115 0.146672	1.01188 0.909847 0.847362 0.989692 0.979221 0.878492 0.976519 1.17623 1.00698 1.05622 
1116 0.0920686	1.02654 1.0721 1.04905 1.13107 1.0065 0.949836 1.02179 1.04787 1.04319 0.951295 
1117 0.192906	0.858362 0.934663 0.971608 0.919526 0.904982 0.899955 0.988014 1.04289 0.954346 0.960327 
1120 0.161236	0.897114 0.963186 0.978219 0.903664 0.988958 1.00911 1.0595 0.901334 0.958912 0.966456 
1121 0.124719	0.885056 1.01717 1.10488 0.962643 0.952813 1.05788 1.04753 0.86523 0.983414 0.930326 
1122 0.179213	0.942271 0.93361 0.972839 0.950019 0.950022 1.08407 0.969691 0.879184 0.975137 1.0144 
1123 0.0488764	1.05339 1.07193 0.989268 1.08714 1.07853 1.1921 0.974536 0.961095 1.06839 1.02946 
1124 0.164045	1.15608 0.952758 0.963161 1.01021 1.0609 1.01217 1.05035 1.08185 0.98582 1.05981 
1125 0.173596	1.03361 1.02583 1.02171 1.06453 1.01234 1.06161 1.05688 1.00111 1.03524 0.983864 
1126 0.0775281	0.846394 0.87988 1.06974 0.825174 0.889961 0.960662 1.00001 0.887093 0.923208 0.936021 
1127 0.0707865	1.13333 1.05982 1.01721 1.183 1.1277 1.11684 1.03539 0.992556 1.09947 1.03758 
1130 0.104684	0.904641 1.0105 1.07308 0.901012 0.918389 0.93111 1.02382 0.814651 0.899368 0.925009 
1131 0.235096	0.929236 0.969803 0.988215 0.975374 0.931597 0.927681 1.00676 0.949553 0.947611 0.979506 
1132 0.158091	1.01566 0.957395 0.982106 0.974056 1.0068 1.04486 1.0196 1.01717 0.97834 1.04442 
1133 0.205287	1.01765 0.977875 0.932628 1.06026 1.06029 1.07322 0.993915 1.03219 1.0693 1.04809 
1134 0.0743435	0.866633 1.0767 1.12278 1.00746 1.00014 0.944481 1.01497 0.891015 0.898671 0.933558 
1135 0.0670688	1.28062 1.09312 0.944934 1.11481 1.13473 1.16041 1.00073 1.00822 1.01887 1.04483 
1136 0.0677786	1.14599 1.12837 1.05825 1.13124 1.10482 0.984988 0.986673 1.00066 1.04296 1.02424 
1137 0.0876508	1.04075 1.04673 1.05155 1.09479 1.00912 0.919239 0.995722 0.974036 0.967724 0.95598 
1140 0.0718521	0.867017 0.948326 1.00442 0.950903 0.927304 0.992522 1.00279 0.9801 0.96654 0.982273 
1141 0.156435	1.00266 1.05554 1.11223 1.10157 1.05441 0.986777 1.04961 0.91319 0.992001 0.976982 
1142 0.160621	1.02477 0.899315 0.955081 1.0085 1.06312 1.02561 1.04708 1.05005 0.98512 1.00236 
1143 0.086676	0.966099 0.879854 0.881486 0.971036 0.953086 1.01753 1.01256 1.03713 1.00523 1.01443 
1144 0.181374	1.15739 1.01516 0.977085 1.10261 1.11715 1.13128 0.95257 1.07747 1.11558 1.06124 
1145 0.0690617	0.8341 1.01327 1.10683 0.911877 0.913306 0.941561 0.993021 0.8403 0.966114 0.938195 
1146 0.164458	1.02757 0.984789 1.01288 0.994641 1.02644 1.13895 0.974837 0.936103 1.0995 1.01207 
1147 0.109522	0.956938 0.877913 0.94691 0.872951 0.962711 0.93875 1.06103 1.02488 0.966351 0.964975 
1150 0.0529899	1.18691 1.03788 0.971603 1.05316 1.16041 1.13736 0.959133 1.126 0.994382 1.05329 
1151 0.119005	1.05006 1.02359 0.944815 1.01664 0.980999 0.987348 0.961409 1.03072 1.08422 1.02056 
1152 0.0825933	1.04416 1.06231 0.963043 1.1373 1.09061 0.992414 0.978928 1.16994 1.05115 1.05254 
1153 0.110124	0.91367 0.914071 0.95914 0.950701 0.923264 0.880995 1.02187 1.04432 0.975945 0.933354 
1154 0.155713	1.06096 0.996112 0.960688 1.03319 1.05322 0.988688 1.00338 1.18095 1.07578 1.04613 
1155 0.11042	0.911461 0.916956 0.918818 0.943818 0.895461 1.0269 0.959407 1.06593 1.02226 0.990993 
1156 0.106868	1.01816 1.15275 1.09302 1.04798 1.07208 0.962466 1.06291 1.06792 0.994481 0.951117 
1157 0.262285	0.976706 1.02574 1.02132 0.96027 0.959848 0.924973 0.982289 1.02578 1.02138 0.95991 
1160 0.203516	1.00532 0.943965 0.921961 0.914099 0.986783 1.00615 0.945876 1.04443 1.05501 1.01729 
1161 0.147043	0.945273 0.983197 0.901468 1.02887 1.03473 1.0649 0.970807 1.10606 1.07307 1.04894 
1162 0.106287	0.967793 1.00263 1.02422 1.00161 0.94527 1.01697 0.958118 0.927181 1.05749 0.984976 
1163 0.0969632	0.8357 0.997584 1.00989 0.906231 0.920742 0.967486 0.967868 0.945179 1.01406 0.937614 
1164 0.0767182	0.836657 0.910373 0.983612 0.849652 0.8924 0.904708 0.991948 0.965949 0.901376 0.966619 
1165 0.1878	0.909439 1.04453 1.07001 1.02839 1.00165 1.01945 1.01225 0.903782 0.997238 0.951823 
1166 0.043154	1.18436 1.15062 1.00791 1.16153 1.1547 1.20479 1.03677 1.07193 1.15803 1.04952 
1167 0.138519	1.13179 1.06888 0.962869 1.098 1.08572 1.03763 1.00646 1.03067 1.00863 1.0355 
1170 0.0542598	1.04359 0.962201 0.873579 0.980347 1.02039 1.12247 0.954987 1.06332 1.00603 1.05206 
1171 0.2055	0.979085 1.03814 1.01391 0.946907 0.982223 1.05326 0.964825 0.932698 0.922365 0.980878 
1172 0.170636	1.15482 1.11618 1.00892 1.10764 1.12256 1.20861 0.98088 0.972051 1.03998 1.07825 
1173 0.128898	0.8303 0.982397 1.00422 0.874586 0.858421 1.00551 0.924843 0.865843 0.947181 0.930841 
1174 0.0621164	1.03179 0.97965 0.931739 0.958793 0.924457 1.10017 0.888761 0.944152 0.978275 1.0282 
1175 0.152467	1.12331 1.05179 0.908214 1.0752 1.03925 1.06776 0.977412 1.04113 1.03501 1.06218 
1176 0.0908421	0.984033 0.918672 0.937981 1.01058 0.948035 0.914184 0.988142 1.10225 0.921827 0.997687 
1177 0.135281	1.00333 1.16808 1.05516 1.05444 0.975516 1.02256 1.03176 0.994598 1.0136 0.994355 
BOUNDS
LWPS R    0.0  0.0  0.0  0.0  0.0  0.0  0.0  0.0  0.0  0.0
UWPS R    0.5  0.5  0.5  0.5  0.5  0.5  0.5  0.5  0.5  0.5
LXAS R   -0.5 -0.5 -0.5 -0.5 -0.5 -0.5 -0.5 -0.5 -0.5 -0.5
UXAS R    0.5  0.5  0.5  0.5  0.5  0.5  0.5  0.5  0.5  0.5
END
