NAME moment_estimation_cluster
ASSETS 10
BENCHMARKS 0.1 0.1 0.1 0.1 0.1 0.1 0.1 0.1 0.1 0.1 
COVARIANCES
0 0 0.00690849
1 0 0.00316342
1 1 0.00680573
2 0 0.00254347
2 1 0.00836392
2 2 0.0133496
3 0 0.00329072
3 1 0.00443041
3 2 0.00675731
3 3 0.00539276
4 0 0.00264857
4 1 0.00324704
4 2 0.00420187
4 3 0.00284356
4 4 0.00272454
5 0 0.00430823
5 1 0.00488984
5 2 0.00648084
5 3 0.00494684
5 4 0.0037315
5 5 0.00596737
6 0 0.000318211
6 1 0.00394456
6 2 0.0055149
6 3 0.00202103
6 4 0.00142995
6 5 0.00199342
6 6 0.00307982
7 0 0.00206077
7 1 0.00567754
7 2 0.00831072
7 3 0.00460848
7 4 0.00333938
7 5 0.00485744
7 6 0.0033044
7 7 0.00622403
8 0 0.00347307
8 1 0.00515302
8 2 0.00657067
8 3 0.00452565
8 4 0.00322239
8 5 0.00504394
8 6 0.00234197
8 7 0.00504935
8 8 0.00563279
9 0 0.000341562
9 1 0.000262318
9 2 0.000389141
9 3 0.000676008
9 4 0.000627314
9 5 0.000816468
9 6 -5.39854e-05
9 7 0.000674264
9 8 0.000796586
9 9 0.00087329
SCENARIOS
0 0.60797	1.02332 1.05307 1.0527 1.03866 1.03383 1.08567 1.01277 1.03193 1.0457 1.00434 
1 0.39203	0.932272 0.961005 0.962927 0.955694 0.960567 0.932568 0.98935 0.952558 0.950166 0.995564 
00 0.691794	1.07774 1.03041 1.06008 1.0348 1.0403 1.01829 1.04092 1.05183 1.03847 1.01328 
01 0.308206	0.949785 0.904419 0.875108 0.91928 0.932048 0.90444 0.944866 0.89102 0.905643 0.99475 
10 0.279188	1.0582 1.16276 1.19783 1.09972 1.04978 1.09113 1.10389 1.12171 1.09881 0.992297 
11 0.720812	1.0059 0.970635 0.927247 0.979687 0.980848 0.962291 0.996936 0.971334 0.970105 0.997623 
000 0.174921	0.898871 1.03891 1.05112 0.967599 0.989041 0.944055 1.02218 1.04731 0.999127 0.969627 
001 0.118453	0.983276 1.04924 1.0813 1.08338 1.03139 1.05879 1.01018 1.06962 1.08528 1.01971 
002 0.114958	1.14674 1.16683 1.19193 1.16199 1.11478 1.18055 1.02469 1.09508 1.15428 1.04987 
003 0.172472	0.875765 0.920002 0.90545 0.914312 0.908098 0.886789 0.962597 0.926024 0.891369 0.978443 
004 0.167241	0.981858 0.86351 0.799287 0.899384 0.961994 0.940796 0.890688 0.878131 0.883713 0.995605 
005 0.0869968	0.952103 1.16666 1.34395 1.11946 1.06766 1.06335 1.11023 1.21253 1.08067 0.989461 
006 0.125633	1.05812 0.938436 0.957685 1.01703 1.02316 1.05194 0.903261 0.971816 1.0108 1.00803 
007 0.0393257	0.997247 1.11931 1.19551 1.09194 0.988071 1.00347 1.0923 1.05109 1.00599 0.980176 
010 0.0738072	1.01294 1.19187 1.34159 1.15805 1.07991 1.08955 1.14377 1.26812 1.12502 0.992196 
011 0.105081	1.19074 1.08942 1.14101 1.15372 1.06851 1.08789 1.03195 1.08041 1.08541 0.982775 
012 0.0637741	1.10961 1.12675 1.13414 1.00281 1.06991 1.03847 1.11009 1.08495 1.02865 0.996568 
013 0.178141	1.03245 0.959904 0.937254 0.977402 0.988093 0.950117 0.98863 1.02122 1.00343 0.99222 
014 0.137261	0.998266 1.06526 1.14673 1.07445 0.988376 0.998737 1.10433 1.05445 0.984294 0.98892 
015 0.16085	1.06265 0.974555 1.00189 1.0404 1.05095 0.9961 0.959675 1.03743 1.05017 1.01925 
016 0.123386	0.917552 0.906697 0.987129 0.989453 0.960618 0.954945 0.976117 0.988392 0.994307 0.990689 
017 0.157701	0.9428 0.839112 0.795275 0.885534 0.922171 0.811601 0.911563 0.923061 0.905123 0.991796 
100 0.142074	0.885443 0.945141 0.972683 0.951496 0.946402 0.910591 1.02566 0.962676 0.939345 0.988252 
101 0.0891731	0.904741 1.03985 1.14531 1.05752 0.987168 1.05381 1.05316 1.04932 1.00721 0.994816 
102 0.10233	0.949414 0.926438 1.01343 0.982418 0.980393 0.985884 1.03247 0.979543 0.977751 0.984031 
103 0.17122	0.942864 1.00191 0.99032 0.969531 1.02542 0.998468 1.00489 1.02845 1.00055 0.990543 
104 0.21672	1.01517 1.06638 1.12197 1.08067 1.05403 1.11379 1.03701 1.13905 1.13151 1.03891 
105 0.0867063	1.03092 0.872523 0.911335 1.00562 0.925917 0.950764 0.908155 0.958149 0.934961 0.982139 
106 0.0814984	1.10809 1.12284 1.29211 1.21037 1.11154 1.24664 1.05457 1.17408 1.23359 1.01242 
107 0.110279	0.844554 0.829696 0.814374 0.871965 0.909208 0.866276 0.909141 0.882835 0.89412 0.991592 
110 0.0547456	0.970138 0.963381 0.990343 0.973325 1.05082 1.06078 0.97903 1.03727 1.01841 1.04508 
111 0.136422	0.883869 0.909553 0.943246 0.944784 0.941785 0.926589 0.93479 0.949143 0.897975 0.98454 
112 0.167315	0.996722 1.16557 1.19483 1.07339 1.08735 1.0988 1.08031 1.1719 1.13536 0.99149 
113 0.187168	0.937131 1.0176 1.01923 0.970638 0.952241 0.987962 1.00156 0.963314 0.948794 0.969498 
114 0.0808621	0.964777 0.957945 0.933545 0.893352 1.00024 0.987911 0.983169 0.958555 0.991068 0.989027 
115 0.0909123	1.14484 1.11458 1.20108 1.15968 1.10586 1.18126 1.00184 1.0904 1.17186 1.03968 
116 0.20281	1.13654 1.00458 1.026 1.01135 1.03017 1.04699 0.979589 1.00374 1.07287 1.00988 
117 0.079765	0.868097 0.825081 0.749735 0.815361 0.872214 0.834569 0.883838 0.81135 0.804522 0.985976 
0000 0.096099	1.11062 1.0346 1.06944 1.11939 1.02152 1.06967 1.01599 1.04099 1.05274 1.00431 
0001 0.252277	1.03183 0.931668 0.86968 0.926621 0.999635 1.01362 0.941618 0.914743 0.935784 1.04668 
0002 0.106565	0.982759 0.999778 1.12541 1.03739 1.01636 1.0874 1.03691 1.04252 0.978861 1.04541 
0003 0.117847	1.02038 1.14215 1.23323 1.17351 1.0702 1.12152 1.13284 1.17871 1.12292 1.04426 
0004 0.2168	0.983131 0.986295 1.06477 1.04423 0.943471 1.01505 1.02113 0.947402 0.983915 0.994859 
0005 0.0701373	1.0047 1.04888 1.04422 0.932587 1.04287 1.06834 1.07218 0.974728 0.95502 0.989222 
0006 0.0614381	0.907165 0.825617 0.850403 0.914208 0.8993 0.864145 0.915787 0.817278 0.896225 0.991167 
0007 0.0788365	1.17794 1.10352 1.06702 1.07213 1.09332 1.12967 1.05238 1.07788 1.12203 1.0528 
0010 0.140104	1.03364 0.991305 1.09384 1.02868 0.984218 0.98634 1.01721 0.984801 0.962611 0.937194 
0011 0.111401	0.943298 0.933817 0.947996 0.910975 0.937159 0.923732 1.00537 0.917645 0.896347 0.94934 
0012 0.0810919	1.02328 1.06064 1.0309 0.904413 0.980893 0.849989 1.0674 1.01825 0.992464 0.932411 
0013 0.207146	1.02786 0.991691 1.01009 0.994588 1.04504 1.02523 0.992407 1.06645 1.00588 1.01045 
0014 0.108792	1.08085 1.16828 1.17819 1.10962 1.10078 1.20065 1.08631 1.11033 1.1414 1.00899 
0015 0.103974	1.00887 0.977606 0.964326 0.992776 0.950948 0.946595 0.953637 0.93119 1.00004 0.998916 
0016 0.0734645	0.967087 0.89819 0.850417 0.942877 0.89351 0.866489 0.95866 0.835382 0.828928 0.932477 
0017 0.174026	1.10841 1.09069 1.13045 1.07629 1.02302 1.05565 1.0527 1.04942 1.0138 0.967975 
0020 0.0539814	0.922349 0.863428 0.806526 0.898146 0.891921 0.848305 0.901512 0.88432 0.86699 0.935328 
0021 0.206825	1.00018 0.999629 1.05721 1.03221 1.05958 1.00103 1.02866 1.0989 1.01959 0.981046 
0022 0.0831437	0.856799 0.956412 1.09287 0.988245 0.957488 0.983176 1.05165 1.10072 0.96813 0.977706 
0023 0.192554	0.996153 1.01554 1.10154 1.08945 1.0091 1.02542 1.05803 1.04276 1.086 0.986953 
0024 0.124095	1.03682 0.926343 0.922716 1.01341 0.944033 0.961698 0.98653 0.95061 0.935217 0.949914 
0025 0.0632885	0.896744 0.920685 0.846399 0.855381 0.943859 0.900442 0.988539 0.935869 0.866079 0.981916 
0026 0.110858	0.98381 1.17518 1.3765 1.2092 1.09609 1.14599 1.142 1.25307 1.11231 1.02039 
0027 0.165253	0.983215 0.89643 0.866773 0.941098 1.00113 0.968589 0.972799 0.934984 0.8927 0.992905 
0030 0.280397	0.997479 0.937626 0.925952 0.948842 0.969724 0.920784 1.0102 0.906604 0.943625 0.974258 
0031 0.174524	1.06874 1.14252 1.2798 1.13406 1.08635 1.10614 1.07188 1.1446 1.08575 1.00869 
0032 0.0758202	0.934868 1.11721 1.16558 0.986202 1.04714 1.00205 1.08484 1.02797 1.11232 0.984321 
0033 0.0565205	0.992362 1.0798 1.15658 1.08909 0.9653 0.943029 1.06479 1.02547 0.971165 0.947088 
0034 0.0618969	0.994372 0.947286 0.993472 1.01581 0.987472 0.975471 0.969415 0.914324 1.00083 0.960282 
0035 0.126964	1.09676 1.05794 0.952126 1.04854 1.04135 1.05797 0.961082 1.0106 1.11571 1.02502 
0036 0.10863	0.973235 1.00229 1.05048 1.07917 1.00501 1.02635 0.996527 1.01984 0.970018 1.01339 
0037 0.115247	0.903317 0.861745 0.748389 0.888542 0.918127 0.903783 0.912105 0.830073 0.908792 0.987996 
0040 0.135485	0.947554 0.932391 0.902297 0.908032 0.944783 0.881537 1.00148 0.887841 0.923177 1.0186 
0041 0.275945	1.08578 1.16396 1.14436 1.08999 1.05138 1.07587 1.0721 1.11759 1.14181 0.99494 
0042 0.0649701	0.867625 1.00339 1.01091 0.949747 1.01104 0.930881 1.02164 1.05317 1.03483 1.05628 
0043 0.0653966	0.88579 1.01528 1.05388 0.894929 0.976905 0.908361 1.04728 0.927435 0.955986 0.988082 
0044 0.106767	0.863266 1.02423 1.12879 1.03916 0.988523 0.961636 1.04845 1.11637 1.03134 1.01199 
0045 0.188513	1.00306 1.02109 0.974336 1.01284 1.01919 1.01463 0.95633 1.00665 1.0741 1.04626 
0046 0.0884276	0.925933 1.09762 1.05767 0.989947 0.970798 0.980295 1.07741 1.06165 1.0992 1.01095 
0047 0.0744953	0.85348 0.882002 0.824328 0.866673 0.889823 0.840365 0.942572 0.894356 0.885173 0.952185 
0050 0.134736	1.11247 0.981115 0.87176 0.937222 0.976311 1.0264 0.958141 0.907596 1.05999 1.01013 
0051 0.119158	1.10973 1.11424 1.13529 1.1097 1.03945 1.1514 1.02613 1.03268 1.101 1.02515 
0052 0.141022	1.03772 1.06691 1.07121 1.05391 0.961712 1.02312 1.03853 1.0634 1.1305 0.985835 
0053 0.181744	1.00519 1.04561 0.950904 0.955811 0.99733 0.96782 1.01658 0.961108 0.957197 1.00223 
0054 0.0798032	1.2626 1.34026 1.35083 1.1866 1.10354 1.25094 1.15851 1.17243 1.28754 1.03729 
0055 0.148675	0.856793 0.926519 0.878821 0.91422 0.904168 0.89214 0.952448 0.909133 0.937498 0.999961 
0056 0.107953	1.07175 1.09244 0.975711 1.00363 1.06511 1.10617 0.979682 1.02297 1.11648 1.01609 
0057 0.086909	0.935652 1.13725 1.11871 1.06639 1.03548 1.13548 1.09477 1.08026 1.18292 1.00591 
0060 0.097464	1.00515 1.03462 1.02936 1.08114 0.999558 0.977167 1.05484 1.00319 0.971963 0.958388 
0061 0.137774	0.960747 1.04014 1.02641 1.02778 1.03106 0.973082 1.03728 1.10478 1.09105 1.02381 
0062 0.0827025	1.10913 1.07059 0.983698 0.998441 1.08657 1.03025 1.00097 1.02852 1.06116 1.03104 
0063 0.112983	0.878904 0.914221 0.826658 0.915936 0.911058 0.814942 0.995508 0.865226 0.919101 1.01729 
0064 0.164837	1.01553 0.988508 0.873029 0.944174 0.970221 0.938756 0.991268 0.973619 0.92179 0.975354 
0065 0.205715	0.890462 1.03285 0.984117 0.993201 0.980454 0.983886 1.03812 1.0027 1.01185 1.01283 
0066 0.107494	1.11901 1.18398 1.19795 1.14524 1.07816 1.13288 1.07686 1.16685 1.1741 1.02234 
0067 0.0910295	1.02324 1.02618 1.09207 1.12768 0.967242 1.03359 1.00321 0.982667 0.996737 0.982466 
0070 0.0870617	1.13074 1.10004 1.06405 1.03158 1.06585 1.10335 1.03753 1.07997 1.09521 1.01354 
0071 0.0677146	0.948242 0.991427 0.911683 0.887275 0.97438 0.989997 1.04108 0.906587 1.03173 0.991465 
0072 0.104595	1.02169 1.00812 0.965143 1.04239 0.965733 0.994791 0.956529 1.02501 1.0239 0.955769 
0073 0.129383	0.908045 1.11506 1.16885 1.05897 1.00109 1.00402 1.07995 1.08229 1.11671 1.03279 
0074 0.218259	1.06019 0.976006 0.921716 1.00732 1.01217 1.04895 0.965533 0.945384 1.05773 0.988574 
0075 0.129383	1.29347 1.08858 1.1072 1.12982 1.0761 1.16553 1.01245 1.05976 1.20276 0.987641 
0076 0.218259	0.892392 0.911323 0.899042 0.912027 0.930083 0.918637 0.923166 0.976215 1.01178 1.01395 
0077 0.0453446	0.993856 1.11012 1.22979 1.07963 1.06642 1.13441 1.05605 1.19707 1.11129 1.04193 
0100 0.0918294	0.920316 0.92941 1.0012 0.934353 0.899685 0.867252 0.971167 0.884919 1.03214 0.951572 
0101 0.133044	1.02307 0.988764 1.00296 1.02772 0.955821 0.962817 0.987432 0.943986 1.00957 1.00981 
0102 0.103398	1.17037 1.09104 1.07544 1.15125 1.12615 1.16752 0.963438 1.04806 1.2539 1.02025 
0103 0.168474	1.01515 0.985484 0.98767 1.03314 1.03493 1.00094 0.974816 0.992395 1.05377 0.989909 
0104 0.122921	1.0966 1.1138 1.16591 1.0433 1.05504 1.05992 1.07706 1.07338 1.08714 0.983495 
0105 0.240058	0.908635 0.917819 0.871824 0.942097 0.947713 0.965296 0.95457 0.897505 0.96072 0.980948 
0106 0.0542299	0.969769 1.0514 1.03905 0.951352 1.00009 0.980008 1.09572 0.92658 1.01657 0.997214 
0107 0.0860448	1.20085 1.08454 1.11381 1.12899 1.01855 1.17554 1.04314 1.00192 1.05599 1.02414 
0110 0.0761808	0.959173 0.947332 0.931628 1.06097 0.944975 1.01668 0.92025 1.01547 1.03176 0.988968 
0111 0.120366	1.10339 1.10772 1.15383 1.10304 1.1004 1.14747 1.04091 1.18591 1.18494 1.02716 
0112 0.246826	0.929417 1.02715 1.14377 1.09483 1.02868 1.0755 1.04935 1.07474 1.0891 1.00082 
0113 0.0746572	0.84794 0.999212 0.938369 0.939968 0.92894 0.930453 1.01562 0.948966 0.936967 0.988415 
0114 0.158964	0.89609 0.973432 1.01802 0.993291 0.981592 0.96862 1.01093 1.0301 1.07256 1.01576 
0115 0.189436	0.931493 1.00955 0.959947 0.968438 1.01816 1.0882 1.02107 1.01045 1.01573 1.01788 
0116 0.0700863	0.876221 0.892465 0.869515 0.941639 0.947051 0.935168 0.926884 0.980605 0.960133 1.00484 
0117 0.063484	0.826854 0.848554 0.843584 0.902311 0.897293 0.910365 0.931391 0.861099 0.872986 1.02095 
0120 0.168201	0.93721 0.937524 0.951175 0.944674 0.927961 0.888239 0.974677 0.955356 1.02514 0.966368 
0121 0.0937238	1.02069 1.11644 1.14669 1.17439 1.10417 1.20588 1.04259 1.14743 1.14132 0.989157 
0122 0.103766	1.23686 1.07683 1.0385 1.07928 1.05068 1.09942 0.981997 1.03333 1.13158 0.976024 
0123 0.214226	0.87898 0.842809 0.823613 0.91633 0.951617 0.875659 0.915062 0.942376 0.915795 0.986511 
0124 0.133891	0.90309 0.988524 0.944144 0.944364 1.01129 0.952275 0.979589 1.07166 1.04789 0.97556 
0125 0.0518828	0.882804 1.11227 1.18089 1.06778 1.02881 1.00172 1.08794 1.1955 1.05624 0.98398 
0126 0.174895	1.03144 0.973134 1.06691 1.06353 0.998479 1.08305 0.967155 1.06641 1.01927 0.994554 
0127 0.0594142	0.910491 1.03734 1.12514 1.01787 1.06648 1.12508 1.01559 1.12286 1.10315 1.00008 
0130 0.116237	1.02077 1.05742 0.979256 0.986756 1.03425 1.0371 1.02261 0.957198 0.905255 0.980208 
0131 0.0611144	0.816776 1.01464 1.0721 0.93159 0.979018 0.945435 1.07957 1.01574 1.04659 1.02892 
0132 0.0620132	0.981676 0.93055 0.905232 0.910299 1.01697 0.962922 0.949661 0.960087 0.864864 1.00494 
0133 0.2142	1.00428 1.01403 1.02427 0.987166 0.989 1.03951 0.994791 0.954909 0.996795 0.952278 
0134 0.0581186	0.890003 1.0205 1.0197 0.906337 0.973548 0.910018 1.07045 0.974214 0.836122 0.950517 
0135 0.209407	0.96411 1.11586 1.18725 1.10659 1.08297 1.11806 1.05404 1.10013 0.999591 1.00469 
0136 0.141702	0.927213 0.898076 0.87341 0.885517 0.940391 0.911358 0.92142 0.860462 0.900568 0.978757 
0137 0.137208	1.01894 0.970814 0.992382 1.02954 1.0359 1.03571 0.968674 0.950903 0.975584 1.01932 
0140 0.0952566	0.969978 0.935427 1.02839 1.05735 0.977569 1.00227 0.940727 1.04283 1.05562 0.993045 
0141 0.121695	0.960808 1.15653 1.21749 1.09185 1.1043 1.0334 1.09891 1.24664 1.18987 1.01222 
0142 0.173406	1.0953 1.03293 0.981931 1.08635 1.04586 1.08721 0.90461 1.06643 1.20378 0.978618 
0143 0.184292	0.850399 0.891395 0.880569 0.908608 0.918399 0.899077 0.92998 0.908003 0.922028 0.955722 
0144 0.0641524	0.923476 1.0545 1.22965 1.00869 0.99388 1.01131 1.05069 1.08035 1.05397 0.98558 
0145 0.11703	0.952062 0.987581 0.963688 0.917402 0.979171 0.942385 0.940578 1.00526 1.00008 0.922444 
0146 0.17535	0.930885 0.978103 1.01812 0.962619 1.0276 1.01764 0.968479 1.04723 0.994029 0.98993 
0147 0.068818	1.00098 1.07147 1.16383 1.01194 1.02141 0.968792 1.02757 1.11647 1.10963 0.955283 
0150 0.196085	1.06775 1.10903 1.08555 1.08512 1.08157 1.23503 1.01 1.05913 1.08582 1.01129 
0151 0.140345	1.11695 0.968971 0.911684 1.01631 1.00262 1.10883 0.917649 0.949115 0.975514 0.984997 
0152 0.129064	0.976945 0.992313 0.905018 0.959992 0.963542 0.999955 0.979226 0.914154 1.01635 1.01442 
0153 0.0865959	1.00204 0.963998 0.879224 0.932992 1.02578 1.03442 0.952191 0.976245 0.950914 1.01891 
0154 0.0806238	0.855521 0.88835 0.798802 0.858806 0.958318 0.941409 0.966098 0.900856 0.923363 1.02613 
0155 0.105839	0.999586 1.10449 1.19722 1.08205 1.02464 1.07697 1.11785 1.03379 1.05737 0.990853 
0156 0.145985	0.912713 1.03114 1.02833 0.973366 0.990986 1.03913 1.06507 1.06395 1.02531 1.01905 
0157 0.115461	0.916068 0.933407 0.954044 0.884907 0.925484 0.902936 1.02714 0.862909 0.910594 0.986353 
0160 0.0882353	0.854377 0.978212 0.91141 0.89643 0.99645 0.927225 1.05493 0.961602 0.901254 1.03683 
0161 0.0601211	1.14251 1.1405 1.13523 1.16946 1.10955 1.0648 1.05315 1.17825 1.15397 1.0367 
0162 0.0735294	0.940326 0.969873 0.869742 0.850039 0.919409 0.848014 1.02305 0.878118 0.859753 0.913959 
0163 0.0713668	0.913021 0.962083 0.905708 1.02926 0.964406 0.889268 0.978309 1.03966 0.947423 1.01104 
0164 0.182958	1.01222 1.03699 0.966851 1.02622 1.05456 1.07121 0.965975 1.03865 0.986271 1.01263 
0165 0.0951557	1.21028 0.99852 0.953536 1.04904 1.02697 1.01339 0.924769 0.966604 1.01644 1.02549 
0166 0.185121	0.984873 0.962945 0.919764 0.975358 0.957774 0.911219 0.930156 0.929462 0.905101 0.966245 
0167 0.243512	0.95337 1.13613 1.17553 1.09562 1.00157 1.02484 1.09169 1.11754 1.02208 0.989516 
0170 0.203384	0.983015 1.08821 1.06951 1.02548 0.983855 1.06217 1.02313 0.977707 0.993109 0.976498 
0171 0.139763	1.02206 1.08679 1.12283 1.12662 1.05248 1.17673 1.07707 1.04871 1.08775 1.02142 
0172 0.14247	1.05073 1.00012 0.951925 0.914125 1.00352 1.04075 0.987733 0.923211 0.928485 0.970734 
0173 0.0978003	1.00831 1.11732 1.1702 1.12412 0.990432 1.06454 1.06421 1.0147 1.01225 0.926554 
0174 0.099154	0.945594 0.871273 0.758995 0.888553 0.903662 0.963381 0.892657 0.797829 0.891843 0.996849 
0175 0.152961	1.2307 1.16381 1.10132 1.04146 1.09433 1.18724 1.11555 1.03442 1.07124 1.03558 
0176 0.0849408	0.90501 1.02231 1.0139 0.933315 0.912707 0.914719 1.09522 0.918027 0.916284 0.955385 
0177 0.0795262	0.961678 0.930617 0.956831 1.02496 0.988682 1.06875 0.947843 0.949015 1.00158 1.03479 
1000 0.0932476	1.05008 1.10597 1.2215 1.14366 1.02594 1.11792 1.03822 1.19712 1.18046 0.997181 
1001 0.163344	1.04782 1.07471 1.01287 1.01266 1.05727 1.08095 1.01394 1.13059 1.11986 1.02316 
1002 0.209003	1.04171 1.00376 1.01237 1.00632 0.977543 1.05868 0.978999 1.06772 0.946285 0.983432 
1003 0.15627	1.01737 1.08192 1.20389 1.0567 1.05011 1.06391 1.07944 1.111 1.09054 1.01946 
1004 0.0430868	0.813237 0.873432 0.831135 0.896364 0.88987 0.883549 0.914655 0.863882 0.89134 0.976196 
1005 0.0598071	1.13358 0.966305 0.965339 1.03535 1.02106 1.04521 0.891697 1.00425 1.03385 1.08102 
1006 0.202572	1.03419 0.945873 0.908829 0.903932 0.934801 0.95011 0.951403 0.882138 0.895661 0.988952 
1007 0.0726688	0.879298 0.939089 1.05174 0.942094 0.954621 0.936544 1.01753 1.01694 0.9976 1.03914 
1010 0.151639	1.06809 0.986553 1.05565 1.05568 0.977864 0.928836 0.96264 1.04011 1.0994 0.966689 
1011 0.0819672	0.973068 1.09404 1.20629 1.02214 1.03258 0.977023 1.13732 1.12697 1.07806 0.996182 
1012 0.165984	1.10883 1.00546 0.982435 0.955294 1.0197 1.0236 0.991774 0.959512 0.984668 0.969983 
1013 0.0532787	1.18548 1.19402 1.30674 1.14782 1.09631 1.11423 1.10822 1.20725 1.23899 0.981532 
1014 0.107582	1.21397 1.1177 1.07361 0.984109 1.04654 0.958448 1.07884 1.08969 0.99568 1.00115 
1015 0.244877	0.98754 0.897831 0.873543 0.952274 0.95941 0.947862 0.943639 0.871577 0.890248 0.92934 
1016 0.101434	0.881036 1.0261 1.01909 0.947792 0.941337 0.846425 1.09011 1.0144 0.891908 0.958348 
1017 0.0932377	1.15649 1.0592 1.08432 1.09535 1.08608 1.09304 0.94509 1.1238 1.1658 0.996934 
1020 0.136607	0.806707 0.972616 0.970561 0.944751 0.938324 0.920404 0.974895 1.04123 0.909355 0.968297 
1021 0.149107	1.03906 0.958691 0.984153 1.02477 1.00401 1.0067 0.919908 1.03177 0.972319 1.01277 
1022 0.075	0.994666 1.01048 0.966125 0.938781 1.03122 0.989942 0.942873 0.999858 1.04583 1.01125 
1023 0.142857	1.10825 1.03738 1.13938 1.16406 1.0246 1.1099 0.948965 1.07546 1.10454 1.01483 
1024 0.0758929	0.957782 1.19175 1.25284 1.06111 1.03487 0.981911 1.11523 1.11422 1.11575 1.02788 
1025 0.158929	1.11932 1.09623 1.10423 1.05476 1.07298 1.07273 0.982717 1.13248 1.04257 1.01209 
1026 0.0482143	0.996549 0.854257 0.787877 0.940887 0.971068 0.955575 0.833485 0.894637 0.922155 1.01383 
1027 0.213393	0.972507 0.977518 0.925851 1.00075 0.966251 0.918338 0.944893 0.926921 0.926801 0.99253 
1030 0.0928495	1.05357 1.03232 0.974473 0.988311 0.962475 0.984519 1.02099 1.03011 1.04236 0.983945 
1031 0.0608324	1.38251 1.01933 1.06203 1.15259 1.09774 1.29618 0.956422 1.00098 1.16736 1.02996 
1032 0.163287	1.08269 1.07513 1.08761 1.06493 1.0174 1.0615 1.04037 1.03371 1.12327 1.04654 
1033 0.0560299	0.994556 1.07539 1.2314 1.04121 1.06618 1.00959 1.08269 1.14949 1.03225 1.0556 
1034 0.18143	1.08943 0.947704 0.916433 0.973077 1.0056 0.972817 0.931654 0.92025 0.955476 1.0091 
1035 0.13714	1.23575 1.00288 0.935213 1.06555 1.01437 1.06103 0.934993 1.00259 1.0756 1.0084 
1036 0.226254	1.10279 0.930873 0.870604 0.928817 0.939662 0.940126 0.94431 0.924864 0.884952 0.964139 
1037 0.0821772	1.23375 1.11264 1.1693 1.0486 1.08127 1.06971 1.06373 1.12367 1.12996 1.01619 
1040 0.180017	0.923062 0.997672 1.02826 0.948108 0.962536 0.911547 1.07205 0.991334 0.969652 0.99526 
1041 0.136594	1.14892 1.06494 1.01073 0.991609 1.05477 0.97403 0.993367 0.996305 1.08358 0.985648 
1042 0.0548061	1.02525 1.03711 1.10147 1.11049 0.971513 0.980851 1.01145 1.00856 0.974055 0.954741 
1043 0.0994941	1.14427 1.02151 1.02499 1.03728 1.12127 1.07434 0.99073 1.03745 1.04256 1.02344 
1044 0.123103	0.991374 0.933314 0.984876 1.0376 1.00205 0.999138 0.915535 0.977358 0.968538 0.977359 
1045 0.236931	1.0846 0.904063 0.803896 0.938816 0.979426 0.920011 0.879853 0.882715 0.87348 0.996793 
1046 0.107083	1.16198 1.20879 1.21585 1.09501 1.09019 1.08756 1.06398 1.14319 1.11557 0.977905 
1047 0.061973	1.11516 1.04963 1.11743 0.97781 1.04071 0.981536 1.07477 1.03272 0.945829 0.942714 
1050 0.153846	1.05624 1.08869 1.06427 1.06378 0.996973 1.04547 1.03496 0.948448 1.07547 0.944094 
1051 0.148577	1.17216 1.1373 1.16068 1.15994 1.08419 1.11958 1.04839 1.04892 1.13425 1.0387 
1052 0.184405	1.03225 1.02877 1.04228 0.984988 1.08344 1.06566 1.01273 0.980948 1.09202 1.01791 
1053 0.0737619	1.05626 0.918753 0.797117 0.931725 0.987522 0.979763 0.932176 0.849255 0.968337 1.00559 
1054 0.187566	0.94661 0.984238 0.9591 0.98384 0.99799 1.018 0.982098 0.919688 0.968334 0.981759 
1055 0.130664	0.939773 0.989328 0.89876 0.947959 0.914081 0.910374 0.966302 0.895796 0.88905 1.00963 
1056 0.0748156	0.857837 1.0225 0.983151 0.917227 0.970104 0.914942 1.05914 0.991288 0.938084 0.959152 
1057 0.0463646	0.862778 0.890887 0.775334 0.807736 0.928494 0.848143 0.968092 0.803886 0.91012 0.967607 
1060 0.0829596	1.02389 0.842807 0.788112 0.985286 0.909486 0.904385 0.877782 0.790587 0.939293 1.06836 
1061 0.0773543	0.944651 1.1329 1.36059 1.13471 1.03163 1.0127 1.12977 1.22147 1.07722 0.984743 
1062 0.0639013	1.22856 1.26491 1.17002 1.03381 1.12094 1.1339 1.16425 1.10393 1.06793 1.03573 
1063 0.159193	1.03201 0.973423 0.885942 1.0364 1.00881 1.0356 0.924585 0.930947 0.976091 1.05294 
1064 0.0829596	1.00929 1.10611 1.1341 1.07701 1.06406 1.09673 1.03967 1.07958 1.02582 1.02586 
1065 0.0605381	1.05513 0.980914 0.978591 1.04271 1.09463 1.10806 0.920464 1.01061 1.01302 1.0683 
1066 0.18722	0.944806 0.914331 0.860232 0.888122 0.944681 0.875931 0.937085 0.876835 0.835526 0.978734 
1067 0.285874	0.915024 1.07593 1.04239 0.971686 0.991492 0.887636 1.09247 1.07438 0.956209 1.04881 
1070 0.114333	1.03559 1.1639 1.28952 1.1149 1.10854 1.08695 1.1251 1.17483 1.14387 1.0003 
1071 0.145816	0.991507 0.925209 0.939019 0.915508 0.955474 0.953871 1.00328 0.892319 0.893614 0.980779 
1072 0.173157	0.965084 0.964003 0.92593 0.943007 0.900033 0.926196 1.00351 0.867163 0.944722 0.943051 
1073 0.147473	1.09081 1.00809 1.08044 1.08281 0.963757 1.01969 1.02958 0.993934 1.04527 0.98384 
1074 0.135874	1.10116 1.02141 1.0261 0.999282 1.04078 1.02842 0.979283 0.983289 0.993561 1.00849 
1075 0.133389	1.02244 1.16168 1.23768 1.05608 1.00461 1.01203 1.15524 1.15315 1.07284 1.00523 
1076 0.06628	1.14508 1.06418 1.10541 1.12221 0.998748 1.02508 1.04632 1.01428 1.05408 0.990929 
1077 0.0836785	1.07091 1.05514 0.992548 0.981319 1.04541 1.03824 1.02204 1.02986 0.971764 1.03758 
1100 0.120879	0.997323 0.937137 0.977018 0.971994 1.04996 1.01054 0.947276 1.02371 1.0753 0.989348 
1101 0.257272	1.0738 1.13343 1.1238 1.08986 1.06277 1.07237 1.03976 1.06345 1.09516 1.01946 
1102 0.0555915	0.910954 0.890841 0.91624 0.917108 0.906823 0.900809 0.88372 0.887997 0.894216 0.92276 
1103 0.207498	1.05073 0.959649 0.956551 1.03947 1.00774 1.02448 0.927829 0.996185 0.983788 1.0517 
1104 0.073691	0.992622 0.842662 0.767686 0.868874 0.922602 0.93327 0.880466 0.79625 0.884055 1.00465 
1105 0.0995475	0.989301 1.02688 1.13655 0.983366 1.02222 0.956988 1.05603 1.05474 0.97476 0.961801 
1106 0.0911441	0.936336 0.94426 0.977236 0.955701 0.954552 0.918949 0.991654 0.959783 0.971791 0.973332 
1107 0.0943762	1.02137 0.927527 0.829891 0.94668 0.999415 0.969909 0.881916 0.877818 0.966377 0.964051 
1110 0.0741894	1.06172 0.852805 0.771482 0.958068 0.918424 0.982892 0.902541 0.844254 0.93941 0.985783 
1111 0.150973	1.14899 0.96381 0.985859 1.05788 1.01416 1.07972 0.971925 0.955266 1.01893 0.987377 
1112 0.158236	0.959402 0.929346 0.968813 0.949227 0.936513 0.889764 1.02823 0.909997 0.969118 0.994514 
1113 0.0498054	1.12406 0.887014 0.894278 1.00567 1.0391 1.07546 0.905448 0.934482 1.05438 1.05805 
1114 0.170169	1.03617 0.999563 1.01542 1.01066 1.03767 1.09686 0.981337 1.02105 1.04985 1.0539 
1115 0.0741894	1.07224 0.873763 0.859526 0.885678 0.961519 0.932658 0.897825 0.848993 0.93494 1.03521 
1116 0.0809339	0.959909 1.09323 1.11304 1.0017 1.03697 1.02361 1.10039 1.05338 1.02633 0.987591 
1117 0.241505	1.08055 1.11814 1.18339 1.14289 1.03326 1.15193 1.10076 1.11154 1.15498 0.995959 
1120 0.213409	1.0614 1.03684 1.06417 0.99843 1.03586 1.10501 1.05701 1.01587 1.08713 1.01829 
1121 0.0846024	0.970521 0.906485 0.980534 0.995753 0.910585 0.982609 0.936217 0.907327 0.969126 1.01053 
1122 0.309856	1.02657 0.940942 0.95383 0.933783 0.947288 0.965039 0.966482 0.966226 0.907301 0.973642 
1123 0.0771997	1.17938 1.20784 1.33069 1.18051 1.08282 1.22459 1.10276 1.12178 1.22226 1.03583 
1124 0.0676819	1.10516 0.874838 0.838428 0.901986 1.00298 0.937909 0.903952 0.884891 0.902225 1.01446 
1125 0.0651438	1.17304 1.01579 1.02019 1.06164 1.07656 1.07984 1.00795 1.04786 1.01621 1.01823 
1126 0.10956	1.14302 0.975137 1.04008 1.07192 1.00462 1.06286 0.950318 0.993361 1.00893 1.00141 
1127 0.0725465	1.2301 1.10896 1.19253 1.09344 1.1152 1.22364 1.0033 1.04565 1.15232 1.01761 
1130 0.111552	1.01101 0.984427 0.992436 0.987465 0.960949 0.958293 1.04428 0.947659 1.04149 0.983943 
1131 0.161089	1.07743 1.02761 1.04906 0.992091 1.02986 1.03095 1.03013 1.05 1.0687 1.02091 
1132 0.272263	1.02503 0.876046 0.822153 0.878135 0.94342 0.825601 0.94025 0.918936 1.0049 1.0075 
1133 0.108338	1.06536 1.13708 1.26624 1.17462 1.07057 1.08878 1.14264 1.20119 1.14292 1.03286 
1134 0.112309	1.11789 0.969754 0.925883 0.994338 1.00548 1.03047 0.938331 0.97686 1.06513 0.959475 
1135 0.0674986	0.846328 0.994028 1.14772 0.982608 0.973561 0.889121 1.1054 1.01877 0.989153 0.949143 
1136 0.0864057	1.21738 1.09847 1.08249 1.08527 1.07589 1.13301 1.01709 1.09965 1.06728 1.00035 
1137 0.0805445	0.966097 0.999399 1.01832 1.10595 0.992179 1.00027 0.962677 1.06867 1.10525 1.05186 
1140 0.0582057	0.78874 0.879357 0.862766 0.91372 0.890843 0.837187 0.994241 0.898146 0.819317 1.01137 
1141 0.0695842	1.07073 0.86259 0.784581 0.874649 0.940097 0.859408 0.934243 0.857392 0.871919 0.936915 
1142 0.0932166	0.966174 0.996368 1.03183 0.994311 0.953536 0.927808 1.01434 0.978965 0.936058 1.02028 
1143 0.176368	1.03094 0.936366 0.911365 0.958771 0.979576 0.964296 0.947289 0.947001 0.931578 0.973549 
1144 0.183807	0.991781 1.13416 1.12536 1.02841 1.01542 1.01654 1.07018 1.05966 1.02048 0.999121 
1145 0.121663	0.950692 1.01942 1.04401 0.944266 1.02905 0.997309 1.02098 1.05909 0.990149 1.01341 
1146 0.140044	1.16579 1.03125 0.917077 1.0215 1.01955 1.0729 0.963583 0.926825 0.9845 0.976459 
1147 0.157112	1.19611 1.1573 1.14303 1.11417 1.09272 1.16194 1.07563 1.10792 1.15078 1.02304 
1150 0.0471	1.31787 1.15215 1.1471 1.10027 1.14661 1.21208 1.08949 1.19529 1.09772 1.05309 
1151 0.148307	0.979932 1.0444 1.06067 1.09078 1.06323 1.11021 1.02814 1.08487 1.09957 1.00655 
1152 0.059167	0.992303 1.21167 1.32102 1.20326 1.09147 1.21375 1.20022 1.26367 1.05512 1.02408 
1153 0.130012	0.971578 0.962115 1.0018 0.982611 0.920982 0.923445 0.984659 1.00026 0.915551 0.981319 
1154 0.0556637	0.768531 0.8728 0.84831 0.853659 0.876592 0.854238 0.96537 0.932428 0.747407 0.999879 
1155 0.201246	1.03443 1.01072 1.09336 1.04363 1.0282 1.02249 1.01695 1.09851 1.05391 0.993314 
1156 0.233165	0.902682 0.879082 0.926716 0.983993 0.950371 0.937409 0.976987 0.982648 0.91671 0.997478 
1157 0.125341	1.16828 0.96174 0.847228 0.989142 1.0144 1.06832 0.911822 1.03067 1.00109 1.00037 
1160 0.225964	0.975979 1.02552 1.05412 1.12391 1.00976 1.03293 0.961829 1.04811 0.96945 0.999021 
1161 0.0675275	1.01219 0.872059 0.811341 0.891464 0.939942 0.921373 0.881048 0.852882 0.861541 0.971471 
1162 0.17257	0.97182 0.948789 0.907414 1.0184 0.998748 1.01905 0.926654 0.997694 0.937593 1.01961 
1163 0.227185	0.986539 1.11702 1.15175 1.0747 1.0754 1.07144 1.05783 1.15889 1.07563 0.999134 
1164 0.0547897	0.815915 0.984318 0.988522 0.952931 0.990019 0.97111 1.0056 1.03496 0.900988 0.924619 
1165 0.0799162	0.780797 0.884718 0.889227 0.907096 0.908395 0.894745 0.973625 0.913145 0.889373 0.988122 
1166 0.107486	0.928715 1.06967 1.00111 0.97691 0.992892 0.98863 1.01329 1.04384 0.957811 1.0341 
1167 0.0645612	0.883927 0.971061 0.897023 0.989067 0.93775 0.919878 0.97822 0.90371 0.876402 0.936284 
1170 0.176575	1.17036 1.07032 0.981081 1.06618 1.06889 1.03806 0.997418 1.02114 1.07012 1.02073 
1171 0.0625555	1.10398 1.01352 1.0661 1.14169 0.987939 1.09616 0.965373 0.987607 1.12136 0.975667 
1172 0.0931677	1.15735 1.14751 1.23933 1.06991 1.12852 1.1299 1.0643 1.18211 1.17645 0.992695 
1173 0.139308	1.07372 0.952246 1.0069 0.997693 1.00804 0.953091 1.00867 1.00265 0.980665 1.00718 
1174 0.0958296	0.9375 1.12238 1.32782 1.07364 1.00958 1.00277 1.1635 1.11144 1.08038 0.920812 
1175 0.171251	0.980655 0.998336 1.05866 0.981752 0.967118 0.901277 1.00245 1.03595 1.02147 0.953998 
1176 0.0896185	1.01159 0.997657 1.0469 0.948054 1.04062 1.04448 1.00447 1.05372 1.04495 0.927444 
1177 0.171695	0.896936 0.833417 0.921132 0.969442 0.929721 0.879289 0.900336 0.907445 0.948195 0.997448 
BOUNDS
LWPS R    0.0  0.0  0.0  0.0  0.0  0.0  0.0  0.0  0.0  0.0
UWPS R    0.5  0.5  0.5  0.5  0.5  0.5  0.5  0.5  0.5  0.5
LXAS R   -0.5 -0.5 -0.5 -0.5 -0.5 -0.5 -0.5 -0.5 -0.5 -0.5
UXAS R    0.5  0.5  0.5  0.5  0.5  0.5  0.5  0.5  0.5  0.5
END
