NAME moment_estimation_cluster
ASSETS 10
BENCHMARKS 0.1 0.1 0.1 0.1 0.1 0.1 0.1 0.1 0.1 0.1 
COVARIANCES
0 0 0.0162247
1 0 0.00589343
1 1 0.00379219
2 0 -0.000661328
2 1 -0.00166118
2 2 0.00407887
3 0 0.00721549
3 1 0.00332962
3 2 0.000413094
3 3 0.00555738
4 0 0.00939091
4 1 0.00342868
4 2 0.000186869
4 3 0.00500424
4 4 0.00698515
5 0 -0.00146257
5 1 0.000336738
5 2 -0.000238061
5 3 0.000881184
5 4 -0.000590981
5 5 0.00450865
6 0 -0.00123345
6 1 -5.32919e-05
6 2 0.000304984
6 3 0.000206046
6 4 -0.000609792
6 5 0.00167431
6 6 0.00094366
7 0 0.00192304
7 1 0.00142929
7 2 -0.000236432
7 3 0.0026168
7 4 0.00223048
7 5 0.00323768
7 6 0.000987363
7 7 0.00494445
8 0 -0.00610098
8 1 -0.00291093
8 2 0.00262007
8 3 -0.00205766
8 4 -0.00339222
8 5 0.00275452
8 6 0.00153631
8 7 0.00107926
8 8 0.0062905
9 0 0.00314767
9 1 0.00249666
9 2 -0.000679539
9 3 0.00336001
9 4 0.00270054
9 5 0.0023815
9 6 0.000972702
9 7 0.00314968
9 8 -0.000804672
9 9 0.00409922
SCENARIOS
0 0.62843	1.05325 1.02921 0.99834 1.03664 1.04806 1.01749 0.990566 1.02122 0.979331 1.02008 
1 0.37157	0.909753 0.941398 1.01336 0.921153 0.918125 0.986211 1.01063 0.933483 1.03919 0.952716 
00 0.576437	1.13966 1.04309 1.03426 1.06213 1.06001 1.02281 1.00837 1.03476 0.986623 1.0176 
01 0.423563	0.875664 0.961886 0.988454 0.933131 0.906533 1.01415 1.02085 1.0101 1.05609 0.979622 
10 0.352504	0.894454 0.99086 0.933566 0.925723 0.910926 1.03209 1.00836 0.98593 1.03343 0.984548 
11 0.647496	1.04395 1.02033 1.00867 1.04224 1.04273 1.0126 1.00651 1.09458 1.02287 1.03149 
000 0.179489	1.00306 1.02085 0.948314 1.01586 0.991919 0.959606 1.02199 1.01524 1.01632 1.05353 
001 0.113761	0.87471 0.977338 0.874249 0.912508 0.885789 1.00363 0.998969 0.941799 0.96056 1.00386 
002 0.175652	0.818474 0.883789 1.09432 0.953059 0.919317 1.0082 1.04712 0.993546 1.15927 0.985119 
003 0.132312	1.14477 1.08518 0.982586 1.14125 1.09839 1.00717 1.03918 1.09276 0.977539 1.1212 
004 0.0942995	1.32799 1.05775 0.995653 1.09728 1.19581 0.893547 0.963526 0.890858 0.896805 1.02744 
005 0.141063	0.917896 0.934189 0.956383 0.908486 0.955112 0.895164 0.992846 0.844204 0.935638 0.943422 
006 0.0642098	1.08609 1.04872 0.946282 1.00772 1.11748 0.879259 0.98741 0.951367 0.912538 1.03406 
007 0.0992133	0.969685 0.924029 1.09747 0.954529 0.981337 0.883364 0.968276 0.969622 1.02791 0.885638 
010 0.122286	0.895126 0.928744 0.997348 0.932461 0.88441 1.01642 0.997856 0.982716 1.06952 0.986944 
011 0.0779172	0.945612 0.988727 1.03456 0.962724 0.993034 0.992236 0.997774 0.905803 1.04469 0.983249 
012 0.125967	1.15827 0.994611 1.07844 1.06271 1.14208 0.9377 0.972554 0.986432 0.98251 0.968081 
013 0.118642	0.99053 0.934143 1.00496 0.912827 0.982912 0.901386 0.968689 0.807964 0.936784 0.912454 
014 0.0825381	0.902886 0.886984 1.19435 0.988752 0.95559 1.01195 1.06705 0.944559 1.18117 0.977241 
015 0.279059	1.01724 1.08402 0.984701 1.08614 1.06151 1.06827 1.03092 0.99388 0.985073 1.08212 
016 0.0576302	0.807782 0.854048 1.05621 0.835648 0.895902 0.937319 0.974651 0.863359 1.14684 0.87774 
017 0.135961	1.02204 0.999812 0.883088 0.94668 0.991917 0.950245 0.94194 0.978923 0.914776 0.965592 
100 0.0543594	0.732625 0.827383 1.17293 0.882207 0.826132 0.961948 0.990186 0.890756 1.17123 0.858384 
101 0.060849	1.10235 0.985273 1.15251 1.09403 1.06708 0.937129 1.00166 0.991803 1.0534 0.965285 
102 0.0832188	0.759581 0.878863 1.00192 0.878548 0.879189 0.967014 0.972897 0.959067 1.05584 0.891346 
103 0.204153	1.27766 1.118 0.963986 1.12827 1.13759 0.945218 0.975435 1.10267 0.88816 1.06273 
104 0.0568789	1.01688 1.03926 1.03127 1.09526 1.02211 1.15976 1.05331 1.15557 1.15607 1.05777 
105 0.197206	1.07101 1.04111 0.932899 0.991076 1.03766 0.93794 0.94528 0.95613 0.896418 0.937312 
106 0.179569	0.893613 0.993728 1.00782 0.996885 0.932668 1.03478 0.994879 1.03371 1.06743 1.02788 
107 0.163765	0.892828 0.938281 1.0918 0.957374 0.99158 0.888091 0.97961 0.975434 1.01126 0.926816 
110 0.153207	0.865677 0.933494 0.994434 0.877118 0.920711 0.881105 0.951859 0.909665 0.971333 0.872665 
111 0.0861216	0.810495 0.928538 1.12397 1.00269 0.912859 1.02868 1.04709 0.964115 1.2062 1.00246 
112 0.231223	1.07395 1.02654 1.05712 1.06374 1.08704 0.986198 0.978136 1.02188 0.943977 0.987493 
113 0.0852903	0.831082 0.884255 1.12385 0.875723 0.915871 0.997671 0.994846 0.917571 1.15049 0.907598 
114 0.112806	1.26741 1.12774 0.945245 1.15703 1.1682 1.00888 0.922242 1.03861 0.833951 1.0929 
115 0.082838	1.05039 0.965239 1.09043 1.00891 0.963251 0.916051 0.965804 0.835153 0.984082 0.915747 
116 0.0985078	0.968612 0.999979 1.00549 0.9565 1.0311 0.964665 0.980289 0.913782 1.03499 0.965973 
117 0.150006	0.857952 1.03852 0.917192 0.959294 0.903926 1.046 0.992472 0.977601 1.02246 1.03854 
0000 0.072593	0.863921 1.01721 0.899794 0.972005 0.940013 1.17307 1.01917 1.06267 0.956278 1.10406 
0001 0.204245	0.930778 0.938679 1.09786 0.975951 0.973249 1.04804 0.989411 0.935759 1.01959 0.954327 
0002 0.112427	0.934247 1.00869 0.923838 0.971349 0.961427 0.964336 0.963996 0.910817 0.870961 0.959799 
0003 0.160412	1.12211 1.05976 0.915691 1.07968 1.10276 0.971141 0.942228 1.02438 0.826628 1.03435 
0004 0.0659797	0.957768 0.969715 0.984803 0.936296 0.999998 0.921548 0.940107 0.904596 0.939757 0.919121 
0005 0.0807444	0.915832 0.966363 1.02267 1.03838 0.892488 1.13863 1.05093 0.977139 1.04298 1.02489 
0006 0.132575	0.7722 0.870114 1.04699 0.897872 0.865769 1.07365 1.00686 0.975741 1.09456 0.918645 
0007 0.171024	1.00362 1.00483 1.08801 1.09826 1.04823 0.993865 1.00526 0.867013 0.996641 1.01829 
0010 0.140985	1.28643 1.14378 0.900042 1.10406 1.18591 0.891501 0.945413 1.05474 0.808608 1.02057 
0011 0.111381	0.904323 0.952101 0.924862 0.875201 0.905148 0.920762 0.996261 1.00343 1.07807 0.893449 
0012 0.102888	1.12968 1.05581 0.975271 1.0292 1.04588 0.874499 0.934785 0.91174 0.894685 0.878646 
0013 0.212327	0.953554 1.09256 0.954895 1.04959 0.966454 1.1213 1.04507 1.07195 1.05609 1.06107 
0014 0.128124	0.994986 0.9942 0.970047 0.949945 0.938014 0.901056 0.957949 0.864371 0.919398 0.883909 
0015 0.069886	0.704732 0.919173 1.03223 0.912774 0.843368 1.00101 0.97167 0.926314 1.10972 0.913903 
0016 0.133948	1.03496 0.976101 1.01361 1.00375 1.06283 1.09517 1.01364 1.08445 1.08675 0.983688 
0017 0.100461	0.917948 0.924184 1.09475 0.948895 0.958265 0.935016 1.00789 0.972614 1.05127 0.928079 
0020 0.081251	0.894993 0.924191 1.02778 0.848388 0.846651 0.99431 1.00635 0.884926 1.07685 0.898908 
0021 0.148043	0.887573 1.02836 0.955993 0.962702 0.978106 1.14745 1.00407 1.04702 1.0401 1.05461 
0022 0.214364	1.13457 1.02363 1.05915 1.02191 1.0036 0.936025 0.995832 0.93087 0.950009 1.00482 
0023 0.134685	1.06039 1.12777 0.99355 1.1416 1.08335 1.08536 1.0508 0.99103 0.974601 1.11519 
0024 0.0565771	1.18433 0.991355 1.16601 1.16633 1.11061 0.993259 0.947224 1.09608 1.03043 1.03648 
0025 0.103253	1.02467 0.934963 1.07063 0.924621 0.935 0.775909 0.926776 0.836221 0.969792 0.871643 
0026 0.147572	0.784821 0.966069 0.945757 0.921697 0.849283 1.02266 0.988633 0.967822 1.05912 0.948675 
0027 0.114254	1.37482 1.08763 1.04182 1.09289 1.19562 0.898366 0.917969 0.956338 0.950038 1.02248 
0030 0.231588	1.09548 1.07644 0.911726 1.05546 1.07586 1.06642 1.00473 0.939148 0.888948 1.09104 
0031 0.10724	0.730947 0.997834 0.934813 0.854731 0.843247 1.00742 0.967649 0.958032 1.08563 0.948837 
0032 0.114959	0.890304 0.947849 0.976505 0.98816 1.03454 1.00956 0.981934 0.984872 0.950315 1.03432 
0033 0.186105	0.847262 0.973925 0.95625 0.965858 0.920259 1.01271 0.995002 0.920252 1.03646 0.954963 
0034 0.0479866	0.763602 0.921821 1.11848 0.934785 0.893228 1.11004 1.03441 0.990212 1.16437 1.04624 
0035 0.102858	0.926792 0.997568 0.939825 0.919331 1.02155 1.05598 0.984784 1.00748 0.930434 0.990164 
0036 0.158147	1.16431 1.02458 1.08098 1.10883 1.05377 1.02876 0.991171 1.00985 1.00174 1.04349 
0037 0.0511162	0.83593 0.94314 1.1834 0.987341 0.984568 1.04891 1.02288 0.965721 1.18008 1.04467 
0040 0.164813	1.19519 1.07704 0.922704 1.13921 1.12629 0.913007 0.956593 1.2231 0.875566 1.07157 
0041 0.0831382	1.14846 1.05458 0.900275 0.987325 1.06448 0.977049 0.952463 0.966517 0.907313 0.947579 
0042 0.0559133	0.912382 0.920971 1.11046 0.913446 1.01182 0.894643 0.964885 1.00232 1.0621 0.824489 
0043 0.101874	1.03698 1.10424 0.859407 1.00048 0.94983 1.04558 1.01 1.21027 0.907955 1.04737 
0044 0.237705	0.783182 0.906913 1.00272 0.878065 0.886047 1.05442 0.986104 1.16018 1.11753 0.95672 
0045 0.0685012	0.883797 0.949576 1.00247 1.00565 0.978543 0.984013 1.00134 1.16139 1.04888 0.998829 
0046 0.0974824	0.950479 1.00089 1.12972 1.09238 1.02801 1.01295 1.02926 1.22797 1.07616 1.04719 
0047 0.190574	1.00306 0.95637 0.961991 0.957005 0.934751 0.981151 0.969074 1.13178 0.972598 0.936375 
0050 0.154403	1.01805 1.02759 0.916086 0.942357 0.985478 1.01438 0.992851 1.1081 1.02735 1.01552 
0051 0.110568	1.05926 1.06965 0.941951 1.03776 1.04718 0.954268 0.94927 1.16172 0.952985 0.997632 
0052 0.182779	1.07185 0.999391 1.10133 1.02566 1.12221 0.976385 0.952516 1.17874 1.09021 1.00423 
0053 0.0702544	1.39839 1.17108 0.926731 1.15089 1.19254 0.976465 0.895746 1.08175 0.869453 1.0579 
0054 0.117221	0.864317 0.898023 1.0522 0.878119 0.875411 1.01041 1.01783 1.05445 1.14795 0.905044 
0055 0.0438356	1.12922 0.992956 0.953026 0.977336 1.14971 0.898839 0.872876 1.00844 0.874146 0.976438 
0056 0.157534	0.931747 0.990301 1.01522 0.938812 0.937233 1.00859 0.988397 1.02309 1.06 0.928959 
0057 0.163405	1.09056 1.0567 1.02977 1.06126 1.04214 1.04658 1.0063 1.08682 1.04707 1.10928 
0060 0.1135	1.03304 1.02145 0.995202 1.01699 1.07385 1.02959 1.0185 1.07501 1.0018 1.05682 
0061 0.119948	0.849065 0.879293 1.12803 0.922481 0.95972 1.08349 1.02975 1.15537 1.14524 0.959004 
0062 0.0584695	1.18281 1.01928 1.00489 1.0375 1.12015 0.947171 0.938081 0.943053 0.883588 0.934072 
0063 0.0795357	0.762484 0.983467 0.972816 0.913334 0.861532 1.07445 1.02238 0.901134 0.983315 0.95184 
0064 0.156062	1.07292 1.00937 0.925025 1.03173 1.00434 1.05062 0.987732 1.08193 0.904501 1.05938 
0065 0.0773861	1.1851 0.991975 1.07305 1.12008 1.18624 1.07353 0.996588 1.195 0.985482 1.11234 
0066 0.16681	0.876713 0.943232 1.00108 0.951807 0.942245 1.00061 0.972819 0.997488 1.03227 0.970133 
0067 0.228289	0.943013 0.950202 1.09954 1.05657 1.01537 1.06684 1.0248 1.11028 1.06776 1.02835 
0070 0.11714	1.06079 0.974419 0.95769 1.00684 1.03556 0.994108 0.990897 0.890602 0.969572 1.00951 
0071 0.309126	0.902884 0.926107 0.931615 0.902056 0.895589 0.976822 1.00652 0.906464 0.997712 0.988253 
0072 0.0826377	1.10823 0.987838 1.00339 1.08433 1.1249 0.92717 0.988237 0.931698 0.927212 1.07598 
0073 0.132443	0.951954 0.926321 1.106 0.99775 1.03096 0.886581 0.95974 0.793619 1.0592 0.990601 
0074 0.0856984	1.07121 1.00827 0.949289 1.00892 1.04499 0.87473 0.980097 0.843783 0.916657 1.02741 
0075 0.0820812	1.33619 1.05894 0.959837 1.16224 1.22517 0.99704 0.974894 0.96534 0.900342 1.09358 
0076 0.0767947	1.15598 1.08527 1.06939 1.07344 1.0773 0.948799 0.971587 0.876599 0.889808 1.02079 
0077 0.114079	0.967262 1.01499 0.976404 1.04585 0.977674 1.0145 1.04875 0.936783 1.04955 1.13756 
0100 0.0841782	0.750322 0.898098 1.13811 0.968311 0.95723 1.04146 1.02192 0.980707 1.14931 0.94513 
0101 0.0850998	0.768298 0.952705 1.05117 0.931284 0.843989 1.19375 1.08617 0.99975 1.2838 1.00688 
0102 0.0970814	1.00532 1.03864 0.952278 0.974639 0.968959 0.940011 1.01276 0.80255 0.905605 0.938182 
0103 0.0789555	0.854131 0.988817 0.852838 0.859904 0.876264 1.04009 0.989858 0.96317 1.04315 0.947802 
0104 0.140092	1.09457 1.13758 0.973226 1.16111 1.11029 1.02895 1.01059 0.963291 0.93459 1.02581 
0105 0.293702	1.03297 1.08274 0.972446 1.07568 1.05727 1.20453 1.06687 1.05262 1.01533 1.1144 
0106 0.0841782	0.761828 0.951242 0.972939 0.891164 0.870946 0.949168 1.01281 0.851173 0.938077 0.987844 
0107 0.136713	0.894074 0.997654 1.04383 0.987112 0.959319 0.988585 1.0421 0.918872 1.04582 0.930346 
0110 0.0588235	0.873743 0.892642 1.08883 0.898905 0.881235 1.02689 1.01297 1.04589 1.14811 0.938758 
0111 0.208775	0.854316 0.955945 0.977247 0.926459 0.893168 0.98871 1.034 1.07471 1.02354 0.941439 
0112 0.164417	0.954057 0.933843 1.05494 0.965604 0.978238 0.959633 1.00677 1.04701 0.98984 0.959222 
0113 0.108004	1.29072 0.997127 1.035 1.14673 1.105 0.982239 1.00671 1.12137 0.96438 1.03585 
0114 0.0650916	1.11724 0.975743 1.07211 1.08154 1.02104 1.08777 1.04351 1.12066 1.04643 1.0638 
0115 0.190453	1.02821 0.983944 1.00953 1.05104 0.988413 0.984817 0.992035 1.04733 1.01016 0.984805 
0116 0.134523	1.06594 0.948946 1.00975 0.977218 1.0513 0.89451 0.950488 1.06396 0.964804 0.96307 
0117 0.0699132	1.2407 1.12107 0.873566 1.07558 1.13472 1.07143 1.06168 1.22532 0.915339 1.08912 
0120 0.145541	1.22317 1.08773 0.951354 1.05644 1.0854 1.00461 1.01924 1.00429 0.96273 1.03614 
0121 0.118998	0.929922 0.937649 1.22045 1.02215 0.978847 1.01246 1.01316 1.01861 1.0701 1.02273 
0122 0.0539815	1.34702 1.13046 0.955907 1.12005 1.22895 1.10473 1.00011 1.0483 0.861005 1.15731 
0123 0.111542	1.10107 1.04645 0.897193 1.00316 1.08327 1.06836 1.02736 1.11039 0.964166 1.0994 
0124 0.265136	0.896296 0.93545 1.05149 0.9197 0.941399 1.05527 1.03199 1.01532 1.11833 1.00019 
0125 0.0715777	1.07711 1.06707 1.01325 1.12361 1.07393 1.13437 1.07369 1.22661 1.06966 1.24075 
0126 0.129138	0.987681 0.992393 0.970372 0.939939 0.993392 0.897958 0.96045 0.904921 0.884935 0.923131 
0127 0.104086	1.07772 1.0317 0.907031 0.89514 0.971446 0.977813 0.971134 0.952276 0.900516 0.951156 
0130 0.0934136	0.728987 0.896429 1.08229 0.93437 0.879604 1.01565 1.04174 1.04706 1.19305 0.945124 
0131 0.131729	0.947357 0.947229 0.976094 0.935003 0.973086 0.871686 0.926497 0.987801 0.997067 0.900624 
0132 0.109246	1.02224 1.03466 1.05369 1.0296 1.03418 1.01064 0.977727 1.08234 1.01264 0.995675 
0133 0.213426	0.885696 1.00067 0.988511 0.960318 0.880971 0.983694 0.967388 1.0699 1.05962 0.957722 
0134 0.09943	1.12058 1.10971 0.972839 1.04286 1.12526 0.883675 0.911725 0.969779 0.875464 0.959182 
0135 0.0566814	1.25239 1.13796 0.98908 1.17101 1.20702 0.937635 0.96073 1.04639 0.892441 1.07478 
0136 0.138379	1.05922 1.00077 1.13214 1.09188 1.02055 0.921894 0.974754 1.09944 1.11594 0.986508 
0137 0.157695	1.03865 1.03718 0.963357 1.03077 1.05211 1.0006 0.976556 1.1659 0.926806 1.06291 
0140 0.103323	0.852043 0.956894 1.02605 0.95453 0.85857 1.04257 0.996244 0.96806 1.08159 0.932727 
0141 0.0896677	1.0268 1.00592 0.933098 0.936938 0.97401 0.928251 0.933419 0.96164 0.947279 0.908492 
0142 0.187528	1.08423 0.988214 1.10001 0.985061 1.02852 0.892907 0.961123 1.04117 1.00437 0.990873 
0143 0.0728266	0.978188 1.1119 0.905454 0.994934 0.937546 1.29914 1.03339 1.16614 1.05104 1.0807 
0144 0.172508	1.16477 1.06133 1.02952 1.09816 1.10013 0.983328 0.978389 1.08506 0.95522 1.05634 
0145 0.116978	0.92121 0.987182 1.04288 0.915452 0.929913 1.0187 0.942221 0.909952 1.04687 0.87631 
0146 0.168867	1.1047 1.099 0.929468 1.0327 1.04477 1.04541 0.988703 1.17572 0.974671 1.01198 
0147 0.0883022	0.77261 0.905309 0.976023 0.936899 0.887479 1.10495 0.991035 1.05371 1.16155 0.998768 
0150 0.0631395	1.22144 1.00073 1.04102 1.05483 1.14105 0.956362 0.945884 1.05281 0.993892 1.00294 
0151 0.0485999	1.46147 1.05399 0.961595 1.13692 1.23859 0.926282 0.968707 1.10982 0.876286 1.09899 
0152 0.226306	1.05374 0.953631 0.993952 1.0085 0.984674 1.02565 1.00403 1.02588 1.01161 1.0006 
0153 0.11147	1.08457 0.942612 1.08191 0.99813 1.00969 0.926158 0.967065 0.951275 1.02591 0.910056 
0154 0.143107	1.1934 1.01731 0.943617 1.02719 1.05463 0.951935 0.986134 0.973524 0.885008 0.983476 
0155 0.0872375	1.39637 1.09784 0.850899 1.06393 1.09624 0.989189 0.953066 1.19434 0.799192 1.09164 
0156 0.173936	0.873033 0.932613 1.08447 0.962458 0.86702 1.01469 1.01883 1.06898 1.11383 0.98356 
0157 0.146204	1.00983 0.888275 1.03189 0.926503 0.935802 0.834636 0.979394 0.941379 1.02877 0.923393 
0160 0.109518	1.31945 1.10315 1.05381 1.16202 1.15303 0.995134 1.03695 1.03344 0.880296 1.13624 
0161 0.198175	0.862703 0.964515 0.964273 0.982247 0.890757 1.1392 1.08703 0.978932 1.04419 1.01061 
0162 0.100391	1.06307 1.03753 1.14123 1.02647 1.07611 0.932294 0.984914 1.02593 0.944636 0.954282 
0163 0.16558	0.836956 1.01284 0.964897 0.9138 0.879864 0.913689 0.946918 0.865026 0.920406 0.887405 
0164 0.15189	1.08721 1.04718 0.967866 1.00488 1.03215 1.00852 1.02078 1.03119 0.883086 1.07493 
0165 0.0691004	0.791155 0.939462 1.0339 0.902326 0.799323 0.981422 1.02888 0.884938 1.05344 0.899329 
0166 0.11734	0.961502 0.946482 1.17365 0.986588 0.967698 0.951084 0.972594 1.0503 1.09358 0.914585 
0167 0.0880052	1.37151 1.11716 0.917782 1.02877 1.06064 0.837899 0.921156 0.963026 0.817717 0.958176 
0170 0.143686	0.826202 0.899694 1.08969 0.908716 0.883509 1.15035 1.02711 1.00449 1.14442 0.961678 
0171 0.0906328	1.17472 1.14343 1.0402 1.14767 1.09456 1.13032 1.08731 1.06235 1.04367 1.11882 
0172 0.0552639	1.12486 0.973706 1.11961 1.0023 1.14279 1.03176 1.00007 1.0306 1.03255 1.02918 
0173 0.0853827	1.06504 1.07256 0.848551 1.00007 1.02158 1.00427 0.994625 1.0569 0.870172 1.0793 
0174 0.141476	1.11382 1.0718 1.05484 1.05492 1.06954 1.08001 1.05805 1.04299 1.02581 1.05609 
0175 0.152528	0.895832 0.945977 1.064 0.989581 0.968631 1.11989 1.06078 1.13965 1.15864 0.999643 
0176 0.073501	1.30061 1.04271 0.978828 1.0334 1.14776 0.873833 1.00064 1.0226 0.872229 1.01165 
0177 0.25753	0.96452 1.00596 0.970021 0.926133 0.934906 1.00011 1.00698 0.954307 0.999932 0.931166 
1000 0.251404	1.07062 1.06252 0.937902 1.04364 1.01399 1.06516 1.0135 1.19266 1.01988 1.08846 
1001 0.0702247	0.86081 0.839653 1.1501 0.919095 0.928466 0.998376 1.02185 1.10173 1.27666 0.887798 
1002 0.0926966	1.14811 1.03336 1.03012 1.10656 1.20643 1.06694 1.01833 1.10805 0.993414 1.11734 
1003 0.0941011	1.04112 1.05465 0.864342 1.00667 0.957677 1.16805 1.0674 1.30811 1.06268 1.07863 
1004 0.235955	0.988389 1.01585 0.976208 0.940322 0.974988 0.982543 1.0081 1.00464 1.03196 0.964673 
1005 0.0575843	0.824154 0.938373 0.937639 0.826536 0.802188 1.07943 1.13894 0.980816 1.1781 0.989695 
1006 0.110955	1.08367 1.03009 0.918466 0.986056 0.964123 0.930115 1.01064 0.845932 0.834244 0.986177 
1007 0.0870787	1.09749 1.02063 1.17238 1.09164 1.04697 0.919433 0.988947 1.1011 1.05241 1.00131 
1010 0.144291	1.10767 1.04701 1.05717 1.12212 1.09155 1.01994 0.98179 1.00802 0.962679 1.03987 
1011 0.185696	1.06501 1.01845 0.970812 0.99441 1.03738 0.962657 0.976859 0.937134 0.900555 1.04348 
1012 0.0677541	0.932929 1.02977 1.05761 1.05211 0.932384 1.06349 1.02982 0.979371 1.02364 1.08557 
1013 0.119197	0.996095 1.09826 0.915808 1.1124 1.00892 1.1241 1.06227 1.09409 0.942077 1.19555 
1014 0.0815558	1.04914 1.01957 1.01294 0.998725 1.00816 1.01513 1.02656 1.12438 1.09324 1.01028 
1015 0.0652447	0.867163 0.93166 1.14508 1.04907 0.959774 1.16893 1.05326 1.0901 1.11229 1.03929 
1016 0.269762	0.829047 0.930611 0.991253 0.914461 0.902704 1.06464 0.998066 1.08784 1.05539 0.974358 
1017 0.0664994	1.05223 0.943374 1.06696 1.04897 1.18143 0.874676 0.880237 1.01137 0.924771 0.932151 
1020 0.187156	1.09989 1.08626 1.09526 1.06038 1.0256 0.952743 1.02793 1.01754 1.0931 0.980239 
1021 0.192661	1.06883 1.02033 0.904508 0.931814 0.969019 0.974134 0.997485 0.950447 0.91519 0.952355 
1022 0.188991	1.23484 1.12578 0.926411 1.00813 1.06668 0.944515 0.95053 1.0185 0.91269 1.03719 
1023 0.059633	0.892411 0.983573 1.00336 0.868108 0.861365 1.10899 1.05393 0.893149 1.17133 0.971945 
1024 0.19633	1.08148 0.992035 1.04191 0.90613 0.938949 0.969375 1.03289 0.844815 1.04572 0.892906 
1025 0.0495413	1.59687 1.19152 0.975462 1.20392 1.20132 0.976894 0.994363 1.06337 1.01301 1.08294 
1026 0.0706422	1.05873 1.06834 0.949492 0.995297 1.023 1.0328 1.02973 1.0011 1.02977 1.02795 
1027 0.0550459	1.28765 1.0809 1.05855 1.10104 1.02716 1.11857 1.03838 1.07893 1.09993 1.04923 
1030 0.159312	1.06848 1.00885 1.04289 1.16013 1.04862 1.06007 0.984467 1.14727 1.09997 1.0691 
1031 0.0852655	0.742404 0.925984 0.964153 0.917736 0.823967 1.17866 1.05105 0.992271 1.1481 0.972817 
1032 0.0830217	1.06431 0.981877 1.07731 1.04261 1.07441 0.828176 0.91339 0.801275 0.899581 0.893595 
1033 0.0961107	1.10351 1.00164 0.908866 1.05757 1.15238 0.962744 0.994033 0.900881 0.851237 0.976758 
1034 0.196709	0.940725 0.895663 1.06192 0.966248 0.96621 1.00434 1.01828 0.847079 1.06335 0.927029 
1035 0.143231	0.741808 0.927985 1.06608 1.01251 0.92019 1.13332 1.04448 0.933107 1.1464 1.04811 
1036 0.0811518	1.03144 1.09019 0.984964 1.05247 1.08669 1.06028 1.00578 0.910387 1.01976 1.06893 
1037 0.155198	0.861649 1.08052 0.915996 1.00863 0.94958 1.02076 0.989996 0.997648 1.01994 1.00047 
1040 0.0872483	0.980264 0.832061 1.09471 0.883617 0.953358 0.9325 0.974746 0.882182 1.05178 0.887956 
1041 0.0536913	0.770289 0.856147 1.13252 0.895979 0.899449 1.01437 0.925456 1.06394 1.04158 0.901362 
1042 0.208054	0.951531 0.984542 1.00355 0.965384 0.993155 0.909564 0.986134 0.902795 1.01335 0.971397 
1043 0.0885906	0.864121 0.904426 1.12267 0.970979 0.944283 1.04369 1.0306 1.03175 1.14874 1.01948 
1044 0.150336	0.924435 0.900285 0.977332 0.893043 0.95269 0.946301 1.01454 0.937911 1.01589 0.960212 
1045 0.0993289	1.08838 1.07246 0.950974 1.06108 1.1317 1.11771 1.05389 1.1487 0.974525 1.09732 
1046 0.139597	1.18069 0.952833 1.03669 1.00567 1.06311 0.854005 0.942147 0.953864 0.988691 0.965056 
1047 0.173154	1.02543 1.00106 1.03919 1.12462 1.03326 1.07022 1.01483 1.09151 0.968583 1.0866 
1050 0.147503	0.962313 0.966471 1.09031 0.976457 1.04001 1.06503 0.988472 1.05857 1.09475 1.01913 
1051 0.0472319	0.8553 1.03258 0.907449 0.861456 0.83524 0.968373 1.0314 0.913487 0.930103 0.98781 
1052 0.104142	1.03165 1.09029 0.8905 1.01379 0.947462 1.08446 1.02629 1.12855 1.01916 1.04446 
1053 0.14247	1.13339 0.998542 1.04194 1.08784 1.15599 0.956576 1.00438 0.979642 0.956787 1.03361 
1054 0.0874952	0.812798 0.929331 1.00616 0.879743 0.930562 1.00687 1.00443 1.05897 1.14223 0.928411 
1055 0.104917	0.798105 0.930949 1.04624 0.972661 0.919987 1.0423 1.06036 1.0093 1.16103 1.07281 
1056 0.215254	1.01965 1.00956 0.961624 0.990396 0.98139 1.0327 1.03076 1.02575 0.986796 1.00123 
1057 0.150987	1.02453 1.07803 0.950255 1.0968 1.10784 0.959632 1.03908 1.03494 0.92842 1.15206 
1060 0.0561224	1.2825 1.07578 1.03228 1.08944 1.13486 0.94658 0.937374 0.900217 0.895379 0.939912 
1061 0.235969	0.867674 1.00533 0.962105 0.987283 0.979569 1.04106 1.04378 1.07959 1.01476 1.04486 
1062 0.122449	0.755264 0.923573 1.03281 0.900409 0.849091 1.0748 1.06119 0.897395 1.11075 0.932273 
1063 0.132653	0.920648 0.945826 0.985043 0.956009 0.945937 0.983274 0.972791 0.866852 0.977037 0.923196 
1064 0.133929	0.969579 0.944594 1.14031 1.04743 0.962746 1.02368 1.04458 1.15558 1.17472 0.952381 
1065 0.0931122	1.05793 1.0121 0.977392 1.0301 1.01598 0.895509 0.936521 0.949807 0.846527 0.930322 
1066 0.13818	0.984069 1.12276 0.958497 1.09578 1.0876 1.14872 1.03477 1.18222 0.920746 1.15567 
1067 0.087585	1.01982 0.991274 1.06891 1.01793 1.09431 0.965901 1.05836 1.02483 0.982734 1.05648 
1070 0.0503497	1.04423 1.03746 0.922314 0.970527 0.983462 0.904042 0.954673 0.805474 0.802958 1.0042 
1071 0.179487	1.04349 0.955199 1.00308 0.954355 0.97307 1.02051 0.94374 1.02983 0.957817 0.937861 
1072 0.0750583	1.00572 0.895428 0.920636 0.903325 0.908066 0.918049 0.914395 0.854488 0.925398 0.87616 
1073 0.123543	1.05504 1.01072 0.95724 1.02945 0.984377 1.21404 1.05878 1.02762 1.07293 1.11077 
1074 0.0745921	1.25612 1.10131 1.03723 1.13359 1.10503 1.14626 1.00583 0.982237 1.02053 1.05039 
1075 0.124476	1.22061 1.08342 0.911528 1.06263 1.11995 1.07185 0.990816 1.03199 0.903799 1.07235 
1076 0.206527	1.07853 1.04905 1.01531 1.00459 0.998164 1.05224 1.00801 0.981959 1.05383 0.933858 
1077 0.165967	0.921876 0.862744 1.10798 0.892811 0.907169 1.08595 1.00351 1.10136 1.13557 0.957277 
1100 0.126424	0.992461 0.964194 0.983637 0.911924 1.02933 0.886349 0.940482 0.889218 0.936218 0.941535 
1101 0.0992946	1.20645 1.12135 0.944278 1.0708 1.11887 1.01529 0.980221 1.05568 0.893862 1.07589 
1102 0.0800326	1.1777 1.13463 0.864429 0.991312 1.06989 0.930361 0.957669 1.0424 0.847588 1.01633 
1103 0.18204	0.929406 0.967366 0.937085 1.02075 0.968403 1.13746 1.02597 1.04647 1.02407 1.08868 
1104 0.179598	1.11795 1.00467 1.01048 1.0347 0.982735 0.992425 0.974402 0.914775 0.954935 1.01307 
1105 0.0648399	1.17201 0.962459 1.04804 1.04768 1.16671 0.921577 0.954335 0.969254 0.977652 1.01621 
1106 0.074064	1.45362 1.19776 0.931602 1.15964 1.22612 0.925122 0.969423 0.990053 0.77341 1.05812 
1107 0.193706	0.821908 0.894699 1.08326 0.878258 0.876673 1.06152 1.01987 0.873377 1.10422 0.989804 
1110 0.133687	1.03521 0.995705 0.945571 0.947561 0.970685 0.94751 1.00319 0.9735 0.91169 0.919456 
1111 0.150097	1.12271 1.05684 1.05393 1.08498 1.02779 1.04464 1.00206 1.03783 0.902754 1.11309 
1112 0.0637066	1.00054 0.907432 1.09239 1.02793 1.06375 1.11503 1.06688 1.18851 1.13242 1.01706 
1113 0.0834942	0.923783 0.890938 1.19377 0.990471 0.973426 0.900308 0.95012 1.01912 1.08322 0.871297 
1114 0.156371	1.09134 1.06416 0.919017 1.06495 1.1315 0.958142 0.970836 1.0771 0.872378 1.08739 
1115 0.214768	0.820809 0.891088 1.07106 0.867506 0.901566 1.04588 1.0456 0.954188 1.058 0.937598 
1116 0.135135	1.02379 1.01891 0.998188 0.95728 1.01183 1.05708 1.02602 1.05113 1.01424 1.05955 
1117 0.0627413	0.978011 1.04906 1.03492 1.09528 0.941811 1.14471 1.07758 1.19373 1.08063 1.11672 
1120 0.182815	1.15531 0.976714 1.01558 1.04351 1.11791 0.974964 1.00532 1.028 0.980524 1.04271 
1121 0.073881	0.940359 1.03963 0.958676 1.06004 0.946707 1.24996 1.07065 1.10647 1.16643 1.14591 
1122 0.0821499	0.908128 0.931705 1.19843 1.0111 0.978995 1.00239 1.07601 1.05359 1.1553 1.05942 
1123 0.117562	1.34905 1.07227 0.977099 1.16009 1.13483 1.01847 0.986982 1.08455 0.997675 1.09694 
1124 0.167536	0.872087 0.912669 0.988658 0.915733 0.906579 0.964291 0.977944 0.846504 0.993443 0.933918 
1125 0.0546468	1.05717 1.01566 0.870359 0.991755 0.981933 1.03527 1.00505 0.971659 0.922832 1.11632 
1126 0.199173	1.00366 0.994391 0.96749 1.0304 0.991289 1.00005 1.01481 0.953658 1.03328 1.00685 
1127 0.122236	0.847684 1.03602 0.934856 0.945668 0.879479 1.07684 1.0156 0.957859 1.06688 1.0491 
1130 0.0979532	1.22222 1.06375 0.998819 1.16061 1.17628 0.959847 0.996106 1.18022 0.931337 1.11584 
1131 0.16423	0.999196 1.01776 0.993806 1.01359 1.00814 1.04233 1.04524 1.05227 1.05762 1.05058 
1132 0.22076	1.11644 1.04597 0.934576 1.02278 0.983332 1.02803 1.01611 1.00492 1.03156 0.969303 
1133 0.0847953	1.01083 1.05752 0.942697 1.08025 0.956907 1.14515 1.06007 1.08115 0.984399 1.08775 
1134 0.164717	0.8389 0.945215 0.927444 0.911924 0.851044 1.03457 1.04992 0.977229 1.02849 1.002 
1135 0.0906433	0.759382 0.850037 1.07606 0.904049 0.846001 1.08573 1.02219 0.950707 1.14708 0.890853 
1136 0.0565302	0.997447 0.960346 1.1447 0.965256 1.0005 0.871694 0.97331 0.959648 1.00125 0.938833 
1137 0.12037	1.18622 1.00266 1.02075 1.11177 1.05502 0.967268 1.00924 1.02605 0.956339 1.02729 
1140 0.0880619	1.4455 1.09619 0.947617 1.07574 1.1975 0.899082 0.96278 1.00587 0.837143 0.971404 
1141 0.298821	1.09335 1.04753 0.967146 1.01225 1.0019 0.978114 1.01718 0.97441 1.02519 0.950286 
1142 0.147752	1.05128 1.06859 1.06603 1.06388 1.08598 1.00789 1.09112 0.998893 1.07131 1.12843 
1143 0.0725866	0.902865 0.954398 0.843708 0.876408 0.972425 0.960347 1.03696 0.965271 0.961483 0.945856 
1144 0.0862196	0.786609 0.928702 1.09982 0.964178 0.955423 1.02654 1.08851 1.13809 1.31976 0.966668 
1145 0.105011	0.749038 0.926374 0.965734 0.884946 0.838452 1.03077 1.08234 0.852104 1.13404 0.902181 
1146 0.113117	0.967817 1.01044 0.960681 0.953496 0.910115 0.937725 1.07353 0.910926 0.976848 0.934751 
1147 0.0884304	1.26782 0.988409 1.12243 1.08764 1.15557 1.04659 1.0361 1.0879 1.04243 1.03918 
1150 0.163573	1.14583 0.983261 1.03922 1.03607 1.12064 0.948276 0.978968 1.1068 0.953265 0.975596 
1151 0.146011	1.02795 1.08325 1.04731 1.05203 1.10512 1.09534 1.03291 1.14536 0.997268 1.11395 
1152 0.147516	0.897616 1.07086 0.922377 1.02686 1.02649 0.945168 1.00881 1.10301 0.99709 1.03011 
1153 0.151029	0.812697 0.957675 1.02364 0.920438 1.02271 0.918434 0.972384 0.959199 1.02073 0.961167 
1154 0.161565	0.983076 1.01373 0.92656 0.950297 0.98474 0.98021 0.970452 1.09637 0.993162 0.955704 
1155 0.108881	0.830228 0.869957 1.08875 0.906618 0.917287 1.01856 0.976329 1.16142 1.17605 0.91086 
1156 0.0612142	0.749431 0.920575 0.953336 0.881186 0.891479 0.945769 0.955715 0.998648 0.957341 0.943941 
1157 0.0602107	0.844888 0.925209 1.17957 0.964813 1.06276 0.986346 1.00607 1.22036 1.20256 0.967978 
1160 0.0506329	0.895176 0.936026 1.07224 0.901666 0.850972 0.995203 1.02368 1.00691 1.08934 0.903835 
1161 0.057384	0.910083 0.968689 0.982902 0.968122 0.955996 1.19522 1.05009 1.17026 1.11057 1.03069 
1162 0.164135	1.0904 0.972776 0.970023 0.9903 1.00535 0.985243 0.947508 0.996655 0.906885 0.916995 
1163 0.0780591	0.969526 1.02066 0.918927 0.906703 0.925338 1.06219 0.981874 0.999261 0.920638 0.999354 
1164 0.071308	0.959611 0.907683 1.11217 0.93021 1.02613 1.00995 0.971254 1.06602 1.06871 0.924528 
1165 0.238819	1.11807 1.05067 0.940554 1.06116 1.09818 1.02264 1.01507 1.08366 0.9193 1.03463 
1166 0.14346	1.22989 1.00852 1.0412 1.05916 1.07808 0.986792 0.96213 1.11136 0.923322 0.9967 
1167 0.196203	0.957709 0.99812 1.01815 0.985753 0.932525 1.01752 0.991744 1.09939 0.998243 1.0219 
1170 0.137157	0.826849 0.868478 1.08306 0.912417 0.889745 1.13873 1.11356 1.07632 1.17088 0.931883 
1171 0.149626	1.19991 1.07539 0.942449 1.10245 1.1869 0.981856 0.969756 0.98286 0.828841 1.06466 
1172 0.0875589	0.951532 0.929929 1.01241 0.864371 0.91421 0.955879 1.00084 0.908579 1.01676 0.853367 
1173 0.0562483	1.1294 0.968221 0.867251 1.02136 1.07266 0.921625 0.957554 0.895324 0.785845 0.97266 
1174 0.0640067	0.963549 0.96982 0.91297 0.902383 1.01812 0.940769 0.94773 1.01408 0.901109 0.93594 
1175 0.268773	1.0968 0.954035 1.05062 1.08811 1.1035 1.1004 1.06982 1.217 1.03866 1.06971 
1176 0.105292	0.857817 1.01158 0.982764 1.00752 0.956251 1.13164 1.05724 1.01048 1.03605 1.05026 
1177 0.131338	0.981562 0.952469 1.01921 1.00709 1.00284 0.938232 0.993886 0.907516 0.923302 0.917644 
BOUNDS
LWPS R    0.0  0.0  0.0  0.0  0.0  0.0  0.0  0.0  0.0  0.0
UWPS R    0.5  0.5  0.5  0.5  0.5  0.5  0.5  0.5  0.5  0.5
LXAS R   -0.5 -0.5 -0.5 -0.5 -0.5 -0.5 -0.5 -0.5 -0.5 -0.5
UXAS R    0.5  0.5  0.5  0.5  0.5  0.5  0.5  0.5  0.5  0.5
END
