NAME moment_estimation_cluster
ASSETS 10
BENCHMARKS 0.1 0.1 0.1 0.1 0.1 0.1 0.1 0.1 0.1 0.1 
COVARIANCES
0 0 0.00349098
1 0 0.0027263
1 1 0.00374214
2 0 0.0049753
2 1 0.00454308
2 2 0.00853595
3 0 0.00430131
3 1 0.00349163
3 2 0.00706317
3 3 0.00690324
4 0 0.00133291
4 1 0.00266216
4 2 0.0031419
4 3 0.00178219
4 4 0.00408491
5 0 0.00265681
5 1 0.00399649
5 2 0.00564609
5 3 0.00385469
5 4 0.00526704
5 5 0.00805985
6 0 0.000552117
6 1 0.00124841
6 2 0.00100928
6 3 0.000498405
6 4 0.00110303
6 5 0.00134819
6 6 0.000789703
7 0 0.00246007
7 1 0.00400403
7 2 0.00493553
7 3 0.00330939
7 4 0.00477711
7 5 0.00682808
7 6 0.00141781
7 7 0.00682863
8 0 0.00208373
8 1 0.00383363
8 2 0.00456588
8 3 0.00300392
8 4 0.0044937
8 5 0.0061711
8 6 0.00153706
8 7 0.00607707
8 8 0.00651301
9 0 0.000991937
9 1 0.0010777
9 2 0.00181727
9 3 0.00120514
9 4 0.0008953
9 5 0.00159548
9 6 0.000364271
9 7 0.00130794
9 8 0.0010876
9 9 0.000803223
SCENARIOS
0 0.67254	1.02995 1.03117 1.04824 1.03328 1.03576 1.04472 1.01251 1.0202 1.05384 1.01247 
1 0.32746	0.964262 0.955723 0.90892 0.934629 0.94661 0.939311 0.988807 0.91517 0.934351 0.981541 
00 0.827817	0.997972 1.00445 1.03103 1.00922 1.02754 1.06543 1.01035 1.05079 1.04277 1.00092 
01 0.172183	0.988201 0.939044 0.965646 1.01059 0.890634 0.888788 0.946992 0.875639 0.893361 0.976683 
10 0.653057	0.983596 0.948875 0.971898 0.975114 0.962544 0.955173 0.968797 0.968681 0.932968 0.99688 
11 0.346943	1.03502 1.03987 1.09979 1.04716 1.08114 1.09328 1.0157 1.11886 1.11063 1.04043 
000 0.0515501	0.997873 1.04726 1.01718 1.02682 1.05665 1.04788 1.01156 1.0659 1.04251 1.04502 
001 0.0761936	0.924964 0.994567 0.886281 0.891044 1.05569 1.02365 0.992254 1.01825 1.01536 0.998671 
002 0.0744692	0.963791 1.02576 0.991702 0.943967 1.13324 1.09249 1.04276 1.15858 1.07729 1.01015 
003 0.0654704	0.981492 1.03602 0.959799 0.950432 0.998531 0.993604 1.01295 0.996518 0.970381 0.983206 
004 0.214499	0.995304 0.943369 0.922332 0.966554 0.897504 0.829037 0.963538 0.884899 0.888579 0.963831 
005 0.126774	0.867829 0.90595 0.777017 0.826704 0.972591 0.914335 0.990466 0.923231 0.908197 0.960194 
006 0.168678	1.10595 1.14345 1.16631 1.15413 1.12726 1.19746 1.04696 1.20476 1.12481 1.06073 
007 0.222366	1.07651 1.05511 1.08721 1.09886 0.982575 0.982196 0.965146 1.03077 0.97167 1.01398 
010 0.305181	1.03714 1.0364 1.04765 0.989211 1.06204 1.0669 1.00229 1.1519 1.05628 1.01426 
011 0.12962	0.881548 0.888868 0.824115 0.845439 0.923935 0.868486 0.98389 0.910098 0.90671 0.953171 
012 0.0684801	1.06058 1.05466 1.12835 1.16592 0.980815 1.01884 1.03897 1.01395 1.05278 1.01354 
013 0.0621762	0.995278 0.967168 0.932386 1.0122 0.935676 0.9427 1.00387 0.943533 0.897758 0.973946 
014 0.0764249	1.0626 1.00544 1.0021 1.02648 0.901544 0.927584 1.0145 0.970606 0.938291 1.00249 
015 0.116062	0.92787 0.946199 0.861656 0.838955 1.0232 0.961889 1.00406 1.03732 0.981385 0.979601 
016 0.124352	1.17543 1.16117 1.28297 1.21479 1.08759 1.21443 1.00528 1.18455 1.12662 1.06259 
017 0.117703	1.04048 1.00357 1.00674 1.0082 0.985511 0.977465 1.0328 0.997749 0.978119 1.01171 
100 0.143559	0.956468 1.02792 0.975724 0.952776 1.04389 0.998973 1.04232 1.06745 1.09909 0.989973 
101 0.100772	0.955013 1.01682 0.9641 0.945269 1.15581 1.08461 1.072 1.16287 1.15984 1.01634 
102 0.062614	0.936192 1.02813 0.986503 0.992615 0.998839 0.962861 1.02948 0.997686 1.03458 0.972289 
103 0.296797	0.937134 0.943946 0.878971 0.90208 0.933198 0.890559 1.00428 0.936327 0.906089 0.98706 
104 0.0726678	1.03046 1.03796 1.06514 1.06599 0.976453 0.989476 1.00516 0.990118 1.0415 0.992401 
105 0.125275	1.006 1.06497 1.07077 1.01747 1.10397 1.13035 1.02948 1.12923 1.18152 1.01523 
106 0.0909984	1.09927 1.11182 1.14914 1.17753 1.05088 1.08456 1.02581 1.10283 1.12651 1.02161 
107 0.107318	1.09746 1.0564 1.17037 1.1845 0.951337 1.00796 1.01304 1.01903 1.0226 1.01782 
110 0.149811	1.06635 1.11941 1.08533 1.05928 1.13485 1.19891 1.05411 1.17568 1.07002 1.01491 
111 0.209137	0.973733 1.00809 0.954403 0.925797 1.05765 1.04496 0.980985 1.06784 1.02528 0.984345 
112 0.0848517	0.889562 0.930375 0.859335 0.925312 0.888998 0.880946 0.964433 0.842045 0.8785 0.926467 
113 0.0593258	1.08421 1.02778 1.09182 1.11908 0.888054 0.879202 0.995804 0.914193 0.884783 0.997407 
114 0.134759	1.08875 1.0492 1.07257 1.08749 0.964122 0.965829 1.00647 0.98257 0.996682 0.997973 
115 0.212745	0.902091 0.961219 0.897522 0.91051 0.972122 0.969068 1.01013 0.983584 0.934681 0.964804 
116 0.0920694	1.12922 1.082 1.19836 1.2117 1.04424 1.05198 1.00806 1.04234 1.03523 1.01415 
117 0.0573013	0.97481 0.993887 1.03056 1.0834 1.01941 1.04931 0.992874 1.01939 0.962856 0.987189 
0000 0.124042	1.1251 1.0429 1.1398 1.11102 1.01801 0.994384 1.02504 1.01729 1.03757 1.00404 
0001 0.132404	1.01988 1.01765 1.00284 0.972103 1.08849 1.0994 0.989182 1.08002 1.02734 0.999499 
0002 0.148084	0.929115 0.956507 0.927751 0.917836 0.975498 0.954595 0.965377 0.968525 0.983456 0.942055 
0003 0.196864	1.06385 0.963961 0.966612 0.994879 1.02544 1.01445 0.970141 0.999915 0.974566 0.945026 
0004 0.0874564	1.05262 1.07021 1.16825 1.0999 1.12742 1.10882 1.08192 1.07769 1.17205 1.02214 
0005 0.111847	1.05353 0.927153 1.07473 1.0736 0.959331 0.984996 0.949948 0.934434 0.920043 0.992816 
0006 0.0425087	0.965221 0.941553 0.888667 0.872423 1.03337 1.05716 0.97941 1.01949 0.973536 0.982331 
0007 0.156794	0.952364 0.940637 0.95013 0.923145 0.90842 0.877502 0.972236 0.857702 0.896012 0.964089 
0010 0.0794437	1.09372 1.02886 1.20013 1.12478 1.03875 1.07463 0.986757 1.11298 1.05053 1.02784 
0011 0.0829797	0.921515 1.02652 0.957365 0.909773 1.08413 1.09729 1.05144 1.11458 1.10471 0.975837 
0012 0.0780292	1.03069 1.0177 0.967441 0.973022 1.00726 1.04763 1.05164 1.02523 1.00408 1.0054 
0013 0.279349	1.01685 0.918627 0.954074 0.98507 0.929282 0.935766 0.972866 0.978922 0.920103 0.999469 
0014 0.107261	0.998848 0.95689 1.03901 1.07472 1.01624 1.06207 0.960197 1.05749 0.95734 1.00305 
0015 0.0841584	0.913563 0.960693 0.930551 0.868319 1.01009 0.96532 1.02868 0.925176 1.01542 0.976461 
0016 0.150636	1.07499 0.995225 1.05222 1.07879 0.973182 0.963783 0.979022 0.987143 0.953478 1.02179 
0017 0.138142	1.05632 1.06236 1.16134 1.06259 1.09073 1.19219 1.07072 1.1952 1.0563 1.04009 
0020 0.0950314	1.12143 1.13376 1.12433 1.15355 1.07981 1.15094 1.01817 1.15644 1.14803 1.01042 
0021 0.0561987	0.902041 0.94559 0.873466 0.875865 0.960778 0.919992 0.960861 0.889616 0.946968 0.952061 
0022 0.129764	0.920777 0.962428 0.887099 0.927146 0.900004 0.856736 0.965189 0.855261 0.876217 1.01925 
0023 0.13507	1.0635 1.11379 1.03905 1.1043 1.00011 1.05638 1.01664 1.02419 1.08698 1.00162 
0024 0.22383	0.968936 0.993405 0.984718 1.02656 0.950075 0.973252 1.00038 0.951169 0.987044 0.98447 
0025 0.0793536	1.02334 1.03213 1.05315 0.966425 1.05788 1.12851 1.00625 1.02779 1.10137 1.02196 
0026 0.0610227	0.985624 1.04457 0.995362 1.01228 1.16377 1.19255 0.969336 1.11041 1.21799 0.980085 
0027 0.21973	0.953413 1.01865 0.931025 0.930869 1.03292 1.08958 1.01088 0.960686 1.08321 0.986164 
0030 0.231824	0.91773 0.988541 0.945556 0.947335 0.988697 0.963659 1.00424 0.997305 1.02522 0.991675 
0031 0.0886145	1.04692 1.09138 1.11466 1.12323 1.10803 1.19052 1.04475 1.12269 1.16764 1.02777 
0032 0.114403	0.975596 0.934901 0.925532 0.985564 0.953817 0.897737 0.990705 0.894664 0.970418 0.979195 
0033 0.0891632	1.00429 1.02061 1.04856 1.10324 1.0327 1.04032 0.98573 1.02544 1.0363 1.03194 
0034 0.157202	1.02891 1.0519 0.984488 0.991714 1.07098 1.0433 1.01513 1.14682 1.12168 1.01965 
0035 0.131962	0.974345 0.922555 0.910297 0.946033 0.912851 0.846747 0.962479 0.943167 0.938575 0.969382 
0036 0.0891632	1.08834 1.07674 1.10328 1.09609 1.00013 1.02882 0.96438 1.06445 1.04324 1.01309 
0037 0.097668	0.929043 0.973826 0.906972 0.885122 1.04499 1.06909 0.984889 1.02909 1.09713 0.994233 
0040 0.143695	1.01064 1.15062 1.10012 1.11162 1.10681 1.18432 1.05967 1.11399 1.0944 1.03948 
0041 0.0675766	0.97278 1.02242 1.09624 0.983352 1.03409 1.07257 1.04282 1.06523 0.977886 1.06972 
0042 0.091107	0.984509 1.01957 1.05767 1.05462 1.05373 1.12229 1.00271 1.08264 1.04292 1.01949 
0043 0.145788	0.945322 0.930931 0.903033 0.926437 0.88613 0.824445 0.976541 0.903743 0.85582 0.976999 
0044 0.137665	1.0824 1.04422 1.15613 1.15825 0.973665 1.11795 0.996428 0.964497 0.982984 1.0285 
0045 0.269804	0.944203 0.980648 0.925267 0.917942 0.980701 0.966535 1.00072 0.990716 0.943589 1.02201 
0046 0.0859153	0.937764 1.01345 0.90433 0.880984 1.08415 1.06737 1.00896 1.05098 1.07899 0.999548 
0047 0.0584492	0.852739 0.883773 0.733365 0.793891 0.994029 0.979215 0.978948 0.93825 0.905729 0.972254 
0050 0.0950694	1.05982 1.00801 1.1092 1.03572 0.917342 0.870973 0.976733 0.918026 0.943254 0.992144 
0051 0.0966279	0.962723 0.951651 1.02561 0.993889 0.954398 0.987228 0.929465 0.951747 0.953611 0.982903 
0052 0.160385	1.10304 1.0934 1.16629 1.09083 1.06854 1.05017 1.00312 1.15618 1.0911 1.04278 
0053 0.139983	1.08839 1.08401 1.17235 1.11953 0.998987 0.946892 1.00869 1.01156 1.06056 1.03441 
0054 0.113772	0.947426 0.987104 0.981271 0.912811 1.02805 1.00225 0.978347 0.996524 1.03749 0.994643 
0055 0.133466	1.05751 1.06144 1.03741 0.998793 1.12358 1.10703 1.03751 1.13341 1.11875 1.03482 
0056 0.119156	0.971791 0.954752 0.950432 0.901451 0.908983 0.841326 0.976015 0.915247 0.883797 1.00136 
0057 0.141542	0.995002 0.984434 0.93876 0.907667 0.985091 0.968518 1.00132 1.00181 0.97428 0.992684 
0060 0.077521	0.974993 0.964775 1.02562 1.04927 0.936576 0.884637 0.955064 0.94235 0.903213 0.97969 
0061 0.0675114	0.955202 0.976871 0.881336 0.878691 0.916081 0.842458 0.992227 0.905732 0.900276 0.952694 
0062 0.143861	1.05236 1.01345 1.05767 1.06535 0.971415 0.995183 0.998285 0.996226 0.972694 1.01217 
0063 0.249281	0.970475 0.970427 0.932782 0.892697 1.01042 0.989333 0.978153 1.0223 1.01015 0.98674 
0064 0.0681504	1.06541 1.15318 1.2037 1.12144 1.19012 1.20989 1.03582 1.24012 1.26911 1.01116 
0065 0.101693	1.13019 1.08403 1.17848 1.20908 1.00948 1.07921 0.968818 1.06814 1.10283 0.991933 
0066 0.206794	0.96355 1.03238 1.04405 1.02932 1.09368 1.123 0.987047 1.10904 1.12718 0.988917 
0067 0.0851879	0.984572 0.958922 0.974506 0.96133 0.864528 0.884349 0.957969 0.829913 0.866489 0.992975 
0070 0.105331	0.905901 0.891368 0.839282 0.884433 0.93032 0.88477 1.01086 0.87958 0.916333 0.994628 
0071 0.0819871	0.97691 0.915304 0.919098 0.984052 0.907173 0.912564 0.970303 0.853475 0.90066 0.994584 
0072 0.114216	0.969821 0.965903 0.976801 0.999552 0.981965 1.00737 1.03868 0.91668 1.00006 0.978131 
0073 0.171244	1.10713 1.02445 1.13468 1.14734 0.97452 0.995938 1.03162 1.0141 1.03013 1.02201 
0074 0.185622	0.974119 0.984794 1.02672 1.054 1.04245 1.00296 1.00565 0.974085 1.02961 1.00322 
0075 0.24063	0.976713 1.0483 0.993262 1.01575 1.09376 1.15791 1.04906 1.14068 1.09327 1.03843 
0076 0.0516963	0.86998 0.879325 0.857952 0.843445 0.991568 0.900346 1.00707 0.912885 0.876648 0.989777 
0077 0.049273	0.858617 0.923139 0.820666 0.872532 1.00351 0.962477 1.02853 0.95403 0.992059 0.939844 
0100 0.0537634	0.993694 1.02115 1.01634 1.11273 0.896365 0.935451 0.970416 0.913876 0.887534 1.01 
0101 0.0786644	0.960594 0.963817 0.866303 0.931572 0.895305 0.922958 1.05826 0.861022 0.88761 0.994691 
0102 0.12592	1.00883 1.0854 1.07206 1.06376 1.09814 1.08192 1.11975 1.06188 1.16686 1.04365 
0103 0.26429	0.931678 1.0217 0.909712 0.951708 0.988317 1.01091 1.06963 0.935404 0.996344 0.991882 
0104 0.10017	0.891908 0.891705 0.879031 0.943333 0.939351 0.895728 0.993317 0.822599 0.9047 0.985924 
0105 0.160158	0.939528 1.01127 0.961869 0.948411 1.06847 1.03478 1.05488 1.07716 1.05257 1.00451 
0106 0.0976231	1.08685 1.09986 1.16885 1.17201 1.07334 1.1342 1.05502 1.10495 1.13227 1.05399 
0107 0.119411	1.09045 1.03913 1.09708 1.09295 0.976873 1.04224 1.05104 0.971906 1.03976 1.02601 
0110 0.207861	1.00723 1.02269 0.969529 0.914976 1.00866 1.01287 1.05806 0.961626 0.969044 1.01296 
0111 0.127249	1.09105 1.07578 1.15221 1.1614 1.03649 1.05012 1.02849 0.998145 0.960235 1.02689 
0112 0.0892738	1.07717 1.0126 1.03542 1.06403 0.923298 0.897387 1.04718 0.931276 0.950427 0.98785 
0113 0.113924	1.01198 0.996607 0.9663 0.979578 0.959392 0.978825 0.980162 0.91659 0.911928 1.0076 
0114 0.0646236	0.953029 0.96129 0.933747 0.925085 0.887472 0.810655 1.02673 0.896472 0.856235 0.988081 
0115 0.0546302	0.894575 0.937109 0.785157 0.827013 0.913092 0.833233 1.00601 0.954079 0.851866 0.993491 
0116 0.179214	1.00019 1.00241 1.07154 1.04777 1.04511 1.05864 0.963633 1.03168 1.05031 1.02497 
0117 0.163225	0.99703 1.01202 1.01259 0.998118 1.11407 1.10531 1.00039 1.12552 1.10338 1.02322 
0120 0.0807062	1.13251 1.06653 1.17355 1.1492 0.985061 1.02859 1.00317 1.04861 0.952959 1.06976 
0121 0.224464	1.01845 0.982399 1.03691 0.973609 1.05149 0.998616 0.990878 1.08479 0.98682 1.03106 
0122 0.248424	1.06183 0.978692 0.967394 0.997932 0.964835 0.891364 0.995 0.947486 0.897209 1.03852 
0123 0.0844893	1.00038 0.920862 0.87884 0.852299 0.989586 0.961443 0.987205 1.02961 0.888804 1.00722 
0124 0.0617907	1.06441 1.08093 1.10377 1.01315 1.14211 1.21567 1.00393 1.20958 1.10738 1.01313 
0125 0.0781841	1.21363 1.10295 1.13849 1.12431 1.079 1.14782 1.04534 1.17245 1.02443 1.04092 
0126 0.151324	1.0594 0.947919 0.951552 0.981412 0.892236 0.876507 0.929745 0.899459 0.750166 0.993081 
0127 0.0706179	1.14595 1.10144 1.11632 1.06341 1.02799 0.973279 1.02595 1.06601 0.97685 0.995682 
0130 0.0805556	1.07117 1.10136 1.20506 1.15439 1.06511 1.03905 1.04538 1.12231 1.17343 0.999587 
0131 0.0666667	1.05433 1.0344 1.10082 1.03584 1.04315 1.04221 1.02209 1.0941 1.04672 1.0215 
0132 0.226389	1.00901 1.03514 1.0065 0.969889 1.00537 1.06573 1.00866 1.10119 1.0942 0.98695 
0133 0.258333	0.942215 0.909568 0.902873 0.905805 0.984909 0.943118 0.970149 0.984639 0.978456 0.985118 
0134 0.0958333	1.0005 1.04736 1.01974 0.966129 1.1189 1.08236 0.990904 1.19674 1.22545 1.01124 
0135 0.0875	1.10583 1.097 1.10681 1.02589 1.09584 1.05418 1.03145 1.11901 1.14328 1.03231 
0136 0.119444	1.03569 1.0587 1.07827 1.06563 0.990835 0.998 0.970336 0.996319 0.995557 1.032 
0137 0.0652778	0.929579 0.895835 0.921609 0.949207 0.894683 0.818159 0.958251 0.900994 0.888351 0.95498 
0140 0.100565	0.956016 0.943309 1.01457 1.03746 0.918622 0.911243 0.954921 0.917716 0.852057 0.993033 
0141 0.239548	1.00691 1.03143 1.06271 1.04184 1.0006 0.980079 0.992414 1.02669 1.03304 1.00902 
0142 0.080226	0.869521 0.843179 0.813684 0.849248 0.881749 0.752492 0.957312 0.767062 0.880283 0.989931 
0143 0.0757062	0.89885 0.911166 0.893611 0.916145 0.939282 0.896812 0.959287 0.835183 0.80681 0.975147 
0144 0.162712	0.956626 1.01048 0.95382 1.00458 1.0902 1.05727 1.0627 1.05619 1.08146 1.02261 
0145 0.132203	1.05925 1.1203 1.21963 1.1406 1.07604 1.04183 1.03461 1.11069 0.987969 1.04714 
0146 0.101695	0.976787 0.955808 0.894245 0.891931 0.973151 0.896893 0.957349 1.01016 0.962262 0.979027 
0147 0.107345	0.924551 0.94097 0.92921 0.963746 1.02092 0.901976 0.972787 0.94276 0.95655 0.96607 
0150 0.160714	0.993329 1.01856 1.02242 1.04719 0.987346 1.09682 0.996484 0.990502 1.02772 0.999441 
0151 0.103423	0.942215 1.01131 0.937842 1.04429 0.907902 0.872957 1.04724 0.908834 0.913858 1.00237 
0152 0.061756	0.981806 1.09006 1.05028 0.971739 1.0695 1.05466 1.06629 1.08098 1.02986 1.02065 
0153 0.178571	1.06742 1.1389 1.08524 1.09842 1.01039 1.09385 1.06035 1.12758 1.07451 0.999681 
0154 0.14881	0.90328 0.958679 0.928025 0.872783 1.01535 0.962377 1.0312 0.949784 0.961469 1.00857 
0155 0.168899	0.904512 0.951591 0.897493 0.899528 0.932749 0.872708 0.995433 0.920475 0.953533 0.989731 
0156 0.0543155	1.01417 1.12869 1.16136 1.07204 1.10653 1.1451 1.1035 1.08506 1.077 1.0716 
0157 0.123512	0.975881 1.08657 1.0309 1.02334 1.11527 1.15 1.07676 1.04716 1.14602 1.02875 
0160 0.152083	0.889655 0.960327 0.887187 0.913014 1.05643 0.98486 1.06997 1.09994 1.08793 0.988522 
0161 0.0715278	0.912797 0.906874 0.808293 0.888195 0.888272 0.779212 1.00014 0.811711 0.868502 0.912198 
0162 0.0847222	1.01123 1.08899 1.0456 1.00959 1.14644 1.15136 1.07296 1.20407 1.22531 0.991351 
0163 0.0638889	0.994172 0.964555 1.03524 1.00453 1.07745 1.12265 1.02228 1.03811 0.944423 1.0514 
0164 0.123611	0.941922 0.911407 0.883313 0.953225 0.923022 0.903621 1.01807 0.971382 0.914445 0.966574 
0165 0.0618056	1.1044 1.01318 1.1341 1.22643 0.941414 0.924861 1.01572 0.940049 0.979314 0.955392 
0166 0.195833	1.01075 1.0237 1.11446 1.07646 1.03617 0.977092 1.09372 1.10209 1.07523 0.980446 
0167 0.246528	0.970853 0.965704 0.943421 0.948257 0.974444 0.819434 1.03211 0.913109 0.903833 0.972576 
0170 0.196625	1.00538 1.00147 1.02896 1.01819 0.952594 0.921216 0.942 0.962758 0.903243 0.989971 
0171 0.0652971	1.10868 1.09919 1.26569 1.19309 1.06736 1.11571 1.04494 1.06784 1.01836 0.994755 
0172 0.0851064	0.895774 0.940052 0.843828 0.852957 0.909977 0.885339 0.962807 0.951363 0.880981 0.996945 
0173 0.134996	0.900446 0.897358 0.891434 0.901607 0.928948 0.869164 0.971 0.891118 0.847694 0.969473 
0174 0.178283	1.00475 1.02098 1.03592 0.975172 1.08785 1.0784 1.04048 1.082 1.1246 1.01341 
0175 0.153338	0.956423 0.992336 0.955919 0.935181 1.03517 1.0574 0.977436 1.03453 0.9907 1.0126 
0176 0.130594	1.05604 1.09623 1.05484 1.07795 1.02141 1.06765 1.03168 1.07825 0.994925 1.03053 
0177 0.0557594	0.987412 0.991243 1.02386 1.03024 1.01765 0.991475 1.00994 0.992967 1.04167 0.996049 
1000 0.190554	0.898622 0.97354 0.889944 0.87842 0.990711 0.929144 0.976038 0.967009 0.95241 0.954484 
1001 0.20228	0.992297 1.02172 0.979123 1.02129 1.0226 1.04522 0.993919 1.01256 0.98677 1.00164 
1002 0.0677524	0.960691 0.968352 0.994231 0.903685 1.04677 1.04687 0.999169 1.01628 0.985601 1.01824 
1003 0.112378	1.05784 1.08706 1.13767 1.12184 1.07098 1.13051 1.00902 1.08226 1.02283 1.05227 
1004 0.0687296	1.19653 1.1354 1.1936 1.22811 1.03486 1.05846 1.05515 1.15268 1.1164 1.02376 
1005 0.161889	0.993457 1.01728 1.0697 1.06841 0.959543 1.0309 0.97966 0.968632 0.947655 1.02282 
1006 0.114984	0.952449 0.872731 0.887841 0.922723 0.908817 0.84536 0.937531 0.868268 0.847587 0.996427 
1007 0.0814332	0.990404 1.03335 1.12187 1.03238 1.13557 1.14981 1.02128 1.10783 1.19876 1.03832 
1010 0.0807425	0.925593 0.92291 0.90667 0.932727 0.953279 0.932761 0.938122 0.941791 1.02134 0.94527 
1011 0.102088	0.889838 0.991973 0.872725 0.856786 0.953555 1.03872 1.0196 0.946788 0.981797 0.989579 
1012 0.155452	1.00079 0.997388 1.00577 0.978213 0.995344 1.04276 0.945818 0.95134 1.00954 0.982994 
1013 0.188863	1.12591 1.12297 1.21572 1.11804 1.12517 1.22703 0.987052 1.14257 1.14309 1.00916 
1014 0.0765661	1.02917 1.00203 1.0407 1.07236 0.932989 1.05518 0.954036 0.930995 0.925055 0.987601 
1015 0.0589327	0.879469 0.90727 0.83086 0.78321 0.985389 0.923282 0.941134 0.963217 0.896756 0.949273 
1016 0.0682135	0.932392 0.946319 0.894097 0.892711 0.871359 0.809631 0.938063 0.767922 0.862481 0.926765 
1017 0.269142	1.0931 1.11679 1.12202 1.05066 1.01424 1.09893 1.01073 1.05769 1.11507 0.995681 
1020 0.0970874	0.905783 0.938147 0.884861 0.899905 1.01726 0.972709 0.984499 0.970245 1.00861 0.98049 
1021 0.104556	1.03665 0.916925 0.907922 1.0034 0.89918 0.937553 0.89837 0.848804 0.814468 0.969902 
1022 0.11053	0.962761 0.983095 0.865287 0.871934 0.983972 0.951898 1.00347 0.920058 0.974452 0.94571 
1023 0.228529	1.01509 1.01769 1.05501 1.01845 1.03213 1.00733 0.980068 1.02452 1.03034 0.999752 
1024 0.100822	1.08003 0.953241 0.954215 0.958007 0.958875 0.979505 0.987207 0.854964 0.880685 1.00849 
1025 0.217326	1.07702 1.06914 1.1055 1.11115 1.09028 1.12272 1.0674 1.11023 1.08268 1.02001 
1026 0.0679612	1.22538 1.03588 1.12735 1.17972 0.992504 0.965552 0.982231 1.00244 0.948283 1.03786 
1027 0.0731889	1.04567 1.01378 0.942117 0.979802 0.971498 0.918851 0.997341 0.962557 1.00585 0.961146 
1030 0.0931149	1.14978 1.08958 1.20086 1.22067 1.00304 1.00315 0.997015 1.02299 1.08547 0.97791 
1031 0.163542	0.922268 1.00186 0.987043 0.956682 1.08763 1.11111 1.00692 1.03793 1.1183 1.00662 
1032 0.174571	0.883116 0.940293 0.888545 0.86369 0.977854 0.948358 1.00226 0.897189 0.971503 0.949594 
1033 0.0731054	1.05923 1.09691 1.13472 1.10332 1.14894 1.16979 1.03904 1.10828 1.24144 1.03276 
1034 0.0653852	1.05156 0.981161 1.0929 1.08516 0.905865 0.936324 0.976991 0.896192 0.980968 0.983515 
1035 0.222467	0.993473 1.01712 1.01854 1.0755 0.986509 0.969613 0.97372 0.902613 1.01999 0.971852 
1036 0.0880731	1.02906 1.01874 1.16587 1.13568 1.08178 1.10524 1.00956 1.06841 1.07336 1.01409 
1037 0.119742	0.937308 0.935733 0.89719 0.948389 0.866469 0.838783 0.968639 0.805437 0.888547 0.946566 
1040 0.0830116	0.967405 0.968092 0.891919 0.888789 0.92807 0.874035 1.03448 0.872134 0.908002 1.03211 
1041 0.112613	1.01661 1.12302 1.06457 1.00543 1.08652 1.06569 1.07016 1.08953 1.10425 1.03949 
1042 0.0669241	1.08272 1.06636 1.23895 1.12649 1.13392 1.2102 1.05495 1.15283 1.07088 1.07601 
1043 0.15444	0.969419 0.964509 0.986287 0.958457 1.05942 1.05751 1.05271 1.11075 1.00609 1.00167 
1044 0.195624	0.996191 0.990407 1.02904 0.967091 1.00151 0.967705 1.02612 0.938982 0.994732 1.02563 
1045 0.0624196	0.924303 0.909299 0.832441 0.885775 0.934791 0.877461 0.979654 0.966914 0.87223 0.984655 
1046 0.123552	1.02137 1.03913 1.10798 1.10728 1.03786 0.966623 1.03855 1.08503 1.08505 1.04849 
1047 0.201416	1.02015 0.935488 0.978877 1.02056 0.951464 0.948078 0.975222 0.910334 0.91375 0.985596 
1050 0.167227	0.9849 1.00717 0.991302 1.03996 1.00078 1.00845 1.02132 1.02128 0.923922 0.985653 
1051 0.103024	1.02488 0.995843 0.964798 1.06599 0.957015 0.931541 1.00292 0.899483 0.897591 1.00208 
1052 0.113475	1.16404 1.13737 1.18299 1.19282 1.10969 1.09129 1.01194 1.19396 1.14617 1.0029 
1053 0.0686823	0.941739 0.939228 1.00803 1.04221 0.903024 0.927771 0.929573 0.888204 0.886395 0.975721 
1054 0.0638298	0.9651 0.996521 0.915625 0.945095 0.931443 0.845459 1.02349 0.918561 0.91318 1.00031 
1055 0.20866	1.07171 1.0819 1.08011 1.0615 1.05418 1.1 1.02765 1.02386 1.04004 1.00596 
1056 0.095558	0.876025 0.852843 0.806794 0.833391 0.907065 0.883724 0.993996 0.924604 0.837052 0.944903 
1057 0.179545	0.934143 0.965207 0.929984 0.921068 1.00526 0.918225 1.00339 0.966986 0.959369 0.992356 
1060 0.0472765	0.952445 1.07398 0.981383 0.89916 1.02718 1.02912 1.03339 1.03647 1.00196 1.04561 
1061 0.213772	0.973444 0.961955 0.93464 0.900008 0.954731 0.877483 1.01381 0.898904 0.917348 0.981359 
1062 0.18037	0.94028 1.00686 1.02739 0.993887 1.04764 1.04302 0.972521 1.02292 1.0785 0.9791 
1063 0.0904419	1.10924 1.10403 1.19935 1.13089 1.13715 1.11408 1.05948 1.20944 1.22709 1.03159 
1064 0.105344	1.10546 1.06709 1.16625 1.1378 1.00117 1.05185 1.05616 1.09233 1.08508 1.00528 
1065 0.118191	1.04848 1.09426 1.03087 1.02044 1.05989 1.05595 1.0738 1.0582 1.05586 1.02831 
1066 0.140802	1.02906 0.980532 1.00876 0.995433 0.980971 0.963804 1.03758 0.904739 0.941302 0.999655 
1067 0.103803	1.0412 0.956449 1.02978 1.00315 0.904029 0.88643 0.991412 0.875105 0.842661 1.01531 
1070 0.0771242	1.13166 1.08133 1.21274 1.20295 0.989143 1.04783 0.894317 0.941543 0.967057 0.989161 
1071 0.177778	1.02101 0.990512 1.03159 1.00935 0.980698 0.926774 0.953682 0.94458 0.967195 0.994638 
1072 0.0631808	1.00325 1.06488 1.08771 1.06545 1.02593 0.989753 1.03222 1.06904 1.06884 1.03936 
1073 0.218736	0.963205 0.930755 0.877955 0.934057 0.941937 0.907344 0.996507 0.897423 0.902666 0.979274 
1074 0.151198	1.10763 1.09477 1.19437 1.09975 1.11434 1.1371 1.024 1.10046 1.11672 1.05461 
1075 0.119826	0.977357 0.897309 0.878847 0.877318 0.866863 0.768075 0.967124 0.819608 0.836249 0.99103 
1076 0.114161	1.03751 1.0497 0.942069 0.969422 1.0287 1.02565 1.02415 1.01546 1.00432 0.981744 
1077 0.0779956	0.954521 1.03037 0.979086 0.967409 1.07365 1.04119 0.990993 1.03484 1.08178 0.959144 
1100 0.186839	1.06958 1.09018 1.09935 1.09443 1.00333 0.984229 0.994638 0.997192 1.17492 1.01814 
1101 0.0540541	1.07745 1.02254 1.13649 1.08778 0.921123 0.917855 0.96379 0.94883 1.02068 1.02092 
1102 0.0975323	0.869758 0.879007 0.85887 0.820548 0.960123 0.935696 0.964312 0.94142 1.00448 0.948609 
1103 0.12926	0.971959 1.00451 1.01124 0.900888 1.06598 1.03259 1.00796 1.03241 1.13142 0.995356 
1104 0.114571	0.996504 1.0931 1.18333 1.14382 1.09761 1.11894 1.03284 1.13119 1.27231 1.06117 
1105 0.111046	1.03647 0.966961 0.957524 0.957526 0.895453 0.859331 0.983633 0.926009 0.927331 0.995041 
1106 0.0569918	0.950379 1.0774 1.01956 0.96995 1.17299 1.0977 1.06976 1.13178 1.34108 0.984025 
1107 0.249706	0.967898 0.945214 0.986975 0.969637 0.98088 0.988066 0.915524 0.996888 1.05494 1.0167 
1110 0.112795	1.07939 1.10474 1.15693 1.17942 1.00017 1.01262 1.06579 1.07808 1.08502 1.04567 
1111 0.098064	1.02051 1.10781 1.03025 1.02298 1.12634 1.16922 1.05745 1.11923 1.21355 1.00523 
1112 0.0883838	0.867108 0.900406 0.799794 0.831703 0.981289 0.866944 1.0446 0.928378 0.951397 0.965124 
1113 0.227694	0.980825 1.00676 0.966843 0.963066 1.00649 0.965439 1.05252 1.02375 1.04076 1.00193 
1114 0.103114	0.940735 0.993942 0.915064 0.892523 1.07609 1.17176 1.05041 1.03044 1.07436 1.0249 
1115 0.0694444	1.02424 1.0964 1.10899 1.16639 1.07992 1.13501 1.06133 1.10016 1.1488 1.02488 
1116 0.207071	0.912452 0.927181 0.946051 1.00119 0.922169 0.921485 1.0244 0.845104 0.923608 0.965578 
1117 0.0934343	1.06774 1.04224 1.03287 1.09674 1.03265 1.07507 1.0226 1.04168 1.04486 0.978013 
1120 0.0840249	1.15713 0.990472 1.08891 1.11084 0.9348 0.885932 0.943429 1.00151 0.954286 1.01487 
1121 0.280083	0.974969 0.935073 0.960047 0.928081 0.993904 0.890673 0.984309 0.923513 0.931075 0.994598 
1122 0.108921	1.06785 1.07707 1.09234 1.0792 1.03599 1.0018 1.07234 1.12025 1.08535 1.04268 
1123 0.0705394	1.10496 1.07073 1.14659 1.1893 1.06775 1.05004 1.03035 1.14847 1.18755 1.00543 
1124 0.0726141	1.11469 1.07905 1.07127 0.959914 1.12971 1.07477 1.05328 1.13341 1.08272 1.03931 
1125 0.0757261	1.11401 1.01589 1.0848 1.04818 1.12927 1.12611 1.00065 1.09418 1.09384 1.03578 
1126 0.197095	1.01038 0.957134 0.931043 0.991918 0.941194 0.875318 0.968562 0.961561 0.900184 0.973222 
1127 0.110996	0.986189 0.925163 1.00653 0.936638 1.07579 1.00085 1.01406 1.09794 1.01788 1.03401 
1130 0.102374	1.08134 1.01095 1.09952 1.11803 0.934134 0.934789 0.918787 0.923481 0.92432 0.982491 
1131 0.0979228	1.06731 1.05084 1.12877 1.12747 1.11939 1.26092 1.00981 1.11655 1.14418 1.04387 
1132 0.194362	1.05535 1.06818 1.10431 1.11277 1.05361 1.13224 1.03072 1.01887 1.00953 1.01731 
1133 0.170623	0.987499 0.944471 0.945973 0.955226 0.962068 0.931072 0.939887 1.00043 1.00328 0.961372 
1134 0.0934718	0.887196 0.817774 0.780289 0.861815 0.912721 0.830819 0.931903 0.862014 0.906465 0.942591 
1135 0.0801187	0.898166 0.950583 0.834864 0.887505 1.00598 1.03671 1.01548 1.00809 1.01539 0.976549 
1136 0.118694	0.965168 0.946063 0.985478 1.03045 0.972394 1.05158 0.949351 0.972133 0.940048 1.00051 
1137 0.142433	0.921801 0.982782 0.938806 0.933494 1.05815 1.10311 0.9815 1.06743 1.09102 1.00816 
1140 0.212933	0.900701 0.95496 0.902555 0.931293 0.999437 0.982426 0.980058 0.961328 0.930677 0.953927 
1141 0.0463749	0.9086 0.916522 0.912858 0.949759 0.884458 0.854085 0.94968 0.854838 0.903606 0.990341 
1142 0.201829	1.04113 0.994345 1.04014 1.04834 0.955399 0.99023 0.962235 1.01598 0.937971 0.978631 
1143 0.153494	0.973773 1.01211 0.921416 0.958765 1.07535 1.07301 1.03631 1.11188 1.06429 0.991649 
1144 0.085565	0.812765 0.927387 0.850892 0.887789 0.926961 0.909712 0.982353 0.900757 0.90659 0.9472 
1145 0.115611	1.01666 1.03376 1.04877 1.09048 1.07114 1.07718 1.00983 1.10844 1.01466 1.00837 
1146 0.0783801	1.08494 1.05591 1.21423 1.22376 0.968117 1.08167 1.00807 0.978926 1.03082 1.004 
1147 0.105813	1.03451 1.13937 1.10861 1.10506 1.07625 1.05905 1.05721 1.22138 1.09573 1.02103 
1150 0.106744	1.12148 1.06517 1.1396 1.09157 1.12998 1.11976 0.983067 1.08161 1.1777 1.04798 
1151 0.11626	0.904228 0.911613 0.811239 0.805315 0.953013 0.923111 0.990547 0.863593 0.964026 0.990628 
1152 0.19487	0.974953 0.973624 0.970922 0.953921 0.992859 0.989164 0.977223 0.962161 0.966086 0.993264 
1153 0.113364	1.093 0.988991 1.07206 1.04624 0.985281 0.955403 0.968967 1.01731 1.05885 1.01779 
1154 0.0711626	1.05563 1.1118 1.009 1.00275 1.03915 1.01755 1.04548 1.07388 1.17871 1.027 
1155 0.0786098	1.07559 0.972017 0.989203 0.998278 0.881155 0.823597 0.934842 0.854303 0.847608 1.0324 
1156 0.163839	1.02154 1.00745 1.02128 1.02598 1.0657 1.02585 1.01851 1.02399 1.15052 0.97723 
1157 0.155151	1.17005 1.09966 1.15728 1.08863 0.977491 0.94647 1.0392 0.939324 0.985051 1.04552 
1160 0.162524	1.00298 0.997687 1.01186 1.05662 0.937128 0.977101 1.01137 0.947748 1.03146 0.980847 
1161 0.0449331	0.992593 0.976571 1.00283 0.982044 0.995577 1.05964 0.994299 1.05246 0.98261 1.02729 
1162 0.132887	1.0693 1.11454 1.1182 1.10767 1.06787 1.17383 1.01096 1.07348 1.132 1.02507 
1163 0.192161	0.979131 1.06838 1.00454 0.981855 0.992514 1.02558 1.02993 1.07732 1.01292 0.996911 
1164 0.126195	0.877951 0.963199 0.846907 0.90967 0.977837 0.975965 1.02001 0.975127 0.977856 0.934612 
1165 0.16826	0.960618 0.946028 0.889271 0.889525 0.905594 0.904248 0.952082 0.919378 0.833282 0.972984 
1166 0.0630975	1.11502 1.10031 1.15171 1.21514 0.944747 1.04682 0.984308 0.996621 1.00361 0.970907 
1167 0.109943	0.942151 1.04841 1.02661 1.00299 1.10418 1.26695 0.99095 1.19279 1.03897 1.03304 
1170 0.147465	1.09726 1.03972 0.983318 0.988049 0.948429 0.8988 1.005 0.926994 1.04528 0.969926 
1171 0.130568	1.00075 1.00904 0.891745 0.85066 0.982736 0.938099 1.01016 1.01806 1.02475 1.02091 
1172 0.247312	1.10212 1.08905 1.10834 1.08832 1.01612 1.04709 1.03308 1.08267 1.09606 0.995835 
1173 0.190476	1.00362 0.946994 0.963125 0.920383 0.996517 0.976632 1.03167 0.919675 0.983926 0.989484 
1174 0.0706605	0.926488 0.923428 0.833555 0.895495 0.913289 0.827399 0.956892 0.858583 0.952501 0.910496 
1175 0.0599078	1.1527 1.13748 1.20998 1.11945 1.117 1.09501 0.982246 1.15952 1.16239 1.00493 
1176 0.0568356	1.02815 0.926604 0.896584 0.929354 0.882941 0.869301 0.934781 0.859809 0.920788 0.944389 
1177 0.0967742	1.01959 1.10017 1.00094 0.933568 1.095 1.08768 1.05427 1.11384 1.19682 1.00775 
BOUNDS
LWPS R    0.0  0.0  0.0  0.0  0.0  0.0  0.0  0.0  0.0  0.0
UWPS R    0.5  0.5  0.5  0.5  0.5  0.5  0.5  0.5  0.5  0.5
LXAS R   -0.5 -0.5 -0.5 -0.5 -0.5 -0.5 -0.5 -0.5 -0.5 -0.5
UXAS R    0.5  0.5  0.5  0.5  0.5  0.5  0.5  0.5  0.5  0.5
END
