ASSETS 10
STAGES 4
COVARIANCE
39.49733691833434
4.546206253466003 4.729193036476956
13.123989511561287 2.853555628185583 41.91798788838872
-16.118983027186736 5.0353828868716874 -1.1347545325591373 35.586526408338955
-13.145333840774788 3.0508850274571255 -6.1455346205404116 27.91028170161932 26.309131129558768
-15.474701059459457 3.659406814340014 6.563518216172723 25.632211119011224 19.13242673222102 23.5309309710169
-6.460889526211838 1.789655911028564 6.935430697970616 11.451524803165809 5.933813002716221 11.989434417847452 19.241352552516766
-20.297315655483846 5.585838738649954 1.4168431228700724 39.864656933223394 31.380787762399155 32.195554288385196 12.43252825715212 52.09629824295293
32.157046005063194 -10.166445235037017 12.353744047819156 -46.41554719980465 -34.3613030014057 -38.985990374989036 -10.767838423072035 -63.243263292758805 119.22794900796049
-14.23597808113554 -3.5583197973925094 0.7936618163347708 8.43609840065902 9.872472641667317 8.96589002959169 5.515790803412115 10.056926643469684 -0.03973713939694523 17.27607869355011
INITIAL
42.3 33.45 65.95 34.18 40.63 39.41 85.46 33.43 86.15 34.065
GROWTH
0.0031133628102856777 -0.00041326281765598335 4.638327747527905e-05 -0.004277185754946485 -0.003311697447938065 -0.003202594201099349 -0.000624904767283859 -0.005009869961831628 0.0038624762105081163 -0.001800569605921626
BRANCHING
2 2 8 8
END
