NAME moment_estimation_cluster
ASSETS 10
BENCHMARKS 0.1 0.1 0.1 0.1 0.1 0.1 0.1 0.1 0.1 0.1 
COVARIANCES
0 0 0.00866182
1 0 0.00859038
1 1 0.00985676
2 0 0.00845574
2 1 0.00926628
2 2 0.00950117
3 0 0.00441427
3 1 0.00390977
3 2 0.00369651
3 3 0.00424815
4 0 0.00119743
4 1 0.000883885
4 2 0.00112239
4 3 0.00050146
4 4 0.00144633
5 0 0.0020427
5 1 0.00353611
5 2 0.00347237
5 3 -0.000176697
5 4 0.000507116
5 5 0.00521356
6 0 0.00355208
6 1 0.00385923
6 2 0.00417873
6 3 0.00103642
6 4 0.000808178
6 5 0.00202042
6 6 0.00233806
7 0 0.00831912
7 1 0.0087452
7 2 0.00883522
7 3 0.00397693
7 4 0.00112965
7 5 0.00241187
7 6 0.00395548
7 7 0.00914495
8 0 0.00518596
8 1 0.00709814
8 2 0.00691546
8 3 0.00105522
8 4 0.000624341
8 5 0.00518766
8 6 0.00315957
8 7 0.00578832
8 8 0.00781269
9 0 0.00555817
9 1 0.00546113
9 2 0.00558586
9 3 0.00301105
9 4 0.000857746
9 5 0.00102507
9 6 0.00244492
9 7 0.00560191
9 8 0.00304973
9 9 0.00399536
SCENARIOS
0 0.18252	1.14555 1.16266 1.15473 1.05101 1.0013 1.06334 1.06191 1.13139 1.12696 1.07106 
1 0.81748	0.984365 0.974155 0.977943 0.996104 1.00263 0.992028 0.975164 0.985534 0.958097 0.988181 
00 0.590565	0.985197 0.98296 0.97318 0.987757 0.960437 0.976154 0.983757 0.975871 0.967955 1.00711 
01 0.409435	1.05368 1.02051 1.02207 1.01393 1.06061 1.00008 1.02648 1.03843 1.04047 1.04875 
10 0.172139	1.17937 1.20143 1.20961 1.09982 1.004 1.07624 1.07965 1.1616 1.16617 1.12811 
11 0.827861	0.977454 0.977657 0.980842 0.987551 0.994387 0.959515 1.00231 0.957011 1.0326 0.984679 
000 0.172743	1.0116 1.06228 1.05268 1.09056 0.969613 0.983489 1.0161 1.06359 0.992846 1.04009 
001 0.161889	0.871602 0.893091 0.880689 0.925619 0.941668 1.05539 0.965322 0.880342 0.937103 0.913199 
002 0.0577048	0.854435 0.881156 0.865998 0.830289 1.00229 1.01879 0.946705 0.90479 1.01656 0.857358 
003 0.212914	1.18644 1.21356 1.25178 1.09863 1.02971 1.06691 1.06489 1.20505 1.21419 1.09604 
004 0.0652194	0.985469 1.01849 1.05769 0.931391 0.999291 1.10515 1.05709 1.03631 1.12329 0.981765 
005 0.165136	0.881036 0.867733 0.878576 0.950147 1.02327 0.960287 0.981917 0.913509 0.91525 0.94084 
006 0.0881343	1.08461 1.04475 1.05552 1.04259 1.05893 1.0231 1.03701 1.08175 1.03039 1.02955 
007 0.0762594	0.982724 0.939277 0.98057 1.04392 1.01992 0.939117 0.969858 0.957659 0.993908 0.969308 
010 0.0797538	1.04208 1.12806 1.08376 1.07256 0.959997 1.02189 1.02822 1.12506 1.02589 1.06225 
011 0.0821625	1.23186 1.33362 1.27797 1.15793 1.02599 1.11695 1.08665 1.23614 1.19665 1.19763 
012 0.0959454	0.915693 0.916098 0.966998 0.939361 1.03606 0.950627 0.998536 0.952399 0.894672 0.943882 
013 0.0992908	1.05755 1.13259 1.17642 1.03541 1.03392 1.01992 1.10495 1.13996 1.04943 1.07687 
014 0.335341	0.800596 0.895566 0.876063 0.915927 0.966706 1.03985 0.930728 0.890395 0.88312 0.905669 
015 0.135019	1.00189 1.03578 1.03313 1.0634 1.02101 1.00176 1.00392 0.996895 0.958632 0.991691 
016 0.0687809	0.996982 0.993262 1.00278 1.09894 0.951628 0.976115 0.976469 0.965692 0.864038 0.993338 
017 0.103707	1.05751 1.10322 1.09819 0.948737 0.991292 1.03906 1.03407 1.09165 1.11255 1.01529 
100 0.160816	0.987248 1.04796 1.05798 0.923942 1.02855 1.07373 1.0677 1.09343 1.10288 1.01899 
101 0.101336	1.24217 1.21514 1.18584 1.09287 1.08901 1.0723 1.10218 1.2611 1.17629 1.13723 
102 0.123579	1.02967 0.973663 0.928735 1.11371 0.99607 0.86597 0.977944 0.94854 0.822944 1.00254 
103 0.131893	0.972901 0.996606 0.942957 0.994968 0.971111 0.994048 0.982626 1.0007 0.986373 0.971703 
104 0.0454093	1.18773 1.1972 1.16828 1.03972 0.944005 1.05809 1.04145 1.12748 1.1105 1.05512 
105 0.0730529	0.900827 0.919269 0.877911 0.908449 0.926939 0.917206 0.922154 0.910884 0.995354 0.88162 
106 0.163516	0.894941 0.903357 0.880306 0.900482 1.02203 0.973731 1.00484 0.881194 0.933035 0.902105 
107 0.200398	1.06818 1.07709 1.04529 1.04651 1.03704 0.947895 1.00753 1.09606 1.01128 1.01906 
110 0.144438	0.834878 0.85343 0.820681 0.880751 0.949123 1.06817 0.942929 0.846247 0.954966 0.875587 
111 0.0761274	1.21758 1.25744 1.23694 1.08183 1.06867 1.16124 1.16236 1.27381 1.1475 1.18848 
112 0.0643951	1.06969 1.04672 1.00509 1.08982 1.07182 0.97445 1.00451 1.08863 0.899194 1.06324 
113 0.121904	1.00013 0.977663 0.972685 1.04947 1.02295 0.991862 0.981805 1.00891 0.940288 1.01728 
114 0.0834269	1.0003 0.993875 1.00701 0.943884 1.07753 1.08314 1.06736 1.03388 1.03938 0.990055 
115 0.130859	0.86517 0.891367 0.873043 0.968018 1.01207 0.984562 0.954757 0.878864 0.87452 0.939123 
116 0.215394	1.01036 1.0493 1.01173 0.980495 0.948582 1.10664 0.979403 1.02257 1.05387 0.997395 
117 0.163455	1.17539 1.16013 1.15035 1.09729 1.01764 1.12137 1.0571 1.12145 1.03362 1.09307 
0000 0.0767991	0.98371 0.947834 0.956419 1.01979 0.969726 1.01256 0.939425 0.953189 0.966638 0.960281 
0001 0.0810956	0.911801 0.893585 0.885412 0.888212 0.975905 0.890522 0.895638 0.798311 0.980029 0.89085 
0002 0.0708915	0.881612 0.869578 0.872766 0.876375 1.03547 1.04133 0.960263 0.942662 0.945787 0.913179 
0003 0.196563	1.08417 1.0033 1.01594 0.99734 1.05163 0.998536 1.00197 1.06277 1.01099 1.0119 
0004 0.278195	1.14068 1.12691 1.15901 1.06501 1.01601 1.11067 1.08084 1.17256 1.16462 1.07102 
0005 0.0698174	0.941687 0.858947 0.850452 1.03821 0.9929 0.913662 0.883339 0.816413 0.853259 0.913358 
0006 0.0923738	1.14382 0.951173 0.991918 1.1227 1.00748 0.8349 0.942151 1.0497 0.832449 1.05105 
0007 0.134264	1.02673 1.03291 1.00693 0.93675 0.959386 0.923201 0.942958 0.993837 1.10847 0.973191 
0010 0.151289	0.992741 1.05636 1.05777 1.01003 0.952911 0.96511 1.02167 1.10348 1.07772 0.997469 
0011 0.163324	1.13544 1.11705 1.15033 1.15891 1.00431 0.838747 1.00249 1.13905 0.951605 1.06466 
0012 0.0636103	0.909031 0.900741 0.905723 1.03975 0.951228 0.915319 0.939757 0.971895 0.937159 0.920179 
0013 0.0532951	0.925081 0.900955 0.851657 1.08354 1.04864 0.899142 0.901273 0.899853 0.846672 0.966072 
0014 0.0934097	0.950667 0.958763 0.968737 1.00396 1.00063 0.869522 0.970845 0.965088 0.882903 0.989103 
0015 0.0991404	0.943354 0.985544 1.04249 0.892763 1.03724 1.10582 1.04136 0.989187 1.07736 0.969481 
0016 0.210315	1.07085 1.07693 1.05519 1.02986 1.04636 0.961058 1.02598 1.08413 1.05107 0.99147 
0017 0.165616	0.806982 0.819382 0.806 0.886519 0.983604 0.887018 0.894952 0.863093 0.854941 0.86107 
0020 0.0643087	1.2242 1.24837 1.2816 1.08515 1.02898 1.28324 1.11641 1.16287 1.25464 1.19137 
0021 0.152733	0.934964 1.00526 1.05744 1.01661 0.974946 1.15056 1.00948 0.912345 1.10121 1.022 
0022 0.162379	1.04347 1.11201 1.17797 1.05859 0.997407 1.18753 1.0749 1.09281 1.1526 1.06001 
0023 0.22508	0.920778 0.860518 0.925169 0.967978 0.960801 0.928977 0.969252 0.857381 0.895839 0.94169 
0024 0.0594855	1.01659 1.15048 1.13388 1.09406 1.04449 1.17153 1.03424 1.04891 1.17244 1.06713 
0025 0.125402	0.884065 0.889439 0.906207 0.997348 1.00943 1.05321 0.988639 0.808359 0.957703 0.953106 
0026 0.146302	1.01932 0.987271 1.04808 1.04221 1.023 0.935504 1.0264 1.01912 0.889506 1.07254 
0027 0.0643087	0.91173 0.946189 0.987694 0.936401 1.04285 1.00288 1.01731 0.960162 1.01621 0.967922 
0030 0.172549	1.15606 1.13212 1.13714 1.06326 1.01634 1.11634 1.09223 1.13386 1.10065 1.07092 
0031 0.155556	0.9986 0.995064 0.935165 0.957769 1.05006 0.981046 1.01312 0.999613 0.997292 0.99203 
0032 0.205664	0.925539 0.897272 0.884345 0.936308 1.02283 0.988307 1.0047 0.907153 0.876908 0.973479 
0033 0.0605664	1.26855 1.27319 1.22199 1.28361 1.01092 1.04483 1.16354 1.26938 1.05038 1.16899 
0034 0.0557734	1.05504 0.96606 0.921677 1.11408 1.00521 0.889023 0.992527 1.09885 0.837672 1.05534 
0035 0.150763	0.921331 0.927614 0.897646 0.925447 0.947101 1.11776 0.988835 0.883329 0.969565 0.945745 
0036 0.0666667	1.09958 1.12193 1.09075 1.13317 1.01946 0.991108 1.04344 1.12417 1.02766 1.09525 
0037 0.132462	1.03439 1.03152 1.06548 0.98905 0.993013 1.01637 1.05211 1.11448 1.02013 1.05733 
0040 0.125178	1.03173 1.00396 0.97774 0.994082 1.06476 0.988505 1.0309 1.05903 0.95139 1.03202 
0041 0.0611664	0.847188 0.878977 0.868401 0.973842 0.953015 0.974261 0.922658 0.923878 0.878023 0.943399 
0042 0.174964	0.96634 1.05887 1.02492 0.941604 0.992691 1.03058 1.00822 1.08971 1.04859 1.00462 
0043 0.106686	0.898703 0.917921 0.910807 0.937462 1.02342 0.897824 0.924178 0.860971 0.976595 0.933474 
0044 0.0953058	0.896348 0.92782 0.967136 0.93393 0.9782 1.10725 1.01795 0.98065 1.02331 0.953657 
0045 0.0711238	0.944125 0.988746 0.913717 1.00896 0.958971 1.10307 0.947342 0.975504 0.969907 0.941627 
0046 0.16074	1.03388 1.06859 1.0489 1.06092 0.975711 1.0034 1.0028 1.0459 1.01835 1.08257 
0047 0.204836	1.0885 1.18994 1.22209 1.05353 0.999061 1.16807 1.06868 1.19771 1.19871 1.05002 
0050 0.242697	1.00579 1.13142 1.09777 1.01307 1.00986 1.14307 1.01221 1.08396 1.14287 1.01179 
0051 0.0516854	0.950411 1.00118 0.978355 0.947439 1.06015 0.990378 0.952365 0.981292 1.10344 0.931305 
0052 0.179213	0.924415 0.930109 0.975741 0.980879 1.01823 0.962941 0.927408 0.905589 0.990564 0.937166 
0053 0.0567416	1.20688 1.21189 1.20445 1.01236 1.06924 1.25539 1.08825 1.101 1.24205 1.04701 
0054 0.124719	0.981427 0.99332 1.01546 1.00846 0.956103 1.03795 0.967436 0.977805 0.957039 1.01024 
0055 0.0949438	1.16065 1.10542 1.09569 1.08402 1.08242 0.948877 1.01756 1.11152 0.998491 1.08777 
0056 0.142697	0.899345 0.888545 0.890319 0.93831 0.980546 0.909141 0.909988 0.865222 0.937304 0.903227 
0057 0.107303	1.11596 1.04263 1.06093 1.16723 1.00862 0.883485 0.970287 1.08698 0.910746 1.02279 
0060 0.0947368	1.12496 1.19791 1.1894 1.10992 1.01387 0.945554 1.03108 1.16379 1.07052 1.15411 
0061 0.0747368	1.07969 1.09561 1.09034 0.997079 0.967226 0.931243 1.01342 1.101 1.01892 1.0274 
0062 0.16	0.946257 1.07774 1.02622 1.04666 0.982074 0.995087 0.988465 1.04818 1.05258 1.04097 
0063 0.210526	0.929034 1.03883 1.06567 0.996168 1.05961 1.01157 1.0201 1.10679 1.04522 1.07026 
0064 0.137895	0.962699 0.981485 0.910074 1.10586 1.00437 0.824894 0.928824 0.97812 0.904521 1.00133 
0065 0.0557895	0.898831 0.91481 0.901045 0.897781 1.06359 1.03491 0.930456 0.865715 0.95718 0.918089 
0066 0.112632	0.938777 0.923707 0.858063 0.98817 0.955247 0.8433 0.940609 0.895191 0.847742 0.958147 
0067 0.153684	0.831737 0.927579 0.882088 0.89342 1.0071 0.894679 0.928668 0.897382 0.959498 0.94635 
0070 0.0985401	1.00566 1.07187 1.00071 1.04392 1.01949 1.08344 1.00529 1.07315 0.979643 1.00913 
0071 0.124088	1.0688 1.02969 0.990527 1.07301 0.989991 1.05448 0.99515 1.02815 0.9667 1.00707 
0072 0.16545	0.939749 0.990277 0.957561 0.934423 0.997469 1.1707 1.00764 0.984999 0.983949 0.95686 
0073 0.107056	1.20128 1.18983 1.11768 1.14238 1.0549 1.08605 1.09949 1.16774 0.97921 1.11569 
0074 0.0498783	1.04727 1.11225 1.09121 1.02414 1.07195 1.01087 1.02835 1.12648 1.00321 1.02299 
0075 0.172749	0.979517 0.96627 0.946361 1.01637 1.0292 1.02733 0.974422 0.957519 0.889944 1.02387 
0076 0.171533	1.0997 1.18886 1.14161 1.0121 0.998901 1.11847 1.06195 1.19113 1.06158 1.09899 
0077 0.110706	0.853188 0.944208 0.915094 0.945034 0.947309 1.10754 1.01828 0.926062 0.844152 0.958816 
0100 0.119128	1.04942 0.973105 1.03628 0.956908 0.996093 0.899878 1.01416 1.03415 0.942851 1.02891 
0101 0.0553691	1.05516 1.10459 1.08221 1.00737 1.03031 1.18912 0.994872 1.00381 1.16943 0.999018 
0102 0.0872483	0.945767 0.94459 0.94162 0.88227 1.03218 1.06585 0.942255 0.845174 1.0472 0.90426 
0103 0.139262	1.09286 1.00764 1.02238 1.02209 0.970718 1.04589 0.936465 0.893028 0.980257 1.00293 
0104 0.130872	1.17311 1.04504 1.11905 1.08784 0.961971 0.923364 0.991458 1.00615 1.02803 1.06034 
0105 0.174497	0.854013 0.911351 0.892007 0.933419 0.942395 0.952036 0.913816 0.83956 0.964419 0.872449 
0106 0.172819	1.25635 1.10624 1.15947 1.07259 1.02495 0.981769 1.04764 1.12993 1.00946 1.11278 
0107 0.120805	0.972425 0.898007 0.922039 0.993576 1.02379 0.95153 0.95619 0.87053 0.945003 0.94431 
0110 0.0863192	0.983138 0.980392 0.971709 0.973382 0.958842 0.959349 0.983935 0.984544 0.936043 0.959881 
0111 0.167752	1.08236 1.06894 1.12849 0.960534 1.08071 0.926695 1.04399 1.07628 1.0627 1.03198 
0112 0.18241	0.904498 0.863356 0.887513 0.974194 1.00725 0.836265 0.928903 0.907906 0.803389 0.932496 
0113 0.198697	1.03571 1.08394 1.1093 0.948636 0.964811 1.08137 1.12321 1.13054 1.0531 0.996063 
0114 0.185668	1.02772 0.953039 1.03634 1.08834 1.02938 0.804075 0.982355 1.00464 0.865191 0.999886 
0115 0.0635179	1.04487 1.03115 1.03924 1.13102 0.938122 0.975776 0.953825 1.07454 0.960923 0.935548 
0116 0.0716612	1.20398 1.20068 1.27766 1.03055 1.02708 1.03672 1.18256 1.40423 1.12229 1.12296 
0117 0.0439739	0.866334 0.838575 0.898503 0.864901 0.890076 0.83592 0.935422 0.888215 0.890065 0.885233 
0120 0.0781032	1.05495 1.12339 1.1387 0.94187 0.97365 1.18558 1.0904 1.17698 1.13936 1.03771 
0121 0.259414	0.91569 0.847156 0.846561 0.956728 0.979552 1.0405 0.959548 0.869694 0.942365 0.938592 
0122 0.0878661	1.07108 1.14521 1.08785 0.978074 1.04261 1.29828 1.10864 1.1559 1.1965 1.07814 
0123 0.0669456	1.06584 1.09052 1.04767 1.02368 0.982319 1.10312 0.983981 1.02111 1.17176 1.02291 
0124 0.0920502	1.01216 0.966534 0.960997 1.0893 1.0664 1.10612 0.998705 0.991802 0.930824 1.03309 
0125 0.0753138	1.26271 1.26611 1.22482 1.09814 1.07384 1.23004 1.12236 1.15494 1.20938 1.15809 
0126 0.228731	1.03217 1.03714 1.00679 1.01351 0.990582 1.05429 0.990371 1.00376 1.00918 1.05441 
0127 0.111576	0.834894 0.885958 0.94217 0.826316 0.995396 1.24201 0.998444 0.88317 1.10839 0.924401 
0130 0.083558	1.09563 0.978299 1.00743 1.04219 1.0611 1.03875 0.990792 1.00408 1.01938 1.03332 
0131 0.214286	1.0026 0.966438 0.913544 0.938795 0.974302 1.06023 0.945112 0.955016 1.01043 0.973792 
0132 0.21159	0.924815 0.924934 0.96836 0.935078 1.04064 1.08468 0.952942 0.957087 1.08641 0.989533 
0133 0.0795148	1.15472 1.09524 1.12011 1.06936 1.07862 1.17573 1.11324 1.17243 0.987614 1.09706 
0134 0.0943396	1.23608 1.11825 1.0763 1.11354 1.00447 0.936582 0.968198 1.10017 0.976923 1.08551 
0135 0.140162	1.03798 1.00597 1.01558 1.10512 0.960943 1.08886 0.92793 1.03693 1.0587 0.966966 
0136 0.0431267	1.22488 1.18681 1.21344 1.18895 1.06553 1.02929 1.02687 1.26872 1.13289 1.16058 
0137 0.133423	1.1774 1.20003 1.18491 1.04203 0.997001 1.04142 1.02797 1.16084 1.19713 1.09215 
0140 0.0678372	1.21245 1.12128 1.13489 1.12487 1.05924 0.927381 1.05637 1.12911 1.06402 1.0815 
0141 0.177973	1.01151 0.980511 0.996624 1.05119 1.01389 0.963203 1.0039 0.948594 1.05501 0.997395 
0142 0.0550678	0.837211 0.775417 0.773584 0.818803 0.970701 0.91915 0.928001 0.754881 0.956021 0.826447 
0143 0.191141	0.979202 0.92083 0.92068 0.94515 0.96627 0.975818 0.974308 0.874729 0.919602 0.924577 
0144 0.247007	1.13304 1.03234 1.11227 1.01449 0.986213 0.880004 1.0539 1.0908 1.09245 1.0641 
0145 0.144453	1.18221 1.15227 1.16113 0.950278 1.05 1.12083 1.0875 1.09384 1.19226 1.02433 
0146 0.0670391	1.01615 0.935606 0.991463 0.991072 0.99165 0.817362 1.03779 1.02078 0.93455 0.989043 
0147 0.0494812	1.15119 1.00476 1.02249 1.15686 1.00996 0.840242 1.03382 1.10079 0.875322 1.10128 
0150 0.150644	1.09022 1.06127 1.11101 1.00397 0.977866 1.08588 1.03662 1.13812 1.11717 1.06909 
0151 0.0812686	1.16887 1.11198 1.14376 1.06166 1.03091 1.17387 1.12998 1.18309 1.12498 1.14602 
0152 0.0832507	1.03094 1.06166 1.05787 0.944005 0.954994 1.10587 1.02513 1.04209 1.12897 0.998552 
0153 0.181368	0.938839 0.905873 0.93153 1.01018 0.954702 0.968779 0.919637 0.962458 0.990016 0.959914 
0154 0.0971259	1.01503 0.992003 1.04614 0.989117 1.04724 1.03925 1.01254 1.06257 1.04727 1.05868 
0155 0.0654113	1.17448 1.14914 1.16521 1.14991 1.03253 1.11497 1.10601 1.15973 1.13877 1.10826 
0156 0.204163	0.909312 0.915446 0.908697 0.907318 1.00604 1.03717 0.969291 0.941119 0.972194 0.944433 
0157 0.136769	0.980388 0.908792 0.932287 0.997744 1.03321 0.837908 0.9339 0.991007 0.934606 1.00575 
0160 0.105058	0.882158 0.859016 0.86147 1.00573 1.04164 0.867266 0.933992 0.893292 0.878075 0.97247 
0161 0.0505837	0.846179 0.797136 0.789334 0.836544 0.95982 1.0511 0.943938 0.922674 0.958279 0.857108 
0162 0.214008	0.985838 0.941344 0.928271 0.995444 0.984444 0.93447 0.935555 0.990802 0.995897 0.994708 
0163 0.171206	1.09187 1.04968 1.05335 1.13271 1.02208 0.887189 0.988085 1.12863 1.0331 1.05348 
0164 0.178988	1.18089 1.11666 1.12598 1.03682 1.02701 0.917764 1.02081 1.18544 1.06149 1.12485 
0165 0.0544747	0.933032 0.889332 0.949686 0.938806 1.09131 0.863354 1.02003 0.966681 0.945604 1.02803 
0166 0.0466926	0.89087 0.901981 0.900656 0.869131 0.996989 1.04654 0.982303 0.946535 1.11122 0.923774 
0167 0.178988	0.975472 1.04017 0.977985 0.951103 1.02231 0.941576 1.00559 0.952671 1.01256 0.989883 
0170 0.0864516	0.9064 0.940734 0.978113 0.951243 1.04723 1.1957 1.0047 0.933782 1.04372 0.913609 
0171 0.135484	0.903155 0.98963 0.979806 1.01349 0.905727 1.06725 1.0252 0.952965 0.946017 0.93267 
0172 0.0735484	0.910289 0.927105 0.946343 1.0075 0.987366 1.0105 1.00646 0.976808 0.924064 0.993325 
0173 0.289032	0.944299 1.00086 1.05434 1.04237 1.01528 1.07919 1.04388 1.04226 1.03954 1.01048 
0174 0.0632258	0.996685 1.0493 1.12487 0.90288 1.0252 1.11706 1.07473 1.09013 1.18335 1.05251 
0175 0.0864516	0.913286 0.953595 0.996268 0.89659 0.962673 1.24653 1.07965 0.897152 1.08466 0.968444 
0176 0.108387	0.805553 0.857455 0.876452 0.917756 0.979129 1.00018 0.959065 0.83557 0.965882 0.925227 
0177 0.157419	1.12831 1.20619 1.20503 1.14982 1.02638 1.12916 1.0955 1.07982 1.09431 1.0945 
1000 0.0521432	0.883564 0.849974 0.822929 0.924835 0.971206 0.93753 0.902104 0.789992 0.848928 0.891756 
1001 0.0707026	1.05148 1.02878 0.97259 1.07492 1.02115 1.07326 1.01002 0.976016 0.933571 0.987912 
1002 0.0640742	1.02548 0.956961 0.994301 1.01892 1.11087 0.964519 0.978634 0.935191 0.972221 1.01042 
1003 0.202828	1.16104 1.08533 1.06837 1.03694 0.931272 0.963967 0.99337 1.04219 1.04373 1.00646 
1004 0.134777	0.935753 0.94779 0.90147 0.932275 0.957971 1.05638 0.917908 0.833401 1.02657 0.905459 
1005 0.119311	1.08947 1.0642 1.04433 0.978108 1.00784 1.07008 0.989567 1.00791 1.0431 1.00231 
1006 0.194874	1.20119 1.13667 1.1159 1.07778 1.04193 1.04523 1.05904 1.17827 1.15499 1.07629 
1007 0.16129	0.998987 0.955143 0.912729 1.04106 0.982084 0.97334 0.950277 0.940857 0.911928 0.936672 
1010 0.0995792	1.10014 1.13224 1.10847 1.0039 0.98456 0.971914 1.05043 1.08783 0.960379 1.05315 
1011 0.190042	0.944369 0.999222 1.02285 0.926732 0.990644 0.995704 1.01098 0.95721 0.99806 0.989215 
1012 0.0666199	0.817333 0.765926 0.814657 0.909091 0.989863 0.83769 0.946007 0.804434 0.778247 0.870993 
1013 0.185133	0.915575 0.946588 0.955143 1.00066 0.951012 1.01755 0.990449 0.88945 0.884595 0.950573 
1014 0.138149	1.07841 1.05653 1.02341 1.09977 0.950642 0.969484 1.0115 0.996201 0.930676 1.04603 
1015 0.0967742	0.963968 0.950756 0.983795 1.08242 1.04189 0.990965 1.00378 0.907427 0.865637 1.00025 
1016 0.134642	1.15497 1.25315 1.19557 1.10387 1.02435 1.014 1.09083 1.20358 1.11314 1.1267 
1017 0.0890603	0.91798 0.9066 0.976728 0.940498 1.08463 0.971934 1.01406 0.895253 0.936689 0.95959 
1020 0.215641	1.10695 1.08964 1.10956 1.04913 1.04225 0.980661 1.05974 1.16967 1.08176 1.0595 
1021 0.0994825	0.923266 0.874708 0.902989 0.913008 1.01504 1.00114 0.978505 0.946801 0.936509 0.949387 
1022 0.0822312	0.895565 0.827755 0.854763 0.952483 1.01344 0.972175 0.907347 0.855749 0.960478 0.921019 
1023 0.0695802	0.989113 0.96078 0.968801 1.04236 1.09985 1.06586 0.96951 0.983206 1.01971 1.00007 
1024 0.150661	0.963073 1.01085 1.00909 0.953267 1.03782 1.04021 1.01551 1.07672 1.05052 1.02829 
1025 0.0983324	1.18806 1.21384 1.19418 1.15469 0.981891 0.976501 1.0364 1.32736 1.08948 1.09544 
1026 0.0523289	0.839095 0.817869 0.810651 0.857908 0.92092 0.974285 0.932458 0.851285 0.909228 0.878193 
1027 0.231742	1.00538 1.00485 1.009 0.985366 0.945711 1.03157 0.968193 1.06533 1.03247 1.01782 
1030 0.0813578	0.938807 0.908419 1.00765 0.945468 1.02034 0.98682 1.04094 0.931932 0.898066 0.972944 
1031 0.203664	1.09887 1.10403 1.10578 1.11425 1.03799 0.898822 1.02221 1.06764 0.955469 1.08818 
1032 0.16972	0.998214 0.932601 0.994284 0.968938 1.04075 0.92034 1.0303 1.0499 0.967437 1.02726 
1033 0.0695043	0.933077 0.932121 0.976567 0.961071 0.990894 0.876869 0.993772 0.945873 0.920049 0.998934 
1034 0.0619612	1.05047 0.928814 0.996714 1.00941 1.10494 0.883749 1.05272 0.973257 0.888353 1.04231 
1035 0.165409	1.01865 1.02279 1.06215 1.03576 0.946446 0.962719 0.980854 0.958507 1.00243 1.01294 
1036 0.119073	1.15495 1.16472 1.15882 1.07783 0.997136 0.997266 1.04097 1.16793 1.15447 1.08861 
1037 0.12931	0.886322 0.847682 0.925351 0.962037 0.950818 0.870859 0.918348 0.881417 0.847732 0.951356 
1040 0.0954617	0.957651 1.0668 0.980598 0.9771 0.965878 1.03774 1.03233 1.07794 1.10002 1.006 
1041 0.226917	0.967346 1.02038 1.02326 1.01336 1.07451 0.959974 1.06416 1.13622 1.03685 1.03374 
1042 0.0798122	0.865532 0.916946 0.968532 0.90056 0.959975 0.968263 1.04559 0.988923 1.01698 0.989011 
1043 0.111111	0.844642 0.877795 0.855956 0.902711 1.00129 1.00063 0.976712 0.877468 0.907676 0.920176 
1044 0.109546	1.23013 1.20485 1.21074 1.11461 1.03859 0.896112 1.10076 1.24714 1.11893 1.1271 
1045 0.0876369	0.878864 0.951222 0.952984 1.04857 0.93668 0.941615 0.975415 0.934753 0.994334 0.991964 
1046 0.164319	1.04324 1.08274 1.06084 1.10246 0.998405 0.86546 0.998809 1.2094 1.07365 1.07692 
1047 0.125196	0.901297 0.907993 0.90125 0.990802 1.01955 1.0111 1.01813 0.982776 0.942817 0.967082 
1050 0.156615	0.960251 0.990229 0.973825 0.974137 0.981185 1.22321 1.04197 1.00471 1.04889 0.960552 
1051 0.177043	1.05205 1.11223 1.12089 1.05732 0.961922 1.12842 1.0338 1.09452 1.06366 1.05981 
1052 0.0632296	1.18728 1.15771 1.17904 1.10447 1.06286 1.0001 1.10991 1.14365 1.02406 1.12883 
1053 0.106031	0.990207 1.05759 1.10228 0.972121 1.03014 1.03939 1.04638 1.03034 1.0349 1.08492 
1054 0.0817121	1.10154 1.17612 1.20965 0.941676 0.98206 1.18482 1.12863 1.22587 1.18532 1.06208 
1055 0.154669	1.05245 0.984093 1.02008 1.13346 0.990791 0.949492 0.964432 0.932026 0.904041 1.05491 
1056 0.129377	0.95222 0.912773 0.880301 1.01162 1.02301 0.931689 0.97617 0.871499 0.838735 0.9497 
1057 0.131323	0.800737 0.827641 0.851329 0.907374 0.960122 1.03489 0.985819 0.866304 0.906036 0.887607 
1060 0.210778	1.11829 1.10046 1.13242 1.09467 1.01593 1.10488 1.05179 1.15644 1.14436 1.1014 
1061 0.0638853	1.01824 1.07128 1.01682 1.01157 0.91641 1.119 0.944527 1.05584 1.13076 1.02421 
1062 0.199044	0.890929 0.863872 0.909401 0.937185 0.941245 0.959649 0.969792 0.951273 0.910784 0.946186 
1063 0.138201	0.972406 0.989111 0.939501 1.04656 0.96967 0.876447 0.976305 1.02783 0.890731 1.00941 
1064 0.0925684	0.887514 0.920331 0.900151 0.992945 1.02931 1.00965 0.928214 0.964307 0.955285 0.9777 
1065 0.0908301	1.09174 1.06418 1.07704 0.968711 1.0735 1.04019 1.09496 1.14085 1.05791 1.09334 
1066 0.0604085	0.932021 0.88838 0.848953 1.04276 1.04839 0.841693 0.910924 0.949446 0.788896 0.978683 
1067 0.144285	1.04353 1.00599 1.05768 1.05406 0.995842 1.01224 1.02023 1.09459 0.960766 1.06929 
1070 0.105674	1.01471 1.09871 1.098 0.970004 0.976764 1.26704 1.07449 1.0543 1.19623 1.03636 
1071 0.131915	1.04433 1.06215 1.03187 1.05005 0.950548 1.07453 1.06274 1.02716 0.999111 1.05993 
1072 0.147518	1.01534 0.966815 0.98746 1.01843 1.08114 1.09849 1.09503 1.02563 0.953005 1.03945 
1073 0.16844	1.12702 1.15359 1.16217 1.13568 1.01543 0.994541 1.07197 1.17722 1.03335 1.12598 
1074 0.140426	0.955699 0.962004 0.945773 1.0087 0.951761 1.00794 0.987534 0.912779 0.988355 0.950047 
1075 0.123404	0.975919 0.949695 0.979628 0.937975 1.00802 0.980384 0.981267 0.951018 0.980023 0.99231 
1076 0.0932624	0.909997 0.881843 0.901195 0.974 1.04612 0.874214 0.954542 0.848821 0.932295 0.988497 
1077 0.0893617	0.799884 0.814872 0.843271 0.891171 0.970772 0.990028 0.948622 0.816094 0.914734 0.894047 
1100 0.0877749	1.05704 1.19227 1.23551 0.940349 1.00846 1.19417 1.08528 1.1261 1.22601 1.02514 
1101 0.102916	1.11401 1.09252 1.10254 1.04658 0.987692 0.947595 1.04071 1.08223 0.937228 1.08227 
1102 0.182609	0.922937 0.91986 0.922359 0.97594 0.930336 0.8787 0.937441 0.937778 0.838283 0.950094 
1103 0.0619949	1.0811 1.0634 1.09522 1.01569 0.930642 0.986185 0.992418 1.0104 1.04807 1.01833 
1104 0.0509463	1.01161 1.01002 1.03233 1.18997 0.953652 0.909727 0.95627 1.05552 0.880598 1.08572 
1105 0.214731	0.92314 0.980362 1.02091 0.938022 1.04105 1.01592 1.00941 0.97847 0.988247 1.00946 
1106 0.188133	0.879229 0.812911 0.837007 0.930096 1.0118 0.884418 0.939101 0.847656 0.826406 0.899467 
1107 0.110895	1.15348 1.15217 1.15809 1.10862 1.05819 0.911713 1.05121 1.19474 0.978479 1.10116 
1110 0.0947205	0.916173 0.879429 0.878467 0.956283 1.04672 0.82522 0.920005 0.926037 0.901417 0.895306 
1111 0.143634	1.08935 1.02188 1.01238 1.12355 1.02379 0.879694 0.957724 1.03149 0.877205 1.02387 
1112 0.0541537	0.990404 0.947304 0.949781 0.938596 1.11473 0.98961 0.997643 0.961613 0.935997 0.956938 
1113 0.0723991	1.21988 1.18099 1.16362 1.20486 0.981784 0.947336 0.995862 1.16797 1.04102 1.08281 
1114 0.208851	1.03268 1.12524 1.1188 1.00657 0.955561 1.06048 1.02134 1.07732 1.08597 0.998939 
1115 0.208269	1.08913 1.06275 1.047 0.977714 1.04969 1.04935 0.983372 1.00065 1.07221 0.967958 
1116 0.0694876	0.971839 0.975313 0.957347 0.924681 0.893955 0.888137 0.901424 0.933874 0.953295 0.945193 
1117 0.148486	0.867787 0.926585 0.935344 0.888717 0.979452 0.962074 0.935257 0.890897 0.962066 0.886136 
1120 0.177145	1.09734 1.02808 1.07295 1.10327 1.01578 1.02676 1.02778 1.07729 1.06521 1.06885 
1121 0.0766407	0.881509 0.820741 0.886053 0.929679 0.981485 0.920885 0.911646 0.854058 0.90375 0.927124 
1122 0.210418	1.06072 1.08006 1.09052 0.970642 1.02702 1.10525 1.13417 1.05824 1.09912 1.02994 
1123 0.143873	0.964474 0.899506 0.957833 1.01631 0.982253 0.888964 0.963584 0.943469 0.97511 0.961876 
1124 0.0968334	1.05563 1.03171 1.05611 1.04409 0.926093 1.10391 1.03822 1.02058 1.08503 1.00105 
1125 0.0968334	0.912988 0.91539 0.952131 0.945762 0.959892 0.981835 0.975451 0.88421 1.05048 0.929831 
1126 0.116108	1.1473 1.0579 1.11283 1.0708 1.09325 0.981382 1.06364 1.10147 1.1019 1.06961 
1127 0.0821478	1.08397 1.01081 1.01169 1.16612 0.947182 0.872358 0.935102 1.02006 0.910387 1.02353 
1130 0.0866667	1.06088 1.07497 1.12816 1.03422 1.08729 1.03315 1.05303 1.12446 1.03307 1.05435 
1131 0.117576	1.08569 1.10148 1.08847 1.10138 0.979625 1.06111 1.00539 1.0664 1.04087 1.05042 
1132 0.107273	1.16641 1.14897 1.14743 1.00005 0.992763 0.993806 1.08316 1.17465 1.11022 1.08442 
1133 0.110182	0.891783 0.868918 0.865158 0.940267 1.04229 0.92486 0.949124 0.908341 0.822982 0.945412 
1134 0.228242	0.94751 0.978189 0.967642 1.01725 0.992948 0.959215 0.976307 0.98775 0.968208 0.99881 
1135 0.0608485	0.972208 0.948389 0.92586 1.11732 1.02319 0.800271 0.960389 0.899774 0.835185 0.984754 
1136 0.164	0.879496 0.860239 0.885835 0.95588 0.967368 1.00558 0.958909 0.888413 0.917856 0.923242 
1137 0.125212	0.995424 1.05924 1.05964 0.946083 0.96743 1.04926 1.07365 1.03099 1.02965 0.966044 
1140 0.0944031	0.945979 0.965057 0.939332 0.922515 1.05544 0.996251 0.993468 0.928264 0.926879 0.967055 
1141 0.0605739	0.985147 1.0347 1.04696 0.876807 0.969271 1.24707 1.03011 0.980785 1.15664 0.97049 
1142 0.191109	0.895007 0.934053 0.910934 0.897166 0.964296 1.05339 0.929614 0.884369 0.976516 0.937304 
1143 0.123982	1.10348 1.15708 1.17657 0.999945 1.0443 1.20419 1.09322 1.13292 1.17664 1.09837 
1144 0.101842	0.872104 0.822161 0.85553 0.983024 1.05942 0.947799 0.900159 0.841358 0.842723 0.942716 
1145 0.117074	1.14163 1.10159 1.08761 1.09565 1.04249 1.05801 1.04021 1.02294 1.06109 1.08231 
1146 0.0655331	1.07792 1.17836 1.12617 0.974528 0.958795 1.16881 1.01247 1.05315 1.22367 1.00198 
1147 0.245484	1.06494 1.02962 1.03757 1.06054 0.996181 0.95061 0.998813 1.01512 0.988553 1.06197 
1150 0.0505872	1.08853 1.10804 1.092 1.03118 1.07041 1.01097 1.03235 1.08486 1.12189 1.04659 
1151 0.193993	1.02868 0.955509 0.937449 1.02418 0.951217 0.966248 0.94686 1.00416 0.932517 0.967326 
1152 0.0749774	1.03801 0.957654 0.969097 0.940861 1.08075 1.08139 1.00393 0.976574 1.00842 0.97472 
1153 0.12229	0.896226 0.883041 0.921663 0.923755 0.975037 1.07922 0.957558 0.89369 0.991232 0.902539 
1154 0.106369	1.17751 1.17852 1.15764 1.1047 0.963011 1.08724 1.02758 1.17698 1.10322 1.06559 
1155 0.155601	0.9814 0.850808 0.886322 0.94866 1.03223 0.918062 0.937669 0.923924 0.852293 0.921461 
1156 0.12308	1.19755 1.0958 1.07962 1.07864 1.02742 0.961544 1.05392 1.09891 1.04323 1.10149 
1157 0.173103	1.07983 1.10774 1.06267 0.979199 0.997434 1.12471 1.04322 1.12988 1.0368 1.02913 
1160 0.0585854	0.82104 0.815167 0.817634 0.898111 0.939612 0.863543 0.920659 0.805934 0.881028 0.870813 
1161 0.102902	1.0758 1.06491 1.03699 1.12625 0.950389 0.936007 1.01954 1.00071 0.949651 1.03048 
1162 0.0784798	1.16079 1.2385 1.2507 1.10076 1.00108 1.03836 1.12213 1.23211 1.16212 1.14754 
1163 0.0692186	0.971571 1.05889 1.11852 0.896056 0.978539 1.04214 1.0986 1.08495 1.14053 0.970632 
1164 0.155382	0.907698 0.892509 0.885369 0.95523 1.01696 0.872505 0.985896 0.92042 0.860489 0.95032 
1165 0.200178	1.10484 1.00637 1.05256 1.03719 1.00211 0.91414 1.03363 1.03834 0.951625 1.05548 
1166 0.211978	0.936441 0.956627 0.951686 1.03222 0.950904 0.918395 0.976364 0.935038 0.884291 0.975765 
1167 0.123276	1.00196 1.0899 1.12256 0.969951 1.06478 0.958469 1.12565 1.13822 1.06109 1.05187 
1170 0.0456518	1.0718 0.982026 1.09725 1.06387 1.08596 0.88309 1.06684 1.23507 0.967522 1.10271 
1171 0.114898	0.89288 0.883004 0.884124 0.991554 0.916593 0.857958 0.91167 0.94278 0.914463 0.941696 
1172 0.163352	1.08689 1.12044 1.11151 1.13444 0.972666 0.947198 1.05466 1.20652 1.11147 1.12597 
1173 0.0816308	0.822821 0.861363 0.888101 0.885294 0.992378 1.00673 0.945658 0.862987 0.954902 0.897276 
1174 0.206201	1.00127 1.05578 1.07661 0.98871 0.961432 0.995673 1.06504 1.11436 1.04289 1.03433 
1175 0.10631	1.02397 1.03721 1.01617 1.05345 1.01411 0.937684 1.00143 1.07302 0.98069 1.04028 
1176 0.0979931	0.966513 0.955873 1.02474 0.980225 1.05744 0.982849 1.0586 1.04067 1.02113 0.986421 
1177 0.183963	0.923469 0.953158 0.952731 0.968769 1.01825 1.00502 1.00966 0.992403 1.01267 0.982086 
BOUNDS
LWPS R    0.0  0.0  0.0  0.0  0.0  0.0  0.0  0.0  0.0  0.0
UWPS R    0.5  0.5  0.5  0.5  0.5  0.5  0.5  0.5  0.5  0.5
LXAS R   -0.5 -0.5 -0.5 -0.5 -0.5 -0.5 -0.5 -0.5 -0.5 -0.5
UXAS R    0.5  0.5  0.5  0.5  0.5  0.5  0.5  0.5  0.5  0.5
END
