NAME moment_estimation_cluster
ASSETS 10
BENCHMARKS 0.1 0.1 0.1 0.1 0.1 0.1 0.1 0.1 0.1 0.1 
COVARIANCES
0 0 0.00458249
1 0 0.00338716
1 1 0.00581817
2 0 -0.000558304
2 1 -0.0040261
2 2 0.00599381
3 0 0.00358531
3 1 0.00270447
3 2 9.54598e-05
3 3 0.0042278
4 0 0.00308867
4 1 0.00115388
4 2 0.0014172
4 3 0.00302545
4 4 0.00352964
5 0 0.00359622
5 1 0.00512305
5 2 -0.00362039
5 3 0.00314648
5 4 0.00156361
5 5 0.00669468
6 0 0.00128264
6 1 0.0019032
6 2 -0.000989679
6 3 0.00120331
6 4 0.000565456
6 5 0.00214139
6 6 0.00110898
7 0 0.00628308
7 1 0.00815883
7 2 -0.00528264
7 3 0.0051377
7 4 0.00344307
7 5 0.0084279
7 6 0.00266785
7 7 0.015204
8 0 0.00187076
8 1 0.00171283
8 2 -8.52708e-05
8 3 0.000848527
8 4 0.00104874
8 5 0.00168787
8 6 0.000829146
8 7 0.00286969
8 8 0.00252298
9 0 0.00402163
9 1 0.0057813
9 2 -0.00325926
9 3 0.00431686
9 4 0.00245151
9 5 0.00603162
9 6 0.00225261
9 7 0.00916815
9 8 0.00113799
9 9 0.00780049
SCENARIOS
0 0.78427	0.985331 0.962745 1.0298 1.00277 1.01046 0.987178 1.00444 0.95827 0.992695 0.97755 
1 0.21573	1.01888 1.10186 0.90996 0.998262 0.974627 1.07714 1.01838 1.11886 1.01889 1.06159 
00 0.624989	0.939875 0.981853 0.983194 0.935548 0.955766 0.955491 0.971854 0.942221 0.960101 0.947246 
01 0.375011	1.07269 1.04568 1.02368 1.07944 1.06676 1.05338 1.01773 1.09081 1.01447 1.07876 
10 0.790989	0.993786 0.962461 1.00099 0.989209 0.97187 0.956183 0.99693 0.931331 1.00017 0.962612 
11 0.209011	1.07019 1.07458 0.965847 1.12311 1.07701 1.10842 1.04371 1.16194 1.03644 1.16115 
000 0.0663457	0.937769 0.925996 1.00723 0.889441 0.905553 0.932675 0.969637 0.8891 1.02434 0.894624 
001 0.10923	0.920218 0.996159 0.944681 0.944713 0.907771 0.99677 0.99467 0.946865 0.958432 0.948221 
002 0.0729354	1.05954 1.20421 0.825764 1.01654 0.943141 1.11571 1.03468 1.21819 1.07361 1.12993 
003 0.154949	0.926464 0.83367 1.19962 0.965865 1.00276 0.831814 0.962072 0.838083 1.00533 0.855495 
004 0.136037	1.14733 1.134 0.974246 1.15106 1.09399 1.10096 1.07645 1.21955 1.0673 1.20548 
005 0.194998	1.12082 1.0242 1.01852 1.04902 1.04866 1.02498 0.997041 1.07635 1.0426 1.01956 
006 0.0621634	0.879552 0.865858 1.0179 0.898633 0.895799 0.862567 0.94167 0.811666 0.922711 0.861174 
007 0.203342	0.999813 1.02591 1.01272 1.00222 0.984702 0.962532 0.985021 1.0133 1.0447 1.02679 
010 0.0860222	1.12533 1.02723 1.10435 1.15719 1.13045 0.963787 0.950313 1.17626 1.00756 1.10557 
011 0.07827	0.968832 1.01533 0.950035 0.979727 0.980588 0.999928 1.00561 1.01085 0.982894 1.0289 
012 0.186699	0.911449 0.914457 1.03266 0.913994 0.918042 0.906244 0.970439 0.938164 0.994575 0.854158 
013 0.145796	1.03397 1.01098 1.01168 1.03489 1.02439 1.02369 0.968943 0.983841 1.02043 0.999684 
014 0.109075	0.962133 0.911451 1.16938 0.968611 0.994333 0.918641 0.960089 0.832987 1.00715 0.858704 
015 0.184013	1.08523 1.14224 0.902204 1.08612 1.02855 1.08937 1.07 1.22322 1.09905 1.15883 
016 0.106593	0.9461 0.866703 1.20678 0.985343 1.05681 0.890811 0.939121 0.875581 0.994869 0.8979 
017 0.103533	1.01344 1.10897 0.852861 0.964287 0.95029 1.07329 0.972451 1.11019 0.966374 1.0707 
100 0.176688	0.992284 0.997983 0.998937 0.951243 0.994236 1.05771 0.991363 0.942927 0.978045 0.985515 
101 0.131622	1.06435 1.16917 0.920344 1.02294 1.03407 1.18163 1.0333 1.26355 1.04178 1.17687 
102 0.136193	0.829643 0.919147 0.986026 0.850191 0.89418 0.930059 0.975295 0.869866 0.95774 0.893893 
103 0.126524	1.12093 1.06304 0.979471 1.08601 1.1079 1.09894 0.983591 1.21434 0.997119 1.10281 
104 0.10443	0.922419 0.945652 0.949809 0.915834 0.914464 0.967433 0.945598 0.961579 0.903026 0.930527 
105 0.131681	0.978722 0.990804 1.02287 1.02091 1.03563 1.06833 1.01915 0.959075 0.984884 1.05051 
106 0.139358	0.947963 0.893488 1.21091 0.995694 1.05425 0.879252 0.97677 0.804199 0.982759 0.898148 
107 0.0535045	1.1474 0.993266 1.1463 1.17858 1.2076 1.03747 1.0355 1.18218 1.01714 1.07469 
110 0.0842759	1.0068 0.906302 1.18753 0.982122 1.06451 0.880896 0.973396 0.878059 0.989679 0.90245 
111 0.15591	0.98445 0.928848 1.02998 0.968399 0.963541 0.948765 0.934402 0.881011 0.918652 0.9478 
112 0.231759	0.963596 1.08941 0.902674 0.952101 0.954224 1.04326 1.00394 1.07246 0.961444 1.02675 
113 0.127079	1.19626 1.11915 0.940688 1.12821 1.10468 1.10282 1.08254 1.31047 1.02245 1.20046 
114 0.0776225	0.924746 0.931612 1.03078 0.884411 0.901036 0.973111 0.956767 0.873558 0.989078 0.846984 
115 0.0946995	1.14032 0.974098 1.13026 1.10077 1.15196 0.943072 1.00253 1.05658 1.02867 1.05184 
116 0.115103	1.07244 0.996885 1.06929 1.02836 1.06032 0.982347 1.02758 1.07762 1.05298 1.01259 
117 0.113551	1.07962 1.13963 0.895659 1.01687 1.01601 1.01565 1.01914 1.15363 1.04675 1.07678 
0000 0.174662	0.993967 1.07457 0.858277 0.905853 0.952737 1.07215 0.993002 0.989082 0.981416 1.01698 
0001 0.111009	1.0893 1.16573 0.912868 1.05837 1.05974 1.14589 1.0683 1.26427 1.04393 1.15504 
0002 0.158364	1.01236 1.03854 1.02822 1.03278 1.09027 0.971812 0.981474 1.12233 1.02232 1.01609 
0003 0.0793358	1.10317 0.970376 1.18712 1.0601 1.13128 0.968509 0.987473 1.10042 1.09351 0.996648 
0004 0.121156	0.980126 0.936214 1.10104 0.957052 1.03383 0.878141 0.955656 0.798725 1.00332 0.885569 
0005 0.0605781	1.14576 1.12972 0.98674 1.12384 1.10591 1.18897 1.0342 1.34672 1.07221 1.1606 
0006 0.0848708	0.965003 0.917063 1.07289 0.884508 0.943993 0.78791 0.958689 0.788367 1.02129 0.813797 
0007 0.210025	0.992485 1.03859 0.983679 0.941988 0.946394 0.976923 0.966098 1.01052 1.02508 0.935191 
0010 0.0636907	1.09599 0.90551 1.19871 1.02674 1.07662 0.888117 0.96802 0.89213 1.16831 0.89076 
0011 0.174636	0.97774 0.910493 1.06939 0.964262 0.954014 0.92288 0.957698 0.868813 1.00433 0.922276 
0012 0.0685469	1.12649 1.06895 0.990045 1.16781 1.10103 1.05697 0.977995 1.19287 1.10039 1.12976 
0013 0.067613	0.997309 1.06466 0.858419 0.908189 0.917054 1.05163 0.976864 0.995048 1.06198 1.00806 
0014 0.222637	1.03733 0.982114 0.980428 0.933471 0.981012 1.01025 1.01732 0.895679 1.0199 1.00014 
0015 0.15409	1.01872 1.13697 0.902188 1.00513 0.962424 1.02697 0.999831 1.1576 1.057 1.09329 
0016 0.200224	1.12801 1.01619 1.00916 1.07337 1.06117 0.957525 1.00607 0.968183 1.083 1.04798 
0017 0.0485618	1.02861 1.07977 1.04743 0.984133 0.993311 1.00684 1.05954 1.03024 1.1717 1.04488 
0020 0.108531	0.840733 0.87894 1.01538 0.921425 0.93044 0.961483 0.951892 0.847539 0.920258 0.954869 
0021 0.18993	1.12112 1.0014 1.09139 1.0869 1.10518 1.02267 1.08094 1.03135 0.998196 1.09333 
0022 0.0931469	1.07386 0.994065 1.01721 0.965001 1.06781 1.04919 1.01853 1.00509 1.14426 0.981264 
0023 0.165035	0.9651 0.916285 1.14316 0.99307 0.992328 0.936311 0.987928 0.868057 0.926948 0.965676 
0024 0.182098	0.968446 0.999831 0.97266 1.0523 1.05006 1.0867 1.01076 1.20599 0.938371 1.07007 
0025 0.102657	1.03705 1.11846 0.869032 1.00451 1.00183 1.16422 1.04448 1.1704 0.9698 1.19174 
0026 0.0662937	0.859585 0.904007 0.952745 0.864847 0.88599 0.932648 0.949397 0.874492 0.945418 0.857794 
0027 0.0923077	0.921866 1.01738 0.948978 0.953901 0.937535 1.07921 1.03542 1.04095 0.980816 1.0032 
0030 0.0653061	0.916859 0.942087 1.00312 0.815826 0.844349 0.864764 0.969087 0.730002 0.962719 0.821152 
0031 0.0688611	1.03013 0.931793 1.23258 1.01192 1.0191 0.992924 0.958146 0.88513 0.973652 0.947692 
0032 0.0868993	1.0928 1.00911 0.938216 1.03514 0.968482 1.10192 1.02632 1.04768 0.972835 1.04192 
0033 0.18736	1.15028 1.12158 0.972222 1.10553 1.10354 1.09246 1.02054 1.04206 0.997379 1.13663 
0034 0.18894	1.04055 1.00348 0.965777 0.933963 0.957842 0.967577 0.99576 0.8567 0.992268 0.911674 
0035 0.078736	0.943673 0.86589 1.12327 0.888635 0.96264 0.9912 0.917234 0.828794 1.03802 0.851122 
0036 0.253325	1.10992 1.01434 1.06037 1.01602 1.03498 0.975103 0.95606 0.906372 1.01594 0.972888 
0037 0.0705727	0.976034 1.05338 0.878325 0.928896 0.898572 0.995137 1.02296 0.777868 0.948172 0.965018 
0040 0.147421	1.04031 1.14724 0.880474 1.00649 0.995359 1.10651 1.04201 1.27417 1.05257 1.08763 
0041 0.169316	0.980778 0.94118 1.00674 0.98493 1.00343 0.992583 0.968515 0.957902 0.97269 0.978041 
0042 0.0917816	1.01931 1.04345 0.995337 1.06098 1.01192 1.01339 0.944393 1.12909 0.970002 1.04645 
0043 0.0596881	1.10578 1.04593 0.981804 1.08735 1.05842 1.08842 0.977888 1.24582 1.03203 1.05553 
0044 0.0631374	1.19267 1.08037 0.963077 1.16241 1.14877 1.16384 1.01965 1.25298 1.08245 1.10084 
0045 0.153869	0.888256 0.959779 0.923092 0.909951 0.881455 1.02258 0.920512 0.937774 0.928726 0.942492 
0046 0.217606	0.894346 0.85785 1.15054 0.97494 0.973328 0.89442 0.946121 0.830091 0.998553 0.826422 
0047 0.0971806	1.06661 0.925606 1.10166 0.998031 1.05923 1.12197 1.01042 0.974923 1.0522 0.925645 
0050 0.067692	1.01237 1.05859 0.982187 1.11535 1.02257 1.00608 1.03677 1.04156 1.00206 1.10287 
0051 0.149194	0.978451 1.00492 0.946476 1.02829 1.01091 1.05478 0.971278 1.01061 0.970958 1.03166 
0052 0.16154	0.869524 0.922359 1.0201 0.923768 0.947493 0.853949 0.963086 0.92545 0.949973 0.93502 
0053 0.0700983	0.937967 0.936991 1.03373 0.938007 1.0499 0.989385 0.9989 0.9688 1.03115 0.944956 
0054 0.205482	0.940847 0.909969 1.1075 0.996978 1.06432 0.923986 0.967985 0.906397 1.01606 0.924546 
0055 0.0423729	1.11569 1.1256 1.04333 1.08649 1.16481 1.11259 1.10654 1.14969 1.13562 1.14368 
0056 0.0974053	0.964941 0.964769 1.12321 1.09181 1.09448 1.08829 1.05681 0.885662 0.990024 1.0547 
0057 0.206215	1.01514 1.12601 0.877026 0.965973 0.990597 1.10242 1.09492 1.22244 1.11289 1.07363 
0060 0.103052	1.06852 1.13462 0.939507 1.11514 1.07812 1.05077 1.02107 1.20277 1.053 1.12834 
0061 0.202822	1.01289 0.924686 1.12456 1.00469 1.01196 0.953275 1.00603 0.969436 1.01197 0.922975 
0062 0.183787	1.07145 0.989763 1.0783 1.11464 1.07183 1.0477 1.03627 0.956921 0.999457 1.08367 
0063 0.0525107	0.986271 1.0797 0.822937 0.970205 0.942372 1.07146 1.06297 1.06119 0.975937 1.0733 
0064 0.085658	0.899495 0.912908 0.957703 0.877272 0.920696 0.90045 0.941725 0.733367 0.920281 0.871582 
0065 0.118477	0.953132 0.964445 0.990189 0.933983 0.948257 0.991507 1.02693 0.871 0.952077 0.947133 
0066 0.132589	1.00393 1.00299 0.97859 0.95684 0.898893 1.05488 1.01858 0.878018 1.07895 0.930708 
0067 0.121103	0.987807 1.01659 0.941448 1.01269 0.971049 1.05678 1.07857 1.01621 0.98479 1.0848 
0070 0.0936089	0.995183 0.916878 1.19117 1.04828 1.03238 0.91819 0.99904 0.859524 0.999703 0.940426 
0071 0.0777566	1.00849 1.0058 0.98882 1.04862 0.97441 1.11943 1.05172 0.986898 0.977427 1.05705 
0072 0.0585934	1.17913 1.10612 0.933323 1.09651 1.08449 1.2018 1.06817 1.13443 1.01804 1.1587 
0073 0.123508	0.987494 0.941995 0.977684 0.943765 0.89062 1.00029 1.05013 0.870211 0.940726 0.94651 
0074 0.177486	1.02635 1.02644 0.905531 0.956522 0.986842 1.11424 1.03408 0.953877 1.00018 0.979571 
0075 0.152905	1.04593 1.07968 0.909593 1.07239 0.988318 1.14837 1.03469 1.21043 1.0009 1.09907 
0076 0.214809	1.01588 0.972251 1.09045 1.04365 1.04929 0.983825 1.00263 0.993256 0.990383 0.985452 
0077 0.101334	0.918685 0.881409 1.03643 0.906404 0.957253 0.939707 0.922711 0.889009 0.937407 0.846092 
0100 0.145059	1.14274 1.12446 0.86777 1.0578 1.03116 1.24183 1.13228 1.09014 1.02904 1.11655 
0101 0.127668	0.875265 0.917326 1.00527 0.895659 0.944856 1.02468 0.977035 0.800879 0.985554 0.838738 
0102 0.24585	1.01274 1.0623 0.934604 0.943816 0.959858 1.03511 1.11148 1.00428 1.05379 1.01102 
0103 0.0988142	0.999071 0.87475 1.25038 0.947924 1.06429 0.95347 1.01317 0.781077 1.07267 0.859796 
0104 0.113043	1.05642 1.00488 1.05265 1.02147 1.01931 1.15269 1.06608 1.04937 1.13821 0.972141 
0105 0.0944664	1.20013 1.15732 1.00037 1.11868 1.12316 1.16572 1.13949 1.30713 1.11103 1.17865 
0106 0.0865613	1.02019 1.02587 0.960089 1.01585 0.965889 1.1718 1.11087 1.06815 0.992192 1.0839 
0107 0.0885375	1.05915 0.942794 1.07602 0.925232 1.05927 0.959228 1.04777 0.923458 1.04629 0.898347 
0110 0.0986099	1.16309 1.05034 1.05488 1.12386 1.10071 0.999241 0.972136 1.17847 0.974086 1.10951 
0111 0.0768897	1.08562 1.1006 0.905271 1.05913 1.04618 1.07609 1.04296 1.10044 0.994661 1.12862 
0112 0.109904	0.971804 0.937244 0.978776 0.915853 0.973436 0.935653 0.920929 0.909717 1.02717 0.915423 
0113 0.259774	1.08386 0.993406 1.05236 1.0298 1.04149 1.0392 1.0014 0.94942 1.00262 1.02696 
0114 0.128149	0.983766 0.89395 1.14088 0.947161 1.02557 0.864913 0.936444 0.917107 0.980462 0.902842 
0115 0.141616	0.988507 0.998993 0.964285 1.00965 0.924908 1.00199 0.940589 0.991794 0.954901 1.00383 
0116 0.105126	0.898116 0.952189 1.01585 0.907496 0.955591 0.940618 0.97451 0.902049 1.0147 0.941712 
0117 0.0799305	0.926511 0.896389 1.06771 0.923437 0.976146 0.959635 0.939947 0.84985 1.04265 0.820124 
0120 0.089419	1.10979 0.999639 1.07631 1.09346 1.09175 0.960244 0.961588 0.934863 0.955282 1.0777 
0121 0.131488	1.01213 0.915141 1.14194 0.976636 1.05169 0.877335 0.949432 0.716646 0.916172 0.91835 
0122 0.109452	0.923308 0.921473 1.05931 0.919757 0.959306 0.904208 0.973858 0.799782 0.991543 0.909774 
0123 0.0655618	1.0846 1.065 1.0382 0.995477 1.06206 0.990113 0.975321 0.946425 1.0753 1.00152 
0124 0.134038	0.942638 1.03282 0.893102 0.918732 0.917728 0.956245 1.00006 0.900402 0.97394 1.00125 
0125 0.202331	1.06511 1.14283 0.875704 1.0397 1.05546 1.02072 1.022 1.12315 1.04119 1.14086 
0126 0.134584	0.987141 0.94253 0.994123 0.931387 1.00177 0.93262 0.948253 0.864885 0.942757 0.950463 
0127 0.133127	1.05221 1.1116 0.986009 1.05679 0.974996 1.09242 1.06124 0.863904 1.01182 1.15153 
0130 0.191231	0.85155 0.889938 1.02755 0.915676 0.932379 0.880632 0.983909 0.869253 0.922279 0.934923 
0131 0.0548041	0.945756 0.885949 1.21183 0.942394 0.988497 0.932165 1.03977 0.799217 0.984693 0.903216 
0132 0.0499067	1.01534 0.970493 0.95397 0.910585 0.937998 0.940916 1.02888 0.943778 0.992204 0.889079 
0133 0.111007	0.924483 1.01135 0.973681 0.97922 0.926783 1.03969 1.0653 1.00721 1.02162 1.04519 
0134 0.238106	1.04145 0.974404 1.10805 1.05533 1.03813 0.973953 0.997396 1.02757 1.04493 1.00824 
0135 0.169543	1.00008 1.0867 0.941622 1.01566 0.986482 0.977243 1.04237 1.17953 1.02405 1.0899 
0136 0.0809235	0.969945 0.930845 1.06436 0.92156 1.00609 0.974655 0.967741 0.988379 1.00725 0.892308 
0137 0.104478	1.17302 1.12755 0.947442 1.06481 1.06943 1.12284 1.08542 1.28819 1.05278 1.12212 
0140 0.186409	1.10178 1.07911 0.963913 1.10031 1.0461 1.01518 1.02318 1.13176 1.02899 1.18 
0141 0.0857232	1.03533 0.894241 0.998608 0.947919 1.00949 0.903311 0.98484 0.954682 1.03743 0.967195 
0142 0.147444	1.02775 1.03337 0.919184 0.986843 0.999352 0.987978 1.00848 1.12618 0.978952 1.02349 
0143 0.206047	0.956443 0.958442 0.990111 0.934896 0.940466 0.936724 1.02136 0.944099 0.945852 1.04497 
0144 0.0673317	0.988968 1.09683 0.893298 1.02787 0.962474 1.08225 1.05513 0.992963 0.98553 1.16284 
0145 0.148379	1.04943 0.953291 1.07559 1.04646 1.03624 0.955711 1.06235 1.02141 0.9853 1.08894 
0146 0.0885287	0.875516 0.871192 1.03088 0.865578 0.896212 0.788266 0.925641 0.94087 0.984662 0.862848 
0147 0.0701372	0.908203 0.834083 1.17772 0.933885 0.965951 0.884298 0.98891 0.795962 1.03404 0.900781 
0150 0.193829	1.03588 0.965559 1.04089 0.953491 1.02212 1.04146 0.928442 0.943634 0.933695 0.947112 
0151 0.174427	1.13372 1.13652 0.931453 0.974511 1.00564 1.1471 0.946105 1.1407 1.04957 1.02611 
0152 0.105322	0.942891 1.03922 0.936033 1.00799 0.962681 1.07943 1.02882 1.07226 0.952067 1.08297 
0153 0.0944198	0.930133 0.914366 1.10406 0.889317 0.970053 0.905416 0.950932 0.903105 0.95985 0.889684 
0154 0.0750185	0.885036 0.986353 0.959228 0.89042 0.897135 1.02506 0.923713 0.892715 0.886293 0.903422 
0155 0.0955285	1.00082 0.904813 1.11728 1.02025 1.09753 0.926881 0.919033 0.976455 0.917711 0.940146 
0156 0.157613	1.17089 1.08917 0.974553 1.11122 1.12677 1.10286 1.00172 1.2087 0.983177 1.16377 
0157 0.103843	0.993805 0.96235 1.11746 1.0162 0.997501 1.01013 0.939615 0.943488 0.907136 1.04284 
0160 0.206061	1.05909 1.01672 0.986941 1.0272 1.03374 1.00308 0.982721 0.972725 0.97607 1.06372 
0161 0.125359	1.08672 1.16252 0.864443 1.09886 1.05646 1.07948 1.0211 1.2837 1.06768 1.15148 
0162 0.100797	1.04283 0.931785 1.05383 1.0031 1.0577 0.871934 0.967546 0.968346 0.966807 0.95925 
0163 0.0488038	1.17042 1.1231 1.00746 1.21016 1.14775 1.16414 1.04661 1.18526 1.07472 1.14601 
0164 0.108134	0.957332 0.912322 0.992149 0.856071 0.912445 0.842817 0.968949 0.844 0.982911 0.862796 
0165 0.218501	0.976996 0.959156 1.01172 0.953151 0.988367 0.897707 0.981656 0.898071 0.981155 0.944179 
0166 0.0861244	1.01318 1.1415 0.831129 0.956884 0.964764 1.03104 0.980984 1.2243 1.05673 1.04919 
0167 0.10622	1.05143 0.892177 1.20816 1.03527 1.0686 0.885611 0.961069 0.876945 1.03563 0.857336 
0170 0.0732348	1.05838 1.13866 0.986323 1.06001 1.05694 1.12429 1.11471 1.32262 1.12327 1.15016 
0171 0.0623974	1.02968 0.960042 1.07952 1.01833 1.08481 0.969243 1.00707 1.06986 1.10544 0.959783 
0172 0.0558292	1.11487 1.19159 0.873512 1.12476 1.01517 1.14614 1.12499 1.39761 1.08144 1.13176 
0173 0.197044	1.05256 1.03202 1.0287 1.02779 0.981551 1.07046 1.03919 1.11916 1.10285 1.05173 
0174 0.208539	0.930024 1.07582 0.906633 0.933564 0.917637 0.997432 1.06497 0.904189 1.01656 0.974435 
0175 0.263383	0.957335 0.902529 1.09296 0.944306 0.964987 0.932273 1.00122 0.929282 1.04729 0.842881 
0176 0.0535304	1.04858 0.998864 1.09186 1.12665 1.03168 1.07197 1.08695 0.953299 0.992885 1.10078 
0177 0.0860427	1.01684 1.02567 0.952979 0.966192 1.00294 1.04173 1.04915 1.06509 1.10439 0.93441 
1000 0.182753	0.978041 1.07396 0.936171 1.04585 0.991871 0.949842 1.01385 1.10972 1.05304 1.07887 
1001 0.123383	1.0381 1.09489 0.960927 1.12254 1.02656 1.09429 1.02125 1.23482 1.02978 1.17984 
1002 0.182753	0.87889 0.89227 1.10799 0.97796 0.974036 0.795312 0.918022 1.00487 0.905749 0.908458 
1003 0.162852	0.977846 0.908576 1.11571 1.00448 1.03779 0.932843 1.03743 0.87062 1.03816 0.933868 
1004 0.0908789	0.928582 0.993271 0.902894 1.00237 0.952151 0.955199 1.00998 1.08713 0.940009 1.01881 
1005 0.0590381	0.915132 1.13658 0.814121 0.992646 0.898976 1.0222 1.00463 1.153 0.949444 1.09986 
1006 0.157546	0.892915 0.930128 1.01769 0.925365 0.91467 0.919592 0.973181 0.85957 0.976162 0.884789 
1007 0.040796	0.995115 0.962003 0.964707 1.06128 1.06691 1.01522 0.980704 1.16663 0.941783 1.01507 
1010 0.180321	0.980233 0.920057 1.05082 0.977497 1.01811 0.880646 0.966021 0.924571 1.01031 0.916085 
1011 0.110419	1.10867 0.998762 1.02834 1.04371 1.07041 1.06512 1.05202 1.02054 1.13118 0.924132 
1012 0.0979519	0.873118 0.883124 1.0005 0.880805 0.900684 0.847153 0.895504 0.853859 0.909125 0.821754 
1013 0.161175	1.04021 1.07898 0.999581 1.12159 1.04853 1.06839 1.05044 1.07269 1.08013 1.09581 
1014 0.11398	0.912993 0.986939 0.98973 0.998404 0.95885 1.00216 1.03848 0.937467 0.973916 1.04743 
1015 0.163402	0.950474 0.963529 0.830686 0.928204 0.922611 0.922526 1.02047 0.938658 0.965574 0.95433 
1016 0.0373998	1.03508 0.877208 1.19396 0.996635 1.1279 0.898594 1.05121 0.874923 1.07407 0.861212 
1017 0.135352	0.99421 1.04773 0.892898 1.03737 0.956205 1.0697 1.03437 1.10927 0.939086 1.04697 
1020 0.101549	1.14032 1.16057 0.926954 1.07889 1.09407 1.02576 0.96664 1.20995 1.04217 1.1109 
1021 0.272375	1.09392 1.06851 0.920367 0.962024 0.976403 1.11712 0.98954 1.0741 1.02702 1.00336 
1022 0.055938	1.13354 0.997161 1.05686 1.0168 1.06033 0.950172 0.970531 1.03328 0.973949 1.02172 
1023 0.0666954	1.10801 1.24928 0.839587 1.06011 1.04005 1.26703 1.05651 1.35311 1.02678 1.25885 
1024 0.0804647	1.21618 0.990347 1.07158 1.06516 1.14815 1.00632 0.982904 1.01708 1.04377 0.959877 
1025 0.233219	1.02151 0.918735 1.07102 0.911256 0.956143 0.847141 0.945875 0.811988 0.955451 0.849816 
1026 0.123064	1.04261 0.861105 1.22902 1.00883 1.06905 1.00239 0.968334 0.792754 1.00799 0.850741 
1027 0.0666954	1.18162 1.06825 1.087 1.08176 1.08455 1.00009 1.0308 0.950128 1.05903 1.05454 
1030 0.0917091	0.947906 0.923216 1.04144 1.01572 0.972916 0.947676 1.08152 0.837424 0.965741 0.999086 
1031 0.117184	1.07083 1.06026 1.054 1.14766 1.08243 1.04089 1.08924 1.04729 1.07387 1.09045 
1032 0.132006	0.978797 0.950179 1.15497 1.00554 1.06736 0.923401 1.08615 0.933534 1.0503 0.954856 
1033 0.119963	0.908071 0.992849 0.962794 0.916196 0.906694 1.01319 1.01612 1.02549 1.03476 0.927231 
1034 0.173228	0.999055 1.05213 1.01025 1.02026 1.019 1.02736 1.08995 1.0939 1.1302 1.03325 
1035 0.10931	0.90284 0.915265 1.00008 0.941299 0.963626 0.879103 0.981916 0.75409 0.938137 0.955549 
1036 0.164428	1.04207 1.08728 0.889394 1.05278 0.946698 1.02716 1.05832 1.0551 0.975314 1.14038 
1037 0.0921723	0.911982 0.847515 1.14064 0.946195 0.973168 0.861259 0.968647 0.720342 0.927012 0.852339 
1040 0.0544332	1.05936 1.04914 1.01362 1.11415 1.11298 1.07651 1.02239 1.075 1.02035 1.01416 
1041 0.208193	0.934629 0.951826 1.02549 0.977688 1.00748 0.980977 1.01452 0.920703 0.982299 0.992877 
1042 0.111672	1.03257 1.12554 0.912285 1.07667 1.04671 1.15832 1.09581 1.20384 1.03653 1.17434 
1043 0.204826	0.915582 1.03246 0.91824 0.932414 0.926216 0.958914 1.03282 0.970117 0.977214 0.992212 
1044 0.0650954	1.04332 1.21217 0.807496 0.99361 0.954388 1.19503 1.03737 1.285 1.10573 1.0619 
1045 0.126263	0.902474 0.856442 1.11269 0.91502 0.942326 0.818465 0.952768 0.73865 0.980339 0.803482 
1046 0.0465769	1.06237 0.986941 1.10825 1.01094 1.16485 0.934688 1.0101 1.06331 1.145 0.925551 
1047 0.182941	1.02427 0.929791 1.08314 1.00924 1.0449 0.951609 0.937099 0.870662 1.03944 0.951788 
1050 0.23409	0.941986 0.93323 1.00909 0.962485 0.931207 0.960317 0.989396 0.940667 0.971395 0.96094 
1051 0.124166	1.07075 1.08208 0.956737 1.03685 1.00427 1.10781 1.01761 1.24947 1.10328 1.12094 
1052 0.149088	1.09496 1.04341 0.991184 1.02773 1.05661 0.951603 0.946029 1.19948 1.01437 0.946584 
1053 0.0974633	0.990015 0.919563 1.14299 0.971442 1.03834 0.855991 1.0006 0.909569 0.965973 0.948822 
1054 0.0876725	1.07016 0.992017 1.10459 1.10183 1.05353 0.971827 1.00398 1.25199 1.0927 1.06568 
1055 0.127281	1.01682 0.981922 0.938869 1.07283 0.993389 1.06395 0.95526 1.14651 0.857047 1.0397 
1056 0.0854473	0.927251 0.899122 1.01869 0.948837 1.00799 0.817776 0.932058 0.969914 0.871228 0.875918 
1057 0.0947931	0.842415 0.867551 1.0525 0.896154 0.894098 0.86996 0.934695 0.861921 0.892201 0.885221 
1060 0.167788	0.992878 0.888041 1.09155 0.983819 1.01323 0.952978 0.949753 1.00916 0.97043 0.931793 
1061 0.214466	0.928856 0.922208 0.998489 0.899116 0.928403 0.939165 0.936267 0.971326 1.03072 0.916377 
1062 0.103448	0.967813 0.981891 0.922766 0.946921 0.892959 1.00953 1.02195 1.00198 0.90593 0.993347 
1063 0.100505	1.0807 1.08234 0.858332 0.99617 1.03173 1.13618 1.00723 1.34587 1.01413 1.0912 
1064 0.058032	1.21658 1.09776 1.00628 1.12751 1.15291 1.11105 1.10031 1.3766 1.0364 1.22593 
1065 0.0462574	1.10221 0.992652 0.956528 1.05064 1.15656 1.01952 1.01452 1.25629 1.07003 1.06246 
1066 0.186291	1.03565 1.06411 0.95261 1.08051 1.01956 1.16467 1.01685 1.18713 1.05752 1.09427 
1067 0.123213	1.0212 1.01003 0.955339 0.977768 0.996655 1.04508 0.940716 0.969655 0.962581 1.00103 
1070 0.11391	1.10366 1.19485 0.884775 1.00759 1.01214 1.18461 0.976631 1.23714 1.20134 1.1345 
1071 0.0865279	1.02526 1.15698 0.883167 0.956542 0.910016 1.20762 0.96303 1.15048 1.02188 1.1048 
1072 0.0821468	0.989187 1.13759 0.925647 1.08264 0.992923 1.05344 1.02503 1.09043 0.974327 1.20359 
1073 0.185104	0.885386 0.912862 1.08672 0.901893 0.986864 0.882644 0.929869 0.781638 0.979613 0.901896 
1074 0.147864	1.01779 1.05592 0.952978 0.99363 1.00479 1.05776 1.02251 0.957435 1.05192 1.0188 
1075 0.129244	1.03113 0.984331 1.08591 1.02801 1.02178 1.0196 0.960471 0.961977 1.02068 1.01251 
1076 0.193866	0.954368 1.06421 0.970766 0.926334 0.907207 1.01793 1.02751 0.851005 1.02096 1.00996 
1077 0.0613363	1.05895 1.08754 1.05206 1.07691 1.13389 1.12766 1.01689 1.26868 1.02884 1.17144 
1100 0.128947	0.981562 0.91995 0.99811 1.05267 0.98442 0.997873 0.980591 0.996502 0.866049 0.956486 
1101 0.0842105	0.968877 0.995821 1.0721 0.947635 0.95715 0.96371 0.994768 0.885394 1.06857 0.870538 
1102 0.178947	0.981798 0.931934 0.990406 1.01285 0.968316 1.07452 1.03317 0.954878 0.89128 1.02483 
1103 0.102632	1.11813 1.00081 1.17304 1.04097 1.0848 1.02853 0.986125 0.914922 0.977556 0.947386 
1104 0.223684	0.98219 1.0141 0.940537 0.958496 0.95969 0.893483 0.983398 0.994414 0.998884 1.0299 
1105 0.113158	1.11215 0.990388 0.981908 1.02649 1.08453 0.946777 0.974739 1.0941 0.966605 0.99216 
1106 0.0973684	1.04644 1.15512 0.99267 1.09974 1.03981 1.03849 1.0661 1.19248 1.01335 1.15953 
1107 0.0710526	0.821015 0.856254 1.08084 0.926224 0.913698 0.758582 0.913359 0.695742 0.82985 0.856584 
1110 0.0896159	0.934215 1.05426 0.945827 0.977169 0.962977 0.997643 1.06343 1.01554 1.06921 0.985435 
1111 0.180654	1.04326 1.01144 1.06466 0.984748 1.06608 0.834081 1.02724 0.99534 1.13742 0.910877 
1112 0.147937	0.989023 0.927161 1.12942 0.962782 0.966652 0.915167 0.997234 0.931037 0.968365 0.899504 
1113 0.0967283	0.957046 1.00717 0.996216 1.00918 1.01057 0.972258 1.07716 0.901991 1.03449 0.990456 
1114 0.194879	1.04332 1.01517 1.07408 1.09455 1.08538 1.0714 1.05002 1.12428 1.12516 1.04722 
1115 0.0881935	1.05195 1.11375 0.906968 1.04498 1.00247 1.09078 1.13175 1.22825 0.986397 1.11271 
1116 0.0440967	1.13124 1.18757 0.943213 1.08073 1.01772 1.24129 1.12452 1.31009 1.09994 1.11435 
1117 0.157895	0.938174 1.00298 0.880849 0.905032 0.927462 0.96356 1.00297 1.00531 0.990669 0.884255 
1120 0.0688995	0.923893 1.01525 1.08881 1.03514 0.963343 0.998474 1.05842 1.00646 1.01833 1.14176 
1121 0.0794258	1.04333 1.05517 0.902698 0.994328 0.980486 1.04792 0.954733 1.12887 0.879363 1.063 
1122 0.160766	1.02201 0.898905 1.13658 1.07173 1.04392 0.982239 1.02053 0.948117 1.01548 1.00429 
1123 0.160766	1.13303 1.10683 0.961756 1.04735 1.01377 1.10379 1.06172 1.28035 1.12602 1.13082 
1124 0.0889952	1.02633 0.836402 1.19461 1.02399 1.08186 0.976655 1.04598 0.813637 1.00639 0.92682 
1125 0.134928	0.964809 0.875656 1.05904 0.961271 0.92453 0.950365 1.00105 0.852976 0.9825 0.894901 
1126 0.0794258	0.801446 1.03041 0.891235 0.934019 0.850503 0.943562 0.983041 0.97413 0.964605 1.00051 
1127 0.226794	0.946207 0.919413 0.985187 0.922699 0.959429 0.931468 0.955385 0.969138 0.998865 0.921891 
1130 0.129145	0.95113 1.13877 0.974264 0.995427 0.964848 1.27678 1.02782 1.12314 1.0148 1.08906 
1131 0.0575916	1.09938 1.19991 1.00873 1.11238 1.02115 1.18399 1.0516 1.23381 1.07075 1.17073 
1132 0.0575916	1.09329 1.10938 0.951184 1.14365 1.10528 1.16919 0.984907 1.14448 0.991817 1.17217 
1133 0.17452	0.972911 1.02081 1.20901 1.04912 1.0333 1.06502 1.01843 0.91619 1.02043 0.970183 
1134 0.108202	0.829011 0.886661 1.13436 0.892252 0.945225 0.892221 0.91382 0.726026 0.977084 0.819655 
1135 0.150087	0.986594 1.00215 1.04295 0.991132 1.00309 1.01051 0.957284 0.847479 0.925157 0.97281 
1136 0.240838	0.888917 0.958658 0.976972 0.945013 0.913581 0.980982 0.908678 0.891324 0.951339 0.936374 
1137 0.0820244	1.05772 1.08102 0.912288 0.991652 0.988935 1.07346 0.897536 1.16995 1.00984 0.954396 
1140 0.125714	0.950818 0.939912 1.08795 0.953034 1.04241 0.921689 0.96264 0.858347 0.97032 0.909484 
1141 0.0971429	1.15651 1.14993 0.997063 1.05787 1.06055 1.13947 1.10177 1.25316 1.01508 1.14256 
1142 0.217143	1.02081 1.05382 0.889644 0.961286 0.923792 0.902782 0.982262 1.02959 0.953151 0.975082 
1143 0.142857	0.915299 0.855672 1.09047 0.961787 0.973951 0.769803 0.955139 0.934005 0.908792 0.94196 
1144 0.06	0.978562 0.902294 1.14406 0.911448 0.980653 0.787672 0.974016 0.818918 1.06446 0.848914 
1145 0.182857	0.980929 1.05074 0.942992 1.02408 1.00741 0.92392 0.999213 0.986582 0.968731 1.02608 
1146 0.0714286	1.02004 0.89014 1.03543 1.04403 1.04987 0.915458 1.00497 0.833126 0.913756 0.987905 
1147 0.102857	1.07768 0.946241 1.14157 1.12627 1.11883 0.93875 0.991219 0.873587 0.926081 1.00587 
1150 0.203747	1.07335 0.986935 1.0435 1.0256 1.00182 0.942403 0.955342 0.975036 0.966234 0.969039 
1151 0.217799	0.892887 1.0379 0.91244 0.970194 0.934707 0.949074 0.987667 1.06745 0.977534 0.942339 
1152 0.147541	1.07398 1.04339 1.09328 0.99489 1.07436 1.11846 1.03029 0.945714 1.05558 0.945114 
1153 0.0655738	1.06475 1.07912 0.90932 1.04093 0.992788 1.12993 0.988862 1.0529 0.887272 1.08462 
1154 0.0749415	1.12759 1.1979 0.963867 1.15005 1.08035 1.45731 1.10516 1.14446 1.05192 1.16648 
1155 0.145199	0.929689 0.891816 1.1568 0.908338 0.975192 0.876101 0.96408 0.960592 1.00784 0.811476 
1156 0.088993	0.909671 0.909662 1.13912 0.995511 0.965017 1.11192 1.00376 0.800135 1.02448 0.934202 
1157 0.0562061	0.945503 1.13704 0.998741 1.09059 0.981524 1.22896 1.10987 1.03958 1.06572 1.26607 
1160 0.156069	1.00159 1.04793 0.954221 0.98707 0.94411 1.11678 0.971655 0.837107 1.00703 0.975203 
1161 0.236994	1.08836 0.987109 1.03115 1.01895 1.00932 0.987836 0.973905 0.994887 0.937014 1.02356 
1162 0.123314	0.881509 0.930641 1.07113 0.962879 0.948028 0.841276 0.932028 0.7497 0.893783 0.863583 
1163 0.136802	0.9763 1.08713 0.91033 1.05265 0.956649 1.05655 1.07024 1.03996 0.929313 1.14665 
1164 0.0539499	1.0082 0.901636 1.2034 1.00001 1.03992 0.96501 1.01174 0.789811 0.97217 0.921245 
1165 0.125241	1.06966 1.05818 1.03333 1.11126 1.06738 1.14154 1.00465 1.18958 1.08206 1.06502 
1166 0.109827	0.927445 0.922357 0.992317 1.00108 1.01956 0.953691 0.965454 0.803577 0.891139 0.945036 
1167 0.0578035	0.987987 0.91656 0.93723 0.909328 0.954148 0.958019 0.938427 0.851891 0.920056 0.865374 
1170 0.107422	0.924694 0.907678 1.10175 0.99866 0.958198 0.966337 0.969047 0.933944 1.01831 0.967443 
1171 0.173828	0.878144 0.863294 1.03404 0.928855 0.906524 0.923047 0.994088 0.814307 0.921288 0.875475 
1172 0.0917969	1.012 0.871437 1.2038 1.00454 1.07915 0.84919 0.964914 1.06816 0.877145 0.920504 
1173 0.078125	1.01949 1.14181 0.861098 0.954772 0.979466 1.25855 1.09412 1.30474 1.0463 1.04044 
1174 0.132812	0.996802 0.914615 1.04425 0.999941 1.03189 0.99691 0.96275 0.904313 0.94125 0.944549 
1175 0.220703	1.01232 1.02037 0.947714 0.987038 0.970046 1.01977 0.985789 1.03596 0.979774 1.02212 
1176 0.0957031	1.06727 1.01545 0.972879 1.09154 1.07355 1.22339 1.08749 1.12517 0.88899 1.12883 
1177 0.0996094	1.09929 1.02417 1.15165 1.05169 1.06097 1.05329 1.04364 1.04815 1.03425 1.0345 
BOUNDS
LWPS R    0.0  0.0  0.0  0.0  0.0  0.0  0.0  0.0  0.0  0.0
UWPS R    0.5  0.5  0.5  0.5  0.5  0.5  0.5  0.5  0.5  0.5
LXAS R   -0.5 -0.5 -0.5 -0.5 -0.5 -0.5 -0.5 -0.5 -0.5 -0.5
UXAS R    0.5  0.5  0.5  0.5  0.5  0.5  0.5  0.5  0.5  0.5
END
