NAME moment_estimation_cluster
ASSETS 10
BENCHMARKS 0.1 0.1 0.1 0.1 0.1 0.1 0.1 0.1 0.1 0.1 
COVARIANCES
0 0 0.00498834
1 0 0.00192028
1 1 0.00280497
2 0 0.00549181
2 1 0.00347439
2 2 0.00818645
3 0 0.0048391
3 1 0.00293614
3 2 0.00701166
3 3 0.00687805
4 0 0.000345927
4 1 0.00189916
4 2 0.00200599
4 3 0.00115748
4 4 0.00334484
5 0 0.00144752
5 1 0.0030024
5 2 0.00420585
5 3 0.00305735
5 4 0.00434647
5 5 0.00691993
6 0 0.000228085
6 1 0.000754756
6 2 0.000524277
6 3 0.000282301
6 4 0.000701037
6 5 0.000820766
6 6 0.000523784
7 0 0.0014327
7 1 0.00299076
7 2 0.00359863
7 3 0.00257052
7 4 0.00381842
7 5 0.00555887
7 6 0.000929084
7 7 0.00545977
8 0 0.00123569
8 1 0.00294219
8 2 0.00346744
8 3 0.00244293
8 4 0.00372334
8 5 0.00520712
8 6 0.00106194
8 7 0.0050456
8 8 0.00570525
9 0 0.000845611
9 1 0.000841516
9 2 0.00158368
9 3 0.00109888
9 4 0.000677799
9 5 0.00131863
9 6 0.000237584
9 7 0.00102041
9 8 0.000849467
9 9 0.000748587
SCENARIOS
0 0.34157	1.03015 1.01931 1.0815 1.07749 0.984065 0.998944 1.00324 0.995586 0.999482 1.00206 
1 0.65843	0.974562 0.991989 0.954111 0.962992 1.01825 1.00565 1.00154 1.02709 1.00667 0.992392 
00 0.34684	1.1056 1.03702 1.11333 1.11349 1.00511 1.0646 1.00439 1.03842 1.06418 1.01928 
01 0.65316	0.96943 0.981296 0.965065 0.943329 1.00291 0.967472 0.986385 0.989182 1.01512 1.01059 
10 0.281381	1.08849 1.08007 1.15035 1.0917 1.09688 1.16134 1.01448 1.06726 1.12608 1.04736 
11 0.718619	0.986368 0.973861 0.976407 0.973792 0.96419 0.943962 0.999713 0.92635 0.987318 0.983274 
000 0.273571	0.992642 1.02137 1.03838 1.0373 1.04684 1.11363 0.977886 1.06128 1.05664 1.0198 
001 0.115894	1.02221 0.962977 0.980907 0.974855 0.882034 0.838994 0.952788 0.867556 0.804429 0.994979 
002 0.081202	0.996847 0.913582 0.896714 0.908012 0.918491 0.879657 0.973203 0.895552 0.88292 0.969471 
003 0.0972398	1.04919 1.07078 1.08498 1.03376 1.18343 1.20236 1.0794 1.25026 1.15058 1.04282 
004 0.173968	1.02428 1.00954 0.998997 1.02611 0.973696 0.976093 0.985781 0.987774 0.962217 0.972449 
005 0.0691314	1.16286 1.13724 1.24297 1.17526 1.11222 1.14597 1.02554 1.17093 1.1942 1.05881 
006 0.0584114	0.880275 0.83995 0.789511 0.831078 0.852551 0.789832 0.977616 0.793494 0.797425 0.967888 
007 0.130582	0.925715 0.976509 0.870878 0.899682 0.989676 0.939702 1.00776 0.941573 0.978222 0.996624 
010 0.100134	1.08178 0.972998 0.969651 1.00726 1.00009 1.03284 1.00729 0.990411 0.957822 0.975132 
011 0.0568803	1.20788 1.07689 1.22302 1.18319 1.0729 1.10532 1.03925 1.08241 1.06092 1.04654 
012 0.147064	1.06948 1.0367 1.03309 1.06521 1.06315 1.16053 1.03719 1.09756 1.07266 1.01221 
013 0.177051	1.04961 0.933731 0.9282 0.9913 0.894667 0.880636 0.978924 0.862098 0.834599 0.9808 
014 0.0955177	1.04497 1.03633 0.930442 0.999991 0.962911 0.986387 1.04693 1.00233 0.95523 0.991001 
015 0.0651277	1.1381 1.02808 1.08579 1.13071 0.965326 0.983006 1.02473 1.0144 0.984429 0.993759 
016 0.186463	0.901443 0.929152 0.821134 0.852485 0.948447 0.913258 1.00333 0.905908 0.925759 0.940201 
017 0.171762	0.9999 1.08183 1.05937 1.04709 1.14442 1.23798 1.02966 1.20784 1.11965 1.03288 
100 0.0867922	1.03399 1.05474 1.16046 1.12328 1.06381 1.10723 1.0254 1.16013 1.11856 1.03195 
101 0.183624	1.09383 1.0212 1.12015 1.14155 0.963101 1.00443 0.998705 1.01278 0.981194 0.987459 
102 0.306903	0.911228 0.943483 0.931513 0.937117 0.942612 0.930043 1.01302 0.961056 0.931141 0.949676 
103 0.0747558	0.814936 0.956922 0.854035 0.889398 1.0363 1.0075 1.00589 1.05687 0.990679 0.967778 
104 0.0840395	1.00295 1.07548 1.1136 1.06225 1.15597 1.17314 1.07197 1.20595 1.16994 1.01551 
105 0.0976953	0.941179 1.03451 0.981967 0.990616 1.02862 0.991108 0.986237 1.10062 1.02462 0.993281 
106 0.0637988	0.857546 0.990533 0.888338 0.878605 1.10092 1.12907 1.03562 1.1392 1.10449 1.00056 
107 0.102391	0.964568 0.984423 1.00417 1.01977 1.00935 1.01197 0.980822 1.07082 1.04875 0.975758 
110 0.129576	0.990329 0.937201 0.906769 0.958123 0.871892 0.845113 0.957624 0.902671 0.850441 0.987074 
111 0.109646	1.01592 1.05214 1.03159 1.03574 1.04262 1.12595 1.01067 1.0899 1.05698 1.02842 
112 0.127187	0.925696 1.05978 1.04743 0.990129 1.14276 1.15783 1.02394 1.17282 1.15961 1.02931 
113 0.135705	1.07157 1.03665 1.11288 1.11007 0.980732 0.978143 0.996534 0.99657 0.97455 1.00937 
114 0.113281	1.11133 1.0976 1.21188 1.1869 1.07067 1.17085 0.996746 1.1181 1.05786 1.0403 
115 0.0661721	0.915765 1.00272 0.931425 0.912653 1.08229 1.13223 1.00139 1.05953 1.03674 1.01199 
116 0.233114	0.966832 0.997127 0.932689 0.951099 0.963789 0.915686 0.986972 0.967515 0.905168 0.988304 
117 0.08532	0.86437 0.961415 0.815047 0.8457 1.00927 0.97065 0.990484 1.00277 0.972448 0.990898 
0000 0.0527615	0.885381 0.95597 0.877871 0.902743 1.00573 0.979121 1.02171 1.01358 0.923094 0.987313 
0001 0.157359	1.14945 1.04537 1.14351 1.10675 0.969783 0.969328 1.04017 0.976381 0.986705 1.02478 
0002 0.0691145	0.876133 0.997481 0.846202 0.838459 1.00213 0.845994 1.03535 0.985648 0.981924 0.959636 
0003 0.0657205	1.03203 1.10123 1.06692 1.01098 1.13154 1.08404 1.02893 1.13687 1.03369 0.990756 
0004 0.259796	0.984972 0.965248 0.963743 0.973492 0.931219 0.878058 0.998631 0.964097 0.929542 0.975109 
0005 0.16569	1.03909 1.0459 1.03149 0.990332 1.05569 1.01438 1.01715 1.00755 1.03539 1.01491 
0006 0.119408	1.12047 1.06224 1.14162 1.15066 1.03895 1.03217 1.01149 1.05162 0.995425 1.02612 
0007 0.110151	0.980029 1.07446 0.913094 0.88662 1.0573 0.953795 1.00208 1.04296 1.01461 0.986959 
0010 0.0546249	0.82828 0.961884 0.778143 0.849464 0.990045 0.897216 0.99954 0.954835 0.98896 0.966097 
0011 0.0917698	1.13512 1.07549 1.10486 1.13977 1.09652 1.22124 1.01315 1.08853 1.05555 1.03652 
0012 0.19665	0.970727 1.00476 0.985054 0.959807 1.08733 1.1841 1.01492 1.0857 1.09699 0.991643 
0013 0.129643	1.05853 0.977842 1.02354 1.06921 0.937412 0.849558 1.03956 0.881796 0.96128 0.972336 
0014 0.0742899	0.922212 0.935067 0.859511 0.939582 0.874779 0.764069 1.02303 0.825668 0.922587 0.97771 
0015 0.115076	1.14566 1.03373 1.15126 1.18594 1.02011 1.04714 1.07953 1.01491 1.03015 0.990706 
0016 0.165331	0.978323 1.02548 0.957681 0.990312 1.01828 1.0248 1.03061 0.944353 0.998616 0.999312 
0017 0.172615	0.946736 0.95381 0.90726 0.891791 0.975734 0.913516 0.99235 0.968057 0.995896 0.996681 
0020 0.152807	1.05942 1.01366 1.1139 1.14457 1.04789 1.08857 1.00839 1.04335 1.06054 0.982825 
0021 0.142412	0.856221 0.920816 0.857256 0.912571 0.925107 0.848036 0.972084 0.906666 0.885893 0.96112 
0022 0.107069	0.933564 1.02391 1.01246 0.960953 1.09664 1.10197 1.00329 1.08295 1.0726 1.03367 
0023 0.106029	1.07248 1.02758 1.04098 1.03616 1.03628 0.992305 0.998578 1.01154 1.02502 0.992298 
0024 0.140333	0.924404 0.97793 1.00927 1.05709 1.01842 1.0584 0.974843 1.05032 1.03662 0.99553 
0025 0.114345	0.95547 0.967312 1.0163 1.04731 0.954084 0.916465 0.968311 0.915906 0.830956 0.989734 
0026 0.16632	0.944111 1.00642 0.914801 0.925084 1.01764 0.941375 0.995321 0.981888 1.01139 0.963159 
0027 0.0706861	1.05795 0.958663 1.00783 1.02195 0.88843 0.811342 0.941436 0.901373 0.823346 0.966007 
0030 0.0894097	0.935907 0.995261 0.896789 0.890873 0.96565 1.01003 0.935855 0.932914 0.968131 0.993375 
0031 0.0963542	1.01482 1.02165 0.974084 0.973701 0.987627 0.967793 0.980306 0.985576 0.987949 0.991211 
0032 0.178819	0.959916 1.0667 0.994493 1.00857 1.06386 1.05748 0.9788 0.981882 1.04371 1.02873 
0033 0.0815972	0.823542 1.02356 0.909546 0.921161 1.05498 0.992133 0.991505 0.937139 0.978849 0.984773 
0034 0.203993	1.00113 0.995397 1.06672 1.05598 0.958813 0.992483 0.923417 0.89992 0.879984 1.01389 
0035 0.0416667	0.80735 0.951134 0.817186 0.835584 1.00297 0.944617 0.906972 0.976036 0.998467 0.943099 
0036 0.112847	0.960715 0.96494 0.854381 0.907919 0.882579 0.864595 0.953825 0.807546 0.899421 0.923461 
0037 0.195312	1.07789 1.14776 1.18531 1.12408 1.08675 1.13458 0.991507 1.07821 1.07034 1.04322 
0040 0.196992	0.939566 0.958308 0.869701 0.882353 0.96328 0.895578 0.971898 0.930346 0.905429 0.992074 
0041 0.166424	1.01017 1.03056 0.968641 0.970264 1.00328 0.892217 1.03965 0.983797 1.0674 1.01058 
0042 0.101407	1.07668 1.01911 1.12216 1.09883 0.936184 0.910062 0.991592 0.877785 0.923507 1.08239 
0043 0.0402717	1.271 1.01344 1.22538 1.20227 0.962675 1.0009 0.98273 0.977715 0.979226 1.06237 
0044 0.077147	0.95738 0.994008 1.01362 0.933516 1.12455 1.12825 1.03458 1.08991 1.09154 1.01537 
0045 0.150412	1.06931 1.05774 1.02082 1.09654 1.04879 1.02732 1.02555 1.01426 1.03232 1.05123 
0046 0.162542	1.00706 0.971606 1.05054 0.985997 1.03324 0.962073 1.01571 0.969192 0.990897 1.04535 
0047 0.104803	0.954798 0.965519 0.95932 0.979791 0.931828 0.849332 1.00522 0.910142 0.870773 1.0165 
0050 0.126984	0.815902 0.960704 0.827374 0.884096 0.944342 0.935851 0.975527 0.947146 0.844367 0.971365 
0051 0.0622711	0.990905 0.928788 0.955538 0.984713 0.883881 0.859243 0.958354 0.863964 0.822653 0.957867 
0052 0.130647	0.933066 1.03488 0.99053 0.992322 1.0692 1.06414 0.988852 1.0153 0.955895 0.978871 
0053 0.279609	0.961562 0.997495 0.979539 0.995763 1.00898 1.0409 1.00898 1.02819 0.953446 1.02723 
0054 0.125763	0.972806 1.04489 1.05343 1.06724 1.11098 1.14014 1.01541 1.10402 1.061 0.995688 
0055 0.103785	1.08088 0.979867 1.05817 1.14353 0.952317 0.9641 1.01239 0.919928 0.862021 0.941387 
0056 0.0732601	0.984718 0.922841 0.920471 0.965186 0.967024 0.903569 0.969336 0.891595 0.863937 0.997756 
0057 0.0976801	1.13807 1.03894 1.14418 1.18546 1.02115 1.11367 1.00974 1.08309 1.06298 1.0204 
0060 0.112717	0.957474 0.96696 0.936145 0.951147 0.894486 0.894724 0.952332 0.922923 0.942317 0.925228 
0061 0.140173	0.873989 1.09308 1.00637 0.93232 1.13568 1.164 1.0276 1.20473 1.15609 1.01176 
0062 0.083815	1.13033 1.05569 1.05418 1.01643 0.926682 0.981005 0.979915 0.905744 0.929635 1.04402 
0063 0.225434	1.03364 1.1591 1.12964 1.08751 1.06926 1.02871 1.04937 1.12914 1.07288 1.01965 
0064 0.0679191	1.03271 1.00069 0.986665 1.01651 0.951351 0.915532 0.930666 0.950436 0.997182 0.960228 
0065 0.135838	1.0549 1.04162 1.02114 1.03933 1.044 1.02131 0.997423 1.07177 1.04712 0.957445 
0066 0.0650289	1.10625 1.06027 1.07497 1.15746 0.9276 1.06044 0.919255 1.00777 0.940957 0.973207 
0067 0.169075	0.91677 1.01979 0.93102 0.939458 1.01595 0.941727 0.991032 0.973891 0.979738 0.968516 
0070 0.159664	1.06423 0.988263 1.02854 1.02843 0.919845 0.976668 0.983074 0.996755 0.847627 0.987771 
0071 0.0530058	0.902553 0.976653 0.872416 0.877657 1.02328 0.931682 0.96708 1.01767 0.984307 0.941806 
0072 0.120879	1.10642 1.06272 1.1175 1.04797 0.995275 0.989261 0.990714 1.08759 1.02241 1.02375 
0073 0.125404	0.986531 1.05011 1.01519 0.955325 1.03256 1.0461 1.01051 1.07955 1.01601 1.01364 
0074 0.0530058	1.08521 0.934624 1.02555 0.943992 0.99666 0.979544 0.971454 1.02911 0.995404 0.956433 
0075 0.0898513	0.889902 0.943973 0.914975 0.888212 1.08075 1.0674 0.960583 1.02274 0.96492 0.960127 
0076 0.223659	1.07753 1.03317 1.13118 1.04485 1.09271 1.14832 1.00079 1.16666 1.04886 1.04738 
0077 0.174531	0.935483 0.972656 0.913344 0.882398 0.959242 0.93236 0.946777 0.997871 0.844822 1.00019 
0100 0.0658013	0.829992 0.935877 0.896 0.926493 1.0075 0.999449 0.954041 0.966886 0.979145 0.997825 
0101 0.205909	0.961065 0.956879 0.95499 0.946412 0.925708 0.915325 0.928341 0.901906 0.917115 1.02594 
0102 0.0693823	0.922185 1.07818 1.11041 1.0596 1.11625 1.13863 1.01124 1.09862 1.16459 1.04696 
0103 0.159803	1.0023 1.04161 1.08974 1.08393 1.03602 1.0509 0.957916 1.07881 1.09091 1.01745 
0104 0.152193	0.885321 1.03436 1.01476 0.997275 1.08623 1.16116 0.975924 1.08454 1.06431 1.01015 
0105 0.118174	1.01686 1.01894 1.10311 1.14768 0.975574 1.04948 1.00926 0.96662 0.988571 1.02357 
0106 0.0532677	0.856354 1.01291 0.923202 0.874057 1.0555 1.03613 1.02184 1.03366 0.999093 1.00194 
0107 0.17547	0.908128 0.979551 1.01834 1.00019 0.996028 0.963938 0.999199 0.989213 1.02351 0.995543 
0110 0.182821	0.985882 1.00778 0.999808 1.02978 1.08207 1.1829 0.983452 1.09261 1.08993 1.03838 
0111 0.13554	0.936793 0.99699 0.970393 1.00078 1.00047 1.03629 1.00008 1.0273 1.01985 0.983041 
0112 0.12766	0.939761 0.893727 0.848106 0.90732 0.903616 0.944231 0.938923 0.848526 0.873707 0.991309 
0113 0.0851064	0.869662 1.01566 0.892469 0.946581 1.0246 1.05929 1.02805 1.07382 1.05436 0.988602 
0114 0.23089	0.950362 1.0052 0.974483 1.0779 0.951526 0.94961 0.962331 0.909396 0.945597 0.975141 
0115 0.100867	1.05694 1.06364 1.10494 1.17618 1.04302 1.16835 0.96161 1.06991 1.06882 1.0013 
0116 0.0898345	0.932556 0.918976 0.88607 0.92916 0.962933 0.957589 0.946611 0.961014 0.978533 0.942838 
0117 0.0472813	1.02214 1.12869 1.21878 1.22546 1.11252 1.3696 0.990906 1.14539 1.23535 1.04221 
0120 0.190795	1.12892 1.05812 1.13737 1.11961 1.01667 1.00781 0.944373 1.00539 1.07339 1.01509 
0121 0.134105	0.969092 1.04828 1.00901 1.01824 0.950585 0.94027 1.0028 0.967046 0.941123 0.967611 
0122 0.122524	1.00417 0.974375 0.968111 0.955882 0.903031 0.860101 0.997336 0.871171 0.889935 0.99171 
0123 0.0905212	0.899114 1.00349 0.95925 0.87827 1.03574 0.987291 0.977034 0.994621 0.986224 0.989198 
0124 0.156355	0.932161 1.03769 1.03867 1.04193 1.03902 1.05101 0.987497 1.04394 1.06067 1.00719 
0125 0.0512039	1.09066 1.09321 1.22921 1.18884 1.09785 1.14769 0.972588 1.15035 1.09213 1.03651 
0126 0.173728	0.938802 0.998989 0.930107 0.94797 0.99306 0.992364 0.979808 0.951278 1.00257 0.969748 
0127 0.0807681	1.01176 1.03114 1.10622 1.03091 1.12454 1.20294 0.974627 1.12396 1.12508 0.982026 
0130 0.10962	0.982585 0.930473 0.936098 0.959244 0.904968 0.909291 0.962427 0.939491 0.949346 0.963371 
0131 0.182785	0.932058 0.969753 0.890473 0.86168 0.985136 0.991941 1.00688 1.00458 0.979501 0.990865 
0132 0.0503797	1.05186 1.14685 1.1447 1.10848 1.16327 1.27866 1.04613 1.17255 1.21807 1.05029 
0133 0.133671	1.01895 1.06663 1.14702 1.1303 1.02164 1.05581 1.01003 1.09155 1.1262 0.988226 
0134 0.153924	0.933851 1.01154 0.961177 0.987662 0.992467 1.0264 0.99153 1.00218 0.99494 0.974737 
0135 0.206582	1.00469 1.01328 1.06228 0.986022 1.08035 1.09711 1.03151 1.1085 1.11284 1.00484 
0136 0.0513924	1.01652 0.90904 0.935055 0.949203 0.818767 0.799558 0.9805 0.86617 0.868936 0.943371 
0137 0.111646	1.0318 1.01004 1.07792 1.10079 0.95798 0.987841 1.00372 0.927258 1.00019 1.01412 
0140 0.133271	0.963649 1.05712 1.05077 1.02499 1.0886 1.10363 1.01439 1.1284 1.09206 1.02107 
0141 0.0652276	0.913048 1.06159 0.98233 0.92724 1.11763 1.16616 0.992914 1.0853 1.10187 1.00227 
0142 0.134679	1.02906 1.00162 1.10313 1.03247 1.0091 0.986533 1.03327 1.04408 1.0578 0.994206 
0143 0.122008	0.987492 0.980015 1.00774 0.996302 0.953611 0.980395 0.994331 0.956724 0.978652 0.970941 
0144 0.1145	0.969365 0.942795 0.955473 0.927871 0.909881 0.880029 0.931384 0.906311 0.919898 0.979367 
0145 0.157672	1.10004 1.02284 1.19894 1.14137 0.977867 0.967015 0.941716 1.01067 1.00005 0.983075 
0146 0.160957	0.905872 0.99297 0.988892 0.975549 1.02348 1.05867 0.983897 1.04473 1.08718 0.99855 
0147 0.111685	0.931763 0.92325 0.913867 0.867378 1.01465 0.990541 0.97875 0.964816 0.979591 0.977454 
0150 0.137646	1.0568 0.992724 1.09077 1.07917 0.99186 1.12416 0.954715 0.970908 0.954185 1.01907 
0151 0.200275	0.916315 1.03992 0.983489 1.03132 1.10319 1.16069 1.00026 1.08111 1.11581 1.02123 
0152 0.053682	1.12354 1.07435 1.16595 1.22573 1.08985 1.19601 0.933175 1.10769 1.02538 1.02686 
0153 0.108052	1.03308 0.932826 1.02101 1.04932 0.924958 0.962738 0.936736 0.919762 0.905963 0.988691 
0154 0.160358	0.905467 1.02954 0.969911 0.931387 1.03947 1.06116 0.971483 0.98746 0.96926 1.00865 
0155 0.0681349	0.871416 0.91844 0.855905 0.849669 0.983353 0.959974 0.97101 0.875369 0.857169 1.0046 
0156 0.116311	0.929376 0.933348 0.917747 0.935024 0.93114 0.9596 0.979705 0.874185 0.8838 0.983635 
0157 0.15554	1.03685 1.03828 1.07532 1.03104 1.01011 1.05897 0.977938 0.987113 1.0614 1.00418 
0160 0.110817	0.972828 0.86946 0.870263 0.934053 0.844544 0.79847 0.938357 0.826406 0.772449 0.975312 
0161 0.0975962	0.962189 0.988184 0.888501 0.92222 1.04768 0.964066 1.04658 1.09967 1.08218 0.997898 
0162 0.102885	1.15371 0.998001 1.04597 1.11876 0.954229 0.960416 0.988512 0.992748 0.967032 1.02721 
0163 0.108894	0.963968 1.03963 1.00068 0.981151 1.12349 1.22829 0.994424 1.10132 1.06016 1.02141 
0164 0.120192	1.012 0.952367 0.960027 1.00977 0.945812 0.976163 0.957468 0.939094 0.892677 1.01477 
0165 0.0579327	0.888952 0.906272 0.825405 0.806069 0.944682 0.920141 0.993543 0.917756 0.923428 1.01187 
0166 0.13774	1.01784 1.13446 1.14769 1.14362 1.12938 1.24264 1.01286 1.14626 1.13844 1.05639 
0167 0.263942	1.1037 1.00077 1.02334 1.03028 1.02932 1.00604 0.97792 1.05181 1.00433 1.00534 
0170 0.188674	1.14108 1.03258 1.08762 1.0678 1.02305 1.04183 1.06242 0.996393 1.04021 1.0388 
0171 0.110908	1.03094 0.955842 0.986625 1.02283 0.934432 0.87549 0.989344 0.87799 0.927797 0.955637 
0172 0.0701983	0.909046 0.902896 0.823208 0.900808 0.891564 0.810662 0.988569 0.79652 0.885025 0.936626 
0173 0.295146	0.969717 1.01335 0.94329 0.923943 1.05701 1.06608 1.04268 0.980571 1.09362 0.995837 
0174 0.07881	1.19719 1.12217 1.22734 1.2385 1.13214 1.28703 1.04375 1.07181 1.21596 1.01739 
0175 0.108038	1.10198 0.949688 1.03205 1.07388 1.00169 1.00482 1.00426 0.987056 1.05115 0.930374 
0176 0.085334	0.901498 0.931227 0.821065 0.85181 0.95041 0.953808 0.935701 0.882104 0.908247 0.98236 
0177 0.0628914	0.838902 0.935353 0.762277 0.809774 1.00044 0.978421 1.03019 0.930081 0.986529 0.948568 
1000 0.136816	0.955008 1.00856 0.864289 0.890594 0.993057 0.956377 1.01122 0.975412 0.966202 0.947229 
1001 0.0901741	0.95881 0.959473 0.926256 0.968193 0.971601 0.959364 0.968781 0.938993 0.94156 0.963954 
1002 0.145522	0.928555 1.001 0.878705 0.888599 1.04206 0.996187 1.0118 0.983775 0.999822 0.956639 
1003 0.130597	1.00691 1.11117 0.988168 0.977007 1.07763 1.06104 1.02205 1.05836 1.00753 1.03444 
1004 0.164179	1.13686 1.15245 1.15711 1.14561 1.07029 1.06354 0.987221 1.09759 1.03938 0.997112 
1005 0.139925	1.05723 0.970712 0.981617 0.996444 0.944335 0.872681 0.996313 0.879136 0.905405 0.966846 
1006 0.045398	0.904193 0.901427 0.834719 0.857929 0.906023 0.901613 0.926914 0.866129 0.810948 0.947791 
1007 0.147388	1.06833 1.04522 1.10437 1.14867 0.96697 1.01123 0.995323 0.961363 0.975716 0.996767 
1010 0.106408	0.878742 0.969245 0.886884 0.89267 1.01743 0.969678 1.04414 0.985373 0.977334 1.00709 
1011 0.074368	1.07442 1.14605 1.22934 1.192 1.08517 1.02592 0.982015 1.18184 1.10731 1.04299 
1012 0.156085	0.970277 0.994671 1.04067 1.00894 1.01996 0.941893 0.937056 0.973403 1.0376 0.996802 
1013 0.0614345	0.931754 1.03082 0.9884 0.961789 1.06484 1.13263 1.02694 1.18833 1.08681 1.03081 
1014 0.095826	1.02065 1.01763 1.03025 1.00917 1.00619 1.01946 1.00518 1.05909 1.0081 1.04751 
1015 0.228395	0.953658 0.937052 0.892043 0.902775 0.922394 0.89401 1.00423 0.917879 0.884488 1.01019 
1016 0.198119	1.06322 1.02459 1.06031 1.11337 0.927989 0.917353 1.00242 0.962726 1.01215 1.02433 
1017 0.0793651	0.993631 1.0613 1.05109 1.02593 1.11538 1.07843 1.02437 1.18402 1.13957 1.01961 
1020 0.148083	0.971111 1.02165 1.03839 1.05772 1.01302 1.02593 0.985771 1.04821 1.00145 1.03682 
1021 0.175167	0.936278 0.93877 0.927812 0.922122 1.00258 0.949214 0.962197 0.986372 0.973974 1.00814 
1022 0.106753	1.00119 1.08531 0.96172 0.949157 1.11459 1.07836 0.990073 1.15523 1.13184 1.01747 
1023 0.0916286	1.11951 1.11672 1.19207 1.18358 1.03097 1.06499 1.02246 1.10546 1.10027 1.06691 
1024 0.0664791	0.90665 0.979942 0.915854 0.884669 1.04972 1.03415 0.958955 1.0147 1.03759 1.00463 
1025 0.268203	1.00345 0.963484 0.988274 1.03452 0.934006 0.952891 0.995011 0.931554 0.897203 1.0222 
1026 0.0714034	0.866203 0.873271 0.803818 0.831441 0.916489 0.783277 0.95522 0.862968 0.879992 0.97832 
1027 0.0722828	1.08335 1.0278 1.0135 1.04747 1.07002 1.11012 1.00664 1.04718 1.06269 1.02829 
1030 0.0714801	1.04093 1.02296 0.961901 0.928765 1.04002 0.98227 1.01279 1.0737 1.09518 0.980406 
1031 0.20722	1.02174 0.943713 0.963622 0.91795 0.977274 0.946607 1.006 0.953715 0.998258 1.01121 
1032 0.143682	0.982512 0.999254 0.923048 0.907672 1.0153 0.973274 1.02985 0.997482 1.00784 0.976912 
1033 0.109025	1.00826 1.04291 1.04373 1.02295 1.05397 1.03436 1.03141 1.07365 1.13553 1.01517 
1034 0.067148	1.09414 1.04898 1.12602 1.05464 1.11968 1.13798 1.00441 1.18613 1.15788 1.01104 
1035 0.179783	1.09825 1.00412 1.0201 1.0179 0.947948 0.997545 1.00518 0.932635 0.947913 1.02165 
1036 0.105415	1.0335 0.978159 0.91045 0.902966 0.908668 0.851041 1.01139 0.865496 0.885414 1.00161 
1037 0.116245	1.15589 1.09812 1.20102 1.12188 1.03366 1.08609 0.988786 1.05897 1.02478 1.04971 
1040 0.0937701	1.12095 1.10382 1.15525 1.19148 1.06762 1.20409 0.955639 1.16119 1.1651 1.07586 
1041 0.142582	0.90627 1.05374 0.987686 1.02344 1.02369 1.07273 0.99158 1.03301 1.04509 1.01927 
1042 0.114322	1.0346 1.0236 1.0089 1.08324 0.978325 0.983678 0.956789 1.02201 0.960268 0.985854 
1043 0.0725755	1.04232 1.07384 1.16267 1.13395 1.00144 1.07535 0.980763 1.10967 1.14993 1.03774 
1044 0.201028	0.88824 0.93662 0.860673 0.894601 0.931918 0.928664 0.953121 0.940949 0.933483 0.957915 
1045 0.162492	0.919843 0.98502 0.930159 0.91367 1.00782 1.01092 0.939588 0.966457 1.00658 0.998463 
1046 0.101477	1.13122 1.00648 1.036 1.12832 0.915301 0.935487 0.962002 0.974516 0.939991 1.02003 
1047 0.111753	0.887804 1.04916 0.965463 0.942653 1.10736 1.14227 0.951847 1.19693 1.13136 0.987106 
1050 0.132044	0.97263 0.944829 1.00117 0.962477 0.955049 1.00056 1.02364 0.910578 0.939165 1.03181 
1051 0.201105	1.06599 1.05217 1.09208 1.07446 0.971399 0.989866 1.00732 1.00304 1.02122 0.989504 
1052 0.148066	1.02208 0.940611 0.962845 0.935786 0.957347 0.97537 0.997904 0.967305 1.00057 1.00082 
1053 0.0469613	0.986042 1.08475 1.03685 0.98953 0.956007 0.996004 1.05768 0.921846 1.02373 1.01532 
1054 0.0734807	1.17619 1.10286 1.25629 1.16196 0.988261 1.06349 1.03053 1.01279 1.01989 1.0798 
1055 0.219337	0.896061 1.06789 1.00897 0.979258 1.08423 1.19117 1.02095 1.0971 1.1131 1.03064 
1056 0.0519337	0.946575 0.923988 0.872619 0.846292 1.0053 0.996523 1.01897 0.936053 0.940087 0.979994 
1057 0.127072	1.1443 1.02214 1.04767 1.03437 1.05832 1.06576 1.03416 0.99342 1.03837 1.01493 
1060 0.14467	1.04262 0.96351 1.01095 1.01338 0.959523 0.926936 0.948229 0.954569 0.848127 0.996202 
1061 0.0693739	0.954162 0.977663 0.89005 0.868906 1.00802 1.01282 0.958343 1.01459 0.963469 0.953674 
1062 0.105753	1.02482 0.992412 0.946988 0.978182 0.915104 0.895181 0.94718 0.899228 0.930596 0.971622 
1063 0.0499154	1.15762 1.03498 1.21681 1.13888 1.04189 1.02379 0.96211 0.997157 0.98331 0.998047 
1064 0.0981387	0.878104 0.974709 0.868397 0.871464 1.00033 0.914508 0.971838 0.912037 0.949943 0.971876 
1065 0.234349	0.990924 1.06743 1.04127 1.00403 1.09539 1.0654 1.01896 1.09114 1.07177 1.01507 
1066 0.0854484	0.912509 0.904999 0.88206 0.840943 0.928882 0.779756 0.980398 0.82962 0.836899 0.982948 
1067 0.212352	1.09877 1.07885 1.11186 1.0872 0.995297 0.924723 0.986191 0.999931 0.981506 0.99503 
1070 0.0880337	0.829355 0.948803 0.895548 0.92777 1.03801 0.952404 1.03768 0.994955 1.00745 0.961806 
1071 0.120717	1.03673 0.987621 0.978298 0.959184 0.998393 0.976601 0.987221 0.998557 0.962247 1.00205 
1072 0.172377	1.01856 1.05995 1.06156 1.08109 1.10607 1.15645 1.01592 1.06311 1.16695 0.995751 
1073 0.173432	1.15711 1.02381 1.06116 1.11646 0.989583 0.958379 0.992046 0.991939 1.0141 1.00225 
1074 0.128097	1.0107 0.98514 1.018 0.99165 1.06159 1.02853 1.04825 1.02198 1.01647 1.01032 
1075 0.0911966	0.994558 1.0124 0.975491 1.04094 0.970929 0.962685 1.05664 0.915568 0.965309 0.996115 
1076 0.0759093	0.970785 0.970039 0.892232 0.97237 0.897196 0.842565 0.976805 0.86506 0.892412 0.955051 
1077 0.150237	0.893509 0.930569 0.860856 0.90846 0.946219 0.883971 0.995167 0.873632 0.92108 0.951919 
1100 0.11662	0.84311 0.858588 0.822551 0.825261 0.92581 0.896116 1.00269 0.818178 0.854455 0.964852 
1101 0.12445	1.12877 1.00636 1.13512 1.17088 0.95871 0.995424 0.977212 0.944776 0.918551 0.99408 
1102 0.104061	1.0916 1.04551 1.10144 1.0326 1.10637 1.15204 1.01132 1.03088 1.10144 1.00599 
1103 0.0724189	1.23235 1.09311 1.3087 1.24774 1.08312 1.11788 1.00359 1.07112 1.08016 1.01558 
1104 0.193117	1.00323 0.968261 0.979396 0.963028 0.951426 0.888993 0.994241 0.917905 0.947722 0.975738 
1105 0.202414	0.924069 0.936449 0.95819 0.92459 1.03623 1.00754 0.989101 0.981376 1.00701 0.995719 
1106 0.122492	1.05775 1.04516 1.12448 1.11026 1.03761 1.06166 1.02573 1.04399 1.00835 1.02162 
1107 0.0644267	0.875549 0.957842 0.873701 0.831827 1.08046 1.05811 1.05473 0.988271 1.06915 0.995295 
1110 0.0483809	0.907218 0.94322 0.886876 0.893622 0.965368 0.892575 0.972167 0.928115 0.94072 0.964459 
1111 0.157672	1.09169 1.01407 1.15078 1.07233 1.01114 1.03208 1.01796 0.997346 0.988053 1.03546 
1112 0.0776793	1.12356 0.991551 1.02333 1.01317 0.916493 0.865326 1.02028 0.916787 0.938189 1.02325 
1113 0.138396	0.985827 0.976657 0.942681 0.890607 1.00955 0.930028 0.990971 1.01722 0.95037 1.01759 
1114 0.139746	1.03159 1.00404 1.15883 1.08512 1.08871 1.08496 0.994563 1.10795 1.13527 1.02174 
1115 0.0923285	0.981721 0.897399 0.91959 0.898791 0.916733 0.869415 0.987209 0.88858 0.888776 0.9932 
1116 0.125096	0.9157 1.03278 0.977868 0.940245 1.07715 1.00799 1.03346 1.04858 1.0278 1.02467 
1117 0.220702	1.03648 0.980492 1.01456 0.984633 0.984324 0.94983 0.991951 0.955806 0.92717 1.00025 
1120 0.20987	1.07411 1.01577 1.09359 1.05485 1.01171 1.07552 0.979737 1.00833 0.995843 1.04793 
1121 0.134762	1.0612 1.00599 0.992635 1.03757 0.958756 1.01557 0.996518 0.952905 0.945096 0.971232 
1122 0.0930542	0.890101 0.944369 0.861294 0.833314 1.02027 1.0211 0.973274 0.991667 0.935736 0.989033 
1123 0.0905616	1.00713 0.940605 0.874203 0.930873 0.959449 0.974655 0.948548 0.898192 0.854508 0.966095 
1124 0.0907278	0.96317 0.918676 0.836739 0.901822 0.894191 0.885031 0.978698 0.893974 0.863862 0.95195 
1125 0.0739448	1.06602 0.994197 1.01058 1.02515 0.938676 1.05338 0.971263 1.01086 0.893032 1.04844 
1126 0.0686275	0.924405 1.00582 0.937666 0.946501 1.12585 1.19477 1.01241 1.09408 1.02761 1.01835 
1127 0.238451	1.0774 1.0624 1.08499 1.05415 1.06633 1.1546 0.988557 1.08255 1.06291 1.01481 
1130 0.161969	1.05811 1.04371 1.04266 1.0214 1.06851 1.1183 1.05365 1.11053 1.06256 1.02563 
1131 0.160723	0.95786 0.945059 0.924738 0.911461 1.04507 1.05428 1.00378 1.09702 1.06056 1.01136 
1132 0.20028	1.06439 1.00312 1.0242 1.05425 0.991171 1.04858 1.00431 1.06211 0.967893 1.03018 
1133 0.157919	1.10072 0.980551 1.03468 1.06211 0.943563 0.993608 0.970272 0.944701 0.946636 1.01251 
1134 0.0608939	0.903849 1.00862 0.918631 0.95115 1.12889 1.21674 1.04783 1.17333 1.17593 1.00856 
1135 0.146239	0.930326 0.949496 0.876551 0.919603 0.952587 0.949449 0.980705 0.900217 0.918195 1.00952 
1136 0.0593366	1.1429 1.04921 1.2709 1.1897 1.07338 1.16676 0.974995 1.15364 1.10621 1.04423 
1137 0.0526398	0.943436 0.892879 0.905389 0.904557 0.88602 0.930252 0.981164 0.878711 0.8409 0.991404 
1140 0.0953358	0.880525 0.936033 0.854183 0.870693 1.0063 0.940567 0.97304 0.968411 0.994681 0.972786 
1141 0.0938433	1.00585 0.948031 0.950631 0.94721 1.00178 0.936001 0.99317 1.00077 0.986611 0.983801 
1142 0.132649	1.08003 1.03004 1.06361 1.07044 1.01587 0.995076 1.00385 1.05773 1.08605 1.02197 
1143 0.131716	1.13439 1.08633 1.14619 1.06929 1.08127 1.1257 1.02012 1.2041 1.18115 1.06224 
1144 0.23694	1.00475 0.962629 0.948207 0.93997 0.935796 0.909303 0.96508 0.899994 0.971684 0.956889 
1145 0.14347	1.12379 1.01331 1.10896 1.11995 0.939754 0.965598 1.00622 0.971104 0.99206 0.979417 
1146 0.0875	0.93094 1.02457 0.927591 0.882532 1.0539 1.01785 0.994907 1.09103 1.06275 0.991736 
1147 0.0785448	0.961549 1.06623 1.02881 0.99769 1.13159 1.18746 1.03027 1.14841 1.05383 1.03744 
1150 0.112744	1.07952 0.954126 0.967403 0.961939 0.899756 0.808164 0.99903 0.914491 0.924687 0.964459 
1151 0.135101	0.989102 1.00091 0.934314 0.940677 1.08144 1.06485 1.03865 1.12532 1.03663 0.994282 
1152 0.133823	1.01249 1.05954 1.17796 1.10803 1.07034 1.05131 1.02856 1.05921 1.12408 1.02859 
1153 0.166401	0.928024 1.00791 0.965714 0.967657 1.00587 0.941599 0.983651 1.00504 0.965569 1.03081 
1154 0.0983711	1.00059 0.988509 1.03704 1.03407 1.01394 0.987754 0.960714 1.00124 1.02745 0.994646 
1155 0.0954966	0.860872 0.954891 0.874039 0.883604 1.00408 0.850102 1.02807 1.00807 0.942933 0.958151 
1156 0.102843	1.07901 1.04112 1.08597 1.11547 0.983166 0.983724 1.01135 0.986313 0.986825 1.01241 
1157 0.155222	0.949148 0.946131 0.924762 0.927695 0.945053 0.837898 0.980806 0.957361 0.950409 0.980281 
1160 0.11369	1.04841 1.01985 1.18624 1.14817 1.02364 1.10906 1.0138 1.03152 1.08989 1.05532 
1161 0.0589302	0.837873 0.923375 0.826967 0.806405 0.998043 1.04103 1.04379 0.945107 1.03936 0.968832 
1162 0.101451	0.961333 0.974267 0.964023 0.933648 0.987587 1.00429 1.00141 1.00141 1.08 0.993868 
1163 0.0878513	1.10623 1.02594 1.16954 1.11961 0.949995 0.966091 1.01092 0.99494 0.997517 1.00197 
1164 0.126473	1.01265 0.938181 0.966391 0.980994 0.94599 1.00922 0.980785 0.978206 1.02998 0.993604 
1165 0.26165	1.04862 1.02785 1.05817 1.05962 1.06812 1.14315 1.06705 1.09617 1.13067 1.01108 
1166 0.165367	0.896185 0.944786 0.964463 0.93347 1.05762 1.11798 0.98882 1.0339 1.0273 1.01072 
1167 0.0845875	0.891865 0.882465 0.896366 0.886474 0.89933 0.85654 0.954334 0.856483 0.876749 0.979496 
1170 0.0743126	0.807635 0.958854 0.846141 0.831308 1.0281 0.977794 0.972907 1.00887 0.965461 0.968974 
1171 0.144414	1.07712 1.0362 1.1028 1.08234 1.01425 1.05274 0.993688 0.999324 1.08504 0.965125 
1172 0.0636611	0.997537 0.954009 0.926245 0.998035 0.897586 0.93062 1.00659 0.83325 0.877359 0.968281 
1173 0.0971018	0.880204 0.912785 0.836342 0.847244 0.949609 0.935992 0.982349 0.901756 0.868119 0.959036 
1174 0.305673	0.982546 1.03161 1.02132 0.992567 1.08493 1.0915 1.0209 1.12327 1.01564 0.991084 
1175 0.111964	1.01391 0.934226 0.993494 0.951916 0.93319 0.934655 0.953125 0.919523 0.85158 0.975725 
1176 0.0616795	1.01492 0.93608 1.03446 0.984321 0.99478 1.0012 0.971681 0.954188 0.977213 0.993141 
1177 0.141194	1.02439 1.01972 1.03849 0.973452 0.992518 0.941943 1.016 0.938888 0.972056 1.00515 
BOUNDS
LWPS R    0.0  0.0  0.0  0.0  0.0  0.0  0.0  0.0  0.0  0.0
UWPS R    0.5  0.5  0.5  0.5  0.5  0.5  0.5  0.5  0.5  0.5
LXAS R   -0.5 -0.5 -0.5 -0.5 -0.5 -0.5 -0.5 -0.5 -0.5 -0.5
UXAS R    0.5  0.5  0.5  0.5  0.5  0.5  0.5  0.5  0.5  0.5
END
