NAME moment_estimation_cluster
ASSETS 10
BENCHMARKS 0.1 0.1 0.1 0.1 0.1 0.1 0.1 0.1 0.1 0.1 
COVARIANCES
0 0 2.30242
1 0 0.126662
1 1 0.0153494
2 0 0.0675451
2 1 -0.00156772
2 2 0.0795028
3 0 0.263433
3 1 0.0125854
3 2 0.0354815
3 3 0.06673
4 0 0.235011
4 1 0.016019
4 2 0.0151128
4 3 0.0388665
4 4 0.0323008
5 0 0.455704
5 1 0.0272615
5 2 0.0461186
5 3 0.0833911
5 4 0.0616717
5 5 0.135391
6 0 0.373308
6 1 0.0236683
6 2 0.0516841
6 3 0.0625892
6 4 0.0489305
6 5 0.104697
6 6 0.103828
7 0 0.0287063
7 1 -0.000646547
7 2 0.0876947
7 3 0.0369462
7 4 0.0147986
7 5 0.0529121
7 6 0.0608839
7 7 0.118966
8 0 -0.0339054
8 1 0.00494228
8 2 -0.0082808
8 3 -0.0154868
8 4 -0.00415784
8 5 -0.0148668
8 6 0.0014274
8 7 -0.000183697
8 8 0.0264773
9 0 0.127734
9 1 0.00569631
9 2 0.0363455
9 3 0.0324042
9 4 0.0213788
9 5 0.0469404
9 6 0.0476486
9 7 0.0426642
9 8 0.00220961
9 9 0.0352367
SCENARIOS
0 0.58249	0.748967 0.970286 0.93731 0.816536 0.925452 0.7844 0.839753 0.895534 1.04367 0.853374 
1 0.41751	6.29304 1.06102 1.27356 1.21978 1.20293 1.4736 1.3484 1.30067 0.875794 1.15338 
00 0.681145	2.15568 0.968106 0.95329 1.15805 1.05926 1.1162 1.00783 0.871397 0.913137 1.09815 
01 0.318855	7.16687 1.11628 1.16925 1.08336 1.03752 1.38307 1.23592 1.412 1.11701 1.1731 
10 0.179014	0.653966 0.974456 1.54307 1.01847 0.923743 1.05314 1.14612 1.76758 0.880975 0.981245 
11 0.820986	3.4446 1.16733 0.778274 1.06195 1.04961 0.9272 1.09519 0.856433 1.4747 1.0154 
000 0.109714	0.346555 1.00593 1.29271 1.26495 0.978847 1.15286 1.06481 1.47977 0.926913 1.16516 
001 0.205212	0.224626 0.866019 0.543884 0.669973 0.721434 0.544806 0.517177 0.58337 1.16156 0.580159 
002 0.0821403	1.4486 1.3253 0.63486 0.897141 1.1188 0.969831 0.940869 0.579024 1.08221 0.925389 
003 0.0672699	0.47813 0.970419 1.96341 1.27786 1.03013 1.44648 1.21872 2.30654 0.877691 1.21102 
004 0.0792167	6.01132 1.49287 1.06741 1.18909 1.27458 1.51069 1.45784 0.925813 1.07735 1.01904 
005 0.315455	0.215674 1.10723 0.920728 0.775655 0.894496 0.738928 0.797587 1.05727 1.18903 0.931998 
006 0.0766458	2.10205 1.21429 1.14727 1.37718 1.22901 1.54464 1.4828 1.16043 0.962684 1.1511 
007 0.0643462	38.0856 1.25551 1.00858 1.56551 1.41979 2.04306 1.98437 0.912141 1.07153 1.14935 
010 0.0853928	0.0963956 0.834134 1.61694 0.883038 0.819298 0.681609 1.02754 1.62978 1.03053 1.1417 
011 0.0659021	42.47 1.41864 0.536204 1.55336 1.70878 2.08177 1.83842 0.381741 1.33175 0.769654 
012 0.0671405	2.98438 0.948359 1.15266 1.51687 1.43239 1.26003 1.60259 1.1273 0.706973 1.51815 
013 0.175954	0.136869 0.980157 0.955911 0.872045 0.970423 0.784625 0.982072 1.02081 0.905874 1.00173 
014 0.129274	0.638163 1.07138 1.26182 1.07566 1.19178 1.18531 1.531 1.16329 1.08642 1.12395 
015 0.0828622	0.124128 0.686915 2.27987 1.04353 0.935324 1.02679 1.35075 2.43147 0.975783 1.33802 
016 0.319065	0.0570197 0.905908 0.818696 0.77926 0.704436 0.521028 0.622529 0.706396 0.879769 0.767964 
017 0.0744091	0.00173736 0.640298 1.08694 0.586704 0.601875 0.389925 0.469235 1.18349 1.02121 0.82735 
100 0.0614129	35.5926 1.45232 1.2564 1.70918 1.60301 2.06674 2.39535 1.11902 1.68072 1.55869 
101 0.0869682	0.00905663 0.720314 0.629358 0.702715 0.755933 0.410242 0.588313 0.598261 1.16957 1.01746 
102 0.192668	0.124338 1.00659 1.36098 1.01841 1.05557 1.08913 1.04031 1.71246 1.31308 1.53774 
103 0.103291	0.405482 0.896936 0.614094 1.0602 1.02569 0.924505 0.841569 0.641521 1.25265 1.0772 
104 0.279235	0.0190452 0.971183 0.898256 0.861271 0.864376 0.690979 0.76724 1.00018 1.28742 0.926512 
105 0.065293	5.68112 1.06638 1.28467 2.09134 1.60761 1.93137 1.45463 1.40261 1.08724 1.61092 
106 0.133797	2.00825 1.11269 1.109 1.31751 1.28211 1.39863 1.39888 1.13993 1.49925 1.39065 
107 0.0773348	1.42042 0.985171 0.869129 1.30104 1.24373 1.02444 0.856665 0.647186 1.10116 1.178 
110 0.0924527	0.104906 0.83216 1.16061 0.78215 0.911993 0.726874 0.809543 0.984777 0.960867 0.842266 
111 0.0900604	0.690478 0.807049 1.1183 1.08181 0.999198 1.17973 1.02773 1.03177 0.749729 0.986838 
112 0.108294	0.319528 0.98655 1.21514 1.10105 1.06241 1.22697 1.00933 1.02213 0.754223 1.12545 
113 0.267526	0.031852 0.782087 0.855968 0.698252 0.782379 0.648478 0.526623 0.719732 0.806805 0.675101 
114 0.109374	0.115529 0.694048 1.7438 1.0423 0.875695 1.12668 1.15402 1.81177 0.846721 1.01267 
115 0.0998045	0.0686548 0.682129 1.14119 1.16514 0.912386 1.08369 0.721546 1.02882 0.504298 1.02282 
116 0.120781	23.0544 1.20167 0.868052 1.40364 1.46865 2.62528 1.80637 0.761367 0.906457 1.05434 
117 0.111708	1.54128 0.856995 1.42049 1.26534 1.18278 1.78947 1.29004 1.11648 0.704862 1.18924 
0000 0.0760395	0.520133 0.789101 0.974766 0.8452 0.83756 0.551276 0.761475 0.779657 0.870125 0.864258 
0001 0.0611073	1.50964 1.01104 0.552599 0.919852 1.00844 0.983148 0.751725 0.482524 1.3565 0.850837 
0002 0.0542155	1.74899 1.30014 0.790893 0.878665 1.15355 1.13238 1.39575 1.02822 1.72836 1.27395 
0003 0.257753	0.871462 0.837808 1.20282 0.884893 0.936386 1.00786 1.07737 1.38507 1.02 1.11104 
0004 0.155755	2.88409 0.961036 1.03093 1.34718 1.14292 1.48177 1.40441 1.3225 1.14908 1.38184 
0005 0.190673	1.04572 1.2612 0.774834 0.902437 1.08392 0.965806 0.887887 0.630463 1.18892 0.826174 
0006 0.0916609	0.511703 0.895294 0.929294 0.848869 0.859224 0.657073 0.789961 0.948745 1.04335 0.867899 
0007 0.112796	22.0955 1.05256 1.28737 1.3092 1.40962 1.88013 1.58634 0.989816 0.842709 1.14113 
0010 0.0824122	18.4173 1.37464 1.04035 1.43739 1.64315 2.11156 1.86852 1.22369 0.974287 1.43302 
0011 0.0760255	0.130095 0.952254 1.32544 0.678959 0.78128 0.645272 1.00104 1.50666 1.0413 0.989626 
0012 0.159052	1.06349 1.12931 1.14355 1.32857 1.25794 1.43772 1.16389 1.17294 0.71173 1.27053 
0013 0.0637436	3.46745 1.23538 0.559796 0.655167 1.09984 0.845871 0.825673 0.367254 1.05506 0.744907 
0014 0.141366	0.747009 0.953351 1.16854 1.0312 1.02658 0.870026 1.03671 1.08902 0.959662 1.26522 
0015 0.192827	0.416549 1.19498 0.732265 0.598865 0.980695 0.60975 0.978224 0.721434 1.30554 1.06937 
0016 0.175141	0.0358993 0.993697 0.873513 0.726507 0.897391 0.750882 0.664111 0.781322 0.835628 0.844647 
0017 0.109433	1.80272 1.10385 1.61063 1.17269 1.18462 1.38547 1.57941 1.50158 1.08602 1.36514 
0020 0.117214	0.619387 0.855432 1.21745 1.57823 1.21699 1.58958 1.59597 1.42506 0.966501 1.45437 
0021 0.129794	3.3667 1.03492 1.24572 1.47006 1.06941 1.36624 1.33353 0.923934 0.704091 1.16226 
0022 0.106781	1.72252 0.789778 1.06991 1.02029 0.791095 1.01514 0.842236 1.12169 0.800859 0.813489 
0023 0.0678122	1.12296 1.02244 0.851974 1.31705 1.03608 1.40212 1.07269 1.04682 1.25109 1.00335 
0024 0.196072	0.331856 0.888143 1.0722 0.954101 0.865612 0.918898 0.86556 1.15361 1.19033 0.9725 
0025 0.147284	16.1877 1.30079 0.629485 1.75892 1.38599 1.88185 1.37501 0.838188 0.959909 0.773897 
0026 0.0469469	1.01071 0.95128 0.511663 0.860127 0.762815 0.636268 0.804239 0.51587 1.13252 0.699118 
0027 0.188095	0.469511 0.807847 0.836576 1.01395 0.816885 0.827501 0.702856 0.850406 0.832692 0.740225 
0030 0.12027	0.0718666 0.807262 1.30144 1.08129 0.837376 0.759595 0.975812 1.71241 1.53665 1.50945 
0031 0.108655	28.2459 1.31688 0.909122 1.53389 1.49653 2.217 1.9798 0.916922 1.30184 1.46644 
0032 0.318846	0.172032 0.839817 0.895495 0.93787 0.925807 0.738455 0.904577 1.03537 1.16175 1.05163 
0033 0.0738104	1.7557 1.1176 1.31593 1.12088 1.14593 1.08356 1.29679 1.01165 1.004 0.861422 
0034 0.0689397	0.639973 0.691397 1.2772 1.16602 0.936944 0.763538 0.849982 1.01606 1.02158 1.06552 
0035 0.0813039	1.87564 0.915507 1.58098 2.11962 1.17111 1.87351 1.89272 1.86823 0.929612 1.9686 
0036 0.0910453	2.80151 1.23182 0.897625 1.72713 1.52062 1.70534 1.51294 0.999159 1.02064 1.41413 
0037 0.13713	0.980502 0.887241 0.671483 0.835021 0.790001 0.509374 0.707274 0.617552 1.19891 0.882838 
0040 0.0846325	1.63037 0.82468 0.839043 1.01131 0.943756 0.918359 0.860885 0.692745 0.796093 0.868447 
0041 0.292396	0.268541 0.723469 0.694039 0.971876 0.732079 0.577259 0.661032 0.870549 1.11231 0.924979 
0042 0.26567	0.666308 0.717523 0.994881 1.30218 1.00341 0.991328 0.949774 1.2136 0.78652 1.0626 
0043 0.0808145	22.3289 1.16406 0.777616 1.36881 1.46695 1.91711 1.41522 0.825779 0.749544 1.10565 
0044 0.0801782	3.91773 0.867418 0.945358 1.01299 1.15924 1.38226 1.33134 0.793726 0.76233 1.34712 
0045 0.0738148	1.71413 0.887218 1.41824 1.44682 1.14777 1.67909 1.38239 2.0545 1.0511 1.80008 
0046 0.0636335	6.45191 0.925758 0.772708 1.31658 1.247 1.33197 1.09572 0.864041 0.947467 1.29944 
0047 0.058861	2.61989 0.983847 0.67712 1.07927 1.21199 1.16422 1.12759 0.883977 1.10902 0.858199 
0050 0.0954778	0.0449146 0.6113 1.11345 0.725786 0.665188 0.443296 0.578298 1.06826 0.944535 0.932263 
0051 0.130553	1.76537 0.875034 1.64682 1.23071 1.12313 1.31951 1.37898 1.65181 0.88514 1.24991 
0052 0.069511	0.0277117 0.658692 1.58398 1.04326 0.818794 0.740886 0.710882 1.60707 0.960867 0.99974 
0053 0.205737	2.43732 0.91715 0.879159 1.32686 1.10878 1.20922 1.05653 0.859613 0.789829 0.915745 
0054 0.0586449	0.386452 0.871111 1.18309 1.10271 0.952885 1.26162 1.24595 1.83189 0.965302 1.22874 
0055 0.202221	1.27986 0.8767 1.00689 0.990846 0.947028 1.15793 1.00232 1.04118 0.958689 0.975165 
0056 0.0716683	32.0725 1.01211 1.04364 1.36574 1.1693 2.05803 1.88574 1.12604 0.707405 1.05312 
0057 0.166187	0.0111361 0.762022 0.681246 0.734934 0.717053 0.682979 0.638554 0.624426 0.916155 0.784433 
0060 0.121671	2.02034 0.918486 1.013 0.759806 0.863507 0.884499 1.11304 1.44229 1.35984 0.906899 
0061 0.172312	0.465986 0.740602 1.15508 0.840216 0.742343 0.711907 0.806127 0.923518 0.953826 0.909151 
0062 0.0628083	0.835929 0.779071 1.52514 0.998619 0.889015 1.08309 0.853479 1.60456 0.760247 1.08891 
0063 0.0499836	1.05151 0.944369 1.75744 1.19211 1.14683 1.2964 1.28234 2.2074 0.804784 1.12756 
0064 0.0769484	2.46489 0.887776 1.57497 1.37698 0.982793 1.75556 1.58642 1.73421 0.81133 1.13785 
0065 0.186123	2.22023 0.880297 0.88094 1.0422 1.13539 1.39288 0.907031 0.86834 0.888407 0.972483 
0066 0.12463	15.9058 1.04868 0.948998 1.54435 1.22439 1.80347 1.51908 0.730963 1.16977 1.19015 
0067 0.205524	0.66672 1.1323 0.725668 0.80135 0.927569 0.742598 0.728935 0.795094 1.26998 0.939078 
0070 0.0834313	0.470918 0.930145 1.75444 1.46095 1.16759 1.31314 1.39885 2.13249 1.07825 1.35779 
0071 0.153545	1.15006 1.02778 0.901301 1.3219 1.06642 1.27974 1.07133 1.57446 1.00414 0.982868 
0072 0.144928	0.047917 0.829741 0.917111 0.675383 0.763936 0.613636 0.682208 1.13075 1.11733 1.01964 
0073 0.0697219	2.07214 1.33213 0.777439 1.16133 1.06311 1.13555 1.17436 0.823182 1.17725 1.17834 
0074 0.168821	0.450278 1.06105 1.1304 0.999977 1.11953 0.94136 0.840389 1.09985 0.979211 1.08222 
0075 0.0509205	0.11508 0.975048 1.86736 1.15269 1.09122 1.15762 1.03515 1.8601 0.772503 1.39406 
0076 0.11085	0.26365 1.3268 0.705309 0.531078 0.930219 0.554974 0.557902 0.690267 0.842186 0.61708 
0077 0.217783	13.3965 1.16936 0.555843 1.44498 1.34638 1.61913 1.13768 0.568677 0.876246 0.741485 
0100 0.0800757	12.2318 1.25061 0.98283 1.59322 1.4342 1.79837 1.65913 0.910848 0.973137 1.50843 
0101 0.206179	0.174419 0.971357 0.808074 0.947698 1.00341 0.849374 0.642567 0.618791 0.851184 0.931402 
0102 0.165195	0.148736 0.920406 1.25859 1.41198 1.0473 1.34918 0.888089 1.28713 0.686454 0.974258 
0103 0.0857503	0.772063 0.918372 0.831221 1.11927 1.17836 1.2879 1.33733 0.879763 1.06983 1.00634 
0104 0.0945776	1.83713 0.959534 1.45799 1.5576 1.38276 1.92585 1.36505 1.7616 0.870095 1.2284 
0105 0.215006	0.236245 0.908072 0.844139 0.991996 0.946021 0.905866 0.686866 0.839205 0.953126 0.80848 
0106 0.0832282	0.0609607 0.653618 1.23448 0.92006 0.735452 0.557249 0.714322 1.02675 0.930992 0.96513 
0107 0.0699874	0.210587 0.884782 1.05347 0.936586 1.09145 1.05271 1.28973 1.50433 1.33446 1.13762 
0110 0.0661765	3.40513 0.612055 1.84078 1.01148 0.858488 1.18484 1.17857 1.6735 0.445361 1.40386 
0111 0.0816993	1.13851 1.09608 1.83055 0.894346 0.835083 0.726258 1.27206 1.91492 0.964259 1.69948 
0112 0.0890523	0.74238 0.900747 1.74905 1.11601 1.17148 1.11115 1.19796 2.49026 0.690535 1.2862 
0113 0.0955882	19.4615 0.663063 1.67098 1.25619 0.981002 1.32289 1.79116 1.607 0.720095 1.27637 
0114 0.185458	0.271222 0.799803 1.75927 1.12231 0.849138 0.838519 1.01042 1.92531 0.721376 1.38688 
0115 0.305556	0.0706102 0.656475 2.41506 0.71072 0.674943 0.488537 0.858156 2.48629 0.661166 1.53681 
0116 0.0718954	1.85638 0.902128 2.85535 1.06549 0.900563 1.09274 1.26165 2.61059 0.638339 1.93606 
0117 0.104575	0.48586 1.01751 1.5409 0.909355 0.969919 1.00028 0.952736 1.56531 0.804325 1.8825 
0120 0.0681636	0.0903735 1.04277 0.935314 0.679788 0.760665 0.569396 0.769048 0.807604 1.5474 0.700384 
0121 0.0930233	18.336 1.46158 1.12655 1.30487 1.13191 2.07861 1.34648 1.16092 0.828642 0.58504 
0122 0.138733	2.73769 1.13136 0.991538 1.14645 1.13197 1.67221 1.17656 0.74273 0.726325 0.645442 
0123 0.102646	0.205456 1.14698 0.480523 0.379672 0.661486 0.476215 0.566613 0.408233 1.82507 0.519504 
0124 0.160385	1.50434 1.16051 1.46943 0.96748 1.25617 1.45867 1.27748 1.2614 1.401 1.08355 
0125 0.0874098	5.6139 1.06131 0.988752 1.17497 1.16604 1.99607 1.25589 0.809083 1.09401 0.705589 
0126 0.0890136	0.292134 1.12945 2.09011 1.45114 1.02576 1.40008 1.09703 2.25703 1.46108 1.07409 
0127 0.260626	0.585863 1.0004 1.12062 0.891469 0.839136 1.05661 0.768413 0.846787 1.35546 0.795609 
0130 0.246328	9.39454 1.05832 0.873557 1.25473 1.06709 1.27157 1.03983 0.696413 0.976081 0.89988 
0131 0.0764994	0.235084 0.851755 1.41337 1.32085 0.899873 1.1702 0.971783 1.29059 0.80308 1.00372 
0132 0.0847613	0.130871 0.790336 1.03223 0.675047 0.733632 0.621598 0.872962 1.1891 1.45038 0.98931 
0133 0.156365	1.25507 1.08976 1.3095 1.20699 1.05378 1.22056 1.30051 1.3474 1.42367 1.13625 
0134 0.0630355	0.346671 0.940267 1.7367 1.16642 0.911652 0.882659 1.11005 1.88228 1.25581 1.22709 
0135 0.0780294	5.58013 1.03171 1.30666 1.53046 1.35183 1.74412 1.27562 1.79349 1.18114 1.01385 
0136 0.0667075	1.82858 0.827564 0.86063 1.46151 1.17337 1.22773 1.31458 0.851516 1.20777 1.17743 
0137 0.228274	0.364759 0.967124 0.89468 0.633696 0.743738 0.643721 0.697996 0.816809 1.20046 0.795332 
0140 0.142857	1.66281 0.920105 0.886129 1.3186 1.0152 1.10096 1.19486 1.0769 0.989053 1.07618 
0141 0.088713	0.361822 0.796945 0.778599 0.882319 0.747459 0.663481 0.80673 0.902508 0.876513 0.720461 
0142 0.159933	0.491655 0.814632 1.0933 1.29937 0.874101 0.838801 0.680721 0.995843 0.931358 0.989112 
0143 0.196168	0.660774 0.670565 1.61119 1.44786 0.960737 0.935441 1.0313 1.59391 0.724326 1.46169 
0144 0.122032	0.893727 0.875132 0.628823 0.913588 0.800465 0.578487 0.626431 0.441548 0.698787 0.580484 
0145 0.157851	16.9725 0.667741 1.13672 1.48321 1.0056 1.13204 1.18672 1.22794 0.627666 1.55646 
0146 0.0907955	3.50442 1.34311 0.769648 1.35763 1.0274 0.938786 0.797077 0.599081 0.669314 0.821912 
0147 0.0416493	0.0121717 0.676528 0.90064 0.853022 0.640349 0.367968 0.413133 0.708333 0.897254 0.855319 
0150 0.189734	0.00327181 0.983299 0.860128 0.899649 0.798244 0.46525 0.5791 0.957628 1.1169 0.827489 
0151 0.0610786	0.341372 1.04289 1.36292 0.877352 0.760684 0.878649 0.924895 1.76905 1.26352 1.17443 
0152 0.0773229	0.006083 1.09726 0.480643 0.729843 0.780347 0.379046 0.480285 0.537313 0.982323 0.625222 
0153 0.0792723	4.77376 1.03394 1.71446 2.07467 1.18677 2.09877 1.61803 2.07578 0.662745 2.16713 
0154 0.14165	0.970391 1.3674 0.708657 0.844396 1.04534 0.972167 1.00947 0.733978 0.850972 0.8079 
0155 0.100715	22.445 1.33582 0.916481 2.11578 1.59228 2.42768 1.65997 1.08192 0.553382 1.04595 
0156 0.141001	0.419039 1.21685 0.83377 1.64267 1.10263 1.51856 1.22028 0.897621 1.08102 1.36776 
0157 0.209227	0.0562831 1.07793 1.12116 1.03241 0.983852 0.956794 1.06755 1.28449 1.1842 1.1597 
0160 0.178029	0.0212761 0.905974 0.55569 0.661283 0.877987 0.568764 0.623758 0.625736 1.37434 0.834807 
0161 0.0600742	3.80593 0.881196 0.698199 1.15335 1.21889 1.26777 0.93773 0.562771 0.941123 0.872983 
0162 0.123861	0.891464 0.9586 0.800358 0.940362 1.17781 1.00206 1.42242 0.953134 1.42897 0.995872 
0163 0.0941613	0.200726 0.86336 1.63993 1.1752 1.25399 1.35832 1.43655 1.90911 1.02047 1.21491 
0164 0.113399	28.8742 1.02966 0.997217 1.25335 1.52928 1.80078 1.38434 0.805445 0.924669 1.02091 
0165 0.13483	2.04024 0.795798 1.80476 1.05995 1.214 1.26149 1.33193 1.63147 0.795799 1.36997 
0166 0.0901114	0.00576951 0.710266 0.859621 0.560628 0.745343 0.421017 0.6046 0.713969 1.15884 0.76308 
0167 0.205535	0.222873 0.732137 1.09552 0.824605 0.826454 0.664474 0.858244 1.12385 1.00381 1.03813 
0170 0.172214	0.220478 1.06234 0.916738 0.562378 0.767102 0.710011 0.797377 1.01579 1.07345 0.901286 
0171 0.0716353	0.37905 1.53643 0.718701 1.02669 1.24203 0.822694 1.16543 0.805282 1.63291 1.05922 
0172 0.108538	0.287652 0.962433 0.518393 0.720359 0.79647 0.533355 0.572585 0.531497 1.18472 0.566675 
0173 0.0629522	5.26079 1.07286 1.16275 1.32191 1.20045 1.4335 1.16725 1.03722 0.93766 1.1118 
0174 0.146889	0.349421 1.00831 0.6394 0.907512 0.852896 0.774255 1.03135 0.783111 1.01138 0.978054 
0175 0.104197	0.356422 1.06239 1.66666 1.23063 0.873412 1.19021 1.28861 1.55233 1.02746 1.2142 
0176 0.252533	0.340323 1.01439 1.25494 1.1311 1.02631 1.10175 1.52622 1.68097 1.36931 1.37098 
0177 0.081042	5.36908 1.18329 0.955665 1.02839 1.08654 1.03955 1.03864 0.795925 0.748915 0.823853 
1000 0.104575	0.0594373 0.865058 0.514239 0.68376 0.839524 0.582887 0.357642 0.577849 0.702464 0.543848 
1001 0.143791	0.247591 0.74357 0.90021 1.04306 0.881572 0.87189 0.525031 0.968843 0.601224 0.988689 
1002 0.0522876	0.147298 1.0027 2.01239 0.646201 0.903935 1.12892 1.55896 2.2556 1.13649 1.55749 
1003 0.0762527	0.128807 0.897509 1.01594 1.24289 0.977531 1.09786 0.718973 1.18525 0.793778 1.18416 
1004 0.257081	0.683589 0.727127 1.09042 1.25857 1.2099 1.53424 0.828047 1.46974 0.581794 1.25811 
1005 0.100218	1.36736 0.995792 1.16866 1.41273 1.41644 1.48786 0.939637 1.10919 0.575961 0.947317 
1006 0.0697168	2.13217 0.740061 0.930221 1.03898 1.08783 1.26455 1.02802 0.829299 0.801944 1.23412 
1007 0.196078	12.3611 0.873754 1.62658 1.3345 1.24318 1.55117 1.76393 2.38129 0.6914 1.38401 
1010 0.227692	65.0718 0.964144 1.33222 1.08831 0.948869 1.46065 1.21385 1.19665 0.952089 1.0556 
1011 0.0707692	0.904136 0.931666 1.10048 0.870271 0.726071 0.561796 0.635841 0.992327 1.49618 0.815926 
1012 0.101538	0.955189 1.2184 1.7268 0.85717 1.00526 1.02562 1.1455 1.71461 1.4101 1.15957 
1013 0.124615	33.0019 1.53517 0.814142 1.22607 1.16316 1.72458 1.13283 0.705803 0.915025 0.709744 
1014 0.0707692	1.07035 0.992452 0.614036 0.824076 0.888645 0.8001 0.657373 0.501661 1.29294 0.570379 
1015 0.144615	0.255249 1.24168 0.885778 0.593275 0.796619 0.63334 0.565388 0.766041 1.40554 0.819436 
1016 0.206154	2.91311 1.14802 1.0306 1.12239 1.1489 1.45701 0.959236 1.036 1.05056 0.975635 
1017 0.0538462	1.21288 1.45146 0.847219 0.770576 1.0464 1.08142 0.868158 1.36336 2.00549 0.892204 
1020 0.201389	0.99148 0.851047 0.677878 0.766414 0.777317 0.700829 0.743525 0.557065 0.870461 0.767372 
1021 0.0972222	2.26314 1.03734 1.8463 1.09924 1.07933 1.04494 1.67948 2.10606 1.48744 1.23379 
1022 0.0902778	0.869441 0.717574 0.934114 1.07509 0.903475 1.13806 0.970932 1.11884 0.8602 0.815443 
1023 0.133333	2.38997 0.946029 1.22346 1.04893 0.981826 1.19236 1.22839 0.957761 0.929229 0.812181 
1024 0.103472	58.0802 1.08786 1.20658 1.73101 1.199 1.96559 1.71151 1.10088 0.470762 0.871317 
1025 0.0826389	0.0931765 0.812525 1.267 0.778072 0.625056 0.48904 0.706296 1.01463 0.612808 0.708578 
1026 0.113889	2.23554 0.962251 1.34969 1.23101 1.06749 1.12689 1.46037 1.41587 1.24664 1.25899 
1027 0.177778	0.245941 0.940696 0.765743 1.03122 0.758538 0.584664 0.822199 0.865855 1.11004 0.836473 
1030 0.163212	0.264053 0.956873 1.02595 0.600934 0.842621 0.836109 0.957564 1.06431 0.940233 0.921491 
1031 0.0803109	0.00767967 1.20758 0.708275 0.512481 0.748141 0.551643 0.443453 0.772817 1.02421 0.697189 
1032 0.117876	0.243588 1.08503 0.896955 0.992454 0.775632 0.948369 0.634269 0.995829 0.922396 0.738457 
1033 0.182642	2.13018 1.12612 1.47888 1.66493 1.09608 1.12745 1.23696 1.30847 0.852485 1.04129 
1034 0.165803	2.46889 1.21228 1.24501 1.25069 1.14983 1.48621 1.32678 1.34563 0.79169 1.21001 
1035 0.0440415	8.27467 1.38496 1.6903 2.29113 1.62166 2.82875 1.94375 2.32619 1.04788 1.15649 
1036 0.185233	3.85425 1.2071 0.783204 0.987513 0.890986 0.827759 0.767442 0.674305 0.942932 0.79496 
1037 0.0608808	0.138773 1.05694 1.45672 0.921993 0.907598 1.1091 1.30907 1.95817 1.11695 1.12843 
1040 0.170101	0.265691 1.0357 1.1874 0.950101 0.823303 0.742335 0.781105 1.0772 1.04813 1.29767 
1041 0.0934356	1.41673 0.844475 0.707915 0.744183 0.762634 0.575193 0.57823 0.486897 0.988562 0.845063 
1042 0.0723527	0.371537 0.836346 1.40603 1.35651 1.04862 0.943228 1.01011 1.19955 0.870341 1.29343 
1043 0.0824149	161.993 1.00848 1.36613 1.3799 1.33584 1.63979 2.00869 1.26864 1.21193 1.78303 
1044 0.0862482	2.07321 1.04979 1.77242 0.991428 1.05284 1.04567 1.18139 1.91111 1.1852 1.20897 
1045 0.0694777	0.373327 0.618447 0.88627 0.76651 0.736738 0.545055 0.712444 1.21019 1.26654 1.16556 
1046 0.307139	7.75656 1.1391 0.770241 1.07012 1.11019 0.985638 0.919671 0.689436 1.21674 0.857127 
1047 0.118831	6.20865 0.834282 1.15072 1.37993 1.16259 1.38905 1.4466 1.3237 1.1553 1.30005 
1050 0.057377	1.86926 1.24117 1.65474 1.20133 0.947707 1.38673 1.98495 1.64382 1.18337 1.21173 
1051 0.0696721	7.46333 1.21131 1.15432 1.02543 1.09755 1.43817 1.90088 0.673229 0.740737 0.981068 
1052 0.122951	0.176366 1.0822 0.736616 0.43007 0.688466 0.534315 0.796251 0.6422 1.41724 0.810347 
1053 0.264344	1.15339 0.859706 1.018 0.840079 0.857626 1.13048 1.07032 0.862908 0.890987 0.749258 
1054 0.122951	0.212312 0.938614 1.41072 0.612064 0.700193 0.941791 1.37591 1.74849 0.979085 1.025 
1055 0.131148	0.377746 0.849138 0.856327 0.861375 0.746187 0.640053 0.767143 0.739883 0.891758 0.667954 
1056 0.0614754	32.6061 0.972732 0.717285 1.03647 1.08078 1.53416 1.79492 0.638608 0.881628 1.14156 
1057 0.170082	3.54682 1.10997 1.20388 1.06517 0.942716 1.34122 1.47185 0.949006 0.969846 1.03833 
1060 0.058	0.113041 0.796118 0.84657 0.87931 0.6677 0.429198 0.546016 0.683717 0.860938 0.624713 
1061 0.055	0.104893 1.40062 0.749929 0.54612 0.709896 0.705563 0.82785 0.88339 1.25335 0.788343 
1062 0.136	1.04931 0.987203 1.34244 1.25307 1.16576 1.35197 1.63136 1.57962 0.900691 1.25623 
1063 0.14	0.297711 0.962266 0.9991 0.954436 0.84271 0.735001 0.783692 1.25223 1.00672 1.21775 
1064 0.08	23.1358 0.812168 0.534927 0.846388 1.05842 0.865761 0.944171 0.403324 0.791696 0.819772 
1065 0.128	0.387558 0.707037 1.49866 1.33381 1.01602 1.31185 0.940024 1.28495 0.711888 1.23309 
1066 0.178	0.734139 1.18487 0.703134 0.972307 0.832547 0.881521 0.756509 0.799757 0.792633 0.791328 
1067 0.225	3.75342 1.14733 1.12109 1.12338 1.05164 1.53052 1.11793 0.98457 0.88426 0.790732 
1070 0.0934256	0.363268 1.09394 0.717377 1.0038 0.826344 0.873975 1.00908 1.0534 1.10094 0.827183 
1071 0.134948	0.216561 1.03944 0.649612 0.608645 0.679538 0.538841 0.6874 0.811985 1.21296 0.628993 
1072 0.114187	14.4056 0.967512 0.929631 1.34531 1.19395 2.97194 2.68363 0.982029 1.09965 1.40998 
1073 0.112457	2.96395 1.1622 1.14275 0.888507 0.914892 1.35784 1.509 1.45676 0.993353 0.822963 
1074 0.107266	0.41167 0.902974 0.90031 0.578361 0.715398 0.534827 0.957814 1.05603 1.40231 0.906174 
1075 0.147059	1.66237 1.13405 0.755916 0.99159 0.870178 1.06184 0.903987 0.764422 1.25367 0.919181 
1076 0.0916955	0.0876725 0.843402 1.34104 0.973371 0.74818 0.882806 0.83561 1.40166 0.681971 1.00919 
1077 0.198962	0.633375 0.949164 1.45565 1.13153 0.961743 1.13146 1.24154 1.70084 0.780164 1.05115 
1100 0.118649	1.87994 0.9886 0.967654 0.927732 0.887023 1.20499 1.13839 1.00837 1.11751 1.17739 
1101 0.103187	0.538592 0.965901 1.68143 0.913261 0.839424 1.188 1.30873 2.28278 0.766149 1.35686 
1102 0.10224	21.679 1.42827 0.919617 1.3629 1.46335 1.69737 1.6369 0.80092 1.28405 1.54396 
1103 0.191228	0.322197 0.906221 0.673877 0.667196 0.759983 0.657323 0.598575 0.591802 0.926915 0.803732 
1104 0.104134	3.9349 0.951095 0.821963 1.10372 1.0245 1.34022 1.24333 0.761533 0.893977 1.21029 
1105 0.208583	0.334854 0.878505 0.977538 0.848295 0.773077 1.0262 1.04118 1.29682 0.93894 1.16757 
1106 0.058378	5.25909 1.1293 1.09422 1.24407 1.35284 1.59149 1.45987 1.31831 1.0728 1.38712 
1107 0.113601	0.897399 0.953896 0.726185 0.940746 0.949545 1.20711 0.940303 0.833551 0.923601 0.956332 
1110 0.256236	0.778985 1.16221 0.862817 1.07189 0.923817 1.231 1.01042 0.740068 1.10644 0.933024 
1111 0.136702	1.61736 1.3149 1.22505 1.35268 1.16699 1.22054 1.13308 1.1131 1.08746 1.13205 
1112 0.0813087	0.376389 1.36549 0.531711 0.715991 0.996672 0.639873 0.630411 0.406009 0.815402 0.56623 
1113 0.0576612	0.389642 0.89132 2.24861 1.16178 1.0804 1.29565 1.47745 2.07905 0.852982 1.70783 
1114 0.185293	3.3984 1.16221 0.860175 1.20352 1.19368 1.43361 1.23323 0.7786 0.828137 1.06476 
1115 0.125364	15.4825 1.02995 1.13359 1.87578 1.32981 1.75314 1.15325 1.32066 0.786524 1.4555 
1116 0.0553936	0.122225 1.2629 0.601185 0.552579 0.875191 0.508485 0.53687 0.451051 0.845872 0.736439 
1117 0.102041	0.209766 0.985809 1.1324 1.05298 0.987601 0.884841 0.833302 1.19413 1.1194 1.23672 
1120 0.0759698	0.21243 0.828779 1.38556 0.746433 0.703549 0.628381 0.835988 1.3392 1.06438 0.832287 
1121 0.09375	0.719133 0.970837 0.62202 0.92165 0.996582 0.788331 0.854967 0.575455 1.02698 0.983081 
1122 0.139817	3.69401 1.11704 1.0631 1.21515 1.08639 1.19289 1.28857 1.292 1.12308 0.999453 
1123 0.059806	0.122269 0.796978 0.512559 0.65079 0.74183 0.458863 0.441028 0.577056 0.912761 0.588739 
1124 0.161369	1.12688 0.963142 0.824807 0.822693 0.967444 0.666152 0.72078 0.73639 0.968706 0.77888 
1125 0.0840517	0.657089 0.843222 0.527428 0.645494 0.765907 0.56764 0.51449 0.397713 1.06137 0.853298 
1126 0.249192	0.902801 0.8026 1.37819 1.25716 1.02233 0.998304 1.31285 1.34475 1.11193 0.954639 
1127 0.136045	18.2359 0.784806 1.43275 1.16384 1.18878 1.98231 1.26164 1.2782 0.764429 1.35221 
1130 0.0806979	2.79653 1.24558 1.03112 1.18403 1.0584 1.43967 1.72617 1.25144 1.22235 1.21644 
1131 0.12868	0.128627 0.945576 0.730725 0.561907 0.692819 0.532956 0.791058 0.935553 1.38356 1.03145 
1132 0.159542	0.128535 0.722373 1.60896 0.779163 0.780228 0.75776 1.02173 1.90572 1.05183 1.2458 
1133 0.0827699	1.37847 0.822699 1.21452 1.35823 0.889796 1.19109 1.14814 1.5223 0.855077 1.31881 
1134 0.0731734	31.05 1.41738 1.00645 1.20478 1.30647 1.8226 1.70043 1.27375 0.971013 1.12175 
1135 0.26783	0.666166 0.914839 0.848912 0.997086 0.806321 0.931355 0.974131 0.903634 1.02279 1.18769 
1136 0.131952	0.306133 1.03417 0.600687 0.674653 0.787222 0.505236 0.607806 0.44648 0.994845 0.649216 
1137 0.0753544	6.06604 1.0151 0.719211 1.03962 0.95025 0.962992 0.884262 0.656603 0.813637 0.987633 
1140 0.191784	0.430805 1.14331 0.80445 1.13642 1.0012 0.908148 0.742511 0.8898 0.953945 0.936785 
1141 0.205388	9.48039 1.55718 1.11946 1.17873 1.40704 1.75948 1.36046 1.25267 0.824836 0.843853 
1142 0.104561	0.551527 1.20249 1.35278 0.994039 0.943784 0.842256 0.783765 1.27076 0.728024 1.16779 
1143 0.0914911	1.00094 1.16492 1.20391 1.41505 1.08495 1.21517 1.1489 1.49137 0.91662 1.29376 
1144 0.13737	0.0428243 0.898022 0.773098 0.601158 0.795637 0.575863 0.529615 0.700871 0.956832 1.09227 
1145 0.156575	1.00796 1.35412 0.713214 0.755271 1.0978 0.862923 0.998296 0.673302 1.63709 1.08558 
1146 0.0624166	0.676218 1.04411 1.31681 1.0277 1.0743 1.09696 1.24717 1.23109 0.983602 1.47832 
1147 0.0504134	1.17472 1.32705 2.01836 1.27241 1.05314 0.946995 1.56395 2.14314 1.00801 1.57115 
1150 0.0526162	3.49508 1.26805 1.4389 1.36199 1.49694 2.01515 1.72088 1.82418 1.51043 1.4267 
1151 0.207542	0.486746 1.09368 0.703694 0.718337 0.869741 0.803906 0.72574 0.686789 1.06569 0.711571 
1152 0.223327	0.466223 0.982353 0.901886 0.885977 0.866656 0.975593 1.04448 1.10566 1.30681 0.993844 
1153 0.09734	16.9262 1.40889 1.16221 1.06599 1.33025 1.39789 1.59136 1.21904 1.63685 1.13327 
1154 0.106694	4.64358 1.4592 0.729004 1.01584 1.36962 1.24483 1.2891 0.79104 1.43884 1.01269 
1155 0.0488161	1.724 1.07883 1.32974 0.927242 0.969659 0.727407 1.01246 1.0873 0.910961 0.882891 
1156 0.178895	0.156249 1.1171 1.64655 0.964088 1.00085 0.997209 1.25256 1.71028 1.12693 0.956455 
1157 0.0847705	0.0801949 0.857148 1.18167 0.724486 0.750556 0.483057 0.763917 0.899618 1.21828 0.783319 
1160 0.0591787	0.246037 0.955066 1.01272 0.931001 0.88134 0.68211 0.99045 1.50275 1.0957 1.25237 
1161 0.15628	13.0855 1.03047 1.12035 0.99182 1.24335 1.34795 1.25366 0.825151 0.939369 1.07518 
1162 0.0775362	1.12253 1.1364 1.47484 0.754106 1.02725 0.864595 1.19041 1.29885 0.928647 1.31181 
1163 0.245652	0.0529976 1.00605 1.40781 0.709325 0.719254 0.539664 0.621777 1.63335 0.751445 0.959441 
1164 0.0929952	0.341824 0.683358 1.68288 1.11189 1.14035 0.987693 0.955082 1.22062 0.70397 1.59013 
1165 0.147343	0.624069 0.755944 1.23732 1.01987 0.852566 0.801856 1.0831 1.40545 1.04545 1.34718 
1166 0.0695652	1.83669 1.11612 1.65463 1.15345 1.01389 1.14075 1.59322 0.939093 1.0524 1.31507 
1167 0.151449	0.162548 0.653926 1.46433 0.95055 0.916425 0.709889 0.884084 1.84204 1.00526 1.37949 
1170 0.140768	2.70803 1.35061 0.858624 1.00044 1.20223 1.06048 0.963652 1.21416 1.30086 0.961119 
1171 0.13006	0.417326 1.07041 1.22831 1.07365 0.927115 0.934093 1.3234 1.35596 1.03815 0.952334 
1172 0.240272	1.26423 1.2395 0.92103 1.10362 1.0002 0.999123 1.31453 1.39085 1.32853 1.04977 
1173 0.0854009	5.06645 1.47897 0.728898 1.03967 1.04874 1.18155 1.23286 0.775064 1.15609 0.862821 
1174 0.103421	19.9374 1.65794 0.819212 1.20279 1.32273 1.48962 1.91541 1.04076 1.44602 1.29383 
1175 0.0671194	0.63708 1.27655 0.592154 0.907462 0.893606 0.562179 0.780869 0.639981 1.12185 0.936928 
1176 0.164273	0.13117 0.872756 0.924945 0.698924 0.811597 0.640592 0.877104 1.29775 0.962243 0.995415 
1177 0.0686863	0.41423 1.16316 0.658582 0.954692 0.881981 0.684967 0.751328 0.642437 0.712001 0.649966 
BOUNDS
LWPS R    0.0  0.0  0.0  0.0  0.0  0.0  0.0  0.0  0.0  0.0
UWPS R    0.5  0.5  0.5  0.5  0.5  0.5  0.5  0.5  0.5  0.5
LXAS R   -0.5 -0.5 -0.5 -0.5 -0.5 -0.5 -0.5 -0.5 -0.5 -0.5
UXAS R    0.5  0.5  0.5  0.5  0.5  0.5  0.5  0.5  0.5  0.5
END
