NAME moment_estimation_cluster
ASSETS 10
BENCHMARKS 0.1 0.1 0.1 0.1 0.1 0.1 0.1 0.1 0.1 0.1 
COVARIANCES
0 0 0.00382738
1 0 0.000643633
1 1 0.0034214
2 0 0.00160004
2 1 -0.00233856
2 2 0.0051706
3 0 0.00327621
3 1 -0.00126037
3 2 0.00501536
3 3 0.00760221
4 0 -0.0018199
4 1 0.00166341
4 2 -0.00476133
4 3 -0.00713283
4 4 0.00863928
5 0 0.00543841
5 1 0.000362571
5 2 0.00368196
5 3 0.00685178
5 4 -0.0046121
5 5 0.0107988
6 0 0.00091386
6 1 0.000321714
6 2 0.000429854
6 3 0.00134489
6 4 -0.000864757
6 5 0.00168317
6 6 0.000849295
7 0 -0.00515023
7 1 0.0080984
7 2 -0.0135298
7 3 -0.0157146
7 4 0.0157234
7 5 -0.0123059
7 6 -0.00169324
7 7 0.0451649
8 0 0.00354364
8 1 0.000956382
8 2 0.00123648
8 3 0.00361453
8 4 -0.00217703
8 5 0.00608946
8 6 0.00115849
8 7 -0.00546015
8 8 0.00455024
9 0 0.00200043
9 1 9.91463e-05
9 2 0.00142342
9 3 0.00331415
9 4 -0.00320101
9 5 0.00353093
9 6 0.000822386
9 7 -0.00577736
9 8 0.00241199
9 9 0.00229711
SCENARIOS
0 0.24236	1.03442 0.993017 1.07251 1.1213 0.882211 1.1222 0.992619 0.770328 1.05272 1.05968 
1 0.75764	1.01363 1.00758 0.987859 0.974215 1.03956 0.980457 0.983009 1.10038 0.99834 0.994155 
00 0.234692	1.09391 0.964278 1.0752 1.13768 0.875796 1.0639 1.05703 0.798655 1.06568 1.04757 
01 0.765308	0.998892 1.01903 0.971394 0.957558 1.03419 0.946735 1.02947 1.17763 0.981325 0.998937 
10 0.269191	1.009 0.983478 1.10545 1.15265 0.863215 1.151 1.00735 0.721681 1.04794 1.04315 
11 0.730809	0.959507 1.01466 0.965902 0.964687 1.04797 0.961526 1.03395 1.10844 0.995949 1.00083 
000 0.195148	0.867546 1.05843 0.933176 0.884809 1.06816 0.865907 0.990247 1.3881 0.922156 0.954937 
001 0.0893108	1.04023 1.00289 1.15323 1.13174 0.968631 1.17923 0.999235 0.726523 1.077 1.0449 
002 0.0750703	1.03422 1.1148 0.941057 0.921035 1.1804 1.10509 1.03546 1.237 1.05357 0.986419 
003 0.186006	0.9847 1.02003 1.02756 1.03007 0.981613 1.07739 0.979014 0.897603 1.0634 1.03162 
004 0.0683896	0.933189 0.937252 1.23034 1.18295 0.815937 1.18874 1.01392 0.664108 0.901049 1.05004 
005 0.125	0.965154 1.00972 1.05646 1.10282 0.904516 1.11073 1.00036 0.934954 1.02397 1.03725 
006 0.188115	0.961623 0.979887 1.04956 0.978719 1.06474 1.05036 1.01074 1.04444 1.01003 0.979002 
007 0.0729606	1.02579 1.12945 0.938343 0.971178 1.02976 1.05684 0.986458 1.1354 1.06794 1.03791 
010 0.0656675	0.959315 0.8823 1.20496 1.08087 0.935651 1.00438 0.963564 0.665313 1.01748 0.969466 
011 0.100766	0.914105 1.02272 0.885045 0.819985 1.22842 0.810048 0.958488 1.39371 0.923623 0.911485 
012 0.0551542	1.14287 0.943941 1.19781 1.26082 0.845243 1.24745 1.0287 0.530755 1.18961 1.05263 
013 0.214524	0.996211 0.979474 1.02994 0.982354 1.04579 1.01124 1.00711 1.03806 0.99552 0.973214 
014 0.112896	1.11943 1.04765 1.00937 1.06195 0.996735 1.17302 0.993311 0.97733 1.09965 1.03093 
015 0.201154	0.935405 1.01633 0.92523 0.923762 1.04424 0.827602 0.956612 1.29006 0.915581 0.952129 
016 0.107397	1.03361 1.01861 1.04553 1.1497 0.875013 1.14107 1.04978 0.950491 1.05689 1.05635 
017 0.142441	0.985698 0.945352 1.05547 1.07339 0.86511 0.976799 0.983032 0.770318 0.971627 0.995496 
100 0.0951214	0.992836 1.0189 0.894227 0.847775 1.16719 0.784967 1.0188 1.35813 0.930917 0.953454 
101 0.063643	0.858804 0.886618 1.0168 0.880791 1.08537 0.801805 0.985994 1.10181 0.885946 0.909728 
102 0.143368	0.974727 1.04234 0.937431 0.927608 1.11206 0.972298 1.0389 1.20116 1.05629 0.989843 
103 0.118853	1.09396 0.979997 1.10061 1.20973 0.859401 1.16563 1.10652 0.720053 1.14358 1.11663 
104 0.144153	0.936815 0.995638 0.947579 1.00829 0.934058 0.868819 1.00829 1.12088 0.995598 1.03987 
105 0.126894	1.06324 1.04983 0.954793 1.01053 1.01317 1.04446 1.08606 1.09859 1.08751 1.03627 
106 0.160039	1.03756 0.902182 1.10063 1.0565 1.00313 1.11866 1.03237 0.712369 1.05175 1.01009 
107 0.147928	0.968063 0.892919 1.05755 1.0009 0.960065 0.907893 0.956966 0.917232 0.881175 0.979082 
110 0.155087	1.07576 0.999155 1.01848 1.02859 0.993187 1.06808 0.987846 0.939578 1.05679 1.00576 
111 0.179938	1.08385 0.972479 1.08681 1.13513 0.886216 1.23971 1.00632 0.673029 1.07802 1.02658 
112 0.187813	0.97275 0.929847 1.06707 1.00379 0.909953 0.903701 0.918463 0.839491 0.90456 0.970473 
113 0.0605032	1.04535 1.09624 0.927935 0.99471 0.975821 1.07106 0.982896 1.17965 1.05442 1.03172 
114 0.0667341	1.02201 0.955937 1.1506 1.23839 0.794312 1.16148 1.01234 0.552778 1.03112 1.03902 
115 0.0702198	1.05194 1.12073 0.921667 0.950277 1.04215 1.03683 0.958157 1.24366 0.97383 0.974106 
116 0.0968412	0.951009 1.00309 0.857958 0.810062 1.2507 0.918546 0.965419 1.54197 0.88331 0.903439 
117 0.182864	0.964132 0.9804 0.962773 0.904786 1.10143 0.929598 0.984203 1.12453 0.97851 0.948626 
0000 0.0648649	0.962496 0.909188 0.910311 0.853864 1.1306 0.79798 0.876191 1.10888 0.880238 0.945382 
0001 0.124324	1.07033 0.848967 1.16652 1.17661 0.837396 1.15122 0.968717 0.550438 0.938439 1.05633 
0002 0.0837838	0.921477 0.86555 1.03846 0.997201 0.945526 0.84625 0.962387 0.948713 0.886586 1.01068 
0003 0.163964	0.999515 1.08464 0.916265 0.95536 1.09634 0.991852 0.954827 1.27566 0.967585 0.963694 
0004 0.15045	1.06481 1.02008 1.0011 1.03353 1.01275 0.995619 1.04733 1.10056 1.02542 1.03192 
0005 0.0738739	0.933229 1.01834 0.918572 0.822413 1.26549 0.811988 0.97691 1.48881 0.847873 0.91454 
0006 0.202703	0.990759 0.936283 1.04947 1.08584 0.909041 1.0319 0.995607 0.912936 1.03013 1.05596 
0007 0.136036	0.987138 0.920531 1.06894 0.983359 1.07529 1.01312 0.975855 0.772094 1.00735 0.946865 
0010 0.149606	1.05033 1.02443 0.968585 0.978647 1.01877 0.976955 1.01194 1.16623 1.06244 0.975477 
0011 0.0807087	0.900345 0.904434 1.0528 0.970377 0.971921 0.908008 0.983506 0.984701 0.903902 0.964399 
0012 0.135827	0.990387 0.871958 1.07376 1.03498 0.975256 0.893771 1.00302 0.840742 0.987122 0.992026 
0013 0.0590551	0.99924 0.841064 1.13796 1.0988 0.913128 1.12151 0.945962 0.68484 0.925447 0.920709 
0014 0.11811	1.16305 1.0911 0.965501 1.09507 0.906584 1.26392 1.06245 1.03728 1.10536 1.07666 
0015 0.0590551	0.998664 0.931723 1.00093 0.897932 1.00176 0.797718 1.01633 1.30291 0.804224 0.902829 
0016 0.125984	0.987404 0.946897 0.937807 0.882587 1.15144 1.01704 1.06079 1.4849 0.886308 0.905388 
0017 0.271654	1.05593 1.00718 1.05519 1.12992 0.880136 1.09836 1.08041 1.02097 1.03271 1.02285 
0020 0.103044	0.933123 1.07165 0.896505 0.904049 1.15927 1.00817 0.996464 1.75813 0.973721 0.948334 
0021 0.203747	0.906023 0.972016 0.926229 0.930578 0.998008 0.873154 0.903423 1.31691 0.934825 1.00215 
0022 0.058548	0.995085 1.01091 0.84509 0.972413 1.1194 1.15608 1.0219 1.49617 1.08639 0.992955 
0023 0.0960187	1.16702 1.02329 1.02016 1.17914 0.849282 1.12245 1.02124 0.823461 1.13032 1.12751 
0024 0.128806	0.995885 0.990689 1.06389 1.06511 0.994255 1.0518 0.932794 1.27848 0.996994 1.00697 
0025 0.0772834	0.927358 0.946469 0.864027 0.834432 1.20522 0.946473 0.956718 1.1751 0.929426 0.941124 
0026 0.236534	0.949563 0.913156 0.986895 0.976656 1.00106 0.917316 1.02191 0.879234 1.04437 1.02849 
0027 0.0960187	0.928955 0.876723 1.13864 1.10642 0.92515 0.934855 0.980156 0.803388 0.944488 1.04528 
0030 0.094518	0.969608 1.06949 0.998543 1.08199 0.920724 0.993259 1.03526 1.38194 0.9663 1.05838 
0031 0.063327	1.1686 1.04673 1.10817 1.18433 0.918326 1.19249 1.07369 0.927181 1.11264 1.08781 
0032 0.159735	0.96364 0.942696 0.988022 0.964443 0.991034 0.905648 1.02596 0.826135 0.904409 0.97687 
0033 0.124764	1.10893 0.930079 1.05003 1.05459 1.04225 1.16063 0.997513 0.737409 1.07998 1.01351 
0034 0.135161	0.976626 0.908339 1.09804 1.12661 0.926449 1.09055 1.03545 0.950907 0.994259 1.00946 
0035 0.12949	0.916835 1.06783 0.910393 0.893231 1.14574 0.879436 1.02538 1.50164 0.906103 0.895063 
0036 0.216446	1.03165 1.06227 0.956487 0.987409 1.07255 1.05893 1.01792 1.28907 1.07552 0.98562 
0037 0.0765595	0.99321 0.960486 1.00013 0.932839 1.18086 0.923319 1.0311 1.24626 0.939672 0.91367 
0040 0.195373	1.08755 1.04908 0.88134 0.958241 1.09019 0.895486 0.944418 1.22546 1.14638 1.00467 
0041 0.167095	0.968556 0.870209 1.01729 0.915664 1.08764 0.807613 0.94596 0.954864 0.912891 0.932397 
0042 0.0437018	0.911067 0.931728 0.850236 0.808896 1.18738 0.657476 0.963264 1.2023 0.921302 0.909341 
0043 0.164524	1.03608 0.875208 1.0175 1.01014 1.0001 0.948616 0.94145 0.793341 1.05827 0.978736 
0044 0.115681	1.09939 0.977544 1.07725 1.07982 0.99349 1.00919 1.0399 0.881494 1.18568 1.01839 
0045 0.0848329	1.15685 0.944691 1.19262 1.21949 0.8052 0.953045 0.948698 0.678221 1.1421 1.06745 
0046 0.0848329	1.22082 1.04819 0.928875 1.09337 0.973674 1.13001 1.01534 1.01961 1.23954 1.09151 
0047 0.143959	1.10617 1.00037 1.00043 1.11696 0.88959 1.05177 0.956523 0.840976 1.23367 1.13005 
0050 0.226442	0.994414 0.963737 1.00611 1.06296 0.91309 0.995928 0.999141 0.790722 0.953287 1.02495 
0051 0.147679	1.08898 0.998822 1.05369 1.01193 1.02917 0.975153 0.979016 0.76342 0.997069 0.979071 
0052 0.0520394	0.976137 1.01219 0.95286 0.981837 0.882617 0.766665 1.00801 0.928954 0.935849 1.01326 
0053 0.18706	0.882961 0.963679 0.981328 0.878595 1.05789 0.731476 0.949287 1.00023 0.874453 0.922131 
0054 0.0604782	1.03243 1.06845 0.821263 0.888156 1.1351 0.920116 0.98185 1.30465 0.984712 1.00944 
0055 0.111111	1.02867 1.10079 1.00567 0.996193 0.9547 0.939778 1.04304 1.15562 0.995691 1.08373 
0056 0.126582	1.03115 1.00229 0.964467 0.946198 1.03013 0.885893 1.08042 0.993986 0.970371 1.0568 
0057 0.0886076	1.15634 0.945916 1.10218 1.17178 0.826458 1.15612 1.06257 0.619918 1.08674 1.10926 
0060 0.205607	0.953316 0.912197 1.052 1.01339 0.990028 0.954871 0.903196 0.811172 0.895007 0.973392 
0061 0.053271	1.03897 0.970851 1.04281 1.16386 0.867792 1.14021 1.05081 0.624172 1.11348 1.07711 
0062 0.0691589	1.01513 1.03278 0.896383 0.89872 1.1845 0.929468 0.999127 1.12548 0.99906 0.985819 
0063 0.145794	1.11418 1.04541 0.98501 1.06969 0.957758 0.989033 0.990375 0.924756 1.07735 1.04778 
0064 0.126168	1.07156 0.997065 1.04864 1.09657 0.898696 1.01551 0.965909 0.739956 1.00224 1.0099 
0065 0.215888	0.994301 1.04954 0.916199 0.909527 1.04871 0.856414 0.931272 1.31304 0.956514 0.962179 
0066 0.0439252	0.929064 0.88641 1.20126 1.08985 0.89089 0.924741 0.959128 0.597942 0.880771 0.986693 
0067 0.140187	1.06452 1.0678 0.980064 0.974143 1.03069 0.945554 1.03028 0.937708 1.02091 1.00812 
0070 0.204819	0.912268 0.905866 1.00051 0.999516 0.904547 0.956495 1.0402 0.938187 1.01804 1.05101 
0071 0.187952	0.886846 0.906301 0.966136 0.937215 1.06633 0.882763 1.01893 1.08191 0.939608 0.964547 
0072 0.192771	1.0644 1.03673 1.00852 1.02073 1.00407 1.17786 1.0322 1.11786 1.07431 1.05206 
0073 0.0433735	0.943199 1.11234 0.9076 0.928682 1.06874 1.03414 0.958454 1.58965 0.958653 0.974546 
0074 0.0722892	0.973979 1.0615 0.864064 0.849866 1.17012 0.969953 0.933218 1.63167 0.926724 0.890554 
0075 0.0771084	1.00613 1.04722 0.916293 0.925331 1.10929 0.948819 1.0308 1.71503 1.05789 0.986137 
0076 0.053012	1.08447 1.00483 1.15914 1.17986 0.814489 1.26894 1.07102 0.747164 1.12045 1.09407 
0077 0.168675	0.982197 0.946075 1.05296 1.07948 0.887173 1.03396 0.99556 0.944924 1.01929 1.04984 
0100 0.123153	1.04948 0.9755 1.0697 1.08425 0.913583 0.982163 1.05631 0.789697 0.969794 1.01627 
0101 0.164204	1.13785 0.988847 0.966714 1.05251 1.03364 1.18608 1.03557 1.00099 1.03721 1.04223 
0102 0.0665025	1.00673 1.01333 0.904011 0.935692 1.14139 1.05757 1.04145 1.19576 0.96116 0.922283 
0103 0.136289	1.14405 0.993566 1.10202 1.20176 0.828677 1.14986 1.06407 0.70738 1.04668 1.02625 
0104 0.1289	1.0843 0.928629 1.09457 1.04594 0.984836 1.01772 0.999602 0.74293 0.977702 1.00138 
0105 0.181445	0.994197 0.993696 0.974428 0.964207 0.976955 0.928455 0.957479 1.07923 0.860914 0.981539 
0106 0.0738916	1.02371 1.14797 0.902743 0.905772 1.12851 0.90719 1.01728 1.54277 0.920725 0.971583 
0107 0.125616	0.931241 0.973134 0.938315 0.852338 1.12172 0.771989 0.98275 1.3414 0.810875 0.921672 
0110 0.139647	1.14132 0.981892 1.07772 1.13448 0.900156 1.34524 0.976958 0.730033 1.17377 1.08511 
0111 0.125201	0.928882 0.951601 1.03196 1.03372 0.966353 0.976617 0.984934 0.925917 0.962903 1.00071 
0112 0.0609952	1.19356 1.11209 1.01088 1.14431 1.0229 1.51808 1.07474 0.964415 1.21207 1.02037 
0113 0.183521	0.9264 1.01495 0.879491 0.924846 1.07223 0.823953 1.0006 1.42902 0.897148 0.930073 
0114 0.112895	1.0639 1.00144 1.05286 1.19679 0.874739 1.31118 0.998463 0.9493 1.11939 1.05239 
0115 0.134296	1.07507 1.07153 0.997226 0.962197 1.10108 1.11595 0.998449 1.30077 1.00772 0.978609 
0116 0.199037	1.0652 1.04832 0.940051 1.00209 1.01829 1.19268 1.01457 1.15767 1.03948 0.96491 
0117 0.0444088	1.06023 0.887361 1.13606 1.08597 0.981862 1.18125 1.00689 0.730672 1.02353 0.983189 
0120 0.0752688	1.071 1.08484 0.982215 1.0291 1.06083 1.33934 1.08416 1.06177 1.10228 1.06257 
0121 0.0860215	0.82803 0.998488 0.944343 0.929917 0.937223 0.803782 1.01111 1.38141 0.855173 1.00314 
0122 0.0772239	1.12552 1.02281 1.01232 1.12027 0.943454 1.21429 1.01704 0.92577 1.15663 1.08511 
0123 0.130987	0.993361 0.876288 1.12014 1.1634 0.823865 1.06707 0.98386 0.664572 0.902133 1.08303 
0124 0.191593	1.00042 0.911724 1.11713 1.02844 0.948483 0.978455 0.982858 0.885128 0.859537 1.02895 
0125 0.227761	0.997634 0.934551 0.970039 0.919506 1.08156 0.955058 0.927464 1.14613 0.919916 0.975802 
0126 0.130987	0.986078 1.01643 0.961398 1.02498 0.962581 0.994201 1.02049 1.2339 1.03135 1.1114 
0127 0.0801564	0.860135 1.04346 0.87839 0.842285 1.186 0.828789 1.05084 1.67867 0.898917 0.924812 
0130 0.221412	0.973767 0.920996 1.04026 1.06183 0.876156 0.950173 1.00588 0.851645 0.995626 0.99791 
0131 0.0784117	1.03286 1.0914 0.951485 1.03863 0.983771 1.08892 1.00547 0.925674 1.11149 1.04785 
0132 0.0776577	0.883304 0.874508 0.997459 0.935229 1.07615 0.859587 0.956471 0.792052 0.88488 0.942141 
0133 0.0751445	1.02309 1.13084 0.902978 0.93707 1.13048 1.01134 0.986021 1.36114 1.06858 1.00648 
0134 0.0645891	0.993571 1.06218 0.929902 0.936145 1.01514 0.940482 0.986059 1.05279 0.996516 0.999772 
0135 0.0872078	0.935548 0.956646 0.971196 0.895889 1.08211 0.822676 0.912197 1.01804 0.935029 0.911405 
0136 0.0809249	1.01376 0.965359 0.925409 0.880622 1.20454 0.990234 0.962571 1.25029 0.971615 0.942103 
0137 0.314652	1.08745 0.934534 1.05906 1.08638 0.964997 1.01995 1.04238 0.701501 1.05108 1.00985 
0140 0.104585	1.10939 1.03063 1.06041 1.10158 0.971153 1.09521 1.04319 0.873399 1.12254 1.01579 
0141 0.0620821	1.12016 1.12865 0.874767 0.981512 1.10977 1.14674 1.04162 1.29109 1.19021 1.07869 
0142 0.252627	0.940805 0.969381 1.04313 1.00634 0.962089 0.865637 1.08376 0.894474 0.94523 1.01068 
0143 0.12703	0.988312 1.09866 0.949486 0.991799 1.04893 1.00625 1.00605 1.15848 0.967416 0.992201 
0144 0.0644699	0.978237 0.921485 1.01734 0.945672 1.10322 0.9881 0.947667 0.976366 0.968025 0.953683 
0145 0.086915	0.807465 1.03887 0.952822 0.874019 1.1373 0.835308 0.95955 1.30895 0.899857 0.90719 
0146 0.0668577	0.970918 1.11409 0.863535 0.8713 1.21609 0.899069 0.996841 1.58423 0.955641 0.926967 
0147 0.235435	0.961876 0.937752 1.15081 1.12821 0.91191 1.02259 1.03784 0.741998 1.04441 0.993267 
0150 0.139105	0.868385 0.928042 1.07751 1.08207 0.875878 1.08311 1.0749 0.747406 0.969622 1.0135 
0151 0.0704905	1.10609 0.988277 1.07799 1.19981 0.799495 1.22577 1.00316 0.522707 1.19926 1.11901 
0152 0.11257	0.902751 0.882902 1.09556 0.978859 0.98962 0.960955 1.00297 0.812997 0.898421 0.917328 
0153 0.157062	0.956511 1.06494 0.897386 0.889277 1.11484 1.02707 1.02715 1.37758 1.01728 0.956216 
0154 0.0383275	1.12331 1.17309 0.932084 1.10498 0.920749 1.32807 1.04147 1.10362 1.13677 1.07751 
0155 0.171	0.989794 1.10279 0.931419 0.990999 1.03006 1.14041 1.08538 1.15416 1.04077 1.00022 
0156 0.163495	1.0425 0.978469 1.00164 1.06424 0.954869 1.23931 0.98985 0.777604 1.11135 1.0506 
0157 0.14795	0.945959 0.93509 0.97154 0.902324 1.07812 0.958247 0.985035 0.942695 0.956141 0.95929 
0160 0.161145	0.991347 1.06868 0.905949 0.891347 1.13647 0.876561 1.02456 1.20949 1.02277 0.993078 
0161 0.259036	1.07072 0.960633 1.04956 1.02674 0.984317 1.02515 0.966083 0.682836 1.07392 0.972497 
0162 0.0778112	0.989448 0.96007 1.02171 1.07215 0.93113 1.03573 0.967804 0.749636 1.04726 1.08939 
0163 0.101908	1.15717 1.02974 1.03662 1.10998 0.932321 1.23633 1.04949 0.777277 1.19771 1.1301 
0164 0.0903614	1.11933 0.907957 1.16277 1.16186 0.890353 1.21719 1.01442 0.595276 1.10846 1.04515 
0165 0.133032	1.03928 1.02386 0.958809 0.957071 1.13859 1.14038 0.990325 0.881762 1.04861 0.973976 
0166 0.0958835	0.966296 0.921467 1.01553 0.930419 1.08246 0.859837 0.925937 0.998758 0.925615 0.964744 
0167 0.0808233	1.06019 1.04117 0.925129 1.00229 1.01589 1.22233 1.04393 1.091 1.11489 1.0343 
0170 0.0764572	0.991217 0.954221 1.09956 1.00993 1.05579 1.03742 1.05082 0.889727 1.0094 0.967788 
0171 0.159349	0.93427 0.99031 0.928507 0.899724 1.11124 0.858749 0.987764 1.29564 0.914537 0.953426 
0172 0.107873	0.899767 0.970664 0.927263 0.848807 1.1915 0.893338 1.01286 1.3514 0.912768 0.947099 
0173 0.127933	1.03925 0.99678 0.995523 1.03407 0.990585 1.12499 1.05096 0.974198 1.0758 1.07079 
0174 0.112793	0.93002 0.919731 1.06488 0.985628 0.969218 0.990757 0.985409 0.967105 0.938946 0.988719 
0175 0.278577	0.979299 0.963218 1.12779 1.12567 0.896177 1.02394 1.02627 0.683558 1.00919 1.07547 
0176 0.0613172	1.00904 1.04969 0.925699 0.947506 1.10641 1.07084 0.92583 1.14621 1.11648 1.02547 
0177 0.0757002	0.918504 1.03601 0.977455 0.968761 0.971975 0.884253 1.01684 1.29855 0.931614 0.972364 
1000 0.183505	0.944573 0.970764 1.04606 1.06478 0.881193 1.05898 0.964562 0.910001 1.05322 1.01739 
1001 0.0623711	0.93815 1.12319 0.841357 0.880672 1.1714 0.901047 0.999815 1.66196 0.903502 0.911275 
1002 0.0814433	1.06252 0.946762 1.0405 1.16192 0.847358 1.37023 0.987164 0.701461 1.1703 1.06106 
1003 0.0634021	1.00604 1.0453 0.980551 0.97113 1.15804 1.2451 0.99312 1.11276 1.01248 0.947433 
1004 0.103608	0.964418 1.04423 0.931061 1.0099 1.05014 1.23295 1.02102 1.34793 1.06997 0.989787 
1005 0.168557	0.915141 0.896044 1.01238 1.01618 0.958467 1.0944 0.953701 0.864798 0.995444 0.992268 
1006 0.213402	0.945486 1.02893 0.94199 0.971947 0.970537 1.03492 1.00405 1.11106 0.98841 0.97779 
1007 0.123711	0.875648 0.887725 0.971771 0.886858 1.09466 0.950354 0.911391 1.04559 0.936736 0.94864 
1010 0.249615	1.06684 1.09681 0.980137 0.976537 1.04577 1.00798 0.955837 1.06531 0.962551 0.972094 
1011 0.0824345	0.908371 1.01759 0.90804 0.892557 1.07767 0.825944 0.922216 1.1339 0.886628 0.973201 
1012 0.0901387	0.966317 1.0342 0.954858 1.04275 0.928022 0.907266 0.953182 1.04497 0.907818 1.0157 
1013 0.0970724	1.17235 0.966003 1.07462 1.07064 1.00602 1.03142 1.0473 0.663491 1.04359 1.04523 
1014 0.193374	1.13745 0.999585 1.0664 1.16987 0.89857 1.144 1.00639 0.742071 1.03425 1.09097 
1015 0.0924499	1.07735 1.02397 0.946559 1.05279 0.917234 0.954758 1.07385 0.897659 0.980205 1.09465 
1016 0.130971	1.1237 1.13787 0.907512 0.883796 1.19394 0.977464 1.01296 1.28609 1.02388 0.973916 
1017 0.0639445	0.928397 0.934993 1.00673 0.961443 0.93409 0.888531 1.02598 0.917873 0.845839 1.01942 
1020 0.109439	1.05537 0.880627 1.17105 1.09213 0.929749 1.05597 1.05676 0.69918 0.948007 0.987234 
1021 0.142613	1.12441 0.95597 1.04379 1.06419 0.945823 1.09287 0.98176 0.852111 1.00644 1.05203 
1022 0.21067	1.05652 1.07529 0.933876 0.957003 1.02426 0.997084 0.956002 1.30198 0.986583 1.02444 
1023 0.156977	0.994371 0.979015 1.03137 1.00107 1.01993 0.973615 0.990281 1.07563 0.970332 1.00264 
1024 0.0892613	1.12816 0.953538 1.05047 1.01165 1.10898 1.0872 1.00099 0.970415 0.93632 1.01193 
1025 0.176813	1.06097 0.98934 0.907529 0.895899 1.11204 0.844671 0.966906 1.27963 0.943379 0.997609 
1026 0.0670315	1.13139 0.968057 1.05429 1.12777 0.856226 1.097 1.00001 0.798237 1.00436 1.07795 
1027 0.0471956	1.16846 0.956224 1.18723 1.23389 0.857247 1.14526 1.06077 0.752909 1.00395 1.11441 
1030 0.104373	1.11915 1.00109 1.05835 1.03138 1.04754 1.07251 0.999156 0.884454 1.07175 1.00126 
1031 0.0713696	0.922685 0.904752 1.02586 0.920921 1.12346 0.936144 0.978664 1.1175 0.871791 0.889795 
1032 0.0837459	0.975316 1.00547 0.922335 0.950411 0.985399 0.937617 0.919316 1.08117 0.934502 1.00421 
1033 0.117574	0.952421 1.03428 0.902293 0.813932 1.19055 0.830847 0.934271 1.34152 0.894112 0.897412 
1034 0.223597	1.10494 0.879847 1.16049 1.15142 0.856184 1.13003 0.899266 0.698263 0.981436 1.02155 
1035 0.166254	1.01338 0.944649 1.05605 0.973261 0.9352 0.872333 0.933548 1.01031 0.906443 0.946408 
1036 0.0577558	1.1522 1.12445 0.901871 0.976174 1.05087 1.15325 0.995321 1.16469 1.07431 1.0337 
1037 0.17533	1.07347 1.04432 0.966853 0.961117 1.01085 1.00606 0.975419 0.987605 1.02421 0.963972 
1040 0.196939	0.97188 1.0059 0.957452 0.941803 1.02605 0.965071 0.99182 1.04931 0.944817 0.978196 
1041 0.17585	1.01253 0.939907 1.06249 0.997113 1.01343 0.953225 0.998736 0.983511 0.89137 0.970116 
1042 0.188776	1.03588 1.08629 0.908459 0.877382 1.15171 1.0262 1.05318 1.44521 0.921895 0.969493 
1043 0.0965986	1.11579 1.12337 1.00019 1.03648 0.974218 1.05521 1.04691 0.993141 1.06868 1.00737 
1044 0.151701	0.989265 0.957995 1.06026 1.05422 0.892966 1.09492 1.06939 0.727045 1.00152 1.02594 
1045 0.0938776	1.09492 0.908027 1.11533 1.15295 0.863184 1.20379 0.994153 0.611951 1.06877 1.0093 
1046 0.0401361	1.11334 1.01578 1.11345 1.08054 0.978915 1.19887 1.03863 0.816638 1.04153 0.964227 
1047 0.0561224	1.16842 1.03102 1.098 1.19967 0.837847 1.24784 1.04018 0.720427 1.08099 1.0612 
1050 0.144127	1.07225 1.00789 0.976413 1.00822 0.952662 1.07885 0.954532 1.07849 1.01823 1.0563 
1051 0.132921	0.967796 1.01527 0.990267 0.920828 1.06042 0.87439 0.94803 1.20471 0.882988 0.938551 
1052 0.0598918	1.00675 1.08558 0.872717 0.839443 1.21155 0.834577 0.951444 1.55924 0.950118 0.927722 
1053 0.122875	1.08827 1.0569 0.914775 0.96692 1.10263 1.06109 1.02413 1.36341 1.0457 0.981087 
1054 0.0502318	1.14986 1.05552 1.03177 1.08742 1.0048 1.16424 0.953877 0.810624 1.13205 1.03363 
1055 0.113601	1.11283 1.03274 1.14591 1.16337 0.854343 1.24446 1.02689 0.784006 1.05981 1.06384 
1056 0.224498	1.01913 0.978851 1.00941 0.991167 1.03278 1.00264 0.972688 0.990681 0.96951 0.983369 
1057 0.151855	1.12097 1.10546 0.991865 1.09998 0.892812 1.14249 0.948419 1.03967 1.11474 1.03474 
1060 0.0606618	1.19261 1.03615 1.03176 0.966831 1.14996 1.06878 0.997715 1.0667 1.07556 0.985461 
1061 0.0802696	1.08722 0.954658 1.15139 1.22206 0.847049 1.07856 1.00524 0.830342 1.13338 1.07935 
1062 0.267463	1.0322 0.983315 1.0162 1.01015 0.969887 0.954686 0.983019 1.01839 1.01374 1.02486 
1063 0.134804	1.01839 1.03197 1.07086 1.11786 0.859212 0.900494 1.00704 0.828205 0.946851 1.0488 
1064 0.136336	1.04183 1.05564 0.86501 0.872877 1.16612 0.927012 0.972084 1.53917 0.965636 0.965387 
1065 0.129289	1.00412 1.00636 0.980231 0.937486 1.02329 0.825238 0.944664 1.32088 0.88675 0.948816 
1066 0.104779	1.00668 0.992803 0.966592 0.97413 1.02514 0.943879 0.980004 1.23666 0.970384 0.988844 
1067 0.0863971	1.2031 1.04274 0.988009 1.09786 0.965974 1.17528 1.08693 0.993775 1.16206 1.06541 
1070 0.155452	1.03249 1.06654 0.911 0.977838 1.0775 1.07908 1.10729 1.02118 1.12183 1.026 
1071 0.139874	1.00274 1.00424 0.927534 0.907853 1.17409 0.98702 1.03433 1.1353 1.03037 0.947781 
1072 0.0941332	1.04547 1.03769 0.974265 1.05502 0.990785 1.15797 1.06373 0.934064 1.11871 1.04755 
1073 0.228373	0.890684 0.992469 0.983267 0.924875 1.00422 0.865312 1.0128 0.977724 0.962858 0.945846 
1074 0.0894929	1.0029 0.887095 1.04734 1.05738 0.875899 1.02303 1.00386 0.6478 1.05765 1.06735 
1075 0.0500497	0.979049 0.896609 1.16117 1.11501 0.896301 1.06074 1.0675 0.551152 1.00003 0.96267 
1076 0.0768976	1.07937 1.02503 1.05361 1.14881 0.891472 1.17475 1.13782 0.754067 1.19947 1.07694 
1077 0.165728	1.02289 0.961075 1.04288 1.0686 0.921071 1.06022 1.07294 0.74779 1.05832 1.03515 
1100 0.0641668	1.07864 1.00292 1.02194 0.993005 1.10217 1.1128 0.986371 0.826494 1.07807 0.997313 
1101 0.0769768	1.03148 1.04842 0.956707 0.945683 1.12087 1.06958 0.986177 1.29178 1.03752 0.943451 
1102 0.114708	0.890416 1.00489 0.880209 0.891091 1.11304 0.858396 0.963617 1.19758 0.950078 0.96543 
1103 0.146268	0.914846 0.949304 1.01416 1.03569 0.903655 0.908526 0.971669 0.918668 0.964396 0.987142 
1104 0.225341	1.07289 0.998166 1.08275 1.1394 0.909699 1.07151 1.00716 0.809683 1.03416 1.06679 
1105 0.0873413	0.926056 1.05177 0.934243 0.962986 0.9692 0.995002 0.990057 1.13676 0.999925 1.01001 
1106 0.17084	0.936963 0.940374 1.02312 0.954587 1.07576 0.933499 0.958523 0.871581 0.930114 0.929238 
1107 0.114359	1.05702 1.05397 1.04078 1.07359 0.982003 1.22953 1.03669 0.858791 1.03509 0.984248 
1110 0.0528957	0.946484 0.982514 0.953155 0.826672 1.2511 0.809061 0.912137 1.37939 0.84522 0.879601 
1111 0.118137	0.952113 0.939501 1.09398 0.948752 1.09081 0.893086 0.946789 0.897247 0.901191 0.916796 
1112 0.159691	0.938307 1.06762 0.941324 0.917114 1.09863 0.866598 1.02739 1.31302 0.960791 0.977405 
1113 0.191509	0.997725 0.990245 0.975357 0.996025 0.982517 0.906567 1.00052 1.15957 1.02417 1.02595 
1114 0.0447656	1.06865 1.13337 0.874493 0.909081 1.16559 0.895465 1.00618 1.63299 1.01353 1.02807 
1115 0.168724	1.15477 0.984269 1.12484 1.152 0.909789 1.18975 1.08828 0.852957 1.11515 1.07768 
1116 0.16752	0.981373 0.911394 1.0899 1.06606 0.932266 0.894268 1.00368 0.88285 0.941006 1.01421 
1117 0.096758	1.0303 1.10883 0.921312 1.02708 0.982711 0.958955 1.02723 1.42747 1.07498 1.03935 
1120 0.134148	0.956619 0.910682 1.1562 1.13533 0.92799 1.09758 1.03838 0.682378 1.04826 0.955821 
1121 0.1178	0.933361 1.02581 0.973888 0.967914 0.965018 0.985307 1.03411 1.07794 0.97911 1.01157 
1122 0.102125	0.934169 0.959059 1.00758 0.87544 1.13691 0.915989 0.948539 1.03117 0.92532 0.904561 
1123 0.126743	0.949229 1.03938 0.873774 0.859086 1.15959 0.89493 0.996512 1.3955 0.94391 0.949117 
1124 0.0999135	0.948615 0.904454 1.08683 1.00219 1.04007 1.04389 1.02466 0.796369 0.971063 0.959669 
1125 0.211174	0.976677 1.04831 1.03245 1.10108 0.878019 1.0563 1.07537 0.886631 1.02833 1.0678 
1126 0.14761	0.992521 1.09022 0.968709 0.968858 1.07174 1.14681 1.04561 1.073 1.04108 0.991401 
1127 0.0604866	0.985635 1.04927 0.991257 1.03305 0.99828 1.00028 1.04802 1.07179 1.01861 0.985014 
1130 0.0934328	1.02333 1.03285 0.920139 0.885919 1.15244 1.01456 0.982303 1.19399 0.978785 0.935822 
1131 0.0456716	1.0277 0.981884 0.971161 0.973784 1.11316 1.06562 0.999615 0.878416 1.01941 0.944775 
1132 0.211343	0.961536 0.99922 0.972606 0.941022 1.06551 0.951753 0.984887 1.21449 0.929547 0.903059 
1133 0.200299	1.09885 1.02355 1.05872 1.12308 0.898662 1.05556 1.05446 0.911298 1.0566 1.10213 
1134 0.0764179	1.08055 1.01218 0.999514 1.0637 1.00926 1.1465 1.03521 1.0554 1.10494 1.04166 
1135 0.099403	0.869057 0.989179 0.921622 0.936934 0.955632 0.753705 0.985319 0.95678 0.835229 0.966378 
1136 0.226567	0.992673 0.919199 1.04145 1.08277 0.896006 0.91304 1.01575 0.79852 0.982102 1.03568 
1137 0.0468657	1.19045 1.05487 1.12535 1.04037 1.04557 1.24487 0.989378 0.813558 1.13848 0.994597 
1140 0.0671177	0.953733 0.791108 1.08336 0.931887 1.02503 0.918817 0.974551 0.774833 0.909697 0.998166 
1141 0.123139	0.939969 1.04174 0.917528 0.929764 0.986953 0.901421 0.961935 1.54729 0.974067 1.0648 
1142 0.112855	1.13983 0.951981 1.09037 1.18821 0.838715 1.28545 1.04709 0.768702 1.19322 1.09199 
1143 0.114208	1.05676 0.942142 1.02352 0.96217 0.981961 1.00176 1.01539 1.05389 0.972196 1.0054 
1144 0.210014	1.13445 1.0442 0.959116 1.02713 0.987051 1.05141 1.02979 1.13093 1.03461 1.09821 
1145 0.140189	1.01177 0.971901 1.1027 1.01828 1.0628 1.05347 0.997288 0.866924 1.01491 1.00901 
1146 0.109337	1.0408 0.925959 1.09664 1.06766 0.872402 1.05866 1.00021 0.852401 0.954777 1.05784 
1147 0.123139	1.00405 1.0396 0.907578 0.867494 1.09652 0.879603 0.976028 1.52817 0.984351 0.982737 
1150 0.0617284	1.00062 1.03664 0.97186 0.975837 1.05581 0.986635 1.04949 1.11096 1.09362 1.02593 
1151 0.0774177	1.0417 1.05361 1.02325 0.983026 1.10008 1.09685 1.00094 1.13205 1.13396 0.950198 
1152 0.0843621	0.898696 0.90755 0.967421 0.915573 1.14525 0.818513 1.04987 1.19049 1.00052 0.927624 
1153 0.0900206	0.953567 1.06297 0.855561 0.883963 1.06843 0.8305 0.9618 1.42975 1.01816 0.963992 
1154 0.151749	0.976835 1.01159 0.985229 1.00852 1.00051 1.02283 1.02317 1.10434 1.06995 1.04143 
1155 0.208333	1.02489 0.979572 1.08786 1.14988 0.886044 1.04565 1.02148 0.765785 1.03244 1.09604 
1156 0.135545	1.13381 0.962752 1.0226 1.08933 0.985245 1.22428 1.01963 0.849672 1.17553 1.04829 
1157 0.190844	0.888719 0.917043 1.03241 0.980635 0.954679 0.861269 0.987238 0.961383 0.921047 0.953853 
1160 0.113577	1.1263 1.02621 1.1887 1.18926 0.911659 1.15838 1.05105 0.716803 1.16839 1.12111 
1161 0.162812	1.07216 1.13368 0.997962 0.976945 1.06725 1.12742 1.0123 1.20839 1.13975 0.98739 
1162 0.0438269	0.898629 1.01925 1.02609 1.02306 0.871989 0.808447 0.965741 0.969429 0.992712 0.983222 
1163 0.104252	0.975409 1.03391 1.0142 0.978055 0.9601 0.915673 0.989204 0.97591 1.04342 0.988459 
1164 0.0999627	0.994078 1.08555 0.982527 0.95364 0.995627 0.877565 0.997298 1.08262 0.957011 0.982965 
1165 0.18799	1.02745 0.907164 1.09455 1.00306 1.02008 0.875226 0.949049 0.739272 1.0137 0.961665 
1166 0.139873	0.894652 1.10595 0.883177 0.86381 1.18802 0.696847 0.945459 1.45158 0.916132 0.952529 
1167 0.147706	0.98257 0.932105 1.13164 1.0884 0.86099 0.905731 0.992979 0.67432 0.983661 1.01052 
1170 0.16484	0.992703 1.04785 0.930483 0.925654 1.16791 1.07565 1.00053 1.30387 1.0232 0.932577 
1171 0.145086	0.905182 1.08466 0.866538 0.908769 1.0196 0.96818 0.993989 1.47715 0.899667 0.959955 
1172 0.0767407	1.05753 1.10842 0.958828 1.07876 0.924721 1.08222 0.988 0.960657 1.048 1.02749 
1173 0.113481	1.12248 0.997402 1.06297 1.06283 1.00106 1.16676 1.01363 0.912324 1.00116 0.998165 
1174 0.0469136	1.04193 1.18145 0.963336 1.0544 1.01227 1.13314 0.964464 1.1882 1.02665 1.00424 
1175 0.213037	0.938648 0.996799 0.999814 0.966726 1.01699 0.935444 0.993708 1.06943 0.881231 0.928319 
1176 0.0768395	1.07542 1.01481 1.1242 1.2102 0.895964 1.33373 1.04117 0.733703 1.1867 1.07004 
1177 0.163062	0.948566 0.913404 1.06873 1.0741 0.891629 0.945866 0.9866 0.722137 0.92286 1.00469 
BOUNDS
LWPS R    0.0  0.0  0.0  0.0  0.0  0.0  0.0  0.0  0.0  0.0
UWPS R    0.5  0.5  0.5  0.5  0.5  0.5  0.5  0.5  0.5  0.5
LXAS R   -0.5 -0.5 -0.5 -0.5 -0.5 -0.5 -0.5 -0.5 -0.5 -0.5
UXAS R    0.5  0.5  0.5  0.5  0.5  0.5  0.5  0.5  0.5  0.5
END
