NAME moment_estimation_cluster
ASSETS 10
BENCHMARKS 0.1 0.1 0.1 0.1 0.1 0.1 0.1 0.1 0.1 0.1 
COVARIANCES
0 0 0.00573485
1 0 0.00046356
1 1 0.00108346
2 0 0.00408052
2 1 0.000568842
2 2 0.00351462
3 0 0.00507174
3 1 0.000614618
3 2 0.00395804
3 3 0.00626993
4 0 -0.00187257
4 1 -0.00026667
4 2 -0.00174434
4 3 -0.00402028
4 4 0.00506219
5 0 0.00821451
5 1 0.000525506
5 2 0.00626955
5 3 0.00808556
5 4 -0.00338327
5 5 0.0134736
6 0 0.00233143
6 1 0.000247674
6 2 0.0016789
6 3 0.00243883
6 4 -0.000884524
6 5 0.00357896
6 6 0.00163862
7 0 -0.00699312
7 1 0.000461505
7 2 -0.00615316
7 3 -0.00795202
7 4 0.00543905
7 5 -0.0116585
7 6 -0.00275584
7 7 0.0175307
8 0 0.00558865
8 1 0.000379978
8 2 0.00441663
8 3 0.00547958
8 4 -0.00248672
8 5 0.0086485
8 6 0.00242334
8 7 -0.00880611
8 8 0.00630849
9 0 0.00245489
9 1 0.000119906
9 2 0.00181864
9 3 0.0029354
9 4 -0.00202311
9 5 0.00357852
9 6 0.00113118
9 7 -0.00384956
9 8 0.00262409
9 9 0.0017008
SCENARIOS
0 0.33841	1.09346 1.00993 1.06182 1.09251 0.939238 1.12465 1.03593 0.889466 1.07765 1.04081 
1 0.66159	0.976175 0.998033 0.980581 0.962997 1.03468 0.949141 1.00019 1.05787 0.97288 0.971234 
00 0.352915	1.07088 0.995696 1.0508 1.11017 0.925897 1.11226 1.06165 0.840387 1.11306 1.06284 
01 0.647085	0.948672 0.990002 0.965227 0.964285 1.03666 0.958728 0.978022 1.03043 0.97114 0.978321 
10 0.792485	1.01465 1.00429 1.01876 1.04286 0.975163 1.06274 0.991049 0.951561 1.05622 1.03468 
11 0.207515	0.863965 0.997303 0.906642 0.888522 1.05921 0.81654 0.925914 1.15419 0.856805 0.956202 
000 0.100394	1.05356 1.03219 1.0807 1.09301 0.933023 1.12886 1.00596 0.928073 1.06335 1.05261 
001 0.0964582	1.1949 1.01664 1.17018 1.19271 0.917325 1.33179 1.06364 0.723583 1.19925 1.11015 
002 0.114963	1.05067 0.982187 1.02755 1.0222 1.01482 1.08074 1.02082 0.990352 1.00118 1.01199 
003 0.183957	0.984377 1.00647 1.03768 0.958375 1.1405 1.0614 1.01772 1.06608 0.99871 0.970132 
004 0.226576	0.843486 1.00297 0.907777 0.900472 0.995916 0.841248 0.863519 1.20166 0.870138 0.934272 
005 0.0571046	0.993736 1.01194 1.0192 1.06262 0.892934 1.11709 0.967814 0.88306 1.02257 1.02713 
006 0.0701666	1.02585 1.08143 1.02256 1.03448 0.960658 1.02987 0.987658 1.04662 1.00057 0.97971 
007 0.150381	0.954319 0.995248 0.967533 0.96272 0.980198 0.959182 0.945854 1.03192 0.932653 0.959201 
010 0.10622	1.11353 1.00506 1.08976 1.18885 0.889163 1.23353 1.07328 0.747794 1.12671 1.08872 
011 0.217508	1.11307 1.00422 1.07888 1.04237 1.04218 1.15395 1.03217 0.966298 1.08627 1.01781 
012 0.0581788	0.997508 1.01011 1.05413 1.08215 0.867482 1.05673 1.01537 0.80152 1.03237 1.02639 
013 0.152114	0.907628 0.995126 0.948051 0.98056 0.910917 0.860537 0.965351 1.08326 0.932311 1.03184 
014 0.129236	1.03927 1.01423 1.05103 1.05753 0.938009 1.0555 1.03416 0.995948 1.05315 1.03757 
015 0.208284	1.00776 1.00653 0.973876 0.940704 1.0845 0.93311 0.950176 1.10071 0.99175 0.990114 
016 0.0778153	0.846818 0.967129 0.869663 0.860185 1.03833 0.819078 0.946209 1.28321 0.850441 0.939554 
017 0.0506439	0.889135 0.999785 0.914153 0.831236 1.2032 0.838699 0.987892 1.40845 0.874578 0.89815 
100 0.0634751	1.0075 1.01379 0.991065 0.894957 1.2407 0.954363 0.979144 1.19528 0.930431 0.932359 
101 0.279229	1.03818 0.995744 1.04662 1.00044 1.03665 1.09835 1.03635 1.04672 1.00423 0.993361 
102 0.184703	1.0126 1.01624 1.01914 1.03511 0.911333 1.01407 1.03971 1.02971 0.966929 0.995768 
103 0.122068	0.96635 0.943235 0.987158 0.978549 0.96323 0.93202 0.996862 0.894044 0.9414 0.994601 
104 0.0685104	1.23965 1.04043 1.12686 1.11419 1.05095 1.29594 1.1446 0.952645 1.13271 1.03789 
105 0.0763876	0.917047 0.989145 0.910961 0.872562 1.0356 0.845728 0.949967 1.2222 0.867057 0.927577 
106 0.12222	1.16716 1.00448 1.09616 1.19525 0.849758 1.23577 1.06896 0.80767 1.15595 1.08251 
107 0.0834064	0.933718 0.986959 0.937235 0.879192 1.14095 0.892501 0.96752 1.25513 0.881513 0.951584 
110 0.110423	0.97639 0.944929 0.966171 1.0133 0.89336 0.972279 0.992171 0.929262 0.992449 1.02752 
111 0.0490932	1.16602 0.993512 1.13235 1.07078 1.04972 1.265 1.10599 0.924556 1.20658 1.01944 
112 0.0807779	1.05781 1.00641 1.05586 1.01696 1.08407 1.07411 1.01283 1.00436 1.08818 0.995056 
113 0.128778	0.972549 1.00103 0.946246 0.979272 1.00447 0.893739 0.936944 1.28083 0.932685 0.987835 
114 0.170661	1.02941 0.971417 0.945412 0.878622 1.15915 0.905712 0.986799 1.24246 0.998999 0.94972 
115 0.210868	0.964282 0.958781 1.00283 0.947819 1.00904 0.946035 0.947644 0.987469 1.02135 0.987895 
116 0.0762619	1.11478 0.992653 1.07592 1.15276 0.818441 1.1595 1.00941 0.784267 1.14303 1.09232 
117 0.173137	1.07275 1.02681 1.07385 1.10407 0.933409 1.14955 1.09138 0.931464 1.16452 1.03439 
0000 0.137615	1.02318 0.915271 1.02344 1.05655 0.944442 1.10396 1.05053 0.867642 1.04703 1.02117 
0001 0.175146	0.977515 1.04078 0.980027 0.918745 1.14162 0.900928 0.958413 0.945194 0.955136 0.940668 
0002 0.0483736	0.985484 1.05225 0.961311 1.01329 0.901925 0.89059 0.986258 1.07768 0.933622 1.01913 
0003 0.215179	0.988437 1.00097 0.986777 0.989341 0.981301 0.982673 0.962048 0.876332 1.03997 0.972346 
0004 0.105088	1.1165 1.00895 1.06914 1.12479 0.889696 1.15451 1.03592 0.945776 1.08458 1.0285 
0005 0.0542118	0.922808 0.961871 0.912351 0.932247 1.04383 0.869851 0.944409 1.15674 0.882175 0.94389 
0006 0.105922	1.03006 1.05601 1.00599 0.9885 1.09379 1.04679 0.984204 1.13835 0.983945 0.982773 
0007 0.158465	1.1996 0.964146 1.08769 1.09817 1.00386 1.23926 1.05412 0.888777 1.13298 1.04248 
0010 0.169271	0.943864 0.97793 0.960349 0.970235 1.01387 0.942987 0.955224 1.20818 0.995159 0.977729 
0011 0.163194	1.03539 1.04719 1.01171 1.09994 0.912731 1.0375 1.04874 1.07533 1.03177 1.02395 
0012 0.141493	0.886037 0.994918 0.931381 0.873455 1.06803 0.832171 0.969676 1.39832 0.870774 0.904325 
0013 0.0642361	1.08837 1.00374 1.10621 1.0156 1.12481 1.22928 1.02758 1.0579 1.05313 0.965826 
0014 0.136285	1.016 1.08706 1.04682 1.03005 0.987121 1.07642 0.960741 1.25724 1.03764 0.995762 
0015 0.0460069	0.926499 0.957592 0.966997 1.0612 0.796472 0.978466 0.902247 0.882627 0.991124 1.00518 
0016 0.144965	1.07847 0.950446 1.04628 1.08294 0.953857 1.20346 0.987893 0.975897 1.05647 1.00422 
0017 0.134549	1.02445 0.99349 0.967019 0.915361 1.15984 0.985155 1.00013 1.15041 0.988178 0.917929 
0020 0.0655499	0.953849 1.00143 0.975968 0.911133 1.03465 0.866915 0.975516 1.26851 0.94409 0.944513 
0021 0.0640932	0.926169 0.965955 0.975798 0.903875 1.10341 0.930581 0.984688 0.923712 1.00483 0.953242 
0022 0.0866715	0.897058 0.978857 0.915341 0.873381 1.06372 0.855576 0.907895 1.09133 0.93279 0.903149 
0023 0.219228	1.01504 0.990622 1.03223 1.0803 0.937895 1.11832 0.990682 1.01677 1.05925 1.00573 
0024 0.243991	0.961038 1.02167 1.03896 0.986471 0.962553 1.02303 0.920053 0.909841 1 0.985696 
0025 0.0640932	0.882854 0.969734 0.916543 0.928072 0.965188 0.886015 0.956497 1.09899 0.968081 0.946575 
0026 0.0699199	1.1563 1.02972 1.1349 1.19489 0.928665 1.22533 1.02123 0.829481 1.19004 1.04004 
0027 0.186453	0.98532 0.980937 0.988415 1.01343 1.05782 1.05306 0.982008 0.968855 1.03408 0.981531 
0030 0.104688	1.16356 0.991342 1.04851 1.10034 1.02151 1.26688 0.982689 0.901899 1.15806 1.02347 
0031 0.312699	1.02279 0.987735 0.980464 0.982739 0.996065 0.953181 0.975346 0.992966 1.00816 0.986525 
0032 0.0974056	1.02962 1.07434 1.0325 1.06017 0.929343 1.01779 0.965553 0.876226 1.00667 1.03514 
0033 0.0842057	1.23744 1.09303 1.13348 1.21657 0.900305 1.3202 1.05876 0.874299 1.25002 1.06528 
0034 0.0741921	1.02654 0.962174 1.02917 1.08473 0.889038 1.1165 1.01948 0.798012 1.06918 1.01681 
0035 0.0842057	1.13286 0.988242 1.05586 1.11559 0.928101 1.12597 1.0261 0.914261 1.13987 1.04755 
0036 0.143377	0.918232 1.01292 0.945493 0.864154 1.11662 0.831796 0.881346 1.2214 0.893736 0.946423 
0037 0.0992262	0.878311 1.02244 0.881095 0.924309 1.0064 0.784259 0.922853 1.3623 0.887149 0.957217 
0040 0.179601	1.09241 0.970142 1.04614 0.998624 1.07763 1.07452 1.07959 1.05374 1.02498 0.992173 
0041 0.194013	0.937619 0.983468 0.929924 0.896472 1.12732 0.864619 1.0209 1.25734 0.894773 0.928295 
0042 0.190687	0.959062 0.984612 0.944466 0.946903 1.01785 0.853179 1.01121 1.09601 0.901159 0.989915 
0043 0.04102	0.949803 1.00235 0.938019 0.99182 0.869657 0.806457 1.0104 0.99616 0.895072 1.00605 
0044 0.0620843	1.13249 1.02354 1.10124 1.19051 0.828367 1.15475 1.13269 0.750963 1.10171 1.09835 
0045 0.12306	1.04575 0.946148 1.01279 1.03463 0.914974 0.996582 1.03071 0.953269 0.967374 1.03586 
0046 0.056541	1.20788 0.986901 1.12413 1.13641 0.909744 1.17722 1.1379 0.768946 1.11602 1.04504 
0047 0.152993	1.06614 1.03056 1.07483 1.10558 0.954486 1.08443 1.17085 0.980869 1.024 1.05452 
0050 0.0923754	0.959871 0.961801 1.00076 1.05405 0.905087 0.930584 1.01283 1.0945 0.944246 1.04953 
0051 0.0879765	0.998434 0.943161 0.931743 0.954363 1.0366 0.853654 0.953427 1.19022 0.930897 0.988765 
0052 0.124633	0.869075 0.950451 0.94821 0.863382 1.07868 0.868153 0.932278 1.23756 0.916227 0.959696 
0053 0.0923754	0.974163 1.01065 1.01913 1.03494 1.09821 1.02484 1.02871 1.06101 1.04032 1.02741 
0054 0.0557185	0.978901 0.949444 0.998234 0.952878 1.10373 0.934043 0.978182 1.08789 0.953608 0.949253 
0055 0.175953	1.07063 0.958531 1.05492 1.02057 0.998302 0.936953 1.0708 0.990278 1.06893 1.01355 
0056 0.136364	0.956356 1.02829 0.976107 0.976141 0.954261 0.824446 1.02742 1.16792 0.916846 0.986694 
0057 0.234604	1.09049 0.988075 1.0773 1.12485 0.930197 1.08957 1.10395 0.947836 1.07869 1.05492 
0060 0.242243	0.93906 1.00416 0.994573 0.94296 1.05184 0.966423 1.04028 1.22569 0.917608 1.01945 
0061 0.0894988	0.985951 0.967955 1.07011 1.11408 0.880381 1.12826 1.061 0.899585 1.04151 1.09274 
0062 0.0966587	0.954762 0.970001 1.02215 1.03696 1.0157 1.08892 1.03859 1.01504 1.03989 1.02574 
0063 0.0536993	1.19759 0.998047 1.14349 1.1961 0.934501 1.28921 1.10045 0.839112 1.21309 1.08617 
0064 0.133652	0.957821 1.04105 1.08867 1.02595 0.937938 1.03713 1.038 0.846274 1.04857 1.05735 
0065 0.112172	1.08906 1.0011 1.09411 1.08944 0.992099 1.13565 1.06807 0.847998 1.12559 1.0549 
0066 0.152745	0.849871 1.00097 0.930907 0.900595 0.963967 0.842218 0.964803 1.16912 0.848499 0.981085 
0067 0.119332	0.934192 0.983747 0.980432 0.979321 0.946482 0.912461 0.973397 1.12851 0.930379 1.02075 
0070 0.123051	0.985416 0.983673 1.03196 0.954771 1.04984 0.941159 0.946456 0.926245 1.00614 1.00952 
0071 0.0863029	1.13778 1.01422 1.07173 1.18824 0.877929 1.20425 1.04182 0.914873 1.17173 1.11409 
0072 0.0690423	0.971376 1.01732 0.951477 0.947715 1.04672 0.96658 0.93924 1.19989 0.944403 0.958805 
0073 0.0985523	0.892867 1.00125 0.95941 0.895758 1.13488 0.918868 1.00047 1.2616 0.942114 0.954115 
0074 0.335746	1.06065 0.98068 1.02523 1.07729 0.932381 1.07241 1.05816 1.03151 1.06241 1.09251 
0075 0.0768374	0.95072 1.0259 0.957992 1.00557 0.970323 0.961485 1.0217 1.16231 1.00254 1.04854 
0076 0.0929844	0.864326 0.956788 0.916709 0.895056 1.0077 0.882233 0.93505 1.22696 0.951186 0.999522 
0077 0.117483	1.05318 1.00854 1.02815 1.00809 1.08409 1.08073 1.06716 1.05797 1.0447 1.02016 
0100 0.1135	1.0447 1.0415 1.03352 1.05282 0.923248 0.963109 1.03116 1.20724 1.0319 1.03892 
0101 0.0653482	1.01204 1.06054 0.944268 0.986698 0.942535 0.901883 0.989828 1.40298 0.980002 1.00643 
0102 0.150473	1.17465 1.06119 1.09783 1.169 0.894951 1.16594 1.08926 1.11333 1.17661 1.06205 
0103 0.0846948	0.862522 0.980903 0.872027 0.881047 0.999437 0.806914 0.9911 1.51008 0.866538 0.947634 
0104 0.184867	0.986775 1.01854 1.02909 0.968215 1.00887 1.00259 1.02088 1.04536 1.05565 1.00426 
0105 0.173259	1.1611 1.06004 1.10121 1.04349 1.0835 1.19737 1.00079 1.12119 1.11152 1.02504 
0106 0.16509	0.971378 1.03773 0.963984 0.91168 1.11497 0.897225 0.995734 1.4338 0.938017 0.993128 
0107 0.0627687	0.950518 0.924986 0.956284 0.929385 0.971581 0.883065 0.940265 1.01701 0.992448 0.98357 
0110 0.198614	1.08177 1.03647 1.06464 1.08426 0.986506 1.01474 1.04424 0.945651 1.03976 1.03944 
0111 0.106026	1.06375 0.94002 1.03797 1.0157 1.05807 1.13216 1.00078 0.816852 1.09256 0.998974 
0112 0.154105	0.958413 0.996097 0.946184 0.907334 1.12783 0.861291 1.00064 1.2643 0.90045 0.958568 
0113 0.091119	0.948536 0.950296 0.987622 1.03696 0.917813 0.910232 1.0069 0.90234 0.963091 1.01259 
0114 0.0917489	0.946875 1.06027 0.962506 1.02172 0.963191 0.945433 0.991392 1.191 0.931553 1.02579 
0115 0.0934285	1.1626 0.986829 1.10046 1.1985 0.933368 1.2399 1.10434 0.740903 1.14383 1.10183 
0116 0.121562	0.936998 1.00374 0.977219 0.954119 1.00998 0.977362 0.963657 0.929658 1.02494 0.997334 
0117 0.143397	0.897117 0.990943 0.891435 0.924553 0.979281 0.805199 0.951672 1.17194 0.889418 0.983505 
0120 0.161695	1.0772 1.0026 1.03265 1.05097 1.0245 1.17437 0.9988 1.07653 1.04151 1.00353 
0121 0.0565149	1.20231 0.962673 1.11328 1.17717 0.932953 1.24448 1.06279 0.794162 1.20207 1.08438 
0122 0.0541601	1.09661 0.953031 1.0398 1.01577 1.00878 1.07581 0.99704 0.845632 1.09857 1.03646 
0123 0.133438	1.11752 0.991531 1.06681 1.09572 0.936191 1.14854 1.05719 0.982171 1.13308 1.03253 
0124 0.102041	0.932351 0.998549 0.887581 0.888319 1.08846 0.877345 0.978543 1.20068 0.922366 0.956089 
0125 0.102041	0.962744 1.02502 0.978694 0.949843 1.07784 0.963106 0.976885 1.25478 0.981022 0.99459 
0126 0.163265	1.05912 0.957605 0.988193 0.957864 1.07072 1.05962 1.0637 0.978541 1.01036 1.00543 
0127 0.226845	1.01324 0.967759 0.9549 1.00525 0.926338 0.882793 0.968327 1.13601 0.995614 1.03945 
0130 0.120684	0.931419 1.02225 0.940676 0.938519 0.965655 0.91161 0.969113 1.03026 0.946673 0.960038 
0131 0.273491	0.994129 1.00412 0.989174 0.938611 1.08511 0.946868 0.98678 0.986112 0.985384 0.936135 
0132 0.0684479	0.907651 0.998003 0.922596 0.845406 1.10832 0.798014 0.932415 1.35812 0.870462 0.923217 
0133 0.191534	1.03095 1.04009 1.02865 1.05946 0.948605 1.13701 1 0.972604 1.04207 0.995659 
0134 0.104773	1.08963 0.965885 1.01962 1.03825 1.07373 1.13421 1.05416 0.880667 1.0424 0.968656 
0135 0.0720504	1.0205 0.930767 0.990512 1.05074 0.907608 1.10404 1.03489 0.885148 1.04887 1.00747 
0136 0.104773	1.16055 1.01449 1.12464 1.16038 0.929568 1.22112 1.10131 0.829217 1.15522 1.00158 
0137 0.064245	1.06813 1.03329 1.07059 0.996117 1.05615 1.05457 1.07234 0.926414 1.12647 0.993337 
0140 0.0798587	0.986466 1.07665 1.03523 0.943147 1.076 1.01903 0.924788 1.08207 0.993043 0.967475 
0141 0.167845	0.992593 1.01808 0.973757 0.990102 0.981985 0.896857 0.959594 1.07017 0.9334 0.984331 
0142 0.0830389	1 0.96081 0.971967 0.94541 1.02928 0.918862 0.971479 0.924844 0.970553 1.0086 
0143 0.14523	1.13248 1.00423 1.09243 1.15086 0.897007 1.16929 1.00719 0.81963 1.13539 1.08003 
0144 0.142049	1.18403 1.03502 1.14353 1.06205 1.04831 1.24643 1.05136 0.772789 1.13948 0.997791 
0145 0.194346	1.0534 1.0079 0.996278 1.03455 1.02288 1.05314 1.01952 0.942332 1.01823 1.03582 
0146 0.0763251	0.899554 1.03186 0.937738 0.876327 1.16102 0.81333 1.00171 1.183 0.901549 0.916268 
0147 0.111307	0.915613 1.01506 0.946412 0.90556 1.03032 0.89575 0.975143 1.18265 0.871238 0.930106 
0150 0.111379	0.894671 0.984097 0.932352 0.938332 0.944559 0.874494 0.99299 1.25276 0.881522 0.955173 
0151 0.137251	0.965589 1.00543 1.01397 0.991539 0.960109 0.968749 1.08396 0.979575 1.01805 0.989526 
0152 0.0745451	0.887586 0.957384 0.966158 0.918058 1.08995 0.938979 1.01221 1.19529 0.84555 0.950986 
0153 0.0791493	0.908637 1.01745 0.965521 0.886088 1.06755 0.869312 1.01646 1.19675 0.886969 0.96467 
0154 0.0598553	0.94166 0.952044 1.0244 0.928048 1.01943 0.931768 1.02612 0.798796 1.00514 0.949899 
0155 0.0581013	1.04336 0.964945 1.05675 0.947559 1.15859 1.04093 1.05945 0.990186 0.987268 0.955104 
0156 0.253672	1.01548 1.01564 1.06799 1.10649 0.889333 1.18718 1.06823 0.826149 1.05166 1.01036 
0157 0.226047	1.08503 1.03523 1.08222 1.05419 1.03242 1.18188 1.13273 0.933596 1.10702 1.00735 
0160 0.221831	1.08201 0.98461 1.03843 1.0601 0.928485 1.12434 0.981554 0.864841 1.1338 1.04537 
0161 0.0933099	0.985563 0.988048 1.02329 0.940605 1.05206 0.947745 1.02119 0.931631 1.02429 0.982174 
0162 0.0692488	0.955628 0.979321 0.944796 0.918452 0.981219 0.822422 0.887708 1.06725 0.898475 0.980493 
0163 0.0674883	1.10392 1.03557 1.07978 1.18256 0.857606 1.11755 1.02537 0.862081 1.11036 1.12465 
0164 0.11385	0.876526 1.02547 0.948869 0.88083 1.13043 0.81422 1.02828 1.2931 0.889154 0.935109 
0165 0.0698357	1.11872 1.03123 1.11196 1.12906 0.947775 1.1856 1.07019 0.866472 1.2074 1.03142 
0166 0.112676	0.969732 1.02498 0.985346 0.957875 0.904577 0.766539 0.935387 1.07426 0.931547 1.00936 
0167 0.251761	0.991467 1.03004 1.0388 1.00843 1.01683 0.948595 0.997403 1.10077 1.04526 1.01688 
0170 0.0459874	0.807684 0.927513 0.860562 0.859233 0.973789 0.761488 0.862386 1.13547 0.828574 0.97479 
0171 0.180343	1.05955 0.960096 1.04311 1.03595 0.943869 1.04592 0.957677 0.856556 1.03075 1.03582 
0172 0.0784491	1.14986 1.00273 1.14685 1.15136 0.904526 1.21912 1.02294 0.695762 1.20147 1.11484 
0173 0.103697	1.06303 0.995957 1.07115 1.15742 0.909768 1.05122 1.04439 0.941853 1.03476 1.10881 
0174 0.13706	0.95236 1.04564 0.988399 1.0214 0.942809 0.960813 0.985881 1.06207 0.947251 1.00306 
0175 0.0982867	0.971482 0.973513 0.992999 0.967355 0.965189 0.940032 0.942433 0.95612 0.946952 0.986013 
0176 0.192967	0.934727 0.96004 0.931338 0.922172 1.08135 0.916369 0.939219 1.07414 0.909598 0.989224 
0177 0.16321	1.06768 0.974313 1.03066 1.00545 1.09582 1.04255 0.982983 0.900787 1.10056 1.03166 
1000 0.0646034	0.948257 1.0135 0.976443 0.868087 1.17944 0.901196 0.980132 1.18745 0.948954 0.94854 
1001 0.186599	0.987567 0.978234 1.03285 1.05803 0.946083 1.06264 1.04672 0.863257 1.05339 1.00838 
1002 0.0504808	1.00727 0.941808 1.02852 0.984444 0.913392 1.04851 0.970891 0.932794 1.0279 1.03047 
1003 0.14393	0.902579 0.9572 0.886912 0.889455 1.04145 0.842545 0.986752 1.16668 0.913036 0.954866 
1004 0.115986	1.15485 1.04742 1.17369 1.16285 0.931593 1.24339 1.13562 0.724665 1.20432 1.06523 
1005 0.237079	0.977325 0.991258 0.958873 0.964142 0.994036 0.949555 0.993096 0.980448 0.966116 0.981964 
1006 0.132812	1.0281 0.947949 0.982976 0.986208 1.08432 1.12444 1.01589 0.882101 1.09633 0.989061 
1007 0.0685096	1.10806 0.892748 1.05417 1.16136 0.940185 1.25143 1.11721 0.854536 1.17312 1.07917 
1010 0.0937158	0.880536 1.02986 0.913405 0.879967 1.06676 0.779612 0.949903 1.26957 0.887934 0.944355 
1011 0.132719	0.930247 0.955473 0.934646 0.965892 0.96828 0.849732 0.925103 0.979732 0.942081 0.997736 
1012 0.0811475	1.08287 0.966124 0.982682 0.967173 1.10392 0.957569 1.01942 0.94216 1.01962 1.00343 
1013 0.133743	1.1332 0.980653 1.0516 1.07839 1.01185 1.1564 1.06821 0.816369 1.12187 1.03415 
1014 0.105055	0.929558 0.991097 0.90589 0.91058 1.1464 0.876345 0.932932 1.1064 0.942457 0.958567 
1015 0.0884563	0.951859 1.067 0.929674 1.02238 0.943502 0.929432 0.996592 1.05321 0.933091 1.00052 
1016 0.170628	1.07905 0.997665 1.04927 1.13245 0.913759 1.12713 1.0344 0.803502 1.1361 1.09279 
1017 0.194536	1.01285 1.02533 1.00121 1.00208 1.02831 0.969186 0.972257 0.982762 0.973514 1.01741 
1020 0.10316	1.06 0.999742 1.00228 0.991858 1.11306 1.05954 0.970685 1.03106 1.01265 0.975226 
1021 0.072594	0.855638 0.998586 0.854315 0.86934 1.03305 0.809117 0.888466 1.31449 0.849304 0.959908 
1022 0.0760017	0.917403 1.03638 0.923839 0.907438 1.1301 0.927972 0.936436 1.18909 0.945275 0.949788 
1023 0.177819	0.930167 0.971056 0.943382 0.972323 0.932342 0.881415 0.983108 0.910795 0.954602 1.00135 
1024 0.0974804	0.923079 0.946175 0.914679 0.932026 1.06267 0.918793 1.01376 1.10609 0.940387 0.978368 
1025 0.074556	1.16692 1.01657 1.10389 1.18308 0.99865 1.32515 1.02891 0.754152 1.13307 1.07871 
1026 0.153242	0.972896 1.05432 0.975188 1.02207 1.0036 0.986676 0.963179 1.13934 0.948716 1.0127 
1027 0.245147	1.14599 0.990707 1.05511 1.12121 0.93674 1.14329 1.03389 0.842473 1.1093 1.07458 
1030 0.122344	0.972686 1.01941 0.97157 0.916067 1.10296 0.928181 0.930551 1.09941 0.958619 0.965408 
1031 0.129062	0.907639 0.980625 0.926022 0.938541 0.94368 0.962179 0.952073 1.10466 0.916158 0.977614 
1032 0.07625	1.00054 0.990968 0.99445 1.01365 1.01139 1.00692 0.998382 0.945876 1.01874 1.05612 
1033 0.114062	0.900748 1.00647 0.902776 0.891401 1.0609 0.836477 0.922236 1.27466 0.925026 0.949605 
1034 0.135469	0.951763 1.03444 0.982783 1.01448 0.927926 1.00313 0.911875 0.960752 1.00532 1.00974 
1035 0.0689063	1.16623 1.02213 1.11992 1.20271 0.872828 1.20005 1.06851 0.741487 1.14617 1.10103 
1036 0.157031	1.12691 1.01821 1.07423 1.10343 0.946798 1.28103 1.02962 0.894376 1.11374 1.02757 
1037 0.196875	1.02123 1.03269 0.998986 1.01883 1.02184 1.05748 1.05205 1.02736 1.08881 0.992397 
1040 0.0528953	1.19238 1.02827 1.17398 1.1612 0.927083 1.28012 1.02073 0.801288 1.22053 1.07577 
1041 0.160635	0.969965 1.01608 0.967839 1.00523 0.916178 0.931356 0.933001 0.933281 1.01893 1.04459 
1042 0.242483	1.01187 0.994535 1.0311 1.00879 1.00234 1.08445 0.924073 0.8384 1.06203 1.00696 
1043 0.127227	0.985354 0.982706 0.987145 0.896082 1.15775 0.885923 0.94645 0.951159 0.956961 0.966746 
1044 0.0540089	1.11457 1.0106 1.13379 1.07048 1.06893 1.22117 0.96865 0.811669 1.1353 1.02131 
1045 0.180401	0.898621 1.00627 0.932917 0.918402 1.02343 0.816799 0.873712 1.04436 0.937738 0.966165 
1046 0.0935412	1.07207 0.952478 1.05378 1.08807 0.932535 1.1437 0.935127 0.724374 1.10277 1.05286 
1047 0.0888085	1.06096 0.986045 1.0727 1.13713 0.876258 1.14183 0.982946 0.824968 1.13607 1.05306 
1050 0.097628	1.02979 0.989013 0.973607 1.04441 0.925871 1.02133 0.987453 1.02833 0.987264 1.05681 
1051 0.217728	0.994553 1.01677 1.04494 1.06716 0.988141 1.08065 1.09051 0.981594 1.05394 1.03012 
1052 0.174032	0.963314 0.980574 0.980662 0.954219 1.0873 0.96512 0.96354 0.974744 1.01014 0.989966 
1053 0.0616729	1.13616 1.02167 1.13656 1.18671 0.926272 1.2039 1.13074 0.824571 1.17939 1.09819 
1054 0.154806	0.897707 1.04461 0.950713 0.953954 1.08262 0.8603 0.972268 1.28033 0.920824 1.01279 
1055 0.12784	0.92074 0.968263 0.957153 0.937313 0.985408 0.871961 0.927335 0.99598 0.913089 0.99651 
1056 0.0629213	1.02045 0.991649 1.03995 1.07839 0.869178 1.06467 1.01756 0.805657 1.06446 1.07515 
1057 0.103371	0.924516 0.997072 0.942189 0.989426 0.946538 0.895569 0.949248 1.00505 0.915697 1.01659 
1060 0.105337	0.977618 1.01339 0.999138 0.999302 0.92197 0.948377 1.01383 1.05507 0.909705 0.988354 
1061 0.158708	1.1464 0.967488 1.10867 1.10321 0.971574 1.19622 1.09251 0.844865 1.14964 1.07584 
1062 0.225811	1.04218 1.0231 1.05063 0.960896 1.1297 1.04918 1.02608 1.03046 1.00118 0.961756 
1063 0.176654	1.06681 1.02842 1.07126 1.03391 1.01513 1.01603 1.06246 0.877939 1.02806 1.04528 
1064 0.0847378	0.818362 1.01981 0.87799 0.864827 1.09774 0.784408 0.899815 1.23775 0.838003 0.91549 
1065 0.0466604	0.983741 1.06785 0.988066 0.979404 1.04209 0.885959 1.00546 1.18368 0.911769 0.986122 
1066 0.105961	0.877261 0.982088 0.922216 0.920954 0.979454 0.795317 0.950504 0.987326 0.869401 0.974523 
1067 0.0961298	1.1708 1.03638 1.17284 1.19264 0.877721 1.33996 1.05341 0.798358 1.17944 1.08429 
1070 0.239195	0.977799 0.996894 0.973132 0.9767 1.01437 0.933146 1.02069 1.03355 1.02593 0.986967 
1071 0.24011	1.10505 1.02111 1.08187 1.09655 0.945246 1.12816 1.10099 0.87305 1.06256 1.04608 
1072 0.0706609	0.874324 1.00815 0.897404 0.878093 1.02281 0.77062 0.960634 1.17092 0.861537 0.933771 
1073 0.074777	0.920088 1.05299 0.984145 0.949391 0.941955 0.902663 0.97814 0.920879 0.930954 0.972846 
1074 0.0557969	0.917648 0.949664 0.90259 0.969433 0.941127 0.868131 0.965091 0.926256 0.941915 0.981128 
1075 0.125772	0.929153 1.0269 0.944611 0.886476 1.10657 0.890461 1.00262 1.13198 0.951935 0.925418 
1076 0.0702035	1.02723 0.934695 1.03423 1.06194 0.905701 1.11562 0.958733 0.817994 1.10276 1.0244 
1077 0.123485	1.04909 1.00509 1.02471 1.03604 1.07291 1.0255 1.06238 0.976384 1.04928 1.00262 
1100 0.0956464	0.984915 1.05027 1.02006 0.961178 1.03972 1.07906 0.974678 1.08098 1.06799 0.956598 
1101 0.119393	1.04522 1.06765 1.09196 1.15908 0.867276 1.09072 1.03212 0.837047 1.15923 1.03775 
1102 0.133905	0.884013 1.03085 0.898052 0.894398 1.06524 0.921151 0.955217 1.31478 0.856832 0.933149 
1103 0.100264	0.915582 1.04166 1.00926 0.948976 0.936605 0.90157 0.962441 1.1003 0.923477 0.948515 
1104 0.12467	1.08558 0.997295 1.0732 1.06677 0.956652 1.08848 1.00637 0.917004 1.12784 1.03859 
1105 0.234828	1.01677 1.03923 1.03603 1.04581 1.00241 1.01212 1.00778 1.04062 1.04674 1.05986 
1106 0.0639842	0.993837 1.00378 0.962109 0.912759 1.13391 1.01131 0.964471 1.0553 0.98953 0.976805 
1107 0.127309	0.972039 1.03144 0.972581 0.958311 1.01096 0.976218 0.974783 1.12205 0.967002 0.971898 
1110 0.0816024	0.981021 0.920826 0.901496 0.990461 0.991596 0.898043 0.9734 0.98972 0.880724 1.04858 
1111 0.11276	0.98609 0.932136 0.935955 0.949951 1.02532 0.962963 0.925099 0.893864 0.943751 0.954913 
1112 0.154303	1.06603 0.983957 1.05642 1.09752 0.954725 1.13345 1.00612 0.785578 1.05275 1.01994 
1113 0.0682493	0.985909 1.02184 0.963824 0.976445 0.978771 0.978533 0.965605 1.08447 0.944901 0.987665 
1114 0.130564	0.973344 1.00816 0.954911 0.916307 1.1463 0.941696 0.99832 1.12757 0.910818 0.946639 
1115 0.0593472	0.971132 0.955959 1.01174 0.928721 1.01221 0.935002 0.914469 1.11388 0.916576 0.951239 
1116 0.183976	1.02172 0.995669 1.03195 1.04248 1.04309 1.05754 1.07766 0.909835 0.998124 0.994643 
1117 0.209199	1.06236 0.986139 0.997759 1.05434 0.898269 1.08019 0.992507 0.803528 1.02094 1.02179 
1120 0.155095	0.965599 0.972617 0.931502 0.977589 0.977909 0.936994 1.06653 1.02703 0.966006 0.972729 
1121 0.0532011	1.04733 1.00025 1.05674 1.04642 0.999739 1.04475 1.08162 0.891877 1.04394 1.01402 
1122 0.145176	1.02384 1.01086 0.987442 1.04292 0.922025 1.02433 1.08457 0.984803 0.982727 1.06746 
1123 0.0748422	1.11102 1.04751 1.01829 1.05471 0.998818 1.11718 1.05297 1.09429 1.01614 1.04235 
1124 0.1578	1.0327 0.975788 0.965203 0.902062 1.04897 0.987567 0.970991 1.00422 0.97508 0.979196 
1125 0.149684	1.08756 0.996344 1.02806 1.01266 1.07044 1.17093 1.12734 0.966272 1.02373 1.01739 
1126 0.106402	0.980235 1.03592 0.937918 0.896895 1.11804 0.99605 1.03112 1.31831 0.933206 0.982535 
1127 0.1578	1.16467 1.00694 1.09238 1.1235 0.925521 1.22184 1.09823 0.831931 1.126 1.07014 
1130 0.155543	0.904064 1.04137 0.940626 0.908048 1.13087 0.933368 1.09823 1.16796 0.958194 0.92571 
1131 0.0893665	0.845559 0.949233 0.859764 0.869637 1.01714 0.902241 0.974818 1.18561 0.862252 0.930044 
1132 0.0707014	1.10722 1.04904 1.10485 1.166 0.865627 1.21387 1.10606 0.801075 1.15503 1.06884 
1133 0.158371	0.95922 1.02041 0.939007 0.981733 0.982558 0.946489 1.02605 1.02491 0.967446 1.02997 
1134 0.168552	1.00672 0.996285 1.03988 1.06625 0.930524 1.14796 1.09492 0.898767 1.09024 1.05291 
1135 0.182127	1.08632 1.00866 1.0401 1.04026 1.02135 1.1694 1.09812 0.822445 1.09018 1.03529 
1136 0.0542986	0.891037 1.01906 0.919771 0.969562 0.904269 0.868463 1.01152 0.986383 0.952447 0.972948 
1137 0.121041	1.03816 1.04831 1.05652 1.03542 1.04255 1.13755 1.16762 0.97835 1.02529 0.981616 
1140 0.0725566	0.939116 0.932447 1.04452 1.03935 0.931263 1.10261 0.95227 0.799687 0.960926 0.996361 
1141 0.18694	0.975986 1.01929 1.05109 1.01599 1.10331 1.08862 1.0485 0.97829 0.980343 0.999599 
1142 0.0806658	1.1449 1.0233 1.15543 1.17451 1.00267 1.26967 1.07428 0.787657 1.16206 1.05734 
1143 0.0798122	0.942264 1.00835 1.02605 1.07635 0.881202 1.0546 0.981752 0.833073 0.993819 1.01909 
1144 0.122919	0.827899 1.02341 0.924972 0.847423 1.10197 0.804306 0.990508 1.17971 0.886255 0.914059 
1145 0.180538	0.898086 1.01511 1.01091 0.955497 1.02943 0.919913 0.986503 1.03049 0.952201 0.967386 
1146 0.138284	1.0509 1.02673 1.12725 1.17919 0.925132 1.20894 1.10364 0.851073 1.09774 1.01829 
1147 0.138284	0.901771 1.0321 0.978945 1.02152 0.952757 0.980637 1.03253 1.12282 0.894947 0.957378 
1150 0.0614853	0.985766 1.07588 0.935228 0.959155 1.07616 0.996668 1.03138 1.25425 0.944029 0.934301 
1151 0.0666667	0.971767 1.01072 0.902615 0.85152 1.07863 0.888391 1.00153 1.28958 0.873506 0.915381 
1152 0.0953368	0.89956 0.95845 0.92329 0.89995 1.01002 0.906523 0.968527 0.980091 0.8949 0.950792 
1153 0.13506	1.06882 1.03724 1.02748 1.08799 0.894575 1.11009 1.11927 0.903706 1.05594 1.01112 
1154 0.196546	1.14612 1.02678 1.04262 1.10902 0.971274 1.17471 1.06805 0.896313 1.10736 1.05721 
1155 0.204145	1.00515 0.997751 0.987407 0.990687 1.04576 1.02812 1.05837 1.05164 0.959592 1.00075 
1156 0.195509	0.992839 1.05992 0.944124 0.990386 0.9531 1.03553 0.969295 1.08236 0.970197 0.974554 
1157 0.0452504	0.981417 1.00401 0.923256 0.861613 1.20036 0.988229 0.989653 1.22284 0.939898 0.906447 
1160 0.117479	1.14381 1.0094 1.14873 1.14289 1.02645 1.25541 1.14661 0.930171 1.14774 1.01191 
1161 0.12703	0.894961 0.951994 0.925333 0.900054 1.05759 0.909292 0.956836 1.19737 0.908573 0.909312 
1162 0.276027	0.993304 1.04344 1.02608 1.0384 1.06431 1.05369 1.09267 1.0238 1.03708 0.97805 
1163 0.0945559	0.86506 0.978288 0.891116 0.942115 0.99897 0.832947 0.967367 1.34021 0.836539 0.926922 
1164 0.0840497	0.970788 0.998374 0.971651 0.906672 1.21534 0.931256 1.01631 1.23693 0.965433 0.973859 
1165 0.13085	0.983695 0.962761 1.02008 1.03932 0.969969 1.0789 0.997611 1.067 0.995402 1.05133 
1166 0.101242	1.0181 1.02057 1.00196 1.14136 0.859193 1.07753 1.00334 1.06539 0.965752 1.06061 
1167 0.0687679	0.908306 1.05999 0.975138 1.00815 0.9106 0.976038 1.01457 1.13407 0.938496 0.992661 
1170 0.0664703	1.02803 0.88736 1.00416 0.981769 1.02594 1.03759 1.00154 0.907933 0.983734 1.02612 
1171 0.0664703	1.03923 1.02126 0.982233 0.941675 1.12916 0.998138 0.959583 1.03359 0.94916 0.995465 
1172 0.160707	0.972933 0.942603 0.930337 0.92236 1.06041 0.886676 0.873156 1.1736 0.875002 0.955058 
1173 0.249895	1.0835 1.04267 1.01588 1.08491 0.895949 1.0621 0.956601 0.888095 0.993149 1.0601 
1174 0.112747	1.05846 1.01567 1.02037 0.979443 0.995371 1.00565 0.947654 0.907126 0.9886 0.954067 
1175 0.21666	1.10103 1.00236 1.05045 1.03874 1.00625 1.17053 1.01339 1.02152 0.994802 0.965092 
1176 0.0534287	0.849832 0.952437 0.953129 0.864549 1.09697 0.797216 0.921283 1.09585 0.852564 0.919878 
1177 0.0736222	0.901091 0.958134 0.922079 0.904688 0.961583 0.782122 0.896357 1.19933 0.81371 0.960167 
BOUNDS
LWPS R    0.0  0.0  0.0  0.0  0.0  0.0  0.0  0.0  0.0  0.0
UWPS R    0.5  0.5  0.5  0.5  0.5  0.5  0.5  0.5  0.5  0.5
LXAS R   -0.5 -0.5 -0.5 -0.5 -0.5 -0.5 -0.5 -0.5 -0.5 -0.5
UXAS R    0.5  0.5  0.5  0.5  0.5  0.5  0.5  0.5  0.5  0.5
END
