NAME moment_estimation_cluster
ASSETS 10
BENCHMARKS 0.1 0.1 0.1 0.1 0.1 0.1 0.1 0.1 0.1 0.1 
COVARIANCES
0 0 0.00449869
1 0 0.000265174
1 1 0.00227024
2 0 0.0025043
2 1 -0.0010572
2 2 0.00380158
3 0 0.00421938
3 1 -0.000728942
3 2 0.00469053
3 3 0.00765326
4 0 -0.00278228
4 1 0.000809564
4 2 -0.00409154
4 3 -0.00711226
4 4 0.00846848
5 0 0.00640864
5 1 -0.000299037
5 2 0.00508003
5 3 0.00810738
5 4 -0.00602161
5 5 0.011963
6 0 0.0013557
6 1 -1.57885e-05
6 2 0.00115016
6 3 0.00204509
6 4 -0.00155532
6 5 0.00246316
6 6 0.00110087
7 0 -0.00663426
7 1 0.00396991
7 2 -0.00866816
7 3 -0.0129147
7 4 0.0121439
7 5 -0.0139136
7 6 -0.00320531
7 7 0.0268709
8 0 0.00387363
8 1 0.000339577
8 2 0.00224638
8 3 0.00428251
8 4 -0.00306409
8 5 0.00637727
8 6 0.00139375
8 7 -0.00701363
8 8 0.00437285
9 0 0.00222793
9 1 -0.000150278
9 2 0.00185081
9 3 0.00354802
9 4 -0.00357454
9 5 0.00376642
9 6 0.000963536
9 7 -0.00596906
9 8 0.00239278
9 9 0.00225343
SCENARIOS
0 0.34929	1.05563 0.983224 1.05244 1.10278 0.901668 1.09479 1.02477 0.856214 1.06991 1.05677 
1 0.65071	0.974343 0.995832 0.976183 0.956921 1.0543 0.981017 0.966541 1.09476 0.99985 0.973899 
00 0.663746	1.00357 1.01387 1.04978 1.06767 0.965608 1.04047 1.01842 0.903423 1.02426 1.02617 
01 0.336254	0.930818 1.03466 0.945908 0.905356 1.10647 0.907049 0.982774 1.16987 0.940582 0.965313 
10 0.637289	0.960054 1.00595 0.972912 0.945012 1.04927 0.93068 0.975676 1.08833 0.949734 0.970931 
11 0.362711	1.07932 1.00146 1.07131 1.12738 0.891829 1.12107 1.04411 0.822089 1.05745 1.04218 
000 0.271523	0.974291 0.968766 0.972237 0.931653 1.03699 0.971239 0.977884 1.06608 0.971532 0.993661 
001 0.17305	1.132 0.985959 1.08461 1.12719 0.945676 1.24646 1.03208 0.793577 1.09613 1.05283 
002 0.126812	1.05239 1.06634 0.949268 0.914443 1.1263 0.951415 1.01013 1.19387 0.981703 0.952137 
003 0.166753	0.988959 0.944502 1.00035 1.01182 0.906352 1.04424 0.970624 0.950458 0.954539 1.00028 
004 0.0615079	1.19027 0.950481 1.15861 1.26851 0.777489 1.42659 1.12061 0.632108 1.16532 1.11198 
005 0.0601277	1.05351 0.907891 1.07317 1.04688 0.970125 1.08381 1.00273 0.875422 1.01441 0.98109 
006 0.0689268	1.07784 1.01809 1.01534 1.0933 0.834483 1.11084 0.974208 0.970102 1.03975 1.03574 
007 0.0712992	0.918088 1.00679 0.880127 0.818899 1.17834 0.782875 0.950759 1.38246 0.896511 0.917208 
010 0.196509	1.07731 0.951355 1.0708 1.08572 1.00346 1.19596 1.04555 0.79836 1.05228 1.02127 
011 0.129842	0.930165 1.03551 0.914239 0.849926 1.19241 0.817309 0.926097 1.35934 0.94296 0.886749 
012 0.0744998	0.88137 0.970098 0.967338 0.927293 0.975071 0.806251 0.947419 1.11183 0.903237 0.954125 
013 0.0834398	1.04788 0.948993 1.05941 1.02229 0.993983 1.04261 0.96192 0.936989 0.975312 0.96935 
014 0.0635164	0.960264 0.962268 0.99235 0.912609 1.11167 0.905303 0.972325 1.14936 0.951168 0.925628 
015 0.151298	1.01246 1.00762 0.982058 0.962446 1.06757 1.01872 0.990796 0.978156 1.00407 0.983646 
016 0.187143	1.07765 0.968177 1.08679 1.14419 0.852825 1.12852 1.00187 0.784053 1.09503 1.07429 
017 0.113751	1.00084 1.05638 0.982202 0.985132 0.930312 1.01545 0.979603 1.15464 0.950789 0.998889 
100 0.108515	1.13129 0.999573 1.0656 1.1341 0.963119 1.16805 1.10098 0.852786 1.11918 1.05134 
101 0.0958306	0.989202 1.02403 0.896737 0.839466 1.25701 0.881396 0.997918 1.42818 0.881921 0.917807 
102 0.165135	1.01374 1.01512 1.01199 1.0634 0.887579 0.983681 0.995472 0.868486 0.967281 1.0485 
103 0.107864	1.05701 1.02162 0.987438 0.962004 1.1324 1.03856 1.03555 1.0611 1.00599 0.981892 
104 0.173383	1.04383 0.959158 1.02808 1.01417 1.01198 1.04821 0.985729 0.940597 0.983613 1.00303 
105 0.0736936	0.942663 1.06136 0.911814 0.859056 1.09345 0.858905 0.97649 1.29713 0.923887 0.94556 
106 0.159903	1.00252 1.10172 0.946703 0.968681 1.0029 0.930148 1.08004 1.18338 0.963825 1.00912 
107 0.115677	1.13346 0.991898 1.10294 1.20295 0.845885 1.2173 1.14381 0.759154 1.08824 1.08726 
110 0.154733	0.970781 0.95285 1.02431 1.01455 0.929827 0.983392 1.02746 0.924223 1.00072 1.04501 
111 0.140285	0.890285 0.937162 0.982368 0.913261 1.09892 0.851093 0.953513 0.971041 0.878043 0.94109 
112 0.276036	0.961262 1.03342 0.919586 0.929278 1.06473 0.920931 0.991398 1.21662 0.965912 0.99452 
113 0.0874078	1.03332 0.979173 1.10727 1.1624 0.859102 1.11717 1.0744 0.770412 1.02382 1.10279 
114 0.0610118	0.983942 1.07327 0.952537 0.984294 0.956252 0.976415 0.981021 1.12119 0.931491 1.01893 
115 0.0975341	1.04146 0.963992 1.09267 1.0778 0.920417 1.01959 1.03779 0.865653 1.01703 1.02386 
116 0.083298	1.13004 1.04225 1.11842 1.19134 0.884583 1.3148 1.07812 0.784318 1.21676 1.0938 
117 0.0996949	1.06023 1.07312 1.01334 1.01773 1.02493 1.03505 1.02383 1.06034 1.04253 1.03989 
0000 0.110723	1.14556 1.01455 1.11644 1.18375 0.859079 1.16974 1.0313 0.796329 1.07386 1.06657 
0001 0.1444	0.976108 1.05025 0.948721 0.959973 1.02777 0.931257 1.05795 1.15046 0.938729 0.955295 
0002 0.101827	0.929501 0.935792 0.977759 0.906745 1.16634 0.892446 1.0236 1.20396 0.894443 0.919258 
0003 0.177125	1.01474 0.971902 1.01155 0.993895 0.941182 0.88157 0.979356 1.01875 0.952939 0.969985 
0004 0.0554408	1.09659 1.08496 0.928123 1.02134 1.01142 1.0706 1.09157 0.923014 1.09252 1.03945 
0005 0.142017	1.04399 0.963288 1.03856 1.02975 1.04899 0.97279 1.00624 0.917876 0.993253 0.988647 
0006 0.206513	1.06299 1.04447 1.01872 1.09751 0.948371 1.21448 1.09746 0.817645 1.07568 1.03217 
0007 0.0619539	0.913006 1.02525 0.877293 0.841845 1.09142 0.797113 0.984374 1.24408 0.899335 0.943593 
0010 0.11665	1.02281 0.953729 1.05997 1.06281 0.849111 0.938734 1.00372 0.809573 0.933868 1.00182 
0011 0.101695	0.895394 0.994232 0.922622 0.866701 1.1016 0.785823 0.891851 1.32579 0.903872 0.943691 
0012 0.105434	1.02984 0.933096 1.09173 0.991682 0.937825 0.975724 0.987484 1.0193 0.9515 0.980391 
0013 0.174726	1.00938 1.02074 0.927493 0.95365 1.00485 0.913201 0.982209 1.06721 1.03087 1.01773 
0014 0.107926	0.983411 1.04184 0.932544 0.900646 1.15325 0.965374 0.945317 1.16974 0.940678 0.928 
0015 0.110668	0.948497 0.959883 1.02906 1.07588 0.91162 1.04706 1.01195 0.841304 1.0051 1.01012 
0016 0.119641	1.10663 0.975956 1.10044 1.18164 0.853408 1.12702 1.03872 0.800558 1.08623 1.08177 
0017 0.16326	0.969454 1.09087 1.01065 0.994936 1.0272 1.0466 0.999653 1.0985 1.0156 0.951729 
0020 0.0931973	1.09826 1.05803 0.966838 1.01452 1.02084 1.0843 1.02041 1.13032 1.06455 1.01008 
0021 0.210204	0.897986 0.963906 0.98237 0.965102 0.976014 0.920683 0.955592 1.02264 1.00571 1.01792 
0022 0.268707	0.98383 0.984394 0.948945 0.891961 1.1136 1.01891 0.907995 1.23451 0.944716 0.94895 
0023 0.0704082	1.12186 0.904201 1.07365 1.10593 1.0349 1.30509 0.997928 0.829108 1.06456 0.982963 
0024 0.133673	1.00937 0.983975 1.06552 1.15816 0.852284 1.20253 1.0402 0.755886 1.07125 1.10522 
0025 0.0622449	1.03951 1.02687 1.0089 1.06518 0.981435 1.17088 1.10953 0.956298 1.07076 1.05512 
0026 0.107143	0.958918 1.02051 1.01514 1.02779 0.888886 1.00809 0.910445 1.0693 0.971529 1.02061 
0027 0.0544218	0.837042 1.08266 0.843216 0.875569 1.05312 0.805083 0.930915 1.53291 0.898099 0.922455 
0030 0.0889809	1.05818 0.920373 1.05617 1.07297 0.919088 1.01522 1.03119 0.745865 1.0567 1.06507 
0031 0.061045	1.01265 1.08766 0.911596 0.956078 1.04505 0.955269 1.03745 1.19929 1.04065 1.04254 
0032 0.0913088	1.00687 0.979059 1.03822 1.02812 0.932446 0.874028 1.00337 0.85393 0.957466 1.00853 
0033 0.191154	0.931217 0.993378 0.948577 0.91546 1.06403 0.84886 1.01387 1.05395 1.00415 0.97321 
0034 0.175634	1.06199 1.0711 1.01442 1.0141 1.01275 1.00202 1.03949 1.10679 1.00188 1.02994 
0035 0.0646663	0.999894 1.03146 0.911104 0.839164 1.1989 0.809914 0.999532 1.33838 0.934753 0.964967 
0036 0.137869	1.03017 1.06709 0.992627 0.970037 1.14716 0.98434 0.991495 1.12633 0.987819 0.985393 
0037 0.189343	1.09577 1.07162 1.11094 1.15177 0.90633 1.10588 1.15604 0.867735 1.16163 1.09017 
0040 0.201964	1.08784 1.0168 1.03765 1.05745 0.995132 1.08463 0.90476 0.826117 1.09145 1.04826 
0041 0.20547	0.907774 1.08548 0.957 0.948919 1.01408 0.816786 0.94693 1.25833 0.939228 0.982241 
0042 0.0659187	0.996535 1.15894 0.895506 0.905391 1.13846 0.932808 1.04329 1.43117 1.03527 0.966053 
0043 0.147265	1.04585 0.995472 1.00539 0.980754 1.06911 0.999288 0.895507 1.04063 0.953292 0.966049 
0044 0.145863	1.07144 1.04144 1.13399 1.19923 0.872564 1.18427 1.03467 0.90811 1.04848 1.0461 
0045 0.112202	0.918652 0.927409 1.02559 1.01811 0.924434 0.877419 0.889107 0.935324 0.945622 1.01629 
0046 0.0743338	0.915949 1.02517 0.925823 0.840501 1.24211 0.855209 0.840197 1.25321 0.922533 0.909086 
0047 0.0469846	0.976152 0.977912 0.959992 0.899149 1.09756 0.811507 0.929379 1.27805 0.968637 0.975362 
0050 0.0753228	0.931131 0.946504 1.05655 1.02531 0.99547 0.961265 0.966506 0.781375 0.922632 0.977963 
0051 0.124103	0.998001 1.00362 1.09699 1.17223 0.854419 1.15636 1.02343 0.721041 1.05339 1.06245 
0052 0.0652798	1.05587 0.975859 1.10891 1.13849 0.905779 1.15615 1.07387 0.778507 1.06802 1.04056 
0053 0.124821	0.887365 1.01633 0.948155 0.875013 1.15321 0.920986 0.966321 1.15862 0.873581 0.892605 
0054 0.0695839	0.942739 0.991899 1.11796 1.05764 0.957851 1.06337 1.02634 0.828137 0.974384 0.992201 
0055 0.218795	0.991428 1.0433 1.03102 0.982017 1.06325 0.997375 1.02863 1.11677 0.946201 0.992813 
0056 0.106169	0.869751 1.07749 0.972931 0.914529 1.02005 0.833432 0.983408 1.30962 0.922558 0.936153 
0057 0.215925	1.00951 1.06403 0.98425 1.05181 0.975314 1.01811 0.961038 1.02774 0.971728 1.04898 
0060 0.0788486	0.997007 1.11807 0.992044 1.03167 0.970331 1.08079 1.03016 1.11417 1.10267 1.04658 
0061 0.121402	0.872218 1.07164 0.966119 0.918636 1.01419 0.826639 1.04528 1.19352 0.919274 0.987073 
0062 0.24781	0.921788 0.924928 1.04394 1.03828 0.909295 1.01932 1.04077 0.771469 0.960609 1.01658 
0063 0.147059	1.02057 0.958675 0.997147 0.971689 1.0613 0.966996 1.06943 0.889764 0.972583 0.956771 
0064 0.0782228	0.840544 1.07808 0.867063 0.841735 1.15241 0.826455 0.985025 1.32178 0.904391 0.949377 
0065 0.118273	0.959518 1.12096 0.927304 0.898578 1.11688 0.87317 0.995474 1.23517 0.976269 0.981466 
0066 0.102003	1.09793 1.01892 1.10122 1.19725 0.817344 1.15165 1.09972 0.714364 1.09407 1.08486 
0067 0.106383	0.995011 0.978016 1.05441 1.07894 0.985191 1.08312 1.08513 0.794721 1.08633 1.06877 
0070 0.0834846	0.900706 1.01679 0.895432 0.84893 1.10871 0.902572 0.975764 1.29658 0.920841 0.891966 
0071 0.218996	1.05375 0.935368 1.07616 1.07548 0.949284 1.18786 0.997998 0.775719 1.02029 1.04479 
0072 0.162129	0.973107 1.01082 1.04272 1.00339 0.995912 1.02007 1.01055 0.978106 1.01499 0.980975 
0073 0.114943	1.02071 1.00572 1.03171 0.98529 1.10441 1.11331 1.04695 1.0231 0.984237 0.93624 
0074 0.0931639	1.01176 1.08321 0.933031 0.960818 1.00139 1.14402 0.997398 1.24325 1.01721 0.955526 
0075 0.104658	0.932301 0.981303 0.952412 0.916837 1.17229 0.985187 0.944574 1.20401 0.945947 0.92617 
0076 0.0955838	0.913556 0.999212 0.993383 1.01832 0.895167 0.919427 0.97694 1.02783 0.959467 0.990586 
0077 0.127042	1.02921 0.945584 1.12254 1.1458 0.866903 1.23528 0.982072 0.715312 1.02107 1.05958 
0100 0.155546	0.95537 0.928114 0.965057 0.947368 0.9977 0.977449 0.939726 0.973101 0.91636 0.965523 
0101 0.116984	0.959376 1.02849 0.919985 0.920349 1.04355 0.835972 0.941853 1.17871 0.930795 0.928211 
0102 0.158579	1.10764 1.03312 1.01136 1.01361 1.06594 1.10516 1.09145 1.10277 1.12838 1.00637 
0103 0.0389948	1.0992 1.02212 1.0868 1.16038 0.807545 1.12136 1.00227 0.77296 1.14331 1.06295 
0104 0.137782	1.02666 1.04003 0.949695 0.974854 0.946176 0.926533 0.951072 1.17039 1.07027 1.00468 
0105 0.155113	1.10361 1.06808 1.02146 1.09284 0.870729 1.00321 0.939235 1.02315 1.04742 1.03629 
0106 0.0957539	0.977537 1.01793 0.894136 0.846493 1.18999 0.895151 0.907905 1.20778 1.0141 0.932754 
0107 0.141248	1.05901 0.937345 1.09245 1.0765 0.922079 0.949239 0.937535 0.933607 0.981853 0.975017 
0110 0.151475	1.0917 0.960662 1.11513 1.1268 0.834359 1.09387 1.03644 0.837374 0.973202 1.06887 
0111 0.104918	1.06796 1.04454 1.03781 1.10242 0.914485 1.05737 1.0988 0.951748 0.958902 1.04727 
0112 0.0609836	0.950989 1.09405 0.879448 0.895188 1.09615 0.951907 0.990891 1.35257 0.917317 0.961707 
0113 0.0832787	1.17137 1.06908 1.12065 1.1934 0.938905 1.55246 1.12011 0.782457 1.17586 1.03601 
0114 0.176393	0.900278 1.01053 0.979217 0.979996 0.93227 0.971172 1.05177 1.0518 0.919378 1.03233 
0115 0.243934	1.1352 0.976696 0.971268 0.980483 1.07345 1.11291 0.942528 1.04491 0.959839 0.992653 
0116 0.112787	0.889704 1.02058 0.916853 0.853528 1.20321 0.814029 0.968551 1.34497 0.892384 0.994743 
0117 0.0662295	1.19841 0.904112 1.04533 1.11435 0.98385 1.2182 1.01355 0.823493 1.06273 1.09405 
0120 0.0742857	1.03684 1.06111 0.935304 1.00947 0.915626 1.03206 1.13729 1.08992 1.02535 1.05589 
0121 0.0742857	1.03672 0.971648 0.891404 0.896246 1.17335 0.998651 1.00452 1.19033 0.944165 0.975948 
0122 0.0548571	1.1955 1.07674 0.982442 1.11303 0.917845 1.25311 1.12417 1.01228 1.09962 1.04895 
0123 0.190857	0.996952 0.945158 1.06379 1.06048 0.962585 1.17163 0.941078 0.884931 0.96881 1.02941 
0124 0.133714	1.01915 0.977737 0.974306 1.02017 1.02893 1.0091 1.01658 0.949525 1.00403 0.999739 
0125 0.163429	0.917318 1.00312 0.930047 0.900032 1.10165 0.91349 0.959492 1.44095 0.875142 0.920265 
0126 0.129143	0.970703 0.953195 1.09204 1.15379 0.833814 1.19672 1.03295 0.835878 0.979973 1.01412 
0127 0.179429	0.985681 1.03967 0.926222 0.95662 1.06454 0.97161 0.953332 1.07439 0.971623 0.99938 
0130 0.17551	0.883771 1.01658 0.981507 0.950117 0.984191 0.809667 0.992694 1.10439 0.880278 0.998443 
0131 0.114286	0.91728 0.989551 1.06669 1.07253 0.9105 0.925371 1.07408 0.919439 0.98563 1.00605 
0132 0.0979592	0.970076 0.968781 1.07374 1.12441 0.81842 1.01865 1.01874 0.817897 1.02371 1.02229 
0133 0.055102	1.04835 1.07539 1.07998 1.16133 0.951625 1.18475 1.09294 0.863175 1.17977 1.07349 
0134 0.111224	0.953854 0.922793 1.06317 1.04658 0.986669 0.974702 1.03577 0.866331 0.923067 0.997403 
0135 0.0938776	0.942227 1.08025 0.93877 0.894687 1.21098 0.854552 1.04485 1.42229 0.964517 0.903564 
0136 0.130612	1.01211 1.07628 0.970231 1.01248 0.951459 0.969287 1.03136 1.13247 1.05818 1.0262 
0137 0.221429	0.942338 1.03111 0.954129 0.967306 1.08209 0.894349 1.01883 1.16984 0.999541 0.98288 
0140 0.101877	0.942663 0.949955 0.909207 0.920751 1.08824 0.953426 1.04288 1.04441 0.975797 1.00481 
0141 0.130027	1.00763 0.904729 1.07946 1.08431 0.93545 1.04209 1.05312 0.750453 1.00595 1.02624 
0142 0.217158	1.04098 0.987852 0.958885 1.02634 1.04666 1.02718 1.00136 0.899067 0.994528 1.02816 
0143 0.124665	0.838747 1.05664 0.875406 0.888826 1.11685 0.836238 0.94943 1.28663 0.891817 0.907956 
0144 0.0656836	1.08087 0.949923 1.0684 0.996689 1.13363 1.1408 0.998945 0.937555 0.997229 0.945282 
0145 0.174263	0.95851 0.949345 0.957975 1.00115 0.949945 0.922674 0.979853 0.97803 0.935519 0.992785 
0146 0.10992	0.989393 0.976273 0.987813 1.0924 0.866383 1.10118 1.05294 0.830919 0.939837 1.04286 
0147 0.0764075	1.12771 0.993843 1.10614 1.21966 0.85513 1.35534 1.07648 0.768407 1.01767 1.07606 
0150 0.170512	1.01617 0.957249 1.02953 0.992298 1.03498 0.951116 1.0193 1.13391 0.974554 0.952156 
0151 0.0512099	1.04592 0.920255 1.09231 1.12399 0.89747 1.15075 1.00743 0.860195 0.947555 1.02074 
0152 0.0877884	1.04797 0.957914 1.10026 1.206 0.848894 1.09889 1.04405 0.811007 1.12553 1.08254 
0153 0.068655	1.0135 0.982987 1.0245 0.949361 1.1293 0.961698 1.00383 1.16027 1.0229 0.94456 
0154 0.132245	1.17437 1.04251 1.03889 1.12856 0.929672 1.16201 1.02114 0.939162 1.12303 1.04033 
0155 0.177265	0.975354 1.02154 0.914888 0.89309 1.13552 0.881704 0.969285 1.27633 0.971917 0.93893 
0156 0.179516	0.960512 0.933357 0.972261 1.01891 0.966307 0.949292 1.05851 1.10549 0.937861 1.01374 
0157 0.132808	1.06348 0.948627 1.04461 1.04125 0.96224 1.10809 1.01155 0.915498 1.07864 1.04407 
0160 0.195632	0.955 1.02745 0.999269 1.04569 0.903952 1.01449 1.04988 1.06041 0.958095 0.964756 
0161 0.0755232	1.18031 0.97977 1.13874 1.2181 0.862729 1.17101 1.02714 0.641848 1.09044 1.06769 
0162 0.0696087	1.00454 1.0277 0.894868 0.883603 1.17242 0.940723 0.983952 1.35453 0.96414 0.949253 
0163 0.0627843	0.873829 0.960334 0.969807 0.870489 1.14167 0.87261 1.02672 1.21076 0.845235 0.931395 
0164 0.184258	0.863183 1.05008 0.917188 0.930394 1.0318 0.844355 0.967668 1.27875 0.902808 0.918894 
0165 0.185623	1.07734 0.957859 1.04053 1.05619 1.03891 1.11628 1.10159 0.912569 1.05956 0.953297 
0166 0.173339	0.98893 0.947627 1.00259 0.980524 1.02286 0.947159 1.00835 0.973026 0.935681 0.931331 
0167 0.0532302	1.06251 0.988912 1.10945 1.12699 0.920289 1.18438 1.06228 0.895053 1.00234 1.00717 
0170 0.250749	1.03927 0.976055 1.03279 1.04887 1.03513 1.00914 1.03286 0.904556 1.09226 0.991229 
0171 0.142964	0.972358 0.995763 0.939838 0.944364 1.10051 0.943644 0.979967 1.01926 0.986504 0.941682 
0172 0.130988	1.01854 1.04295 0.954028 1.00508 1.01866 1.01646 0.997824 1.06773 1.08537 1.03789 
0173 0.113024	1.11678 0.970299 1.12385 1.13889 0.930826 1.13776 1.02182 0.718908 1.16763 1.05224 
0174 0.0538922	0.889925 0.927843 1.03484 0.948623 1.05512 0.89778 0.95379 0.917115 0.951048 0.978899 
0175 0.126497	1.00615 1.01531 0.933514 0.862944 1.19624 0.938239 1.00362 1.31048 0.991413 0.951102 
0176 0.0568862	0.932007 0.982158 1.01478 1.026 0.927849 0.828049 0.978639 0.894739 1.01106 0.992262 
0177 0.125	0.996775 0.90802 1.08348 1.10013 0.876178 1.04609 1.04261 0.759242 1.04513 1.04924 
1000 0.203778	1.08759 1.02826 1.02087 1.05262 0.946979 1.13742 0.980951 0.861266 1.10559 1.06437 
1001 0.0777778	0.967115 1.02339 0.924252 0.874182 1.07507 0.943566 0.969966 1.26624 0.942757 0.972608 
1002 0.154	0.985833 0.992514 1.00621 0.954345 1.01422 0.887119 0.987473 0.920628 0.889784 0.989548 
1003 0.0997778	1.03962 0.958496 1.06781 1.00898 1.01903 1.04511 1.02727 0.841411 0.928873 0.961394 
1004 0.191556	1.07048 0.992697 1.15183 1.14346 0.882273 1.22911 1.01874 0.758151 1.03416 1.07045 
1005 0.0448889	1.00404 1.04458 0.906654 0.830396 1.21208 0.948189 0.916145 1.34416 0.973429 0.944239 
1006 0.0871111	1.04462 1.06052 0.990545 0.946524 1.10406 1.03216 1.00286 1.05458 1.0104 1.01352 
1007 0.141111	1.06163 1.05322 0.944637 0.965905 0.982348 1.06084 0.963742 1.02479 1.03771 1.03008 
1010 0.111726	0.930347 0.924632 1.02707 0.95163 1.08299 1.03375 1.00933 0.88494 1.04704 0.9275 
1011 0.141168	1.02238 0.939696 1.06315 1.08066 0.929985 1.05157 1.05851 0.826981 1.05723 1.00376 
1012 0.105687	0.9035 1.06131 0.905661 0.863493 1.17856 0.839707 0.962735 1.35666 0.989638 0.920531 
1013 0.0858078	0.937038 0.981271 1.15804 1.18734 0.806266 1.08857 1.01643 0.731802 1.12412 1.04503 
1014 0.165325	0.906829 1.02787 0.997989 0.989476 0.956608 0.845087 0.960076 0.996556 0.992387 1.01601 
1015 0.149975	1.00523 0.989082 1.0274 1.05665 0.885299 0.914909 1.02455 0.890385 1.08204 1.01591 
1016 0.083543	1.0714 1.06831 1.04931 1.08486 0.995334 1.14181 1.01638 0.868819 1.14513 1.03926 
1017 0.156769	0.925427 1.02935 0.960048 0.922707 1.05754 0.843532 0.940576 1.11937 1.05734 0.982473 
1020 0.0484813	0.901657 0.861408 1.03999 1.00866 0.918193 0.915775 1.02898 0.98241 0.901653 1.00582 
1021 0.116676	0.998748 0.926579 1.05808 1.11718 0.87841 1.08988 1.09612 0.830028 1.11926 1.02763 
1022 0.147926	0.93309 0.996827 0.938079 0.903787 1.13945 0.888684 1.00387 1.24618 0.987713 0.950232 
1023 0.222985	1.0187 0.937095 1.04737 0.99423 1.04654 0.992115 1.03936 1.03371 1.07991 0.978172 
1024 0.108499	0.911098 0.972013 0.902155 0.884996 1.06036 0.85446 0.987098 1.20238 0.901816 0.945534 
1025 0.128359	1.11879 1.02436 1.00489 1.06321 0.964949 1.09273 1.08394 0.943651 1.12277 1.04841 
1026 0.102804	0.945239 1.01522 0.963314 0.979111 0.962868 0.863168 1.06723 1.18 1.00012 1.02998 
1027 0.12427	1.05437 0.973943 1.08746 1.16622 0.889915 1.19455 1.0832 0.849175 1.11305 1.05321 
1030 0.202996	1.00457 1.02009 1.0367 1.03331 0.954022 1.08248 0.992431 0.992841 1.04237 0.997362 
1031 0.104628	0.942438 0.911313 1.0432 0.986958 0.934602 0.931175 0.947497 0.932643 0.930321 0.982713 
1032 0.140174	1.09846 0.961615 1.12708 1.17789 0.887805 1.12404 1.08164 0.75428 1.20026 1.0784 
1033 0.0798122	1.10774 1.06322 1.04067 0.993114 1.06146 1.16832 1.02379 1.02936 1.11138 0.99591 
1034 0.098368	1.01907 0.906942 1.01875 0.990388 1.05449 1.0265 0.97952 0.870943 0.965567 0.943305 
1035 0.234965	0.975268 0.940032 0.969107 0.919453 1.06593 0.930203 0.936755 1.09605 0.941036 0.943 
1036 0.0570087	0.953704 0.961497 1.04503 1.08269 0.847052 0.974581 1.01874 0.864743 0.962418 1.05277 
1037 0.0820478	0.880711 1.04983 0.921499 0.847772 1.1539 0.878679 0.952342 1.33618 0.963129 0.913622 
1040 0.0673157	0.898838 0.992321 0.985536 1.01413 0.958226 0.926051 1.04435 0.949346 0.953497 0.999162 
1041 0.156189	0.913607 0.953427 0.96045 0.947692 1.04572 0.962036 1.04244 0.996639 0.983084 0.985909 
1042 0.120862	0.97875 1.00059 1.10959 1.10417 0.91104 0.956809 1.07362 0.844046 0.942495 1.00962 
1043 0.165508	0.952118 1.02631 0.895634 0.878697 1.13912 0.852599 1.03589 1.25366 0.965149 0.954044 
1044 0.134631	1.03814 1.04845 0.984617 1.03246 0.966013 1.00025 1.06154 0.919094 1.13299 1.02563 
1045 0.160083	1.09114 1.02404 1.06376 1.09323 0.976142 1.13839 1.10716 0.946534 1.07542 0.989414 
1046 0.0959666	0.907688 0.942086 0.990513 0.981729 0.897316 0.904398 1.07061 0.96741 0.952038 0.98606 
1047 0.0994437	0.967839 0.912377 1.07259 1.0842 0.935539 1.10282 1.03586 0.779753 1.0457 1.06418 
1050 0.131872	1.08856 1.09802 0.978608 1.08802 0.942145 1.06449 1.02627 1.06682 1.0099 1.05254 
1051 0.222186	0.912987 0.970691 0.934735 0.945641 1.00823 0.868059 1.01715 1.12276 0.914057 0.998248 
1052 0.0821335	1.19196 0.984968 1.04421 1.0957 0.977917 1.12273 1.0826 0.862438 1.12592 1.06513 
1053 0.157723	0.956882 0.924663 1.0506 1.06885 0.913354 1.0406 0.995221 0.862347 0.966829 1.01144 
1054 0.182264	0.995994 1.01968 0.96781 0.997723 1.05951 0.912293 1.05083 1.08792 0.974389 0.975882 
1055 0.0602094	0.939879 0.956597 1.08828 1.20899 0.832609 1.04704 1.10326 0.723682 1.04762 1.09017 
1056 0.0454843	0.954477 1.0335 1.03818 1.1766 0.873852 1.05239 1.05979 0.898401 0.98363 1.05937 
1057 0.118128	0.917367 1.05237 0.899953 0.892998 1.16689 0.863702 1.05894 1.35705 0.890578 0.95488 
1060 0.109486	0.935972 0.922332 0.972156 0.966857 1.00054 0.954765 0.944394 0.951791 0.996544 0.986394 
1061 0.0535364	0.962122 1.03972 0.900564 0.866596 1.22289 0.83345 0.962633 1.33415 0.973429 0.927081 
1062 0.105866	0.976519 0.938393 0.990476 1.0297 0.946226 1.07936 0.95332 0.853616 0.985489 1.03769 
1063 0.0820389	0.886757 0.900879 0.999583 0.938626 1.06627 0.905214 0.929009 0.962947 0.930961 0.946115 
1064 0.213241	1.01654 1.05315 0.969692 1.0062 1.01074 1.06006 1.00371 1.09206 1.07366 1.01774 
1065 0.157442	1.01679 0.997198 0.953524 0.944495 1.11817 1.02256 0.942197 1.06981 1.08232 0.993571 
1066 0.070276	0.941114 0.922688 1.07245 1.00703 0.912021 0.945433 0.863528 0.943482 0.926665 0.985515 
1067 0.208113	1.12708 0.977424 1.1201 1.14837 0.882201 1.21635 0.97179 0.764564 1.13739 1.1174 
1070 0.0623306	0.955565 0.93405 1.0572 1.01155 0.974213 0.997847 0.939362 0.880694 0.985377 0.982665 
1071 0.0737961	1.05665 0.974124 1.00806 0.978899 1.03291 0.975673 0.948206 1.01858 0.978368 1.06191 
1072 0.134876	1.10554 1.04915 1.04188 1.05341 1.00855 1.17192 1.00598 0.983365 1.03199 1.02494 
1073 0.141338	0.997061 1.05153 0.949845 0.934889 1.1302 0.92042 0.920605 1.15871 1.02399 0.954191 
1074 0.0908901	1.16272 0.945963 1.18469 1.21594 0.864964 1.23523 0.9824 0.656527 1.1652 1.10958 
1075 0.141964	1.00776 1.01465 1.05697 1.08982 0.909502 1.1363 0.978909 0.818993 1.13259 1.09092 
1076 0.094434	0.978614 0.96928 1.0773 1.06545 0.851064 0.928294 0.95338 0.948561 0.931826 1.00096 
1077 0.260371	0.924552 1.03008 0.91688 0.955449 1.00104 0.844416 0.91637 1.15903 0.951527 0.997877 
1100 0.102683	1.00849 0.962024 1.08195 1.09728 0.983783 1.13246 1.0691 0.855041 0.974781 0.999493 
1101 0.16046	0.945568 0.995228 0.981083 0.99817 0.948776 0.96817 0.953926 1.00977 0.940775 0.999674 
1102 0.104874	0.941465 1.05445 0.93915 0.927206 1.0352 0.794544 0.936774 1.30818 0.851896 0.960343 
1103 0.128423	1.05618 0.990003 1.08421 1.06887 0.952283 0.980738 0.999493 0.835335 0.908733 1.01323 
1104 0.235214	0.968545 0.976217 0.990625 0.929346 1.12522 0.896651 0.998274 1.15724 0.946106 0.965509 
1105 0.154984	1.06896 1.04007 0.984803 1.02953 1.01259 1.00547 0.94276 1.02679 1.00304 1.04078 
1106 0.0627054	1.1075 1.03798 1.08994 1.19034 0.906192 1.2576 1.01793 0.810177 1.13303 1.06675 
1107 0.0506572	1.06649 0.953006 1.09789 1.19829 0.898272 1.21366 1.0187 0.707776 1.0627 1.03547 
1110 0.20749	1.03231 0.990467 1.08807 1.12889 0.882501 1.19712 1.08937 0.837509 1.15001 1.07672 
1111 0.109937	0.842581 0.992884 0.919582 0.880877 1.01612 0.767169 1.00231 1.48786 0.906584 1.00318 
1112 0.221081	0.976051 0.993816 0.992826 0.979698 1.01667 1.04453 1.04113 1.16701 1.04373 0.99682 
1113 0.0951374	1.0118 1.02094 0.906429 0.830746 1.25173 0.870577 0.954186 1.53461 0.92722 0.957795 
1114 0.144669	0.957388 0.991186 1.01016 1.03813 0.877921 0.992451 1.0383 1.05705 1.00611 1.04855 
1115 0.0739958	1.09527 0.996716 1.061 1.02317 1.04171 1.1551 1.04044 1.04258 1.12708 1.03969 
1116 0.0694654	1.0017 0.916421 1.01542 0.937527 1.11197 1.01477 1.0258 1.10297 1.02399 0.990252 
1117 0.0782241	1.09214 0.947653 1.11526 1.10178 0.959013 1.19843 1.06726 0.861552 1.15812 1.08481 
1120 0.0653876	0.899019 0.935328 1.0437 0.980827 0.930646 0.802012 1.00611 0.961167 0.856539 0.962227 
1121 0.113431	1.0025 0.956099 1.14258 1.17405 0.85182 1.12127 1.0373 0.742316 1.029 1.02649 
1122 0.0692249	0.881229 0.920131 1.01738 1.00504 0.889775 0.869245 0.973942 0.840316 0.920737 1.03402 
1123 0.168995	1.06441 0.942749 1.04466 1.06193 1.03273 1.17236 1.04806 0.76566 1.06864 0.9911 
1124 0.104682	0.992622 1.02744 0.958232 0.994408 0.956251 0.999125 0.986626 0.981821 0.959279 0.985415 
1125 0.172525	1.02647 0.978874 1.0699 1.05092 0.948072 1.09248 1.05656 0.846424 1.03205 1.03397 
1126 0.193553	0.920914 1.01554 0.998716 0.913334 1.0982 0.881511 0.980047 1.07756 0.921598 0.936062 
1127 0.112203	0.896331 0.979418 0.918042 0.862498 1.16822 0.899627 0.981475 1.29561 0.933381 0.916583 
1130 0.0557441	0.965751 1.06868 0.87401 0.899566 1.03778 0.881325 0.977561 1.31594 0.970032 0.924504 
1131 0.150267	1.02399 0.985206 1.03546 0.987565 1.06436 1.10456 0.992485 0.981711 0.929731 0.965821 
1132 0.0581677	1.03314 0.85785 0.961249 0.950254 1.07651 1.0048 0.947478 0.896486 1.03958 0.934968 
1133 0.131847	0.896349 0.962676 0.909416 0.861455 1.13717 0.901866 0.928034 1.20914 0.962103 0.917562 
1134 0.204072	0.998099 0.947175 1.04328 1.06855 0.929128 1.07091 0.976938 0.819022 1.05579 1.00479 
1135 0.138148	1.10691 0.997497 1.08185 1.14574 0.86574 1.18878 0.967048 0.840432 1.08217 1.04178 
1136 0.113427	0.902399 1.03234 0.930553 0.951627 0.959023 0.881423 0.985922 1.07842 0.992209 0.953268 
1137 0.148328	1.08688 0.983688 0.957061 0.960969 0.993823 0.968759 0.98039 1.01658 1.04106 1.0281 
1140 0.129167	1.0695 0.985856 1.0566 1.11651 0.95177 1.21444 1.06582 0.749327 1.11965 1.01368 
1141 0.0631944	0.988728 1.00087 1.03213 0.945944 1.16172 0.958387 1.02724 1.16969 1.01937 0.911386 
1142 0.0638889	0.864067 1.00957 0.899035 0.824841 1.16125 0.794167 0.960433 1.38397 0.958196 0.939238 
1143 0.139583	0.981354 1.04811 0.969995 1.03141 0.947116 1.01279 1.03976 0.992673 1.11247 1.06525 
1144 0.290278	0.973911 0.984905 0.982737 1.00257 1.00326 1.01111 1.04599 0.932633 1.08949 1.03323 
1145 0.175	0.981593 1.05625 0.930149 0.923016 1.07088 0.982278 0.990717 1.19782 1.03829 0.979368 
1146 0.0729167	0.947998 1.04652 1.07672 1.0496 0.909604 0.971382 1.06199 1.00086 0.960421 1.00066 
1147 0.0659722	1.10562 1.02454 1.06962 1.17571 0.808602 1.0486 1.05505 0.754163 1.21172 1.1465 
1150 0.0999131	0.859019 0.930907 0.988509 0.935069 1.0461 0.995052 0.96975 0.881586 0.947525 0.976814 
1151 0.195482	1.07511 0.95155 1.06937 1.1363 0.856396 1.14677 0.995715 0.74703 1.06649 1.08491 
1152 0.111642	0.946705 0.971804 0.901707 0.865506 1.18157 0.946465 0.919498 1.29359 0.942612 0.949565 
1153 0.070808	0.966117 1.05941 0.925421 0.992966 0.990681 1.10796 1.04107 1.00911 1.03321 1.01714 
1154 0.153779	1.05943 1.00326 0.985822 1.03318 1.0246 1.13621 1.00304 0.814181 1.07483 1.04233 
1155 0.139878	0.910068 1.00118 0.967607 0.981876 0.928738 0.915827 0.953381 0.96737 0.93208 1.03538 
1156 0.170721	0.977068 0.943928 1.04962 1.04966 0.999272 0.980884 1.01628 0.894745 0.975263 1.00709 
1157 0.0577758	0.944188 1.09172 0.93815 0.934537 1.07745 1.0456 0.981026 1.08026 0.991733 0.995846 
1160 0.208037	1.03517 0.999677 1.02934 1.03611 0.948513 0.97498 1.00759 0.994496 0.951141 1.0326 
1161 0.0437436	1.13571 0.952509 1.13288 1.10107 0.981148 1.26987 1.07741 0.797277 1.04571 1.04675 
1162 0.139878	0.910892 0.995869 0.935523 0.950481 0.981552 0.784625 0.926328 1.14959 0.902612 1.02309 
1163 0.109359	1.07547 1.01637 0.962214 0.997083 1.06046 1.02188 1.03844 1.0278 0.996899 0.990268 
1164 0.164802	1.03237 0.959928 1.07723 1.10145 0.864554 1.02642 1.01182 0.803256 0.966606 1.03532 
1165 0.0920651	0.91867 0.967333 0.945086 0.923002 1.07564 0.816252 0.92186 1.12109 0.8625 0.963617 
1166 0.0768057	1.07619 0.923182 1.1225 1.21962 0.810412 1.20871 1.07133 0.643648 1.03457 1.1391 
1167 0.16531	0.975561 1.01559 0.917351 0.895008 1.16238 0.945995 0.973638 1.31765 0.896397 0.941383 
1170 0.139397	0.966424 1.01201 0.951733 0.899003 1.08117 0.917363 0.977909 1.1267 1.00208 0.985508 
1171 0.116872	0.991649 0.946247 0.96744 0.896955 1.2092 1.01651 0.994909 1.13547 0.950243 0.920551 
1172 0.0828729	1.00717 1.01792 1.01063 1.06137 0.877562 0.956123 1.04102 0.924295 0.962164 1.03786 
1173 0.229919	1.04723 0.999009 1.00703 1.03454 0.985285 1.07217 1.04796 0.94944 1.00314 1.013 
1174 0.0879728	0.999172 0.941289 0.986328 0.937489 1.06684 1.01438 0.978696 0.948687 1.0106 0.966987 
1175 0.0667233	1.01308 0.907065 1.08357 1.05402 1.07743 1.09276 1.04616 0.859381 1.06205 0.981538 
1176 0.0505737	1.13464 1.02251 1.00263 1.03096 1.07612 1.11671 1.02596 1.05577 1.09746 0.986674 
1177 0.225669	1.0415 0.981037 1.06692 1.1183 0.898834 1.26583 1.07677 0.769723 1.07264 1.05706 
BOUNDS
LWPS R    0.0  0.0  0.0  0.0  0.0  0.0  0.0  0.0  0.0  0.0
UWPS R    0.5  0.5  0.5  0.5  0.5  0.5  0.5  0.5  0.5  0.5
LXAS R   -0.5 -0.5 -0.5 -0.5 -0.5 -0.5 -0.5 -0.5 -0.5 -0.5
UXAS R    0.5  0.5  0.5  0.5  0.5  0.5  0.5  0.5  0.5  0.5
END
