NAME moment_estimations_cluster
ASSETS 10
BENCHMARKS 0.1 0.1 0.1 0.1 0.1 0.1 0.1 0.1 0.1 0.1 
COVARIANCES
0 0 0.305097
1 0 0.00638544
1 1 0.00295359
2 0 -0.0102425
2 1 0.00154326
2 2 0.00798191
3 0 0.0325723
3 1 -0.00113873
3 2 0.00171124
3 3 0.023601
4 0 -0.0263586
4 1 0.000989774
4 2 0.00411096
4 3 -0.00124282
4 4 0.00681316
5 0 0.0333226
5 1 0.00230259
5 2 0.00367968
5 3 0.00770698
5 4 -0.000606466
5 5 0.0103115
6 0 0.00977255
6 1 0.00192909
6 2 0.00353269
6 3 0.000623382
6 4 0.00192577
6 5 0.00331728
6 6 0.00723636
7 0 0.0388244
7 1 0.00305887
7 2 0.00454545
7 3 0.00568732
7 4 -0.00576812
7 5 0.00476086
7 6 0.00332257
7 7 0.0386758
8 0 -0.0938275
8 1 0.00137315
8 2 0.0123864
8 3 -0.0151043
8 4 0.0169393
8 5 -0.00569355
8 6 0.00694486
8 7 -0.0149013
8 8 0.0573843
9 0 -0.0225724
9 1 0.00167169
9 2 0.00447953
9 3 -0.00411013
9 4 0.00497802
9 5 -0.00140983
9 6 0.0025747
9 7 0.00251299
9 8 0.015566
9 9 0.00759572
SCENARIOS
0 0.43464	1.60195 0.995537 0.997749 1.12663 0.968259 1.01085 1.03087 1.13623 0.872 0.985377 
1 0.56536	0.849689 0.97598 1.01703 0.979068 1.05012 0.958675 0.995537 0.970085 1.13847 1.0368 
00 0.24908	2.33091 1.00451 0.969764 1.06402 0.889942 1.13073 1.02699 1.16424 0.733236 0.918733 
01 0.75092	0.691805 1.01229 1.02644 0.94094 1.00544 1.0212 0.984615 0.968832 1.09069 1.01885 
10 0.637275	1.20836 1.03003 0.949393 1.03394 0.949921 1.00685 0.977599 1.0074 0.895584 0.868015 
11 0.362725	0.507372 1.06207 1.09736 0.960998 1.10015 0.982336 1.06732 0.866464 1.38834 1.13221 
000 0.181969	0.723906 1.02436 1.0211 0.958032 1.04684 0.992416 1.01673 1.16589 1.2657 0.993826 
001 0.0470164	0.302312 1.06835 1.12092 1.01754 1.14403 0.955266 0.878003 1.18317 1.44639 1.15658 
002 0.19915	0.630095 0.962488 0.95613 0.899333 1.02221 0.871388 0.935439 0.746627 1.11063 0.939536 
003 0.0688158	0.760655 1.11556 1.32151 1.08123 1.19144 1.13782 1.1003 1.66618 1.44824 1.3709 
004 0.0552374	0.827516 0.922687 0.924857 1.34229 1.01719 0.964213 0.852858 0.772721 0.866179 0.858394 
005 0.131905	1.78399 1.00434 0.971374 1.10025 1.01311 1.14798 1.04264 0.942715 0.926371 0.968219 
006 0.0919084	3.31007 0.950279 1.05455 1.30917 0.987161 1.18953 1.10379 1.3103 0.791851 0.993645 
007 0.223998	1.06408 1.18149 1.07556 1.09024 1.06079 1.07488 1.05598 0.957235 1.00865 0.963494 
010 0.166493	0.949208 0.959253 0.874688 0.926777 1.02748 0.925835 1.01758 0.727021 1.02549 0.939699 
011 0.182701	2.28721 0.965195 0.971144 1.2524 0.907279 1.05863 1.01829 1.22333 0.783928 0.919709 
012 0.0432318	1.98142 1.03211 1.08516 1.27546 1.1268 1.15712 1.18281 0.850581 1.16911 1.04005 
013 0.0577854	0.668038 1.12452 1.33665 1.1183 1.17011 1.12614 1.155 1.45105 1.56409 1.13129 
014 0.0731969	0.661786 0.928885 0.842994 0.928427 0.953427 0.873059 0.851356 0.884926 0.918387 0.940804 
015 0.175624	1.7101 1.02195 0.875826 1.06329 0.906363 0.9918 0.886189 1.04065 0.676401 0.901864 
016 0.190882	0.539134 0.954086 1.04731 0.997305 1.09429 0.982939 0.974411 1.0689 1.32605 1.0426 
017 0.110086	1.23393 1.06214 1.09451 0.948306 1.1159 1.10764 1.19074 0.88474 1.50762 1.12849 
100 0.093619	0.59096 1.09068 1.2296 0.864743 1.05083 1.01928 1.13356 1.05213 1.50519 1.34679 
101 0.051181	2.08717 1.00889 1.22908 1.28978 1.07671 1.34515 1.09548 1.0782 0.992685 0.99293 
102 0.142885	0.61637 0.906027 0.995811 1.02423 1.01297 0.904655 0.889151 0.803179 1.12047 1.12371 
103 0.111549	3.4188 1.06728 0.945914 1.06681 0.89059 1.05775 1.05287 1.22387 0.667556 1.05286 
104 0.16656	0.796234 1.00241 0.97801 0.898182 1.08344 0.924163 1.10376 0.750504 1.20618 1.0707 
105 0.217908	1.25063 0.970849 0.973414 0.902886 0.905691 0.970951 0.956098 1.23802 0.747691 1.03022 
106 0.0962558	0.993411 0.806362 0.898731 1.10297 0.924296 0.950744 0.856902 0.739683 0.760011 0.935842 
107 0.120042	0.580299 0.992613 1.01533 0.817527 0.934552 0.943624 0.968483 1.04977 1.06577 1.22516 
110 0.156678	1.12688 1.00357 1.07817 1.10545 0.993849 1.14009 1.05716 1.60249 0.987402 1.00427 
111 0.0575413	2.22934 0.925023 0.867806 1.21813 0.909548 1.02259 0.971623 1.01715 0.622139 0.810617 
112 0.108304	1.2224 0.903181 0.979549 0.902225 1.02236 0.914369 0.937754 0.829688 1.14937 0.944384 
113 0.168625	2.46073 0.945088 1.00661 1.01709 0.914563 1.2077 1.03681 1.24287 0.781543 0.864805 
114 0.127127	0.866973 0.917215 0.940468 0.865574 0.963002 1.01455 0.896791 0.896491 0.938349 0.949812 
115 0.108109	1.1571 1.01486 0.801178 0.829079 0.935599 0.890077 0.940731 0.843571 0.80248 0.896067 
116 0.205345	0.523794 1.00651 1.00425 0.866764 1.08919 0.93666 1.01022 0.987421 1.36479 1.03309 
117 0.0682694	0.873988 0.988114 1.18479 0.951962 1.1915 1.00833 1.07983 1.26323 1.76171 1.27465 
0000 0.108629	0.848233 1.05575 0.987787 1.0291 1.0263 1.04341 1.05781 1.09995 0.825895 1.03365 
0001 0.051269	1.16751 0.928038 1.02799 0.966047 0.86855 0.974197 1.02024 1.69746 0.860244 1.20002 
0002 0.167513	0.816404 0.931263 1.06072 0.767808 0.988072 0.847406 1.10414 0.868764 1.29676 1.02514 
0003 0.201015	0.559564 1.06795 1.04547 0.823525 1.0657 0.915078 0.995485 0.867781 1.07801 1.04008 
0004 0.143655	2.49946 1.10082 1.00243 0.956767 0.936891 1.03107 1.1198 1.03058 0.744503 0.972771 
0005 0.057868	0.441683 0.952181 0.902285 0.969476 0.900307 0.729227 0.866122 1.43839 0.676431 1.0477 
0006 0.192386	1.11943 1.08358 1.00319 0.834931 0.956244 0.982146 0.952617 1.12464 0.823189 1.1543 
0007 0.077665	0.359687 1.0025 1.15007 0.876939 1.22259 0.966114 1.24158 0.808212 1.70488 1.18483 
0010 0.0766208	1.41669 0.847057 0.900488 1.02314 0.875133 0.970558 0.945065 0.966387 0.744374 0.837026 
0011 0.174853	0.881275 0.974917 1.00564 0.889595 1.15426 1.00757 1.0325 0.77484 1.47821 1.03364 
0012 0.0726916	0.404154 1.07837 1.09926 0.659348 1.09782 0.835581 1.30618 0.882689 1.66091 1.15233 
0013 0.0943026	1.20873 1.01079 0.863899 0.896807 0.966443 0.911428 1.04554 0.785221 0.875634 0.963569 
0014 0.220039	0.892598 0.99145 0.959488 0.86496 1.02051 0.821725 1.06891 1.21971 1.05729 1.14439 
0015 0.166994	0.787855 0.987986 0.902093 0.945519 0.951165 0.803206 0.901967 1.63492 0.739364 0.982209 
0016 0.0746562	2.37 0.891382 0.936714 1.1687 0.857315 1.1416 1.02489 1.30277 0.601469 0.841809 
0017 0.119843	0.568425 0.884656 0.858275 1.0852 0.911166 0.86532 1.00872 0.882651 0.710646 0.778043 
0020 0.160019	0.437527 1.16333 1.15819 0.882572 1.29135 1.06358 1.02176 0.955097 1.6011 1.29397 
0021 0.217532	0.790221 1.19591 0.930183 0.967247 1.01477 0.97005 0.907262 1.26223 0.944871 1.11457 
0022 0.100186	1.71258 1.01404 1.0237 1.13981 0.999224 1.06654 0.896981 1.29937 0.769173 1.00022 
0023 0.114564	0.664657 0.987512 0.902459 0.683037 1.0047 0.911493 0.961569 0.730139 1.24033 1.20029 
0024 0.156772	0.508415 1.06139 0.873004 1.0657 1.01182 0.965015 0.816251 0.840356 0.797921 1.01529 
0025 0.115492	1.21118 0.932419 1.07977 1.33789 1.09271 1.16379 1.00917 1.02289 1.0823 1.02237 
0026 0.0482375	0.847659 1.03271 1.22019 1.01022 0.976392 1.17132 0.957467 1.68338 0.981422 1.01169 
0027 0.0871985	2.84919 1.03546 0.87577 0.859363 0.947147 1.02005 0.90012 1.05002 0.771197 0.923364 
0030 0.197315	0.417748 1.04255 1.03339 0.71302 1.062 0.880552 1.13856 0.800577 1.53177 1.10684 
0031 0.194631	2.43815 0.917295 0.880481 1.04065 0.803252 1.00628 1.03855 1.0932 0.67892 0.844483 
0032 0.0510067	0.715973 1.05639 0.980366 1.40066 0.923916 0.976733 1.00359 0.979312 0.763435 0.867312 
0033 0.142282	0.769998 0.946144 1.01809 1.12024 1.05975 1.06286 0.930271 0.698957 1.15398 0.801958 
0034 0.209396	1.16159 0.952106 0.919384 0.953892 0.757572 0.891854 0.870146 1.05268 0.717431 0.783044 
0035 0.0496644	0.689318 1.01395 0.984667 0.923176 0.890996 1.04124 1.03121 1.60201 0.868709 0.917159 
0036 0.0590604	0.28829 0.98651 0.943358 0.786892 0.950858 0.82371 0.828501 1.0209 1.05223 0.967035 
0037 0.0966443	0.620013 0.837151 1.08684 1.05038 0.952769 1.00291 1.09691 0.863495 1.15239 0.834281 
0040 0.167224	1.17275 1.15772 0.940579 1.01015 1.08572 1.13452 1.09287 1.10549 0.869428 1.13588 
0041 0.0869565	0.780415 0.98363 1.01114 0.900273 0.9246 0.830646 0.97272 1.60602 0.792059 1.04371 
0042 0.172241	0.995763 0.903588 0.901018 0.857395 0.967204 0.86389 0.920152 0.970082 0.961583 0.91542 
0043 0.229097	0.514249 1.08923 1.08299 1.08153 1.07941 1.11806 0.993104 0.995776 1.3672 1.1987 
0044 0.083612	0.319875 1.09344 1.19433 0.75701 1.1563 1.08834 1.09309 0.842805 1.51164 1.12932 
0045 0.0769231	2.11445 1.07087 0.948541 1.17842 1.09282 1.08619 1.1797 1.16544 0.843273 0.949423 
0046 0.128763	2.12856 0.962604 0.843296 0.99894 1.03804 0.961923 0.936535 0.827334 0.706245 1.14145 
0047 0.0551839	0.915184 1.03217 1.01627 1.15533 1.03688 1.03033 0.987405 1.438 0.841817 1.14984 
0050 0.205882	1.05356 1.15527 1.13963 0.804252 1.0128 1.06362 1.1256 1.20318 1.16391 1.10325 
0051 0.0994398	0.51688 0.956781 0.947566 0.746644 0.960302 0.912146 1.09326 0.74629 1.43382 1.08587 
0052 0.0602241	0.619282 1.06901 1.15895 1.01294 1.0509 0.871652 1.04929 1.53351 0.939513 1.02195 
0053 0.166667	2.46496 0.933115 1.07967 1.06767 0.820823 1.07982 0.915018 1.31592 0.721922 0.863692 
0054 0.140756	1.42759 0.859444 0.94867 0.925514 0.922407 0.886103 0.882075 0.878401 0.943317 1.03704 
0055 0.139356	0.875236 0.987644 0.890015 1.03593 0.945076 0.787725 0.806534 0.947742 0.596652 0.89276 
0056 0.0455182	1.02646 1.10656 0.840755 0.662628 0.902802 0.927746 0.898401 0.652669 1.04103 0.886016 
0057 0.142157	0.454649 0.996153 0.943964 0.788693 1.00062 0.882221 0.83793 1.08792 0.924292 0.95435 
0060 0.0884422	0.478469 1.06799 1.18421 1.02639 1.1574 0.965469 0.921269 1.09719 1.38066 1.19102 
0061 0.259296	2.18436 1.10696 1.00267 1.01133 0.807741 1.04793 1.07649 0.79377 0.706002 0.809061 
0062 0.0592965	0.309728 1.04981 0.938116 1.03791 1.24007 0.884457 0.999418 0.845294 1.67285 1.04282 
0063 0.151759	1.01177 1.21763 1.07133 0.950691 0.951294 0.923823 1.0414 1.41064 1.03167 0.958631 
0064 0.0623116	0.376604 0.999006 0.79405 0.807864 0.845591 0.717357 0.843274 1.02518 0.804654 0.966753 
0065 0.168844	0.977488 1.14695 0.869915 0.759803 0.871194 1.09081 1.04597 0.794126 0.886098 0.988839 
0066 0.0864322	0.580364 0.946239 1.01795 0.681977 0.906734 0.920536 0.965383 0.697844 1.12508 0.914317 
0067 0.123618	0.696413 1.00411 0.844774 1.01354 0.895737 0.797307 0.81973 0.999242 0.682276 0.865825 
0070 0.216907	0.531653 0.836631 1.15478 1.02065 1.05083 0.952464 0.961095 1.03999 1.40944 1.11379 
0071 0.161649	0.938491 0.877621 1.02274 1.0791 1.09155 1.10024 0.981487 0.750762 1.31818 1.03555 
0072 0.0762887	2.68186 0.864635 1.08947 1.09276 0.892516 1.25146 0.994469 1.54272 0.996414 1.01787 
0073 0.0606186	1.16786 0.808992 0.901915 1.03409 0.90506 0.923147 1.11297 1.2239 0.978497 0.920959 
0074 0.105155	1.06993 0.925939 1.0104 0.96903 0.901027 0.914686 0.969151 1.55864 1.01115 1.11979 
0075 0.124948	0.731321 0.823006 0.808896 0.826905 0.967802 0.847531 0.875737 0.862806 1.07371 0.919302 
0076 0.148454	1.5675 0.948323 1.00684 1.10034 0.910581 1.14752 0.834289 1.26375 0.749487 1.0241 
0077 0.105979	1.71679 0.845268 0.831955 1.26856 0.901602 0.872407 0.885398 0.913172 0.689209 0.94822 
0100 0.112624	0.334155 0.986994 1.12446 1.01454 1.15265 0.981106 1.0902 0.881217 1.70796 1.27286 
0101 0.197092	0.785767 0.993376 0.971949 0.946906 0.850948 0.9051 0.876993 1.19383 0.886793 1.08399 
0102 0.112992	1.35286 0.915091 0.952644 0.793078 0.948032 1.00311 0.967992 0.974495 1.01962 0.944798 
0103 0.0504233	1.73543 0.988327 0.917489 1.24351 0.965005 0.983537 0.867363 0.892727 0.738706 0.893619 
0104 0.062385	1.6243 1.0521 1.13665 1.14241 0.928112 1.15479 0.967677 1.19095 0.937537 0.910324 
0105 0.117777	1.90591 1.14634 1.1395 0.99959 1.07327 1.16979 1.10607 1.46102 1.1164 1.07545 
0106 0.154214	2.54361 1.07611 1.04914 1.22916 0.965063 1.15885 1.00317 1.16936 0.78122 0.900116 
0107 0.192492	0.56747 0.947909 0.995989 0.991726 1.12726 0.926768 1.01311 0.895169 1.26642 1.10173 
0110 0.107999	0.955989 1.02707 1.07868 1.16271 1.0754 0.956361 0.896888 1.36871 0.765756 1.06205 
0111 0.101627	0.612422 1.04992 1.03895 0.723996 0.985668 0.948062 0.98488 1.25555 0.97937 1.05659 
0112 0.200067	0.749559 0.977709 0.923518 1.18203 1.12194 0.965021 1.0001 0.694437 0.944204 0.944239 
0113 0.0472916	5.18695 1.16439 0.973078 1.06006 1.05716 1.17644 1.16888 1.18453 0.799017 0.979736 
0114 0.125776	1.24157 1.04545 0.995572 0.929196 1.01716 1.00836 1.11853 0.997374 1.02297 0.997154 
0115 0.204427	0.41875 0.966544 1.04953 0.917858 1.07037 0.973811 0.927006 0.825367 1.31361 1.03857 
0116 0.128123	2.5304 1.07273 0.94613 1.01852 1.02969 0.984223 0.978081 0.871123 0.73618 0.94836 
0117 0.0846889	1.65677 1.08544 1.22796 0.99133 1.09725 1.1461 1.11625 1.31718 0.944637 1.0624 
0120 0.0496102	4.72012 0.99292 1.0776 1.05323 0.845695 1.35778 1.13051 1.26508 0.679679 0.753062 
0121 0.123317	0.223663 0.958271 1.09974 0.900513 1.05527 1.09156 1.12762 0.947742 1.60222 0.944711 
0122 0.158044	0.44275 0.985976 1.10564 0.884171 0.940896 1.03717 0.978684 1.21097 1.11911 1.112 
0123 0.0644933	1.25386 1.01318 1.15132 1.37932 0.940015 1.19971 1.09006 1.49673 1.03726 0.988236 
0124 0.246634	0.731952 0.952582 1.03871 0.898343 0.939738 1.02459 1.0386 0.862512 1.09679 1.03266 
0125 0.0616584	1.83396 0.986024 0.892163 0.773346 0.874721 1.03297 0.936938 1.19084 0.685156 0.779213 
0126 0.178597	1.77611 1.21413 1.05577 1.04125 1.01065 1.20791 1.13663 1.25646 0.950852 1.08049 
0127 0.117647	1.15867 1.01483 0.933605 1.29185 0.926765 1.21993 0.929833 0.900043 0.654791 0.766804 
0130 0.196182	0.754249 0.85851 0.912055 0.946326 0.928894 0.917211 0.977021 0.962613 0.942271 0.943938 
0131 0.0747614	0.986623 0.941065 0.934725 0.929822 0.978979 0.850026 0.937827 1.43321 0.848531 1.04942 
0132 0.0652174	2.05756 0.940096 0.724778 0.755583 0.812087 0.842834 0.898788 1.11935 0.54809 0.956341 
0133 0.0652174	3.86981 0.928316 0.959218 1.18841 0.87391 1.16469 0.9462 1.18696 0.585595 0.983702 
0134 0.201485	1.94984 0.99001 0.912677 0.893793 0.892205 1.0518 1.06045 1.17661 0.749662 1.07639 
0135 0.18929	0.14262 0.931782 0.995224 0.806646 1.17514 0.836243 1.00029 0.761775 1.64104 1.16378 
0136 0.0646872	1.6108 0.960959 1.18729 1.12153 1.05491 1.07717 1.02336 1.3278 1.11129 1.26674 
0137 0.14316	0.618892 0.97486 0.918811 0.605882 0.957697 0.872133 0.94277 0.985286 1.12162 1.13676 
0140 0.0950188	0.324726 1.07158 1.0283 0.756973 1.14427 0.796291 0.979673 0.81575 1.50301 1.1398 
0141 0.103809	2.24029 0.942514 0.952292 0.715196 0.881379 0.947627 1.06445 1.51338 0.7948 1.01932 
0142 0.234826	1.13265 1.01837 1.03992 0.762119 1.02284 0.854297 0.994802 0.980187 1.14796 1.0735 
0143 0.0929259	0.590984 1.10966 1.0341 0.853196 1.08166 0.876905 0.923321 0.814922 1.03839 0.949064 
0144 0.0803684	0.331532 1.03943 1.09552 0.895428 0.993296 1.01017 1.09765 1.71071 1.13999 1.17905 
0145 0.128506	2.11878 0.921385 0.903679 1.1709 0.965438 0.967721 0.977114 1.07825 0.692571 0.831778 
0146 0.111762	0.993239 1.16466 1.19996 1.17473 1.07566 1.07299 1.02046 1.32798 1.02278 1.09228 
0147 0.152784	1.00711 1.05503 0.920849 1.16556 1.00909 0.88845 0.874488 0.99321 0.7887 0.944665 
0150 0.122645	1.00322 0.978838 1.16018 0.953344 1.14791 1.0883 1.15596 0.992582 1.54882 1.06272 
0151 0.105024	0.457826 0.899148 0.933264 0.720244 0.980479 0.820895 0.853555 0.895734 1.20936 0.932836 
0152 0.10956	1.66434 1.10626 1.0448 1.00212 0.975099 1.06293 1.04005 1.14011 0.918456 0.930966 
0153 0.244766	0.991844 1.15035 0.983539 0.795587 1.07667 0.967826 1.12057 1.02792 1.17008 1.05132 
0154 0.0622819	3.45768 1.0526 0.99541 0.913951 0.910209 1.14352 1.02517 0.821527 0.750395 0.771012 
0155 0.0655967	2.29925 0.950804 0.981275 0.823511 1.07235 1.0859 1.09963 0.818751 1.04729 0.937588 
0156 0.237264	0.50309 0.913225 1.02785 1.06935 1.04084 1.03699 0.911865 0.906887 1.11913 0.988926 
0157 0.0528611	1.51859 0.903184 1.00448 1.08145 0.940817 0.958467 0.944609 1.33646 0.818834 0.941749 
0160 0.182183	0.867046 1.10672 0.934906 0.931063 1.09585 0.866687 0.912016 0.730736 1.12063 1.02108 
0161 0.162279	1.74361 1.16105 1.02585 0.934623 0.924145 0.983685 1.05387 0.9404 0.867545 0.965414 
0162 0.0906902	0.893829 0.949481 0.989746 1.12095 0.873232 0.978994 0.979644 1.24199 0.773509 1.01023 
0163 0.139968	1.45722 1.22446 0.984331 0.695115 1.03181 0.827281 1.08853 1.18948 1.07684 1.17746 
0164 0.0507223	4.75202 1.19957 1.10175 0.734808 0.940023 1.14402 1.0911 1.21079 0.827474 1.10879 
0165 0.103692	2.89053 1.03737 0.966313 0.990538 0.959155 1.02291 1.06593 1.23011 0.801463 0.989251 
0166 0.0640449	1.36205 1.01977 1.07594 1.25873 1.03369 1.03511 0.845103 0.829463 0.889291 0.983318 
0167 0.206421	0.455095 0.987512 1.13238 0.91985 1.01741 1.02071 1.12442 0.73305 1.33104 1.16805 
0170 0.0940718	0.328594 1.07668 0.990684 0.8481 1.06886 0.911286 0.964271 1.04721 1.22425 1.04712 
0171 0.19037	0.317782 0.972217 0.952655 1.14095 1.08345 0.9006 0.908376 0.815014 1.05488 1.01229 
0172 0.154745	0.805108 1.01505 1.07021 1.10719 1.018 0.996035 0.994197 1.25055 0.861459 1.00366 
0173 0.0762594	3.16097 1.17582 1.00083 1.01247 1.0358 1.10671 1.04243 1.23525 0.693361 1.02975 
0174 0.123295	0.124038 0.876863 1.15349 0.96898 1.28104 0.862052 0.96041 0.720288 1.75499 1.10895 
0175 0.0826607	0.901844 0.935591 0.940612 0.947927 0.999406 0.932301 1.12168 0.840161 1.08456 0.97987 
0176 0.12246	1.1316 1.06503 1.17039 0.904412 1.07318 1.13492 1.12327 1.1428 1.41663 1.07092 
0177 0.156137	1.49974 1.06217 0.910028 0.791236 0.950314 1.02393 0.951014 1.03219 0.770077 0.82595 
1000 0.161874	1.23911 0.990334 0.874907 0.826053 0.96027 0.943741 1.05687 1.4854 0.848303 0.963767 
1001 0.10673	0.610549 0.892871 1.04711 0.839655 1.20229 0.885639 0.986231 1.08811 1.57605 1.13346 
1002 0.161874	0.694 0.990246 1.12563 1.08203 1.13863 1.12675 0.996109 1.21229 1.13773 1.01747 
1003 0.157427	3.67056 1.13671 1.08173 1.13772 1.08967 1.14899 1.04902 1.13913 0.743954 0.993058 
1004 0.134005	1.19541 0.915806 0.859962 0.805473 0.914516 0.901823 0.839692 0.904946 0.766608 0.901746 
1005 0.0412096	1.13822 0.81095 0.909731 1.05355 1.12171 0.974444 0.868858 0.917468 1.00311 0.924538 
1006 0.0990216	1.24759 1.04711 0.89049 0.832848 1.078 1.00059 0.994991 0.780269 1.14769 0.922832 
1007 0.137859	0.42623 0.931571 0.970922 1.01461 1.15732 0.929502 0.965195 0.806393 1.39835 1.00755 
1010 0.0563991	0.337823 1.0214 1.0644 1.20956 1.03455 0.929135 1.00751 1.01772 1.30319 1.2545 
1011 0.0818872	0.678657 1.07373 0.860419 0.907586 0.959166 0.838905 1.17319 0.907782 1.08287 1.12982 
1012 0.120933	0.993722 1.03076 0.88254 0.829156 0.964306 0.98483 0.940207 0.66989 1.0467 1.10458 
1013 0.170282	1.03633 0.99977 1.0713 1.03644 0.923815 1.02208 1.11128 1.23086 0.958574 1.06213 
1014 0.0694143	0.676065 1.23418 1.08434 0.713437 1.1926 1.07261 1.06627 0.72863 1.63224 1.35191 
1015 0.109544	0.620576 0.995137 1.02428 1.21655 1.07374 1.11387 1.05114 0.849356 1.19876 1.06817 
1016 0.207158	2.29047 1.20279 0.920757 0.953557 0.941788 1.03937 0.985299 1.04777 0.611563 1.08876 
1017 0.184382	0.533488 1.08168 0.866415 1.20641 0.912967 0.889822 0.929697 0.878698 0.822316 1.0176 
1020 0.222611	0.16961 0.973892 1.1144 0.891257 1.17192 0.960181 0.984059 0.871626 1.42417 1.07832 
1021 0.0773116	1.34934 0.907202 1.08522 1.29193 1.03857 1.12067 1.12034 1.12328 0.968147 1.03092 
1022 0.156177	1.64486 1.11323 0.905664 1.02534 0.876266 1.11343 1.01408 1.02151 0.65313 0.962328 
1023 0.114025	0.46649 0.967278 1.02732 1.09757 0.988077 0.991912 0.971319 1.27111 0.950551 1.05189 
1024 0.0526418	0.828021 1.04885 0.835445 0.906379 0.98115 0.989517 1.07419 0.687223 0.85747 0.8367 
1025 0.221639	0.470127 0.985527 0.92919 0.716666 0.996359 0.858947 0.988886 0.888126 1.03136 0.96508 
1026 0.0903263	0.951359 1.07956 1.10219 1.27271 1.13183 1.26534 1.01461 1.00303 1.01858 0.971434 
1027 0.0652681	0.798092 0.861847 0.780291 0.820492 0.973536 0.832605 0.855582 0.917909 0.739315 0.856858 
1030 0.11794	1.52591 0.898672 0.920098 1.0137 1.01808 1.18571 0.929885 0.778583 0.860555 0.838781 
1031 0.218213	0.746135 1.05543 1.15133 0.914453 1.05345 1.15326 1.07571 1.16678 1.24466 1.13491 
1032 0.0699179	0.816953 0.989279 1.16977 1.24223 0.969009 1.13011 0.955757 1.52729 0.9841 0.94547 
1033 0.110226	2.07804 0.825223 1.02366 1.12569 0.945683 1.22085 0.957647 1.24362 0.803093 0.968761 
1034 0.15576	0.920327 1.01989 1.14552 0.927135 1.17781 1.23342 1.25967 0.870371 1.44706 1.24097 
1035 0.142822	0.717401 0.862373 0.895849 0.917445 0.927957 0.977326 0.989631 0.641847 1.04505 0.86386 
1036 0.12416	0.615636 0.905541 0.909186 1.11904 0.917171 1.00674 0.913038 0.949682 0.876899 1.03357 
1037 0.0609604	3.74646 1.07374 1.06111 1.13327 1.01729 1.12564 1.12725 0.955976 0.887159 0.892954 
1040 0.116647	1.91209 0.962555 0.853632 0.929613 0.885057 1.1323 1.01072 1.28517 0.733532 0.973976 
1041 0.142643	0.293516 0.974266 1.0703 0.914779 1.14781 0.922072 0.906712 0.894474 1.64629 1.12967 
1042 0.0574904	0.991117 0.992771 0.948009 1.1229 0.944434 1.05117 0.985927 0.911723 0.816228 0.966376 
1043 0.0724879	3.94811 1.08118 0.968209 1.24676 0.873965 1.21724 1.0112 1.15692 0.640843 0.948407 
1044 0.154808	1.66498 0.868434 0.977084 0.984642 0.937937 1.07654 0.892016 0.973196 0.961637 1.05901 
1045 0.0888185	1.31043 0.986714 1.12584 1.41059 1.03573 1.18647 0.99287 1.06735 0.957603 1.09704 
1046 0.218297	0.602644 0.944021 1.18385 0.917782 1.04502 1.02403 1.01116 1.16328 1.2263 1.1504 
1047 0.148809	0.741857 0.875508 0.889171 0.814194 0.928591 0.886227 0.82698 0.901578 0.991006 1.01595 
1050 0.192205	1.68013 1.00292 0.903741 0.983275 0.98069 1.03147 1.02336 0.86572 0.936166 0.986061 
1051 0.0584639	1.55948 0.914318 1.09097 1.20238 0.919268 1.02004 0.938247 1.76106 0.796818 0.990788 
1052 0.126353	0.818712 0.970996 0.902529 0.897703 0.928879 0.997515 0.888741 0.61764 1.00263 0.970792 
1053 0.0830467	0.479522 0.958106 1.00004 1.03078 1.08741 0.967343 0.923013 0.869454 1.34602 1.13645 
1054 0.0974398	0.556152 1.08227 1.11646 1.02191 1.18336 1.04838 1.15464 0.985775 1.69432 1.09028 
1055 0.112724	0.63212 1.01353 0.958213 0.84709 1.01836 0.789403 1.06737 1.16761 1.24142 1.23985 
1056 0.0811362	1.8555 0.906432 0.806381 1.34078 0.784521 1.06259 0.885993 0.863753 0.594208 0.862974 
1057 0.248631	0.820942 0.932362 1.04089 1.31485 1.00517 1.03234 0.974868 1.144 0.954843 1.06377 
1060 0.129181	0.912085 1.0589 1.06612 1.39868 1.0035 1.05743 0.902188 1.12324 0.839153 0.97184 
1061 0.104383	0.408181 1.12198 1.15623 0.884518 1.09925 1.02156 0.977751 0.96253 1.41041 1.12297 
1062 0.135525	0.541902 1.18703 1.02655 1.01684 1.08184 1.02612 1.05643 0.985121 1.11193 1.02536 
1063 0.147347	1.86322 1.15933 0.93834 1.02934 0.885291 1.02316 1.09117 0.996672 0.770589 0.929281 
1064 0.0628604	0.622265 1.15646 1.25603 1.30036 1.30327 1.23334 1.04897 0.915215 1.5277 1.09215 
1065 0.0582468	0.966062 1.10965 1.22198 1.13324 1.08716 1.2576 1.1766 1.02751 1.29355 1.01263 
1066 0.25692	0.665853 1.19241 0.924692 0.826164 1.00505 0.90595 0.930059 1.02509 1.07562 0.927715 
1067 0.105536	2.59731 1.23681 0.997323 1.41465 0.945726 1.2244 0.992375 1.25192 0.692156 0.86896 
1070 0.0945665	3.71792 0.858165 1.00501 1.34727 0.947577 1.09313 1.12112 1.31741 0.867942 0.932265 
1071 0.112832	0.769783 0.974663 1.20418 0.873525 1.19549 1.03983 1.03149 1.04271 1.57861 1.12805 
1072 0.122543	1.24889 1.08143 1.1157 1.08506 1.06652 1.0689 0.950611 1.64311 1.07218 0.992884 
1073 0.159306	0.976241 0.975985 0.926733 0.863463 0.974998 0.826138 1.04547 0.865089 1.09002 0.882956 
1074 0.140809	1.55782 0.995249 1.10256 1.17442 1.12984 1.10364 1.00486 0.926627 1.06316 0.972119 
1075 0.0520231	0.632775 0.998263 1.0546 0.771014 1.09 0.933155 0.899651 0.646598 1.41079 0.861821 
1076 0.182197	1.12413 0.984462 1.02155 1.03995 1.02166 0.971889 0.86373 1.13838 0.864274 0.903916 
1077 0.135723	1.82065 1.04134 0.90694 0.982742 0.902894 0.998084 0.911845 0.981219 0.712672 0.847773 
1100 0.0507314	0.914023 0.894264 1.06764 1.32742 0.957081 1.09301 0.990181 1.2128 0.902928 1.00927 
1101 0.150016	0.749676 0.936707 0.966992 0.854591 0.996526 0.903762 0.90686 0.796673 1.13363 1.00696 
1102 0.107999	1.0908 1.25007 1.12514 0.785188 1.09913 0.979544 0.969382 0.972489 1.47176 1.28428 
1103 0.0547775	4.28593 0.995264 1.1009 1.17318 0.866586 1.23897 1.14339 1.43967 0.799359 0.861325 
1104 0.0516651	3.16483 0.925771 0.857487 1.26608 0.853179 1.02647 0.906329 0.90295 0.53746 0.796163 
1105 0.127295	0.586972 0.984637 1.15605 1.39326 1.10836 1.10074 1.05293 0.878403 1.07901 1.0474 
1106 0.205415	0.971827 0.89745 0.953365 1.04353 0.834033 0.823248 0.913328 1.28167 0.785942 1.04237 
1107 0.252101	1.03787 0.945206 0.960526 0.888288 0.999938 0.980193 1.07086 0.89174 1.04056 1.07154 
1110 0.0694915	0.441387 0.970612 1.26804 1.23507 1.23462 1.00771 0.884666 0.912083 1.57293 1.16347 
1111 0.0813559	3.41513 1.03773 1.02596 1.36428 0.896315 1.15692 1.02984 1.37102 0.68489 1.09121 
1112 0.130508	0.566233 0.899261 1.08104 1.00014 0.984447 0.886224 0.994201 0.95995 1.50471 1.07478 
1113 0.116949	0.670057 0.983304 1.13297 1.39027 1.05424 1.21395 0.966764 1.36459 1.18119 1.22018 
1114 0.138983	0.870964 1.08758 0.891844 1.15326 0.915031 1.04598 0.944501 0.943571 0.83262 0.90536 
1115 0.162712	1.19956 1.02758 1.08256 0.946223 1.01462 1.0424 1.06946 1.04755 1.09571 0.926031 
1116 0.0838983	0.478409 0.859696 0.944309 0.938444 0.994445 1.00913 0.790258 0.798114 1.06683 1.06163 
1117 0.216102	0.949144 0.953055 0.948631 1.03883 0.893829 0.951266 0.914111 1.31904 0.924366 1.06734 
1120 0.0954525	0.376336 1.0653 0.982531 0.955812 1.17213 0.937781 1.03163 0.744871 1.50731 1.12292 
1121 0.133273	0.456221 1.05238 1.15259 1.02025 1.00969 1.17489 1.0325 1.10184 1.0714 1.05657 
1122 0.0941018	0.638607 1.08314 1.04499 0.83954 1.05748 0.959532 0.935396 0.90585 1.13748 1.11166 
1123 0.092751	1.3247 1.07273 1.00401 0.796882 0.939144 0.933418 1.08768 1.62145 0.990716 1.05634 
1124 0.121117	0.82064 1.01793 1.01646 1.40379 1.087 1.17195 1.00566 1.13138 0.769878 0.976623 
1125 0.045475	0.484672 1.04928 1.11171 0.849898 1.08503 1.022 1.04519 1.09469 1.30818 1.22463 
1126 0.21792	1.07642 1.10939 0.852294 1.07075 0.928892 1.04626 0.943054 1.11491 0.716203 0.906532 
1127 0.19991	0.324702 1.0562 0.914829 0.957576 0.989165 1.00407 0.92749 0.744344 1.01491 0.930663 
1130 0.0754772	0.563515 1.13885 1.07963 1.07896 1.20237 0.918614 1.1172 0.73646 1.64465 1.22616 
1131 0.0633314	1.53506 1.04429 1.06435 0.837631 0.990744 0.945401 1.34573 1.10342 1.31058 1.16768 
1132 0.150954	1.95923 1.02849 0.944486 1.00554 0.891965 0.995707 1.04299 1.21649 0.831729 1.01697 
1133 0.112204	3.19113 1.1395 1.13018 1.21959 0.927462 1.10258 1.10494 1.47104 0.929295 1.13051 
1134 0.0899364	0.131251 1.00125 0.984802 0.790109 1.0752 0.749254 0.98118 1.05738 1.46789 1.13235 
1135 0.204164	0.774655 1.0631 0.911589 1.19424 0.97285 0.925747 0.903714 1.05009 0.824279 0.978874 
1136 0.182186	1.5156 1.1982 0.984591 0.999016 1.0012 1.06566 1.03867 0.825757 1.09507 1.02043 
1137 0.121747	0.814735 1.03482 0.997416 1.08481 1.12899 0.927 0.943558 0.876772 1.16076 1.12364 
1140 0.0924434	0.36941 1.02872 1.09453 1.0501 1.01107 0.945859 1.02639 1.18627 1.15065 0.99484 
1141 0.161872	1.60981 1.07938 0.88032 1.10445 0.949679 1.01218 0.939821 0.709827 0.814508 0.923449 
1142 0.0556195	4.0585 1.04115 1.03183 1.28042 0.891843 1.03412 0.928471 1.29754 0.669563 0.890653 
1143 0.153049	0.456465 1.04311 1.02076 0.977669 1.12153 0.845706 1.05269 0.886776 1.50967 1.11392 
1144 0.101649	1.6235 1.11211 0.996775 1.11432 0.884969 1.03793 1.09288 1.2147 0.91897 0.954055 
1145 0.134638	0.558482 0.906007 0.805808 0.875964 0.986034 0.783796 0.908121 0.719244 1.03777 0.859869 
1146 0.146912	0.391998 1.10387 0.904008 0.90331 0.945052 0.818315 0.902655 1.39235 0.909702 0.961088 
1147 0.153817	1.0957 1.03935 1.08861 1.18403 1.03304 1.01484 1.03223 0.900718 1.07735 0.936145 
1150 0.140731	1.54856 0.94563 1.09286 1.0409 0.93689 1.07158 1.091 1.2046 0.963612 0.938923 
1151 0.147046	0.701176 0.978667 1.00186 1.02636 0.991192 1.00134 0.912096 0.972883 1.05665 1.02065 
1152 0.0518719	0.7266 0.916208 1.11056 0.870447 0.960218 0.931753 1.04243 1.47852 1.20289 1.12201 
1153 0.141633	1.4431 0.916709 0.860089 1.0878 0.909607 0.923755 0.820437 0.913879 0.782699 0.907453 
1154 0.181326	1.55375 0.860007 0.937559 1.14311 0.950092 1.1092 0.980281 1.0839 0.879919 0.883764 
1155 0.193054	0.990559 0.961811 1.09439 1.00403 1.02534 1.04827 1.17418 0.959285 1.45322 1.03059 
1156 0.0888588	1.51523 0.854386 1.24309 1.40168 0.993343 1.21364 1.12076 0.845709 1.18426 0.914065 
1157 0.0554804	4.31129 1.00991 0.964991 1.15175 0.942954 1.21259 1.09865 1.1276 0.793795 0.950024 
1160 0.167181	0.804127 0.990756 1.02452 0.988548 0.979416 0.93875 0.829804 0.897159 0.891679 0.965618 
1161 0.0543814	2.38249 1.03779 1.15646 1.55206 1.04417 1.16957 1.08578 0.945651 0.977173 0.893079 
1162 0.172643	2.49488 0.969414 1.06068 1.15683 0.959525 1.14953 1.0808 1.05949 0.97483 0.983921 
1163 0.112562	2.11543 0.96682 0.8494 0.820006 0.926596 0.95729 0.960991 0.788344 0.860958 0.941128 
1164 0.208264	0.797103 1.0093 1.10226 1.07471 1.04754 1.00956 1.03453 0.888102 1.2176 1.0789 
1165 0.0800285	0.908988 1.03459 1.18414 0.789934 1.17137 0.938 1.00897 0.720562 1.69355 1.15588 
1166 0.147233	3.11386 1.04256 0.971757 1.18553 0.894242 1.14944 1.01831 0.987493 0.635408 0.837573 
1167 0.057706	0.390832 0.942532 0.934003 0.850136 1.14527 0.898385 0.969877 0.60268 1.31723 1.06389 
1170 0.0907143	2.66845 1.08973 0.988779 0.868273 0.834286 1.00131 1.06074 1.6362 0.643056 0.971403 
1171 0.162143	0.644814 1.0904 1.0622 0.855045 1.08505 0.993029 1.04251 0.927481 1.54841 1.02615 
1172 0.145714	0.624721 1.01416 1.07658 0.915435 1.07063 1.00811 1.04339 0.65951 1.19757 0.901508 
1173 0.117857	0.19936 0.990291 1.09627 0.89129 0.995599 0.978327 1.04155 1.06015 1.1022 0.938985 
1174 0.0385714	1.10171 1.00328 1.24229 1.12249 1.06361 1.39739 1.18115 1.07645 1.05157 0.918433 
1175 0.118571	0.865274 1.02329 0.992003 1.14576 0.963337 1.06025 1.08412 0.728287 0.937064 0.837403 
1176 0.139286	2.52937 0.983401 0.892854 0.820682 0.86944 1.03605 1.03087 1.08266 0.879548 0.887384 
1177 0.187143	0.639517 0.888341 1.02033 1.17233 0.883539 1.05284 0.917733 0.96779 0.715968 0.794975 
BOUNDS
LWPS R    0.0  0.0  0.0  0.0  0.0  0.0  0.0  0.0  0.0  0.0
UWPS R    0.5  0.5  0.5  0.5  0.5  0.5  0.5  0.5  0.5  0.5
LXAS R   -0.5 -0.5 -0.5 -0.5 -0.5 -0.5 -0.5 -0.5 -0.5 -0.5
UXAS R    0.5  0.5  0.5  0.5  0.5  0.5  0.5  0.5  0.5  0.5
END
