NAME moment_estimations_cluster
ASSETS 10
BENCHMARKS 0.1 0.1 0.1 0.1 0.1 0.1 0.1 0.1 0.1 0.1 
COVARIANCES
0 0 0.0708522
1 0 0.033823
1 1 0.0198001
2 0 0.0140687
2 1 0.00578976
2 2 0.00559798
3 0 0.00430603
3 1 0.00472217
3 2 -0.002224
3 3 0.00967795
4 0 -0.00692932
4 1 -0.00237859
4 2 -0.003589
4 3 0.00567437
4 4 0.00621735
5 0 -0.0129294
5 1 -0.00571279
5 2 -0.00284493
5 3 0.0019732
5 4 0.00288808
5 5 0.00425799
6 0 0.0174799
6 1 0.00862057
6 2 0.00441592
6 3 0.0038475
6 4 -0.000151266
6 5 -0.00131333
6 6 0.0100767
7 0 0.007816
7 1 0.00588442
7 2 9.7332e-05
7 3 0.0075842
7 4 0.00335653
7 5 0.000904085
7 6 0.0052071
7 7 0.00908691
8 0 0.0151031
8 1 0.00485314
8 2 0.00506346
8 3 -0.00111023
8 4 -0.00168039
8 5 -0.00313721
8 6 0.00486888
8 7 0.00080833
8 8 0.00785074
9 0 -0.0137377
9 1 -0.00929542
9 2 -0.00112755
9 3 0.00229286
9 4 0.00519504
9 5 0.00468526
9 6 0.00104832
9 7 0.00290851
9 8 0.00295835
9 9 0.0200359
SCENARIOS
0 0.41656	1.2114 1.07262 1.0181 1.04387 1.01528 0.98259 1.10266 1.08531 1.06124 1.08778 
1 0.58344	0.971344 0.964586 0.997541 0.969494 0.972315 0.981026 0.934585 0.945037 0.96989 0.960657 
00 0.70146	0.882497 0.968754 0.977694 1.01883 1.03226 1.00322 0.966274 1.01343 0.970117 0.985688 
01 0.29854	1.46575 1.2594 1.09804 1.02916 0.939129 0.949178 1.09432 1.02143 1.12132 1.01202 
10 0.190148	1.60701 1.26833 1.06635 1.05611 0.984201 0.964039 1.16623 1.04663 1.09935 0.853206 
11 0.809852	0.88403 0.971973 0.968896 0.996101 1.01452 1.04692 1.01391 0.957875 0.962458 1.09359 
000 0.236242	1.25392 1.13844 1.04072 1.00282 0.963544 1.00193 0.999121 1.00132 1.00504 0.80461 
001 0.0856605	0.971987 1.01557 0.896781 1.19804 1.09954 1.14191 0.915156 1.03692 0.95388 1.00535 
002 0.10835	0.852971 0.946791 0.987187 1.1447 1.05256 1.1554 1.06176 1.04215 0.961469 1.06123 
003 0.0965092	1.74455 1.25798 1.1599 1.01401 0.920377 0.938225 1.19044 0.990931 1.09421 0.845713 
004 0.0954483	1.03673 0.939092 1.03628 0.998017 1.0403 1.04826 1.12452 1.02282 1.16361 1.21748 
005 0.190897	0.627914 0.766476 0.909665 0.965813 1.02511 1.12512 0.842744 0.892134 0.905801 1.04188 
006 0.139596	0.888303 0.859593 1.08747 0.873659 0.912315 1.03012 0.962764 0.907865 1.106 1.15055 
007 0.0472964	0.674408 0.889776 0.871192 1.11098 1.13802 1.14977 0.961693 1.06926 0.841555 1.03259 
010 0.0676262	0.562406 0.738412 0.954446 0.88084 1.04872 1.055 0.844186 0.91055 0.921789 1.14301 
011 0.143696	0.875359 0.828836 1.00371 0.918339 1.08342 0.930856 0.974866 0.946448 1.06759 1.08947 
012 0.186073	0.744707 0.895581 0.897076 1.13637 1.16625 1.09524 0.997548 1.05024 0.873108 0.957673 
013 0.157687	1.16568 0.982186 1.16611 0.943428 0.967291 0.950619 1.07576 0.980535 1.04067 0.960156 
014 0.0735767	1.1472 1.09429 1.02656 0.902426 0.907553 0.968834 0.916642 0.795673 0.932077 0.651041 
015 0.156803	1.70625 1.21601 1.14992 1.05246 0.939192 0.935552 1.11413 1.0603 1.09141 0.72131 
016 0.124799	1.16108 1.10008 0.966661 1.13029 1.17131 0.981795 1.03553 1.06304 0.926742 0.756984 
017 0.0897395	0.849544 0.859378 1.03946 0.783626 0.865118 0.975856 0.958909 0.852603 0.983889 0.792411 
100 0.14945	1.10327 1.08196 1.06504 0.957907 1.03034 0.977516 1.0736 0.997834 1.13719 1.25437 
101 0.144763	1.13359 1.1931 0.966753 1.19258 1.03996 1.00669 1.07668 1.21986 0.975636 1.19559 
102 0.0451595	1.50392 1.20136 1.15068 0.980223 0.951375 0.871296 1.11487 1.19382 1.17475 1.1133 
103 0.129529	1.29021 1.06428 1.09723 0.893329 0.86744 0.857845 0.991651 0.903071 0.997163 0.894436 
104 0.202091	0.692432 0.905402 0.869411 1.08003 1.12197 1.07552 0.908249 1.07684 0.900441 1.04717 
105 0.103119	0.808191 0.842739 1.05483 0.923018 0.976876 0.998171 1.03136 1.01445 1.08682 1.26264 
106 0.0855417	1.94225 1.43029 1.16615 0.961991 0.909684 0.810742 1.05568 1.06751 1.15181 0.826565 
107 0.140346	0.895099 0.929498 0.995927 0.814388 0.928315 0.920193 0.852315 0.882029 0.962001 0.939626 
110 0.087873	0.71197 0.747421 0.985648 0.987146 1.07519 1.15004 1.04499 1.05614 1.07209 1.32728 
111 0.240021	0.975585 1.00743 0.9672 1.09559 1.07921 1.07855 0.959061 1.10354 0.945892 0.989307 
112 0.0741164	1.65572 1.18653 1.18893 0.834788 0.77797 0.841716 1.04178 0.951675 1.14463 0.765382 
113 0.0932275	1.54578 1.29032 1.06345 1.13982 0.982117 0.939304 1.19463 1.2497 1.04339 0.957871 
114 0.130116	1.30086 1.02459 1.13237 0.917108 0.962552 0.975551 1.11534 1.01331 1.22486 0.993847 
115 0.0618413	1.0024 0.939018 1.04832 0.803565 0.88672 0.882186 0.892841 0.870636 1.13988 0.969568 
116 0.235788	0.693146 0.841337 0.918574 0.947914 1.07099 1.04283 0.834219 0.982188 0.929026 0.958147 
117 0.0770159	1.34403 1.21074 0.953006 1.14469 1.05967 0.922494 1.02425 1.18264 0.96573 0.793801 
0000 0.116761	1.0974 0.941172 1.11718 0.720318 0.778373 0.930947 0.894805 0.754756 1.03471 0.883669 
0001 0.213675	1.64548 1.27191 1.09693 1.04585 0.986142 0.871833 1.16588 0.988257 1.11439 0.958494 
0002 0.0902506	1.1863 1.14435 0.998577 1.04586 0.929408 1.01915 0.97764 0.979974 0.920343 0.865609 
0003 0.0554831	0.872451 1.06866 0.886045 1.2261 1.06252 1.02957 1.03731 1.14199 0.763962 0.95334 
0004 0.202955	0.788664 0.891509 0.944516 0.980378 1.00711 0.981645 0.878597 0.883011 0.902585 0.93681 
0005 0.104737	0.93044 0.946057 0.988172 1.03091 1.01956 1.02724 1.07437 0.99757 1.07291 1.30779 
0006 0.108359	0.991049 0.951955 1.00582 0.986899 1.02193 1.01969 0.972919 1.08218 1.01838 1.39194 
0007 0.107779	1.12536 1.06492 1.02323 1.27433 1.05769 1.06251 1.14423 1.13082 0.97812 1.23798 
0010 0.11626	1.03181 0.967529 1.08648 0.82887 0.859239 0.891895 0.927335 0.855057 0.903987 0.716395 
0011 0.153416	0.836997 0.881911 1.01589 0.967333 1.04746 0.962756 0.986563 1.09043 1.03341 1.26011 
0012 0.145026	0.746226 0.833786 0.908758 0.951576 1.05004 0.934629 0.852357 0.974768 0.839357 0.950716 
0013 0.177787	1.49877 1.07872 1.09644 0.90205 0.944268 0.817519 1.07989 0.949524 1.08795 0.996824 
0014 0.059129	1.15774 1.01612 1.01236 1.01239 1.13403 0.812895 1.11337 1.1389 1.11755 1.29284 
0015 0.086696	0.80358 0.857978 1.04565 0.82709 0.902732 0.84305 0.855224 0.809501 0.975812 1.00608 
0016 0.165402	1.07743 1.13497 0.944742 1.10354 1.07856 0.933242 1.02032 1.01426 0.910932 0.876455 
0017 0.0962845	1.21146 1.06967 1.08841 1.11315 1.00478 0.944694 1.1244 1.29817 0.971753 1.04802 
0020 0.107707	1.55115 1.20098 1.15164 0.835362 0.884625 0.808781 1.16555 1.03948 1.15959 1.09466 
0021 0.150979	0.858326 0.934802 0.989837 1.03019 1.01132 1.05576 1.07684 1.23843 0.949522 1.13303 
0022 0.121289	0.979324 1.01394 0.975638 0.889551 0.91987 0.925787 0.954807 0.88535 0.888169 0.783676 
0023 0.163613	0.760022 0.900625 1.03036 0.81553 1.00266 0.976841 0.973287 0.889983 0.945866 0.987376 
0024 0.102021	0.85682 0.90772 0.936738 1.05253 1.16749 1.11448 1.04006 1.0816 1.04899 1.50087 
0025 0.205622	1.24274 1.06051 1.03359 1.04403 1.04706 0.930847 1.16583 0.996171 1.02129 1.05383 
0026 0.102021	0.638578 0.757334 0.950352 0.964315 1.03963 1.036 0.892893 0.993953 0.926425 1.24809 
0027 0.0467467	1.48975 1.15902 0.995452 0.995012 0.981 0.916856 1.05052 1.11582 0.927459 0.809508 
0030 0.156028	1.72062 1.4122 1.09411 0.974107 0.94923 0.859363 1.00578 1.00476 1.10858 0.947402 
0031 0.130851	1.10926 1.15605 1.04558 1.08523 1.05722 0.972318 1.05553 1.09156 1.04276 1.14178 
0032 0.0748227	1.10817 1.04275 1.04429 0.814097 0.886189 0.874192 0.927906 0.870617 1.08859 0.915315 
0033 0.130142	0.808107 0.791381 1.0454 0.74756 0.915296 0.947463 0.823327 0.859026 1.11006 1.07533 
0034 0.160638	0.851106 0.925758 0.89832 1.1657 1.17075 1.0817 1.06435 1.15027 1.03175 1.18997 
0035 0.232624	0.918917 1.09376 0.911446 1.06145 1.06192 0.965689 0.855655 1.01614 0.897759 0.951683 
0036 0.0666667	1.24275 1.00952 1.0807 0.822123 0.960088 0.95781 1.04065 0.917997 1.19661 1.07058 
0037 0.048227	1.12686 1.09247 0.982401 1.14281 1.17303 0.941593 1.25306 1.30023 1.19477 1.51166 
0040 0.184295	0.86965 0.887581 1.0077 0.891392 1.00936 0.971735 0.952025 0.892255 0.949685 1.05842 
0041 0.0466117	0.600021 0.744062 0.959771 0.867784 0.954708 0.984595 0.885258 0.829165 0.812209 0.889264 
0042 0.119398	0.891592 1.01036 0.972854 0.912541 0.906485 0.939551 0.937621 0.806173 0.885771 0.818911 
0043 0.169236	1.13661 1.08494 1.04706 1.02988 1.02309 0.957351 1.13084 1.12831 0.998505 1.05379 
0044 0.0641807	0.643165 0.727703 0.990849 0.946583 1.01564 1.19065 0.979493 1.02867 0.96456 1.54774 
0045 0.0817497	1.64499 1.33847 1.15533 1.14476 0.863187 0.932841 1.20668 1.16609 1.12034 0.988937 
0046 0.147723	1.28174 1.07498 1.0974 1.03495 0.924119 0.938719 1.01448 1.03475 0.959171 0.883801 
0047 0.186805	0.760306 1.02353 0.889363 1.13802 1.20998 1.11505 0.960846 1.02388 0.841928 1.10864 
0050 0.0453568	0.729428 0.978656 0.896042 1.21329 1.25338 1.12955 1.06132 1.10896 0.943835 1.49713 
0051 0.140014	1.40427 1.18968 1.05507 0.855125 0.916209 0.836756 0.980718 0.944871 1.03085 0.885807 
0052 0.118322	1.47167 1.27348 1.08075 0.984255 0.998634 0.873533 1.1423 1.00764 1.08356 0.889919 
0053 0.215489	0.980363 1.00057 1.0221 0.828344 0.856319 0.964691 0.926195 0.877926 0.914992 0.847613 
0054 0.18824	0.708517 0.925263 0.866367 1.01919 1.11528 1.01156 0.910305 1.02579 0.843097 0.968203 
0055 0.193259	0.85157 1.01039 1.00358 0.975969 1.03517 1.00116 1.01766 1.09292 0.986008 1.1434 
0056 0.0471495	1.14671 1.12851 0.960474 1.17734 1.16704 1.03281 1.21548 1.16521 1.09916 1.27987 
0057 0.0521692	1.23176 0.924478 1.10344 0.861458 0.897993 0.902005 1.08984 0.909276 1.25405 1.30569 
0060 0.163275	1.04905 1.05681 0.996371 0.887269 1.01755 0.973159 0.903848 0.903622 0.954928 0.857581 
0061 0.0931601	0.913114 0.90836 0.988731 1.14403 1.13667 1.06366 1.03245 1.09598 1.03123 1.39274 
0062 0.171366	0.785618 0.837389 1.01268 0.892917 1.05704 1.00606 0.934242 0.850102 0.993156 1.11586 
0063 0.109586	1.11121 0.880063 1.02685 0.924529 0.914987 0.9478 0.987698 1.01022 1.10943 1.15778 
0064 0.145624	0.75553 0.935051 0.814148 1.11961 1.16568 1.10462 0.895876 1.08933 0.88955 1.07036 
0065 0.121353	1.38603 1.27051 1.07796 1.0955 1.01152 0.959169 1.14028 1.06459 0.979816 0.823549 
0066 0.0791861	1.79227 1.31749 1.16946 0.965089 0.972271 0.863032 1.15854 1.02282 1.16869 1.07247 
0067 0.11645	1.2808 1.06781 0.975492 1.17954 1.10591 1.05605 1.0649 1.0681 1.02024 1.0304 
0070 0.0586107	1.02617 1.02077 1.14135 0.829453 0.819631 0.920466 1.01216 0.876023 1.05277 0.78629 
0071 0.120116	1.18737 1.15728 0.977376 1.07461 1.03038 0.998479 1.10357 0.929807 0.941058 0.784198 
0072 0.0752533	0.609843 0.895259 0.90693 1.18606 1.24389 1.14078 0.919844 1.17671 0.893288 1.44508 
0073 0.198987	1.53777 1.27277 1.12583 1.01067 0.909293 0.963711 1.13862 0.923471 1.04692 0.802296 
0074 0.077424	0.616264 0.898011 0.860074 0.990341 0.968486 1.06099 0.893005 0.866899 0.806417 0.853604 
0075 0.16136	0.873336 0.861079 0.909376 1.07929 0.989822 1.03271 0.919408 0.912701 0.924737 0.903521 
0076 0.16136	0.902749 1.05408 0.936562 1.1592 1.00793 1.05512 0.939172 1.13329 0.855474 0.954468 
0077 0.146889	0.889798 0.944997 1.03744 0.975381 0.958352 1.02903 1.04474 0.991257 1.00148 1.11938 
0100 0.197384	0.698409 0.784328 0.858645 1.06501 1.02073 1.02741 1.01193 0.974526 0.925566 1.01976 
0101 0.172414	1.46793 1.0392 0.988439 0.937642 1.03471 0.935531 1.02775 0.882709 1.06626 0.781582 
0102 0.0879905	1.22115 1.02611 1.22411 1.05526 0.928857 1.07674 1.31185 1.01689 1.0861 1.0125 
0103 0.123662	0.831719 0.790302 0.984966 1.13467 1.18292 1.07543 1.04039 0.918208 1.12742 1.34226 
0104 0.0499405	0.840812 0.743197 1.12834 0.696195 0.915074 0.936582 0.895376 0.794109 1.24591 0.999271 
0105 0.0808561	1.32442 0.820365 1.14869 0.925187 1.01434 0.992268 1.14208 0.904858 1.3358 1.04577 
0106 0.0606421	1.47072 0.962101 0.986628 1.06098 1.04339 0.868218 1.0185 1.07147 1.15855 0.971909 
0107 0.227111	0.936774 0.901554 0.97041 0.872846 0.938337 1.00166 1.02795 0.880046 0.969387 0.804504 
0110 0.0783436	1.50232 1.2322 1.02421 1.30843 1.08995 1.12163 1.21556 1.45063 1.04231 1.01287 
0111 0.170677	0.675382 0.878226 0.997043 0.981237 0.957953 1.20914 0.818027 0.972686 0.931759 1.16535 
0112 0.101847	1.02073 1.09575 0.863815 1.13177 1.05022 1.06648 0.930385 1.11289 0.845444 0.887794 
0113 0.240067	0.953989 1.06956 1.00815 1.12217 0.973015 1.16342 0.992208 1.03912 1.01917 1.03919 
0114 0.177392	1.16653 0.950612 0.922203 1.20557 1.10687 1.13724 0.970727 1.04231 0.969041 1.05675 
0115 0.0587577	1.24751 1.18669 1.14971 1.27462 1.03426 1.13517 1.21971 1.33026 1.10091 1.30277 
0116 0.0850588	0.805169 0.852231 0.925559 1.20411 1.04442 1.19805 1.06511 1.25936 0.931002 1.29681 
0117 0.0878567	1.54601 1.31179 1.18847 1.00514 0.883089 1.02808 1.07579 1.00328 1.09401 0.97082 
0120 0.222558	1.27089 1.02775 1.10349 1.03145 0.968601 0.974587 1.12273 0.996636 1.09721 1.16173 
0121 0.226016	0.942407 0.927405 1.01991 0.89362 0.963905 0.992588 0.939765 0.940601 0.995456 1.00296 
0122 0.0769231	1.70228 1.25793 1.15425 1.03654 0.897131 0.950111 1.18451 1.12866 1.14924 0.968669 
0123 0.0622299	1.18844 1.10207 1.13317 0.957596 0.799945 1.02307 1.26032 1.0051 1.14083 1.12317 
0124 0.0855661	0.812872 0.794025 0.94701 1.05278 1.06482 1.03532 0.954949 1.07658 1.11538 1.4942 
0125 0.0488332	0.714309 0.779711 1.10385 0.96192 0.947469 1.12302 1.18745 1.06302 1.09494 1.25857 
0126 0.134399	0.675375 0.78542 0.922085 0.883472 0.914841 1.04542 0.812952 0.904995 0.930797 0.934413 
0127 0.143475	1.22828 1.10368 1.00712 1.06804 0.981862 0.98804 0.993066 1.13274 1.00127 1.00296 
0130 0.127486	1.57601 1.29122 1.04521 0.954099 0.856043 0.830369 1.12361 1.05215 1.13922 0.75913 
0131 0.0668027	0.634969 0.830211 0.854489 1.03384 1.12297 1.0525 0.934531 0.926548 0.945892 1.16334 
0132 0.247323	1.20519 1.11358 1.04623 0.8816 0.82569 0.988623 1.0391 0.926942 1.10091 1.00602 
0133 0.0764916	0.809816 0.933284 0.886611 0.927649 1.06948 1.0328 0.957023 0.955851 0.879911 0.877402 
0134 0.0754717	0.696327 0.79253 0.895816 0.831872 0.972426 1.02481 0.808761 0.809358 1.00078 1.03354 
0135 0.0968893	0.938815 0.831938 0.919129 0.904846 0.917429 0.950761 0.869655 0.907431 1.03628 0.905636 
0136 0.168281	1.02405 1.03002 0.973928 1.12455 1.07783 1.01742 1.09782 1.08858 1.01834 0.959567 
0137 0.141254	0.927883 0.921691 0.848536 0.999927 1.18677 0.977988 0.957918 1.05251 1.07888 1.25741 
0140 0.184699	0.933067 0.895345 0.888623 0.925536 0.99968 0.941893 0.952501 1.0467 0.928645 0.893978 
0141 0.063388	0.779607 0.756006 1.0511 0.843901 1.00147 0.933147 0.967435 1.12986 1.08551 1.34388 
0142 0.084153	0.917843 0.955547 0.855616 1.10716 1.04958 0.926955 0.916199 1.22764 0.947561 0.925703 
0143 0.127869	0.687099 0.814479 0.93476 1.05043 1.14156 1.06089 0.872899 1.12328 0.904648 1.16774 
0144 0.29071	1.07698 0.927939 1.02189 0.873585 1.00968 0.832766 0.92263 0.935856 1.08812 0.953599 
0145 0.0677596	1.851 1.26623 1.15014 1.04885 0.84633 0.921797 1.11381 1.25431 1.01353 0.992984 
0146 0.0983607	1.48349 1.10982 1.09195 0.893413 0.902385 0.824293 0.938434 1.12429 1.19168 1.15344 
0147 0.0830601	1.27822 1.12599 0.999614 1.04905 1.15024 0.820884 1.14119 1.1775 1.07819 1.04034 
0150 0.0712821	0.797891 0.859601 0.873781 1.09767 1.10353 1.04625 0.984311 1.08069 0.929255 1.25502 
0151 0.340513	1.33617 1.12516 1.02555 0.970009 1.00489 0.82245 1.09553 1.01242 1.11859 0.987368 
0152 0.0815385	0.884273 1.07588 0.905687 1.04423 1.13824 1.0042 1.05659 1.03252 0.866238 0.89285 
0153 0.12	0.610572 0.852384 0.913684 0.79893 1.01216 1.00807 0.938505 0.838917 0.950506 1.33718 
0154 0.118974	0.874046 0.92206 0.973917 1.01852 1.14948 1.0904 1.01158 0.973703 1.09298 1.542 
0155 0.0928205	1.18371 1.16673 0.89512 1.08277 0.928303 0.925423 0.934466 1.05621 0.861107 0.862277 
0156 0.102564	1.2243 1.18424 0.971399 1.09216 1.09727 0.953964 1.2565 1.11699 1.09189 1.33979 
0157 0.0723077	0.793592 0.880906 0.967519 1.13272 1.12012 1.11888 1.20117 1.16833 0.984958 1.38467 
0160 0.0869845	1.63694 1.2905 1.16639 0.977535 0.905021 0.856865 1.07599 0.914553 1.16818 0.865551 
0161 0.0831186	0.75848 0.857112 0.967655 1.03345 0.986806 1.04149 0.952897 1.04839 0.893822 1.19051 
0162 0.102448	1.00089 1.0336 0.973296 0.948848 0.833999 0.973337 0.875725 0.999271 0.935555 0.961011 
0163 0.0753866	0.71699 0.911947 0.906384 0.966563 0.896224 1.09813 0.812399 1.00606 0.825763 1.01244 
0164 0.070232	1.57956 1.29327 1.09351 1.06317 0.873732 0.984024 1.03591 1.07362 1.00753 0.942328 
0165 0.260309	1.22265 0.999444 1.01591 0.980292 0.904572 0.944289 1.08145 1.1599 1.12098 1.27361 
0166 0.137887	0.914508 1.02224 1.00539 1.16655 1.04473 1.04058 1.07079 1.1946 0.902363 0.985478 
0167 0.183634	0.85123 0.902363 1.03173 0.936605 0.94457 1.0125 0.904126 0.937358 1.05844 1.19994 
0170 0.173835	0.663373 0.8989 0.921406 1.06108 1.06156 1.09318 0.994941 1.06 0.880058 1.22443 
0171 0.18638	1.04282 1.10828 0.997991 1.08386 1.16505 0.982183 0.993574 1.05218 1.00122 1.0609 
0172 0.0600358	1.4596 1.50271 1.0452 1.18512 1.00818 0.930149 1.17683 1.2652 0.950425 0.882738 
0173 0.134409	1.38579 1.03978 1.11131 1.0062 0.924152 0.863014 0.955371 1.03222 1.02682 0.995468 
0174 0.0905018	0.827478 1.09008 0.964543 1.17818 1.07712 1.07369 0.873384 1.06006 0.79708 0.815511 
0175 0.077957	1.12873 0.961194 0.964119 1.01236 1.02234 0.972985 0.948373 0.983066 0.890908 0.969464 
0176 0.144265	1.08407 1.08584 1.13342 1.15113 1.03366 0.989403 1.18315 0.994705 1.12651 1.15136 
0177 0.132616	0.854074 0.742531 1.04007 0.919364 0.969619 1.06339 0.904556 0.857319 1.03488 1.0657 
1000 0.145959	0.678289 0.801036 0.925462 0.984575 0.969253 1.02361 0.83744 0.97952 0.913002 0.985944 
1001 0.109771	1.13347 1.03807 1.07439 1.18933 0.985606 1.1069 1.18953 1.17675 1.07356 1.08914 
1002 0.0838359	1.31356 0.982611 1.06801 1.01375 1.05693 0.93786 1.02453 0.961714 1.15482 1.11834 
1003 0.0669481	0.928102 0.925628 1.06201 1.06466 0.953201 1.02314 1.0897 0.957828 0.923959 0.857165 
1004 0.0772014	1.11308 0.967488 0.945637 1.04438 0.915012 0.947176 0.978714 1.12729 0.893016 0.957564 
1005 0.102533	1.61167 1.17735 1.11993 1.11866 0.930367 0.884559 1.07492 1.06857 1.05286 0.737343 
1006 0.134499	1.20694 1.06466 1.03745 1.00082 0.874981 1.00131 0.888984 1.02561 0.998304 0.922403 
1007 0.279252	0.81156 0.829299 0.898019 1.06625 1.07297 1.01363 1.00432 1.11033 0.948634 0.995388 
1010 0.131382	0.723792 0.83089 0.953787 1.14033 1.26023 1.03134 0.989981 1.1689 0.994061 1.15097 
1011 0.0877958	1.13415 1.02653 1.06032 0.869687 0.879198 0.951578 0.992977 0.916165 0.956822 0.820205 
1012 0.138232	1.64167 1.18493 1.05094 1.09583 1.0837 0.893022 1.12448 1.20676 1.08972 0.79864 
1013 0.108344	1.16646 1.02081 0.95919 1.06172 1.10155 0.936909 1.00257 1.09391 0.897641 0.835721 
1014 0.164384	0.767453 0.866171 0.890459 0.905587 0.95557 0.96136 0.813517 0.948686 0.826464 0.672902 
1015 0.185554	0.787161 0.839249 0.950884 1.022 1.14194 1.01485 0.950866 0.945696 0.994549 0.812657 
1016 0.0840598	1.27915 1.18938 1.00521 1.00431 1.03693 0.889446 0.972156 1.02483 0.951193 0.783329 
1017 0.100249	1.01786 0.888072 1.02685 1.01738 0.975054 0.998058 1.0638 0.992272 1.12385 0.989057 
1020 0.0598802	1.49672 1.23223 1.14092 0.991299 1.02441 0.998812 1.22195 0.980348 1.17973 0.994011 
1021 0.0598802	1.32698 0.975816 1.05979 0.96601 0.919891 0.97399 1.05207 1.02867 1.18853 1.20176 
1022 0.103792	1.35618 1.13678 1.10262 0.983233 0.947133 0.988885 1.10181 0.905107 1.08366 0.84743 
1023 0.139721	1.1058 1.07969 0.971255 1.09069 1.04621 0.991252 1.01085 0.989719 0.981569 1.04928 
1024 0.0938124	0.719125 0.765882 1.10814 0.802563 0.888304 1.05792 0.931662 0.766281 1.04507 0.965274 
1025 0.135729	0.848191 0.931712 1.00631 1.17878 1.06468 1.11699 1.25424 1.03419 1.04645 1.14108 
1026 0.295409	0.833665 0.941335 0.928065 1.08334 0.985126 1.06217 0.873199 0.974781 0.943496 1.10815 
1027 0.111776	0.995849 0.875183 1.07686 0.796718 0.842116 0.946083 0.958181 0.701457 1.10307 0.998547 
1030 0.125957	0.662613 0.848841 0.903334 0.937157 1.05803 1.06857 0.807705 1.03458 0.909884 0.94879 
1031 0.114127	1.54141 1.34844 1.04286 1.0858 1.03352 0.938632 1.02654 1.11875 1.09475 0.820103 
1032 0.0730689	0.857582 1.08864 0.888241 1.05924 0.993797 1.04469 0.891799 0.941987 0.814906 0.678059 
1033 0.149617	0.738262 0.870752 1.03968 0.859921 0.986865 1.04517 0.988082 1.01051 0.996807 1.17482 
1034 0.240084	1.2025 1.08189 1.09242 0.902787 0.965872 0.977161 1.04735 0.928695 1.14133 0.941966 
1035 0.0974252	0.92252 1.11893 0.988748 1.00919 1.15246 1.12256 1.07636 1.04866 1.0527 0.944225 
1036 0.0807237	1.1563 1.24074 0.952063 1.09035 1.01046 1.04845 0.942343 1.06365 0.891593 0.747241 
1037 0.118998	0.926614 1.09812 0.974199 0.927626 1.01181 0.921396 0.864001 0.979033 1.08785 0.864159 
1040 0.0553078	0.608912 0.755002 0.925682 0.752721 0.946507 0.947003 0.781995 0.690029 0.890622 0.894476 
1041 0.250223	0.912461 0.900619 1.06576 0.899382 0.947333 0.924901 1.01114 1.01218 1.07015 1.09957 
1042 0.0856378	0.801925 0.907308 1.02646 0.893789 0.903783 1.05261 0.941034 0.927175 0.907987 0.97283 
1043 0.0704728	0.872409 0.765665 1.10141 0.777254 0.884573 1.01902 0.789935 0.779778 1.09653 1.17244 
1044 0.168599	1.41534 1.0924 1.03412 1.04891 0.943424 0.947513 1.17307 1.14909 1.09243 1.17407 
1045 0.0798394	0.71585 0.769544 0.904291 1.01583 1.08048 1.00112 0.804422 0.98359 0.849057 1.20858 
1046 0.182872	1.18879 1.09242 1.04698 0.904813 0.849387 0.934169 0.957599 0.984621 0.956079 0.926659 
1047 0.107047	1.30375 1.11257 1.01293 1.09206 0.994341 0.958624 0.963077 0.96797 0.996659 1.08035 
1050 0.0944056	0.997628 1.04659 0.918395 1.15622 1.05553 1.07368 0.948664 1.03377 0.926007 0.996326 
1051 0.0716783	0.910724 0.972412 1.00994 1.08986 1.19208 1.21183 1.13165 1.15092 1.01512 1.3762 
1052 0.111888	0.992967 1.17607 0.982724 0.958468 1.00975 0.949831 0.84268 0.948136 0.896963 0.91078 
1053 0.102273	1.28292 1.19721 1.1488 0.955634 0.905118 1.08494 1.09743 1.02451 1.06338 1.04356 
1054 0.128497	1.60826 1.3554 0.974091 1.12905 1.01654 0.912364 1.00455 0.990054 1.05111 0.969052 
1055 0.0568182	1.04261 1.02635 0.936712 1.19034 1.11276 1.09996 0.99144 1.1983 0.943111 1.0914 
1056 0.237762	1.12864 1.0329 1.11207 0.86155 0.834404 0.977025 0.934025 0.888709 1.01915 0.922734 
1057 0.196678	0.690756 0.951111 0.917134 0.950932 1.0462 1.07876 0.856931 0.92551 0.906912 0.999683 
1060 0.0885142	0.979715 1.01782 1.09146 0.945936 0.862436 1.02184 1.1217 1.00545 1.01627 1.0628 
1061 0.0758693	1.21282 1.11706 1.03858 1.04789 0.914667 0.968754 1.08808 1.04703 0.923613 0.742974 
1062 0.297155	0.835064 0.924721 0.951191 1.02216 1.11093 1.03303 1.01566 0.954091 0.962484 0.989961 
1063 0.119073	1.0349 0.892651 1.0428 0.889817 0.893922 1.00052 0.957664 0.921204 1.13431 1.22646 
1064 0.0642782	1.8264 1.27092 1.12931 1.01057 0.872114 0.891317 1.17053 1.07716 1.14834 1.00638 
1065 0.0748156	1.06051 1.10306 0.972803 1.21913 1.00985 1.05661 1.16642 1.22324 0.999128 1.24462 
1066 0.140148	0.631676 0.707938 0.885585 0.947503 1.00547 1.17897 0.863745 0.972447 0.855577 1.14137 
1067 0.140148	1.30625 1.11075 1.02586 1.03784 0.930715 0.992745 1.04096 0.967431 1.05229 0.992303 
1070 0.156712	0.771912 0.834716 0.904644 1.06931 1.0352 1.07358 0.92013 1.07915 0.864118 1.09314 
1071 0.146435	1.2888 1.09581 1.10442 1.03752 0.873216 0.950454 1.14332 0.9819 1.04453 0.861847 
1072 0.07386	1.1647 1.15866 0.981591 0.993261 0.905147 0.866076 0.913715 0.932266 0.946214 0.643259 
1073 0.111753	1.17175 1.11949 0.899815 1.1966 1.09295 0.951312 1.02623 1.24834 0.95346 1.08131 
1074 0.0892742	0.692483 0.675684 0.95502 0.818568 0.905756 0.996211 0.902936 0.874261 0.974391 1.01774 
1075 0.0661529	1.10034 1.13846 0.96986 1.11779 0.974661 1.03828 1.21592 1.08079 0.853584 0.705971 
1076 0.26718	0.886578 1.03318 1.02616 1.00788 0.918513 0.980334 1.00975 0.892978 1.04799 1.0418 
1077 0.088632	1.72849 1.34156 1.10078 1.14204 0.987674 0.925034 1.18694 1.19806 1.17215 1.0344 
1100 0.136561	1.32694 1.21808 1.17911 0.938997 0.84871 0.972733 1.06269 1.03899 1.05893 0.819352 
1101 0.17895	1.04631 1.11374 1.01052 1.07157 1.06665 0.953305 1.04528 1.02839 1.02012 0.920266 
1102 0.0920039	0.916724 0.900946 0.992882 0.88826 1.01503 0.966306 0.883087 0.952784 1.04702 1.19916 
1103 0.0712909	1.71699 1.29414 1.14505 1.03918 0.94852 0.881931 1.04965 1.11767 1.19044 1.00223 
1104 0.13632	1.17632 1.14825 1.04279 1.12893 1.08708 0.961333 1.11478 1.17675 1.03324 1.207 
1105 0.108141	0.758652 1.0607 0.850701 1.10477 1.05111 1.02247 0.831157 0.926978 0.830103 0.94733 
1106 0.0893545	0.922191 1.02565 0.893038 1.22315 1.2202 1.06292 1.00823 1.11856 0.906459 1.11836 
1107 0.18738	0.889006 1.00041 0.99 0.857016 0.943625 0.950439 0.954717 0.913251 1.01189 0.900316 
1110 0.0569615	1.08811 1.10193 1.0786 0.971616 0.942361 0.925476 1.13667 0.994158 0.970927 0.763314 
1111 0.0774182	0.990749 0.867607 1.02219 0.975252 1.09866 0.970871 1.01654 1.00922 1.13288 1.17397 
1112 0.121682	1.6263 1.33725 1.04015 1.15269 0.94494 0.868666 1.19579 1.18302 1.0764 0.82561 
1113 0.154043	1.3382 1.1183 1.09843 0.877269 0.901406 0.871735 1.09676 0.965164 1.0976 0.857549 
1114 0.253681	0.850789 0.91091 1.00076 0.9313 0.912321 0.959013 1.00488 1.01734 0.925879 0.916587 
1115 0.150339	0.714686 0.875963 0.850918 1.1118 1.06774 1.12691 0.950426 1.06727 0.917577 1.05662 
1116 0.052729	0.978564 1.05952 0.902692 1.22493 1.19628 1.03615 1.23314 1.24659 0.991211 1.30073 
1117 0.133145	0.948923 0.890066 0.954527 1.07024 1.09938 0.974611 0.958773 1.0947 1.0249 1.10937 
1120 0.148772	0.873177 0.959719 0.986265 1.12932 1.1317 1.09718 1.03535 1.03886 1.00779 1.20413 
1121 0.0885208	1.24688 0.971952 1.08777 1.07137 1.07373 1.01741 1.08582 1.07488 1.20288 1.04875 
1122 0.0659623	1.36082 1.16392 1.07422 0.955179 1.01218 0.853539 0.91122 0.969914 1.04882 0.920733 
1123 0.200171	0.739598 0.929391 0.88372 0.969644 1.1276 0.994018 0.831284 0.922681 0.877599 0.920359 
1124 0.149914	0.969817 0.960622 0.986343 0.917201 1.01807 1.00267 0.932388 0.965657 0.998414 0.866681 
1125 0.0576813	1.06428 1.09804 0.994009 1.04704 1.14146 0.891322 0.99428 1.12147 1.09903 0.848118 
1126 0.160765	1.17695 1.17976 1.00382 1.12325 1.0431 1.05478 1.03397 0.999642 0.950611 1.0257 
1127 0.128212	1.76406 1.47146 1.12395 1.14612 1.15458 0.924201 1.20095 1.21007 1.14746 0.971855 
1130 0.130533	0.947377 0.826572 1.00674 0.916632 1.0239 1.05973 1.01461 0.861196 1.15579 1.07762 
1131 0.159137	0.84542 0.898992 0.999396 0.872435 1.00097 0.980303 0.953293 0.817869 0.980046 0.77182 
1132 0.139614	0.866649 0.93603 0.971799 1.07105 1.19303 1.15349 1.1218 1.03146 1.13448 1.22409 
1133 0.148014	0.866395 0.972746 0.979279 1.06118 1.02726 1.15101 1.01764 1.09078 0.937823 1.00449 
1134 0.0585698	0.629317 0.712012 0.940592 0.895466 1.10216 1.08268 0.885032 0.910913 1.0465 1.23225 
1135 0.106016	1.24758 1.07909 1.0267 0.919661 0.92313 0.93445 0.933349 0.876538 0.976555 0.767431 
1136 0.045403	0.516765 0.716614 0.889659 0.90575 1.05783 1.16001 0.855902 0.911586 0.889026 1.02073 
1137 0.212713	1.53715 1.11153 1.08187 1.00585 1.00729 0.948836 1.13485 0.987137 1.16206 0.943115 
1140 0.0829538	0.948779 0.914854 1.02952 0.979816 0.972808 1.0377 1.10449 0.984101 0.973929 1.08687 
1141 0.10231	1.71227 1.35718 1.07778 1.13485 0.889972 0.899278 1.21324 1.14808 1.09272 0.859232 
1142 0.255042	1.08363 1.04524 0.959118 1.00354 1.0143 0.966788 0.900449 0.995899 0.933045 0.935759 
1143 0.0540013	1.10681 1.07376 1.13203 0.935469 0.867782 0.961926 1.05088 0.956989 1.11778 1.01435 
1144 0.122967	0.94716 0.901234 0.94542 1.00865 1.06728 0.98973 0.856095 1.03541 1.09065 1.42243 
1145 0.0962915	1.11203 0.960755 1.03768 1.14836 1.14911 1.00711 1.18435 1.19458 1.06311 1.21652 
1146 0.230481	0.680011 0.79664 0.940344 0.958958 0.992522 1.03654 0.894026 0.965638 0.872182 1.05219 
1147 0.0559532	1.48988 1.10689 1.00213 1.03042 0.942935 0.93081 0.994665 0.950213 1.13845 0.985144 
1150 0.0968515	1.31277 0.991085 1.08232 1.01958 1.03711 0.876703 1.0218 1.05703 1.17314 1.20591 
1151 0.211841	0.875179 0.892462 1.06737 0.946174 1.03172 1.06372 0.983683 0.919157 1.01575 1.12549 
1152 0.275838	1.20893 0.993328 1.00608 1.03598 1.07863 1.03485 1.06083 0.998324 0.977987 0.949464 
1153 0.154346	1.65068 1.12647 1.14256 1.02859 0.991403 0.91792 1.09373 1.0216 1.07502 0.889158 
1154 0.0557837	0.662293 0.790918 0.97647 0.996044 1.06653 1.14412 1.03533 1.00729 0.907922 1.0199 
1155 0.08282	0.914293 0.887541 0.916089 1.00418 0.997941 1.06454 0.964988 1.02441 0.82843 0.705505 
1156 0.0609172	1.43205 1.19683 1.03957 1.16865 0.96479 1.01963 1.11321 1.26541 0.895213 0.675513 
1157 0.0616016	0.618531 0.727362 0.868 0.987868 1.04737 1.1012 0.843906 0.92252 0.883502 1.03734 
1160 0.177273	1.1701 1.02974 0.990786 0.945784 0.896283 0.947404 0.976765 0.900352 0.953114 0.752947 
1161 0.0506238	1.1961 1.15732 0.940661 1.22149 1.09399 1.06991 1.05144 1.17531 0.959608 1.08111 
1162 0.246656	1.17036 1.01268 1.07978 0.849599 0.824053 0.956359 1.02064 0.902073 1.10335 0.972758 
1163 0.0619334	1.08094 0.981832 0.966406 1.03262 1.04048 1.01868 1.18696 1.06812 1.01311 1.16988 
1164 0.125213	0.747202 0.902578 0.887709 1.04298 0.978932 1.05943 0.907716 0.964399 0.832767 0.795675 
1165 0.0903869	0.782873 0.806243 0.96175 1.03097 1.09221 1.12686 0.986481 1.01387 0.970478 1.4665 
1166 0.086617	1.59821 1.14168 1.13106 0.944351 0.938787 0.889331 1.21616 1.08131 1.13448 0.970683 
1167 0.161296	0.504089 0.759221 0.859164 0.998942 1.01626 1.10028 0.912583 0.904968 0.897563 1.1128 
1170 0.0931575	0.989404 0.903231 1.0805 1.00369 1.13843 0.972787 0.973616 0.938 1.18698 1.43105 
1171 0.241275	0.901967 1.0444 1.01428 0.971761 0.97067 1.02486 0.887948 0.945359 0.908312 0.889603 
1172 0.109646	1.15417 1.18206 1.05559 1.08278 1.07127 1.06463 1.09786 1.14359 1.0113 0.904676 
1173 0.190162	1.40087 1.13227 1.15179 0.980591 0.949055 0.928102 0.989862 0.917914 1.20097 0.978697 
1174 0.082715	1.76645 1.46047 1.05503 1.08774 0.969518 0.914852 1.0122 1.14792 1.06639 0.830337 
1175 0.055235	0.710432 0.851167 0.874078 1.06657 1.07089 1.11944 0.869931 0.96508 0.84304 0.982514 
1176 0.114867	0.711076 0.753845 0.924459 0.949246 1.1617 1.08456 0.838723 0.965942 1.0257 1.13878 
1177 0.112943	1.14498 1.03216 1.02014 1.23291 1.14253 1.075 1.02539 1.20898 1.15429 1.30104 
BOUNDS
LWPS R    0.0  0.0  0.0  0.0  0.0  0.0  0.0  0.0  0.0  0.0
UWPS R    0.5  0.5  0.5  0.5  0.5  0.5  0.5  0.5  0.5  0.5
LXAS R   -0.5 -0.5 -0.5 -0.5 -0.5 -0.5 -0.5 -0.5 -0.5 -0.5
UXAS R    0.5  0.5  0.5  0.5  0.5  0.5  0.5  0.5  0.5  0.5
END
