NAME moment_estimations_cluster
ASSETS 10
BENCHMARKS 0.1 0.1 0.1 0.1 0.1 0.1 0.1 0.1 0.1 0.1 
COVARIANCES
0 0 0.13972
1 0 0.03778
1 1 0.0155332
2 0 0.0173314
2 1 0.00652621
2 2 0.0074616
3 0 0.0187775
3 1 0.00717086
3 2 0.0035663
3 3 0.00540388
4 0 0.0177268
4 1 0.00922552
4 2 0.00578426
4 3 0.00342799
4 4 0.0116487
5 0 0.0186684
5 1 0.00497534
5 2 0.00680971
5 3 0.00311118
5 4 0.00323571
5 5 0.0105419
6 0 0.0436528
6 1 0.0157558
6 2 0.0111672
6 3 0.0084848
6 4 0.0129829
6 5 0.00983632
6 6 0.0249011
7 0 0.0137253
7 1 0.000442498
7 2 -0.000199221
7 3 0.00350381
7 4 -0.00856149
7 5 0.00316941
7 6 -0.0010534
7 7 0.0208014
8 0 0.0362818
8 1 0.0186426
8 2 0.0155185
8 3 0.00702155
8 4 0.0249638
8 5 0.00905223
8 6 0.0305582
8 7 -0.0202224
8 8 0.061572
9 0 0.015772
9 1 0.00477547
9 2 0.0060315
9 3 0.00283569
9 4 0.00763488
9 5 0.00511941
9 6 0.0126104
9 7 -0.00326276
9 8 0.0197818
9 9 0.015582
SCENARIOS
0 0.23002	1.4877 1.1579 1.11357 1.08101 1.14132 1.10871 1.23293 1.05847 1.29124 1.11085 
1 0.76998	0.944769 0.966308 0.995123 0.941595 0.98971 0.975849 0.943124 0.988756 0.989086 0.998187 
00 0.355969	1.53769 1.0685 1.08655 1.07706 1.03437 1.0672 1.16895 1.01555 1.27512 1.13539 
01 0.644031	0.891314 0.939666 0.917651 0.9842 0.873659 0.92274 0.888676 1.01157 0.84534 0.901247 
10 0.681161	1.15478 1.09838 0.946688 1.07376 0.987865 1.0317 1.0127 1.11967 0.880466 0.95823 
11 0.318839	0.880809 1.04957 1.01427 1.0231 1.15058 0.976825 1.07137 0.767554 1.32737 1.05055 
000 0.299218	0.754261 0.924216 0.971479 0.932737 0.967317 0.912279 0.86079 0.953481 0.774111 0.932221 
001 0.0915975	0.717354 1.05647 1.13645 0.909663 1.26657 0.954472 1.14933 0.658293 1.69916 1.0312 
002 0.100757	1.93043 1.27584 1.19102 1.14016 1.18997 1.25497 1.38502 1.09014 1.39297 1.06424 
003 0.0872008	0.532432 0.897226 0.921345 0.908567 1.08028 0.826805 0.896435 0.694708 1.06609 0.96464 
004 0.0944064	0.891009 1.03919 1.04687 0.9548 1.16426 0.990655 1.15791 0.821253 1.3066 1.14672 
005 0.125305	1.30935 1.1226 0.971427 0.988672 1.01396 1.02388 1.12313 0.947947 1.02969 0.868009 
006 0.0992916	0.801765 0.94388 1.02336 0.996829 0.863903 0.972517 0.952836 1.3464 0.675236 0.851719 
007 0.102223	2.06676 1.28486 1.00583 1.07068 0.896054 0.953435 1.05249 1.30322 0.774605 0.910444 
010 0.082017	2.33661 1.19397 1.09473 1.19164 1.1363 1.11138 1.24726 1.11289 0.978416 1.03055 
011 0.251654	0.961247 1.14291 1.06403 1.02497 1.15518 1.03325 1.07586 0.919173 1.19764 1.07387 
012 0.132105	1.05347 1.01592 1.17767 0.949485 1.34459 1.17216 1.26369 0.704939 1.77689 1.28093 
013 0.154043	0.534815 0.912148 1.01692 0.908872 1.05816 1.01852 0.910822 0.918503 0.94334 1.0904 
014 0.13278	1.09949 0.941184 1.05351 1.01966 0.958619 1.04215 1.04446 1.21658 0.871358 1.11997 
015 0.0757392	0.452337 0.767865 0.902231 0.854452 0.828707 0.89354 0.663436 1.10644 0.634963 0.769209 
016 0.100648	1.31927 1.02007 0.912034 1.03478 0.899668 0.990465 0.966806 1.2645 0.699173 1.00877 
017 0.0710139	0.690112 0.920772 0.887975 0.964904 0.914901 0.928771 0.811421 1.17611 0.629167 0.836361 
100 0.0592396	0.456293 0.749426 1.00124 0.881109 0.948387 0.945882 0.782873 0.868562 0.865996 0.878752 
101 0.0810326	0.398073 0.648029 0.841689 0.856927 0.823095 0.759503 0.678049 0.858715 0.724431 0.879893 
102 0.115638	1.20901 0.867396 1.01673 1.03288 0.874584 0.952525 1.02666 1.21843 0.833021 1.0695 
103 0.181532	0.725975 0.709068 0.87842 0.917724 0.74929 0.92112 0.772316 1.13699 0.562021 0.839601 
104 0.0866001	1.02303 0.992841 1.15283 1.03912 1.18665 1.101 1.25704 0.915963 1.62999 1.2111 
105 0.252707	0.738377 0.881312 1.04069 0.95348 0.996939 0.994608 0.996943 0.948395 1.0787 1.01867 
106 0.0956376	2.38581 1.38546 1.25907 1.17947 1.217 1.09659 1.43923 0.857525 1.71312 1.19723 
107 0.127612	1.9411 1.1322 1.112 1.03293 1.04839 1.04176 1.18051 1.05947 1.089 1.17194 
110 0.145336	0.79667 0.912757 0.916122 0.91444 0.82312 0.943398 0.834399 1.06749 0.718653 0.861547 
111 0.0650102	0.478322 0.748827 0.847556 0.827222 0.738917 0.826621 0.614309 1.0613 0.504507 0.830274 
112 0.0615479	2.42477 1.09951 1.17501 1.03915 0.99496 1.2609 1.32545 1.20545 1.17124 1.18005 
113 0.10387	0.877807 0.878724 0.989365 0.953766 0.871308 1.05447 0.882775 1.25945 0.751706 0.998405 
114 0.111609	0.55415 0.798644 0.88063 0.840823 0.929166 0.841653 0.769787 0.838507 0.822777 0.88493 
115 0.260978	0.87258 0.916914 1.0732 1.03605 1.0194 1.12143 1.10862 0.960978 1.21257 1.20545 
116 0.109939	1.94358 1.24709 1.11591 1.10044 1.28265 1.2035 1.44863 0.895889 1.78649 1.27977 
117 0.141711	1.32079 1.02696 1.05953 1.05573 0.953005 1.07127 1.05019 1.22334 0.958461 0.897592 
0000 0.228571	1.00085 0.87053 0.848677 0.90843 0.864452 0.966042 0.898238 1.07976 0.777858 1.0096 
0001 0.147347	1.28471 1.02446 1.04381 1.04057 0.907363 1.1976 1.13091 1.06515 1.01933 1.04669 
0002 0.0722449	0.79895 0.828764 0.891712 1.00139 0.828393 1.01963 0.789852 1.38789 0.622027 0.898501 
0003 0.0816327	0.487406 0.947162 0.91314 0.991304 0.893654 0.926478 0.837701 0.86613 0.911882 0.92599 
0004 0.0877551	1.32594 1.33718 1.00843 1.14988 1.02592 0.967906 1.18253 1.0941 1.34346 1.11001 
0005 0.230204	1.27697 1.17999 1.1347 1.09093 1.11301 1.27237 1.27642 0.823299 1.57932 0.982201 
0006 0.0926531	1.66183 1.17627 0.925785 1.03606 1.06214 0.951997 1.11177 0.868634 1.15563 0.777943 
0007 0.0595918	0.790781 0.904481 1.01955 0.877829 1.05815 1.12153 0.932006 0.883314 1.21701 0.889634 
0010 0.0706667	2.32114 1.36572 1.02631 1.18091 1.18275 1.09009 1.34233 0.843051 1.30164 0.887532 
0011 0.242667	0.756845 0.892291 1.00977 1.07256 0.915684 1.00841 0.984221 1.00256 1.06123 1.18059 
0012 0.125333	1.31432 0.927374 1.07836 1.10474 1.01402 1.16818 1.17471 1.17915 1.27946 1.16097 
0013 0.172	0.511871 0.840816 0.921446 1.0153 0.878398 0.941905 0.764607 1.15852 0.699878 0.873334 
0014 0.0693333	1.53698 1.31582 1.24954 1.19321 1.30389 1.29406 1.40408 1.01874 1.85512 1.32853 
0015 0.072	0.886917 0.936018 0.856593 0.988523 1.06638 0.982777 0.878894 0.878789 1.00891 1.0801 
0016 0.185333	1.20012 0.975292 0.933295 1.06774 1.00282 1.16244 0.990007 1.25309 0.758827 1.17341 
0017 0.0626667	0.949033 1.10118 1.0848 0.94993 1.14639 1.30101 1.15985 0.85468 1.59782 1.10932 
0020 0.0545455	1.00623 0.948938 0.7742 1.01543 0.914111 0.801927 0.830735 0.966537 0.620449 0.891107 
0021 0.265455	1.20565 1.2046 1.01479 1.02807 1.24516 0.800242 1.07771 0.648977 1.46911 1.22185 
0022 0.190303	1.48204 1.22353 1.01619 1.14644 0.969104 0.992287 1.0904 1.01209 0.901653 1.03812 
0023 0.113939	0.688949 0.967209 0.897813 1.01043 1.15477 0.907704 0.96418 0.72722 1.15208 1.08805 
0024 0.10303	0.513237 0.678358 0.867758 0.722802 0.822594 0.955977 0.81372 0.961283 0.6487 1.0079 
0025 0.111515	0.853387 1.03551 1.01975 0.934385 0.943258 1.07891 0.95898 0.918327 0.988309 0.991106 
0026 0.0775758	0.694297 0.903535 0.808543 0.905176 0.952641 0.867682 0.825761 0.88552 0.793849 0.875436 
0027 0.0836364	1.11446 0.894435 0.980176 0.886673 0.965055 0.947614 1.00904 1.05821 0.975601 1.17368 
0030 0.110644	1.16698 1.07927 1.14423 0.930795 1.10155 1.06452 1.13945 1.09518 1.28916 1.05522 
0031 0.180672	0.74576 0.99705 1.00902 0.878184 1.01201 1.03031 0.942504 1.09671 1.1015 1.11949 
0032 0.0518207	0.472396 0.725802 0.901973 0.862849 0.799653 1.02461 0.695143 0.909041 0.824886 0.960828 
0033 0.0532213	1.33899 0.996282 1.00715 1.0615 0.875673 1.13315 0.902745 1.35471 0.840776 0.949647 
0034 0.217087	0.653969 0.864527 0.964528 0.930378 0.78949 1.05065 0.8952 1.1735 0.816303 0.811465 
0035 0.113445	0.55153 0.91063 0.818217 1.09868 0.802192 0.91235 0.724121 1.26828 0.585361 0.864485 
0036 0.103641	1.61779 1.12414 1.0989 1.0888 1.06121 0.996831 1.25223 1.06646 1.20109 0.820089 
0037 0.169468	0.839972 1.07924 1.10449 0.935483 1.16629 1.18096 1.17512 0.909916 1.61975 1.08192 
0040 0.0595084	1.59486 1.10729 1.17122 1.18865 1.16671 1.31388 1.17929 1.24034 1.30132 0.988138 
0041 0.208279	0.994468 0.927612 0.972644 1.06969 0.999948 1.01701 1.05003 0.944432 0.927092 1.03358 
0042 0.0672704	2.04296 1.29836 1.01662 1.19721 1.22485 0.9136 1.25282 0.664298 1.64121 1.12526 
0043 0.208279	0.813977 0.996748 0.980585 0.974744 1.05809 1.00978 0.944438 0.885808 1.03234 0.924363 
0044 0.0905563	1.70787 1.23929 1.02064 1.1973 1.0358 1.01669 1.08342 1.17056 0.985755 1.03518 
0045 0.196636	0.818796 0.925653 0.990694 0.904053 0.866741 1.05313 0.8418 0.99767 0.700918 0.796681 
0046 0.0931436	1.20417 1.22392 1.04279 1.11908 1.08231 1.03619 1.09365 0.827668 1.24874 0.926962 
0047 0.076326	1.14378 1.36746 1.08132 1.21603 1.08903 0.982988 1.21657 1.19081 1.1496 0.869768 
0050 0.0653021	0.816282 0.893423 0.865053 0.917038 1.02096 0.801526 0.792301 0.941407 0.754639 0.873762 
0051 0.137427	0.87443 1.04703 1.02584 0.955498 1.25024 0.813723 1.04324 0.721109 1.36338 1.26294 
0052 0.163743	1.3255 1.0827 1.08452 1.14863 1.18246 0.920805 1.08094 0.978248 1.19335 1.38256 
0053 0.0955166	1.10137 1.00536 1.00147 1.01507 0.927603 1.0351 0.9198 1.16517 0.694677 1.06868 
0054 0.0838207	1.41085 0.952354 1.0163 1.04917 0.921705 1.02845 0.861999 1.31937 0.890102 1.16707 
0055 0.111111	2.01039 1.0953 1.21483 1.23779 1.18507 1.13387 1.28811 1.18517 1.29177 1.34985 
0056 0.119883	0.960821 1.10925 1.06839 1.03859 1.02522 1.08783 1.0428 1.14338 1.03696 0.843006 
0057 0.223197	0.577368 0.834242 1.00754 1.00736 0.964491 0.9241 0.850833 1.06884 0.850024 1.11681 
0060 0.0799508	1.10813 1.25004 1.05782 1.17613 1.0854 1.08389 1.18626 1.04799 1.16044 1.05543 
0061 0.102091	0.636685 0.903974 1.06535 1.0056 1.10355 1.21147 1.07816 0.78828 1.49229 1.27061 
0062 0.102091	1.82433 1.13649 0.979518 1.24502 0.936627 1.26736 1.04115 1.17588 0.706882 0.80119 
0063 0.0590406	1.15951 1.08062 1.11178 1.13712 1.19347 1.28092 1.414 0.707321 1.71531 1.34947 
0064 0.253383	0.677269 0.867141 0.909067 0.964032 0.997962 1.20628 0.959038 0.904638 0.933395 1.03928 
0065 0.0688807	1.90814 1.19163 1.23233 1.28508 1.12794 1.42494 1.39466 1.06107 1.47617 1.44059 
0066 0.150062	1.18087 1.12302 0.980749 1.04558 1.12081 1.07911 1.08062 0.82775 1.14173 0.859354 
0067 0.184502	0.696183 0.787765 0.92083 0.901604 0.898603 1.0472 0.75136 0.98902 0.726335 1.09254 
0070 0.0609319	2.02086 1.07675 1.04881 0.934933 1.09792 1.2408 1.04308 1.07645 0.912224 0.963265 
0071 0.142174	1.11756 0.860471 0.888897 0.981257 1.04223 1.05686 1.03558 1.05197 0.896143 0.970814 
0072 0.151732	0.5244 0.797393 0.816198 0.911738 0.999675 0.932712 0.802993 0.901634 0.686363 0.990042 
0073 0.0728793	1.32539 1.1014 1.01931 1.08972 1.10831 1.23947 1.09147 1.21372 0.976257 0.850237 
0074 0.0728793	1.10064 0.999772 1.0244 1.02175 1.1886 1.01036 1.08953 0.724853 1.37867 1.06837 
0075 0.23417	0.743535 0.761757 0.903428 0.939082 0.933889 1.11052 0.842997 0.934974 0.639089 0.994996 
0076 0.146953	1.95229 1.24257 1.01423 1.14836 1.32643 1.23937 1.44181 0.873863 1.24267 1.06623 
0077 0.11828	0.87932 0.908537 0.965783 1.10034 1.12107 1.25268 1.19058 1.04927 1.05767 1.08304 
0100 0.2	1.86854 1.15893 1.14621 1.01596 1.03752 1.14719 1.34438 1.07902 1.42994 1.34544 
0101 0.054321	0.733908 1.11879 1.15038 0.976937 1.10007 1.02079 1.10923 0.848165 1.79154 1.00803 
0102 0.0707819	0.877762 0.858117 1.10334 0.904892 0.911279 1.07353 1.09533 1.20819 1.06287 1.15586 
0103 0.188477	0.717158 0.865098 0.82033 0.777458 0.869705 0.922903 0.773719 0.985756 0.784393 1.08273 
0104 0.213992	1.12035 1.14693 1.03703 1.02396 0.812283 1.09009 1.03229 1.30735 0.871135 0.866887 
0105 0.112757	0.612624 0.950104 1.02499 0.841355 0.89063 1.02178 0.859488 1.13396 0.987587 1.07633 
0106 0.0658436	0.787229 0.800602 0.88154 0.813329 0.634778 1.00493 0.705105 1.59387 0.403963 0.824725 
0107 0.0938272	1.08594 1.1619 0.9675 0.95473 1.21071 0.939741 1.1719 0.975561 1.59656 1.4269 
0110 0.0734979	0.897092 0.879028 0.938441 1.07452 0.832726 0.905074 0.944135 1.2947 0.685015 0.883807 
0111 0.048015	0.708044 0.874474 1.13982 0.938154 1.05983 1.16382 1.09199 0.973196 1.20032 1.07669 
0112 0.0976395	1.31781 0.885759 1.04464 0.984917 1.14356 0.94504 1.2293 0.862831 1.40378 1.1332 
0113 0.193133	0.961062 0.906144 1.06334 1.01328 0.957103 1.02484 1.13754 0.995576 1.00765 1.02605 
0114 0.236856	0.599681 0.867816 0.929849 0.883519 0.994131 0.884963 0.82831 0.772112 1.01538 0.853624 
0115 0.103273	1.42871 0.996581 1.05583 0.996315 1.25068 1.07276 1.20143 0.699986 1.53344 1.23222 
0116 0.159871	1.97067 1.09378 1.06648 1.10902 1.0516 1.06943 1.21466 1.17675 1.03429 1.01931 
0117 0.0877146	0.624826 0.765496 0.8602 0.850731 0.807181 0.886066 0.802495 1.05288 0.647771 0.905444 
0120 0.0878896	1.21103 1.26456 1.08619 1.21208 1.03361 1.04769 1.14513 1.25535 1.06506 1.05255 
0121 0.153807	0.689025 0.973484 1.00264 0.941585 1.05968 1.00022 0.987017 0.747353 1.24079 1.17319 
0122 0.109862	1.53101 1.18633 1.10506 1.22373 1.2384 0.956184 1.33371 1.05277 1.42225 1.31216 
0123 0.0940215	2.31098 1.26911 1.01918 1.2748 1.0312 0.942031 1.15612 1.26284 0.977813 0.922409 
0124 0.14512	0.840591 1.06807 1.02495 1.11806 0.93718 0.773415 1.01609 1.15159 0.932429 0.961285 
0125 0.1349	0.714837 0.825948 1.05691 1.00635 0.808508 0.978021 0.919667 1.20179 0.731238 1.01453 
0126 0.223812	0.578827 0.956766 0.885081 0.896736 0.849782 0.850512 0.783304 1.11853 0.702706 0.863833 
0127 0.0505876	1.14329 1.2995 1.20357 0.991076 1.20988 0.928407 1.20224 0.852126 1.80092 0.874092 
0130 0.0652936	2.28048 1.10553 1.07649 1.05914 0.998331 1.03341 1.16372 1.02106 1.20881 1.07802 
0131 0.24277	1.0871 0.892187 0.987716 0.982077 0.99514 1.04722 1.06303 0.944232 1.18428 0.92874 
0132 0.154251	0.745704 0.870174 0.882945 0.974408 0.933435 0.895106 0.862574 0.874431 0.81279 1.0682 
0133 0.0626643	0.973196 0.93715 0.80184 0.947397 0.805116 0.848783 0.844137 1.11777 0.642832 0.817563 
0134 0.184487	1.62924 1.00635 1.14878 1.10616 1.05154 1.24981 1.19444 1.0299 1.29735 1.29688 
0135 0.106047	1.00025 0.935926 1.01336 1.05804 0.79967 1.1544 1.01043 1.52494 0.735108 0.976297 
0136 0.105171	0.756955 0.790581 0.946884 1.01927 0.757323 1.08844 0.786895 1.20535 0.63831 0.803918 
0137 0.0793164	0.669487 0.879224 0.931872 1.01256 1.00826 0.769775 0.88939 0.641124 1.32079 1.11248 
0140 0.106253	0.54417 0.939468 0.966006 0.875811 0.874552 1.01671 0.84828 0.859004 0.824812 0.776577 
0141 0.0559227	0.778444 0.978668 0.85537 0.960084 1.00365 0.970065 0.860323 0.886187 0.839829 0.736983 
0142 0.174886	1.95279 1.26761 1.05724 1.09042 1.03855 1.08657 1.29004 1.07088 1.34691 0.958371 
0143 0.190137	1.2081 1.18518 1.09853 1.11887 1.04021 1.07472 1.01479 1.19953 0.967428 0.857507 
0144 0.0737163	0.803699 0.977042 0.911785 0.965498 0.881193 1.13417 0.755397 1.024 0.684657 0.812574 
0145 0.21759	1.09718 1.17855 0.912621 1.07951 1.09214 1.01671 1.07756 0.865423 1.15352 0.874868 
0146 0.0782918	0.792893 0.999371 0.993783 1.04355 0.923072 0.963479 0.862512 1.22734 0.758802 0.815833 
0147 0.103203	0.794764 0.959056 1.02825 0.879283 1.19241 1.09384 0.927836 0.684205 1.33731 0.832972 
0150 0.129234	1.32355 0.949366 1.25056 0.998762 0.990784 1.29173 1.25681 1.06746 1.18126 1.28686 
0151 0.073975	0.609365 0.87943 0.979694 0.975974 1.14542 0.917313 1.09468 0.625431 1.5306 1.39651 
0152 0.0481283	0.443345 0.795611 0.83644 0.867232 0.993407 0.811522 0.795643 0.735915 0.75726 1.01727 
0153 0.137255	2.03298 1.07346 0.969347 1.08556 1.05159 1.16285 1.19894 1.20549 0.824571 1.35964 
0154 0.0623886	1.00535 1.02457 1.02123 0.942101 1.22609 0.929005 1.18322 0.763308 1.68278 1.10745 
0155 0.191622	0.681293 0.977256 0.862318 1.00006 0.889193 0.9304 0.855272 1.15886 0.72118 0.931156 
0156 0.172014	1.14757 1.02884 1.05952 1.0701 1.12409 0.992818 1.36045 1.07326 1.30362 1.24088 
0157 0.185383	0.899628 0.963483 0.906315 0.943264 0.987078 1.03598 1.02748 0.944571 0.944539 1.21011 
0160 0.101274	1.99921 1.32119 1.16807 1.18615 1.17167 1.09155 1.36211 1.14202 1.18491 1.07312 
0161 0.165661	0.950917 0.905704 0.96415 0.819624 0.948439 0.828565 0.882856 0.834351 1.0234 0.912471 
0162 0.047619	0.403186 0.791405 0.916537 0.855941 0.900757 0.80601 0.734369 0.85475 0.880119 0.904953 
0163 0.170355	0.676433 0.839552 1.01597 0.907134 1.02061 1.03918 0.857042 1.01923 0.943289 0.930552 
0164 0.117371	1.35254 1.13287 0.977632 0.976776 1.09253 0.910658 1.00968 1.0405 0.957212 0.799555 
0165 0.0871898	0.909114 0.950556 1.10398 0.931025 1.10744 0.940345 1.12823 0.802503 1.58271 1.266 
0166 0.181757	1.2581 1.10452 1.10299 0.960675 1.1894 0.982189 1.12261 0.84836 1.30141 1.13201 
0167 0.128773	0.931106 0.932226 1.14323 1.04258 0.929197 1.1753 1.05558 1.41236 0.772171 0.890308 
0170 0.0846008	1.41369 1.08057 1.03789 0.883466 1.16723 0.964131 1.07022 0.658449 1.69256 1.10229 
0171 0.254753	1.3632 0.866077 1.12846 1.04998 0.999913 1.05285 1.08437 0.932244 1.20225 1.32048 
0172 0.195817	1.07536 0.893331 0.899092 0.926854 0.977138 0.881988 0.939383 0.858239 0.928649 1.03512 
0173 0.0627376	1.17403 0.829441 0.96771 0.964381 0.762689 0.960557 0.857169 1.33915 0.737616 1.029 
0174 0.0579848	1.73583 1.03101 1.14364 1.05758 0.838061 1.26573 1.03751 1.45137 0.790853 1.1806 
0175 0.0703422	2.15806 1.14935 1.06199 1.03619 1.24031 1.14337 1.20565 0.946643 1.24357 1.11756 
0176 0.0560837	0.634081 0.719167 0.814791 0.90982 0.893531 0.747187 0.691846 0.899775 0.720696 0.945561 
0177 0.217681	0.621162 0.780734 1.00019 0.932627 0.860936 0.999228 0.881779 1.09739 0.780394 1.13308 
1000 0.196653	0.883867 1.14118 1.03076 1.0229 0.882456 0.907678 1.01311 1.04936 1.10053 0.969469 
1001 0.0547152	0.954137 0.948934 1.06771 0.989121 0.99711 1.26933 1.15755 1.16433 1.06447 1.20297 
1002 0.205343	0.839874 0.835276 0.999688 0.843969 0.936582 1.06556 0.983686 0.964637 0.941676 1.12569 
1003 0.103637	2.05291 1.2917 1.18112 1.13128 0.989729 1.25094 1.20079 1.28013 1.12307 1.09643 
1004 0.193756	1.05183 1.06868 1.04494 1.03225 1.11356 0.961795 1.15877 0.953571 1.443 1.26314 
1005 0.0988091	1.02691 1.11026 0.918531 1.07766 0.8252 0.850145 0.915813 1.13742 0.853427 0.884068 
1006 0.0988091	0.67193 0.80535 0.891487 0.927517 0.776853 0.969098 0.807913 1.24621 0.587034 1.02726 
1007 0.0482781	1.82343 0.996987 0.953591 0.960278 0.912071 0.916428 0.994141 1.00357 0.983999 1.19064 
1010 0.121647	0.796856 0.985348 1.04857 0.957934 1.07099 1.07926 1.0307 0.833303 1.10363 1.09392 
1011 0.0978824	1.39909 1.23582 1.08415 1.08636 1.01741 1.19153 1.16206 1.26622 0.97199 1.03748 
1012 0.102118	1.629 1.2853 1.14847 1.09133 1.24096 1.04283 1.36857 0.976522 1.63216 1.24193 
1013 0.188471	0.433395 0.780566 0.858282 0.887394 0.891937 0.924711 0.742197 0.982818 0.638784 0.92642 
1014 0.112706	1.0139 1.26143 1.01875 1.05018 1.19121 1.04097 1.14397 0.798222 1.49156 1.07442 
1015 0.136941	1.8886 1.20008 0.992817 1.01177 0.957982 1.0154 1.02042 1.03103 0.898908 0.955758 
1016 0.167765	0.772728 1.17274 0.963078 0.990909 0.984232 0.999289 0.906133 1.07544 0.835233 0.835925 
1017 0.0724706	0.752613 0.960883 0.905428 0.828195 0.980677 1.0235 0.810762 0.774323 0.978875 0.798113 
1020 0.0501237	0.610003 1.00666 0.892405 0.92655 0.963085 0.830763 0.815254 1.01055 0.801203 0.942623 
1021 0.0905194	2.01983 1.28619 1.10007 1.1747 1.1593 1.13871 1.28005 1.06469 1.36729 0.912827 
1022 0.155153	1.18234 1.23771 1.08596 1.05845 1.09786 1.211 1.06687 1.00834 1.17772 0.881903 
1023 0.122836	0.67848 1.07479 0.986606 0.997091 0.962158 1.02124 0.861431 1.20008 0.793493 0.951699 
1024 0.205606	1.08435 1.31505 0.984685 1.05051 1.21656 1.10009 1.08488 0.911871 1.29955 1.02899 
1025 0.0941467	0.618516 0.963246 0.912676 0.885863 1.05039 0.816575 0.89181 0.798187 1.00097 0.91391 
1026 0.136356	0.807444 0.883849 0.993275 0.856245 0.916281 1.05553 0.871924 0.938964 0.842674 0.904157 
1027 0.14526	1.07735 1.16455 1.13647 1.06536 1.04064 1.21009 1.07323 1.40332 0.938337 0.930892 
1030 0.110703	0.429147 0.918429 0.884975 0.863591 0.888103 0.821675 0.727465 0.922486 0.665864 1.01361 
1031 0.130028	1.17434 1.17382 0.974867 0.921403 1.10052 0.970115 0.87171 0.938129 1.00185 0.795628 
1032 0.088016	0.788534 0.966095 1.12099 1.09105 1.0209 1.15069 1.09509 1.08328 1.16801 1.18566 
1033 0.222036	0.785608 1.07748 0.985996 0.999453 1.20545 0.855587 1.02665 0.830554 1.3378 1.12182 
1034 0.153975	0.724114 0.963726 0.93526 0.949095 0.863439 0.976411 0.792275 1.25201 0.745262 0.961546 
1035 0.0579771	2.45432 1.31959 1.08876 1.11801 1.09563 1.00586 1.04833 1.19973 1.05176 1.07362 
1036 0.149039	1.58028 1.3387 1.11489 1.14852 1.26452 1.14968 1.2985 0.889067 1.47599 1.20267 
1037 0.088226	1.11764 1.18032 1.0625 1.11403 0.896406 1.07119 1.08583 1.32818 0.885421 1.16196 
1040 0.0585645	0.747737 0.90391 1.01449 0.915386 1.03257 0.848808 1.06127 0.647823 1.31809 1.24174 
1041 0.158961	1.48419 1.20818 1.17278 1.06402 1.20031 1.00834 1.3002 0.754085 1.65753 1.01375 
1042 0.155878	0.692738 0.93535 1.01184 0.991349 0.869918 0.90227 0.919078 0.884383 0.976217 0.914128 
1043 0.03941	0.805598 0.998377 1.25249 1.02095 1.03583 1.1473 1.1694 0.896129 1.19062 1.14589 
1044 0.186262	0.70136 0.856674 0.890796 0.95252 0.794282 0.830764 0.784848 0.961168 0.68278 0.872402 
1045 0.0854249	1.43262 1.06033 0.943321 0.980678 0.873574 1.00463 0.938288 0.989145 0.705718 0.78734 
1046 0.141568	1.81972 1.13389 1.09442 1.04592 0.962804 1.00376 1.1351 1.08444 1.01503 1.13275 
1047 0.173932	1.24122 1.06292 1.07367 0.940851 1.00466 1.00802 0.997313 0.942766 1.01953 0.928298 
1050 0.125396	0.99607 0.908024 0.89336 0.864008 0.951084 0.913224 0.81662 0.850244 0.842012 0.957052 
1051 0.0814848	1.26544 1.18734 1.11837 1.00505 1.23007 0.968673 1.19949 0.726347 1.73233 1.24514 
1052 0.0712238	1.63383 1.06226 0.931665 0.979853 1.07342 0.899783 1.01631 0.803523 1.21671 1.09424 
1053 0.0703938	1.31582 0.985821 0.936357 1.00585 0.95918 1.00633 0.883404 1.15158 0.742204 0.951547 
1054 0.144786	1.86706 1.29358 1.16517 1.21329 1.16399 1.15668 1.23872 1.05456 1.22385 1.06625 
1055 0.100347	1.53781 1.05269 1.01626 1.04579 0.927427 1.05559 1.06068 1.12228 0.86207 0.914491 
1056 0.25713	0.637416 1.05384 1.02133 0.996651 1.076 0.949871 0.93763 0.879898 1.08208 1.07104 
1057 0.149238	0.760306 0.959731 0.868795 1.04114 0.856801 0.893434 0.865611 1.02202 0.739168 0.995995 
1060 0.0803429	2.52568 1.16225 1.02614 0.998076 1.05712 1.13121 1.27975 1.15954 1.33681 1.03853 
1061 0.173046	0.887821 0.933314 0.872515 0.945624 0.983324 1.06408 0.991236 1.178 0.793327 1.07666 
1062 0.142943	1.66619 1.05904 1.00649 1.0731 0.931517 1.11422 1.108 1.2743 0.914559 0.977345 
1063 0.062201	0.624729 0.79571 1.03964 0.916919 0.826422 1.21762 0.879849 1.17962 0.781112 0.996332 
1064 0.0887161	1.00829 1.06347 1.13984 1.04126 1.22003 1.12863 1.24605 1.11398 1.5869 1.01433 
1065 0.217305	1.04789 0.930866 0.953392 0.9917 1.08863 0.995198 1.02909 1.02679 1.0982 0.918678 
1066 0.140152	0.55244 0.795618 0.821201 0.803572 0.904551 0.896955 0.778918 0.989928 0.802399 0.980913 
1067 0.0952951	0.482987 0.800267 0.964871 0.925793 1.00898 0.98205 0.979177 0.981102 1.05857 1.06147 
1070 0.105782	0.531471 0.833343 0.838842 0.8469 0.877252 0.865896 0.740236 0.977419 0.654678 0.722249 
1071 0.119229	0.7843 0.855586 1.04939 1.02259 0.906232 1.08802 0.94862 1.07688 0.901818 1.04324 
1072 0.0493052	1.54212 1.13182 1.09593 1.07268 1.02267 1.21544 1.07615 1.00002 1.09583 0.949517 
1073 0.131182	0.870925 1.0426 0.853426 0.931397 1.00327 0.859471 0.8615 0.824681 0.947049 0.822546 
1074 0.181981	1.17377 0.950817 0.907817 1.11371 0.874096 0.973508 0.916318 1.31588 0.704806 0.918257 
1075 0.128791	1.82972 1.14462 1.17872 1.21784 1.03397 1.01982 1.3179 1.199 1.18432 1.07303 
1076 0.0971164	0.666718 0.883601 0.982399 0.978334 0.976708 1.00885 0.932336 1.0162 1.13613 0.903274 
1077 0.186613	1.02413 1.14562 1.02587 1.02036 1.16614 1.05727 1.18329 0.847869 1.23199 0.974158 
1100 0.0863229	1.621 1.12235 0.996521 1.19238 0.961244 1.0426 1.05779 1.32892 0.88253 0.948363 
1101 0.0644619	0.979114 1.05221 1.06452 1.01513 1.03494 1.13944 1.01089 0.995122 0.967896 0.924636 
1102 0.180774	0.606831 0.743946 0.962221 0.959104 0.901873 1.04955 0.757032 0.986847 0.85526 0.976363 
1103 0.169283	0.730949 0.868285 0.896349 1.00287 0.947135 0.894866 0.784764 1.05626 0.737815 0.82367 
1104 0.0798767	0.563706 0.760788 1.05965 0.957401 1.04217 0.995578 0.936444 0.985144 1.17829 1.05109 
1105 0.118274	1.09743 0.83494 0.969181 0.979129 1.09759 0.985448 1.03703 0.928041 1.04397 1.19205 
1106 0.134809	0.886893 0.996989 0.987066 1.0162 1.2302 0.918901 1.0407 0.874587 1.26175 1.10534 
1107 0.1662	1.31895 1.04197 1.10998 1.16601 1.20787 1.29057 1.20401 0.981728 1.40459 1.16742 
1110 0.123434	0.956468 0.90567 0.818412 0.983672 0.813029 1.03454 0.891683 1.3845 0.581055 0.776414 
1111 0.25	0.64948 0.919549 0.859286 0.954065 0.915962 0.950212 0.893306 1.01648 0.866506 1.01704 
1112 0.144737	1.66314 0.966987 1.06709 1.08496 1.01938 1.08688 1.21992 1.23507 1.1672 1.24721 
1113 0.0964912	0.711041 0.956246 0.933407 0.915775 1.0243 0.993572 0.995709 0.814725 1.09871 0.798707 
1114 0.0964912	1.06121 1.00604 1.12648 1.14132 1.12182 1.26765 1.34989 0.844388 1.59909 1.26633 
1115 0.0651629	0.76293 0.877259 0.93451 1.05961 1.02853 0.838675 1.02091 1.01255 1.18549 1.07882 
1116 0.0996241	0.668629 0.823242 1.02562 0.898229 1.07415 1.17104 1.01902 0.979862 1.12193 1.22721 
1117 0.12406	1.48723 1.13608 0.918867 1.03172 1.16762 1.02353 1.1376 0.913254 1.38035 1.00264 
1120 0.0641959	0.487176 0.995737 0.891764 0.964847 1.06259 0.816222 0.800713 0.78896 0.887816 0.811548 
1121 0.19722	1.71453 1.18993 1.07111 1.1572 1.02628 1.02898 1.21769 1.15411 1.21264 0.880924 
1122 0.0913302	1.35771 1.31422 1.12594 1.17444 1.3492 1.08815 1.30984 0.94862 1.5831 1.2227 
1123 0.103243	1.12316 1.06458 0.868259 1.07569 1.07643 0.901021 0.844396 0.920855 0.835268 0.743481 
1124 0.12045	0.649253 0.920053 1.02316 0.992036 1.07354 0.93618 1.01621 0.896397 1.31843 1.10024 
1125 0.189279	0.833692 1.13783 0.980998 1.0323 0.981834 1.02237 1.05007 0.869967 1.06436 0.927211 
1126 0.140966	0.913926 1.18862 0.916773 1.04304 0.868902 0.895355 0.890368 1.24135 0.645848 0.843021 
1127 0.0933157	0.901754 0.930452 0.833733 0.997562 0.945044 0.774022 0.866493 0.956308 0.905239 0.791472 
1130 0.175686	0.580189 0.804462 0.932022 0.889922 0.881497 0.96983 0.89167 0.978872 0.799047 1.06897 
1131 0.0756863	1.16305 1.16526 1.06829 1.15228 1.29306 1.06637 1.36468 0.846367 1.65119 1.14462 
1132 0.135686	0.625198 0.927334 0.863139 1.04769 0.832348 0.949616 0.803695 1.17534 0.650303 0.757988 
1133 0.121176	1.2928 1.03832 0.945656 1.03489 0.8992 0.950646 1.05157 1.38504 0.711053 0.870184 
1134 0.0709804	0.538713 0.936243 1.0331 0.902003 0.989023 0.926196 0.985341 0.759385 1.17087 1.0485 
1135 0.248235	0.924148 1.20867 1.04687 1.05204 1.00796 0.974884 1.08658 0.95275 1.12612 1.05745 
1136 0.0803922	1.45262 1.14269 1.17956 1.03546 1.09544 1.21518 1.2141 1.11601 1.24462 1.1526 
1137 0.0921569	1.2177 1.03023 1.12162 1.16276 0.978603 1.17847 1.16273 1.22276 0.961071 0.985903 
1140 0.0664234	0.929605 0.943361 0.912707 1.05428 0.785517 1.01491 0.823693 1.36001 0.553393 0.909277 
1141 0.101095	0.529246 0.919425 0.950572 0.969114 0.963398 0.900009 0.852749 0.919034 1.00886 1.00379 
1142 0.133212	1.63984 1.30882 1.15662 1.21028 1.18275 1.14719 1.28479 0.967728 1.40269 1.04071 
1143 0.138321	0.995437 1.03721 1.02819 1.17261 1.11703 0.949537 1.04862 0.978434 1.32625 1.24243 
1144 0.262409	1.24939 1.13063 0.977631 1.13929 1.00735 0.983287 1.0575 0.985912 1.03167 1.03091 
1145 0.0525547	0.544362 0.94818 1.07004 1.01547 1.16573 1.07849 1.20342 0.803246 1.75838 1.30642 
1146 0.0660584	0.608226 0.973326 1.08179 1.14572 0.946155 1.05331 1.00252 1.2763 0.93792 1.15149 
1147 0.179927	0.733741 0.989662 0.839452 0.943247 0.881514 0.925276 0.779149 1.06104 0.7725 0.884845 
1150 0.221164	0.97458 1.04251 0.897767 0.885529 1.00718 0.857152 0.863856 0.840787 0.906957 0.82435 
1151 0.140627	1.35468 1.09644 1.00538 1.05565 0.962434 0.924732 1.00025 1.22197 0.793438 0.95618 
1152 0.114718	0.78916 0.917392 0.889695 0.953869 0.843518 0.946286 0.762393 1.25123 0.615031 0.789238 
1153 0.0569689	1.39207 1.09467 1.16866 0.985507 1.24248 1.07611 1.33994 0.710383 1.68564 1.15472 
1154 0.118776	2.33692 1.32643 1.01427 1.02418 1.13575 0.992843 1.2489 0.939741 1.16491 0.963588 
1155 0.10551	1.27121 1.12382 1.12527 1.02616 1.07455 1.08055 1.20514 1.10138 1.27608 0.952214 
1156 0.115967	1.04683 1.05603 1.07135 1.00591 1.02043 1.10166 1.03917 1.12143 0.947581 0.928517 
1157 0.126268	0.881114 1.0756 1.04346 0.911542 1.08548 0.955908 0.971264 0.819393 1.25386 0.890407 
1160 0.0703964	0.690287 1.05533 0.956992 0.954281 0.917339 0.838892 0.890402 0.990861 0.850772 0.778183 
1161 0.128937	1.08035 1.01159 1.05114 0.982325 0.934655 0.889237 0.971106 1.06471 0.898545 0.902146 
1162 0.22601	0.863381 0.984422 1.03146 1.02051 1.02253 0.998751 0.95867 0.89657 1.16426 1.05895 
1163 0.0537236	0.659326 0.80068 0.923982 0.942008 0.869534 1.04235 0.797855 1.09884 0.722587 1.03534 
1164 0.223046	1.84766 1.16635 1.12233 1.0512 0.956612 0.985689 1.07948 1.07253 0.880544 0.862317 
1165 0.141534	1.1245 1.26226 1.10744 1.15763 1.24595 0.981408 1.21705 0.642538 1.62047 1.01963 
1166 0.070767	0.492776 0.94532 0.817267 0.938505 0.810282 0.71747 0.636856 0.933771 0.626384 0.806191 
1167 0.0855873	0.620769 0.794063 0.906561 0.842638 0.950432 0.79435 0.789949 0.868433 0.891732 1.06383 
1170 0.152918	1.31355 1.07325 0.900295 0.996037 1.13675 0.967661 1.00138 0.75931 1.04324 1.23039 
1171 0.160391	1.25889 1.27242 1.02428 1.07301 1.24814 1.12517 1.29807 0.929871 1.3096 1.27236 
1172 0.063524	0.951298 0.927926 1.11389 0.969242 0.964607 1.35707 1.13995 1.08375 1.06183 1.08001 
1173 0.131072	0.863461 0.945238 0.838489 0.962642 0.983717 0.753781 0.773562 0.95861 0.707633 0.91528 
1174 0.160678	0.642228 0.875918 0.941376 0.888695 0.93922 1.00906 0.842144 0.922699 0.871647 0.820243 
1175 0.133659	0.775452 1.06235 1.00889 0.99179 1.07101 1.00237 0.973734 0.961586 0.988137 1.09498 
1176 0.103191	1.87231 1.01628 0.994872 1.10933 1.00829 1.08391 1.21832 1.14607 0.918123 1.15798 
1177 0.0945674	0.814226 0.938975 0.985003 1.02569 0.894475 1.09737 0.970679 1.33559 0.741797 0.959763 
BOUNDS
LWPS R    0.0  0.0  0.0  0.0  0.0  0.0  0.0  0.0  0.0  0.0
UWPS R    0.5  0.5  0.5  0.5  0.5  0.5  0.5  0.5  0.5  0.5
LXAS R   -0.5 -0.5 -0.5 -0.5 -0.5 -0.5 -0.5 -0.5 -0.5 -0.5
UXAS R    0.5  0.5  0.5  0.5  0.5  0.5  0.5  0.5  0.5  0.5
END
