NAME moment_estimations_cluster
ASSETS 10
BENCHMARKS 0.1 0.1 0.1 0.1 0.1 0.1 0.1 0.1 0.1 0.1 
COVARIANCES
0 0 0.0744771
1 0 0.0246772
1 1 0.0126577
2 0 0.00832106
2 1 0.00171536
2 2 0.00380336
3 0 -0.00572817
3 1 0.00179421
3 2 -0.00431387
3 3 0.0115843
4 0 -0.0120681
4 1 -0.00234995
4 2 -0.00485745
4 3 0.00871037
4 4 0.00985379
5 0 -0.0171071
5 1 -0.00426355
5 2 -0.00259521
5 3 0.00554837
5 4 0.00538821
5 5 0.00706697
6 0 0.00301729
6 1 0.00162272
6 2 0.000489312
6 3 0.00177772
6 4 -0.000128944
6 5 0.000739618
6 6 0.00232669
7 0 -0.0113269
7 1 0.000120034
7 2 -0.00481502
7 3 0.0114061
7 4 0.00911221
7 5 0.00765677
7 6 0.00155325
7 7 0.0154208
8 0 0.014876
8 1 0.000941815
8 2 0.00409681
8 3 -0.00630162
8 4 -0.00549524
8 5 -0.00634816
8 6 -9.50519e-05
8 7 -0.00944716
8 8 0.0111642
9 0 -0.0229299
9 1 -0.0107336
9 2 -0.00194455
9 3 0.00327908
9 4 0.00646658
9 5 0.00677478
9 6 0.000347574
9 7 0.00479654
9 8 -0.000439602
9 9 0.0188918
SCENARIOS
0 0.5548	1.22903 1.07927 1.0474 0.980567 0.961518 0.941251 1.00922 0.931973 1.06571 0.95768 
1 0.4452	0.850072 0.949135 0.963416 1.03547 1.09347 1.07714 0.989334 1.06842 0.934918 1.08587 
00 0.752307	1.06227 0.961028 1.02193 0.944751 0.919253 0.969823 1.01312 0.954292 1.06055 1.05492 
01 0.247693	0.982624 1.02084 0.941935 1.13567 1.06662 1.11218 1.0262 1.18833 0.860714 0.961002 
10 0.762421	1.1126 0.990892 1.0052 0.999262 0.927522 0.925651 1.0192 0.980257 1.04408 0.91832 
11 0.237579	0.888714 0.987803 0.903369 1.22372 1.10856 1.06452 1.01488 1.25218 0.892935 1.04611 
000 0.0791126	0.983919 0.961515 1.14279 0.823597 0.818469 1.02015 1.04553 0.945737 1.0208 0.920043 
001 0.0471513	1.4249 1.22684 0.998382 1.01041 0.970742 0.973867 1.00324 1.01753 0.893137 0.744838 
002 0.154056	0.524031 0.812611 0.913168 1.08462 1.11151 1.19645 0.934005 1.091 0.844248 1.17453 
003 0.186377	0.791355 0.963113 0.940308 1.09615 1.10877 1.09336 0.979187 1.11723 0.899531 1.06393 
004 0.0695529	1.20674 1.13679 0.981365 1.1501 1.13661 1.0759 1.05645 1.09415 0.976189 0.924581 
005 0.140016	0.906744 0.924827 0.967351 0.898522 1.05124 1.00393 0.894456 0.904644 0.995101 0.950535 
006 0.175116	1.18552 1.04532 1.00853 0.919448 0.98262 0.963908 0.978555 0.929579 1.08294 0.977015 
007 0.148618	1.78761 1.1888 1.05776 0.879844 0.941937 0.906963 0.974583 0.80645 1.23364 0.860347 
010 0.188983	1.24282 1.20189 0.947956 1.07033 1.09191 0.932107 1.00868 1.00537 0.961972 0.822278 
011 0.095692	0.578783 0.843875 0.888588 1.24814 1.3442 1.20398 0.995982 1.22125 0.949676 1.35215 
012 0.0582885	2.28034 1.28274 1.09688 0.91229 0.900093 0.801318 1.05455 0.923525 1.17311 0.740767 
013 0.113957	1.16643 1.05207 1.05802 0.938644 0.999682 0.879372 0.930692 0.900057 1.24848 1.11885 
014 0.0427885	1.85971 1.392 1.07098 1.11921 1.04788 0.937185 1.10782 1.12111 1.04636 0.871533 
015 0.194731	0.707589 0.938403 0.926667 1.05921 1.13698 0.997011 0.950045 1.04884 0.913854 1.1079 
016 0.167952	0.742178 0.874501 0.979799 0.968946 1.05309 1.04182 0.971831 0.942781 1.07214 1.21932 
017 0.137607	1.15031 1.04442 1.02742 0.957098 0.997681 0.948139 1.02667 0.923486 1.06175 0.884842 
100 0.124179	0.502271 0.823626 0.973115 0.89272 1.12294 1.12673 0.954922 1.01782 0.944899 1.37818 
101 0.0629585	0.671893 1.08173 0.941591 1.16758 1.2127 1.25874 1.02618 1.30451 0.79362 1.19242 
102 0.112041	1.24279 0.903408 1.15986 0.740434 0.839172 0.944992 0.971283 0.736661 1.20796 0.982876 
103 0.154082	0.747944 0.994522 0.981916 1.05225 1.07903 1.1139 1.00073 1.10319 0.846131 0.988959 
104 0.185988	1.35534 1.23957 1.11485 0.950776 0.870356 1.02188 1.03575 0.926276 0.967848 0.843615 
105 0.0654332	0.969262 0.994559 0.940937 0.952782 1.0796 0.960576 0.901135 0.933009 0.93772 0.888442 
106 0.144713	1.39531 1.24389 0.979682 1.10273 1.10852 1.0023 1.01453 1.00873 1.01135 0.970106 
107 0.150605	0.935367 0.928451 1.01048 0.967039 1.03111 0.988089 0.948018 0.867482 1.15609 1.17458 
110 0.0606032	0.721536 0.905066 0.964039 0.986077 1.05585 1.01012 0.958935 0.835804 1.03904 1.06069 
111 0.220951	1.07193 1.10134 0.980244 0.983738 1.05603 0.984122 1.03118 1.04469 0.952475 0.954582 
112 0.100974	0.773785 1.02454 0.943228 1.15454 1.13567 1.1877 1.06481 1.18499 0.885293 1.20237 
113 0.12773	1.17256 1.19674 1.0424 0.922005 0.969519 0.922032 0.999862 0.880734 0.982146 0.882563 
114 0.0623995	0.700142 0.82117 1.05161 0.748609 0.891411 0.96936 0.907934 0.729159 1.08216 1.06752 
115 0.15581	0.720708 0.880195 1.11318 0.915726 0.969747 1.0939 0.989295 0.899152 1.05814 1.20563 
116 0.107686	0.606248 0.904902 0.957226 0.948087 1.09557 1.1408 0.912844 1.10672 0.803821 1.05296 
117 0.163846	1.74072 1.22568 1.08881 0.987048 0.973491 0.893748 1.04199 0.896272 1.15816 0.859971 
0000 0.0832829	0.56689 0.80466 0.936517 1.05931 1.18215 1.17154 1.02236 1.11148 1.07476 1.59813 
0001 0.0772259	1.02496 1.19035 0.981369 1.22855 1.12807 1.02262 0.932879 0.998988 1.06876 1.06016 
0002 0.124773	0.644007 0.949699 0.950843 0.973933 1.03123 1.05936 0.92916 1.05001 0.891759 0.986715 
0003 0.176257	0.920337 1.10745 0.9833 1.07549 1.01452 0.999336 1.02477 0.956797 0.912691 0.925803 
0004 0.0526953	1.23093 1.15556 1.01207 1.22532 1.14365 1.01874 1.08338 1.03456 1.04748 1.18777 
0005 0.0996366	0.857868 0.978414 0.898565 1.27409 1.26713 1.10821 0.964076 1.33672 0.918657 1.03001 
0006 0.126893	1.70099 1.25026 1.06777 1.08582 1.04991 0.92074 1.03917 0.961714 1.13864 0.886288 
0007 0.259237	1.01796 1.0947 1.05529 0.889701 0.973431 0.897406 0.957628 0.790468 1.12515 0.950546 
0010 0.231707	1.17734 1.16353 1.07 0.952099 0.967579 0.904573 1.01433 0.963391 1.08872 0.971946 
0011 0.0711382	1.04714 1.13163 0.965987 1.01151 1.06584 0.925629 0.996779 1.07461 1.04096 0.917249 
0012 0.108232	1.48066 1.07243 1.14385 0.847755 0.884182 0.850775 1.00469 0.91754 1.1491 0.895904 
0013 0.205793	0.880933 0.943799 0.984979 1.07232 1.04417 1.07357 1.01536 0.964826 0.952496 0.980647 
0014 0.0650407	0.493081 0.841593 0.990515 0.897932 1.03224 1.15719 1.03222 1.11232 0.821429 1.12581 
0015 0.157012	0.687347 0.880488 1.07553 0.794171 0.881805 0.994063 0.994468 0.891223 1.0596 1.03723 
0016 0.0630081	0.870697 0.997526 1.04168 0.95776 0.906489 1.06905 0.945604 1.02099 0.804906 0.807945 
0017 0.0980691	1.67999 1.26643 0.97529 1.0527 0.997974 0.870108 1.03009 0.955266 1.07445 0.888996 
0020 0.101089	0.838787 0.980689 0.933915 0.99281 1.03442 1.08431 0.976878 1.11315 0.805717 0.879815 
0021 0.242924	1.03784 0.92817 1.07945 0.814956 1.02973 0.902607 0.995437 0.932231 1.17831 1.14219 
0022 0.138103	1.49362 1.11699 1.07572 0.878046 0.930712 0.916145 1.04063 0.967213 1.00873 0.793881 
0023 0.137014	0.868367 0.903878 0.938532 1.00476 1.08341 0.988094 1.07065 1.04726 1.02143 1.0133 
0024 0.117263	0.78453 1.01657 0.895975 1.17894 1.2363 1.0727 1.02058 1.24266 0.904859 1.19456 
0025 0.0838258	1.35316 1.00405 1.06391 0.801688 0.903573 0.806903 0.976307 0.768972 1.20328 0.754655 
0026 0.1	0.902791 0.989886 1.05589 1.12052 1.03962 1.06572 1.12204 1.24054 0.926525 0.972062 
0027 0.0797823	1.40882 1.31186 0.942861 1.22474 1.07454 0.95551 1.02827 1.18638 0.933512 0.73155 
0030 0.138964	0.745278 0.841317 0.990505 0.972012 1.07773 1.014 0.95122 0.93102 0.974949 1.04102 
0031 0.112097	1.0422 1.19642 0.947955 1.17942 1.22294 1.03885 1.06774 1.18585 0.904211 0.887124 
0032 0.0869006	1.07469 0.869288 1.07181 0.867065 1.0376 0.928646 1.02834 0.869467 1.26388 1.26034 
0033 0.0710888	0.711446 0.959008 1.00045 1.01631 1.02441 1.10565 1.02836 1.10042 1.02754 1.01922 
0034 0.0561769	0.81781 0.995559 0.916684 1.26336 1.29689 1.09937 1.06311 1.35657 0.902104 1.17875 
0035 0.130351	1.04204 1.00123 0.994524 0.930519 0.959828 1.00412 0.975106 1.09114 0.864063 0.895677 
0036 0.234735	0.93545 0.998843 1.06685 0.956899 0.977136 0.976002 1.00134 0.953168 1.1194 1.01041 
0037 0.169688	1.53807 1.1629 1.07211 1.00744 0.953428 0.866302 1.0411 0.911144 1.07631 0.759003 
0040 0.0737168	0.916113 1.10956 1.01657 1.02543 0.943989 1.01425 1.05743 1.08295 0.864327 0.890826 
0041 0.162246	0.863511 0.933853 1.03096 0.911747 0.817202 0.871483 1.00312 0.931653 1.00552 0.937617 
0042 0.201171	0.878119 0.942241 0.951837 1.17215 1.18335 1.07602 1.01888 1.18398 0.951107 1.04882 
0043 0.0826731	1.68447 1.22708 0.957282 1.15724 0.900642 0.942872 1.04702 1.09261 0.965858 0.862453 
0044 0.109542	1.4768 1.18665 1.08758 0.935403 0.88394 0.870082 0.96599 0.898552 1.10223 1.00051 
0045 0.171547	1.14936 1.09078 1.06003 1.07849 0.993317 0.958599 1.02178 0.93204 1.05972 1.06531 
0046 0.0651051	0.557033 0.827928 0.970609 1.00273 0.945214 1.04898 0.980583 1.08594 0.846051 1.18727 
0047 0.133999	0.705262 0.851401 0.994491 0.984787 1.07822 1.01897 1.0024 0.939077 1.06832 1.26424 
0050 0.0978782	1.70948 1.23547 0.982392 1.21719 0.988283 0.86561 1.08283 1.06611 1.0062 0.625781 
0051 0.0562971	0.622955 0.781745 0.925746 1.17386 1.17994 1.06096 1.00822 1.14099 1.10243 1.44804 
0052 0.0571526	0.710863 0.866335 0.946881 1.06226 1.0419 1.06642 1.09274 1.04842 0.89478 1.08322 
0053 0.110198	1.01889 0.954765 1.09007 0.815325 0.914734 0.922182 0.986621 0.76477 1.22462 1.09916 
0054 0.178303	0.687734 0.941378 0.998167 0.896971 0.990441 0.966004 0.903571 1.05317 0.937085 1.00571 
0055 0.131759	1.20054 1.07351 1.01535 0.935829 0.863572 0.890972 1.01641 0.95873 0.958821 0.72795 
0056 0.148871	1.08792 1.1359 0.948736 1.16715 1.05397 1.02603 1.07356 1.23821 0.811448 0.932604 
0057 0.219541	1.02813 0.945163 0.998179 1.02855 0.985375 0.963318 1.04275 1.0456 1.05707 1.01181 
0060 0.152962	0.755196 0.882727 0.930498 1.06216 1.02575 1.05972 0.941233 1.07329 0.878677 0.868716 
0061 0.123546	0.880932 0.875716 1.10246 0.814899 0.805544 0.911959 0.903401 0.87703 1.17167 0.959284 
0062 0.224381	1.13793 1.12684 0.963897 1.04655 1.06272 0.948585 0.981249 1.10008 0.934976 0.851715 
0063 0.0723765	1.32226 1.06036 1.02982 0.864812 0.906304 0.891094 0.931864 0.811162 1.0517 0.822248 
0064 0.105486	1.50697 1.21693 0.968569 1.1143 1.09078 0.927862 0.982859 1.05115 0.973511 0.775933 
0065 0.193323	0.808693 0.885536 0.973635 1.07097 1.11723 1.04931 0.996596 1.01564 1.09366 1.14247 
0066 0.0566425	0.725906 0.841873 0.928464 1.22492 1.3251 1.14723 0.975472 1.13631 0.954405 1.16492 
0067 0.071282	1.82379 1.29878 1.08163 0.850356 0.880678 0.732946 0.978737 0.835861 1.20143 0.749496 
0070 0.120264	1.25504 1.16212 1.03895 1.1933 0.973365 1.02011 1.08992 1.25752 0.927809 0.881948 
0071 0.0988232	1.64223 1.15584 1.09965 1.04977 0.959077 0.838559 0.985661 0.956091 1.05794 0.785057 
0072 0.179107	1.05705 0.936791 1.09102 0.919759 0.969006 0.912225 1.01083 0.945714 1.02569 0.843978 
0073 0.139287	0.572158 0.821842 0.95662 1.12879 1.0943 0.995192 1.02013 1.16957 0.939268 1.06479 
0074 0.116718	0.84706 1.06058 0.961317 1.29961 1.12094 1.08809 1.0935 1.43911 0.880131 1.09278 
0075 0.0669031	2.07618 1.25772 1.06691 1.1127 1.04379 0.893103 1.1237 1.18212 0.97272 0.713929 
0076 0.0754474	1.25525 1.06408 1.0755 1.02829 0.950014 0.878122 1.03049 1.0661 1.15526 1.11177 
0077 0.20345	0.720436 0.883605 1.09061 1.01281 0.963927 0.959204 1.01112 0.939749 1.10813 1.23138 
0100 0.252984	0.886882 0.907242 0.975177 0.944957 0.974358 1.03527 0.984982 1.06479 0.956922 0.997618 
0101 0.0777821	1.06265 0.926514 0.903219 1.28106 1.23451 1.12001 1.15918 1.32605 1.03485 1.52263 
0102 0.107817	1.32674 1.06458 0.999926 1.05761 1.04458 1.01155 0.934702 1.15294 1.05672 1.13025 
0103 0.0958799	0.741537 0.888951 1.05975 1.1291 0.989432 1.17607 1.09413 1.15429 0.964452 0.984734 
0104 0.100501	1.21541 0.945446 1.12033 0.911648 0.900936 0.94463 1.0066 0.971141 1.19995 1.02239 
0105 0.0689257	1.85738 1.12352 1.10258 0.954096 0.885159 0.862484 0.957959 1.01077 1.21116 1.03511 
0106 0.152099	0.67176 0.832714 0.936111 1.08149 1.12622 1.04884 0.981265 1.24296 0.967904 1.15106 
0107 0.144012	1.26005 1.02755 1.01522 0.951543 0.872218 0.858391 1.02524 0.93559 1.01736 0.93718 
0110 0.138403	0.891354 1.15902 0.962743 1.03679 0.977636 1.0707 1.0449 1.33125 0.788624 1.0053 
0111 0.107985	0.836268 0.786265 1.08712 0.78514 0.845628 1.08794 1.0559 0.928388 1.05966 1.27437 
0112 0.155133	0.958472 1.15672 1.00406 1.00932 0.974294 0.937576 1.0277 1.15697 0.900529 0.928843 
0113 0.0775665	0.988857 1.18391 1.09096 0.964822 0.838212 1.08941 1.13365 1.0262 0.91027 0.999884 
0114 0.220532	0.616111 0.765596 0.938207 0.888156 1.01908 1.06738 0.975383 0.959135 0.89004 1.27338 
0115 0.131559	1.66856 1.086 1.06845 0.968822 0.851016 0.877974 1.11437 0.911489 1.03551 0.777433 
0116 0.0479087	1.67789 1.23334 0.962153 1.08151 1.09263 0.904456 1.01499 1.08694 0.916763 0.881741 
0117 0.120913	1.40704 0.983102 1.08259 0.966402 0.967818 0.868832 1.03317 0.853149 1.19639 1.06117 
0120 0.161049	1.68061 1.14318 0.996879 0.884113 1.00144 0.809629 0.979964 0.739996 1.14039 0.904554 
0121 0.171036	0.854043 0.949701 0.946878 0.950315 1.07374 0.994299 0.882211 0.879917 1.01619 1.02822 
0122 0.0424469	0.844925 0.96821 1.00618 1.03572 1.1191 1.21955 1.07458 1.01568 1.05905 1.36203 
0123 0.171036	1.11775 1.22837 0.889926 1.24557 1.10382 0.988854 1.01021 1.23725 0.991884 0.988777 
0124 0.158552	1.10682 1.00555 1.08781 0.953878 0.862415 0.957579 0.986482 0.838413 0.988768 0.85987 
0125 0.137328	0.999527 0.922462 1.06123 0.815367 0.836889 0.905889 1.00998 0.799031 1.19598 0.953892 
0126 0.0848939	0.558729 0.763082 0.899104 0.981091 0.990194 0.996051 0.876996 0.98828 0.883139 1.09727 
0127 0.0736579	0.675431 0.921284 0.918988 1.10065 1.16889 1.16945 0.970426 1.09973 0.907802 1.57241 
0130 0.272669	1.19287 0.953958 1.0059 0.90489 0.882152 0.918102 1.06055 0.859837 1.03274 0.789115 
0131 0.083014	1.10395 1.13814 0.997631 0.969975 1.01013 0.988706 1.06517 0.984318 0.870908 0.766296 
0132 0.128991	0.745172 0.787487 0.963335 0.873742 1.01944 1.03173 1.05398 0.958885 0.981342 1.11142 
0133 0.0932312	1.61958 1.22483 1.01623 0.987885 0.92718 0.91075 1.05035 0.980198 0.947895 0.767682 
0134 0.222861	0.805666 0.845703 0.841481 1.18113 1.16056 1.04997 1.06817 1.19113 0.897867 1.07718 
0135 0.0664112	1.87941 1.20468 1.02765 0.977329 0.789602 0.883234 1.04823 0.918961 1.15727 0.741763 
0136 0.0753512	1.47291 0.989461 1.04657 0.972151 1.0452 0.97679 1.06439 0.887745 1.12562 0.923598 
0137 0.0574713	0.939407 0.878176 1.03407 0.894202 0.878158 0.964089 1.05616 0.906491 1.15307 0.950883 
0140 0.147959	0.952799 1.07908 1.00307 0.99844 0.899291 0.995352 1.02208 1.04448 0.906693 0.913922 
0141 0.0935374	1.75003 1.16634 1.06127 0.901949 0.833321 0.89637 0.954826 0.765933 1.0885 0.814558 
0142 0.0748299	1.3655 1.22614 0.950067 1.03162 1.0113 0.932428 0.896471 0.92585 1.09503 1.03904 
0143 0.17517	0.741284 0.929137 0.908443 1.0517 1.04989 1.06466 0.974305 1.12288 0.916362 1.06233 
0144 0.0816327	1.35718 1.18979 1.00523 0.88928 0.831768 0.860606 0.896458 0.886101 1.02619 0.742024 
0145 0.0578231	0.856063 0.928037 1.01393 0.986969 1.04111 0.988594 0.978672 0.941817 1.13319 1.44486 
0146 0.251701	0.826632 0.89842 0.957717 0.93206 0.865432 0.875604 1.04299 0.81839 1.00639 0.89604 
0147 0.117347	1.16397 0.861166 1.02164 0.855529 0.875344 0.896042 0.949951 0.879651 1.15027 1.18049 
0150 0.178999	1.12482 1.04571 1.04972 0.902701 0.894577 1.04758 1.03871 1.04028 0.980632 1.0017 
0151 0.0818386	0.714969 0.880773 0.98385 1.05743 1.0087 1.26317 1.04351 1.21059 0.960658 1.44978 
0152 0.102018	1.56808 1.07172 1.03066 1.00599 0.944181 0.95947 1.04228 1.0909 1.11764 0.864661 
0153 0.0852018	0.762697 0.966574 0.863366 1.19843 1.13734 1.17469 1.0243 1.17813 0.73972 0.973611 
0154 0.0997758	0.809545 0.802452 1.05765 0.739263 0.825481 1.0877 0.939032 0.885222 0.957416 0.877006 
0155 0.284006	0.845488 0.988506 0.954996 1.03944 1.11121 1.09039 0.96792 0.993127 1.07936 1.21119 
0156 0.0829596	1.63496 1.21277 0.950658 1.19807 0.94798 1.0584 1.1063 1.19109 0.985456 0.849011 
0157 0.0852018	1.42061 1.12054 0.942546 0.938281 0.892616 0.901815 0.892965 0.949785 1.02524 0.647 
0160 0.181109	1.41027 1.06933 1.08861 0.982658 0.93613 0.883749 1.02445 0.89645 1.10468 0.900771 
0161 0.140815	1.05839 1.17698 0.976318 0.919106 0.898359 0.983012 0.973558 0.987572 0.844039 0.806997 
0162 0.0610919	0.774438 0.892779 1.04057 0.754565 0.787888 0.885612 0.931975 0.846541 0.937051 0.690613 
0163 0.114818	0.912014 1.02707 0.968711 1.10684 1.06518 1.04471 0.99604 1.16698 0.972094 1.14473 
0164 0.165945	0.760269 0.841129 1.03987 1.08491 0.995386 1.09099 1.05912 1.1216 0.97723 1.27247 
0165 0.155546	0.851303 0.891297 0.933479 0.955475 0.985124 0.997821 0.950191 0.956039 0.988428 1.05598 
0166 0.120451	0.878529 0.915038 1.09152 0.84438 0.911761 0.937316 0.980038 0.813409 1.03235 0.959407 
0167 0.0602253	0.993994 0.815698 0.941518 0.931913 1.0193 0.844781 0.961042 0.88198 1.29377 1.18768 
0170 0.104707	0.94169 0.998412 0.997704 0.770746 0.778145 0.878424 0.895751 0.816121 0.985275 0.821235 
0171 0.0486515	1.07605 1.0348 0.918085 1.2105 1.14052 0.976403 1.07662 1.19395 0.974704 1.19978 
0172 0.207827	0.967482 1.03277 1.06153 0.942607 0.888694 1.03101 0.957212 1.07139 0.968146 1.11113 
0173 0.16129	0.692919 0.933431 0.975735 1.01754 1.02122 1.06552 0.996486 1.07909 0.829844 1.14878 
0174 0.113696	1.0821 0.992904 1.0176 0.9955 1.04753 0.919537 1.05122 1.00925 1.17173 1.2528 
0175 0.195135	1.33982 1.17085 1.07868 0.99142 0.839956 0.859757 0.983516 0.999958 1.10448 0.976393 
0176 0.123744	0.785272 1.01979 0.997678 1.08952 0.987156 1.11953 1.10601 1.24294 0.960528 1.26721 
0177 0.0449498	0.89088 0.928825 0.879899 1.08616 1.1493 1.00334 0.967557 1.1403 0.995441 1.19175 
1000 0.272835	1.06182 0.940283 1.0676 1.0342 0.938784 0.992857 1.01286 0.916644 1.0037 0.996363 
1001 0.0616845	1.01494 0.82518 1.04718 0.794935 0.853126 0.840236 0.84964 0.827279 1.08111 0.817597 
1002 0.0704626	0.992866 0.912471 1.03646 1.2645 1.06296 1.04248 1.02617 0.987102 1.20366 1.25022 
1003 0.0678529	0.525252 0.74179 1.04156 0.975115 1.0234 1.18521 0.984581 0.935837 1.02365 1.4545 
1004 0.219929	0.87366 0.994355 0.959263 1.20398 1.00181 1.0403 1.01141 1.08428 0.881456 0.961916 
1005 0.0937129	0.990619 0.9414 0.882485 1.2818 1.18309 1.07085 0.99734 1.19779 0.936221 1.04629 
1006 0.150652	1.75928 1.17093 1.05954 0.994597 0.91154 0.877953 1.05336 0.828624 1.22639 0.900105 
1007 0.0628707	1.52527 1.1213 1.02247 1.31892 1.10073 0.994831 1.11837 1.22906 1.01836 1.12671 
1010 0.185774	0.871964 0.871871 0.898544 1.03421 0.967992 0.968845 0.995168 0.927244 0.936722 0.892925 
1011 0.043519	1.68548 1.00553 1.08291 0.878335 0.913014 0.81654 0.920996 0.763228 1.27792 0.820148 
1012 0.103416	1.33465 1.16445 0.919053 1.17338 1.09095 1.00665 1.04249 1.20042 0.905447 0.823187 
1013 0.217127	1.32193 1.03474 1.02577 1.03938 0.943714 0.984444 1.05112 0.965315 1.01426 0.846521 
1014 0.114647	0.827157 0.80314 1.03823 1.00013 0.988654 0.990486 1.02539 0.825864 1.19859 1.23816 
1015 0.131961	0.664927 0.859656 0.91212 1.26721 1.17898 1.10507 1.02737 1.20374 0.821559 1.08019 
1016 0.147403	0.665253 0.776453 0.977707 1.0485 1.03224 1.06989 0.939677 0.887296 1.00137 1.03263 
1017 0.0561535	0.752803 0.695061 1.06159 0.790125 0.814561 0.95593 0.895977 0.784688 0.992221 0.898767 
1020 0.141993	0.839891 1.03378 0.93588 1.14104 1.01939 1.11894 1.00453 1.1216 0.820637 0.997741 
1021 0.2335	1.04165 1.11715 0.996992 0.943531 0.850814 0.849111 0.985087 0.95151 1.06171 1.04246 
1022 0.100447	0.748644 0.97326 0.947356 1.19543 1.07498 1.02048 0.958044 1.10092 0.914514 1.01808 
1023 0.095188	1.08849 1.30074 0.992415 0.934747 0.922105 0.94756 0.972906 0.957792 0.946107 0.84881 
1024 0.152248	0.599648 0.892563 1.01347 0.877973 1.02831 1.04509 0.943234 0.955774 0.966977 1.18141 
1025 0.0560084	1.4908 1.13742 1.09274 1.06068 0.944779 0.837597 0.984897 0.783705 1.2984 0.933834 
1026 0.0496976	0.746784 0.884206 1.05681 0.879239 0.968348 1.00544 1.0183 1.02715 1.1123 1.38116 
1027 0.170918	1.8409 1.47556 1.02341 1.17577 0.956249 0.837964 1.06237 0.945121 1.10791 0.679212 
1030 0.127916	1.15696 1.03009 0.967538 1.08094 1.03656 1.04762 1.00461 1.08308 1.03922 1.07641 
1031 0.161759	1.44023 1.14988 1.01883 0.902963 0.847442 0.887999 1.0132 0.925473 1.07312 0.854763 
1032 0.116252	1.03482 0.929634 1.0914 0.871679 0.880864 0.975759 1.00336 0.878074 1.19213 1.17421 
1033 0.167686	0.711252 0.910483 0.976348 0.953873 0.984384 1.05512 0.966976 1.01861 0.898588 0.966443 
1034 0.107648	1.12988 1.04564 1.08384 1.00525 0.992195 1.08961 0.937259 1.04549 1.05173 1.252 
1035 0.0556405	1.08918 1.03871 0.95674 0.967099 1.05523 0.932244 0.954353 0.886231 1.07875 1.0696 
1036 0.0992352	1.02218 1.00907 0.889716 1.14739 1.06062 1.06577 1.05501 1.2257 0.846672 0.945746 
1037 0.163862	0.881203 1.03727 0.999285 0.82139 0.88477 0.956203 0.923265 0.850966 0.988559 0.905896 
1040 0.122287	0.648366 0.839591 0.985929 1.05443 1.09303 1.06501 1.03566 1.15982 1.03565 1.24871 
1041 0.156027	0.750566 0.871039 0.917553 1.07729 1.20067 1.1449 0.956544 1.18401 0.825049 1.04905 
1042 0.0811025	2.04876 1.20911 1.02248 0.99965 0.958949 0.821133 1.03526 1.00915 1.10264 0.742333 
1043 0.142721	1.00956 1.07497 0.993879 1.05374 0.987485 0.990393 1.08951 1.10156 1.02344 1.08481 
1044 0.0864882	0.872478 1.02261 0.898261 0.913714 0.962281 0.888151 0.885169 0.907454 0.912806 0.842077 
1045 0.16173	1.22509 0.960485 0.978643 1.02478 0.975815 0.97104 0.974665 1.03129 0.982032 0.859328 
1046 0.09425	0.628935 0.701038 0.95647 0.799632 0.946906 1.01828 0.92526 0.790013 1.03528 1.24546 
1047 0.155394	1.16369 0.963975 0.995914 0.828139 0.910039 0.848339 1.01973 0.851721 1.18845 0.973958 
1050 0.103557	0.722024 0.90309 0.929938 0.95993 0.967554 1.03672 0.947665 1.08555 1.11299 1.0345 
1051 0.103107	1.06167 1.02754 1.0315 1.052 0.95208 0.962665 1.06977 0.937456 1.26595 1.10376 
1052 0.149932	0.711715 0.96343 0.863387 1.1382 1.16985 1.13681 1.04122 1.259 0.917308 1.14675 
1053 0.0977037	1.28372 1.15821 0.965051 1.15079 0.9975 0.958893 1.11356 1.11693 0.997344 0.972504 
1054 0.158937	0.879251 0.974953 1.03689 0.971124 0.947485 1.09806 0.987114 0.972161 1.04901 1.19514 
1055 0.155786	0.846586 0.92434 1.03465 0.821045 0.848409 1.00492 0.990569 0.870006 1.03062 0.90937 
1056 0.125619	1.38735 1.14606 0.93597 1.06288 1.01275 0.898194 0.980472 1.01631 1.06085 0.931868 
1057 0.105358	1.49144 1.07311 1.08696 0.88341 0.808002 0.904992 0.971808 0.882351 1.15487 0.741414 
1060 0.093241	1.03271 1.04354 1.08857 1.0996 0.926657 0.975721 0.949625 1.07307 1.00908 0.860699 
1061 0.176914	0.921541 0.923115 1.07387 0.838159 0.905602 0.971853 1.00741 0.849927 1.10701 1.17066 
1062 0.136401	1.44729 1.10316 1.06829 1.02693 0.971593 0.912885 1.00474 0.974286 1.03152 0.929707 
1063 0.152891	0.866017 0.914384 0.973782 0.989783 1.03405 1.0365 1.03184 1.02987 1.0035 1.15803 
1064 0.0584283	2.19728 1.43169 1.12044 0.961713 0.955555 0.854386 0.987745 0.994787 1.11828 0.684909 
1065 0.0529316	1.46607 1.04737 1.09364 0.939683 0.863062 0.872562 1.09512 0.946503 1.22586 1.03885 
1066 0.189739	0.60282 0.794895 0.942536 1.12472 1.1188 1.18599 1.01773 1.09479 0.891229 1.23277 
1067 0.139454	1.07557 1.03702 0.961162 1.22723 1.06053 1.07438 1.00844 1.37512 0.852871 0.996378 
1070 0.135955	1.74966 1.21792 1.10054 0.91315 0.899632 0.892179 1.09432 1.07099 1.08327 0.795764 
1071 0.180164	0.964559 0.851197 1.11868 0.84169 0.922903 0.979386 1.03514 0.947505 1.10955 1.21711 
1072 0.0584898	1.14675 1.09133 0.941125 1.04054 1.00816 0.984465 1.01229 1.00705 0.990316 0.903545 
1073 0.24511	0.678605 0.896949 0.952485 1.04231 1.0338 1.07201 1.00789 1.19119 0.917069 1.07672 
1074 0.145149	1.30729 1.01412 1.11179 0.795613 0.86904 0.850602 1.02821 0.837803 1.22488 1.02628 
1075 0.0850939	0.766763 0.837548 0.997668 0.908482 0.937534 1.01427 0.979101 1.01307 1.00263 1.24726 
1076 0.0647496	1.02433 1.10499 1.05916 1.00683 1.00785 0.993981 1.0975 1.17445 1.04121 1.01154 
1077 0.0852895	1.07048 1.21618 0.95911 1.17359 1.05789 1.12389 1.08195 1.24691 0.825113 1.02328 
1100 0.123245	1.13361 0.876058 1.05588 0.80825 0.917838 0.938453 0.96871 0.954984 1.13294 1.09423 
1101 0.0889236	0.786654 0.878359 1.00717 0.858826 1.03842 0.904265 0.927216 1.02285 1.09784 1.27331 
1102 0.099844	1.68468 1.07633 1.0545 0.919602 0.877505 0.968617 1.0481 0.9491 1.11532 0.870827 
1103 0.201248	0.831765 0.948738 0.884779 0.990638 1.06133 0.989534 0.973315 1.11425 0.95508 1.01656 
1104 0.0624025	1.22394 1.00655 1.02919 1.23661 1.26553 1.08205 0.973824 1.28832 1.09491 1.36649 
1105 0.0468019	1.56858 0.930545 1.01243 0.876993 0.91383 0.805365 0.979289 0.931017 1.36807 1.12269 
1106 0.190328	1.28828 0.98344 1.0067 1.00464 0.974449 0.962625 1.01937 1.14186 1.03687 0.896653 
1107 0.187207	1.04175 1.10085 0.9903 1.14857 1.1752 1.07721 0.976614 1.17787 0.924466 1.07785 
1110 0.159178	0.846875 0.919164 0.998052 1.04951 1.08135 1.02481 0.95171 1.04371 0.97958 1.0797 
1111 0.197261	1.34421 0.96312 1.11863 0.890706 0.823819 0.939562 0.961644 0.866675 1.07312 0.91213 
1112 0.20154	1.03169 1.08244 0.986041 1.02883 0.961324 1.03263 1.06226 1.0979 0.88492 0.844148 
1113 0.157467	0.799683 0.96318 1.00513 0.986117 1.07401 1.09238 0.897861 0.9998 0.920256 0.845597 
1114 0.0539153	0.964631 1.13378 0.992469 1.27779 1.08668 1.14803 1.06955 1.32701 0.859784 0.896517 
1115 0.115961	1.23487 1.10638 1.06428 1.19224 0.994873 1.17134 1.04857 1.12914 1.02565 1.04567 
1116 0.0590501	0.765203 1.04488 0.831496 1.39799 1.34283 1.15856 0.994638 1.31919 0.884267 1.1064 
1117 0.0556269	0.768202 0.904268 0.885091 1.23394 1.1598 1.24707 0.973961 1.18403 0.774035 1.00754 
1120 0.180712	1.27919 0.935664 1.08644 1.03759 0.963391 0.920439 1.04077 1.06094 1.17108 1.09038 
1121 0.0599251	1.25581 0.908904 1.08975 0.746547 0.88459 0.864289 0.983665 0.833769 1.31065 1.00164 
1122 0.197566	0.596284 0.869075 0.944948 1.23289 1.16533 1.07543 1.06267 1.25877 0.866382 1.05583 
1123 0.0917603	1.86711 1.20456 1.10574 1.02216 0.898598 0.886334 1.05805 0.854698 1.16017 0.769057 
1124 0.0917603	0.885658 0.947346 1.05209 0.968601 0.979451 0.977502 1.13699 0.886068 0.959358 0.835023 
1125 0.173221	1.04328 0.870685 0.968546 1.02465 1.15136 0.945991 0.942903 0.925016 1.12301 1.01209 
1126 0.0945693	0.593418 0.862933 0.967213 1.03573 1.29891 1.10822 0.916962 1.03285 1.01624 1.43122 
1127 0.110487	0.754848 0.748042 1.00461 1.00275 1.02336 1.02384 0.995634 0.987287 0.980927 1.04492 
1130 0.199112	0.85563 0.99861 0.991191 1.02722 0.912836 0.966976 0.983973 0.952888 1.08006 0.81973 
1131 0.185048	0.700617 0.699539 0.954092 0.993501 0.934221 1.09156 0.983206 1.04404 0.989462 1.09265 
1132 0.0481125	1.67946 1.206 0.984099 0.926513 0.891178 0.909198 0.959566 0.993203 1.03541 0.720116 
1133 0.111029	1.06374 0.974116 1.04145 0.829338 0.827079 0.9065 0.959693 0.88566 1.09867 0.831557 
1134 0.146558	0.784803 0.938579 0.974115 1.13945 1.05378 1.12855 1.01674 1.15478 0.949752 1.01645 
1135 0.0725389	1.20904 0.933588 1.0764 0.920812 0.872564 0.917309 1.03501 0.899347 1.22615 0.951838 
1136 0.101406	1.11393 0.901206 0.985515 1.00437 1.09029 1.09599 0.94485 0.922187 1.01427 0.877628 
1137 0.136195	1.45561 1.12986 1.05492 1.19977 0.909925 1.07824 1.09427 1.08204 1.05233 0.866323 
1140 0.119697	0.986 1.08635 0.990393 1.11422 1.07298 1.02815 0.94573 1.15604 0.952774 1.14396 
1141 0.113636	0.713739 0.905987 0.956589 0.998115 1.24558 0.978388 0.910949 1.11708 1.05013 1.08205 
1142 0.0863636	0.884464 0.893728 1.0118 1.03633 1.15013 1.09198 0.96864 1.18719 0.971825 1.37367 
1143 0.0818182	1.31752 0.804164 1.06968 0.925144 0.954956 0.841075 1.02523 0.923668 1.37936 1.09775 
1144 0.336364	1.36435 1.0309 1.04883 0.987123 1.03154 0.939407 1.06199 1.01518 1.03103 0.994984 
1145 0.069697	1.54108 1.24461 1.1004 0.893844 0.897936 0.906767 1.01033 0.920254 1.03519 0.650778 
1146 0.0757576	1.05421 1.02052 0.939412 1.03426 1.02655 0.942636 0.912764 1.06232 0.917769 0.788725 
1147 0.116667	1.18158 1.17835 0.976126 1.15087 1.07994 1.05156 1.00373 1.33236 0.855605 0.884541 
1150 0.119539	1.80178 1.08054 1.01422 1.00031 0.932229 0.824923 1.09226 0.844293 1.14768 0.929548 
1151 0.168689	0.949464 1.04801 0.888937 1.12163 1.13752 1.02484 0.959478 1.13528 0.992669 1.00054 
1152 0.059466	1.38138 0.926337 1.11838 0.810656 0.80913 0.901792 0.992382 0.866091 1.26651 1.07126 
1153 0.190534	1.19707 1.03308 1.05433 1.00889 0.917571 0.979734 1.0417 1.04426 0.891146 0.840516 
1154 0.104369	0.737905 0.833099 0.86177 1.12032 1.23559 1.18424 1.06128 1.28512 0.823051 1.30325 
1155 0.169296	0.905919 0.845489 0.963372 0.93414 1.09301 1.04656 0.992444 0.959385 1.15053 1.37292 
1156 0.0637136	1.16481 1.07859 0.940594 1.01891 1.04861 1.01961 1.01063 1.29171 0.935109 1.05889 
1157 0.124393	0.97183 0.955909 0.99544 0.865195 0.968058 0.968791 0.991872 0.994004 0.949018 0.963003 
1160 0.162423	0.761069 0.722672 0.940312 1.01027 0.959696 0.982127 1.00495 0.987281 1.10265 1.21674 
1161 0.114135	0.678998 0.789329 0.982857 1.01761 1.13526 1.11378 0.994235 0.883934 1.09614 1.35783 
1162 0.0992098	1.49974 1.15242 1.11645 0.827199 0.804422 0.832583 1.04612 0.70712 1.13855 0.739354 
1163 0.178227	1.08375 0.876678 1.07665 0.835777 0.853096 1.00285 1.04565 0.801983 1.13929 0.990179 
1164 0.131694	0.863741 1.00015 1.06653 1.08723 0.989528 1.1052 1.10731 1.11981 1.00216 0.964845 
1165 0.0377524	0.579904 0.867869 0.88688 1.26001 1.19629 1.24598 1.14917 1.26785 0.792454 1.29332 
1166 0.105356	1.20538 1.07736 1.06521 0.888343 0.861551 1.00528 1.10676 0.865015 0.97091 0.769005 
1167 0.171203	1.18502 1.06983 0.953502 1.18532 1.02228 0.977911 1.00409 1.08331 1.01297 0.785744 
1170 0.122908	1.11556 0.904962 1.07172 0.801895 0.798415 0.866695 0.943811 0.838312 1.14725 0.929586 
1171 0.169648	0.849707 0.877096 0.952236 0.895121 0.982067 1.04623 0.916124 0.962384 0.927266 0.96524 
1172 0.189267	1.66341 1.1238 1.02059 0.859824 0.878646 0.876038 1.0834 0.968503 1.08989 0.863436 
1173 0.133295	0.767816 1.04314 0.967468 1.05185 1.05079 1.17607 1.0407 1.19249 0.820917 1.12042 
1174 0.13618	0.654586 0.860243 0.970069 0.999939 1.10568 1.12474 1.0075 1.04911 1.05585 1.35486 
1175 0.117715	1.03159 0.999985 0.957447 1.10942 1.05339 0.905038 0.962615 0.982995 1.13807 1.12116 
1176 0.0802077	1.13675 1.29724 0.94746 1.04053 1.02461 0.966849 1.00332 1.21846 0.78072 0.690731 
1177 0.050779	0.813547 0.892611 1.10282 0.894702 0.901354 1.0733 0.939524 0.942361 0.97142 1.21417 
BOUNDS
LWPS R    0.0  0.0  0.0  0.0  0.0  0.0  0.0  0.0  0.0  0.0
UWPS R    0.5  0.5  0.5  0.5  0.5  0.5  0.5  0.5  0.5  0.5
LXAS R   -0.5 -0.5 -0.5 -0.5 -0.5 -0.5 -0.5 -0.5 -0.5 -0.5
UXAS R    0.5  0.5  0.5  0.5  0.5  0.5  0.5  0.5  0.5  0.5
END
