NAME moment_estimation_cluster
ASSETS 10
BENCHMARKS 0.1 0.1 0.1 0.1 0.1 0.1 0.1 0.1 0.1 0.1 
COVARIANCES
0 0 0.00248243
1 0 0.000245826
1 1 0.0050145
2 0 0.000675801
2 1 -0.00439784
2 2 0.00586381
3 0 0.00156217
3 1 -0.00210462
3 2 0.00364921
3 3 0.00481211
4 0 -0.000555526
4 1 0.0021311
4 2 -0.00346798
4 3 -0.0048314
4 4 0.00654353
5 0 0.00276757
5 1 0.000529736
5 2 0.000380724
5 3 0.00272991
5 4 -0.00155497
5 5 0.00544402
6 0 0.000509248
6 1 0.000611762
6 2 -0.000352829
6 3 0.000657487
6 4 -0.000375196
6 5 0.00105747
6 6 0.000818609
7 0 -0.00186686
7 1 0.00977353
7 2 -0.0111195
7 3 -0.00978934
7 4 0.0104934
7 5 -0.003363
7 6 -9.63887e-05
7 7 0.0302579
8 0 0.00204759
8 1 0.00048417
8 2 0.000211366
8 3 0.00150719
8 4 -0.000476223
8 5 0.00296231
8 6 0.000653128
8 7 -0.00121588
8 8 0.00289272
9 0 0.00137245
9 1 0.000540714
9 2 0.000298043
9 3 0.00237243
9 4 -0.00254782
9 5 0.00268216
9 6 0.000809825
9 7 -0.00320857
9 8 0.00151529
9 9 0.00241059
SCENARIOS
0 0.63932	1.00835 0.982404 1.04672 1.03973 0.950122 1.00763 0.995903 0.910384 0.9999 1.01682 
1 0.36068	1.0136 1.03295 0.958314 0.937597 1.07883 0.988156 1.0163 1.13701 0.992597 0.975236 
00 0.240271	1.01762 1.09687 0.883383 0.978454 0.987583 1.00645 1.03256 1.16589 1.04797 1.05007 
01 0.759729	0.974745 0.965303 1.02502 1.01483 0.997294 0.976685 0.992618 0.955744 0.999857 0.993546 
10 0.747089	0.984727 0.959372 1.03924 1.03334 0.964367 0.972399 0.931191 0.965166 0.99172 1.01522 
11 0.252911	0.97974 1.05877 0.926595 0.911979 1.12078 0.959946 0.981705 1.25798 0.974607 0.963516 
000 0.0686153	0.95628 0.872563 1.16598 1.0566 0.904076 0.944574 1.02689 0.805873 0.932908 0.99142 
001 0.166786	1.00613 0.992288 1.03553 1.01332 0.944359 1.00828 0.975431 0.991927 0.935755 1.00068 
002 0.280255	0.978099 1.00079 1.03103 0.953961 1.07737 0.957179 1.00819 1.06916 0.934608 0.93409 
003 0.0679643	1.00365 0.899173 1.14407 1.14644 0.828588 1.04994 0.981632 0.794803 0.99469 1.02541 
004 0.118221	0.988338 1.12233 0.90222 0.963764 1.06481 1.08165 1.03871 1.23519 1.01951 1.00641 
005 0.0795521	1.12822 0.963775 1.1392 1.22881 0.834622 1.17546 1.04423 0.721284 1.1018 1.14469 
006 0.117375	1.0368 1.0186 1.0087 1.08684 0.971886 1.04618 1.02196 0.919489 1.06421 1.05128 
007 0.10123	0.91468 1.08114 0.926047 0.85625 1.22592 0.88453 1.01296 1.43936 0.901052 0.891836 
010 0.0780095	1.00763 0.887343 1.11836 1.07202 0.882119 1.00452 0.975768 0.772449 0.980265 0.997576 
011 0.0942332	1.08296 0.980636 1.07482 1.17341 0.856482 1.19858 1.03511 0.779615 1.13232 1.12183 
012 0.0617241	1.07523 0.873178 1.2308 1.20465 0.817405 1.12344 1.0147 0.627937 1.03383 1.07622 
013 0.198637	0.968582 0.948338 0.990137 0.916436 1.10644 1.0353 0.986061 1.09872 0.97361 0.924908 
014 0.103395	1.04934 1.00039 0.990212 1.07026 0.897919 1.14185 1.01832 0.940571 1.03346 1.05867 
015 0.263799	0.985094 1.09999 0.903376 0.919101 1.06433 0.946259 1.0002 1.2597 1.00713 0.973408 
016 0.121533	1.11625 1.04648 0.9857 1.02733 1.08243 1.17739 1.07521 1.08399 1.16049 1.03468 
017 0.0786683	1.06774 0.935382 1.11971 1.04268 0.977427 0.997863 0.971113 0.885093 1.04609 0.975936 
100 0.081385	1.02879 1.10636 0.91351 1.04902 0.95068 1.1508 1.10046 1.06041 1.04887 1.05867 
101 0.0908484	1.05116 0.976528 1.05665 1.10552 0.96034 1.12776 1.05539 0.890254 1.11283 1.02382 
102 0.14748	0.969205 0.967527 1.02001 0.981707 0.974361 1.02768 1.00418 0.914084 1.00318 0.942374 
103 0.128887	0.995589 0.853052 1.17075 1.06061 0.935541 0.934333 1.02127 0.776952 0.992693 0.97848 
104 0.0565576	0.898511 1.0729 0.946455 1.02865 0.884208 1.02406 1.1172 0.982521 0.961257 1.03937 
105 0.211386	1.05804 1.05183 0.940608 0.975254 1.04933 1.07595 1.08052 1.07618 1.0624 1.00566 
106 0.0775625	1.08208 0.933223 1.12516 1.18071 0.829339 1.19777 1.06154 0.704455 1.08439 1.0777 
107 0.205893	0.975578 1.06213 0.911807 0.886264 1.12663 1.00919 1.03687 1.31543 0.999508 0.949227 
110 0.0806841	0.999859 1.04601 0.896419 0.896978 1.20224 1.02662 0.966741 1.28005 0.956989 0.941197 
111 0.057882	0.969347 1.1081 0.885338 1.04547 0.928606 1.10683 0.986873 1.09809 1.02087 1.0746 
112 0.195352	0.932319 0.945931 1.04749 0.95661 1.06902 0.891509 0.948007 1.07696 0.931298 0.922198 
113 0.159724	1.02897 0.946023 1.06415 1.05975 0.922057 0.997407 0.956402 0.84164 1.02661 0.986266 
114 0.150844	1.05011 1.01352 1.04916 1.14828 0.919874 1.21545 1.00962 0.805676 1.10966 1.07984 
115 0.0483447	0.96078 1.15232 0.81192 0.935829 1.05426 0.953666 0.991889 1.41664 1.04741 0.992681 
116 0.18132	0.989235 1.07626 0.959161 0.999173 1.02858 0.97783 1.02083 1.14671 1.09762 1.02754 
117 0.12585	1.02707 0.86292 1.18767 1.05414 0.968977 1.00785 1.00153 0.719001 1.00703 0.953661 
0000 0.119545	1.10431 1.01637 1.08759 1.11671 0.896547 1.17804 0.932297 0.858182 1.06552 1.05644 
0001 0.108159	0.966801 1.03365 1.00423 0.962763 1.15796 1.01067 0.924594 1.21586 1.02085 0.939616 
0002 0.0806452	0.991601 0.897666 1.11483 1.07786 0.952213 0.917977 0.909768 0.871991 0.915963 0.965977 
0003 0.145161	1.01187 1.03566 0.998822 1.03267 0.991258 1.08856 1.03238 0.939478 0.995979 1.01606 
0004 0.140417	0.909134 1.02798 0.913395 0.901748 1.06062 0.968606 0.918456 1.2324 0.966661 0.917827 
0005 0.194497	0.99111 1.00177 0.9958 0.982263 1.02519 0.994955 0.968243 1.11029 1.03176 0.96194 
0006 0.147059	1.01834 1.09524 1.04393 1.02727 0.992479 0.985844 0.952244 1.01329 1.0131 1.00113 
0007 0.0645161	1.06864 0.925548 1.14694 1.15043 0.874507 1.07116 0.949335 0.658176 0.985071 1.05385 
0010 0.221702	0.91731 0.958267 1.04677 0.996391 0.982652 0.972501 0.992819 0.802792 0.945025 0.966975 
0011 0.218579	0.97095 0.968671 1.00246 1.05674 0.951214 1.01649 1.04168 0.875205 1.00663 1.04691 
0012 0.0800156	0.971565 1.12976 0.917235 0.971592 1.04326 1.00343 0.989845 1.28618 1.02085 0.988938 
0013 0.0893833	0.977156 0.997519 1.04637 0.976267 1.08981 0.926746 1.01146 1.05468 0.959641 0.947571 
0014 0.126073	1.05659 0.94223 1.12649 1.14806 0.875816 1.10147 0.977218 0.671134 1.03712 1.08285 
0015 0.0636222	0.984242 1.13463 0.888525 1.00809 1.02188 1.0285 1.03768 1.19939 1.09707 1.06262 
0016 0.0893833	0.854182 1.00459 1.00305 0.970128 0.99503 0.780835 0.982285 1.02085 0.952203 0.925038 
0017 0.111241	0.916623 1.07948 0.893839 0.928607 1.14798 0.95373 1.03227 1.21787 1.00165 0.98153 
0020 0.156562	1.0962 0.948983 1.08338 1.13251 0.944838 1.24064 0.98601 0.763085 1.11986 1.06716 
0021 0.113124	1.04726 1.08558 0.907735 0.921763 1.18404 1.15067 0.971972 1.23416 1.0772 0.952266 
0022 0.0743322	0.92812 0.942716 0.949966 0.917176 1.07661 0.879067 0.931119 1.14134 0.920846 0.942657 
0023 0.0994193	0.982772 1.16065 0.896409 0.944625 1.0731 1.0125 0.964395 1.30651 1.0084 0.999533 
0024 0.0905923	0.915189 1.04552 0.924759 0.945468 1.01203 1.00571 0.975239 1.05874 0.938285 0.98965 
0025 0.105459	0.916291 0.939475 1.02819 1.00282 0.926748 0.839418 0.93567 1.01584 1.00129 0.966547 
0026 0.202091	0.991168 0.929433 1.041 1.01249 1.04567 1.07691 0.958389 0.959567 1.04808 0.999589 
0027 0.15842	1.01911 1.02153 0.971827 1.04907 0.918748 1.00287 0.955246 0.979036 1.03722 1.11561 
0030 0.114943	1.03051 1.00306 0.984078 1.00594 0.966822 1.09295 1.0385 0.83639 0.917109 1.04601 
0031 0.16954	0.957426 1.02279 1.00211 0.962649 1.0791 0.92095 1.00811 1.01123 0.932207 0.94198 
0032 0.143678	1.02677 1.14332 0.907922 0.972482 0.984946 0.910924 1.05284 1.02746 0.990038 1.08221 
0033 0.227011	0.955835 0.978461 1.03193 1.05822 0.893369 1.00783 1.00231 0.7617 0.915266 1.0128 
0034 0.128352	1.05528 1.03274 1.0264 1.06038 1.04347 1.21807 1.01034 0.871171 1.02032 1.10119 
0035 0.0938697	1.02 0.878058 1.16136 1.04645 0.952929 0.960074 0.957608 0.788002 0.997665 0.98671 
0036 0.0555556	0.967122 1.10004 0.834101 0.863209 1.12384 0.932507 1.04186 1.39836 0.973301 0.984447 
0037 0.0670498	0.961256 0.948543 0.938317 0.900262 1.19078 1.03666 1.03009 0.986936 0.918979 0.993102 
0040 0.110683	0.930337 1.00542 1.03303 0.952003 0.944954 0.886667 0.932435 0.994937 0.912615 0.97142 
0041 0.140419	0.942222 1.0566 0.982125 0.939599 1.04899 0.932493 0.932209 1.22578 0.920083 0.957768 
0042 0.0985683	1.10498 0.959161 0.998416 0.939141 1.09272 1.08159 0.917988 1.05187 1.02188 1.00228 
0043 0.0919604	0.916581 1.04804 0.989529 1.0194 0.884858 0.955427 0.968848 0.87398 0.938386 1.07299 
0044 0.178414	1.12453 0.952635 1.14449 1.14004 0.891839 1.013 1.02472 0.813756 1.02731 1.09126 
0045 0.119493	1.00143 1.13957 0.899851 0.914365 1.13215 0.925839 1.03064 1.41702 0.93956 0.95199 
0046 0.171256	0.969943 0.923391 1.03764 1.02197 0.959704 0.98427 0.985702 0.866915 0.987058 1.0176 
0047 0.089207	1.07275 1.11388 0.949429 1.009 0.976738 1.12658 0.995548 1.0591 1.0122 1.07647 
0050 0.11784	0.957354 1.1573 0.863395 0.975024 0.965538 0.983139 1.00946 1.19377 0.987023 1.03931 
0051 0.0515548	0.93597 0.981619 1.06657 0.926184 1.09909 1.02356 1.00583 1.05725 0.903278 0.890127 
0052 0.204583	0.964298 0.953685 1.03454 1.05203 0.928944 1.09753 1.03291 0.833695 0.961567 1.02249 
0053 0.121931	0.940439 0.925973 1.03661 0.994685 1.0093 0.958888 0.972949 0.844458 0.990636 0.964554 
0054 0.135843	0.977025 1.04153 0.944836 0.989004 1.05766 1.01085 1.02211 1.10529 1.05954 0.990717 
0055 0.0908347	0.94948 1.05484 1.02298 1.12696 0.829739 1.10713 1.01768 0.967489 1.00258 1.06116 
0056 0.0793781	1.01104 0.854673 1.2071 1.13379 0.90413 1.04299 1.00497 0.718535 0.962202 0.963521 
0057 0.198036	0.943234 1.08794 0.930281 0.887361 1.14486 0.962335 0.969671 1.29005 1.03606 0.915192 
0060 0.0787576	1.07293 0.955187 1.11492 1.15604 0.86419 1.0694 1.02178 0.703948 1.01995 1.02576 
0061 0.103161	0.987712 0.940315 1.12466 1.00278 0.985939 1.01438 0.922955 0.884128 0.940552 0.993274 
0062 0.103161	1.05889 1.05506 0.975527 1.0841 0.922554 1.24933 1.03382 0.965782 1.04544 1.0688 
0063 0.153078	1.09801 1.0305 1.05012 1.0089 1.03974 1.21564 1.0133 1.15242 1.10591 1.01723 
0064 0.11259	1.07846 0.984472 1.10546 1.06041 0.970436 1.11749 0.992406 0.875992 0.977298 0.984767 
0065 0.139767	0.922078 1.12231 0.921818 0.91399 1.11787 0.995014 0.98271 1.34534 1.01298 0.975075 
0066 0.252912	0.938275 1.03555 0.99829 0.963913 1.04117 1.06439 1.00191 1.14979 0.975016 0.964309 
0067 0.0565724	1.04291 0.915794 1.19919 1.06926 0.944361 1.18092 1.0396 0.815588 1.0581 1.01362 
0070 0.122186	1.00499 1.00705 0.993594 1.05199 0.894464 1.10831 0.938666 0.927472 1.11409 1.03328 
0071 0.059164	1.07029 1.18707 0.873322 0.9671 0.941678 1.13139 1.01518 1.25003 1.06639 1.08597 
0072 0.0778135	1.11358 0.897367 1.02423 1.12623 0.834573 1.09805 1.02718 0.808891 1.04707 1.05314 
0073 0.176206	1.10825 0.951624 1.06258 1.05764 0.993765 1.10326 0.948797 0.818813 1.05446 1.06596 
0074 0.152412	0.973244 1.07458 0.95491 0.952566 1.02861 0.868906 0.96608 1.24083 1.03415 0.988271 
0075 0.177492	1.01722 1.00775 0.94721 0.978103 0.985908 1.1828 0.940761 0.965812 0.990265 1.00675 
0076 0.0553055	0.896554 0.870057 1.14314 1.01957 0.881103 0.867625 0.86897 0.813953 0.917879 0.982569 
0077 0.179421	1.0361 1.07437 0.880873 0.904611 1.15827 1.0709 0.971482 1.32902 1.02318 0.986204 
0100 0.0960676	1.08346 1.04409 0.987024 1.09671 0.961901 1.11109 0.988013 1.02076 1.07581 1.09986 
0101 0.0820797	0.962248 0.941163 1.16398 1.06442 0.991201 0.972428 1.0107 0.798087 0.987874 0.985325 
0102 0.0728424	0.938021 0.965161 1.00752 0.945892 1.06737 0.931377 0.982352 1.06714 0.888054 0.952453 
0103 0.138031	1.07186 0.976478 1.00218 1.00026 1.07263 1.02944 1.05205 0.989127 1.03283 0.988929 
0104 0.125891	0.982894 0.999957 1.00654 0.985041 0.993548 0.886414 1.01744 0.940819 0.914044 0.95047 
0105 0.226181	0.995777 0.949689 1.05641 1.06673 0.91537 0.997774 1.05341 0.801903 0.999764 1.01967 
0106 0.164687	0.936761 1.08213 0.909689 0.919405 1.04993 0.972827 1.04399 1.17602 0.943091 1.01665 
0107 0.0942201	1.0158 1.02944 0.941212 0.90817 1.1782 1.00336 0.94198 1.14836 0.983565 0.909389 
0110 0.0557133	1.02126 0.870855 1.11522 0.993 1.13531 1.02298 0.987124 0.949979 1.00931 0.922652 
0111 0.133931	0.959006 0.996541 0.989731 0.929666 1.06486 0.943932 0.931647 1.02099 0.925197 0.930832 
0112 0.0823684	0.993431 0.970088 1.04443 0.980936 0.960128 0.846813 0.981999 0.96408 0.907513 0.943068 
0113 0.158401	0.988224 0.904094 1.12453 1.0805 0.868864 0.94729 0.975644 0.699466 0.90904 0.99367 
0114 0.0633603	1.15631 1.0995 0.948815 1.09667 0.9462 1.1359 1.10005 1.00063 1.09567 1.0972 
0115 0.111427	1.03506 1.05319 0.902226 0.887141 1.1679 0.919001 1.03902 1.28957 0.95322 0.932155 
0116 0.215643	1.10576 1.04784 0.977179 0.997232 1.04092 1.00881 0.998926 1.06741 1.0052 1.04162 
0117 0.179157	1.11558 0.982201 1.06261 1.09834 0.901342 0.982908 1.01508 0.788866 1.01252 1.03599 
0120 0.0910607	0.887309 0.991727 1.00895 0.910046 1.05474 0.813435 1.00965 0.929931 0.945305 0.917672 
0121 0.157105	0.981736 1.06923 0.94222 0.996074 1.00669 0.927617 1.04087 1.0414 0.969219 1.04176 
0122 0.0967312	0.962162 1.09908 0.90496 0.930339 0.98931 0.908167 0.965277 1.08551 0.942012 0.984596 
0123 0.0637091	0.96864 0.868934 1.12248 0.94297 1.09455 0.823278 0.929073 0.919468 0.976396 0.857121 
0124 0.10974	1.113 0.898076 1.08689 1.18049 0.851591 1.13112 1.05398 0.6734 1.08243 1.14562 
0125 0.104403	0.967729 0.90975 1.17289 1.09424 0.957987 0.905989 0.997285 0.799406 1.05768 0.989812 
0126 0.102735	1.03111 1.013 0.958512 0.879799 1.21352 0.959434 0.988902 1.13686 1.01671 0.884437 
0127 0.274516	1.07167 0.982779 1.02207 1.02 0.99053 0.988371 0.99312 0.908855 0.99972 1.0155 
0130 0.184287	0.994269 1.03137 0.927106 0.93954 1.07457 0.939108 0.952503 1.14593 0.956613 0.982413 
0131 0.0611526	1.04725 0.968887 1.0692 1.0823 0.954343 0.916635 1.01932 0.861298 0.99634 1.01647 
0132 0.0588723	0.954456 0.94411 1.16523 1.18719 0.802165 0.913167 1.02563 0.686448 0.993658 1.02786 
0133 0.0656095	1.01823 0.84467 1.16964 1.1059 0.904142 0.932621 0.928565 0.661477 0.970768 1.00867 
0134 0.0545191	1.00801 0.964196 1.11804 1.0994 0.930539 0.932448 0.962601 0.765421 0.991897 1.00196 
0135 0.172471	0.961248 1.01736 1.01125 1.07084 0.879445 0.908889 1.04634 0.971057 1.00821 1.06617 
0136 0.135468	1.02289 1.10543 0.928511 0.880395 1.21211 0.827432 0.960615 1.40394 0.996896 0.948916 
0137 0.26762	1.01296 0.980643 1.02642 1.0063 1.00428 0.991519 0.974394 0.984627 1.01524 0.987989 
0140 0.108323	0.990716 0.933685 1.12842 1.11691 0.884782 1.02037 1.01025 0.724698 0.959654 1.02915 
0141 0.0637196	1.01718 1.03245 0.915753 0.88962 1.23519 0.910512 1.02234 1.33147 1.0454 0.929039 
0142 0.0491836	0.921553 0.909133 1.06856 1.02432 0.886582 0.879149 0.97529 0.697514 0.866656 0.997061 
0143 0.064317	1.07122 1.03686 1.00922 1.09011 0.956617 1.07505 1.05639 0.793279 1.10842 1.11617 
0144 0.197929	1.02986 0.945942 1.0079 0.982899 1.06931 1.01228 1.03758 1.09557 1.02812 0.999478 
0145 0.189367	0.974569 1.07983 0.915231 0.91327 1.08184 0.930434 1.02183 1.19372 0.97655 0.962715 
0146 0.201513	0.936836 0.978477 1.03893 1.01382 0.97361 0.949153 1.00267 0.944516 0.952651 1.02198 
0147 0.125647	1.05067 1.09383 0.927223 1.03425 0.9507 1.12605 1.07093 0.938236 1.0095 1.0844 
0150 0.118317	1.00079 1.05686 0.96571 1.00252 0.976388 0.994453 1.04297 1.14639 0.96836 1.0403 
0151 0.110747	0.984729 0.910429 1.0571 1.05371 0.885395 0.923862 1.01785 0.866402 0.865336 0.998229 
0152 0.123859	0.966903 0.917955 1.01653 0.972039 0.997895 1.00023 0.943164 0.992149 0.920501 0.963791 
0153 0.111761	1.15657 1.01407 1.00623 1.09148 0.935625 1.25015 1.05443 0.92504 1.06778 1.088 
0154 0.118473	1.08577 0.914151 1.02802 0.99308 1.0488 1.02909 1.00136 0.957312 1.00219 0.981412 
0155 0.0881136	1.11991 1.05899 0.955966 0.988403 1.10107 1.14215 1.06616 1.09789 1.01114 1.0047 
0156 0.180364	1.01421 1.04667 0.896343 0.866015 1.19794 0.99891 1.02854 1.316 0.94267 0.965876 
0157 0.148365	1.02884 0.929222 1.15452 1.14807 0.863228 1.10195 0.989908 0.731968 1.04698 1.06475 
0160 0.180756	0.992354 1.01483 0.991651 1.00242 1.00548 1.11528 0.987238 0.915611 0.947491 1.0043 
0161 0.0567508	1.0981 0.956118 1.07581 1.1411 0.905708 1.15337 1.02517 0.894648 1.01409 1.07323 
0162 0.0921565	0.951711 0.944931 1.06976 1.04802 0.887998 0.960162 0.92981 0.734631 0.893429 1.01916 
0163 0.169914	0.951119 1.07901 0.908971 0.921477 1.05804 0.966992 0.937055 1.14859 0.925505 0.94867 
0164 0.0687786	1.02317 1.24699 0.810245 0.895202 1.16017 0.989933 1.01468 1.46882 0.961937 0.992552 
0165 0.124005	0.973222 0.905447 1.04913 1.00209 0.984424 0.935873 0.948902 0.872177 0.964064 0.970551 
0166 0.107911	1.05849 0.925822 1.15188 1.12517 0.849846 1.02724 0.99477 0.557653 0.94571 1.0302 
0167 0.199729	0.964209 0.976381 1.05533 0.948525 1.04671 0.907792 0.94688 0.896899 0.968857 0.922657 
0170 0.0936928	0.97358 0.850295 1.15329 1.02095 1.0223 1.06373 0.980562 0.708567 0.969041 0.962869 
0171 0.0651662	1.05999 0.881674 1.12737 1.13959 0.926537 1.1687 1.03286 0.734373 1.15103 1.03807 
0172 0.0832243	0.948441 0.962515 1.00983 0.971377 1.13499 1.07677 1.01856 1.12164 0.964706 0.960349 
0173 0.148652	0.95345 0.979505 1.01846 0.978703 0.998823 0.922541 0.995618 0.993731 0.86117 0.95223 
0174 0.151531	0.992459 1.04529 0.95733 1.0713 0.927837 1.10704 0.977969 1.08316 0.979519 1.0687 
0175 0.252552	1.00276 1.09292 0.924318 0.953328 1.05282 0.936339 1.05224 1.24786 0.985421 0.993193 
0176 0.14368	1.02353 0.909143 1.13639 1.07995 0.916137 1.06274 1.00322 0.813467 0.950402 1.01768 
0177 0.0615022	0.938063 0.992336 0.930647 0.861163 1.14699 0.974554 0.935618 1.17167 0.928461 0.90351 
1000 0.26083	0.998555 1.02872 0.984466 0.923146 1.0837 0.896635 0.951777 1.26219 0.993067 0.955964 
1001 0.0902873	1.02952 0.853234 1.12685 1.01495 1.02173 0.897217 0.978099 0.839201 1.0011 0.949468 
1002 0.148655	1.04223 1.00978 1.02418 1.04801 0.987765 1.0308 1.00975 0.942008 1.12881 1.03993 
1003 0.0565435	1.07475 1.06598 0.950727 1.09078 0.890174 1.09501 0.981578 0.955841 1.10155 1.12024 
1004 0.143639	0.970949 0.985439 1.00239 0.986861 0.996752 0.975049 0.927292 1.0722 0.962486 1.01046 
1005 0.0752394	0.972919 0.92175 1.03629 1.01372 0.9295 0.98413 0.975078 0.807751 0.994945 1.00803 
1006 0.100775	0.958324 1.00537 0.88719 0.95249 0.996638 1.01678 0.995972 1.00904 1.05395 1.00637 
1007 0.124031	0.937963 0.929527 1.15627 1.13108 0.868567 1.04194 0.963149 0.7124 1.00788 1.02837 
1010 0.166258	1.02128 0.968111 1.08177 0.984857 1.04891 1.02423 0.981614 0.918805 1.06927 0.990649 
1011 0.113154	0.983286 0.90653 1.09733 1.0601 0.906363 0.991402 0.990378 0.756443 0.941734 1.05651 
1012 0.199755	1.09792 1.02587 1.01975 1.07874 0.931761 1.14111 1.04057 0.848775 0.949082 1.11021 
1013 0.0612745	1.17896 1.04069 0.911911 1.01987 1.05525 1.18909 1.09815 1.10041 1.14349 1.05837 
1014 0.0518791	1.02437 1.06106 0.914907 0.877943 1.16629 0.86883 1.03207 1.15762 0.969321 0.920613 
1015 0.0755719	1.08016 0.920564 1.12346 1.16266 0.873774 1.04605 1.0333 0.744678 1.04824 1.1225 
1016 0.116422	0.972596 1.05773 0.933946 0.94045 1.05685 0.873922 1.00574 1.11043 0.964859 0.957516 
1017 0.215686	0.936708 1.05835 0.938015 1.01784 0.949036 1.02578 1.02094 0.926277 0.987697 1.06239 
1020 0.0923503	1.06675 0.923909 1.1235 1.14487 0.883015 1.11901 1.02625 0.764917 1.04678 1.08971 
1021 0.208103	0.947403 0.930818 1.04109 1.01881 0.966268 0.927785 1.0118 0.861954 1.00324 0.990236 
1022 0.14922	0.94442 1.02149 0.966126 1.06371 0.9261 1.0688 1.04453 1.00464 0.966692 1.08538 
1023 0.104429	0.902971 1.09311 0.931725 0.913182 1.02443 0.811152 1.03589 1.21546 0.847579 0.955944 
1024 0.136387	0.90891 0.869297 1.04209 0.935896 1.11048 0.836608 1.0194 0.928897 0.93238 0.956985 
1025 0.103422	0.983327 1.00976 0.946219 0.974185 1.12457 0.903807 1.07727 1.06873 0.966302 1.00278 
1026 0.0888274	1.0649 0.914181 1.08899 1.08069 0.981913 1.04768 1.0342 0.793004 1.0638 1.08668 
1027 0.117262	1.04521 0.99572 1.02097 1.01286 1.05324 1.01464 1.03371 0.944627 0.935108 1.05044 
1030 0.260294	0.967189 1.00555 0.985981 0.969903 1.06164 1.07674 0.999273 0.967919 1.01277 0.951552 
1031 0.102793	0.932885 1.12995 0.87199 0.962849 1.01895 1.02133 1.00815 1.18389 1.01307 0.967142 
1032 0.0809099	1.05245 1.05211 1.07702 1.08894 0.896789 1.11574 0.969495 0.787957 1.00283 1.03879 
1033 0.141088	1.00157 0.951567 1.08798 1.054 0.975665 1.0935 1.0749 0.722334 0.971248 0.992168 
1034 0.102505	1.05784 0.924374 1.092 0.982933 1.07017 0.959149 0.995677 0.918092 0.991714 0.931451 
1035 0.152606	0.969272 1.04118 0.959006 1.06936 0.893273 0.988832 1.00941 0.825623 0.988786 1.03177 
1036 0.0676648	1.01052 0.984953 1.16668 1.16845 0.887737 1.13523 1.0379 0.841446 1.11402 1.04085 
1037 0.0921394	0.997955 0.987908 0.97428 0.901237 1.23098 1.05033 0.92864 1.1354 1.0129 0.894671 
1040 0.150262	0.989708 1.02457 0.971351 0.951008 1.04763 0.904461 0.908825 1.07545 0.886944 0.954721 
1041 0.111549	1.01901 1.06336 0.906227 0.916312 1.03755 0.868714 0.921197 1.26849 1.00642 0.977527 
1042 0.0931759	1.06578 1.073 0.894418 0.894062 1.15892 0.89032 0.971228 1.353 0.972798 0.902818 
1043 0.256562	1.02581 0.960134 1.00724 1.0562 0.926571 0.893317 0.952928 0.922669 1.03642 1.0226 
1044 0.0531496	1.06143 1.22289 0.861235 0.963573 1.02051 0.977599 0.972131 1.4099 1.03732 1.03774 
1045 0.101706	1.15108 0.967281 1.15158 1.16501 0.87069 1.1529 0.925098 0.745563 1.11546 1.12353 
1046 0.0879265	1.0812 1.10657 0.933885 1.038 0.97207 1.05374 1.03205 1.16097 1.13862 1.08217 
1047 0.145669	1.0746 0.94965 1.08932 1.01973 1.03071 0.914097 0.902967 0.912978 0.971923 0.945373 
1050 0.0661868	0.99966 0.855779 1.23571 1.08273 0.990671 0.958211 0.933199 0.898874 1.01457 0.952568 
1051 0.126931	0.945152 1.15638 0.863537 0.944531 1.05108 0.9641 0.960675 1.36369 1.01424 0.957502 
1052 0.248244	0.92315 0.932378 1.07484 0.96517 1.09963 0.967223 1.00314 0.921892 0.92395 0.973726 
1053 0.119909	0.976236 1.05264 1.04726 0.985219 1.02338 0.955427 0.97511 1.09766 0.982493 0.96823 
1054 0.0663624	0.878667 0.96559 0.975555 0.953009 0.996418 0.897893 0.91921 1.11803 0.898619 0.904262 
1055 0.0593399	0.951156 0.903597 1.16689 1.14896 0.875511 0.981368 1.00675 0.741678 0.952521 1.01611 
1056 0.201369	1.04257 0.969233 1.02046 1.10172 0.948006 1.01294 1.03062 0.882086 1.07687 1.03582 
1057 0.111657	0.966538 1.11292 0.967849 1.05858 0.886072 1.0322 0.993351 1.03283 1.01165 1.11743 
1060 0.0511962	0.930491 0.798082 1.25304 1.10662 0.966157 0.903404 0.982253 0.638313 0.934201 0.927276 
1061 0.166507	1.01317 0.963568 1.00897 1.11511 0.900251 1.01996 1.03494 0.762987 1.07971 1.07312 
1062 0.180383	1.05134 1.14124 0.870466 0.96238 1.02378 0.965167 1.05173 1.08946 1.00578 1.01611 
1063 0.113876	1.00067 0.894918 1.1515 1.06145 0.949528 0.912846 0.996816 0.826782 0.988534 0.952494 
1064 0.0971292	0.888191 0.967546 1.0209 0.976529 0.97282 0.825892 1.01706 0.955972 0.849379 0.955159 
1065 0.077512	0.88203 1.06798 0.993069 1.0048 0.92874 0.826235 0.959854 1.05791 0.861912 0.975134 
1066 0.146411	0.908121 1.00029 0.96268 0.885209 1.12603 0.806139 0.99255 1.12328 0.960059 0.910268 
1067 0.166986	1.05676 0.995737 0.997011 1.01894 1.05165 0.982111 1.04927 0.970882 1.06652 0.994417 
1070 0.114275	1.06037 1.00315 0.98574 0.989615 1.06747 1.01138 1.04441 0.925046 1.0351 0.966802 
1071 0.0753425	0.980876 1.1259 0.887082 0.865877 1.17148 0.934642 1.01659 1.3072 0.99738 0.942901 
1072 0.0520908	1.06336 0.893939 1.11601 1.02173 1.09449 0.902028 0.994141 0.805743 1.01741 0.938611 
1073 0.249459	0.925355 0.880363 1.15023 1.06935 0.947764 0.929588 0.94927 0.678931 0.915669 0.950433 
1074 0.190699	0.997402 1.04003 0.922519 1.01112 0.918781 1.00177 1.02736 0.889061 0.962234 1.03425 
1075 0.175919	1.04323 1.12327 0.908263 1.05503 0.965298 1.16046 1.02894 1.06499 1.05506 1.07616 
1076 0.0614636	0.909209 1.03288 1.03173 0.920851 1.10079 0.843758 0.999469 1.18054 0.888982 0.938298 
1077 0.0807498	0.908434 1.00889 0.954279 0.936404 0.999872 0.792282 0.97653 1.04763 0.843793 0.93616 
1100 0.0951087	1.03527 0.881775 1.18441 1.05954 1.00836 0.91354 0.982327 0.792944 0.974127 0.931156 
1101 0.195652	0.920524 0.898008 1.0475 0.973669 0.975237 0.941275 0.995099 0.890885 1.00387 0.932093 
1102 0.1875	1.01362 1.11372 0.956596 0.894067 1.1047 0.901057 1.02347 1.44166 0.97755 0.94665 
1103 0.0923913	0.897547 1.1468 0.890846 0.948258 0.909055 0.956205 1.06029 1.33893 0.959769 1.01435 
1104 0.0896739	1.00586 0.878004 1.02978 0.943572 1.0748 1.05485 0.974189 1.00752 1.11173 0.957533 
1105 0.171196	0.976418 0.966411 1.1313 1.12338 0.895645 1.0617 0.982886 0.744285 1.00111 1.03486 
1106 0.0516304	1.04015 1.1225 0.969115 0.973111 1.10089 1.04961 1.04744 1.12805 1.17546 1.05645 
1107 0.116848	0.988011 1.0507 0.982808 1.0232 0.966473 1.13635 1.00121 1.13594 1.07516 1.02597 
1110 0.0984848	1.08606 0.949974 1.11157 1.0817 0.870745 0.992622 1.14122 0.785342 1.10328 1.10132 
1111 0.0511364	1.07219 1.03779 0.995983 0.873893 1.18137 0.884195 1.07393 1.30288 1.04146 0.887249 
1112 0.176136	1.12804 1.07776 0.959675 0.983634 1.04507 0.975459 1.09326 1.08742 0.998886 0.988914 
1113 0.0587121	1.19173 1.18295 0.964266 1.06941 0.955234 1.24197 1.04617 1.17259 1.18376 1.12334 
1114 0.1875	1.01627 0.970981 1.00254 1.02708 0.931137 0.928062 1.04183 0.879992 1.02437 1.00893 
1115 0.168561	1.00557 1.08383 0.964049 0.915306 1.09146 0.943904 1.10523 1.39468 1.0222 0.97085 
1116 0.159091	0.982597 0.996923 1.01221 0.934856 1.00507 0.808859 1.01356 1.1043 0.834109 0.967257 
1117 0.100379	1.01888 0.834627 1.09875 0.981189 0.967382 0.883124 1.07439 0.796221 0.942177 0.957193 
1120 0.0718294	0.900157 0.886794 1.03493 0.994692 0.909166 0.939523 0.956567 0.822091 0.991189 1.01295 
1121 0.161616	0.976429 1.09656 0.857911 0.881951 1.11675 1.0309 1.06598 1.37839 1.00586 0.937175 
1122 0.15881	0.984356 1.00006 0.95593 1.00531 0.957527 1.0821 1.02323 0.861157 1.02576 1.02989 
1123 0.0920314	1.11359 0.959725 1.03961 1.11729 0.860875 1.10018 0.995378 0.784195 1.03569 1.09531 
1124 0.253648	1.05472 1.05015 0.907006 0.971175 1.02852 1.12115 1.05707 1.0647 1.0923 1.0198 
1125 0.0684624	1.0187 0.888605 1.06641 1.08998 0.964641 1.17852 1.00194 0.746491 1.03702 1.04169 
1126 0.136364	1.09195 0.926385 1.04326 1.0256 1.02552 1.00145 1.01438 0.839049 1.08093 0.999188 
1127 0.0572391	1.0073 1.08742 0.995884 1.04017 0.890775 0.99234 1.00794 0.980451 1.05319 1.07778 
1130 0.05628	0.916103 1.16364 0.938606 0.949119 1.05707 0.96435 1.01075 1.31376 0.939848 1.02201 
1131 0.137955	0.945647 1.1368 0.939447 1.01379 0.967306 0.938552 1.09522 1.14848 0.961597 1.0577 
1132 0.0974605	0.896318 0.878652 1.11405 1.13728 0.856398 0.929085 1.05628 0.789042 0.953145 1.04956 
1133 0.118737	1.02421 1.04324 0.949596 1.05287 0.905428 1.01975 1.02652 0.929607 0.969036 1.08145 
1134 0.0995196	0.97991 0.930944 1.0745 0.975382 1.02812 0.937454 0.985212 1.009 0.948959 0.95467 
1135 0.19698	0.979787 0.997972 0.992443 1.02817 1.01953 0.989793 1.04431 1.08093 1.03389 1.03396 
1136 0.126973	0.896469 0.920834 0.978005 1.0037 0.930352 0.957585 1.01268 0.903247 0.871147 1.02223 
1137 0.166095	0.97283 1.11785 0.924754 0.906316 1.1449 0.930388 0.986945 1.37098 0.965548 0.94522 
1140 0.153343	0.969278 1.05703 0.927677 0.91564 1.06617 0.881768 1.06097 1.22028 0.992787 0.977461 
1141 0.0552326	0.989434 0.898925 1.15422 0.959209 1.04895 0.853641 0.963475 0.905615 0.978007 0.892403 
1142 0.198401	1.03143 1.02604 1.04999 1.1236 0.870244 1.07036 1.0215 0.892932 1.02516 1.10879 
1143 0.059593	1.02146 1.03265 0.911887 0.865634 1.17739 0.980751 0.947976 1.32727 0.959477 0.959102 
1144 0.126453	1.07002 0.875041 1.10463 1.04761 0.985654 1.02516 1.02493 0.886992 1.12233 1.00976 
1145 0.162791	1.02968 1.0441 0.965139 0.992116 0.939793 0.930439 1.09144 1.13738 0.93658 0.983966 
1146 0.0675872	1.0857 0.987663 1.02737 0.971127 1.11003 1.00482 1.01977 1.01498 0.988848 1.00977 
1147 0.176599	1.04223 0.869958 1.11384 1.0355 0.911351 0.899484 1.00594 0.854478 0.988799 1.00571 
1150 0.219955	0.956232 1.03857 1.05174 1.01396 0.92908 0.957376 1.0598 0.898154 0.860116 1.0011 
1151 0.0453515	1.01911 0.971077 1.09022 0.957039 1.05702 0.949667 0.963998 1.00329 0.94984 0.945504 
1152 0.201814	1.04609 1.07111 0.978383 0.963636 1.05277 1.10033 1.00468 1.11184 1.0389 1.02331 
1153 0.0544218	0.986961 0.874944 1.09648 1.03153 0.986745 1.11253 1.00196 0.611198 0.903073 1.03369 
1154 0.156463	0.980351 1.1378 0.896467 0.867771 1.1348 1.02687 1.0008 1.20605 0.994559 1.02383 
1155 0.0770975	1.01006 1.13719 0.98124 1.03312 0.929398 1.17725 0.985797 1.06794 1.05012 1.09163 
1156 0.0748299	0.96267 0.920804 1.09194 1.1328 0.803702 1.02797 0.994109 0.724823 0.967572 1.09611 
1157 0.170068	0.947632 0.968986 1.04149 0.966554 0.993452 0.887739 1.02673 0.883376 0.844607 0.972079 
1160 0.175937	0.99691 1.04433 0.928209 0.940703 1.01961 1.00322 0.967512 1.12316 0.913634 1.01572 
1161 0.08948	0.989613 0.966 0.99549 0.970678 0.985508 0.981249 0.957971 0.889708 0.839545 0.956759 
1162 0.0949214	1.14479 0.932103 1.08716 1.03199 1.08323 1.20857 0.94016 0.890954 0.969844 0.954179 
1163 0.180169	1.02237 0.996714 0.978899 0.989084 0.945297 1.10668 1.01106 0.874231 0.93349 1.02705 
1164 0.169891	0.983287 0.908453 1.11888 1.09536 0.91601 1.10567 0.976352 0.790143 0.959607 0.988357 
1165 0.047763	0.933289 0.987775 0.980957 1.09071 0.837656 1.07471 0.98797 0.867398 0.954623 1.06988 
1166 0.0882709	1.0721 0.992027 1.03686 1.07779 0.935135 1.02866 1.03981 0.850645 0.979957 0.995519 
1167 0.153567	1.05085 1.12083 0.867234 0.925011 1.1309 1.16077 1.00847 1.23998 1.00966 1.01929 
1170 0.187282	1.07179 1.07086 0.904296 0.991035 1.10352 1.01785 0.980382 1.2425 1.15488 1.00875 
1171 0.118467	0.963886 0.888997 1.14029 1.12066 0.911581 0.905054 0.909752 0.768243 1.02644 1.04989 
1172 0.10453	1.03608 0.873879 1.11274 1.07574 1.01037 1.04995 1.03909 0.924429 1.10512 1.03452 
1173 0.101045	0.936832 0.952199 0.954018 0.937686 0.998963 0.908862 0.936038 0.991661 0.917296 0.912457 
1174 0.111498	0.910416 0.96519 1.01225 1.04417 0.924043 0.992774 0.918761 0.94675 0.939846 1.02267 
1175 0.103659	1.01644 1.00381 0.953594 1.0524 0.975911 1.05181 1.00998 1.02075 1.09519 1.07985 
1176 0.0722997	1.04191 0.928544 1.02195 1.14746 0.885058 1.13294 0.979265 0.845927 1.08825 1.11873 
1177 0.20122	0.943047 0.966286 0.987349 0.918862 1.12021 0.869641 0.930433 1.35027 1.00487 0.919375 
BOUNDS
LWPS R    0.0  0.0  0.0  0.0  0.0  0.0  0.0  0.0  0.0  0.0
UWPS R    0.5  0.5  0.5  0.5  0.5  0.5  0.5  0.5  0.5  0.5
LXAS R   -0.5 -0.5 -0.5 -0.5 -0.5 -0.5 -0.5 -0.5 -0.5 -0.5
UXAS R    0.5  0.5  0.5  0.5  0.5  0.5  0.5  0.5  0.5  0.5
END
