NAME moment_estimation_cluster
ASSETS 10
BENCHMARKS 0.1 0.1 0.1 0.1 0.1 0.1 0.1 0.1 0.1 0.1 
COVARIANCES
0 0 0.00371977
1 0 0.00231565
1 1 0.00574451
2 0 -0.000190967
2 1 -0.00559992
2 2 0.0102202
3 0 0.0017553
3 1 0.000772311
3 2 0.00179173
3 3 0.00290023
4 0 0.00168113
4 1 0.000942223
4 2 -0.00104968
4 3 -0.000567204
4 4 0.00520113
5 0 0.00343744
5 1 0.00591266
5 2 -0.00564831
5 3 0.00212575
5 4 0.00179365
5 5 0.00892962
6 0 0.000830479
6 1 0.00183293
6 2 -0.00170844
6 3 0.000448874
6 4 0.00073567
6 5 0.00231287
6 6 0.00119481
7 0 0.00389418
7 1 0.00840865
7 2 -0.0100288
7 3 6.85126e-05
7 4 0.0051231
7 5 0.0101904
7 6 0.00283749
7 7 0.0183926
8 0 0.00224967
8 1 0.00212518
8 2 -0.000411941
8 3 0.000825928
8 4 0.0014381
8 5 0.00216133
8 6 0.000825088
8 7 0.003793
8 8 0.00316988
9 0 0.00195042
9 1 0.00487109
9 2 -0.0041579
9 3 0.00186015
9 4 0.000642724
9 5 0.00631481
9 6 0.00186499
9 7 0.00733337
9 8 0.00129868
9 9 0.0059031
SCENARIOS
0 0.3036	1.0132 1.04242 0.987462 1.05335 0.966402 1.03666 0.999514 1.0057 0.991934 1.0712 
1 0.6964	0.999632 0.992796 1.01446 0.981109 1.00981 0.926624 1.00151 0.980305 0.990578 0.975446 
00 0.503656	1.09404 1.04706 1.00733 1.04205 1.03533 1.09926 1.05959 1.07541 1.08191 1.03976 
01 0.496344	0.952243 0.961311 1.02205 0.960581 0.961365 0.984433 1.00429 0.89703 0.96342 0.971253 
10 0.292332	1.06166 0.980913 1.08145 1.03937 1.11046 1.07979 0.973917 1.08702 1.10704 0.991294 
11 0.707668	0.944632 0.9738 0.988282 0.992437 0.972937 1.0265 0.960588 1.01301 1.0078 0.981293 
000 0.0645478	1.12361 0.957146 1.20024 1.16165 0.988191 1.02891 0.956936 0.914182 1.0388 1.01479 
001 0.222811	0.932509 0.813969 1.2816 1.02215 0.977517 0.922436 0.933338 0.79652 0.972698 0.90175 
002 0.0659211	1.03107 1.09016 0.869647 0.991552 1.06303 1.15289 1.00495 1.33973 1.04936 1.11198 
003 0.0708914	0.922913 1.09456 0.804299 0.88285 1.04791 1.05406 1.01315 1.29158 0.950189 1.05261 
004 0.185665	0.991278 1.09753 0.912779 1.00246 0.955304 1.05015 1.0093 1.11594 0.978648 1.10202 
005 0.100647	0.894889 0.953497 1.0393 1.01973 0.854926 0.854819 0.944819 0.725799 0.915536 0.960459 
006 0.201949	1.00101 0.966898 1.03278 0.991673 1.05793 0.929076 0.899791 1.04823 0.964191 0.985046 
007 0.0875679	1.05125 1.07081 0.980629 0.989408 1.20701 1.17429 0.99145 1.37342 1.08599 1.05711 
010 0.0973522	0.987386 0.873878 1.11462 0.979275 0.991014 0.88216 0.956481 0.833974 0.994995 0.860524 
011 0.0686841	0.9853 0.907664 1.15245 1.0011 1.01632 0.853072 0.927237 0.877304 0.957537 0.94891 
012 0.078771	1.09186 1.0578 0.934277 0.95131 1.22682 1.05172 0.996189 1.22236 1.05639 1.00342 
013 0.17546	1.07391 0.978027 1.10228 1.08153 1.04041 0.989365 1.0018 1.05823 0.983034 0.999804 
014 0.229677	0.999361 1.09951 0.80116 0.994362 1.0251 1.08135 1.0529 1.337 1.08181 1.07058 
015 0.0463866	0.897969 0.964521 0.962325 0.914739 0.931506 0.859006 0.980233 1.00653 1.00305 0.90557 
016 0.108833	1.0122 0.984237 0.921623 0.937356 1.02186 0.941459 0.997321 1.16255 1.05997 0.931357 
017 0.194837	1.0147 0.90048 1.15399 1.04804 0.872999 0.856398 0.910626 0.860498 1.02676 0.877999 
100 0.040672	0.9949 0.866375 1.17766 0.93064 1.06824 0.880106 0.990634 0.78709 0.934099 0.867842 
101 0.177571	1.01934 1.08881 0.860286 0.912526 1.13026 1.0559 1.0859 1.20762 1.01116 1.04931 
102 0.0589449	1.0426 0.889796 1.28254 1.06584 0.988604 0.950312 0.974851 0.694237 1.03849 0.935269 
103 0.0811966	0.902347 0.844751 1.19904 0.982476 0.921455 0.852213 0.939755 0.827614 0.892998 0.85292 
104 0.202525	1.0081 1.0262 1.00626 1.09397 0.926955 1.13176 1.02085 0.9323 0.919732 1.09156 
105 0.170252	1.04884 1.09133 0.926157 1.03857 1.0511 1.09669 1.04556 1.19054 0.984678 1.15365 
106 0.0674919	0.937976 0.887889 1.21344 1.04783 0.805273 0.849554 1.01111 0.686335 0.950638 0.938193 
107 0.201346	0.915394 0.953456 0.965007 0.933215 0.986785 0.955545 1.03338 0.984277 0.928193 0.952642 
110 0.266588	0.957563 1.01355 0.95349 0.975504 0.925249 0.937536 1.04403 0.954288 0.941222 1.02119 
111 0.0948419	1.01963 0.894157 1.15633 1.0103 1.04415 0.917695 0.993257 0.818987 0.969223 0.911886 
112 0.176048	1.07073 1.09526 0.964244 1.05323 1.05215 1.15054 1.04516 1.18254 1.06988 1.09328 
113 0.109472	0.998932 0.852581 1.32356 1.0604 0.941047 0.843486 0.948112 0.675398 0.925365 0.874812 
114 0.147437	1.06264 1.14866 0.778566 0.938861 1.10944 1.20412 1.0818 1.38802 1.00474 1.13322 
115 0.0556593	1.02997 0.929286 1.09496 0.931221 1.03661 0.895367 1.00354 0.87447 0.988579 0.879528 
116 0.0867254	0.914489 0.978694 0.908451 0.889116 1.02583 0.967565 0.983566 0.972104 0.918989 0.947542 
117 0.063228	1.00605 0.986788 1.10688 1.09283 0.842528 1.02532 0.991234 0.767408 0.905841 1.0085 
0000 0.0536981	1.01691 1.04018 1.13568 1.13937 0.970546 1.12485 1.05291 0.973898 1.07157 1.05512 
0001 0.0820669	1.09344 1.19531 0.915228 1.05066 0.955259 1.13872 1.0506 1.09737 0.968125 1.20148 
0002 0.0972644	0.929237 1.06458 0.858393 0.965079 0.84155 1.06377 1.03712 0.951899 1.04053 1.05409 
0003 0.0780142	0.994533 1.09829 0.853681 0.924158 1.18524 1.11342 1.10537 1.45436 1.06274 1.09794 
0004 0.263425	0.886294 1.02124 0.939343 0.969423 0.977144 0.927582 1.07444 0.9822 0.957403 1.0185 
0005 0.107396	0.812616 0.890346 1.12781 0.969059 0.896818 0.859751 0.956734 0.739016 0.917168 0.969951 
0006 0.132725	0.883659 0.88548 1.1365 1.00057 0.921413 0.922407 1.00514 0.885864 0.95067 0.966562 
0007 0.18541	0.948925 0.93931 1.15043 0.972686 1.16209 1.0498 0.976132 1.03429 1.00316 0.978304 
0010 0.0666275	0.91351 1.10438 0.87097 0.861882 1.00696 0.838269 1.02288 1.08555 0.990587 0.921509 
0011 0.0915762	1.11201 1.11075 0.942622 1.03875 0.934949 0.971772 0.934492 0.943789 0.976401 0.94605 
0012 0.282947	1.04535 1.10116 1.05713 1.04725 1.03095 0.890498 1.05132 0.952334 1.06048 1.01078 
0013 0.158791	1.06057 1.16141 0.853126 0.960414 1.00473 0.968625 1.00966 1.21235 0.963613 1.04108 
0014 0.194893	1.01869 1.00431 1.02767 0.933 0.974417 0.845363 0.993471 0.85851 0.906825 0.907317 
0015 0.0613443	1.08529 1.07771 0.922756 0.935844 1.21551 1.0125 1.08153 1.18391 1.11438 0.968213 
0016 0.0810097	1.017 0.930608 1.16352 0.994429 0.902799 0.764573 0.960508 0.794638 1.01846 0.85775 
0017 0.0628119	1.06532 0.893037 1.34015 1.07531 0.846841 0.858311 0.94759 0.820894 1.01526 0.873724 
0020 0.212302	0.950817 0.908099 1.09348 0.970583 1.0223 0.910361 1.06 0.881568 0.928237 0.913421 
0021 0.127976	1.05734 1.09765 0.878431 0.923966 1.00066 1.06769 1.03892 1.12185 0.940838 1.03558 
0022 0.0813492	1.04929 1.18364 0.912017 1.09268 0.965285 1.18446 1.00807 1.15358 0.986982 1.15709 
0023 0.171627	0.889768 0.94962 1.02344 0.909388 1.0167 0.944909 0.960693 0.882204 0.945398 0.937696 
0024 0.106151	0.946691 1.06248 1.03087 1.02379 1.02438 0.950843 1.05718 0.89674 0.952897 1.05032 
0025 0.0555556	0.981643 0.98784 0.947018 0.950859 1.17373 0.978428 1.0435 1.11885 0.947093 0.971358 
0026 0.102183	0.955249 0.931745 1.23096 1.06873 1.02204 0.93143 0.987557 0.846761 0.86255 1.0345 
0027 0.142857	0.982961 1.119 0.888151 1.01612 1.04368 1.101 1.02778 1.25816 1.00161 1.09821 
0030 0.136531	0.976052 1.12294 0.854442 1.03964 0.91868 1.23701 1.00555 1.11495 0.98429 1.12887 
0031 0.0682657	1.12731 0.971802 1.01461 0.965724 1.2303 1.01752 0.97339 1.0001 1.04417 0.878685 
0032 0.104244	1.083 1.12373 0.856918 1.04183 1.15622 1.1682 1.071 1.23242 1.14436 1.12856 
0033 0.123616	0.884991 1.00698 0.887555 0.967618 1.01407 1.07794 0.993456 0.978905 1.00239 1.01429 
0034 0.138376	1.01985 0.815749 1.16262 1.02089 1.01554 0.807226 0.897905 0.811374 0.954077 0.864828 
0035 0.0894834	0.987778 0.920267 1.08246 1.04344 0.878537 0.96548 0.958585 0.693069 0.899671 0.935313 
0036 0.250923	1.07265 1.05144 0.974734 1.01853 0.995413 0.991543 1.01719 0.961427 1.07643 1.01153 
0037 0.0885609	0.913374 0.894309 1.04366 0.954411 1.07857 0.957473 1.00238 0.829999 0.931615 0.936135 
0040 0.0598802	1.05688 1.11797 0.842402 0.984573 1.12076 1.29277 1.02262 1.32628 1.02139 1.10841 
0041 0.182811	0.896798 0.885925 1.0802 0.950043 0.94249 0.808126 0.982481 0.825903 0.938036 0.831302 
0042 0.190208	1.06153 1.00117 1.03964 1.06647 1.04351 1.04804 1.00898 1.03193 1.08623 1.06414 
0043 0.0538922	1.09434 0.981838 1.26186 1.10163 0.960195 1.08272 0.966292 0.915887 1.00467 0.958024 
0044 0.0891159	0.956829 0.991161 1.02131 1.05514 0.856762 0.922398 0.923653 0.910765 0.926047 0.963676 
0045 0.115181	0.91565 0.903299 0.993691 0.920112 1.0721 0.943565 1.02918 0.98781 1.01857 0.913309 
0046 0.0676294	0.976525 0.965599 1.04416 1.11227 0.946784 1.00569 0.924417 0.939859 0.985996 0.964687 
0047 0.241282	1.02684 1.08173 0.811545 0.987376 0.955181 1.14013 1.02227 1.00814 1.00853 1.02411 
0050 0.0727745	0.830823 0.996289 0.90923 0.985737 0.849088 1.02704 1.04847 1.178 0.948139 0.992734 
0051 0.195582	1.1044 1.07619 0.878512 0.995203 1.00363 1.18827 1.00157 1.37392 1.02825 1.0858 
0052 0.146849	0.983559 0.907788 1.03644 0.902681 1.01352 0.948404 0.992825 1.02511 1.0035 0.867856 
0053 0.111761	1.04064 1.01193 1.08786 1.08789 0.882482 0.981507 0.93906 1.27547 1.02379 1.03053 
0054 0.139051	1.02176 1.02472 0.970752 0.93241 0.98537 1.0534 0.97965 1.18619 1.0338 0.957683 
0055 0.174139	1.04521 1.04012 1.00367 1.04016 1.11983 1.16706 1.09729 1.38735 1.05288 1.04015 
0056 0.05718	0.98033 0.85201 1.26513 1.08276 0.907396 0.899296 0.904217 1.13978 0.960156 0.952931 
0057 0.102664	1.01691 0.919199 1.14436 1.00119 1.02087 0.973334 0.958227 0.977962 0.915705 0.992196 
0060 0.21114	0.952341 1.02032 0.910502 0.995308 0.967207 1.0093 1.1103 1.00559 1.05979 1.00529 
0061 0.0981218	0.9462 1.04454 0.861111 0.969814 1.03439 1.20812 1.09118 1.13811 0.919297 1.10848 
0062 0.234456	1.04549 0.91687 1.10084 0.992083 0.976546 1.02237 1.04231 0.86973 1.01449 0.930849 
0063 0.0786917	0.928433 0.967425 0.901955 0.885256 0.946209 0.959344 1.05396 1.05441 1.01474 0.963679 
0064 0.0767487	0.946478 1.0029 1.00678 1.02024 0.841627 1.07847 1.08971 0.818277 0.976242 1.07375 
0065 0.15544	1.02571 1.09999 1.02319 1.12257 0.98711 1.21042 1.19672 1.1387 1.04087 1.10699 
0066 0.0576425	0.978711 0.960172 1.22269 1.13254 0.873501 0.996671 1.06901 0.810904 1.04997 0.994666 
0067 0.0877591	1.04262 0.961569 1.00388 0.978669 1.17043 1.06209 1.13392 1.02124 1.05201 0.872575 
0070 0.182972	0.893388 0.957593 0.891066 0.915253 0.960136 0.863713 1.01696 0.787669 0.909636 0.919397 
0071 0.0828977	0.963192 0.866614 1.00847 0.883115 1.09689 0.78661 0.963987 0.86708 0.905337 0.876575 
0072 0.129201	0.930995 0.916394 1.1131 0.999471 1.04885 0.880536 0.981985 0.911596 0.947499 0.999029 
0073 0.122479	1.01067 0.907046 1.14562 1.01742 0.959965 0.814579 1.06003 0.840696 0.955451 0.916688 
0074 0.0896191	0.922703 1.07329 0.802928 0.955359 0.945887 1.03073 1.09251 1.05628 0.907315 1.08489 
0075 0.253921	1.05293 1.08956 0.871085 1.03868 1.0972 1.11163 1.15506 1.13767 1.00897 1.08479 
0076 0.0522778	1.17157 1.00686 1.11615 1.17537 0.935163 1.02936 1.03942 0.921972 0.97548 1.08275 
0077 0.0866318	0.970859 1.04511 0.940431 1.07791 0.897272 1.02513 0.990129 1.04138 0.984472 1.08737 
0100 0.0988412	0.952694 1.21107 0.803496 0.962523 1.00432 1.01063 1.01527 1.4711 1.09721 1.15567 
0101 0.0743013	1.02469 1.11997 0.926734 1.02532 1.10442 1.06907 1.02907 1.27478 0.958327 1.11264 
0102 0.100886	0.986866 1.10473 0.874719 1.03942 0.93179 1.04187 1.00344 1.1833 0.964551 1.06555 
0103 0.117928	0.955988 1.0115 0.967399 0.978125 1.02717 0.949263 0.951457 1.02129 0.962293 0.934049 
0104 0.160191	0.962606 1.01931 1.02016 1.00437 0.94337 0.958493 0.954907 0.946409 0.951246 1.01807 
0105 0.211997	1.01067 0.91011 1.11644 0.944581 1.02464 0.843239 0.92207 0.923332 0.941484 0.849978 
0106 0.0920245	0.980738 1.06623 0.949355 1.0336 0.912166 1.0048 1.00071 1.05742 0.96609 1.0405 
0107 0.143831	1.02336 0.953662 1.14871 1.08807 1.04443 0.965944 1.01713 0.92934 0.99178 0.935911 
0110 0.120773	0.92832 1.10525 0.820193 0.971552 0.96525 1.10958 1.12167 1.27821 1.09539 1.10511 
0111 0.0483092	0.966206 1.08201 0.869145 0.894574 1.0202 0.971099 1.0661 1.17987 1.01497 0.980648 
0112 0.209662	0.95999 1.03745 0.929323 1.00755 0.886377 1.13986 1.02947 1.18579 1.03935 1.03041 
0113 0.209662	0.931671 1.0261 0.985273 0.966765 1.00999 1.07648 1.07087 0.929306 1.04269 0.987849 
0114 0.0512077	0.87714 0.907113 1.11817 0.870623 1.00136 0.768965 1.04567 0.670287 0.960929 0.861414 
0115 0.0502415	1.00424 0.943623 1.06303 0.957297 1.05009 0.889682 0.995736 0.990007 1.07105 0.90332 
0116 0.0850242	1.06085 1.08967 0.992663 0.964017 1.16217 1.10343 1.06381 1.19192 1.0946 1.0155 
0117 0.225121	0.950633 0.962252 1.19615 1.0318 1.01938 0.907902 1.03609 1.0004 1.08939 0.926428 
0120 0.171862	0.915966 0.93786 1.01825 1.00693 0.901402 0.985304 0.933819 0.928511 0.990158 0.968436 
0121 0.0884583	0.982317 1.01903 0.980691 0.958814 1.10262 0.973584 1.07116 1.29544 1.06822 0.968182 
0122 0.143218	1.02046 1.03599 0.992332 1.03506 0.989638 1.14224 1.05906 1.06354 1.05227 1.06033 
0123 0.105307	0.9752 0.947253 1.03359 0.921604 0.979598 0.854222 1.00246 0.962158 0.981293 0.908232 
0124 0.177759	0.943021 1.04864 0.883723 0.938811 0.933393 0.930746 0.971074 1.19007 1.06899 1.04792 
0125 0.0758214	1.11275 1.12498 1.0296 1.1568 0.963978 1.09999 0.972525 1.20648 1.19682 1.09757 
0126 0.0817186	1.02804 1.23608 0.843428 1.03398 1.04926 1.09367 1.07415 1.45192 1.23829 1.11966 
0127 0.155855	0.997118 0.922937 1.1772 1.03886 1.02565 0.89914 0.956427 0.927085 0.990233 0.892721 
0130 0.131241	1.02319 0.965171 1.02267 0.944036 1.12721 0.986872 0.976502 0.898255 1.11728 0.855665 
0131 0.211044	0.955434 1.09286 0.899226 0.977292 0.893464 0.969961 1.04471 0.932064 1.0491 0.983299 
0132 0.1441	0.95791 0.900349 1.1539 0.972326 0.984054 0.961403 0.967808 0.837708 1.06435 0.880063 
0133 0.106278	1.09765 1.191 0.798948 0.994539 1.02714 1.13224 1.05811 1.19614 1.20095 1.03052 
0134 0.18003	0.928417 1.0208 0.937215 0.944752 1.04826 1.014 0.999537 1.03207 1.11882 0.997598 
0135 0.0472769	0.950862 1.0001 1.13696 1.12398 0.924804 0.992064 0.993239 0.907084 1.14023 1.00783 
0136 0.082829	1.05148 1.00238 1.10458 1.05847 1.08748 1.11221 1.1011 1.15188 1.22261 1.03497 
0137 0.0972012	1.03408 1.03378 1.01508 1.05139 0.847372 1.14539 1.04768 0.821786 1.06921 1.04036 
0140 0.117307	1.09879 1.0653 1.02859 1.08057 1.00891 1.21384 0.995926 1.12394 0.997534 1.18113 
0141 0.126553	1.10049 1.01117 1.16334 1.03932 1.05359 0.93346 1.01418 0.916539 0.992224 1.01031 
0142 0.0505634	0.923757 1.00067 1.03537 0.886898 1.14082 0.883468 0.909567 1.05051 0.942454 0.97436 
0143 0.0849465	1.02429 1.16121 0.874892 0.934123 1.11816 1.24212 1.06334 1.24688 1.03194 1.12589 
0144 0.180006	0.939671 0.990503 1.15587 1.06989 0.865144 0.939244 1.01177 0.815164 0.907572 1.04928 
0145 0.179139	0.988707 0.976732 1.00168 0.891493 0.991283 0.91369 0.928552 0.855587 0.850718 0.94203 
0146 0.152557	1.07574 1.193 0.876037 0.972116 0.933256 1.04179 1.0163 1.02469 0.98937 1.08735 
0147 0.108928	1.00369 0.906784 1.15646 0.962727 1.05108 0.944283 1.0049 0.944591 0.984797 0.961676 
0150 0.101574	1.02206 0.797891 1.20815 0.939241 1.0709 0.817729 0.881195 0.751651 0.972185 0.77552 
0151 0.124464	1.00394 0.949267 1.00956 0.946354 0.950154 1.01978 0.936098 0.816794 1.01337 0.900547 
0152 0.147353	1.05629 0.911382 1.00474 0.935161 1.10939 0.921534 0.987078 1.01138 1.02339 0.853361 
0153 0.0972818	0.924276 0.848155 1.17521 1.01929 0.871381 0.884449 0.972845 0.691262 0.874876 0.907117 
0154 0.101574	1.05635 0.985813 1.15988 0.995954 1.13987 0.970388 0.959578 0.901568 1.03581 0.968172 
0155 0.0586552	1.00289 1.07428 0.805382 0.978608 0.838718 1.2079 1.01588 0.903337 0.956657 1.01834 
0156 0.0815451	1.12126 1.16205 0.915558 1.06759 0.945411 1.09201 1.05482 1.05775 1.10421 1.14282 
0157 0.287554	0.972619 1.08979 0.970208 0.967387 0.988334 1.05964 0.989275 1.16756 1.02906 1.05832 
0160 0.0591463	0.936006 1.10542 0.827041 1.01068 0.991544 1.27773 1.02462 1.01626 0.940789 1.11891 
0161 0.170732	0.943489 1.02507 0.879413 0.915509 1.03167 0.962599 1.01521 1.0627 0.938772 0.983308 
0162 0.20061	0.942717 0.952595 1.09758 1.05601 0.944958 1.03615 1.00953 0.83478 0.957059 1.00283 
0163 0.0603659	0.910019 0.959533 0.907465 0.926193 0.874619 0.935236 0.944448 0.758513 0.820233 0.919714 
0164 0.0969512	0.960954 1.07548 0.875429 1.03177 0.882466 1.11557 0.927287 1.03607 0.85944 1.11365 
0165 0.186585	1.04519 1.02376 1.01658 1.05846 1.04712 1.18212 1.02226 1.03673 0.968846 1.0377 
0166 0.0560976	1.01503 1.00063 0.964422 0.966806 1.19482 0.983413 0.906392 0.906027 0.9151 0.957097 
0167 0.169512	0.930795 0.901543 1.1083 0.969046 1.0715 0.831975 0.910541 0.737584 0.932315 0.848934 
0170 0.236035	0.974568 0.90257 1.14545 0.973693 1.0288 0.848083 0.914252 0.815393 0.928635 0.904411 
0171 0.104564	0.949357 1.19163 0.765293 0.945466 0.977731 1.22511 1.01993 1.31842 0.999418 1.17029 
0172 0.117847	1.04591 0.89203 1.283 1.06472 1.01181 0.953742 1.08649 0.867304 0.982132 0.987143 
0173 0.0882153	0.938527 1.1339 0.869236 1.09117 0.923564 1.13057 1.09428 1.05192 0.914971 1.19285 
0174 0.149864	0.958473 0.947068 0.961733 0.957228 0.959283 1.01355 1.00634 0.855982 0.913505 0.999348 
0175 0.0497275	0.988904 1.05208 0.981357 0.956772 0.99924 0.997422 1.07757 0.949932 1.07541 0.972018 
0176 0.100477	0.981219 1.08712 0.973458 1.04015 0.855789 1.11898 1.00011 1.04587 0.957892 1.07617 
0177 0.15327	1.01495 1.0678 0.966848 1.01838 1.08765 1.1545 1.12675 1.17321 0.979755 1.14671 
1000 0.153382	0.933372 1.02068 0.87016 0.937825 1.04122 0.93584 0.964092 1.13292 0.980021 0.934685 
1001 0.103865	0.887948 1.12017 0.891044 1.07289 1.03871 1.14151 1.06597 1.2637 1.02959 1.14779 
1002 0.124396	1.04265 1.00609 0.997633 1.08362 1.05761 0.991964 1.02431 1.12953 1.07075 1.00885 
1003 0.146135	0.979193 0.940513 1.10085 1.08216 0.957075 0.87572 0.964297 0.923186 1.02094 1.05491 
1004 0.158213	0.919009 0.918806 1.06082 0.952858 1.01588 0.893239 0.972906 0.878284 1.07697 0.901617 
1005 0.0748792	0.923939 0.912458 1.00662 0.942516 1.09931 0.786317 0.942256 1.03678 0.908419 0.89467 
1006 0.089372	0.893532 1.06971 0.880574 1.01804 0.91527 1.00188 1.02513 1.00808 0.971044 1.01884 
1007 0.149758	0.990983 0.925477 1.16177 0.969311 0.929563 0.774069 0.940456 0.811886 1.02852 0.879465 
1010 0.079668	1.11409 1.20942 0.793859 1.06373 0.929031 1.33978 1.05091 1.34488 1.04654 1.22887 
1011 0.0757953	0.93759 0.943354 0.984603 1.05801 0.856551 1.0408 0.991449 0.863768 0.938669 1.01375 
1012 0.18036	0.942537 0.887635 1.14902 1.02523 0.910432 0.904904 0.876372 0.927868 0.916884 0.904699 
1013 0.148271	1.02348 0.888476 1.09889 0.996244 1.11435 0.86333 0.925683 0.968408 0.882372 0.915106 
1014 0.0893499	1.09201 1.1038 0.905395 1.09605 1.0903 1.29918 1.03511 1.18157 0.991671 1.11835 
1015 0.126141	0.889468 1.01894 0.877232 0.899188 1.01189 0.904758 0.970988 1.05176 0.993736 0.930138 
1016 0.171508	0.990659 1.07144 0.861666 0.976512 0.953614 1.00757 0.983218 1.21477 0.999371 1.04723 
1017 0.128907	1.0857 0.947216 1.13845 1.08546 1.02551 0.92506 1.00518 1.10614 1.06057 0.951305 
1020 0.110833	0.97774 1.06283 0.902822 0.965996 0.959832 1.03475 1.0577 1.35144 0.92423 1.06055 
1021 0.111667	1.05398 0.962642 1.16516 1.13282 0.982481 0.9454 0.966058 0.987661 0.884663 1.03919 
1022 0.265833	0.995482 1.00532 0.967737 0.976064 1.03836 1.0004 1.07345 1.22564 0.986548 1.00965 
1023 0.128333	0.969275 0.880314 1.10714 0.951827 1.05805 0.984984 1.01534 1.06736 0.937324 0.980097 
1024 0.146667	0.948418 0.889705 1.14139 0.978349 0.941586 0.75888 0.986505 0.921162 0.913746 0.93939 
1025 0.0641667	1.03871 1.08366 0.922855 0.966976 1.1441 0.96453 1.08099 1.40742 0.988141 1.02389 
1026 0.0741667	1.02761 1.08596 0.953079 1.09541 0.954981 1.11198 1.03038 1.33702 0.914954 1.12029 
1027 0.0983333	1.02197 1.20378 0.797749 0.996764 1.00561 1.13889 1.05118 1.38574 0.980003 1.0734 
1030 0.240774	0.962258 0.946506 1.04583 0.975666 0.946678 0.88215 0.984448 0.752521 1.01395 0.992811 
1031 0.134301	0.940146 0.871226 1.04639 0.897245 0.998596 0.837776 0.922702 0.810329 0.983534 0.907591 
1032 0.162129	1.11998 1.00416 1.1308 1.10209 1.04681 1.01869 1.08068 0.935842 1.15986 1.06157 
1033 0.0750151	0.961254 0.815669 1.08505 0.984803 1.00387 0.770721 0.955509 0.731959 0.930604 0.862067 
1034 0.0659407	0.969092 1.01824 0.889208 0.924121 1.089 0.921567 1.05362 1.08392 1.0589 0.983213 
1035 0.0822747	0.95292 0.949132 0.986235 1.0101 1.08422 1.12219 1.04975 0.878866 0.886058 1.0074 
1036 0.137931	1.04813 1.14637 0.942999 1.00824 0.957895 0.947461 1.04437 0.881555 1.04387 1.10954 
1037 0.101633	1.07014 1.10463 0.828508 1.0021 1.08431 1.08327 1.04371 1.06041 0.954082 1.11964 
1040 0.13267	0.976862 0.961511 1.19919 1.04215 0.949432 0.887272 1.01294 1.0161 1.03834 1.00488 
1041 0.0540868	0.901215 0.959777 0.959393 0.966524 0.887603 0.840874 1.04953 0.819777 0.907998 0.988878 
1042 0.075188	1.08318 0.976992 1.14798 1.12912 1.00618 1.04719 1.01788 1.03677 1.01408 1.06593 
1043 0.216105	0.944745 0.961982 0.992747 0.924561 1.04968 0.896271 0.952367 0.871749 0.988412 0.959186 
1044 0.227989	1.04065 1.1199 0.902291 1.00813 0.964759 1.04949 1.0906 1.20478 1.11446 1.09024 
1045 0.10405	0.904202 0.992204 1.00627 0.985217 0.886253 0.928921 0.953281 0.841119 0.947696 0.994758 
1046 0.0975018	0.971854 0.87567 1.20867 0.978277 1.04385 0.807689 1.04553 0.868614 1.05754 0.90771 
1047 0.0924084	1.10491 1.16832 0.9022 0.980282 1.09756 1.22409 1.07573 1.41849 1.11065 1.06372 
1050 0.154068	1.00756 0.934287 1.07593 0.963433 1.02696 0.982571 0.961161 0.896511 0.955447 0.896457 
1051 0.19071	1.06923 1.12097 0.898471 0.985883 1.05497 1.19113 1.09121 1.21496 1.00775 1.0533 
1052 0.170225	0.919823 0.95537 1.13977 0.98593 0.919288 0.862249 0.982372 0.729502 0.921412 0.892343 
1053 0.0923254	1.05215 1.08787 1.09297 1.09906 0.979797 1.07693 1.14302 1.00533 1.11099 1.05946 
1054 0.152626	0.914443 0.962903 0.966192 0.938397 1.06697 0.902136 0.98454 0.868208 0.906529 0.950787 
1055 0.0614541	1.08735 0.893583 1.29134 1.05133 1.1359 0.909554 1.01931 0.764825 1.04105 0.816355 
1056 0.0666474	1.0071 0.892614 1.20239 1.06205 1.01923 0.965871 0.951128 0.779739 0.977045 0.91331 
1057 0.111945	1.07629 1.16789 0.745949 1.0487 0.970129 1.23981 0.990626 1.20075 0.946463 1.13506 
1060 0.12591	1.03218 1.05578 0.876995 0.922838 1.00472 1.11796 0.95132 0.908695 0.915234 0.952622 
1061 0.0902475	1.00368 0.950402 1.00989 0.917884 1.06232 0.916911 0.993779 0.921314 0.954082 0.896656 
1062 0.0705968	0.911321 0.882273 1.26082 1.06093 0.898797 0.802739 0.965401 0.688404 0.911091 0.890179 
1063 0.062591	0.973628 0.89847 1.11565 0.947303 0.920112 0.870949 0.904263 0.792585 0.880058 0.887018 
1064 0.136827	1.07769 0.933507 1.24446 1.05797 1.04742 0.977612 0.90199 0.856783 1.05401 0.889209 
1065 0.142649	1.07447 1.16784 0.807002 1.00671 0.941058 1.21989 0.99642 1.20796 0.917538 1.10157 
1066 0.0931587	1.09829 0.998707 0.852252 0.932134 1.18373 1.13156 0.979594 1.23791 0.990187 1.00526 
1067 0.27802	0.998431 1.05637 1.02085 1.03901 1.0433 1.02941 0.981647 1.12174 0.984402 1.03044 
1070 0.0697731	0.932082 0.871239 1.13627 0.939751 0.909196 0.805561 0.931903 0.757268 0.998733 0.867652 
1071 0.170529	1.1006 1.0268 1.05589 1.06489 0.932264 1.0311 1.0098 0.920587 0.963209 1.02678 
1072 0.0524518	0.998092 1.18246 0.797891 0.919054 1.04637 1.13566 1.01352 1.26148 0.99694 1.0574 
1073 0.247865	1.07467 1.06035 1.0107 1.00884 1.08041 0.986536 0.96252 1.15789 1.03229 1.08047 
1074 0.064406	0.95944 0.859425 1.10004 0.899764 1.06857 0.764228 0.930895 0.868768 0.921212 0.8931 
1075 0.0773359	0.979946 1.13876 0.860505 1.02773 0.98724 1.12355 1.04392 1.12846 0.953266 1.1871 
1076 0.254696	0.920252 0.922717 1.04541 0.97252 0.932924 0.962064 0.960102 0.891182 0.979791 0.916501 
1077 0.0629422	1.14196 1.20031 0.815027 1.06691 1.0146 1.13405 1.0026 1.21652 0.990371 1.17293 
1100 0.0698736	0.97542 1.09898 0.859327 0.921452 1.03891 1.02031 1.01063 1.20062 1.00033 1.08988 
1101 0.0908053	1.03511 0.930979 1.2313 1.06629 1.06872 1.0737 0.934902 0.830742 1.00997 0.936659 
1102 0.188537	0.934787 0.901085 1.07423 0.926231 0.959316 0.940979 0.952828 0.91467 1.01706 0.891797 
1103 0.0824326	1.05843 1.03694 0.865776 0.969079 1.01379 1.15596 0.971424 1.15956 0.984318 0.974536 
1104 0.0872279	1.0512 1.09762 0.884565 1.02746 0.920311 1.07641 0.946111 1.01006 0.984085 1.03281 
1105 0.220353	1.1112 1.05668 0.960685 1.03257 1.08191 1.12864 0.993585 1.15824 1.07451 1.05489 
1106 0.0458213	1.13884 1.22333 0.800461 1.09646 0.924574 1.32247 1.04805 1.18231 1.1703 1.16879 
1107 0.214949	0.965092 0.964365 1.1527 1.05053 0.945395 0.978755 0.980771 0.825976 1.00081 0.96049 
1110 0.101198	1.01289 1.08022 0.971833 1.08139 0.882531 1.07189 0.944826 1.13531 0.957599 1.11643 
1111 0.0772358	0.89057 0.853608 1.15118 0.973019 0.926318 0.815213 0.980121 0.834003 0.937668 0.927482 
1112 0.108258	0.931332 0.966113 1.04549 1.01474 0.914898 0.884653 1.0169 0.960141 0.976946 1.00894 
1113 0.242191	1.02047 0.913653 1.07234 0.982674 1.06615 0.923964 1.01564 0.941152 0.97757 0.915778 
1114 0.080659	1.00715 1.03238 0.868828 0.924047 1.11167 0.999888 0.991421 1.25015 1.00416 0.991623 
1115 0.0857938	0.948481 0.94984 0.909912 0.932406 0.888498 0.88344 0.947485 0.912799 0.924685 0.938235 
1116 0.145914	1.10198 1.0912 1.04206 1.09151 1.00656 1.15141 1.05297 1.10257 0.991887 1.11846 
1117 0.158751	0.981328 1.07492 0.887717 0.998956 0.977282 1.02329 0.994057 1.04989 0.915265 1.09004 
1120 0.126556	1.07442 0.913331 1.26235 1.05214 0.959774 0.878871 0.935315 0.733795 0.944004 0.993752 
1121 0.103043	0.972502 0.878369 1.09314 0.988502 1.0077 0.943099 1.00259 0.796605 0.920417 0.943698 
1122 0.131051	0.993057 0.922826 1.0391 0.92367 1.03738 0.898223 0.97912 0.904749 0.90337 0.912311 
1123 0.087598	0.930102 0.988587 0.94228 0.971096 0.922805 0.960042 1.07663 0.883269 0.911647 1.01962 
1124 0.0824112	1.07427 1.0359 0.998683 0.997465 1.17445 1.12713 1.13527 1.09799 1.01854 1.06741 
1125 0.170701	1.05315 1.13779 0.816814 1.01966 0.965038 1.16262 1.0519 1.19631 1.01172 1.1493 
1126 0.0829876	1.07457 0.925453 1.09345 1.01735 1.12868 0.979507 1.0238 0.980331 0.994247 0.996475 
1127 0.215652	1.11662 1.05944 1.02442 1.08957 0.944186 0.969749 1.02226 1.0112 1.05487 1.08169 
1130 0.138832	1.062 1.04338 0.947802 0.987755 1.13348 0.970187 0.989839 1.20252 1.05649 1.00978 
1131 0.152178	1.04444 1.17028 0.844505 0.954428 0.987473 1.03991 1.06264 1.19803 1.03669 1.12278 
1132 0.0772938	1.09632 0.992844 1.19258 1.06405 1.01918 1.07472 1.07037 1.09527 1.15653 1.05487 
1133 0.171826	0.933724 0.964279 0.927698 0.929584 0.97497 0.920319 0.995197 1.01609 0.940309 0.923757 
1134 0.0552363	0.905637 0.845262 1.11752 0.868467 1.05594 0.749187 0.974748 0.857074 0.962166 0.853428 
1135 0.243744	0.979793 0.918215 1.06927 0.981724 0.893882 0.927047 0.965118 0.706964 1.00786 0.95978 
1136 0.0515292	1.00795 0.977378 1.09816 0.945059 1.02841 0.981968 1.04204 1.03595 1.09728 0.947683 
1137 0.109361	1.12491 1.10997 0.975519 1.14665 1.01419 1.25845 1.12933 1.24988 1.08233 1.20421 
1140 0.117947	0.911579 0.898909 1.13783 1.00902 0.902534 0.875454 0.918546 0.680813 0.886827 0.892119 
1141 0.0748693	0.95813 1.10006 0.884891 0.923328 1.06881 1.02097 1.04168 1.16508 1.08042 1.01731 
1142 0.11368	0.97782 1.04834 0.949228 1.02415 0.872553 1.00195 0.955947 0.944239 1.09096 1.00231 
1143 0.119323	0.908498 0.984779 0.988295 0.923026 0.982809 0.804448 0.976963 0.852002 0.995143 0.917151 
1144 0.0999174	1.08218 0.985609 1.22291 1.11762 1.06108 0.919911 0.937738 0.982721 1.14239 0.979568 
1145 0.14272	1.12568 1.08248 1.02325 1.06041 1.02673 1.06405 1.06311 0.967479 1.09154 1.06561 
1146 0.242912	1.00364 0.901816 1.1002 0.982767 1.09007 0.798694 0.934245 0.899496 0.977702 0.896012 
1147 0.088632	1.08374 1.21912 0.859745 1.0706 1.02716 1.2483 1.01186 1.28578 1.03753 1.13364 
1150 0.176085	1.02032 0.977526 1.07721 1.04827 0.947674 0.916295 0.942081 0.993659 0.971246 0.92735 
1151 0.127598	0.866847 0.894791 1.06318 0.971744 0.855573 0.879017 0.909294 0.800454 0.920054 0.881833 
1152 0.0437477	1.01347 0.880298 1.07038 0.950518 1.18919 0.938861 1.11447 0.997887 1.08318 0.920081 
1153 0.209989	0.926641 0.951244 1.03723 0.967095 1.04706 0.914355 1.0012 1.05349 0.988555 0.937108 
1154 0.0692672	0.99898 1.02232 0.868358 0.976215 0.920599 1.05516 1.02031 1.1179 0.925928 1.03956 
1155 0.145097	0.981693 1.00317 0.886741 0.902772 1.05696 0.974169 0.900433 1.14605 0.970657 0.946156 
1156 0.177543	0.997217 1.04691 0.901761 1.04024 0.994897 1.06244 0.988858 1.10165 1.01569 1.04672 
1157 0.0506744	1.10807 1.09007 0.924437 1.03577 1.10638 1.18793 1.07965 1.26111 1.09957 1.04606 
1160 0.0797847	0.921054 1.03928 0.823523 0.930459 1.04579 0.955677 0.974729 1.23812 1.06694 1.03232 
1161 0.0765091	1.10078 0.962801 1.11728 1.10837 0.990124 1.05803 0.96585 0.940133 0.988167 1.08541 
1162 0.0652784	1.03127 0.824027 1.22927 0.960585 1.09256 0.819494 1.00082 0.862995 0.916658 0.852363 
1163 0.0493683	1.03066 0.958438 1.02746 0.905753 1.20084 0.853902 0.990833 1.10822 1.03972 0.886047 
1164 0.143659	1.14351 0.974366 1.01412 1.04832 1.10415 1.00498 1.12018 1.11264 1.01998 1.0442 
1165 0.198175	0.925332 0.89376 1.13458 0.95836 0.956481 0.826839 0.992145 0.819334 0.961579 0.908696 
1166 0.19373	1.07657 0.973707 1.0394 1.00238 0.928993 0.984785 1.02077 1.01969 0.966235 0.978284 
1167 0.193496	1.11748 1.1324 0.895184 1.01216 0.96553 1.02007 1.08058 1.20037 1.06712 1.11929 
1170 0.0661104	0.907198 0.963088 0.879589 0.883648 1.02433 0.894314 0.945241 1.0018 0.997577 0.966524 
1171 0.139602	0.968555 1.0125 0.93807 0.971543 1.00094 1.02174 1.04842 1.05895 1.00418 1.05548 
1172 0.108151	0.890764 1.01085 0.933969 1.0094 0.841872 0.961085 0.96188 0.977407 1.08722 1.04517 
1173 0.0827985	1.04076 1.09513 0.849802 1.04542 1.05311 1.15781 1.08517 1.32648 1.06553 1.17228 
1174 0.0770218	1.0229 1.10452 0.943526 1.06614 1.10814 1.13237 1.09326 1.26387 1.09799 1.21267 
1175 0.269255	0.892711 0.875099 1.0722 0.937487 0.988873 0.890046 1.01881 0.873234 0.981914 0.903477 
1176 0.120988	1.24784 1.07595 1.06509 1.10361 1.07796 1.13111 1.06243 1.20729 1.10307 1.0839 
1177 0.136072	0.960306 0.975417 1.22127 1.08018 0.933616 0.899126 0.954987 0.915629 1.03128 1.00644 
BOUNDS
LWPS R    0.0  0.0  0.0  0.0  0.0  0.0  0.0  0.0  0.0  0.0
UWPS R    0.5  0.5  0.5  0.5  0.5  0.5  0.5  0.5  0.5  0.5
LXAS R   -0.5 -0.5 -0.5 -0.5 -0.5 -0.5 -0.5 -0.5 -0.5 -0.5
UXAS R    0.5  0.5  0.5  0.5  0.5  0.5  0.5  0.5  0.5  0.5
END
