NAME moment_estimation_cluster
ASSETS 10
BENCHMARKS 0.1 0.1 0.1 0.1 0.1 0.1 0.1 0.1 0.1 0.1 
COVARIANCES
0 0 0.00888423
1 0 0.00281387
1 1 0.00401009
2 0 -0.00129886
2 1 0.00146139
2 2 0.00250347
3 0 0.006079
3 1 0.0029345
3 2 -0.000502724
3 3 0.00625972
4 0 0.00577703
4 1 0.00230267
4 2 -0.000565605
4 3 0.00470788
4 4 0.00474445
5 0 0.00429523
5 1 0.00267221
5 2 -0.000456193
5 3 0.00342871
5 4 0.00326855
5 5 0.00511309
6 0 -0.000158912
6 1 -0.000409488
6 2 0.000561869
6 3 8.29177e-05
6 4 0.000337597
6 5 -0.000966584
6 6 0.00125217
7 0 0.00338383
7 1 -0.00050446
7 2 -0.00125374
7 3 0.00273693
7 4 0.00284865
7 5 0.000295812
7 6 0.00118246
7 7 0.00489545
8 0 0.00272988
8 1 0.00188938
8 2 -0.000595486
8 3 0.00260004
8 4 0.00195772
8 5 0.00299585
8 6 -0.000801428
8 7 0.000654551
8 8 0.00277212
9 0 0.00286996
9 1 0.000177479
9 2 -0.00119144
9 3 0.0019967
9 4 0.00200314
9 5 0.00186892
9 6 -0.000115697
9 7 0.00170011
9 8 0.00119723
9 9 0.00159775
SCENARIOS
0 0.55405	1.05477 1.04484 1.00697 1.06113 1.04867 1.05761 1.0164 1.03314 1.03639 1.02403 
1 0.44595	0.939083 0.959374 1.01007 0.941899 0.948832 0.961945 1.00286 0.99066 0.975887 0.982977 
00 0.763631	0.972383 0.977575 1.00287 0.981661 0.982603 0.94298 0.990626 1.01846 0.965448 0.980628 
01 0.236369	1.16372 1.0161 0.982184 1.13858 1.1116 1.03242 1.01647 1.07928 1.02177 1.05047 
10 0.294338	0.907279 0.951593 0.984471 0.902068 0.92089 0.915497 0.984663 0.908919 0.922942 0.955841 
11 0.705662	1.07984 1.03817 0.986875 1.04681 1.05387 1.03345 1.03599 1.00933 1.03491 1.02333 
000 0.0558037	0.918848 0.961085 1.05902 0.864697 0.921504 0.936328 1.02396 0.84905 0.930217 0.943085 
001 0.109906	0.855591 0.985566 1.02805 0.855734 0.854777 0.922914 0.936264 0.88184 0.964411 0.924517 
002 0.117469	0.980638 0.925353 0.925985 0.950025 0.920714 0.96887 0.954418 0.88967 0.998306 0.996293 
003 0.103028	1.01581 1.07188 1.03421 1.09667 1.0433 1.08175 0.988482 0.918587 1.04528 1.00641 
004 0.172351	1.10759 0.939757 0.919622 1.06785 1.07181 1.06333 1.00275 1.07009 1.08598 1.09858 
005 0.262403	1.01423 1.06021 1.05191 0.999514 0.986623 1.03204 0.999116 0.977975 1.00735 0.960272 
006 0.0931008	1.20283 1.13484 0.989627 1.18437 1.1369 1.13837 1.00526 1.10635 1.12642 1.0745 
007 0.0859392	0.990855 0.926558 0.939763 0.904743 0.979945 1.04714 0.989854 1.01679 0.979615 1.01825 
010 0.162721	0.886469 0.967158 0.992975 0.873518 0.924609 0.914058 0.964618 1.01859 0.961787 0.95717 
011 0.129887	1.13671 1.1154 0.982362 1.16204 1.15877 1.05586 0.991688 1.08848 1.04042 1.03456 
012 0.0729994	0.888579 0.888253 0.918984 0.926114 0.915481 0.898956 0.944116 0.951265 0.966164 0.981247 
013 0.0571167	0.906728 1.08028 1.12892 0.943503 0.942001 0.942253 1.02452 0.890276 0.964442 0.91821 
014 0.15478	1.00487 0.946118 0.895796 0.972703 1.02434 1.01532 0.967761 1.00529 1.04563 1.01551 
015 0.0544441	0.981475 1.06669 1.03031 1.07572 0.972488 1.07403 0.940102 1.02617 1.06576 0.985417 
016 0.210446	1.09884 1.04343 0.962926 1.06502 1.0729 1.08546 0.964605 0.97452 1.06301 1.04549 
017 0.157605	1.02793 1.06507 0.996184 0.990469 0.99346 1.11817 0.950703 0.929681 1.05937 0.977491 
100 0.138351	1.01996 0.982589 0.971142 0.992423 1.0044 1.01692 1.01968 1.11188 1.01684 1.01877 
101 0.120219	1.08978 1.00127 0.98335 1.10952 1.07515 0.997542 1.01638 1.16245 1.01583 1.03605 
102 0.0905074	1.17742 1.04207 0.988363 1.14811 1.15363 1.15795 1.03379 1.13602 1.06096 1.0944 
103 0.169663	0.806953 0.950307 1.03573 0.883092 0.905721 1.00717 1.00049 0.968444 0.970529 0.976197 
104 0.190995	0.933513 1.08432 1.1072 0.972533 0.981292 1.00094 1.04168 0.99225 1.01698 0.961589 
105 0.0987353	1.01174 1.08423 0.995288 1.09314 1.06913 1.12778 1.00932 1.06937 1.13986 1.04997 
106 0.130123	1.0255 0.929501 0.917227 0.978642 0.982247 1.07655 1.00513 1.08348 1.02033 1.06653 
107 0.0614048	0.947703 1.07347 1.06243 1.04599 0.951154 1.04596 1.00193 0.96005 1.07451 0.959706 
110 0.161778	0.951559 1.05999 1.03329 1.04448 0.980015 1.00649 0.9501 1.02934 1.0125 0.984134 
111 0.0982236	0.89547 0.880943 0.923441 0.894917 0.884543 0.879671 0.980399 1.04684 0.94415 0.965915 
112 0.19864	0.877409 1.00367 1.04922 0.923405 0.891795 0.975025 0.932651 0.868671 0.940929 0.933208 
113 0.0535765	1.1215 0.99005 0.926878 1.1493 1.08544 1.06455 0.950724 1.17444 1.08295 1.07305 
114 0.218977	1.03077 0.990445 0.919765 1.01556 1.02605 1.04502 0.92591 1.03903 0.979999 1.03174 
115 0.103022	0.966241 0.974997 1.02785 0.929512 0.991396 1.00465 0.978539 1.01812 0.947924 0.982219 
116 0.114939	1.10587 1.12149 1.03333 1.11575 1.10437 1.13649 0.950634 1.05986 1.05596 1.0244 
117 0.0508437	1.227 1.0247 0.955171 1.23183 1.19394 1.14799 0.99245 1.13374 1.08307 1.08804 
0000 0.109699	0.824749 1.01928 1.08281 0.87384 0.928932 0.963344 1.04179 1.0529 0.940788 0.957853 
0001 0.0520966	0.90522 1.04969 1.0151 1.07663 1.00346 0.936544 1.00813 1.21633 1.06946 0.966868 
0002 0.0741211	1.0301 1.13199 1.06198 1.09759 1.07535 0.982185 1.04868 1.0503 0.963644 1.00916 
0003 0.147395	1.031 1.00477 0.996004 1.14735 1.09104 0.996012 1.08648 1.232 1.02074 1.0555 
0004 0.103346	0.830377 0.854181 0.946246 0.896033 0.893319 0.842135 1.06014 1.00007 0.927095 0.94623 
0005 0.201186	0.969526 0.948892 0.949779 0.937872 0.984931 1.0046 0.993075 1.0716 0.981536 1.01397 
0006 0.16942	0.979018 0.985689 1.0398 1.05035 1.02129 1.01837 1.0562 1.04433 0.936759 0.992434 
0007 0.142736	0.998185 1.02646 0.980632 1.01272 1.04617 1.05735 1.02542 1.15007 1.05593 1.02046 
0010 0.135054	0.971996 0.977971 1.04994 0.976623 1.02878 1.03602 1.07184 0.939691 0.948949 0.968762 
0011 0.0756989	0.753607 0.971501 1.09422 0.88311 0.894285 0.919408 1.06443 0.935638 0.935996 0.903156 
0012 0.216559	1.00932 1.02253 1.03433 1.05223 1.04388 0.979368 1.04252 0.949428 1.00666 1.01372 
0013 0.0836559	1.10678 0.927108 0.873002 1.02359 1.03655 1.06726 1.02978 1.02188 1.04641 1.09071 
0014 0.127527	0.92499 0.957821 1.03157 0.905224 0.941209 1.06737 0.968446 0.887739 1.00706 0.978363 
0015 0.107957	0.944847 0.844365 0.917088 0.936695 0.960759 0.941432 1.0048 1.00013 1.00188 1.02987 
0016 0.201935	1.11149 1.04695 0.99153 1.11999 1.15262 1.12218 1.02478 1.01642 1.09648 1.07194 
0017 0.0516129	1.01576 0.925778 0.891076 0.967449 1.03479 1.0413 1.03294 1.00326 0.997796 1.09016 
0020 0.137626	0.988429 0.959033 0.915535 0.991841 1.0291 1.16845 0.955355 1.14212 1.08881 1.06073 
0021 0.147082	1.06542 1.07347 1.00158 1.13761 1.11745 1.16758 1.04252 1.15462 1.10679 1.06521 
0022 0.0513078	0.950895 1.03538 1.11768 1.07747 1.05325 0.958369 1.05612 0.984508 1.00889 0.942362 
0023 0.109658	0.985271 1.05656 1.05967 1.00831 1.03658 1.00812 1.02898 1.08326 0.996655 0.998829 
0024 0.055332	0.833487 0.910875 1.00503 0.90613 0.952711 0.862111 1.04498 1.09059 0.886874 0.971605 
0025 0.134205	0.891012 0.930888 0.983342 0.956981 0.956238 0.972977 1.03547 1.03338 0.972384 0.996332 
0026 0.228974	1.01714 1.03427 1.03939 1.03789 0.993662 1.02199 1.03191 1.07256 1.01233 0.994737 
0027 0.135815	0.75168 0.951335 1.02472 0.881353 0.910786 0.996653 1.01347 0.994722 0.974866 0.977152 
0030 0.105299	1.18381 1.13945 1.0309 1.14029 1.06186 0.955356 0.974469 1.13068 1.01764 0.988761 
0031 0.129846	0.917011 1.03891 1.09571 0.954515 0.947076 0.906142 1.04042 0.940929 0.961436 0.930306 
0032 0.0672173	0.905333 0.916175 1.02758 0.869529 0.894312 0.932681 1.00899 0.955489 0.926792 0.970727 
0033 0.218628	1.01173 1.03214 1.00341 1.03202 0.991565 0.917238 0.996665 1.12705 1.00151 0.970005 
0034 0.141546	1.11231 1.01733 0.970937 1.01658 1.04093 0.996654 0.955809 1.09507 1.0189 1.05924 
0035 0.111952	1.06178 0.945061 0.909271 0.982079 0.95099 0.853481 0.995841 1.09106 0.980467 1.01145 
0036 0.140629	1.19378 1.03618 0.997427 1.08816 1.10381 1.16014 1.03907 1.05521 1.0604 1.02844 
0037 0.0848819	1.01251 0.927168 0.950236 0.909377 0.946966 1.03561 0.999119 1.04304 1.0438 1.00893 
0040 0.104224	0.877064 1.06469 1.04824 0.889109 0.920654 0.972191 0.968348 0.849999 0.946579 0.942056 
0041 0.121366	1.11629 1.05007 0.963343 1.15089 1.05611 1.07058 0.987446 0.968878 1.00225 1.00579 
0042 0.078305	0.933357 0.896366 0.928695 0.868199 0.931983 0.926136 0.986375 0.943378 0.941216 0.988085 
0043 0.0730938	1.18488 1.18576 1.05791 1.06869 1.12287 1.13283 1.0151 0.968994 1.00613 1.01369 
0044 0.147285	1.12205 1.08722 0.978722 1.04922 1.09916 1.13051 1.0276 1.04441 0.983688 0.988597 
0045 0.223944	1.05165 1.08383 1.00945 0.951058 1.0086 1.04432 0.992528 0.877076 1.00049 0.977094 
0046 0.0794021	0.870424 0.989075 0.986724 0.943065 0.896089 0.944202 0.985306 0.973206 0.983773 0.975729 
0047 0.172381	0.994314 1.01484 0.920111 1.00496 1.00673 1.08046 0.972252 1.01395 0.999501 1.0216 
0050 0.14601	1.0937 1.06652 0.941215 1.15181 1.10236 1.09179 0.99342 0.987924 1.13559 1.03999 
0051 0.21978	1.06499 0.935719 0.931476 1.03531 1.0548 1.02594 1.01488 1.04209 1.02076 1.09125 
0052 0.0556656	0.948317 0.84764 0.967533 0.902836 0.986608 0.906055 1.01623 1.02953 0.927007 1.02346 
0053 0.0500811	0.887265 0.959585 0.976956 1.03666 0.931526 0.945881 0.967152 0.835061 0.991027 0.97881 
0054 0.0754819	1.00044 0.989998 1.01074 1.05825 1.04905 0.948763 1.06328 1.10008 0.964873 1.01744 
0055 0.200414	0.843166 1.00294 1.03979 0.920154 0.92884 1.00156 0.966823 0.83975 0.951948 0.963921 
0056 0.0816069	1.03822 1.09534 1.07963 1.04519 1.0814 1.00969 1.01772 0.958575 1.02561 1.00424 
0057 0.17096	0.985844 1.00778 0.983087 0.977428 0.973247 1.04663 0.938545 0.98361 1.08417 1.03536 
0060 0.0982483	0.976602 0.959556 0.984295 0.970055 0.950021 1.12752 0.919474 0.854104 1.02479 0.995262 
0061 0.139122	0.947166 0.87703 1.03312 0.901614 0.937474 0.951246 1.03717 0.896971 0.869284 0.968457 
0062 0.0720995	0.87824 1.08218 1.14786 1.00963 0.961774 1.01185 0.995321 0.803321 0.949919 0.887486 
0063 0.1541	1.07982 0.988003 0.97278 0.996998 1.0564 1.00498 1.01545 0.966913 0.908859 1.02391 
0064 0.11475	0.892293 0.957251 1.07263 0.915593 0.90108 0.911765 0.92975 0.831075 0.929471 0.930381 
0065 0.118812	1.12287 1.04568 1.04228 1.14732 1.16378 1.00582 1.03221 0.967618 0.956074 0.968262 
0066 0.119066	0.950135 0.906456 0.97234 1.06022 0.985124 0.996523 0.976636 0.953602 0.94451 0.977891 
0067 0.183803	1.06606 1.06764 1.0497 1.0651 1.0506 1.08882 0.964745 0.963477 1.10405 0.994987 
0070 0.203795	1.01632 0.945948 0.969644 1.04122 1.01726 0.95053 0.992782 1.04689 0.971323 1.02662 
0071 0.0885589	1.00993 0.964434 1.01835 1.05431 1.02486 0.84785 1.01775 1.06114 0.931749 0.968998 
0072 0.136139	0.951721 0.962631 0.989048 0.932393 0.974076 0.953966 0.966182 0.921473 0.985621 1.01213 
0073 0.135864	0.941432 0.883236 0.929311 0.920883 0.93561 0.8667 1.02502 0.936129 0.937221 0.98346 
0074 0.219197	1.03548 1.06194 1.05284 1.03156 1.02244 0.967537 0.997933 0.879248 1.02445 1.00707 
0075 0.0687569	1.19788 1.01999 0.934196 1.18753 1.15456 1.01686 1.02816 1.06165 1.01698 1.07808 
0076 0.0869087	1.02924 1.12414 1.06918 1.02536 1.08467 1.03285 1.0117 1.05462 1.01439 1.00206 
0077 0.0607811	0.830315 0.949951 1.04564 0.872047 0.907293 0.927881 1.0342 0.893918 0.965057 0.979928 
0100 0.147349	1.00091 0.991543 1.04861 1.04105 1.00052 0.923563 1.0597 1.0027 0.934856 0.970655 
0101 0.0882215	1.03843 0.983536 1.02054 1.02798 1.07254 1.12495 1.04312 1.01361 0.97947 1.04877 
0102 0.0769592	1.04047 1.02139 0.944557 0.983471 1.0028 1.26377 0.959058 0.938356 1.11574 1.09597 
0103 0.153918	0.815593 0.940986 1.01995 0.950305 0.880731 1.00813 1.06118 0.887338 0.918186 0.937139 
0104 0.0553731	0.978344 0.892432 0.904858 0.968258 1.00286 0.985949 1.05058 1.05926 0.98003 1.08352 
0105 0.151572	1.1103 1.08176 1.0399 1.10516 1.07521 1.07585 1.01893 0.891502 0.999267 0.983715 
0106 0.176443	0.925821 0.92514 1.03174 0.914252 0.967202 1.04377 1.07524 0.959384 0.95213 1.00861 
0107 0.150164	1.25702 0.994239 0.956085 1.10144 1.12568 1.16819 0.984343 0.953041 1.01944 1.07922 
0110 0.144033	0.929522 1.03562 1.08987 0.879763 0.897352 0.954146 1.00519 0.888646 1.03096 0.960089 
0111 0.258083	0.962534 1.0193 1.0449 0.995849 0.967132 1.06262 1.01661 0.978663 0.974788 0.977953 
0112 0.157554	1.13961 1.06769 1.00427 1.10466 1.0238 1.18435 1.00262 0.968051 1.15678 1.052 
0113 0.0740741	1.26758 1.07496 0.934616 1.17437 1.18106 1.2122 0.957501 1.08527 1.11007 1.10208 
0114 0.122281	1.20109 0.934948 0.981062 0.999582 1.07347 1.11818 1.04894 0.994983 1.07776 1.06327 
0115 0.0670194	0.950502 0.897127 0.918175 0.949122 0.920842 1.06748 0.933334 0.90751 1.0305 1.04945 
0116 0.115226	1.09125 1.1004 1.00949 0.982782 0.987803 1.2333 0.898467 0.818571 1.07464 0.982551 
0117 0.0617284	1.14106 1.06862 1.01277 1.19374 1.09799 1.07143 1.01714 1.00491 1.09271 1.0262 
0120 0.177824	1.08718 1.09959 0.991375 1.02911 1.05434 1.09851 1.02122 0.898392 0.976405 0.998679 
0121 0.0523013	1.04384 1.15107 1.0122 1.04895 1.01662 1.23376 0.968806 0.935681 1.10095 1.03912 
0122 0.126569	0.897921 1.09529 1.05294 0.973767 0.952236 1.14287 0.9956 0.868753 0.992834 0.964863 
0123 0.0491632	1.06581 0.918931 0.924215 0.934811 0.96869 1.08754 0.991034 1.07822 1.14078 1.09414 
0124 0.154812	1.03256 1.00313 1.02641 0.993882 0.934014 0.995061 1.05307 1.01491 1.00923 1.00065 
0125 0.219665	1.16235 1.05395 0.943275 1.14725 1.11845 1.23431 1.01007 1.1152 1.08006 1.10098 
0126 0.0784519	1.09155 0.993839 0.865552 0.963413 1.05181 1.03401 0.964633 1.14322 1.09186 1.08362 
0127 0.141213	0.861964 0.937438 0.963228 0.877634 0.906158 0.94333 1.00295 1.05787 1.01297 0.957159 
0130 0.225936	0.969892 1.05779 1.03667 1.0147 1.05732 1.01255 0.966817 1.02243 1.02323 0.970736 
0131 0.108289	1.04568 0.988807 0.924542 0.916601 0.964352 1.10649 0.860333 0.949362 1.09312 1.00881 
0132 0.0695187	0.899472 0.941704 0.951346 0.8819 0.872487 0.960705 0.911815 0.917359 1.06406 0.947988 
0133 0.0601604	0.973616 1.11998 1.08269 0.92803 0.98455 1.09173 0.936147 0.920627 1.00457 0.988353 
0134 0.0842246	0.969633 1.02062 1.05439 0.924912 0.915364 0.877449 0.998229 0.973152 0.99036 0.95517 
0135 0.165775	0.940104 0.969618 0.947886 0.991628 0.939014 0.988425 0.96498 1.0336 1.0137 0.96922 
0136 0.0574866	1.02451 0.928613 0.941983 0.932129 1.05109 1.07294 0.950552 1.05069 0.997065 1.02298 
0137 0.22861	1.11838 1.06171 0.984275 1.12697 1.05786 1.18381 0.97051 1.04099 1.07785 1.08507 
0140 0.138629	1.17414 0.977343 0.943788 1.06096 1.02541 1.02334 0.979237 1.03206 0.934238 1.06622 
0141 0.200789	0.92314 1.00763 1.00183 0.912957 0.907054 0.932994 0.998787 0.961842 0.914217 0.976861 
0142 0.107548	1.13665 1.07371 1.09905 1.0394 1.08036 0.985714 1.0277 1.18756 1.00465 1.06266 
0143 0.0666009	1.0485 0.970005 1.03466 0.957757 1.05641 1.02991 1.02436 1.17505 0.938953 1.04784 
0144 0.0567341	0.905547 0.934391 0.987641 0.878336 0.910395 1.06805 1.02189 0.966695 1.06948 1.07605 
0145 0.105081	1.30692 1.0755 0.925881 1.14585 1.13304 1.19852 0.915305 1.09338 1.09267 1.1237 
0146 0.0685742	1.04437 0.979243 1.02245 1.12048 1.08764 1.0514 1.08933 1.23134 1.0122 1.06836 
0147 0.256043	1.00585 1.04575 1.03916 0.993327 0.943185 0.986515 0.93647 1.01346 1.00819 1.02947 
0150 0.124825	0.84746 0.932896 1.02038 0.894249 0.861668 0.886919 0.983056 0.879693 0.923281 0.962322 
0151 0.176718	0.948071 0.997045 1.07342 0.952145 0.984667 1.01176 1.0308 0.842563 0.959499 0.983184 
0152 0.180926	1.17458 1.13143 0.981062 1.1035 1.08928 1.08329 0.969449 0.877936 1.0565 1.03565 
0153 0.115007	1.03088 0.969167 0.922449 1.06032 0.983807 0.873589 1.0268 1.01556 1.00273 0.981463 
0154 0.134642	0.929715 1.02947 0.987162 0.973623 0.971859 0.942256 0.989922 0.768072 0.971285 0.929685 
0155 0.134642	1.0495 1.145 1.10654 1.01796 1.03532 1.04304 1.05894 0.95946 1.03908 0.993315 
0156 0.0729313	0.970296 0.893029 0.910725 0.968931 0.914781 0.912103 0.968753 0.859681 0.964617 1.05192 
0157 0.0603086	1.27863 1.13623 1.05167 1.14468 1.15992 0.949735 1.07952 1.05884 0.978425 1.03751 
0160 0.164006	0.981929 0.942143 1.0186 0.996812 0.933297 0.94833 1.03302 0.994922 0.997626 0.942812 
0161 0.0743832	0.981341 1.11291 1.0985 1.08409 1.06241 0.915612 1.07572 1.17265 1.01781 0.972427 
0162 0.172714	1.01722 1.02236 0.995257 0.937213 0.987466 0.951324 1.03465 1.09305 0.972997 0.978269 
0163 0.0399129	1.18523 0.975516 0.924688 1.1089 1.10797 0.891648 1.11139 1.29147 0.91553 1.03387 
0164 0.111756	0.948302 1.0209 1.05533 1.06063 1.01976 1.07019 1.07024 1.02044 0.984847 1.00226 
0165 0.0976052	1.1784 1.11196 1.02427 1.11405 1.11347 1.09134 1.02551 1.0011 1.03573 1.04589 
0166 0.190493	1.05309 0.964889 0.968486 1.04327 1.0384 0.95558 0.980837 1.2267 1.0158 1.00076 
0167 0.149129	0.896335 0.957056 1.11555 0.90314 0.92892 0.895838 1.05255 1.05536 0.894143 0.944937 
0170 0.0571705	0.950204 1.01013 0.949828 1.04864 1.00936 0.915101 0.936861 1.0767 1.05578 1.01632 
0171 0.124516	1.01934 1.09436 1.04035 1.1052 1.11122 0.940646 1.00377 1.03253 1.00748 1.0046 
0172 0.202035	0.898204 0.907577 0.953601 0.961563 0.920038 0.877224 0.947624 1.01157 0.936962 1.01609 
0173 0.10562	1.0046 0.931009 0.953553 1.04924 0.994992 0.951233 0.98018 1.07928 0.968444 1.07101 
0174 0.0809109	0.983198 0.959506 0.967927 1.04531 1.03083 1.00095 1.05017 1.15034 0.980836 1.06883 
0175 0.0828488	1.01516 1.13039 1.12549 0.992507 1.02176 1.02524 1.00683 0.913566 0.993149 0.991979 
0176 0.255329	0.92052 0.984296 1.06509 0.950571 0.957295 0.83091 0.997752 1.00028 0.897731 0.980385 
0177 0.0915698	1.07739 1.06785 0.938483 1.15158 1.05141 1.03237 0.940634 0.979142 1.07799 1.03556 
1000 0.151432	0.94298 0.920923 0.998388 1.00595 1.02433 0.917118 1.01232 0.961129 0.92188 0.990232 
1001 0.0914097	0.958521 1.00456 0.999421 1.04121 0.987081 0.994546 0.950939 0.910122 1.05469 0.997058 
1002 0.188326	0.897911 0.864467 0.999894 0.913766 0.975979 1.0032 1.01495 0.931144 0.931458 1.01141 
1003 0.0848018	1.17888 1.09831 1.02714 1.17997 1.15641 1.07492 1.02665 1.04006 1.07702 1.03674 
1004 0.197687	0.976501 1.06673 1.01578 1.08598 1.06184 1.06208 0.953621 0.97716 1.05906 1.00783 
1005 0.0501101	0.967752 0.984434 0.944839 1.00094 1.04046 1.04274 0.963509 0.918071 1.03356 1.01961 
1006 0.0457048	0.839628 0.857345 1.03117 0.876279 0.875504 0.871565 0.967769 0.856665 0.890361 0.92992 
1007 0.190529	0.937827 0.9789 1.03151 0.953287 0.913202 0.938267 0.95153 0.878773 0.985516 0.959796 
1010 0.0373891	0.864734 0.979674 1.08727 0.873882 0.985087 1.06809 1.08595 1.05402 1.00266 0.981571 
1011 0.118504	1.03894 0.944254 0.988461 1.03671 1.07678 1.00266 1.10411 1.05935 1.01936 1.06078 
1012 0.157161	0.902312 1.10694 1.08195 0.965884 0.949341 1.00627 1.04601 0.915492 0.961159 0.926789 
1013 0.178707	0.995557 1.06764 1.04432 1.13065 1.08356 1.18204 1.00457 1.07645 1.14588 1.01317 
1014 0.159696	0.896281 0.972006 1.00344 0.908825 0.948725 0.955433 1.04391 0.965884 0.999222 0.985068 
1015 0.162231	1.05435 0.976907 0.969319 1.07123 1.00916 1.00835 1.03006 0.966674 1.05116 1.01678 
1016 0.0418251	0.932683 1.00015 1.05007 0.848312 0.900717 0.973303 0.996939 0.981379 0.997863 0.950439 
1017 0.144487	0.999638 0.963845 0.947796 0.970413 0.994454 1.00954 0.999842 1.06468 1.04708 1.02877 
1020 0.0547138	0.943544 1.03795 1.06836 1.03678 0.95435 0.924429 0.97318 0.983754 1.02304 0.935211 
1021 0.161616	1.12077 1.04845 0.92866 1.1043 1.03197 0.913738 0.980287 0.985693 1.09097 1.00152 
1022 0.107744	1.02911 1.20481 1.09685 1.00149 0.969131 0.951796 1.0134 1.0125 1.08255 0.934953 
1023 0.0850168	1.12516 0.977109 0.977342 1.05734 1.09138 0.985404 1.0616 1.12988 1.03689 1.02305 
1024 0.0900673	1.18473 1.1266 0.981244 1.13138 1.13971 1.06081 1.03247 1.06945 1.01597 1.026 
1025 0.139731	0.876483 1.00942 1.03673 0.935174 0.94306 1.05898 0.989075 1.03588 1.03514 1.00247 
1026 0.155724	0.97917 0.964928 0.962757 0.872361 0.964148 1.01924 1.00268 0.900175 1.04796 0.951341 
1027 0.205387	0.908836 0.950738 0.932435 0.966976 0.966863 0.912679 1.00819 1.02094 1.01213 0.993299 
1030 0.101033	0.975716 1.06668 1.11737 0.986541 0.95072 0.892855 1.02136 0.943265 0.981919 0.896734 
1031 0.0866637	0.959545 0.859337 0.905611 0.913672 0.905748 0.786918 1.01457 1.11847 0.93842 0.980393 
1032 0.193983	1.08422 0.937349 0.938211 1.01318 1.03062 0.922801 0.994601 1.10962 1.02223 1.03873 
1033 0.176471	0.993676 0.913366 1.04039 0.869837 0.898459 0.911751 0.986296 0.917443 0.95342 0.930085 
1034 0.0960934	0.936518 0.991611 1.02226 0.967265 0.946524 0.985579 1.01952 0.978528 1.07706 0.972396 
1035 0.0660081	1.1617 1.12022 1.12441 1.02305 1.05263 0.971584 1.05585 0.94701 0.970355 0.962261 
1036 0.126179	1.0561 1.09359 1.05428 1.08866 0.968398 1.01935 0.986286 0.880549 1.0562 0.995393 
1037 0.15357	1.2158 1.02664 0.945604 1.10965 1.12658 1.01815 0.967092 1.12438 1.06387 1.05066 
1040 0.187874	1.08172 0.965898 0.921871 1.06452 1.0314 1.10001 0.966557 1.01894 1.05576 1.08269 
1041 0.172716	0.941029 0.958449 0.983413 0.949158 1.00715 0.982372 1.02116 0.987306 0.948335 0.985416 
1042 0.0953331	0.937278 0.856805 0.912592 0.93353 0.931684 0.911436 0.982495 1.0049 1.03259 0.995594 
1043 0.112086	1.07928 1.06171 1.04735 1.09467 1.02136 1.06352 1.0054 0.966115 0.978663 1.01745 
1044 0.0949342	0.970739 0.940573 0.978257 1.01121 1.00276 0.966419 1.01881 1.03343 0.953018 0.996138 
1045 0.151177	1.24839 1.03842 0.974855 1.13208 1.15131 1.08874 0.990696 1.05361 1.02367 1.05084 
1046 0.0977264	0.81537 0.954373 1.05608 0.913044 0.886139 0.88677 0.98877 0.960873 0.90372 0.916864 
1047 0.0881532	0.968484 1.11741 1.11125 1.01731 1.04528 1.07872 0.920001 0.863651 0.964233 0.974321 
1050 0.0864198	1.1498 1.03428 0.944101 1.05448 1.03476 1.18178 0.912122 0.897789 1.05681 1.03816 
1051 0.0578704	1.30652 0.999335 0.949231 1.15194 1.09572 1.15456 0.922014 0.967972 1.06138 1.06851 
1052 0.155093	1.05008 1.08326 1.04793 1.03635 1.08352 1.01741 1.01254 1.02135 0.967654 0.965068 
1053 0.0640432	1.13255 1.10333 1.02282 1.17421 1.13514 1.18372 0.948623 1.00877 1.00107 1.02139 
1054 0.0578704	1.04561 0.940771 0.919079 0.964771 0.912885 0.962144 0.89401 0.854224 0.950352 0.966224 
1055 0.115741	1.10217 0.946261 0.925959 1.02427 0.971816 1.00222 0.910399 0.993406 1.02034 1.00257 
1056 0.20216	1.00904 0.94298 0.974763 0.893599 0.934442 0.969179 0.966714 0.968329 0.92327 0.976253 
1057 0.260802	0.995699 1.00947 1.0697 0.997005 0.978432 1.04364 0.994376 0.906309 0.962973 1.00903 
1060 0.101288	0.905662 0.894346 1.00412 0.851056 0.893062 0.808106 0.980772 0.996988 0.951491 0.935635 
1061 0.141686	0.959529 0.913592 0.969187 0.971083 1.0584 0.889699 0.997758 1.13299 0.986219 1.01159 
1062 0.0802108	0.997562 0.886071 0.904983 0.88976 1.00929 0.914202 0.948901 1.03342 1.00089 1.02696 
1063 0.13993	1.11551 1.0074 1.00317 1.08155 1.09908 0.982511 1.06313 1.06712 1.11557 1.0309 
1064 0.0895785	1.141 1.03567 0.956735 1.017 1.06852 1.11287 0.944539 0.99874 1.08977 1.05766 
1065 0.203162	0.975695 1.01457 1.00301 1.00807 0.974636 1.02875 0.923655 0.868318 1.0804 0.976604 
1066 0.171546	1.13937 0.990545 0.948204 1.11048 1.05308 1.00893 0.962526 1.04865 1.07652 1.0349 
1067 0.0725995	0.869799 1.04345 1.01829 0.892912 0.989167 1.02107 0.984803 0.890047 1.06409 0.957367 
1070 0.0992556	0.885699 0.883682 0.975209 0.872091 0.899545 0.943891 1.02114 1.0036 0.970209 1.02359 
1071 0.0967742	1.14434 1.0754 0.929954 1.1415 1.11979 1.12039 0.918286 1.03002 1.06492 1.06464 
1072 0.0794045	1.07086 1.01172 0.957188 1.01566 1.07993 1.1661 0.919773 1.0025 1.0102 1.09666 
1073 0.192308	1.01088 0.946034 0.943006 1.02579 1.01605 1.04127 0.972514 1.05368 1.06243 1.09442 
1074 0.141439	1.0545 1.02877 1.0519 1.10778 1.06093 0.999124 1.02796 1.04304 0.980339 1.01007 
1075 0.120347	0.896725 0.872968 0.933587 0.943763 0.922526 0.934711 0.918063 0.936591 0.952593 0.983163 
1076 0.105459	0.962935 0.969262 1.0799 0.944043 0.922256 0.962934 1.04345 0.936054 0.996461 0.975559 
1077 0.165012	0.997543 1.0751 0.986907 0.939949 1.00612 1.13128 0.92835 0.991451 1.08688 1.03818 
1100 0.196425	0.937382 0.941981 0.972763 0.978211 0.954881 0.99168 0.958536 0.904498 0.973238 1.02142 
1101 0.0587311	1.24685 1.08817 0.987896 1.15535 1.11344 1.21765 0.982347 0.892404 1.14186 1.06717 
1102 0.216068	1.04494 0.930353 1.03885 0.984093 1.02632 0.974104 1.10005 0.956492 0.916489 0.990825 
1103 0.0940876	0.896507 0.896727 0.978349 0.898924 0.915305 0.908096 0.991447 0.85628 0.912242 0.957772 
1104 0.0830878	1.10818 1.00602 1.07333 1.14142 1.12335 1.05657 1.07015 1.08388 0.969901 1.02188 
1105 0.157926	1.09648 1.1127 1.02266 1.05748 1.04528 1.14473 0.985603 0.840443 1.10475 1.01248 
1106 0.109998	1.07202 0.92621 0.942415 1.08106 1.07948 0.940239 1.04411 1.13687 0.994957 1.05765 
1107 0.0836771	0.905372 1.06235 1.08701 0.88907 0.904006 1.03452 0.933364 0.759134 0.966689 0.898782 
1110 0.0702038	1.02949 1.00776 1.07337 1.1219 1.08932 1.07429 0.998883 1.0269 1.00284 1.06 
1111 0.0588806	1.18884 1.05191 0.959608 1.17639 1.14885 1.14466 0.930609 1.0794 1.08781 1.05437 
1112 0.0915561	1.01056 0.907638 0.964957 0.922667 0.992219 0.979684 0.976336 0.989181 0.949004 1.0355 
1113 0.198641	0.993479 0.981224 1.05313 1.02204 1.089 1.04787 1.01361 1.00412 0.977448 1.03337 
1114 0.125526	0.873609 1.04947 1.11224 0.996089 0.970665 1.0158 0.978553 0.891804 1.00409 0.958207 
1115 0.156907	1.04209 0.959454 0.913366 1.05522 1.01294 1.05901 0.897048 1.0151 1.0709 1.07265 
1116 0.188936	0.927009 1.04012 1.02574 0.92216 0.926319 0.98954 0.931782 0.858436 1.00601 0.9774 
1117 0.10935	0.95539 0.935248 0.971145 0.881673 0.976542 1.11519 0.994396 0.885503 1.02662 1.01811 
1120 0.18541	0.863949 0.987405 1.06012 0.899807 0.944229 0.94722 1.07127 1.02058 0.991582 0.930898 
1121 0.0529515	1.02265 0.868778 0.974175 0.994434 1.00094 0.842195 1.11343 1.15395 0.953095 0.981982 
1122 0.12206	1.05081 1.10081 1.03419 1.11989 1.07818 1.01165 0.989832 1.08987 1.05998 0.990913 
1123 0.211006	1.09279 1.01058 0.991968 1.01394 1.04431 1.00206 1.0009 1.07771 1.01111 1.01379 
1124 0.163654	0.922838 0.952506 0.944318 0.938549 0.925367 0.933194 0.957466 1.02835 1.06761 1.00155 
1125 0.105423	1.13614 1.00622 0.963077 1.14792 1.10925 1.02562 0.986524 1.19193 1.13228 1.03972 
1126 0.0769477	1.06006 0.969771 0.948449 1.05662 1.05412 0.99993 0.959253 1.0263 1.00704 1.05327 
1127 0.0825468	1.09472 1.07163 1.06992 1.01033 1.03822 1.02848 0.998756 0.984115 1.06953 1.00568 
1130 0.10083	1.06359 1.17247 1.02632 1.0688 1.06743 1.15135 0.950026 0.831924 1.09416 1.00111 
1131 0.139976	1.09187 1.03696 0.98138 1.03418 1.00208 1.00083 0.961928 1.0016 0.999465 1.01474 
1132 0.169632	1.05408 1.07945 0.952155 1.11667 1.03676 1.01114 0.99215 0.966057 0.985666 0.989426 
1133 0.0960854	1.21738 1.01333 0.934787 1.05307 1.0976 0.989087 0.977642 1.04552 0.974708 1.02773 
1134 0.155991	0.872696 0.95492 1.03209 0.933873 0.902384 0.953347 1.00473 0.860005 0.996684 0.976258 
1135 0.0450771	1.01447 0.967395 1.02603 0.975353 1.04975 0.953559 1.05647 0.973873 0.959245 0.978554 
1136 0.220641	1.01155 0.962292 0.984207 0.972812 0.975531 0.975811 1.00889 0.945971 0.987744 1.00964 
1137 0.0717675	0.941896 0.838286 0.988444 0.861843 0.9011 0.87336 1.03365 0.962964 0.862783 0.991526 
1140 0.0631258	1.05195 0.947063 0.993385 0.975926 1.00579 1.04337 0.999231 1.0593 1.09811 1.04918 
1141 0.145842	0.950793 0.919765 0.994555 0.942306 0.909386 0.934461 0.995107 0.935677 1.00904 1.00339 
1142 0.0917138	0.985617 0.879268 0.943828 0.951782 0.994533 0.963218 1.11119 1.12154 1.00686 1.07471 
1143 0.0666086	1.00041 1.1033 1.12189 1.04618 1.07031 1.02489 1.07269 1.08824 1.04051 0.972264 
1144 0.141634	0.90412 0.994146 1.09463 0.873577 0.935723 0.961778 1.01285 0.85883 0.988075 0.933271 
1145 0.193731	1.16996 1.02335 0.983909 1.1248 1.09682 1.13941 1.03576 1.04948 1.16684 1.0702 
1146 0.137716	1.02195 1.02098 1.03037 1.0107 1.00978 1.20712 0.95072 0.945002 1.12806 1.00525 
1147 0.159629	1.02975 0.930165 1.03071 1.01575 1.01045 0.916794 1.01656 1.01041 0.995293 0.998223 
1150 0.200802	1.11942 1.00956 0.951926 1.14364 1.10092 0.996027 0.969077 1.00819 1.03484 1.06999 
1151 0.076496	1.01951 1.02893 0.960251 1.02511 1.0797 1.04205 0.990383 0.928246 0.987153 1.00298 
1152 0.0604565	1.1006 1.15781 1.10829 1.07066 1.05177 1.0017 0.95879 0.961644 1.03874 0.99355 
1153 0.182912	0.94536 1.03031 1.04435 0.966265 0.963762 0.992542 0.984581 0.882038 1.01266 0.973147 
1154 0.0987045	1.04689 1.04361 1.06254 1.05865 1.02206 0.958052 1.06121 1.00285 0.971421 0.98293 
1155 0.117212	1.13999 0.960008 0.942206 1.01467 1.03216 0.903746 1.00164 1.1028 0.940544 1.01422 
1156 0.173658	0.886072 0.917219 1.00506 0.88218 0.913487 0.934631 0.971837 0.962124 0.919182 0.954217 
1157 0.0897594	0.919955 0.902845 0.921243 1.00861 0.955216 0.946784 0.967657 1.03532 0.964141 1.03637 
1160 0.120265	1.05486 1.01122 1.06096 1.01162 1.09174 0.948851 1.07563 0.96354 1.01004 0.979514 
1161 0.0873652	1.14995 1.07847 1.00656 1.16818 1.13122 1.09587 1.02993 1.0629 1.10604 1.05623 
1162 0.215648	0.977125 0.982375 1.02374 0.947973 0.954746 0.846526 1.01978 1.0471 0.959926 0.968529 
1163 0.126071	0.97968 0.909235 0.933568 0.943584 0.984501 0.87198 1.00281 1.01204 0.964538 1.01132 
1164 0.197125	1.101 0.939706 0.964837 1.09277 1.04044 0.897305 1.03889 1.13881 1.01711 1.01189 
1165 0.0564003	0.82679 1.01993 1.10497 0.910999 0.885652 0.852786 1.03365 0.884564 0.947813 0.881085 
1166 0.109483	1.00983 1.0417 0.980491 1.04116 1.02089 1.00945 1.04083 0.952218 1.04813 1.01603 
1167 0.0876417	0.893235 0.851646 0.98094 0.876629 0.916449 0.868768 0.973944 0.991412 0.918302 0.971431 
1170 0.0875	0.953089 1.10658 1.0952 1.03173 0.922982 1.00484 0.937262 0.932023 1.06126 0.934129 
1171 0.2375	1.2401 1.16122 0.996275 1.13307 1.10812 1.03394 0.925375 0.93756 0.98247 1.02753 
1172 0.163125	1.03459 0.953515 0.943023 0.94313 0.989999 0.971001 0.985026 1.09118 0.985367 1.06733 
1173 0.10875	0.943421 0.995985 1.04116 0.958617 0.943983 0.979467 1.01807 0.953157 0.965832 0.950023 
1174 0.099375	0.883756 0.943279 0.982427 0.870162 0.888853 0.865508 1.02149 1.01035 0.919046 0.954425 
1175 0.1175	1.10745 1.03346 0.943212 1.02898 1.0248 1.07994 0.924522 1.01015 1.04126 1.04741 
1176 0.066875	0.994359 1.24119 1.04564 0.955029 1.01476 1.04165 0.895823 0.960074 0.995313 0.946152 
1177 0.119375	0.950307 1.06586 1.06092 0.998165 1.02138 0.954951 1.01422 1.03083 0.978309 0.962448 
BOUNDS
LWPS R    0.0  0.0  0.0  0.0  0.0  0.0  0.0  0.0  0.0  0.0
UWPS R    0.5  0.5  0.5  0.5  0.5  0.5  0.5  0.5  0.5  0.5
LXAS R   -0.5 -0.5 -0.5 -0.5 -0.5 -0.5 -0.5 -0.5 -0.5 -0.5
UXAS R    0.5  0.5  0.5  0.5  0.5  0.5  0.5  0.5  0.5  0.5
END
