NAME moment_estimation_cluster
ASSETS 10
BENCHMARKS 0.1 0.1 0.1 0.1 0.1 0.1 0.1 0.1 0.1 0.1 
COVARIANCES
0 0 0.00534752
1 0 0.0010221
1 1 0.00105628
2 0 -0.0015783
2 1 0.000967688
2 2 0.00409254
3 0 0.00116694
3 1 0.0013388
3 2 0.00203374
3 3 0.00297811
4 0 0.00103526
4 1 0.000415711
4 2 1.8604e-05
4 3 0.000210505
4 4 0.00104759
5 0 0.0041269
5 1 -0.000458473
5 2 -0.00626107
5 3 -0.00274085
5 4 0.00118579
5 5 0.0173804
6 0 -0.000427051
6 1 0.000223547
6 2 0.000506356
6 3 -3.8816e-05
6 4 5.44756e-05
6 5 0.000557713
6 6 0.000700043
7 0 -0.000884886
7 1 0.00105069
7 2 0.00335478
7 3 0.00242958
7 4 0.000221739
7 5 -0.00624947
7 6 5.5351e-05
7 7 0.00390306
8 0 0.00134398
8 1 -6.56597e-05
8 2 -0.00206629
8 3 -0.00120999
8 4 0.00100059
8 5 0.00676575
8 6 0.000246245
8 7 -0.00210401
8 8 0.00349603
9 0 2.99642e-05
9 1 0.000985131
9 2 0.00244432
9 3 0.00213088
9 4 0.00049907
9 5 -0.00464189
9 6 -0.000140847
9 7 0.00302128
9 8 -0.00140421
9 9 0.00281591
SCENARIOS
0 0.3848	1.03636 1.03673 1.05363 1.05542 1.0154 0.954675 1.00041 1.05151 0.983451 1.04762 
1 0.6152	0.991053 0.97647 0.972758 0.968495 0.992835 1.02442 1.00876 0.99288 1.0141 0.977443 
00 0.672713	1.04561 0.997806 1.02274 1.02095 1.01921 0.983111 0.993744 1.02005 0.994188 1.03259 
01 0.327287	0.94374 0.953978 0.951751 0.955065 0.970073 0.952118 0.999981 0.953389 0.973873 0.973911 
10 0.708436	1.00685 1.02729 1.00887 1.01539 1.02125 1.01283 0.981049 0.993521 1.02158 1.01021 
11 0.291564	0.959202 0.984088 1.02644 0.990552 0.947656 0.879161 0.981607 0.98624 0.896218 0.985272 
000 0.0614232	0.879317 1.01792 1.15673 1.07731 0.927971 0.697697 1.00832 1.14426 0.90886 1.0856 
001 0.142703	0.97221 0.985194 0.876329 0.887695 1.01907 1.25052 1.01475 0.897315 1.12732 0.922826 
002 0.0733601	1.06466 1.0842 1.06211 1.13976 1.04253 0.965667 1.01562 1.06995 1.02334 1.09004 
003 0.0953411	0.958194 1.00273 0.964909 0.988016 1.07856 1.17304 1.02314 1.01579 1.13833 1.0066 
004 0.179711	0.857277 0.985896 1.04754 1.00506 0.964122 0.894817 1.02751 1.06001 0.984831 0.98347 
005 0.214595	1.03439 1.01739 0.947181 1.01215 1.01728 1.0746 1.02301 1.02612 0.975137 1.01128 
006 0.138917	0.929806 0.976643 0.912922 0.991537 0.947996 1.02768 0.982362 0.935423 0.991646 0.929978 
007 0.0939504	0.927249 1.03826 1.12604 1.10587 0.998586 0.817699 1.02603 1.11866 0.96162 1.09748 
010 0.0730507	0.931442 0.985742 1.09102 0.984613 0.972923 0.808944 0.982622 1.08522 0.905294 1.02752 
011 0.0841671	0.968692 1.06167 1.17599 1.1116 0.979856 0.73504 0.997025 1.1831 0.864796 1.12716 
012 0.0628077	0.882849 0.989737 1.09459 1.02105 0.930623 0.929649 1.02178 1.0255 0.929392 0.990769 
013 0.106797	0.973241 1.0182 1.12594 1.0373 1.01817 0.826377 0.956505 1.11538 0.972567 1.07622 
014 0.164285	1.10391 0.965403 0.888972 0.937425 1.00395 1.36209 0.984443 0.900439 1.14043 0.905007 
015 0.121407	1.03817 1.01739 1.01564 1.0522 0.944937 1.02441 1.01541 1.01443 0.944896 0.99572 
016 0.166031	0.98523 1.01173 0.983259 0.978042 0.995628 1.07231 0.984676 0.977721 1.0457 0.985086 
017 0.221455	1.01956 1.04584 1.02433 0.987852 1.05529 1.16742 1.02739 1.00252 1.11656 0.973297 
100 0.103389	1.07504 0.94879 0.874159 0.928791 0.961992 1.18667 0.956838 0.89226 1.05625 0.915717 
101 0.10745	0.924198 0.935882 0.927728 0.901935 1.01444 1.1443 1.00352 0.931977 1.07564 0.934497 
102 0.124246	0.910052 0.984213 1.13341 1.00743 1.01049 0.809926 1.04609 1.09377 0.954425 1.07578 
103 0.192529	1.00233 1.02577 1.09692 1.09669 0.956488 0.81729 0.984656 1.12491 0.907417 1.06591 
104 0.0780809	1.18064 0.988932 0.941298 1.04115 1.0114 1.26461 1.01611 0.932094 1.02925 0.969294 
105 0.149301	1.09159 0.999191 1.00749 1.00227 1.04086 1.11206 1.01228 0.978289 1.00747 0.989608 
106 0.129684	0.999774 1.046 1.07111 1.08168 1.05016 0.961422 1.03581 1.10334 1.01646 1.0936 
107 0.11532	0.906028 0.954808 1.01119 0.940339 0.959923 0.899827 1.03919 0.987338 0.89377 0.949307 
110 0.171099	0.866613 1.00643 1.08867 1.01923 0.967284 0.86571 1.02878 1.08265 0.998678 1.03364 
111 0.128784	1.05023 1.00379 0.900311 0.985917 1.01712 1.30597 1.01431 0.923416 1.15071 0.914266 
112 0.293304	0.953991 1.01043 1.05955 1.03789 1.02314 0.998521 1.01555 1.04471 1.04737 1.05387 
113 0.0708034	0.924911 1.02498 1.08739 1.13404 0.949215 0.891559 1.0031 1.12216 1.0175 1.06369 
114 0.120923	0.96999 0.987179 0.926529 0.958707 0.976707 1.15713 0.977131 0.939733 1.09083 0.947342 
115 0.0775492	0.945928 0.999107 1.00674 0.988585 1.00418 1.11537 1.0278 0.988277 1.12239 0.978114 
116 0.0749847	0.876093 0.915964 0.962432 0.875795 0.980361 1.16682 1.0057 0.911934 1.10272 0.902359 
117 0.0625523	1.03658 0.980829 0.844736 0.885487 1.0467 1.36308 1.03538 0.870318 1.19127 0.909557 
0000 0.180503	0.977611 0.980416 0.977029 0.991944 1.04797 0.997512 0.949885 1.04609 0.967463 1.04933 
0001 0.0610063	1.14227 1.04714 0.959005 1.13781 1.00713 1.05402 0.981774 1.00039 0.904369 1.039 
0002 0.140252	1.00932 1.03308 0.952042 0.941501 1.01176 1.07826 1.02865 0.919276 0.974492 0.900676 
0003 0.111321	1.04489 1.00992 1.07969 1.10502 1.00207 0.914149 1.02528 1.10867 0.914538 1.07118 
0004 0.11195	0.992835 1.00815 0.930831 1.03693 0.953338 1.08294 0.975867 0.945287 0.922233 0.950123 
0005 0.0654088	0.965917 1.02637 1.05365 1.05556 1.01856 0.970243 1.05192 1.0226 0.944876 1.01467 
0006 0.0628931	0.823043 0.964169 1.00274 0.948116 0.943491 1.06774 1.05559 1.06055 0.911962 0.959521 
0007 0.266667	1.01142 0.97617 0.961352 0.98415 1.00064 1.07245 0.996871 0.941961 0.942531 0.973135 
0010 0.123173	0.869713 0.966788 1.09587 1.00415 0.967445 0.862956 1.01606 1.10642 0.909732 1.01716 
0011 0.0471034	1.04671 1.00296 1.08463 0.982082 1.09134 1.04072 1.01646 1.02219 1.0094 0.998179 
0012 0.141581	1.01789 0.9391 0.939706 0.984174 1.01001 1.20425 0.945599 0.946041 1.10812 0.942811 
0013 0.165945	1.04582 0.956468 0.95396 0.930517 0.997053 1.05626 0.960761 0.905654 1.01987 0.915024 
0014 0.046562	0.969574 1.0802 1.18973 1.08858 0.993239 0.932957 1.06586 1.09179 0.99207 1.04245 
0015 0.217109	1.09225 1.00946 1.0198 1.05882 1.04468 1.13653 0.997301 0.957622 0.999334 0.973635 
0016 0.160531	1.15688 1.01881 1.00868 1.11022 0.990209 1.02784 0.984404 1.02578 0.928711 0.985993 
0017 0.0979968	0.967594 1.04392 1.17546 1.10342 0.992915 0.802999 0.974671 1.09655 0.934725 1.09717 
0020 0.109531	0.986733 1.00862 1.04851 1.08917 0.995005 0.859359 0.951988 1.13433 0.88099 1.08914 
0021 0.135334	1.05309 1.03448 0.973438 0.994621 0.996117 1.147 1.02001 1.02399 1.00655 0.991309 
0022 0.11743	0.987406 0.998807 1.06315 0.958673 1.02766 0.825283 0.904534 1.11247 0.972505 1.07309 
0023 0.169563	0.896777 1.0277 1.06625 1.02368 0.979287 0.912302 1.05051 1.11687 0.89035 1.04843 
0024 0.179568	1.05997 0.983217 0.937702 0.958336 0.998718 1.19262 1.02111 0.969186 1.00004 0.918942 
0025 0.110585	1.06404 0.97856 0.923523 1.00576 0.942436 1.25539 0.92657 0.973819 1.02705 0.924757 
0026 0.0631912	1.15213 1.00372 0.968635 1.04177 1.05413 1.08452 0.968191 1.03564 0.981221 1.03657 
0027 0.114797	0.927729 0.98965 0.93322 0.943133 0.940434 1.08432 1.00613 0.95995 0.95217 0.911216 
0030 0.164506	1.03697 1.02661 1.02573 0.999338 0.997751 1.05406 1.02485 0.936643 0.958558 0.943071 
0031 0.147488	0.977176 1.06216 1.20131 1.0996 0.999013 0.72394 1.00488 1.13415 0.880025 1.10528 
0032 0.0931929	1.23473 1.03107 0.917407 0.982012 1.05607 1.25061 0.944149 0.896306 1.1274 0.953787 
0033 0.0660454	0.953807 0.974721 1.05355 0.900124 0.967831 0.829827 1.03011 0.994671 0.939586 0.942848 
0034 0.23906	1.12023 1.04968 1.01679 1.00844 0.983213 0.807815 0.95998 1.01152 0.914778 1.06175 
0035 0.108185	1.21026 1.00972 0.872295 0.977046 0.967684 1.23416 0.979037 0.856839 1.03754 0.921655 
0036 0.0506483	1.02111 0.974727 0.938261 0.922803 1.005 1.15897 1.03495 0.905132 1.09687 0.919143 
0037 0.130875	1.1771 1.06965 0.986914 1.03724 1.05609 1.10459 0.96078 1.00378 1.03044 1.04027 
0040 0.117369	0.955457 0.982887 0.959932 0.948203 0.960132 0.91512 0.98902 0.938073 0.933937 0.982206 
0041 0.0827601	0.991127 0.965777 0.874918 0.885139 1.00164 1.22928 0.94805 0.904303 1.05853 0.925173 
0042 0.294712	1.03219 1.03878 0.985084 1.01267 1.02769 1.01718 1.01824 0.96743 1.00379 1.06483 
0043 0.0898538	1.02541 1.06107 1.08704 1.1223 0.993688 0.852797 0.994803 1.12681 0.894496 1.14145 
0044 0.153267	1.01241 1.02202 0.971249 1.03383 0.964458 1.01795 0.967291 1.00873 0.936926 0.996907 
0045 0.0696475	1.01449 1.04257 0.984128 0.993251 0.984452 1.16303 1.05992 0.97326 1.04635 0.985608 
0046 0.128117	1.17719 1.02878 0.916514 1.00372 1.00005 1.19094 0.973711 0.908713 1.03065 0.925557 
0047 0.0642734	1.17571 1.07598 0.927193 1.11672 0.999022 1.13599 0.986174 0.977623 0.989414 1.04321 
0050 0.277588	0.950657 1.00952 1.0738 0.989554 1.03214 0.815875 0.995395 1.0696 0.972962 1.0532 
0051 0.0905491	0.997297 0.985483 0.930272 0.944479 1.04312 1.16434 0.938848 0.925293 1.16753 0.966901 
0052 0.0621062	0.924179 0.975605 0.976127 0.930968 0.978823 1.2019 1.02139 0.972855 1.11841 0.879008 
0053 0.0732673	1.12031 0.966312 0.906238 1.00522 0.985675 1.19001 0.945691 0.87277 1.1052 0.934901 
0054 0.10063	0.966534 0.983764 0.981569 0.97226 0.956204 0.958419 0.994489 0.953696 1.00661 0.943538 
0055 0.0756076	1.07375 1.08029 1.05747 1.11729 1.01633 1.19441 0.99176 0.959365 1.14962 0.968292 
0056 0.263366	0.955328 0.976855 1.03826 1.01647 0.975053 0.870694 0.999663 0.974147 1.02868 0.991832 
0057 0.0568857	1.05277 1.05184 0.941527 1.00014 1.02237 1.18954 0.969817 0.952751 1.10215 0.986324 
0060 0.0686874	1.17538 1.03334 1.02825 1.00419 1.03016 0.999682 1.00128 1.02278 1.00853 1.04924 
0061 0.0714683	1.16311 1.00213 0.920812 0.96802 1.02354 1.42367 0.998988 0.867964 1.13674 0.929766 
0062 0.144605	0.950064 0.994932 1.08844 0.928207 1.01335 0.939691 1.03013 1.0563 0.948484 1.01446 
0063 0.149055	1.15983 1.06905 1.09377 1.08776 1.01439 0.815169 0.993021 1.09209 0.898371 1.10084 
0064 0.146274	1.01309 0.973764 0.944734 0.929427 0.986637 1.22621 1.02059 0.882382 1.04005 0.930263 
0065 0.0828699	1.17161 1.07099 1.00385 1.01035 1.05645 1.26474 1.02263 0.935886 1.11489 0.993629 
0066 0.0628476	1.0095 1.01709 0.953959 0.95062 1.01852 0.957408 0.987388 1.03675 1.0137 1.05905 
0067 0.274194	0.910589 1.01134 1.06421 1.01886 0.944096 0.887399 0.997485 1.04101 0.939299 1.00684 
0070 0.165296	0.9182 0.982495 1.0526 0.979319 0.975951 0.878742 0.992926 1.07097 0.937816 1.04416 
0071 0.0723684	1.01501 1.04767 0.984701 1.00503 1.03556 1.23406 1.07561 0.975441 1.08362 0.969456 
0072 0.0974507	1.11662 1.04505 0.942748 1.06383 0.991932 1.08023 0.983434 1.04125 0.946739 1.00492 
0073 0.11801	1.00737 1.07397 1.18408 1.11585 1.00264 0.700501 0.966106 1.18596 0.846407 1.1125 
0074 0.143092	0.973473 0.941169 0.99225 0.922618 1.02925 0.938283 0.940724 1.02664 0.970813 1.01908 
0075 0.163651	1.04907 0.987285 0.919097 0.98653 0.967863 0.946933 0.948303 0.975066 0.906862 0.965929 
0076 0.0686678	0.930516 0.934411 0.961754 0.895228 0.949787 0.961213 0.999416 0.953218 0.889632 0.929899 
0077 0.171464	0.939947 1.0195 0.992081 0.991877 0.989407 1.0968 1.02509 0.986266 1.03434 0.980625 
0100 0.192391	0.933946 1.00695 1.08074 1.03712 1.0246 0.946996 1.05061 1.12122 0.945808 1.06276 
0101 0.118478	0.969988 0.982144 0.952288 1.02948 1.00383 1.09839 1.00965 1.01538 1.06896 1.01688 
0102 0.151087	0.914929 0.973319 1.02461 0.957665 0.972888 0.990306 1.00529 1.01846 1.03266 1.01974 
0103 0.0923913	0.965588 1.01963 1.02993 1.0789 0.974919 0.865654 0.972761 1.13993 0.94935 1.07893 
0104 0.136957	1.06523 1.03922 0.915762 1.01132 1.00854 1.22567 0.964926 0.964527 1.11375 0.929259 
0105 0.0891304	1.00399 0.95497 0.951759 0.994854 0.965042 1.2912 1.03236 0.948009 1.08805 0.941389 
0106 0.146739	0.90007 1.04678 1.03937 1.04438 0.989763 1.12257 1.03956 1.03943 1.03242 1.01785 
0107 0.0728261	0.866121 0.91923 0.960681 0.896498 0.98636 1.16483 1.01563 0.904703 1.11861 0.868346 
0110 0.059434	0.92354 0.996681 1.12585 1.00965 0.995744 0.886024 1.01702 1.06143 1.03038 1.02576 
0111 0.169811	0.91302 0.970364 1.05959 1.01186 0.955341 0.830182 0.995714 1.01853 0.987258 1.01905 
0112 0.0603774	1.10977 1.03651 1.00667 1.08163 1.05053 1.06432 1.00308 1.07136 1.03423 1.06138 
0113 0.0764151	1.13511 1.04071 0.914351 1.11358 0.994295 1.18277 0.969874 0.981631 1.02688 0.956303 
0114 0.0528302	0.940745 0.991869 0.957849 0.908629 1.01875 1.29504 1.01261 0.931531 1.18473 0.953572 
0115 0.261321	0.974758 1.0053 0.959945 0.947117 1.00393 1.2966 1.03822 0.91483 1.10792 0.886749 
0116 0.227358	1.07679 0.967872 0.989815 1.03086 1.02686 1.19832 1.01529 0.985668 1.07388 1.00469 
0117 0.0924528	0.925015 0.987037 1.08538 1.07815 1.00878 0.834198 1.02319 1.08964 0.944794 1.12222 
0120 0.17952	1.07183 1.04195 0.965731 0.964938 1.0328 1.17301 1.00413 0.996122 1.02767 0.974674 
0121 0.235145	0.903112 1.01361 1.01004 1.01921 0.997269 0.904695 1.00702 1.06809 0.936108 0.999131 
0122 0.0834387	0.882771 0.982872 0.923987 0.866272 0.989795 1.09717 1.05582 0.924317 1.04031 0.895874 
0123 0.0518331	1.0262 0.963684 0.971967 0.957375 0.947603 0.878342 1.0156 0.955995 0.919079 0.903318 
0124 0.0720607	0.927264 0.920812 0.883597 0.932322 1.02998 1.21712 0.985408 0.938275 1.11397 0.947507 
0125 0.17952	0.999706 1.01865 1.07991 1.091 0.973524 0.719091 0.950362 1.15779 0.912462 1.08641 
0126 0.131479	1.01338 1.08783 1.10906 1.07077 1.05319 0.995036 1.00974 1.06519 1.07282 1.07281 
0127 0.0670038	1.00748 1.00979 0.976689 1.01674 1.05265 1.20067 1.01773 1.08313 1.13681 1.00162 
0130 0.0773234	0.950747 1.00835 1.10547 1.0911 1.0468 0.848447 1.04845 1.15131 0.932992 1.15168 
0131 0.0609665	0.894596 1.03777 1.04617 0.967479 1.03402 0.909342 0.997259 1.10092 1.03857 1.1009 
0132 0.0981413	0.883143 0.97164 1.06476 0.946102 1.00428 0.979947 1.07041 1.00166 0.951305 1.0007 
0133 0.133086	1.0054 0.980557 0.928348 1.01858 0.983744 1.1891 1.00818 0.992399 1.04368 0.978498 
0134 0.118216	0.880449 0.9267 1.0146 0.928508 0.965703 0.908947 1.02112 1.03053 0.964396 0.985166 
0135 0.234201	1.10708 1.04586 0.941824 1.0435 1.0226 0.992034 1.02559 1.01892 0.991641 1.01864 
0136 0.0907063	1.01479 0.987262 0.958131 1.01522 0.958259 1.08505 1.03865 0.999827 0.946605 0.989842 
0137 0.187361	0.980375 0.978777 0.925681 0.928708 0.998816 1.15061 1.02484 0.917799 1.05985 0.96078 
0140 0.244079	0.870963 1.04748 1.06069 1.01056 0.982888 0.889426 1.01657 1.05444 0.966881 1.04729 
0141 0.0937651	0.934454 1.06212 1.00707 1.00082 1.03328 1.11179 1.0145 0.942802 0.952751 0.980779 
0142 0.0811986	1.08674 1.10631 1.05467 1.14664 1.00492 1.07327 1.03919 1.02976 0.977695 0.997977 
0143 0.106815	0.980985 0.982963 1.01559 0.992277 0.946799 1.034 0.994985 0.976714 0.930702 0.944553 
0144 0.060899	0.826878 1.03457 1.15071 1.0233 0.925329 0.821642 1.07238 1.0544 0.911413 1.03557 
0145 0.115515	0.840489 0.957409 1.05489 0.927601 0.944393 0.918774 1.02659 0.971514 0.962521 0.911501 
0146 0.169647	1.11132 1.02932 0.95723 0.967442 1.05171 1.13729 1.0242 0.921831 1.08786 0.997974 
0147 0.128081	0.795111 0.979243 0.988483 0.892774 1.02959 0.965196 1.0189 1.02439 0.985437 0.993085 
0150 0.18051	1.15411 0.996503 0.93533 0.976221 1.01195 1.18656 1.01416 0.897946 1.04888 0.920381 
0151 0.0483976	1.105 1.03613 1.06866 1.06889 0.976301 0.837027 0.976135 1.03018 0.922364 1.0668 
0152 0.0797907	1.12954 1.06275 1.04201 1.09055 1.07354 1.09116 1.021 1.11265 1.06102 1.01614 
0153 0.0810988	0.804403 1.00872 1.03715 0.932343 0.956593 0.766296 0.981718 1.02622 0.908427 0.985481 
0154 0.0771746	0.938791 0.981082 1.08221 1.03339 0.928162 0.858467 0.977109 0.999384 0.965605 1.01271 
0155 0.141923	0.968744 0.935599 0.940305 0.903386 0.98086 1.09646 0.94912 0.912959 1.03504 0.898278 
0156 0.2276	0.896885 0.954536 1.00945 0.983788 1.01097 0.862295 0.979272 1.00406 1.00936 1.03897 
0157 0.163506	1.02898 1.01341 1.03905 1.08719 1.01174 0.910652 0.906378 1.07839 0.90511 1.03693 
0160 0.234816	1.01737 0.973228 1.028 0.997082 0.994802 0.885832 0.970018 1.04336 0.899618 1.00604 
0161 0.105213	1.03665 0.969014 1.09168 1.08191 1.01623 0.789128 0.957739 1.12306 0.907774 1.10517 
0162 0.0913439	1.04961 0.93273 0.934144 0.957028 1.00011 1.08465 0.962902 1.00924 1.04203 0.987488 
0163 0.102822	1.10784 0.989324 0.948032 1.01786 1.05344 1.02511 0.951282 1.04424 1.01186 1.02138 
0164 0.109995	1.06451 0.953812 0.989874 1.05981 0.965832 0.974049 0.928925 1.02568 0.922335 1.02549 
0165 0.0769967	1.09757 1.02603 1.10054 1.04939 1.02795 0.947324 0.991034 1.05088 1.02371 1.03549 
0166 0.119082	1.06318 1.00694 0.930719 1.01595 1.00514 1.18268 1.01759 0.948106 0.991486 0.909534 
0167 0.159732	0.947169 0.969413 1.00244 0.918452 0.964409 0.953741 0.97782 0.937331 0.955394 0.938548 
0170 0.0932234	0.95782 0.992923 1.08445 1.02266 1.0015 0.942753 1.04228 1.05006 0.981775 1.01884 
0171 0.0989602	1.07163 1.04188 1.00757 1.1502 0.980756 0.944681 0.938304 1.03472 0.956419 1.06104 
0172 0.144138	1.01282 1.01093 1.0413 1.02892 1.0515 0.971992 0.999122 1.06471 1.07245 1.06619 
0173 0.0885622	1.13651 0.972126 0.880123 0.944691 0.993981 1.16051 0.959519 0.890314 1.04196 0.926658 
0174 0.0781642	0.95782 0.929345 0.91843 0.876939 0.980673 1.03185 1.00376 0.902427 0.957678 0.951034 
0175 0.0717103	0.904342 0.950164 0.987888 0.988957 0.923478 0.927178 0.984315 0.950435 0.912305 0.928066 
0176 0.0806741	0.994426 0.95864 1.02646 1.00529 1.02717 0.87776 0.933828 1.09324 0.955274 1.10537 
0177 0.344568	1.01372 0.961393 1.03323 1.0079 0.991718 0.911851 0.970617 0.985841 0.922123 1.01969 
1000 0.164225	0.902968 0.991748 0.988649 0.965771 0.977847 0.888274 1.02628 1.00314 0.948866 0.96952 
1001 0.0670217	1.07589 0.971291 0.932142 0.925651 1.05885 1.30357 1.00944 0.915265 1.11265 0.89696 
1002 0.0909898	1.12261 1.08884 1.06049 1.12586 1.04357 1.0466 1.03554 0.972139 0.980105 1.01228 
1003 0.251664	0.965066 0.975474 0.955204 0.978298 0.980788 1.18567 1.0418 0.891983 1.02532 0.889095 
1004 0.146915	1.05854 1.01756 1.03113 1.01996 1.01542 0.931544 1.06773 1.00494 0.940983 0.99607 
1005 0.0683533	1.11627 1.04086 0.987896 1.02809 1.02315 1.23024 1.09094 0.920178 1.02119 0.968878 
1006 0.158012	0.926871 1.01466 1.08379 1.10659 0.986074 0.819183 1.0442 1.14653 0.938028 1.08339 
1007 0.0528185	0.988045 1.01662 1.05145 1.04163 0.941451 1.06436 1.05189 0.953822 0.920932 0.97575 
1010 0.254751	1.06699 1.02908 1.02226 1.0007 0.981252 1.01013 1.0322 0.9677 0.976321 1.00658 
1011 0.080504	1.19038 1.0148 0.906602 0.940329 1.03256 1.37647 1.01288 0.839883 1.13052 0.918965 
1012 0.061499	1.11184 1.0482 1.08191 0.998353 1.0699 0.979618 1.03212 1.03924 1.04651 1.07182 
1013 0.172539	1.01575 0.999032 0.960967 0.905917 0.992291 1.14068 1.02816 0.941957 1.05043 0.963029 
1014 0.0557335	1.05374 1.0692 1.12349 1.00726 1.03859 0.901549 1.01934 1.06521 1.01589 1.07525 
1015 0.169977	0.998062 0.987858 1.11866 1.00405 0.987203 0.862304 1.01387 0.992264 0.931116 1.05286 
1016 0.0849883	0.986587 1.08225 1.15341 1.10736 0.988016 0.810153 1.0348 1.10527 0.915587 1.10872 
1017 0.120009	1.18569 1.02272 0.985227 1.0613 1.03364 1.02868 0.994589 1.01203 0.975179 1.03107 
1020 0.134072	1.01236 1.03533 0.988403 0.971852 1.03268 1.1292 1.02153 0.96709 1.05142 0.984509 
1021 0.114497	1.00986 1.01255 0.881198 0.97351 1.0016 1.5631 0.994489 0.899108 1.11926 0.935655 
1022 0.0801477	0.971285 0.943553 0.907125 0.913894 0.964307 1.2573 0.990689 0.881014 1.07451 0.903405 
1023 0.152909	0.963289 1.0152 1.01711 1.01982 0.962565 1.18257 1.01816 0.973059 1.0528 0.952761 
1024 0.214774	1.00438 0.98656 0.950804 0.978162 0.96838 0.99691 0.931977 1.03406 0.980665 0.990482 
1025 0.0579871	0.866427 1.06252 1.21125 1.11986 1.0039 0.726133 0.98477 1.18079 0.930347 1.15363 
1026 0.0686981	1.02435 1.01179 1.06426 1.10348 0.943249 0.875409 0.952239 1.13463 0.927784 1.06525 
1027 0.176916	0.963778 1.02933 1.02973 1.06024 1.00767 0.805844 0.952655 1.06827 0.94961 1.08453 
1030 0.103206	1.05908 0.960498 0.875613 0.906517 0.970586 1.32095 1.04626 0.87232 1.0535 0.898461 
1031 0.0909308	0.987497 1.073 1.10465 1.14313 1.0202 0.88236 1.0544 1.12562 0.917904 1.13788 
1032 0.102372	0.885518 1.00074 1.13289 1.04725 0.980598 0.720798 1.04062 1.08464 0.855499 1.07313 
1033 0.117149	1.06869 0.992713 0.988628 1.03513 0.956976 0.97869 1.00533 0.99569 0.939287 0.99433 
1034 0.117149	0.920929 0.941036 0.944364 0.925518 0.941792 1.11513 1.02192 0.934026 1.02417 0.901695 
1035 0.141223	0.904728 0.974166 1.04183 0.957496 0.995497 0.880068 1.06068 0.974391 0.969142 1.04276 
1036 0.178167	0.975831 0.975645 0.992328 0.957887 1.04932 1.07261 1.03528 0.969637 1.05357 0.992956 
1037 0.149803	1.02398 1.02369 0.909491 1.04355 1.02105 1.25518 1.03843 0.91332 1.0498 0.960901 
1040 0.168381	0.841021 0.988977 1.01472 0.955226 0.961176 0.970031 1.01117 1.03466 0.999162 0.960805 
1041 0.191302	0.984906 1.02609 0.942149 0.914515 1.01997 1.25337 1.00595 0.936304 1.2092 0.961988 
1042 0.121951	1.02819 1.03953 1.02714 1.04791 0.985755 0.86867 0.993151 1.02261 0.941365 1.02969 
1043 0.123421	1.06131 1.06814 0.972807 1.07718 1.04416 1.14541 1.02471 1.04483 1.04493 1.03491 
1044 0.0731707	1.11019 1.01574 0.918276 1.0399 0.978617 1.07331 0.951439 0.994896 1.03808 0.990143 
1045 0.130179	0.96661 0.993965 0.936419 1.00264 1.01401 0.9946 0.973491 1.03562 1.06877 1.04376 
1046 0.0869821	0.910577 1.03222 1.03946 1.06965 0.959685 0.764334 0.986448 1.09997 0.877364 1.06577 
1047 0.104614	0.979584 1.07418 1.14093 1.10737 1.00354 0.785918 1.01615 1.11596 0.858666 1.07637 
1050 0.173352	0.916318 1.04052 1.01462 0.981788 0.947134 0.900163 1.01476 1.02082 0.986691 0.980581 
1051 0.0643922	1.04964 0.967849 0.835821 0.89456 1.00295 1.19038 0.995515 0.843913 1.17486 0.907232 
1052 0.157062	0.894273 0.98726 0.97468 0.938043 1.00988 0.897043 0.984609 1.00144 0.954883 1.005 
1053 0.199477	1.0158 0.990319 0.970356 1.0083 1.00865 1.10397 1.03846 0.945693 1.11959 0.988415 
1054 0.0580913	1.04589 0.978612 0.928812 0.953379 0.959162 0.956894 0.988742 0.886573 1.03592 0.945234 
1055 0.115568	1.00612 1.05556 1.02848 1.05978 1.01298 0.982257 1.04532 1.0952 1.0574 1.06357 
1056 0.106193	0.986948 1.03245 0.954552 0.956772 1.08126 1.23387 1.02959 0.979487 1.169 0.985462 
1057 0.125864	0.922095 1.01864 1.03006 1.05922 0.967296 0.855269 0.985516 1.1004 1.00226 1.0711 
1060 0.07661	1.19589 0.982016 0.936095 1.0102 1.06113 1.21721 0.945973 0.958902 1.07412 0.997577 
1061 0.159413	1.0995 0.980717 1.00673 1.00352 1.0249 0.981979 0.982465 1.01147 0.954235 1.0097 
1062 0.190375	1.04522 0.906571 0.927444 0.905828 1.00811 0.980087 0.929854 0.922649 0.987814 0.951523 
1063 0.0780255	0.968673 0.961939 1.02618 1.02795 0.949268 0.770941 0.937662 1.05913 0.855614 1.03635 
1064 0.107749	1.07282 0.963684 0.983364 0.964107 0.929379 1.01887 0.937503 0.921313 0.941301 0.941751 
1065 0.101911	1.11997 1.04092 1.09325 1.10101 1.00845 0.887558 0.96128 1.09383 0.926524 1.09552 
1066 0.219745	1.03256 0.998483 1.05176 1.03236 0.981747 0.836279 0.983321 1.04376 0.853961 1.04386 
1067 0.0661713	1.15333 0.986726 0.970838 1.03202 0.990082 1.22007 0.982286 0.915037 1.07697 0.949755 
1070 0.19419	0.950985 1.02104 1.07048 1.00033 1.00878 0.856225 0.974924 1.11591 1.05214 1.11215 
1071 0.0799841	1.10081 0.993194 0.953966 1.01314 0.98139 1.00708 0.97936 0.923426 1.01206 1.00219 
1072 0.20195	1.10035 1.0609 0.976917 1.09194 1.03848 1.07268 0.971726 1.02124 1.10205 1.05263 
1073 0.0764027	1.08432 1.01655 1.02037 1.08456 0.98675 0.861774 0.915002 1.07808 1.01561 1.09348 
1074 0.113808	1.04556 1.00586 1.00086 0.986204 0.982021 1.03584 0.968376 0.946812 1.12159 0.958143 
1075 0.129725	1.10029 0.965046 0.899737 0.943541 1.03287 1.20917 0.975091 0.930954 1.12862 1.00483 
1076 0.103263	1.02058 1.00622 0.994621 1.0516 0.945145 1.03223 0.966583 0.992961 0.918862 0.987917 
1077 0.100676	0.931608 0.952615 0.950176 0.923095 0.974804 1.03196 0.986374 0.917423 1.02164 0.954972 
1100 0.162594	1.07295 1.03283 0.989637 0.989889 1.02681 1.12304 0.993941 0.962545 0.991232 0.992635 
1101 0.125774	1.12852 1.05586 1.08563 1.12996 1.03382 0.87803 0.982692 1.1308 0.947255 1.10064 
1102 0.0984034	1.0144 0.943897 0.895666 0.96392 0.989916 0.988115 0.936268 0.895776 0.949711 0.971924 
1103 0.16683	0.892762 0.96703 1.02258 0.966458 0.975486 0.969646 0.964397 0.982294 0.97522 0.977184 
1104 0.119909	1.02871 1.03972 1.03018 1.03756 1.01701 1.16153 1.01749 1.00788 1.03211 1.00579 
1105 0.131965	0.990909 0.98253 0.902597 0.955829 0.972696 1.2079 1.00376 0.880437 1.01525 0.87701 
1106 0.127403	1.0563 1.01059 1.04899 1.096 0.970981 0.851805 0.97614 1.00262 0.869972 1.01273 
1107 0.0671228	0.951205 1.01948 1.12051 0.989402 1.05298 0.815669 0.985023 1.07221 1.01093 1.05932 
1110 0.168831	0.918141 0.999984 1.12588 1.024 0.998389 0.945238 1.01958 1.09283 0.960511 1.0899 
1111 0.1329	1.14701 1.05407 1.02597 1.05582 1.04566 0.986917 0.985043 1.06126 1.00697 1.10925 
1112 0.0991342	0.914312 0.99412 1.10077 0.944478 1.01997 0.980399 1.06622 0.985392 0.947525 1.03294 
1113 0.199134	0.946397 0.93212 0.947595 0.90428 0.993578 1.03947 0.9381 0.91097 0.993542 0.984762 
1114 0.111255	1.07579 1.01948 0.958704 0.954393 1.04214 1.38834 0.988794 0.866554 1.14692 0.950957 
1115 0.138528	1.06419 0.991665 0.983794 1.00324 1.00611 1.05676 0.956218 0.929889 0.993897 1.00709 
1116 0.0571429	0.930144 1.02805 1.04824 1.00489 0.937367 0.968121 1.02115 1.03652 0.957422 1.02295 
1117 0.0930736	0.978473 1.03924 0.993725 1.00468 0.976704 1.21666 1.04861 0.93036 1.03907 0.952861 
1120 0.0921878	0.950568 0.97129 1.10057 0.98861 1.01639 0.740883 1.00026 1.17029 0.927167 1.08433 
1121 0.103402	1.04938 1.07835 1.0015 1.10656 1.00354 0.93049 1.01026 1.03973 0.972396 1.01734 
1122 0.125071	0.85705 0.948651 0.973138 0.924418 0.953725 0.84049 0.989069 0.97158 0.875286 0.942712 
1123 0.178103	1.0583 1.0063 1.00497 0.997661 1.01195 0.881593 0.959858 1.00828 0.914818 0.994981 
1124 0.082874	1.11451 1.03677 1.01169 1.02141 1.09723 1.03732 1.01626 1.08847 1.01715 1.05598 
1125 0.199772	1.0643 0.989826 0.905169 0.918438 1.01001 1.07478 0.971264 0.931857 1.00827 0.914432 
1126 0.12279	1.10334 1.03353 1.03258 1.04866 0.962734 0.923549 0.97969 1.03302 0.943723 1.0072 
1127 0.0957993	0.98544 1.0546 1.18818 1.11834 1.00993 0.707519 0.973276 1.23252 0.94081 1.152 
1130 0.103937	0.952478 0.991965 1.0606 0.994619 1.03885 0.822461 0.997917 1.07023 0.89281 1.05172 
1131 0.111024	1.1268 1.01067 0.890824 0.949463 1.00314 1.24215 0.970468 0.894212 1.00486 0.937343 
1132 0.13937	1.09789 0.991403 0.977804 0.920634 1.00112 0.901052 0.978891 0.869863 0.923343 0.93826 
1133 0.0566929	0.823383 1.0715 1.27348 1.0855 0.993536 0.810235 1.05124 1.16406 0.885723 1.11213 
1134 0.0874016	1.18418 1.12028 1.06141 1.1473 1.05142 0.935328 1.01205 1.07244 0.930164 1.12024 
1135 0.122835	1.04459 0.984311 0.862331 0.915149 0.952845 1.19858 1.01225 0.845712 0.965175 0.856925 
1136 0.197638	1.17881 1.05711 1.02683 1.08444 1.01478 1.04545 1.01866 1.0302 0.936074 1.04355 
1137 0.181102	1.01434 0.995644 0.978046 1.02082 0.988618 0.920483 0.993837 0.958854 0.916629 0.984837 
1140 0.195482	0.990901 0.975815 0.892545 0.987381 1.00743 1.07612 1.01654 0.986854 1.02611 0.963191 
1141 0.0871369	0.880474 0.990384 1.07556 1.03257 1.01325 0.823488 1.03653 1.05078 0.928289 1.03967 
1142 0.103273	0.859539 0.951688 1.05131 0.977825 0.953472 0.892746 1.03918 1.05424 0.86823 0.999974 
1143 0.1503	1.04897 1.01297 0.969271 1.08638 1.0058 1.09008 0.990368 1.0413 1.02274 1.08578 
1144 0.105118	0.99526 1.02355 1.09144 1.13728 1.00647 0.96549 1.05891 1.10519 0.876977 1.08992 
1145 0.0728446	0.986679 0.910851 0.909323 0.916183 0.973006 1.16683 0.999712 0.884317 1.0468 0.925417 
1146 0.134624	1.03878 0.9828 0.96826 0.970574 1.04925 1.13591 1.03875 0.949927 1.06293 0.998747 
1147 0.151222	1.06364 0.992272 0.926315 1.01875 0.944912 1.08307 1.01758 0.950575 0.95795 0.960779 
1150 0.188354	1.08164 1.02832 0.995633 1.00005 1.00453 1.07308 1.01369 0.966096 0.957861 0.943748 
1151 0.0841121	0.841308 0.938842 1.00516 0.922604 0.966161 0.869603 1.01137 0.973088 0.907728 0.973775 
1152 0.124371	0.975977 0.997253 0.939292 0.943341 1.06201 1.10158 0.944798 0.936435 1.13453 0.96975 
1153 0.13803	1.00255 1.06094 0.970485 1.04065 1.03793 1.08441 1.00179 1.00308 0.985687 1.01834 
1154 0.0956147	0.978906 0.971964 0.983566 0.956648 0.939551 1.06814 0.995641 0.967157 0.951239 0.927837 
1155 0.107836	1.13053 1.07276 0.987304 1.12487 0.999316 1.06333 0.973831 1.07865 1.03037 1.0371 
1156 0.13156	0.882056 1.0861 1.07242 1.06711 0.986905 0.834462 1.02537 1.10774 0.873804 1.06107 
1157 0.130122	0.896546 0.988917 0.987041 0.941401 1.01388 0.886058 0.98987 1.02763 0.960806 1.01909 
1160 0.263941	1.03844 1.02116 0.912384 0.959732 0.983642 1.04646 1.03945 0.918122 1.01422 0.943841 
1161 0.197026	0.862371 1.05277 1.09957 1.07474 0.97257 0.7915 1.02812 1.10535 0.895703 1.06121 
1162 0.0795539	0.804669 1.03012 1.0945 0.96053 1.00094 0.703961 1.03324 1.11118 0.91103 1.05185 
1163 0.17026	1.00585 1.01328 1.00331 0.961824 1.05942 0.934403 1.00366 0.975532 1.01345 1.02018 
1164 0.0929368	1.01605 0.999359 0.967337 0.988514 1.02943 0.931419 0.922719 0.98969 1.0075 1.0694 
1165 0.0736059	0.96004 0.970625 0.884991 0.944073 0.939756 1.13851 1.07822 0.892522 1.01179 0.92637 
1166 0.0535316	1.11151 1.06471 1.06877 1.10828 1.03295 0.830672 1.01589 1.08015 0.955325 1.11045 
1167 0.069145	0.947728 0.96616 0.989611 0.930706 0.931409 0.816025 0.970155 0.951664 0.988144 0.971436 
1170 0.2041	1.00716 0.975681 1.01581 1.0094 1.03441 1.11103 0.964145 0.985152 1.01025 1.01745 
1171 0.0802139	1.01996 0.978586 0.772953 0.914209 0.985408 1.49894 0.999795 0.819664 1.12718 0.896897 
1172 0.122103	0.976819 0.950295 1.09967 0.969206 0.993726 0.973115 0.977702 0.998573 1.00116 0.994913 
1173 0.0757576	1.04904 1.04139 1.09145 1.03621 1.01619 0.899428 0.994894 1.01456 0.97953 1.0355 
1174 0.148841	0.927776 1.00786 1.19028 1.06846 1.05627 0.944319 0.981996 1.07235 1.01971 1.10366 
1175 0.0909091	0.894344 0.970078 1.09815 0.966375 0.96553 0.871329 0.947865 1.08287 0.920019 1.0552 
1176 0.187166	0.841935 0.92541 1.00905 0.925951 0.988118 1.12967 0.981356 0.926854 1.03597 0.901011 
1177 0.0909091	0.923537 1.0155 1.10708 1.0897 0.96482 0.930141 1.01081 1.06511 0.956551 1.00982 
BOUNDS
LWPS R    0.0  0.0  0.0  0.0  0.0  0.0  0.0  0.0  0.0  0.0
UWPS R    0.5  0.5  0.5  0.5  0.5  0.5  0.5  0.5  0.5  0.5
LXAS R   -0.5 -0.5 -0.5 -0.5 -0.5 -0.5 -0.5 -0.5 -0.5 -0.5
UXAS R    0.5  0.5  0.5  0.5  0.5  0.5  0.5  0.5  0.5  0.5
END
