NAME moment_estimation_cluster
ASSETS 10
BENCHMARKS 0.1 0.1 0.1 0.1 0.1 0.1 0.1 0.1 0.1 0.1 
COVARIANCES
0 0 0.00925289
1 0 0.00449547
1 1 0.00905428
2 0 0.000511845
2 1 0.00548446
2 2 0.00589654
3 0 0.00466413
3 1 0.0027006
3 2 0.0012761
3 3 0.00558949
4 0 0.00507438
4 1 0.00132888
4 2 -0.00107726
4 3 0.00409468
4 4 0.00483135
5 0 0.00288014
5 1 0.00286078
5 2 0.00138758
5 3 0.00226237
5 4 0.00226222
5 5 0.00363621
6 0 6.45397e-05
6 1 -0.00159448
6 2 -0.000808255
6 3 0.00125769
6 4 0.00108447
6 5 -3.3473e-05
6 6 0.00134399
7 0 0.000744491
7 1 -0.00751497
7 2 -0.00591442
7 3 0.0028469
7 4 0.0039137
7 5 0.000139766
7 6 0.00336147
7 7 0.0138525
8 0 0.000243088
8 1 -0.0002503
8 2 -5.99431e-05
8 3 0.00154168
8 4 0.00126687
8 5 0.00233848
8 6 0.000568212
8 7 0.0029204
8 8 0.00306656
9 0 0.00105324
9 1 -0.00236911
9 2 -0.00225836
9 3 0.00120977
9 4 0.00192692
9 5 0.000817957
9 6 0.00107092
9 7 0.00493486
9 8 0.00144138
9 9 0.00214373
SCENARIOS
0 0.74357	0.969959 0.978395 0.990563 0.974776 0.977533 1.00015 0.996117 1.02647 1.00509 1.00564 
1 0.25643	1.10232 1.08543 1.05234 1.09592 1.06855 1.05632 0.995334 0.992308 1.02568 1.00131 
00 0.353834	1.05239 0.961132 0.921932 1.08442 1.09514 1.02917 1.03207 1.14848 1.05193 1.05858 
01 0.646166	0.953119 1.01115 1.03787 0.959546 0.971582 0.942427 0.97461 0.920307 0.973871 0.970631 
10 0.403307	0.921789 1.02164 1.01266 0.949795 0.926654 0.939858 1.01594 0.948079 0.951634 0.953877 
11 0.596693	1.01308 0.965313 0.97451 1.04704 1.04765 0.967761 1.03348 1.15577 1.00648 1.02394 
000 0.0741923	1.01339 0.844063 0.8735 0.922014 1.02958 0.950867 0.980654 1.15184 0.979627 1.03385 
001 0.0824021	0.890778 0.858885 0.961307 0.848361 0.887174 0.883418 0.984923 1.01908 0.95004 0.983673 
002 0.126492	1.1709 1.21244 1.14661 1.04478 1.02087 1.05349 0.951238 0.835259 0.979703 0.926682 
003 0.155492	1.22475 1.06705 1.04837 1.04969 1.11958 1.07934 1.00683 0.964477 0.991591 1.01715 
004 0.181566	0.967806 1.01204 1.12335 1.06864 0.976249 0.952921 1.05213 0.93114 1.00153 0.945522 
005 0.0609654	0.982578 1.07168 1.18089 0.963661 0.900472 0.961556 0.926752 0.908397 1.04858 0.943757 
006 0.206461	1.00682 0.898683 0.95968 1.05193 1.05958 1.02162 1.08865 1.16797 1.03169 1.05835 
007 0.112429	0.942107 0.915149 0.989274 0.916267 0.939503 0.896103 0.99269 0.938865 0.933255 0.983899 
010 0.179116	0.935645 1.0089 1.02861 0.884524 0.876594 0.976123 0.961297 0.86192 0.940874 0.949725 
011 0.0366932	1.09666 0.982796 0.924715 1.11797 1.07241 1.02071 1.0236 1.05266 0.982147 1.02939 
012 0.159719	1.14183 1.20224 1.13413 1.08287 1.0255 1.13505 0.97106 0.878153 1.00934 0.954303 
013 0.0834599	1.23635 1.00951 0.895905 1.05112 1.14746 1.11435 1.0278 1.11821 1.02025 1.05018 
014 0.176744	0.915483 0.934372 0.994016 1.00948 0.954235 1.00319 1.03357 1.0005 0.993793 0.985278 
015 0.127417	1.09922 0.95898 0.939713 0.956456 1.00804 1.08961 0.99842 1.00107 1.01849 1.01961 
016 0.100402	1.18515 1.07247 1.01501 1.16215 1.13154 1.16128 1.01083 1.06934 1.10509 1.04007 
017 0.13645	0.950774 0.809226 0.827491 0.941201 0.989908 0.944822 1.06522 1.31171 0.988416 1.06677 
100 0.168923	0.914808 1.02108 1.08908 0.893683 0.891115 1.06012 0.924001 0.815509 1.03406 0.958394 
101 0.172404	0.913831 0.825081 0.885048 0.915886 0.960377 0.90829 0.992565 1.15911 0.980843 1.02989 
102 0.114968	1.06015 1.17012 1.16927 1.01921 0.980745 1.01273 0.96799 0.880385 0.983089 0.951949 
103 0.0692323	1.0726 0.98939 1.06877 1.17063 1.11172 1.07863 1.09785 1.13092 1.09507 1.08555 
104 0.190872	1.08338 0.910486 0.951907 1.00909 1.05982 1.06854 1.0145 1.1047 1.02944 1.06294 
105 0.0615935	1.10777 1.21402 1.18291 1.08102 1.05252 1.07876 0.938916 0.840902 1.05737 0.967961 
106 0.183137	1.01205 0.963427 1.01547 1.00797 0.998879 0.976016 1.02948 0.946151 0.99614 1.01809 
107 0.0388706	1.21092 1.1591 1.08692 1.1288 1.11639 1.13866 0.917021 0.9387 1.10362 1.05248 
110 0.109862	0.930596 0.961744 0.986536 0.879924 0.916889 0.983699 0.971399 0.854926 0.876591 0.974134 
111 0.048755	1.15573 1.07475 1.08215 1.22595 1.11261 1.09865 1.109 1.15411 1.05003 1.08155 
112 0.0867264	1.15954 1.00316 0.876835 1.11922 1.19865 1.11315 1.0504 1.1962 1.03371 1.1127 
113 0.157964	1.10004 1.14638 1.10303 0.981931 0.985692 1.1204 0.920365 0.777019 1.00165 0.972005 
114 0.151951	1.06144 0.918237 0.862166 0.984636 1.06865 1.03103 0.982945 1.09649 1.01966 1.07987 
115 0.236913	1.15531 1.151 1.09044 1.09473 1.04154 1.04321 1.00992 0.883813 1.0154 0.990289 
116 0.141625	0.878182 0.955087 0.985098 0.966348 0.928263 1.02609 1.05826 0.983576 0.969929 1.03711 
117 0.0662048	0.921269 0.865085 0.871838 0.906695 0.941381 1.06818 1.00748 1.07301 1.07187 1.08013 
0000 0.170082	1.10195 1.13141 1.07662 1.05343 1.01583 0.963251 1.04222 0.989421 0.954833 0.990807 
0001 0.071209	0.872011 0.879301 0.965003 0.870828 0.910279 1.0234 1.04318 1.05499 1.06772 1.03462 
0002 0.164959	0.910351 0.85842 0.948526 1.00139 0.991617 1.01562 1.07686 1.15934 1.07803 1.07924 
0003 0.0558402	1.10056 0.929141 0.864279 1.09678 1.16691 1.08833 1.13701 1.20009 1.11537 1.13421 
0004 0.192111	0.943532 1.07883 1.09312 0.942607 0.903402 0.922929 1.02792 0.836085 0.930417 0.933418 
0005 0.114242	1.21867 1.0876 0.9624 1.14025 1.12714 1.17879 1.02175 0.991731 1.08529 1.07232 
0006 0.125512	0.918449 0.902874 0.945605 1.03421 1.04705 0.962047 1.08785 1.08694 1.01409 1.05947 
0007 0.106045	1.02765 1.07784 0.940614 0.951996 1.01348 1.06955 1.01791 0.932734 0.927981 1.02362 
0010 0.129151	1.01165 1.18661 1.14938 1.09969 0.984904 1.03135 1.07159 0.854931 0.991636 0.931913 
0011 0.0664207	0.909575 0.788634 0.89693 1.03206 1.07628 1.08877 1.13508 1.46534 1.16827 1.13498 
0012 0.180351	0.896449 0.858156 0.944688 0.912045 0.90323 0.966224 1.01719 0.958585 0.98395 0.978987 
0013 0.175738	0.853808 1.03229 1.05364 1.00579 0.97002 1.02433 0.997711 0.932239 1.0268 0.95139 
0014 0.0627306	0.868991 1.21754 1.19657 0.970793 0.89362 1.00826 0.922886 0.677255 0.939616 0.868138 
0015 0.248155	1.00513 0.899084 0.930403 1.01206 1.01682 0.95616 1.01766 1.0029 0.935851 1.03925 
0016 0.0714945	0.993123 1.04663 1.0405 1.14383 1.1267 1.13029 1.05168 0.980319 1.08659 1.0538 
0017 0.0659594	1.09485 1.07632 0.984002 1.00515 1.05436 1.12676 0.969305 0.842253 1.0611 0.986716 
0020 0.215445	0.994938 0.972353 0.965354 1.05252 1.06732 0.988964 1.03892 1.02328 0.959554 1.03715 
0021 0.15595	0.939277 1.0454 1.07312 0.950206 0.912902 0.900975 1.01933 0.868776 0.896968 0.943961 
0022 0.0552885	1.06613 1.09229 0.95444 1.03549 1.13324 1.05493 0.985509 0.964325 0.978088 1.00582 
0023 0.0814303	0.937808 0.986475 0.948622 0.921862 0.94014 0.891093 0.938002 0.879605 0.919928 0.974318 
0024 0.0829327	0.98762 1.21475 1.21536 1.05958 0.944241 0.934344 0.999858 0.795553 0.903166 0.937148 
0025 0.0946514	1.02851 0.928442 0.915495 0.953684 1.03306 0.970833 1.04781 1.07312 0.922473 1.05052 
0026 0.167368	1.03224 1.16933 1.09319 1.19942 1.13327 1.11435 1.10106 1.07691 1.04685 1.03459 
0027 0.146935	0.828224 0.878054 0.927795 0.910274 0.946767 0.933903 1.01981 1.00132 0.948305 0.99853 
0030 0.0708873	0.845213 1.0409 0.996761 0.856802 0.922968 0.960139 0.967364 0.850257 0.991176 0.942637 
0031 0.119531	1.05717 1.09921 1.01888 1.07721 1.0289 1.03525 0.979974 1.03517 1.05814 1.00238 
0032 0.182596	0.927662 0.878422 0.86551 0.942596 0.970025 0.931365 0.996774 1.13857 0.978849 1.04899 
0033 0.0936201	0.902726 0.96273 1.0123 0.936781 0.918924 0.933838 0.95949 0.949849 0.96285 0.975664 
0034 0.160108	1.23091 1.10349 0.898477 1.15394 1.17516 1.05642 1.05834 1.10894 0.98849 1.0543 
0035 0.0405769	0.975735 1.24779 1.07265 1.01294 0.938765 1.09069 0.959273 0.817113 1.00398 0.936551 
0036 0.161574	0.910493 1.08286 0.959706 0.981108 0.981641 0.962739 0.936379 0.970016 0.992443 0.984227 
0037 0.171107	1.01784 1.00705 0.984664 1.11245 1.03566 1.04389 1.00791 1.0577 1.03286 1.03784 
0040 0.102575	1.01032 1.11176 1.11813 1.00055 0.962216 1.04544 0.928284 0.912211 0.960718 0.9835 
0041 0.144861	1.14571 1.04878 0.926664 0.98094 1.07328 1.00716 0.980711 1.07228 0.948895 1.03827 
0042 0.216035	0.932277 0.977495 1.00512 0.885318 0.879926 0.937648 0.969717 0.986191 0.886519 0.981407 
0043 0.151978	0.924236 0.890952 0.918478 0.970033 0.958593 0.862424 0.991717 1.28542 0.947266 1.05439 
0044 0.112623	1.133 1.0129 0.949234 1.14133 1.12977 1.11099 0.973194 1.21753 1.10767 1.11176 
0045 0.112623	1.24117 1.27457 1.09793 1.14751 1.06999 1.13748 0.924918 0.984346 1.03584 1.01158 
0046 0.0546368	1.07239 1.17221 1.18098 1.04012 0.925788 1.0812 0.98195 0.874592 0.991834 1.00485 
0047 0.104668	1.02586 1.05939 1.04119 0.996458 0.989909 1.10316 0.991368 1.0854 1.02314 1.06748 
0050 0.0554863	1.18503 1.15792 1.11786 1.18707 1.1291 1.07381 1.13585 1.04482 1.02198 1.01691 
0051 0.263716	0.830811 1.00632 0.988368 0.968653 0.960163 0.954182 1.05326 0.888987 0.937261 0.982713 
0052 0.17207	0.998637 1.06656 1.11766 1.04844 0.999275 1.13847 1.03351 0.921205 1.04327 1.02387 
0053 0.0716958	1.00036 0.913046 0.830195 1.00212 1.09307 1.17328 1.03645 1.13187 1.04169 1.10401 
0054 0.0978803	1.11777 1.11523 0.977395 0.939695 1.03659 1.04839 0.956596 0.834367 0.941532 0.978871 
0055 0.125935	1.03568 1.06389 1.01519 1.0646 1.09502 1.15932 1.0964 1.01787 1.00733 1.06441 
0056 0.134663	0.78752 0.828378 0.876363 0.896733 0.939194 0.987074 1.0463 0.946326 0.936249 1.00009 
0057 0.0785536	0.939733 0.943808 0.926905 1.1237 1.14738 1.157 1.12854 1.1457 1.10005 1.10192 
0060 0.173601	0.907736 0.931973 0.997807 0.889228 0.898242 0.879982 0.955736 0.884101 0.910684 0.92872 
0061 0.128498	1.10366 0.931392 0.940738 0.980193 1.01635 0.900478 0.96595 1.02098 0.940726 1.02756 
0062 0.0815538	1.16738 1.15607 1.03698 1.12103 1.1234 1.04455 1.01389 1.04504 0.981389 1.03601 
0063 0.09757	1.05031 1.06258 1.02004 1.07042 1.00113 1.06183 1.00199 0.971036 1.05287 1.00065 
0064 0.0563328	0.739976 0.787836 0.927192 0.881489 0.889467 0.86187 1.04503 1.1591 1.03022 1.01956 
0065 0.142857	1.07874 0.890048 0.901091 1.13968 1.12839 1.00869 1.03533 1.21449 1.02816 1.08563 
0066 0.186672	1.0527 1.08979 1.08046 1.00693 0.987408 1.05005 0.970919 0.962767 1.04969 0.981946 
0067 0.132916	0.950839 0.889854 0.919342 0.972988 0.969017 0.873896 1.01733 1.16392 0.966947 1.019 
0070 0.0750507	1.15586 0.96957 0.912696 1.06981 1.11206 1.06943 1.08357 1.23199 1.03137 1.06441 
0071 0.201149	0.966166 0.916926 0.943769 1.02741 1.00927 0.986987 1.01167 1.14699 1.0521 1.02826 
0072 0.136917	1.03018 1.06527 1.06705 1.0306 0.95926 1.022 1.01444 0.991053 1.03641 0.995697 
0073 0.0960108	0.947267 0.869897 0.878092 0.94668 0.962353 0.912229 1.00162 1.14684 1.01464 1.02336 
0074 0.0696416	1.21999 1.14394 0.938704 1.10665 1.16727 1.11543 1.05568 1.08524 0.988639 1.04866 
0075 0.0821501	1.1163 1.2592 1.11118 1.02471 0.984683 1.08555 0.911416 0.821728 0.971382 0.906726 
0076 0.0841785	1.14379 1.1067 1.02407 1.1263 1.07479 1.06696 1.01128 1.11405 1.01084 1.00061 
0077 0.254902	1.13265 1.07359 0.967495 0.9229 0.984992 0.975381 0.970473 0.891532 0.9239 0.962995 
0100 0.122589	0.952976 0.944908 0.884033 0.903499 0.987659 1.03521 0.960679 0.90219 0.968012 0.979282 
0101 0.0841274	1.12808 1.21803 1.00606 1.06189 1.08255 1.02396 0.974023 0.895475 0.958681 0.956942 
0102 0.103765	0.913886 1.00932 1.1448 1.05391 0.926292 1.00334 1.01337 1.0179 1.07429 0.95072 
0103 0.165466	0.946056 0.804923 0.852727 0.949802 0.975086 0.950659 1.03519 1.23672 1.05757 1.04466 
0104 0.130142	0.984419 1.00555 1.03438 0.947413 0.965249 1.01645 0.981414 0.926619 0.997073 0.953643 
0105 0.0898211	0.75499 0.874688 0.954622 0.858126 0.870045 0.924366 0.997454 1.01016 0.97049 0.975817 
0106 0.178015	1.13436 1.00573 0.95103 1.09789 1.14037 1.11669 1.02066 1.09301 1.10426 1.01897 
0107 0.126075	0.997576 1.26548 1.17461 1.06145 0.97038 1.02944 0.949922 0.743123 0.980084 0.898729 
0110 0.0561543	1.15683 1.26098 1.18284 1.0892 1.039 0.989535 1.03082 0.891698 0.923589 0.95131 
0111 0.178673	1.03696 1.00356 1.03491 0.947047 0.97089 0.962331 0.971584 0.963304 0.992921 0.942834 
0112 0.18945	1.02385 0.923876 0.978772 1.08261 1.05845 0.976519 1.08699 1.24962 1.02464 1.07644 
0113 0.123653	1.15035 1.11443 1.02771 1.0052 1.02618 0.998019 1.01458 0.869961 0.889925 0.965877 
0114 0.13443	0.890697 0.850831 0.889174 0.913232 0.976457 0.972355 1.01099 1.17392 1.07255 1.06459 
0115 0.0935905	1.32089 1.07893 0.997857 1.11997 1.16131 1.08374 1.01673 1.03543 0.976031 1.04937 
0116 0.0828134	0.839082 0.943695 0.998146 0.918988 0.907154 0.948084 0.979431 1.01177 1.0633 0.970501 
0117 0.141237	1.05028 0.961824 0.99103 0.98742 0.963021 0.940326 1.04802 1.18156 0.944968 1.03154 
0120 0.213839	0.967889 1.0515 1.03712 1.06588 1.01701 1.0744 1.05067 0.964061 1.02016 1.01765 
0121 0.0817045	1.10017 1.25345 1.10389 1.09014 1.11728 1.08807 0.971577 0.895769 1.03599 0.985963 
0122 0.168621	1.02414 0.936592 0.836557 0.979951 1.05079 0.993707 0.968888 0.996549 0.983397 1.06417 
0123 0.0671097	1.21097 1.10261 0.963502 1.18279 1.17909 1.11422 1.06559 1.05026 0.971311 1.05954 
0124 0.150248	0.956034 0.980055 1.01939 0.946887 0.911961 0.90361 0.9953 0.867764 0.946271 0.933068 
0125 0.10086	0.904387 0.884702 0.896624 0.880892 0.919943 0.953807 0.977063 0.966153 1.04479 1.01898 
0126 0.151681	1.01875 1.02563 0.995543 0.93312 0.966859 0.955186 0.980808 0.900324 0.965669 0.956053 
0127 0.0659369	0.896484 0.96876 1.08109 1.00231 0.919413 1.02392 1.04525 0.994224 1.12509 1.02736 
0130 0.248628	0.928759 1.01722 1.08912 0.975614 0.918571 0.949242 0.972974 0.931794 0.979938 0.967749 
0131 0.16409	1.11743 0.983294 0.925808 1.03943 1.0832 1.04222 1.02291 1.06744 1.01881 1.06435 
0132 0.0593516	1.03688 0.910075 0.883866 1.11685 1.12481 0.977317 1.14045 1.37884 1.05404 1.09911 
0133 0.0735661	1.03583 1.07127 1.06552 1.07626 1.04989 0.973716 1.02564 1.03081 1.02729 1.00383 
0134 0.104988	1.14637 1.20637 1.02878 1.15373 1.15566 1.09228 0.955898 0.971872 1.00503 1.0161 
0135 0.0673317	1.00743 1.03288 1.00587 1.06538 0.98185 0.961526 0.931766 0.922211 1.00022 0.980183 
0136 0.207731	0.905729 0.971706 0.977779 0.894603 0.930488 0.90325 0.956021 0.91491 0.91263 0.977909 
0137 0.0743142	1.11777 1.08828 0.983586 1.00199 0.998169 0.939025 0.960503 0.925409 0.932752 0.980298 
0140 0.060292	1.16044 1.1129 1.01208 1.15744 1.17223 1.08939 1.03948 1.2008 1.12183 1.06715 
0141 0.102214	0.938756 1.03961 1.05994 0.925859 0.914712 1.00983 0.969187 0.949859 1.06007 0.988291 
0142 0.165097	1.06082 1.10397 1.0256 0.974553 1.02295 1.06085 0.957279 0.957475 0.998327 0.998973 
0143 0.125412	0.958045 0.935566 0.938346 0.895443 0.911238 0.940516 1.00447 1.10176 0.989362 0.993625 
0144 0.0638248	1.27418 1.07704 0.953284 1.09226 1.14769 0.997599 1.00237 1.20018 1.0023 1.08069 
0145 0.0917334	1.1096 1.21632 1.11665 1.03718 1.02217 1.09916 0.934158 0.89374 1.0348 0.953693 
0146 0.276378	1.00159 0.991785 0.975865 1.01144 1.0125 1.00339 1.0011 1.10627 1.07494 1.0467 
0147 0.115049	1.14521 1.09454 1.09382 1.11192 1.04521 1.06552 1.02233 0.999881 1.07568 1.02067 
0150 0.0694218	0.962123 1.07759 0.949591 0.908478 1.01406 0.969428 0.877957 0.964782 1.01717 0.975201 
0151 0.204835	0.894374 0.962825 1.00005 0.961576 0.95902 1.005 0.994316 1.08071 1.06465 1.03454 
0152 0.0785691	0.872157 0.87273 0.903678 1.04122 1.09411 0.91006 1.05852 1.38874 1.05145 1.10016 
0153 0.147011	0.899655 0.950682 0.966096 0.943928 0.964512 0.861078 1.00548 1.10431 0.941003 0.985977 
0154 0.215452	0.989446 1.02426 1.01479 1.09897 1.07163 1.01228 1.05357 1.10122 1.09351 1.01751 
0155 0.101927	1.09888 1.23534 1.08366 1.0403 1.0108 1.04367 0.936731 0.830906 0.973885 0.962027 
0156 0.0793858	0.822423 0.926918 1.01306 0.887458 0.87465 0.908823 1.02806 0.963019 0.96807 0.931061 
0157 0.103398	1.06659 0.963776 0.908993 1.01453 1.0793 0.978055 1.0282 1.09079 0.94954 1.03498 
0160 0.064262	1.05037 1.00891 0.946215 1.00242 1.09377 1.07059 1.00315 1.0704 1.05641 1.06822 
0161 0.161692	0.920318 0.971902 0.943077 0.872473 0.931084 1.00405 0.958941 0.945536 0.953947 0.998214 
0162 0.0773217	0.8811 1.05049 1.12254 0.97886 0.914124 0.954394 1.01888 0.965933 0.975144 0.958822 
0163 0.135779	1.13208 1.01177 0.994156 1.1191 1.07999 1.05172 1.07077 1.33492 1.06364 1.10923 
0164 0.274461	0.918025 0.912015 0.907891 0.954443 0.979743 1.03201 1.06013 1.20365 1.0551 1.05596 
0165 0.121061	1.12583 1.18721 1.03371 1.0773 1.10492 1.01171 1.0033 0.944201 0.953869 0.980352 
0166 0.0613599	0.934115 1.15343 1.08451 0.984387 0.999273 0.976757 1.00707 0.874351 0.973047 0.953019 
0167 0.104063	0.958038 1.06485 1.13914 1.04304 0.999959 1.04321 1.11158 1.01784 1.02902 0.977344 
0170 0.162142	1.12153 1.06324 0.934627 1.12152 1.16737 1.09231 1.01112 1.1094 1.12973 1.05779 
0171 0.123551	0.910604 0.908287 0.994779 1.04477 1.01264 0.990863 1.10312 1.08039 1.06453 1.05076 
0172 0.163819	0.963 0.970835 0.991412 0.937504 0.970973 0.989901 0.947015 0.89331 1.01515 0.996518 
0173 0.0433191	1.15041 0.810621 0.830085 0.991804 1.11724 1.09438 1.05743 1.28797 1.08692 1.17107 
0174 0.0488103	0.801069 0.862793 0.987279 0.845714 0.83089 0.9577 0.902716 0.852146 1.06573 0.970952 
0175 0.18975	0.876445 0.963939 1.00648 0.917025 0.902966 0.933471 0.965171 0.84025 0.976575 0.96979 
0176 0.130262	1.16165 0.99126 0.909829 0.950064 1.03296 1.07214 0.94363 0.92966 1.03761 1.02763 
0177 0.138347	1.05165 1.08266 1.10229 1.08192 1.02557 1.06559 0.983758 0.929413 1.0623 1.01268 
1000 0.179164	0.898914 0.999265 1.00669 0.982912 0.966866 0.947738 1.00302 0.99572 1.03396 0.985046 
1001 0.131654	1.08007 1.15446 1.14262 1.14456 1.01012 0.891456 1.03249 0.961729 0.96215 0.923013 
1002 0.157413	1.00457 1.18693 1.09459 0.998216 1.00591 0.859412 1.05011 0.961451 0.851378 0.919439 
1003 0.112765	0.995718 0.903572 0.909512 0.918941 0.987563 0.826717 1.01887 1.09399 0.868125 1.01835 
1004 0.20664	0.963417 0.93248 0.909923 1.04525 1.04288 0.916577 1.0895 1.31992 0.951538 1.02303 
1005 0.0755581	1.12237 1.01113 0.959811 1.14719 1.16859 1.04616 1.06538 1.20376 1.0442 1.07068 
1006 0.0910132	0.861761 0.913901 0.992942 0.850281 0.882557 0.796191 0.972892 0.9866 0.862406 0.966166 
1007 0.0457928	0.721167 0.78567 0.923633 0.926159 0.924572 0.850226 1.17866 1.31553 0.942583 1.04988 
1010 0.17106	0.912933 1.03928 1.05068 0.958563 0.933758 1.09713 0.971222 0.876619 1.07747 0.989533 
1011 0.181155	1.19102 1.04073 1.02013 0.976837 1.02522 1.17577 0.972513 0.862032 1.04979 1.01876 
1012 0.0415031	0.806105 0.861387 1.02426 0.863736 0.814169 0.914482 0.968288 0.827301 0.90167 0.932519 
1013 0.1447	1.20975 1.0204 0.960963 1.10497 1.12889 1.15506 1.04095 1.1262 1.09957 1.11902 
1014 0.11161	0.860536 0.875328 0.973201 0.941043 0.928843 1.01998 0.991555 1.1004 1.12405 1.04855 
1015 0.11161	0.884058 0.829672 0.990149 1.04813 1.0082 0.994981 1.1171 1.17045 1.0937 1.09528 
1016 0.101514	1.11547 1.15698 1.08542 1.08043 1.05169 1.04857 0.978656 0.858802 0.952591 0.985424 
1017 0.136848	1.00314 0.964331 0.893334 0.881582 0.996766 1.01466 0.975355 0.950777 0.926495 1.03705 
1020 0.108495	1.05317 1.03216 0.93295 0.98896 1.09375 1.07989 0.95614 0.940306 1.05983 1.02618 
1021 0.142136	1.02288 0.92801 0.957417 1.01457 1.07051 1.05574 1.03833 1.17515 1.05965 1.09401 
1022 0.0891505	0.951871 0.966754 1.00147 0.846341 0.898016 1.00664 0.948395 0.792268 0.933986 0.940599 
1023 0.0563499	0.834297 0.881434 0.955033 0.89797 0.929363 1.1393 0.94482 0.860088 1.12321 1.04964 
1024 0.152229	1.00313 1.00998 1.05644 1.06709 1.00683 1.06414 1.04752 0.97575 1.03507 1.00755 
1025 0.206056	1.01126 1.06316 1.1382 1.00197 0.944037 1.13711 0.932719 0.810861 1.02375 0.929173 
1026 0.156434	1.00055 0.894132 0.905641 0.928502 0.937105 1.02248 0.953215 1.00569 1.02838 1.00648 
1027 0.0891505	0.933599 0.976359 1.07188 1.15939 1.08189 1.07459 1.06048 1.21226 1.13889 1.06435 
1030 0.0782123	0.903443 1.01811 1.11654 1.00488 0.892677 0.977642 0.898665 0.879531 1.01783 0.931652 
1031 0.256983	1.11625 1.12161 1.05485 1.06697 1.08627 1.14411 0.918786 0.908959 1.05337 0.977252 
1032 0.122905	1.03533 1.06077 0.981214 0.993271 0.995393 1.02173 0.898166 0.962458 0.999562 0.96385 
1033 0.0879888	0.833682 0.957268 1.00948 0.904837 0.852459 0.969677 0.936356 0.930643 1.06099 0.928226 
1034 0.150838	0.958706 0.917474 0.938139 1.05331 1.04175 0.992947 0.973461 1.21449 1.01863 1.04731 
1035 0.131285	0.877495 0.893963 0.966304 0.914084 0.944517 1.02739 0.960281 0.959623 1.01036 0.98226 
1036 0.075419	1.11872 0.842838 0.817232 0.951037 1.06354 0.909695 1.00213 1.29391 0.963758 1.07759 
1037 0.0963687	0.93531 1.18261 1.21756 1.00142 0.906027 1.00018 0.911505 0.846323 0.997294 0.88388 
1040 0.0491388	1.21738 1.22401 0.98791 1.15439 1.15673 1.03505 0.985014 1.05211 1.03123 1.00889 
1041 0.0719352	0.856968 0.943917 0.871185 0.833999 0.950646 0.899892 0.943959 0.971525 0.965476 0.978098 
1042 0.128166	0.914471 1.02462 0.980928 0.933575 0.988999 1.01779 0.997913 0.914216 1.00867 0.986335 
1043 0.0825735	1.04897 1.16459 1.15507 1.00346 0.964482 0.992934 0.942506 0.921315 0.971448 0.991838 
1044 0.217325	1.05706 1.02947 0.950739 1.06922 1.07768 1.01344 0.968878 1.0954 1.05216 1.05055 
1045 0.107396	1.11968 1.22645 0.997407 1.01617 1.07378 1.02021 0.950781 0.849477 0.983421 0.997415 
1046 0.118541	0.816859 1.03832 0.976065 0.884805 0.898913 0.913085 0.938971 0.896399 1.00034 0.921162 
1047 0.224924	0.932944 0.965562 1.00879 0.986986 0.968738 0.9369 1.02463 1.02062 1.04296 0.986796 
1050 0.160126	0.962281 0.984763 1.0152 0.918394 0.9425 0.946247 0.998333 0.901349 0.854308 0.950349 
1051 0.0470958	1.13392 1.24778 1.00699 0.965756 1.02209 1.11537 0.888429 0.811504 0.88846 0.942457 
1052 0.189953	1.19329 1.16219 1.13701 1.1077 1.0612 1.06622 1.06491 0.941002 0.922368 0.985035 
1053 0.189953	1.05753 1.01602 1.01095 1.00982 0.986601 1.00187 1.01896 1.06603 0.930177 0.989271 
1054 0.135008	1.18673 1.04457 0.911826 1.02211 1.14429 1.02756 1.00446 0.985174 0.845935 1.0018 
1055 0.149137	0.940892 0.899712 0.896895 0.94426 1.00414 0.96762 1.07497 1.13462 0.941089 1.03625 
1056 0.0455259	0.882765 0.901462 0.950479 0.901588 0.887284 0.871034 0.999673 0.889873 0.906834 0.975318 
1057 0.0832025	1.08016 0.933481 0.900701 1.08924 1.10166 0.976732 0.99369 1.16938 0.912046 1.07857 
1060 0.218585	0.99536 0.920741 0.978999 1.04781 1.03363 1.08774 0.993147 1.21382 1.03886 1.06599 
1061 0.103485	1.10029 1.01849 0.990035 0.998498 1.0655 1.02902 0.920176 0.982593 0.958538 0.972549 
1062 0.120908	0.905581 0.835134 0.941573 0.986377 0.999731 1.03415 1.00388 1.19148 1.00911 1.05727 
1063 0.0723337	0.885701 1.05555 1.07572 0.89368 0.873934 0.989927 0.954282 0.882996 0.970411 0.930692 
1064 0.149419	1.16346 1.10917 1.04681 1.13299 1.12875 1.1444 0.950577 1.01994 1.04505 1.05415 
1065 0.0728617	1.01302 1.16763 1.03971 1.02582 0.988294 1.00399 0.910354 0.926948 0.945527 0.924318 
1066 0.119324	0.84408 1.03978 1.12623 1.03143 0.963658 1.02381 0.971555 1.10005 1.03303 0.991629 
1067 0.143083	0.977572 0.931614 0.998672 0.938352 0.95208 1.02192 0.99405 1.09674 1.03972 0.970298 
1070 0.0820896	1.20047 1.17952 1.02123 1.06126 1.10458 1.11623 1.03308 0.930481 0.927228 0.961787 
1071 0.0820896	1.17984 0.978203 0.899172 1.0606 1.15048 1.14661 1.11736 1.13 1.03728 1.09415 
1072 0.0746269	1.10847 1.09841 1.18851 1.00892 0.942161 1.04141 1.00784 0.912345 0.948157 0.946442 
1073 0.151741	0.966074 1.00444 0.910986 1.00726 1.11077 1.02306 1.04206 1.10782 0.986473 1.02091 
1074 0.0771144	0.953647 1.02858 1.07993 0.915187 0.884216 0.945003 1.02119 0.969907 1.04543 0.928967 
1075 0.0547264	0.873021 0.93894 1.05354 1.06265 0.971405 1.04337 1.08164 1.198 1.07943 1.0194 
1076 0.253731	1.06685 1.01201 0.979992 0.960712 1.01406 0.985883 1.02385 0.959315 0.889451 0.964095 
1077 0.223881	0.941438 0.862897 0.918082 0.877526 1.00295 0.976302 1.06766 1.21533 0.969578 1.02911 
1100 0.13028	0.963699 0.868741 0.850854 0.959103 1.0385 0.895197 1.03422 1.26013 1.04336 1.04825 
1101 0.0731707	0.885421 0.879915 0.935604 0.951866 0.929551 0.877709 1.03349 1.0592 1.04941 1.00008 
1102 0.168947	1.02995 1.10849 0.990159 0.952645 1.03544 1.06056 0.929995 0.844932 1.08736 0.986722 
1103 0.0618679	0.90341 0.878185 0.923908 0.988363 0.980144 0.937045 1.03277 1.22203 1.08887 1.05705 
1104 0.12909	0.983217 1.16786 1.09794 0.984691 0.918777 1.07192 0.993704 0.826711 1.13363 0.942017 
1105 0.110054	0.808702 0.933632 0.901809 0.843318 0.909741 0.828882 0.999804 1.03394 1.04124 0.965138 
1106 0.22903	1.14934 1.11909 0.989194 1.12974 1.08012 0.997966 1.00867 1.06422 1.00764 1.02029 
1107 0.097561	0.994168 0.99848 0.941957 1.00745 1.00565 1.00529 1.05257 1.04214 1.15539 1.05179 
1110 0.130027	1.0358 1.06951 1.00394 0.958195 0.992087 1.0635 0.892169 0.7739 0.965154 0.972042 
1111 0.19571	1.11845 1.04182 1.05511 1.03892 1.08993 1.10001 0.970791 0.936265 1.14208 0.987112 
1112 0.0455764	0.851387 0.883408 0.926961 0.864462 0.925658 1.02195 0.961928 0.986009 0.999268 1.00791 
1113 0.0683646	1.12354 0.99669 0.960106 1.14996 1.20656 1.10906 1.05312 1.20715 1.11322 1.11865 
1114 0.147453	0.910684 0.976442 0.93716 0.968861 1.03939 1.0901 0.975676 0.98181 1.17855 1.05415 
1115 0.144772	0.879081 0.974926 0.982823 1.03599 1.00566 0.953351 1.01782 1.07229 1.0243 0.966161 
1116 0.10992	0.804088 0.801101 0.793834 0.913415 0.977304 0.971641 0.985399 1.13037 1.06442 1.05169 
1117 0.158177	0.777794 0.913205 0.953706 0.886055 0.898628 0.95984 0.948919 0.997515 1.01446 0.983936 
1120 0.0904295	0.879624 0.789701 0.888567 0.926436 0.94857 0.959795 1.06419 1.16144 1.05584 1.06784 
1121 0.0640543	1.07216 0.935057 1.03185 1.15088 1.07023 1.00362 1.05399 1.13163 1.14066 1.0421 
1122 0.0550113	1.18952 1.00904 1.03864 1.10105 1.07711 0.994651 1.03646 1.05776 0.931884 1.03771 
1123 0.159759	1.17294 1.1399 1.05415 1.0077 1.00535 1.00566 0.964598 0.870608 0.970815 0.969713 
1124 0.057272	1.26809 0.934478 0.939817 1.14875 1.20857 0.976333 1.09706 1.12575 1.01096 1.0691 
1125 0.0889224	0.984119 1.14095 1.19212 1.08065 0.988924 1.07965 1.00844 0.905861 1.07539 0.942515 
1126 0.255463	0.860723 0.934697 1.06719 0.914172 0.902412 0.911672 0.980305 0.917233 1.00595 0.966231 
1127 0.229088	0.990834 0.879701 0.996383 1.02133 1.00755 0.964791 1.06482 1.10647 1.05321 1.01259 
1130 0.111709	0.86727 1.00229 1.02183 0.881392 0.908779 0.864607 0.938936 0.845885 0.935784 0.921203 
1131 0.127431	0.897469 1.11422 1.12016 1.00554 0.951617 0.915713 1.0334 0.879258 0.964955 0.894143 
1132 0.10302	1.1318 1.02168 0.953754 1.11903 1.13524 1.02235 1.11616 1.21037 1.03614 1.06734 
1133 0.116674	1.00965 1.04706 1.00956 1.0365 1.03727 1.03304 1.02916 0.983229 1.007 1.00036 
1134 0.0885395	1.14984 1.24024 1.17203 1.07509 1.06248 1.03314 0.984755 0.970948 1.01922 0.980596 
1135 0.10302	1.0303 0.987436 0.9779 1.08382 1.07514 1.08527 1.07184 1.20306 1.15081 1.10379 
1136 0.244518	0.86919 0.919333 1.01313 0.956841 0.952806 1.01782 1.02412 1.1341 1.06719 0.998218 
1137 0.105089	1.01252 0.987429 0.850898 0.968492 1.10126 1.06016 1.05578 1.13821 1.03062 1.0548 
1140 0.276989	0.957629 0.933609 1.03491 0.999956 0.967639 0.97393 1.04939 1.08033 0.98441 1.01626 
1141 0.196559	0.882417 0.956649 0.947044 0.880693 0.905389 0.909274 1.02457 0.955644 0.936783 0.976505 
1142 0.100215	1.10545 0.999363 0.976843 1.14724 1.07429 1.04242 1.11861 1.22861 1.04811 1.06433 
1143 0.0658065	1.22205 1.19012 1.04032 1.11594 1.14436 1.08953 1.08475 0.979376 1.0232 1.03429 
1144 0.0666667	0.872653 0.779633 0.869906 1.00251 0.999991 0.965899 1.11092 1.37326 1.02476 1.10826 
1145 0.124301	1.0257 1.12956 1.01661 0.940745 1.00319 1.01929 0.954758 0.852557 1.00411 0.942077 
1146 0.076129	0.97473 1.03814 1.19668 0.990784 0.930094 0.974751 1.03027 0.867242 0.982883 0.94015 
1147 0.0933333	1.08495 0.994289 0.889318 1.03661 1.08533 0.976342 1.0937 1.07626 0.952332 1.0162 
1150 0.137103	0.7864 0.92679 1.01276 0.918651 0.896419 0.992395 1.01841 0.96303 0.942454 0.97728 
1151 0.250759	0.914993 0.908097 0.958919 0.971305 0.966362 0.980279 0.986186 1.00138 0.972222 0.983653 
1152 0.154759	1.00694 1.09333 0.995884 1.01095 1.06023 1.09774 0.968356 0.920005 1.00231 1.01832 
1153 0.0543448	1.15263 1.25447 1.25247 1.15336 1.08207 1.20662 1.02261 0.875733 0.999529 0.953195 
1154 0.116966	1.07012 0.959448 0.995937 1.09158 1.08127 1.06347 1.01258 1.06419 0.983199 1.04057 
1155 0.137655	0.915003 0.846989 0.941748 0.930816 0.947723 0.985558 1.02508 1.11062 1.04118 1.02697 
1156 0.0777931	1.09877 0.927664 0.881849 0.934442 1.03663 1.0291 0.949112 1.04078 0.955045 1.00864 
1157 0.0706207	0.949277 0.969359 1.00195 1.11772 1.07836 1.14408 1.10673 1.18804 1.09931 1.06023 
1160 0.114444	1.00044 0.969727 1.08781 0.964556 0.901796 0.846059 0.880453 0.864413 0.902858 0.910294 
1161 0.0512229	1.02887 1.14252 1.24721 0.931016 0.845828 0.899283 0.858588 0.780467 0.97962 0.840575 
1162 0.0784495	1.18534 0.929277 0.965578 1.15229 1.14271 1.03923 1.08202 1.29588 1.11593 1.07626 
1163 0.197047	1.02925 1.06118 1.07866 1.03723 1.00929 0.986061 0.925709 0.899206 1.01966 0.948554 
1164 0.175358	1.0032 0.901794 0.923135 0.970504 0.994708 0.901965 0.965384 1.01964 0.981852 1.00229 
1165 0.0904476	1.12825 1.1155 1.12833 1.11328 1.05639 0.997335 0.983384 0.924702 1.05937 0.950397 
1166 0.107522	0.968494 0.883121 0.982211 0.912499 0.898202 0.95263 0.941742 1.00821 1.04552 0.975683 
1167 0.18551	1.05064 0.892664 0.912985 1.05037 1.05899 1.0296 0.995071 1.18262 1.09756 1.0619 
1170 0.0621915	0.740918 0.824158 0.937716 0.950632 0.978207 1.00133 1.0445 1.20977 1.10434 1.08112 
1171 0.140178	0.892577 0.854762 0.934207 0.915341 0.948424 0.893061 1.01841 1.06105 0.979833 0.980833 
1172 0.117473	1.05309 0.874364 0.934021 1.06912 1.09611 1.00316 1.07718 1.21248 0.990511 1.08354 
1173 0.0799605	1.11527 1.0809 1.09587 1.16817 1.08906 1.04765 1.08084 1.11635 1.04415 1.03063 
1174 0.298124	0.944378 1.11269 1.11907 0.991375 0.982585 0.979744 0.98668 0.902482 0.990057 0.951527 
1175 0.0641658	1.19347 1.08048 0.926918 0.979718 1.13339 1.05861 0.955882 1.00727 1.01853 1.00632 
1176 0.168806	0.980118 0.964939 0.987063 0.881084 0.999799 0.962606 1.02507 0.9306 0.946182 0.973471 
1177 0.0691017	1.01104 0.968336 0.876371 1.03574 1.07848 0.877599 1.00374 1.0657 0.939337 1.01279 
BOUNDS
LWPS R    0.0  0.0  0.0  0.0  0.0  0.0  0.0  0.0  0.0  0.0
UWPS R    0.5  0.5  0.5  0.5  0.5  0.5  0.5  0.5  0.5  0.5
LXAS R   -0.5 -0.5 -0.5 -0.5 -0.5 -0.5 -0.5 -0.5 -0.5 -0.5
UXAS R    0.5  0.5  0.5  0.5  0.5  0.5  0.5  0.5  0.5  0.5
END
