NAME moment_estimations_cluster
ASSETS 10
BENCHMARKS 0.1 0.1 0.1 0.1 0.1 0.1 0.1 0.1 0.1 0.1 
COVARIANCES
0 0 0.291035
1 0 0.083771
1 1 0.0305295
2 0 0.0233672
2 1 0.0115149
2 2 0.0228257
3 0 -0.020976
3 1 0.00399191
3 2 0.0151655
3 3 0.038695
4 0 -0.0126677
4 1 0.000571864
4 2 0.00551495
4 3 0.020605
4 4 0.0149328
5 0 -0.0593609
5 1 -0.00754899
5 2 0.0203124
5 3 0.0408475
5 4 0.0224057
5 5 0.0615204
6 0 0.0665171
6 1 0.022038
6 2 0.0127063
6 3 0.00654046
6 4 0.00476084
6 5 0.000964405
6 6 0.0265731
7 0 -0.0593831
7 1 -0.00134869
7 2 0.02796
7 3 0.0605208
7 4 0.0290581
7 5 0.0730658
7 6 0.00210191
7 7 0.114119
8 0 0.0724428
8 1 0.0158983
8 2 0.000598438
8 3 -0.0177332
8 4 -0.00831758
8 5 -0.0284025
8 6 0.0160009
8 7 -0.036969
8 8 0.0277921
9 0 -0.0118103
9 1 -0.00290987
9 2 0.00716897
9 3 0.0136651
9 4 0.0111333
9 5 0.0185255
9 6 0.00758223
9 7 0.0201484
9 8 -0.00137181
9 9 0.0206727
SCENARIOS
0 0.21636	2.10301 1.21159 1.03763 0.923035 0.996159 0.885056 1.16797 0.851816 1.22108 0.990779 
1 0.78364	0.880688 0.978995 0.982736 0.976474 1.01997 1.11622 0.977325 1.07097 0.953137 0.990406 
00 0.444629	1.80182 1.1666 1.09011 0.937475 0.919242 0.874918 1.14435 1.03055 1.18639 1.00703 
01 0.555371	0.649343 0.929941 0.950187 1.04521 0.988568 1.06871 0.929839 1.15646 0.932903 1.00136 
10 0.279605	0.801853 0.992459 1.12937 1.50147 1.14872 1.40428 1.05359 1.78493 0.832585 1.1703 
11 0.720395	1.29978 1.03743 0.964808 0.910508 0.881262 0.831624 1.01479 0.800378 1.10834 0.94616 
000 0.0867983	1.10546 1.33552 1.2244 1.44821 1.11541 1.30462 1.09569 1.30472 0.794217 0.962197 
001 0.162994	1.07372 1.02312 0.85521 0.884395 0.859474 0.801557 0.980883 0.708978 0.968015 0.88317 
002 0.101871	1.61389 1.08274 1.07594 1.11408 1.07148 0.940654 1.12471 1.0262 1.13583 1.22431 
003 0.103638	0.919694 0.831302 0.854557 0.62787 0.915561 0.698346 0.959071 0.427914 1.26374 1.06098 
004 0.111227	0.732366 0.896084 1.12729 1.40599 1.2852 1.51403 1.23731 1.48804 0.946293 1.31838 
005 0.2842	0.451682 0.848142 0.954952 1.06804 1.08381 1.15023 0.834898 0.939277 0.787704 0.962249 
006 0.0830561	3.63078 1.54237 1.12748 0.906766 1.08498 0.877537 1.38658 0.713144 1.29166 0.964917 
007 0.0662162	2.09988 1.21578 1.16853 0.979304 1.05895 0.833849 1.31056 0.662006 1.29038 1.11159 
010 0.0891312	2.26091 1.34674 1.28622 1.08106 0.947687 0.915247 1.30893 1.19272 1.13519 1.04141 
011 0.155626	0.961234 1.00123 1.31316 1.42986 1.11627 1.74813 1.16424 1.93087 0.880285 1.13082 
012 0.182174	0.676023 0.908813 0.947511 0.858534 0.891225 0.877803 0.840324 0.803229 1.00441 1.00255 
013 0.139897	1.00995 0.880685 0.891617 0.772762 0.960801 0.732442 1.03872 0.722522 1.12169 0.935768 
014 0.0655792	3.10111 1.13108 0.965877 0.606879 0.765062 0.46785 1.1905 0.384119 1.55194 0.904621 
015 0.178512	0.493189 0.743342 0.858925 0.982567 0.968028 1.02937 0.762291 1.09802 0.803529 0.980197 
016 0.0704061	2.34183 1.19427 0.961372 0.990576 0.981869 0.896981 1.03628 0.972823 1.08076 0.81492 
017 0.118675	1.49907 1.06137 0.956139 0.860126 0.812325 0.736669 1.0056 0.86648 1.13796 0.837637 
100 0.0713797	0.540955 0.876143 1.20663 1.44207 1.29609 1.7002 0.973831 2.22922 0.749206 1.0876 
101 0.178221	1.10325 1.19756 1.0725 1.12892 1.18965 1.20092 1.15991 1.13981 0.999031 1.25672 
102 0.164529	2.39727 1.18632 1.23267 0.844929 0.865587 0.862535 1.17003 0.877109 1.20237 0.951273 
103 0.095249	2.09423 1.1993 0.94974 0.975354 1.06381 0.870426 1.2609 0.827485 1.2544 0.963545 
104 0.159828	0.308823 0.614615 0.776817 0.774424 0.877005 0.916666 0.674119 0.838356 0.830526 0.91062 
105 0.114783	1.10653 1.02681 0.896202 0.865581 0.907233 0.698055 0.841903 0.801035 1.01172 0.848374 
106 0.141345	1.17285 1.18351 1.23433 1.25483 1.1571 1.15855 1.03553 1.53926 0.944684 0.959828 
107 0.0746657	1.85258 1.06591 0.853868 0.684315 0.860337 0.623708 0.992403 0.559394 1.32347 0.750032 
110 0.0992861	1.35682 1.08508 1.12648 0.916369 0.992841 0.886082 1.07419 0.942848 1.17312 1.05336 
111 0.0615911	1.42116 0.92097 0.885264 0.754913 0.990339 0.625483 0.868845 0.561873 1.24269 0.882225 
112 0.214869	0.728582 0.937094 0.93865 1.10451 1.06191 1.06832 1.00097 1.01528 0.964909 1.06151 
113 0.0566135	2.81573 1.25259 1.35082 1.32427 1.18691 1.17272 1.5346 1.17231 1.3387 1.47317 
114 0.127717	0.325759 0.697215 0.930928 1.36846 1.21385 1.50143 0.704851 1.5883 0.667505 1.07085 
115 0.125007	3.10865 1.37703 1.09358 0.79103 0.978642 0.716834 1.26352 0.606383 1.34352 1.02094 
116 0.232105	0.568691 0.800932 0.943645 0.918601 0.890341 0.963647 0.764691 0.923578 0.847771 0.936881 
117 0.0828123	0.85206 1.01058 1.33016 1.50886 1.29363 1.80177 1.16367 1.96176 0.951302 1.39201 
0000 0.122156	0.677266 0.909606 1.11251 1.35167 1.05345 1.56617 1.07977 2.09934 0.7966 1.00311 
0001 0.0586826	1.13383 0.925481 0.940272 0.913328 1.04956 0.896859 0.823852 0.799182 0.984984 0.835092 
0002 0.131737	1.77007 1.02543 1.09482 0.917942 0.934168 0.798966 1.12897 1.03965 1.17497 0.925565 
0003 0.0898204	0.696815 0.897838 0.972167 0.856979 0.932703 0.880938 0.805719 0.979026 0.94978 0.9599 
0004 0.136527	0.431326 0.747674 0.934202 1.04777 0.99108 1.31831 0.755065 1.33739 0.771141 0.958117 
0005 0.203593	0.956324 0.702089 0.888793 0.959145 1.25774 1.01748 1.00633 1.11797 1.10982 0.84511 
0006 0.143713	1.55747 0.989433 0.91056 0.769457 1.01522 0.834371 1.12461 1.0349 1.18289 1.32911 
0007 0.113772	2.88219 1.21837 1.22828 0.941528 0.941829 1.09914 1.21207 0.950304 1.09717 0.747533 
0010 0.0752551	0.447197 0.713594 0.78792 0.803971 1.09436 1.17068 0.759014 0.764468 0.892992 0.980504 
0011 0.129464	2.70073 1.44139 1.26695 1.05275 1.16856 0.950297 1.19986 0.945701 1.2993 1.04149 
0012 0.140306	1.00809 0.950978 1.05293 1.04064 1.26873 1.33899 1.09827 1.04086 1.03381 1.37318 
0013 0.154974	0.534466 0.885447 1.15197 1.4405 1.27363 1.51867 0.788441 1.38756 0.814863 0.973663 
0014 0.0484694	1.68124 1.12836 1.34435 1.19973 1.15831 1.1664 1.09921 1.26487 1.03603 1.00275 
0015 0.0880102	1.68591 1.15915 0.988477 1.02468 1.21173 0.841402 1.17744 0.663464 1.35716 0.964099 
0016 0.184949	1.29169 0.955088 1.05429 0.900678 1.08002 0.98153 0.995383 0.689027 1.15915 0.984733 
0017 0.178571	0.759035 0.954116 0.909672 0.971626 1.11941 0.863347 0.933551 1.01814 1.02257 0.972724 
0020 0.0704082	0.458687 0.720884 0.693544 0.68837 0.855284 0.743513 0.736758 0.421212 0.89584 0.751191 
0021 0.113265	0.971602 1.10694 0.883866 1.11987 0.981637 1.1047 0.940976 1.22855 0.738929 0.6628 
0022 0.0928571	0.772453 0.882473 0.87481 0.681986 0.716842 0.673167 0.873117 0.330877 1.04467 0.616288 
0023 0.142857	2.59728 1.38009 1.07208 1.00531 1.12561 1.19195 1.12102 0.569816 1.13216 0.868898 
0024 0.126531	0.941834 0.955724 1.08355 0.822604 0.996149 1.02578 1.13736 0.841999 1.0714 1.09608 
0025 0.0653061	0.550794 1.12801 1.06091 1.59772 1.29968 1.72873 0.920616 1.50515 0.59076 0.728055 
0026 0.262245	1.50291 1.27239 1.11355 1.11847 0.981647 1.0646 1.10334 1.21269 1.04183 0.850273 
0027 0.126531	0.595223 0.833258 0.986195 0.944398 0.915212 1.12304 0.942112 0.813583 0.836215 0.912639 
0030 0.228686	1.23636 0.999829 0.914929 1.09842 1.07047 0.893877 0.960328 0.719455 1.06706 0.975162 
0031 0.108325	2.15081 1.10306 1.20681 0.835128 0.670572 0.743973 1.08189 0.728128 1.22491 0.815605 
0032 0.160481	0.837558 1.24208 1.03068 1.54444 1.17174 0.993235 1.09051 1.95549 0.903708 1.14716 
0033 0.145436	0.933298 1.04139 0.89943 1.15999 0.838223 0.862728 0.891335 1.4426 0.888186 0.716128 
0034 0.0802407	2.86137 1.5147 1.21238 1.53272 1.06582 1.16057 1.24091 1.49704 1.16932 0.874282 
0035 0.0902708	0.917908 1.02497 1.27053 1.438 1.01527 1.32579 0.989293 1.66609 0.791642 1.05048 
0036 0.0521565	0.458166 0.796788 0.850164 0.907814 0.82122 0.68457 0.9493 0.631487 0.961008 0.973367 
0037 0.134403	0.406873 0.852308 0.944239 1.44246 0.925055 1.32091 0.778246 1.26069 0.739029 0.915799 
0040 0.0654206	1.22718 1.0866 1.32068 0.856852 0.874431 0.932365 0.993048 0.76332 1.17455 1.02813 
0041 0.217757	0.644776 0.754141 1.06341 0.716169 0.893397 1.07991 0.805083 0.71118 0.926452 0.951229 
0042 0.0728972	1.59241 1.19641 1.24448 1.05433 1.11527 1.19078 1.14389 0.841955 1.21708 1.40462 
0043 0.192523	0.828272 1.00332 0.944495 1.225 1.06459 1.05999 0.905084 1.19925 0.834887 0.898499 
0044 0.163551	1.06735 1.12756 0.651682 0.701572 0.938282 0.546093 0.875563 0.268242 1.07974 0.740363 
0045 0.0542056	3.51359 1.63935 0.93669 0.986898 0.934651 0.807116 1.38 0.852578 1.17405 0.82892 
0046 0.0841121	2.29742 1.21703 1.04844 0.79795 0.917276 0.827897 1.13622 0.696531 1.17876 0.884341 
0047 0.149533	1.1111 1.1157 1.32228 1.07857 1.06236 1.20587 0.934832 1.22533 0.88503 0.935813 
0050 0.246159	0.766125 0.94563 1.19093 1.79849 1.19001 1.53697 0.972338 2.41206 0.827904 1.19455 
0051 0.0504755	3.40924 1.3824 0.968178 0.958423 1.12556 0.781343 1.23779 0.514494 1.23635 0.937316 
0052 0.0596196	1.34288 0.931305 0.935521 0.643899 0.859896 0.639296 1.08594 0.501821 1.53166 1.05464 
0053 0.110827	1.09608 0.986256 0.871677 0.703558 0.758881 0.649784 0.94288 0.423228 1.14433 0.817529 
0054 0.20556	1.5788 1.11096 1.08339 1.19641 1.10162 1.04732 1.1136 1.23236 1.00521 1.18522 
0055 0.0651061	2.02101 0.987592 0.882159 0.662884 0.81143 0.79319 1.02984 0.442783 1.34773 0.907803 
0056 0.140088	0.500998 0.780544 0.826785 0.909655 0.861586 0.820219 0.767615 1.04415 0.932192 0.791976 
0057 0.122165	1.05739 0.95619 1.0734 1.14763 1.12565 1.24194 1.11475 1.39247 1.06341 1.16172 
0060 0.0851064	1.3429 0.882849 0.967825 0.757919 0.687405 0.73669 0.828247 0.584212 1.17031 0.960679 
0061 0.237797	2.38521 1.10779 1.00978 1.33018 1.11446 1.05782 1.12249 1.20277 1.22245 1.12901 
0062 0.188986	0.479266 0.719287 0.588487 0.706272 0.804174 0.542741 0.642597 0.604865 0.969166 0.763644 
0063 0.0738423	1.11572 0.788921 0.791363 0.805613 0.90476 0.651024 0.867062 0.463573 1.24651 0.821422 
0064 0.0638298	0.856676 1.12121 1.32676 1.14658 0.960019 0.961775 1.06701 1.02844 0.817563 0.786922 
0065 0.0763454	1.04786 1.13967 1.09262 1.06175 0.762661 1.07624 0.896426 1.03023 0.782234 0.868792 
0066 0.12766	0.532156 0.857242 1.18962 1.64265 1.03013 1.55244 1.03086 2.38726 0.757785 0.945797 
0067 0.146433	0.787726 0.912717 0.938843 1.02903 0.998194 0.836814 0.935318 0.919029 0.990321 0.949326 
0070 0.0926217	1.86648 1.03506 1.03451 0.602459 0.744498 0.757029 0.947876 0.631586 1.20876 0.750171 
0071 0.10675	2.81403 1.29909 0.88031 1.09132 1.01279 0.85239 1.35146 0.95243 1.4073 1.36542 
0072 0.103611	1.53162 1.21774 0.967764 1.13905 0.880709 1.0295 1.02478 1.46107 1.00004 0.828736 
0073 0.0769231	1.3 1.04089 0.919938 0.888699 0.909374 0.881805 1.22065 0.807404 1.14118 0.866851 
0074 0.0580848	1.06907 1.26221 0.938194 0.914466 0.78876 0.769717 0.906469 1.09819 0.92125 0.788197 
0075 0.0800628	0.935476 0.791251 0.589192 0.484448 0.742598 0.43649 0.768951 0.259047 1.31215 0.549033 
0076 0.204082	0.906195 1.1526 1.25685 1.55426 1.12382 1.56865 1.14502 1.68993 0.906549 1.22232 
0077 0.277865	0.57095 0.799126 0.748547 1.13811 0.893254 0.841548 0.813252 0.983299 0.953892 0.94187 
0100 0.0812325	0.805401 0.784933 0.813807 1.03935 1.22479 0.904259 1.22646 0.874309 1.12384 1.40913 
0101 0.0709617	0.395977 0.84354 1.12201 1.67524 1.39129 1.94827 0.922601 1.95328 0.816975 1.2635 
0102 0.179272	0.829772 0.780846 1.04083 0.784987 0.978971 1.09201 0.949529 0.587074 1.07523 1.02822 
0103 0.129785	0.9156 0.82694 0.773668 0.822294 0.932717 0.739614 0.889204 0.536832 1.01061 0.770181 
0104 0.0737628	0.494568 0.660818 0.730318 0.90361 0.984001 1.19365 0.694286 0.888609 0.883187 0.848218 
0105 0.0672269	0.552166 0.77732 0.896138 1.1496 1.33174 1.39073 0.849383 1.17889 0.722382 0.946105 
0106 0.112045	0.862152 1.14546 1.1109 1.75328 1.46845 1.65135 1.09798 1.47622 0.848392 1.17528 
0107 0.285714	1.75621 1.16511 1.05729 1.04863 1.08311 0.95338 1.1537 1.08737 1.16609 1.01809 
0110 0.1	1.24466 0.935635 0.951278 0.816612 0.867315 0.604381 0.992502 0.602142 1.30503 1.02508 
0111 0.136364	1.55403 1.16063 1.24206 0.983917 1.03944 0.988188 1.30194 0.946194 1.01083 1.37644 
0112 0.129947	0.702527 0.885461 1.13504 1.31875 1.34981 1.39161 0.916923 1.97058 0.706639 1.08831 
0113 0.113904	2.43821 1.46134 1.003 0.872919 0.990017 0.706313 1.27992 0.45914 1.37765 1.07698 
0114 0.100535	1.00925 1.11175 1.04046 1.46589 1.41679 1.12793 1.06531 1.22808 0.769843 1.31179 
0115 0.143316	0.389344 0.746609 0.964743 1.04776 1.13181 0.961596 0.713701 0.946152 0.783098 0.989118 
0116 0.109626	0.747955 0.827958 0.762943 0.994424 1.20041 0.787691 0.904938 0.710841 1.00997 1.11462 
0117 0.16631	0.925328 0.958709 1.00463 0.75962 0.817946 0.728448 0.842957 0.708577 0.968527 1.05678 
0120 0.149383	0.81956 0.831604 1.11391 1.22016 1.08164 1.34294 1.10461 1.23237 0.935233 1.04475 
0121 0.206944	1.4634 1.14761 1.02955 1.06635 1.02044 0.955835 1.0737 1.28956 0.971933 0.834995 
0122 0.18593	0.934386 0.753333 0.737541 0.933512 1.01555 0.894508 0.901094 0.997782 0.928832 0.902964 
0123 0.0721791	2.05275 1.05331 1.39762 1.05646 1.12367 1.15074 1.44908 1.18539 1.07681 1.04445 
0124 0.0493376	4.28809 1.39805 1.21523 1.01632 1.04656 0.770845 1.32789 0.8051 1.18748 0.759234 
0125 0.0493376	2.40425 0.999835 0.954494 0.856852 0.900252 0.638979 1.10708 0.751744 1.21126 1.04071 
0126 0.163088	0.783027 0.708313 0.778924 0.637742 0.97284 0.569733 0.89309 0.460257 1.1359 0.90682 
0127 0.123801	0.899793 0.866386 1.05607 1.45714 1.35929 1.75173 1.1331 1.95059 0.779073 1.19456 
0130 0.0987507	0.97984 0.833247 0.865985 0.630442 0.760482 0.726236 0.798536 0.460791 1.20658 1.07392 
0131 0.162403	1.62943 1.334 1.19488 1.30292 1.06824 1.50395 1.03498 1.38952 0.79666 0.934429 
0132 0.200476	0.45826 0.852528 0.819737 1.24533 1.16483 1.30297 0.812325 1.11967 0.769057 1.01017 
0133 0.163593	2.25601 1.09662 0.965959 0.857925 0.887189 0.661936 0.984554 0.69348 1.23978 0.94822 
0134 0.0963712	1.24916 1.10971 0.746593 1.17193 1.11403 0.888011 0.832462 0.860799 0.914763 0.888674 
0135 0.0487805	1.41092 1.04548 1.00087 0.94091 1.02556 0.847975 1.0151 0.58612 1.33015 0.953699 
0136 0.0749554	0.950751 0.981806 1.03162 1.19783 1.14624 1.34932 1.13647 0.906936 1.02876 1.56172 
0137 0.15467	0.832466 0.933209 1.17652 1.15345 0.96269 1.29903 0.937534 1.01064 0.946771 1.11729 
0140 0.11802	0.701783 0.813833 0.874766 0.844678 0.962134 1.1378 0.865078 0.964086 1.00981 1.05841 
0141 0.173858	1.29765 0.971218 0.948334 1.21828 1.06781 1.03685 1.11853 1.72186 1.15913 1.10937 
0142 0.133249	1.23589 1.18604 0.887508 1.21433 0.971512 1.21939 0.988988 1.83076 0.796246 0.823307 
0143 0.0824873	0.662518 0.82027 1.0453 1.31488 1.36364 1.47324 1.00006 1.1339 0.968669 1.48153 
0144 0.194162	2.71853 1.52491 1.13611 1.50528 1.42792 1.45072 1.35645 1.30628 1.13063 1.39569 
0145 0.126904	0.358811 0.653842 0.850348 1.04697 0.985654 1.67656 0.820729 1.51438 0.747608 1.08664 
0146 0.121827	0.722996 0.975719 0.953514 1.40327 1.20158 1.2839 0.998706 1.74575 0.79058 0.901085 
0147 0.0494924	0.530482 0.700666 0.613126 0.527534 0.85302 0.568504 0.632573 0.379233 0.960969 0.774957 
0150 0.159441	2.94679 1.38565 1.11466 0.910438 0.969891 0.758557 1.3143 0.642355 1.23244 0.924703 
0151 0.0456876	1.14072 1.11506 1.59596 1.36658 1.12677 1.80527 1.12787 2.08924 0.881265 1.02833 
0152 0.170629	1.01627 1.10842 1.11049 1.12968 1.05912 1.01711 1.14191 1.01547 0.997762 1.06569 
0153 0.0937063	0.367256 0.768079 0.781069 0.750537 0.954101 0.946628 0.717183 0.794881 0.828469 0.767995 
0154 0.0620047	0.887026 1.12835 1.28535 1.62727 1.22441 1.47325 0.838053 2.13463 0.836553 1.12896 
0155 0.207459	0.900935 0.959599 0.826184 0.649084 0.785195 0.605641 0.833432 0.534589 1.02448 0.914116 
0156 0.19021	0.727697 1.00704 1.19704 1.12987 0.970707 1.12999 0.883723 1.42717 0.809797 0.841104 
0157 0.0708625	1.05493 1.33779 1.06249 1.606 1.36096 1.57444 1.1899 1.64428 0.753816 1.11271 
0160 0.070922	0.497116 0.859016 1.01476 1.28976 1.08495 1.35183 0.934271 1.72103 0.721283 1.26053 
0161 0.121749	0.586046 1.04966 1.06483 1.01514 1.03022 1.15971 0.850536 1.05797 0.788564 1.23995 
0162 0.182033	1.06594 1.16353 1.01112 0.956808 1.12921 0.867857 1.05929 0.617037 1.09323 1.09286 
0163 0.231678	1.31931 1.39542 1.26356 1.29317 1.03087 1.22735 1.27845 1.08956 0.934686 1.19711 
0164 0.0520095	0.570453 0.90263 1.02428 1.06773 1.23339 0.963936 1.06835 0.706551 0.929976 1.37962 
0165 0.109929	2.93567 1.46233 1.16085 0.938798 1.08509 0.819105 1.31954 0.687398 1.3765 1.17152 
0166 0.166667	1.28766 1.37425 0.84877 0.850955 0.851378 0.657917 0.978991 0.622543 1.11348 0.78585 
0167 0.0650118	0.390035 0.719611 0.808529 0.641333 0.791502 0.883306 0.80538 0.628095 0.926948 0.940018 
0170 0.159187	1.6441 1.23218 1.23765 1.03007 1.19959 1.14269 1.14476 0.905904 1.03602 0.895483 
0171 0.0981767	0.737804 0.951757 1.15425 0.938541 1.01418 1.36982 0.867317 1.06303 0.769181 1.02928 
0172 0.284712	1.04128 0.871098 0.976585 0.863193 1.04593 0.895707 1.01389 0.750764 1.04163 1.1263 
0173 0.114306	0.834751 0.823927 1.21539 1.04566 1.27434 1.57014 1.15293 1.19931 0.77414 1.45428 
0174 0.0666199	0.314161 0.593184 0.866267 0.968331 1.16303 1.3313 0.810008 1.00469 0.721673 1.09712 
0175 0.0799439	0.644258 0.686155 0.814563 0.68115 0.977944 0.95856 0.867513 0.473558 0.980701 1.07853 
0176 0.0981767	1.10927 0.83137 1.07978 0.737505 0.976427 0.898899 1.14989 0.498479 1.28002 1.46404 
0177 0.098878	2.68866 1.22487 1.05721 0.755031 0.818273 0.598418 1.12902 0.506253 1.39207 1.20806 
1000 0.0549872	3.91053 1.77797 0.952366 0.897306 0.849555 0.623724 1.18329 0.782476 1.27258 0.697183 
1001 0.228261	0.833103 1.09241 0.946219 1.2499 1.07459 1.13647 0.814664 1.2302 0.911619 1.06444 
1002 0.0588235	0.599453 0.897418 0.777915 0.90698 0.926376 0.752532 0.684426 0.828809 0.801026 1.05161 
1003 0.0799233	0.523016 1.05246 1.12427 1.31651 1.0541 1.18328 0.913687 1.69406 0.779211 1.02857 
1004 0.136829	0.407998 0.745853 0.832263 0.742707 0.808444 1.05275 0.724314 0.813589 0.883318 0.831836 
1005 0.0594629	0.668344 0.908852 1.07547 1.64612 1.45391 1.69603 1.10615 2.04506 0.799681 1.28625 
1006 0.175831	1.31463 1.29038 1.24463 1.02166 0.998481 0.978705 1.20177 1.09753 1.24932 1.15658 
1007 0.205882	1.05685 1.06668 0.778251 0.63262 0.789614 0.745486 0.798699 0.546741 1.09568 0.948516 
1010 0.0601793	5.40965 1.70257 1.29294 1.35751 1.16071 1.23158 1.64957 1.36265 1.29931 0.831586 
1011 0.108323	0.491485 0.714182 0.795885 0.841637 0.821227 0.816259 0.751702 0.687968 0.959743 0.715886 
1012 0.0770807	2.0156 1.21932 0.978794 0.928993 0.857337 0.794937 0.936853 0.717777 1.01449 0.635836 
1013 0.214085	1.08005 0.874653 1.24247 1.24216 1.18185 1.42926 1.06659 1.31338 1.0065 1.00371 
1014 0.135211	2.41643 1.12368 1.15906 0.916188 1.05494 0.903791 1.28531 1.01667 1.34991 1.0229 
1015 0.0540333	0.333819 0.645123 0.977929 0.827444 0.887488 1.26721 0.664309 1.03119 0.713503 0.90086 
1016 0.133931	0.871263 0.814441 0.838233 0.844977 0.974977 0.814839 1.01129 0.720482 1.05316 1.01628 
1017 0.217157	0.466669 0.700395 0.95883 0.993399 1.01225 1.08028 0.837048 1.24523 0.838932 0.947905 
1020 0.118724	4.5403 1.56075 1.09899 1.09893 1.28886 0.846804 1.49257 0.761329 1.38923 1.04498 
1021 0.140915	0.883351 1.1084 0.972187 1.18068 1.12856 0.95258 0.866228 1.2137 0.939065 0.83482 
1022 0.124827	1.58499 1.28663 0.979411 1.09785 1.07055 0.810307 1.20738 0.981079 1.11386 0.97418 
1023 0.0965326	0.730281 0.968764 0.850142 0.838737 1.06799 0.803707 0.847828 0.620066 1.13983 0.973761 
1024 0.197226	0.309799 0.786128 0.89172 0.956461 0.961892 1.02963 0.761873 0.818099 0.91851 1.00142 
1025 0.0665742	1.63306 1.56055 1.35261 1.05812 1.16194 1.34095 1.18979 1.16124 1.09926 1.02734 
1026 0.121498	0.167965 0.744602 0.85957 1.10045 1.06249 1.3634 0.704976 1.22426 0.621805 0.833026 
1027 0.133703	0.456513 0.918353 1.23679 1.35116 1.31311 1.53166 0.853651 1.65059 0.8897 1.17566 
1030 0.0622904	0.919626 1.08678 0.970376 0.933698 1.15663 0.850307 1.16754 0.774587 1.27676 1.41229 
1031 0.0627695	0.899568 1.04036 0.815195 0.99528 1.1089 0.985301 0.909209 0.874312 0.784274 1.0097 
1032 0.306181	0.456856 0.746191 0.976534 0.879523 0.989034 0.978649 0.859361 1.03713 0.878787 1.07443 
1033 0.0872065	1.34925 1.17031 1.27307 0.871615 0.90201 0.780178 1.15923 0.736479 1.14526 1.00001 
1034 0.195017	0.589687 0.980424 1.19092 1.17897 1.16032 1.46289 1.10283 1.21571 0.94364 1.41397 
1035 0.0785817	4.08882 1.41371 1.39875 0.798109 0.862251 0.821863 1.42193 0.514331 1.52742 0.922042 
1036 0.101102	1.49708 1.16456 0.873592 0.785988 0.871881 0.674673 0.994631 0.834886 1.09137 0.838049 
1037 0.106852	1.91861 1.22625 1.24002 1.20693 1.09835 1.11005 1.34525 1.28199 1.23245 1.27093 
1040 0.146773	3.15411 1.55686 0.961916 1.04451 1.01303 0.831474 1.21847 0.85497 1.11812 0.851785 
1041 0.0573958	2.52824 1.50074 1.42927 1.40924 1.14673 1.19729 1.22815 1.33496 1.1226 0.825495 
1042 0.134495	2.14048 1.27805 0.954641 0.70306 0.833711 0.593496 0.911657 0.458237 1.25114 0.727378 
1043 0.0970874	0.402953 0.947012 1.23888 1.37391 1.36174 1.65443 0.949996 1.66515 0.672718 1.18234 
1044 0.0639634	1.37581 1.35234 1.37858 1.38966 1.02663 1.37512 0.939237 1.41035 0.807297 0.806596 
1045 0.230725	1.01568 1.17095 1.02517 1.23546 1.17829 0.948281 1.03258 1.17563 1.00861 0.990356 
1046 0.19703	0.652633 0.96194 0.899448 0.998764 1.11307 1.0966 0.825537 0.774819 0.82476 0.837297 
1047 0.07253	3.63573 1.48438 1.31578 0.952848 0.951872 1.04511 1.21306 0.740547 1.31255 0.898084 
1050 0.15507	0.553721 0.790073 0.962702 1.24247 1.23012 1.41186 1.00329 1.47275 0.802261 0.944876 
1051 0.2	1.17023 1.13254 1.02834 0.905066 1.06733 1.09378 1.06401 0.783919 1.09604 1.05816 
1052 0.0421471	0.863867 1.15623 1.31391 1.37958 1.25161 1.56628 0.975768 1.93188 0.760434 1.17554 
1053 0.0954274	2.28021 1.34902 1.22005 1.09141 1.09449 1.09539 1.32268 1.20913 0.995631 0.829619 
1054 0.0926441	2.13973 1.23286 1.04601 0.760862 0.869541 0.702599 1.11746 0.570579 1.20956 0.798378 
1055 0.0739563	5.16724 1.68589 1.1557 0.877914 0.979899 0.760971 1.3678 0.884378 1.31535 0.883272 
1056 0.15825	0.476596 0.74781 1.11463 1.10277 1.07581 1.46044 0.928679 1.21651 0.868699 1.03025 
1057 0.182505	1.03711 0.881936 0.821601 0.804847 0.977544 0.888305 0.895305 0.634038 1.12911 0.88361 
1060 0.0607039	5.36736 1.3103 1.47965 1.05287 0.968277 1.03311 1.45913 0.902554 1.47726 1.05225 
1061 0.270584	0.544456 0.85602 0.980738 1.04647 1.01009 1.41023 0.862561 1.33502 0.782518 0.964988 
1062 0.0626413	1.05274 0.835243 0.803121 0.642881 0.803779 0.796232 0.972803 0.639008 1.25691 0.952128 
1063 0.0590894	0.311406 0.594772 0.798725 0.732717 0.914482 1.04815 0.703854 0.916835 0.863317 1.17685 
1064 0.0810462	2.48857 1.31968 1.02677 0.990956 0.942752 0.693996 1.21747 0.636577 1.38304 0.813874 
1065 0.125605	1.78217 1.2382 1.31264 1.1696 0.950797 1.44853 1.24803 1.39128 1.13106 1.1802 
1066 0.233775	1.06986 0.84171 0.96599 0.851751 0.900684 1.00411 0.914312 0.899391 1.07034 1.08661 
1067 0.106555	0.430956 0.673615 0.821015 0.764986 0.831988 1.00573 0.75839 0.696309 0.873456 0.872162 
1070 0.0831296	1.43402 1.26561 1.12552 0.919596 0.914427 1.00694 1.18148 0.62511 1.17648 1.10626 
1071 0.121638	3.95578 1.52212 0.999485 1.05804 1.02112 0.95798 1.42359 0.980937 1.41515 1.38416 
1072 0.237775	0.614494 0.777232 0.942969 0.885475 1.0298 1.16586 0.900249 0.965125 0.992014 1.30265 
1073 0.166259	0.621545 0.876034 0.82396 0.953399 1.07264 0.9457 0.934839 0.946555 0.789144 0.867011 
1074 0.102689	0.363874 0.706109 0.911071 1.12362 1.16173 1.39422 0.900286 1.31591 0.699549 1.62059 
1075 0.0580685	0.951033 0.980044 1.50868 0.971359 0.969331 1.19025 1.04678 0.932512 1.05122 1.18049 
1076 0.091687	1.39475 1.0173 1.16955 0.942566 1.01449 0.719341 1.142 0.638232 1.37089 1.52737 
1077 0.138753	1.17042 1.26985 1.06944 1.27249 1.08028 1.21385 1.0969 1.17003 0.908647 0.809633 
1100 0.142194	2.44644 1.12924 1.22557 1.04593 0.935463 0.923263 1.26653 0.887252 1.30877 1.10473 
1101 0.0674398	1.14199 1.10843 1.41955 1.8554 1.1209 1.83399 1.13787 1.72838 0.833933 1.15854 
1102 0.0713649	1.02862 0.921986 0.970945 0.925687 0.922125 0.854069 1.10889 0.85066 1.21216 1.01061 
1103 0.0751115	0.497591 0.676952 0.94853 0.804232 0.881123 0.894938 0.83198 0.75932 1.00203 1.06076 
1104 0.167886	0.951175 0.971586 1.07109 1.0212 0.966659 0.997685 1.07792 0.949202 0.95188 1.19915 
1105 0.151115	1.55281 1.03727 1.01238 1.11433 1.00292 0.855299 1.00423 0.821525 1.07154 0.830861 
1106 0.231401	0.671198 0.928035 0.972189 1.14853 1.01968 1.25861 0.933588 1.15996 0.830599 0.836704 
1107 0.093488	0.462574 0.673482 0.73145 0.667347 0.897824 0.820431 0.810028 0.58167 0.946791 1.02172 
1110 0.0805292	1.42953 1.23898 1.15095 0.9688 0.986741 1.11227 1.2347 1.00072 1.23615 1.11183 
1111 0.190682	0.440923 0.786462 0.845681 0.884031 0.859606 1.00574 0.841405 1.12689 0.837709 0.917739 
1112 0.0802416	2.77862 1.43578 1.19351 0.865189 0.976041 0.720435 1.29676 0.717585 1.39918 0.956289 
1113 0.069025	2.25717 1.67014 1.23062 1.10635 0.883124 1.08148 1.11944 1.44505 0.983932 0.778868 
1114 0.0701754	1.40605 1.01958 0.851616 0.832401 0.848643 0.835381 1.12146 0.685865 1.12312 0.941557 
1115 0.146391	0.7502 0.881786 0.865035 0.792153 0.791593 0.726108 0.859573 0.765041 1.08695 1.0605 
1116 0.225769	0.911584 0.995249 1.15991 1.02903 1.02668 1.04168 1.06752 1.4726 0.982213 1.07809 
1117 0.137187	1.14447 1.43435 1.22058 1.45486 0.960798 1.21563 1.09408 2.12144 0.766958 1.04426 
1120 0.0830173	1.98853 1.33781 1.03893 0.946238 1.20049 0.917176 1.26025 0.727729 1.18236 1.09971 
1121 0.17634	0.781466 0.819935 1.03108 1.02481 1.13904 1.13148 1.02173 1.08644 0.916886 1.09979 
1122 0.101731	0.848317 0.962415 0.762545 0.855363 0.943289 0.760024 0.751346 0.763412 0.881148 0.920744 
1123 0.138994	0.864936 1.04595 1.05815 1.43032 1.34923 1.19501 0.917432 1.84015 0.771968 0.912039 
1124 0.213273	1.43116 0.987463 0.811631 0.751504 0.924372 0.617644 0.915108 0.612999 1.15354 0.935378 
1125 0.0523495	1.85165 0.889944 1.0617 0.74764 1.05873 0.742923 1.17158 0.703469 1.3445 1.19264 
1126 0.073042	3.54807 1.65602 1.14538 0.964305 1.17263 0.988704 1.3315 1.02393 1.19084 1.01635 
1127 0.161253	0.90593 0.919484 1.29044 1.31011 1.2092 1.37537 0.974638 1.61054 0.912737 1.10503 
1130 0.176783	1.04353 0.95095 0.927042 0.910185 1.10188 0.864873 1.1193 1.11677 1.05181 0.942062 
1131 0.0481852	0.578818 1.1712 1.14139 1.73156 1.25092 1.61987 0.996184 2.50209 0.779792 1.19618 
1132 0.160513	0.371183 0.709507 0.722379 0.863145 0.989046 0.850876 0.937255 0.932122 0.892553 1.12206 
1133 0.194305	2.71624 1.41234 1.00948 0.87677 1.0221 0.661166 1.33977 0.782616 1.26428 0.7476 
1134 0.179912	0.538463 0.960899 0.918591 0.987075 1.07499 1.10484 0.915508 1.02437 0.807965 0.872195 
1135 0.0678974	0.583658 0.90115 1.21222 0.992086 1.02844 1.23179 1.08219 1.12501 0.963913 1.13118 
1136 0.0497497	1.24535 1.39877 1.45109 1.10873 1.00793 1.40017 1.1449 2.32333 0.81921 0.857576 
1137 0.122653	1.22281 1.16859 0.858033 0.804206 1.04083 0.73242 0.976697 0.690072 1.18971 0.72394 
1140 0.0920943	0.70047 1.01994 0.664382 0.771041 1.05482 0.859195 0.96758 0.760542 0.908149 1.13017 
1141 0.119001	0.646615 0.931343 0.711398 0.675464 0.887332 0.641878 0.918624 0.578354 0.997201 0.781687 
1142 0.0994452	1.02517 1.09697 1.42123 1.23644 0.954114 1.09512 1.20399 1.34254 1.03375 1.15961 
1143 0.103051	1.74846 1.20206 0.999583 0.954168 1.05628 0.950451 1.44092 1.18406 1.19162 1.14908 
1144 0.157143	0.36034 0.943295 1.07428 1.30968 1.18889 1.56261 1.21674 1.58431 0.8301 1.27986 
1145 0.158669	2.23214 1.52682 0.950742 0.875489 0.875255 0.732012 1.33921 0.633308 1.28516 0.773473 
1146 0.114979	0.64169 1.09023 0.981892 0.932289 0.933787 0.9298 1.0123 0.971866 1.00641 0.958807 
1147 0.155617	0.75615 0.981205 0.917266 0.871312 0.880346 0.858486 0.735621 1.19245 0.823094 0.875814 
1150 0.0780785	0.463641 0.605153 0.743606 0.761815 0.892218 0.859445 0.895899 0.765767 1.05094 1.16141 
1151 0.131642	2.06256 1.18036 1.10653 1.30345 1.04672 0.93166 1.16288 1.28051 1.12072 0.889128 
1152 0.173303	0.519539 0.792698 0.895345 1.08636 0.944731 1.12027 0.852617 1.37765 0.80705 0.766607 
1153 0.056823	3.93006 1.47206 0.943631 1.0266 1.10048 0.768234 1.44372 1.09079 1.42758 1.067 
1154 0.107411	1.17683 0.968635 0.823319 0.922032 1.02605 0.674654 1.11939 0.624875 1.33152 1.04394 
1155 0.102735	0.712084 1.08755 1.22045 1.75967 1.21089 1.61702 1.02922 2.38124 0.790164 1.19627 
1156 0.258042	1.07872 0.936021 0.858208 0.994682 0.883432 0.898235 1.02964 0.91617 1.04418 1.00945 
1157 0.0919654	0.507828 0.726965 0.929063 1.02957 0.784941 0.882973 0.767764 1.22677 0.937674 0.881809 
1160 0.0807449	0.491406 0.890036 0.87731 1.18955 1.2454 1.2 0.875551 1.46669 0.744827 1.13249 
1161 0.0519728	1.48354 1.20023 1.4125 1.02055 1.07641 1.17363 1.12711 1.01564 1.12904 1.125 
1162 0.171564	1.27027 1.10956 1.19897 1.23838 1.28393 1.17795 1.22896 1.49558 1.14974 1.27841 
1163 0.160574	0.588337 0.974143 0.936943 1.07619 1.13043 0.983895 0.869661 0.945636 0.931946 1.0123 
1164 0.161032	0.714254 0.803751 0.707961 0.903237 1.03648 0.765067 0.865237 0.888284 0.933497 0.961018 
1165 0.168053	1.37577 1.04907 0.883028 0.882603 1.01042 0.696046 1.09529 0.818875 1.17072 0.893899 
1166 0.101198	1.6582 0.961666 0.739822 0.685999 0.939797 0.534813 0.96434 0.437141 1.44459 0.88628 
1167 0.104861	0.728468 1.0875 1.42485 1.34744 1.30974 1.75534 1.05796 2.29984 0.841943 1.19615 
1170 0.146952	1.39077 1.09932 1.02013 0.779282 0.962355 0.772583 1.10633 0.51166 1.17083 0.893373 
1171 0.172193	0.61033 0.855164 0.801305 1.1429 1.09122 1.02738 0.914463 1.12855 0.756723 0.804917 
1172 0.0470588	0.806636 0.867841 0.929115 0.714961 0.945009 0.700956 0.841053 0.612786 0.911617 0.749676 
1173 0.102032	0.916562 0.92813 0.870455 0.8125 0.954037 0.727967 0.922535 0.6362 1.03958 1.00718 
1174 0.0581818	2.54442 1.20309 1.11767 1.19439 1.29608 1.00766 1.45997 1.0939 1.25317 1.34302 
1175 0.097754	2.87443 1.04187 1.14943 0.660697 0.931053 0.766267 1.24717 0.529698 1.38251 0.957308 
1176 0.214332	0.729474 0.886652 1.17252 1.08322 0.986618 0.99591 0.82555 1.33177 0.827203 0.890858 
1177 0.161497	1.97954 1.29343 1.20186 1.10452 1.0315 0.996744 1.26117 1.23415 0.94359 0.988107 
BOUNDS
LWPS R    0.0  0.0  0.0  0.0  0.0  0.0  0.0  0.0  0.0  0.0
UWPS R    0.5  0.5  0.5  0.5  0.5  0.5  0.5  0.5  0.5  0.5
LXAS R   -0.5 -0.5 -0.5 -0.5 -0.5 -0.5 -0.5 -0.5 -0.5 -0.5
UXAS R    0.5  0.5  0.5  0.5  0.5  0.5  0.5  0.5  0.5  0.5
END
