NAME moment_estimations_cluster
ASSETS 10
BENCHMARKS 0.1 0.1 0.1 0.1 0.1 0.1 0.1 0.1 0.1 0.1 
COVARIANCES
0 0 0.0686342
1 0 0.0299822
1 1 0.0173029
2 0 0.010266
2 1 0.00392758
2 2 0.00405532
3 0 -0.000695909
3 1 0.00307505
3 2 -0.00268422
3 3 0.00959467
4 0 -0.00898564
4 1 -0.00274628
4 2 -0.00356443
4 3 0.00606065
4 4 0.00660327
5 0 -0.0147441
5 1 -0.00529139
5 2 -0.00221505
5 3 0.00337919
5 4 0.00342721
5 5 0.00537139
6 0 0.00746976
6 1 0.00428616
6 2 0.00149632
6 3 0.00272823
6 4 1.22828e-05
6 5 0.000322466
6 6 0.00407193
7 0 0.00037614
7 1 0.00369029
7 2 -0.00123692
7 3 0.00880291
7 4 0.00473998
7 5 0.00357439
7 6 0.00386903
7 7 0.0118429
8 0 0.0163888
8 1 0.00397661
8 2 0.0038308
8 3 -0.0034874
8 4 -0.00287733
8 5 -0.00497163
8 6 0.000826421
8 7 -0.00322188
8 8 0.0097486
9 0 -0.018079
9 1 -0.010218
9 2 -0.00151645
9 3 0.00316983
9 4 0.00587637
9 5 0.00599743
9 6 0.0008595
9 7 0.00462077
9 8 0.000429078
9 9 0.0207937
SCENARIOS
0 0.45503	0.898364 0.973112 0.956479 1.04088 1.03307 1.02842 0.996349 1.05486 0.965553 1.10413 
1 0.54497	1.16381 1.0731 1.03667 0.972368 0.932402 0.959478 1.00072 0.990254 1.0181 0.96533 
00 0.816078	1.13607 1.07048 1.03697 0.993207 1.01029 0.965206 0.982277 0.947522 1.03151 0.906431 
01 0.183922	0.790147 0.901448 0.95406 1.14689 1.13373 1.14992 1.01193 1.06928 0.922359 1.18113 
10 0.757693	0.983668 0.993714 0.978666 1.00561 1.03779 0.988797 1.02415 0.993784 0.978233 0.953956 
11 0.242307	1.19814 0.997268 1.02973 0.902844 0.997228 0.970275 1.02328 0.960919 1.15229 1.11264 
000 0.173695	1.22247 0.921588 1.03566 0.993457 0.963824 0.961594 1.06849 1.0375 1.2266 1.13759 
001 0.104594	1.29332 1.231 1.03731 1.16799 0.971436 1.01865 1.1353 1.26915 1.01223 0.93885 
002 0.0539936	0.833991 0.79032 1.00918 0.766067 0.90415 0.950522 0.886165 0.776331 1.14723 1.13967 
003 0.112673	0.722338 0.803219 1.00365 0.843841 0.875091 1.03627 0.965557 0.879327 0.913943 0.960548 
004 0.134674	1.7995 1.24736 1.11664 0.957645 0.918876 0.828365 0.991018 0.977103 1.20475 0.890186 
005 0.174315	0.640794 0.776807 0.890858 1.01642 1.08803 1.15153 1.00105 1.10525 0.894097 1.30831 
006 0.0733829	0.740859 0.761447 0.994304 0.851279 0.99529 0.995413 0.934421 0.885832 1.04088 1.07186 
007 0.172672	0.93754 0.986445 0.974932 1.13915 1.07701 1.04772 1.02651 1.08231 0.947842 1.0062 
010 0.0935596	1.08186 0.944952 1.04354 0.890633 0.959176 0.936265 1.03379 1.08132 1.22488 1.23879 
011 0.12857	1.11914 1.00957 1.07957 0.93046 0.894153 0.963388 1.05064 0.898828 0.994705 0.87497 
012 0.123312	0.651374 0.896613 0.914197 1.02244 1.01511 1.03389 0.955999 1.02361 0.831679 0.868563 
013 0.0532919	0.588305 0.851211 0.918862 1.07964 1.08081 1.10745 1.0232 1.15677 0.843346 1.18207 
014 0.0608197	0.645192 0.725982 0.923624 0.849374 1.03644 0.975769 0.833361 0.811581 1.0616 1.11383 
015 0.112678	0.640559 0.837386 1.00223 0.905796 0.986385 1.05912 0.94314 0.912588 0.907317 0.965435 
016 0.223085	1.57808 1.32558 1.03974 1.17265 1.01373 0.935647 1.16418 1.22741 1.07979 0.904806 
017 0.204684	0.873332 0.988277 0.936546 1.08575 1.04705 0.983411 0.993573 1.17802 0.942185 0.985728 
100 0.207522	0.966289 0.995602 0.926576 1.10255 1.11932 1.05922 0.993169 1.09103 0.955662 0.96249 
101 0.19413	1.06855 0.98342 1.09398 0.970573 0.96171 0.997323 1.03606 1.04301 1.04683 1.09464 
102 0.105154	1.50737 1.17545 1.13545 0.926874 0.911616 0.929384 1.01945 0.856487 1.16832 0.806662 
103 0.122179	0.653567 0.826451 0.984504 1.03903 1.09619 1.21601 1.00174 1.11008 0.876124 1.38313 
104 0.0740095	2.27716 1.48393 1.08153 1.12538 0.997948 0.856299 1.1313 1.13755 1.12905 0.868442 
105 0.0849075	0.637159 0.730946 0.994965 0.78259 0.883988 1.04382 0.866644 0.739491 0.929426 1.00658 
106 0.110263	0.630012 0.854281 0.859141 1.03471 1.09032 1.16344 0.898097 0.968767 0.820233 1.04215 
107 0.101836	1.57781 1.28896 1.00575 0.956285 0.96894 0.892214 0.944722 0.958769 1.03378 0.739442 
110 0.202499	0.779944 0.954596 0.94898 1.04719 1.08299 1.06582 0.970119 1.03302 0.945763 1.0125 
111 0.169406	1.16961 1.10387 1.00183 1.14492 1.0336 0.944904 1.03547 1.08335 1.09564 0.888715 
112 0.151534	1.27621 1.14374 1.07054 0.955815 0.953623 0.879862 0.987939 0.849852 1.09832 0.816075 
113 0.0502083	1.72351 1.22831 1.17418 1.01778 0.842789 0.887094 1.03626 0.933967 1.25963 0.790464 
114 0.181598	0.492321 0.766482 0.953055 1.062 1.11996 1.11183 0.964981 1.01298 0.886896 1.13683 
115 0.0630822	2.26734 1.47963 1.11537 1.11811 0.929047 0.818541 1.09868 1.08479 1.18106 0.655412 
116 0.121015	0.982558 1.04585 1.03221 1.14245 1.05649 1.10537 1.13464 1.12461 0.939203 1.1848 
117 0.0606588	0.814727 0.885938 1.10926 0.884621 0.903365 0.950078 0.997065 0.836381 1.11033 1.15172 
0000 0.0652713	1.83664 1.35301 1.09035 0.999399 0.932675 0.886518 1.01603 1.03685 1.20744 0.979648 
0001 0.0739535	0.749751 1.04851 0.879621 0.983141 1.03812 0.948035 0.895478 0.915421 0.887929 0.84415 
0002 0.15876	0.837267 0.949728 0.933222 1.12924 1.12572 1.13721 0.989215 1.10035 0.876876 1.06863 
0003 0.205891	1.1936 1.18646 1.04303 0.984947 1.04823 0.98839 1.0304 1.09282 0.955731 1.12457 
0004 0.142016	1.17924 1.06197 1.05034 0.861168 0.930896 0.902445 0.892107 0.791457 1.11716 0.939966 
0005 0.0981395	0.958381 0.96896 0.994747 1.03788 1.19382 1.00011 0.997618 0.932632 1.10042 1.16436 
0006 0.161705	0.843433 0.951866 1.02079 0.95663 0.981272 1.04453 0.926027 0.903728 0.940141 1.07617 
0007 0.0942636	1.54923 1.44569 0.994065 1.03965 1.0356 0.926596 1.07482 1.07621 0.985096 0.820527 
0010 0.116117	0.716845 0.769336 0.983319 0.792511 0.885155 1.05438 0.930614 0.85686 0.950895 1.23592 
0011 0.142122	0.958222 1.03434 1.04868 0.859721 0.951667 0.967368 1.00714 0.900977 0.913213 0.935364 
0012 0.228115	1.26822 1.05283 0.961409 0.960054 0.998784 0.894391 1.02905 0.994448 1.06203 1.04445 
0013 0.142894	0.894212 0.898488 0.941711 0.944586 1.0156 0.922116 0.914402 0.868256 0.874476 0.757815 
0014 0.120237	0.953489 0.960818 0.967778 1.09452 1.1644 1.04771 1.04146 1.12407 0.91815 1.21281 
0015 0.0908857	0.752344 0.816628 0.966303 0.987408 1.02132 1.09275 1.01093 1.1496 0.939749 1.31223 
0016 0.0780124	1.40499 1.16699 1.11797 0.978991 0.938726 0.985344 1.10094 0.974585 0.932514 0.861092 
0017 0.0816169	1.77399 1.22262 0.975204 0.942073 0.967833 0.867111 0.999419 0.921964 0.991057 0.744859 
0020 0.133666	0.829811 1.02423 0.948958 1.0223 1.00827 1.01805 0.948544 1.03849 0.856098 0.732299 
0021 0.0862843	0.785265 0.885903 1.07758 0.955674 1.02313 1.12377 0.952619 0.974043 0.933107 0.959073 
0022 0.200998	1.37195 1.0941 1.03509 1.02434 0.998424 0.917033 1.00196 0.954483 1.16732 0.947178 
0023 0.141147	1.30178 1.15368 1.04903 0.968614 0.921621 0.902655 1.02331 0.922965 0.981626 0.675048 
0024 0.115212	0.808863 0.864329 0.894237 1.09018 1.0288 1.00793 0.899862 0.969653 0.966556 1.01898 
0025 0.105237	0.626123 0.805003 0.892554 1.13161 1.11438 1.11059 0.948236 1.09209 0.878684 1.2213 
0026 0.122195	1.16916 0.931287 1.03493 0.873449 0.861278 0.847926 0.999497 0.876896 1.14055 0.947236 
0027 0.0952618	1.13458 1.09743 0.970398 1.24911 1.1125 1.03464 1.08689 1.21086 0.975175 1.15696 
0030 0.22347	0.99322 1.0719 0.987124 1.0906 1.05758 1.00046 0.978026 0.931857 0.941641 0.99097 
0031 0.10325	0.757134 0.89481 0.919991 1.10167 1.09673 1.15344 0.975861 1.02443 0.83821 0.956013 
0032 0.170411	1.24659 1.18423 0.980756 1.01993 1.07412 0.944261 0.997828 1.08645 1.0401 1.00466 
0033 0.101338	1.63398 1.27113 1.07404 0.932105 0.995921 0.899653 1.04496 0.988726 1.13195 0.871647 
0034 0.154159	0.997893 0.815871 1.06281 0.933628 1.0338 0.990322 1.00448 1.01062 1.18427 1.36364 
0035 0.0781549	0.505432 0.793483 0.845005 1.01186 1.09664 1.17445 0.925479 1.01308 0.852708 1.27454 
0036 0.0630975	0.64316 0.847638 0.890387 0.958517 1.06131 0.979427 0.815774 0.831133 0.90869 1.06814 
0037 0.106119	0.704661 0.959199 0.915464 0.996028 1.10826 1.05201 0.912943 0.927473 1.03729 1.25 
0040 0.25215	0.684377 0.793048 1.01463 0.85856 0.934968 1.13852 0.967657 0.877135 1.01104 1.02502 
0041 0.0719856	1.11962 0.882559 1.10686 0.711866 0.830653 0.900555 0.963377 0.810331 1.26256 0.847819 
0042 0.126175	1.73847 1.22878 1.02873 1.06181 0.900913 0.959101 1.2338 1.17767 1.16948 0.882377 
0043 0.0573885	1.06769 1.11447 0.85043 1.04527 1.12947 0.97038 1.0004 0.994431 0.932088 0.843335 
0044 0.120176	0.887075 0.990998 0.986061 1.16983 1.08025 1.15987 1.1757 1.31999 0.891583 1.06411 
0045 0.0917816	1.31593 1.09885 1.09287 0.906986 0.91486 0.982278 1.10789 1.05719 1.13157 0.947724 
0046 0.172965	0.918534 0.91762 0.925687 0.908268 0.96397 1.03924 1.02487 0.854814 0.986276 0.960986 
0047 0.107379	0.87017 1.10675 0.977805 0.979267 0.917929 1.08059 1.0444 1.08204 0.790018 0.674255 
0050 0.137031	0.966998 1.0124 1.05812 0.980031 0.992846 0.968499 0.925536 0.968659 1.04546 0.853713 
0051 0.111386	0.974304 0.955947 1.11057 0.949582 0.934081 0.937999 0.948466 1.04591 1.20746 1.21143 
0052 0.0590144	1.73602 1.32054 1.1739 1.00421 0.892347 0.898508 1.11555 1.04821 1.16389 0.826745 
0053 0.123899	0.700683 0.859919 1.013 0.804895 0.909417 1.01511 0.853967 0.828671 1.02043 1.00231 
0054 0.115557	0.75966 0.930153 0.954428 1.09642 1.15002 1.05387 0.975344 0.996805 1.01581 1.21486 
0055 0.169164	1.34879 1.08435 1.09523 0.989945 0.985605 0.920203 1.04676 0.826235 1.14943 0.863774 
0056 0.0996447	1.0498 1.06965 1.05764 1.18182 1.16951 1.04403 1.03896 1.19519 1.08975 1.25114 
0057 0.184304	0.930425 1.12961 0.925585 1.13456 1.01186 0.991323 0.97898 1.086 0.879238 0.73829 
0060 0.105688	1.11779 1.04237 1.07658 1.07768 0.971051 1.07632 1.02442 0.979955 1.17518 1.31696 
0061 0.100917	1.62736 1.249 1.05841 0.954648 0.835735 0.88647 1.05421 0.887068 1.15672 1.02063 
0062 0.186789	1.37566 1.24674 1.0537 1.0877 0.924915 0.999513 1.0885 1.02196 0.971899 0.81038 
0063 0.13211	0.936232 0.882402 0.937417 1.06395 1.02382 1.08703 0.985447 0.923833 1.03796 1.13189 
0064 0.0546789	0.722234 0.847926 1.07218 1.04297 1.01015 1.17172 1.06947 1.12694 1.01197 1.4471 
0065 0.128807	0.975026 1.04981 0.926913 1.1122 1.06111 1.06321 0.968891 1.07866 0.938762 1.01619 
0066 0.0895413	0.582168 0.844251 0.897952 1.22282 1.16425 1.17828 0.916665 1.04485 0.921871 1.23381 
0067 0.201468	0.921048 1.124 0.932473 1.00684 0.987162 1.00714 0.905867 0.914799 0.895266 0.724118 
0070 0.167031	1.00678 0.924776 1.05247 0.974548 0.946337 1.12773 1.08062 1.08486 1.03086 1.19323 
0071 0.0492826	1.11313 1.23152 0.976245 1.0519 0.926302 1.01118 1.08991 1.08379 0.790002 0.750868 
0072 0.103868	1.6631 1.19008 1.01642 0.880657 0.881869 0.860021 1.01557 0.991889 1.13213 0.891633 
0073 0.162976	1.00048 0.947829 0.946193 0.867016 0.838953 0.973305 1.00549 0.846394 0.9158 0.873676 
0074 0.195259	1.00326 1.07131 0.896998 1.12133 1.12823 1.03218 1.07195 1.19106 0.929358 1.00898 
0075 0.0823456	1.20921 0.995245 0.930836 0.934339 1.02723 0.855074 0.940073 0.954154 1.15314 0.964809 
0076 0.084529	0.81748 0.828441 0.956499 0.837505 0.939963 0.989574 0.911834 0.834631 1.09537 1.02895 
0077 0.15471	0.665349 0.835209 0.877742 1.09942 1.14435 1.0843 0.995502 1.11837 0.849728 1.13771 
0100 0.123883	1.65079 1.20398 1.09831 1.01687 0.947008 0.902819 1.00894 0.934212 1.09971 0.850401 
0101 0.0804598	0.727129 0.906292 0.933551 0.913237 1.1943 1.02054 0.842525 0.885023 0.981445 1.1382 
0102 0.0957854	1.03447 0.907325 1.15812 1.01104 1.02367 0.974093 1.04191 0.878517 1.18867 1.28107 
0103 0.0676884	0.869728 0.956691 0.861073 1.20665 1.18286 1.07524 0.912625 1.01815 0.893988 0.868654 
0104 0.222222	1.00589 0.995906 0.994055 1.04449 1.02761 1.00239 0.990391 0.913504 1.06336 1.03677 
0105 0.192848	0.707392 0.82145 0.99027 1.14631 1.10764 1.08904 0.952888 0.958994 0.882293 1.10033 
0106 0.0613027	0.903599 1.05728 1.00733 1.27388 1.27319 1.08831 1.12098 1.05925 1.02427 1.31146 
0107 0.155811	0.905089 0.895227 1.07145 0.819754 0.832189 0.957303 0.905284 0.816978 1.03135 0.816536 
0110 0.166357	0.889412 1.04712 1.01204 0.970289 1.04417 1.12893 1.08028 1.23578 0.883523 1.01261 
0111 0.115242	0.706149 0.915751 1.04541 0.950629 0.949212 1.07539 1.09912 1.23563 1.02626 1.32177 
0112 0.098513	0.924474 1.0679 1.06283 0.844983 0.888287 1.01433 1.02804 0.9758 1.07612 1.09237 
0113 0.101301	1.63079 1.32346 1.10347 0.991519 0.895707 0.908868 1.15904 1.16492 1.13584 0.909085 
0114 0.052974	1.39192 1.11282 1.08981 0.769703 0.971066 0.863594 0.969807 0.973996 1.3433 1.02523 
0115 0.156134	0.809557 0.978068 0.969489 0.980317 1.08347 0.958941 0.95685 1.04931 1.08658 1.09725 
0116 0.151487	1.22899 1.0787 0.989591 0.94093 0.973913 0.912537 0.961506 1.07394 1.01736 0.856103 
0117 0.157993	0.835606 1.02479 0.930625 0.936347 1.00821 0.973367 0.949096 1.03014 0.923755 0.786648 
0120 0.0484496	1.11416 0.97253 0.994424 1.15633 1.1411 1.12652 1.06235 1.23551 0.890909 1.28934 
0121 0.129845	1.58 1.33474 1.02773 1.10169 0.996603 1.02269 1.08962 1.07543 0.951428 0.839531 
0122 0.170543	1.28626 0.995122 1.00528 0.992338 1.08359 1.00049 0.950511 1.00515 1.01458 0.882971 
0123 0.181202	0.657354 0.755629 0.895636 0.926226 1.12368 1.07122 0.890396 0.977696 0.895768 1.0804 
0124 0.0978682	1.13612 1.13422 1.02813 0.975734 0.939878 1.01754 1.03404 1.17876 0.928399 0.851356 
0125 0.179264	0.966403 0.942842 1.04858 0.850143 0.964481 0.975751 0.9554 0.905031 1.07013 1.09171 
0126 0.0436047	0.644864 0.781851 0.889671 1.19803 1.20387 1.18048 1.01272 1.19597 0.82396 1.04173 
0127 0.149225	1.47036 1.05164 0.906033 0.874926 0.9651 0.785559 0.892478 0.826793 1.10699 0.685254 
0130 0.100897	1.3877 1.16675 1.0432 1.15698 1.05754 1.10675 1.28282 1.31177 0.966476 1.05779 
0131 0.0627803	0.906419 0.85682 0.873868 1.13205 1.1914 1.15323 1.04462 1.1317 0.813814 1.02662 
0132 0.141256	0.888043 1.14282 1.06071 0.927401 0.882199 1.05272 1.00461 1.05699 0.858438 0.815526 
0133 0.121076	0.7679 0.881287 1.00071 0.971176 1.00631 1.04628 0.996824 0.92026 0.928207 0.971275 
0134 0.14574	1.42424 1.19981 1.05821 0.901201 0.919893 0.963965 1.03898 1.03858 1.17502 0.982706 
0135 0.11435	0.638653 0.709935 1.01839 1.01309 1.08841 1.18683 0.979077 1.10194 1.01311 1.44162 
0136 0.14574	1.00754 0.923443 0.924678 0.997304 1.05101 1.03582 0.949806 0.999047 1.05383 0.998429 
0137 0.168161	1.59059 1.17167 1.11245 1.066 0.918542 0.992084 1.15133 1.09519 0.988721 0.723919 
0140 0.0707269	0.656797 0.897344 0.97736 1.07401 1.09607 1.19045 1.03717 1.11681 0.940263 1.49303 
0141 0.143418	0.870942 0.833317 1.04916 0.861637 0.860892 1.00401 0.963744 0.953652 1.06927 1.12771 
0142 0.133595	0.891881 0.931581 0.938238 0.968877 1.01162 1.00284 0.895249 1.06691 0.796905 0.917722 
0143 0.0943026	0.878976 0.926079 0.946205 1.02883 1.05382 1.00653 0.914953 0.970555 0.972929 0.986845 
0144 0.163065	1.67673 1.33279 1.11379 0.932474 0.89475 0.861743 1.06934 0.852871 1.11585 0.743969 
0145 0.111984	1.37456 1.11914 1.00235 1.05258 0.986557 0.909887 1.12922 0.994064 1.10434 0.929854 
0146 0.198428	1.04055 1.03191 1.09859 0.904883 0.9415 0.979865 1.03256 0.923403 0.95658 0.808459 
0147 0.0844794	0.983423 0.950698 1.08854 0.916935 0.954681 1.0458 0.988684 1.04701 1.0714 1.38642 
0150 0.148462	1.10376 0.907475 0.990772 0.94468 1.05627 0.971391 1.02821 0.98563 1.14757 1.27188 
0151 0.125133	1.48647 1.05617 0.969848 1.03537 0.94401 0.948163 1.08742 1.202 1.10855 1.01475 
0152 0.125133	0.846732 0.893513 0.885991 1.11972 1.10321 1.10381 1.02368 1.23058 0.900207 1.41179 
0153 0.0519618	1.88223 1.16532 1.05371 0.865225 0.911591 0.840655 1.08347 0.892274 1.23717 0.779578 
0154 0.126193	0.891064 1.00669 0.954655 1.01572 0.949722 1.0556 1.03301 1.16843 1.05936 1.38728 
0155 0.111347	0.778394 0.752613 0.914017 0.923432 0.991094 1.08773 0.968449 0.908488 0.960952 1.15482 
0156 0.152704	1.23455 1.07237 1.03464 0.995977 0.940456 0.970499 1.03691 0.995089 1.03915 0.899881 
0157 0.159067	0.977408 1.0031 0.933412 0.946885 0.94585 1.00296 0.989773 1.028 0.895498 0.947881 
0160 0.0680236	1.25011 1.16159 1.01053 1.08777 1.05246 1.05766 1.0617 1.05542 0.885447 0.861709 
0161 0.20782	1.61472 1.12242 1.11391 0.926026 0.858803 0.918418 0.953286 0.972408 1.08683 0.912428 
0162 0.102839	0.983989 0.886409 1.1111 0.94657 0.975468 0.989157 1.04716 0.930848 1.17008 1.24704 
0163 0.18211	0.73874 0.756418 0.952636 0.873654 1.03161 1.04073 0.840779 0.843971 0.96706 0.954538 
0164 0.0846277	1.04539 1.08156 0.915869 1.24048 1.14646 1.05947 1.02829 1.2242 0.894124 1.05931 
0165 0.0690948	0.700852 0.790511 0.966921 0.915663 0.946359 1.14739 0.958496 1.07392 0.865352 1.05941 
0166 0.0958757	0.977379 0.887728 0.996728 0.846639 0.959028 0.880039 0.885534 0.848461 1.12043 1.07689 
0167 0.189609	0.818019 0.923796 0.997491 1.00473 1.05533 1.05245 0.94205 1.13077 0.914289 1.10569 
0170 0.0811442	0.842156 0.88027 0.944919 0.872045 0.971327 0.991364 0.908077 0.742093 0.970216 0.949772 
0171 0.0805604	1.04022 0.766331 1.03042 1.02437 1.1003 1.10659 0.978187 0.990242 1.14953 1.33331 
0172 0.0694688	1.14025 1.1822 0.910561 1.27433 1.15586 1.09702 1.06227 1.14513 0.82999 0.888432 
0173 0.14711	1.37288 1.20654 1.13109 1.01529 1.02366 0.994589 1.08862 0.955109 1.06237 1.0223 
0174 0.0823117	0.865801 1.12576 0.971883 1.12842 1.14671 1.08882 0.951359 0.946415 0.857097 0.935227 
0175 0.333917	1.45789 1.1402 0.992462 0.951711 0.921551 0.96312 1.00474 0.878849 1.12295 0.846095 
0176 0.0887332	1.10894 1.0063 0.973815 1.20565 1.10957 1.16938 1.13197 1.25245 0.938243 1.30762 
0177 0.116754	0.791196 0.929396 1.07153 1.0217 1.09821 1.18285 1.07028 1.00405 0.852224 1.01557 
1000 0.123935	0.79269 0.913457 1.02266 0.879457 0.859288 0.942557 0.91393 0.805638 0.916983 0.921017 
1001 0.0495974	1.27091 1.1133 1.04781 0.891586 0.863186 0.890759 0.960249 0.853274 0.99755 0.721786 
1002 0.138873	0.772808 0.847325 0.989449 1.08435 1.08639 1.06544 0.980786 1.01554 0.990195 1.20615 
1003 0.136072	0.98491 0.979935 1.10108 0.875226 0.958051 0.909438 0.913578 0.866302 1.11558 0.969308 
1004 0.0997783	1.67733 1.34932 1.12389 0.925551 0.896438 0.863583 1.00929 0.943149 1.09295 0.895417 
1005 0.119501	1.09047 1.12143 1.09969 0.958277 0.911324 0.932382 1.01637 0.937803 1.07837 1.07016 
1006 0.116933	1.41322 1.37569 1.08003 1.13472 0.913087 0.94406 1.06458 1.16773 0.966497 0.813718 
1007 0.215311	0.898928 1.05099 1.05385 1.15886 0.920458 1.03409 1.11133 1.18508 0.874638 1.12926 
1010 0.116392	1.12273 1.14143 1.02936 0.986789 1.06323 0.992933 0.978243 1.03646 1.06533 0.962962 
1011 0.109531	1.08214 1.17044 0.967467 0.97483 0.961559 1.00678 1.00158 0.991159 0.926074 0.834652 
1012 0.0713573	1.00722 1.0392 1.11959 0.886745 0.979511 1.03627 0.984243 0.872318 1.04095 0.980314 
1013 0.253743	0.726026 0.892544 0.963686 0.988333 1.05291 1.09109 0.939025 0.992086 0.971695 1.26074 
1014 0.142839	1.32837 1.17159 1.02324 1.21702 1.03684 1.03825 1.14631 1.21253 0.970834 1.16836 
1015 0.0773453	0.984428 0.886139 0.97006 0.829431 0.956066 0.932739 0.902635 0.811696 1.17525 0.897338 
1016 0.132984	0.886971 1.00526 0.955906 1.071 1.00928 1.1176 0.992026 0.931115 0.862236 0.944406 
1017 0.0958084	1.67116 1.25681 1.04056 0.944394 0.915704 0.87745 0.99124 0.897895 1.18018 0.926199 
1020 0.0937356	0.687557 0.841079 0.931892 1.02768 1.08863 1.09252 0.98225 1.05482 0.929464 1.06364 
1021 0.099263	1.18226 1.03711 1.14826 0.936504 0.831306 1.04606 1.00948 1.01698 1.06796 1.24464 
1022 0.165822	1.63233 1.14382 1.05155 0.918997 0.991582 0.824252 1.03025 1.03602 1.14578 0.992487 
1023 0.108936	0.980872 0.843963 1.03192 0.79708 0.863301 0.981 0.915529 0.8315 1.09536 1.14476 
1024 0.168586	0.991131 1.08304 1.00396 1.1947 1.10823 1.09963 1.15023 1.25332 1.00026 1.20477 
1025 0.157992	1.11042 1.02726 1.02613 1.00204 0.923939 0.949661 1.05488 1.08766 0.921791 1.04151 
1026 0.101566	0.782882 0.824114 1.00707 0.85871 0.883574 1.07292 1.02649 1.03224 0.90595 1.0876 
1027 0.104099	0.72028 0.830247 0.97109 0.855341 0.926754 0.985368 0.829545 0.915412 0.945915 1.04854 
1030 0.12884	1.11364 1.10291 0.973679 1.19829 1.08591 1.01935 1.02335 1.11339 0.878962 0.856376 
1031 0.0965312	0.627523 0.803878 0.930412 0.976029 1.03873 1.10608 0.894088 0.89754 1.02376 1.34223 
1032 0.183152	1.35601 1.12015 1.10384 1.02374 0.949877 0.926047 1.12661 1.01455 1.11311 0.980727 
1033 0.190882	0.743324 0.907577 0.915578 1.14823 1.08471 1.07052 1.05956 1.17797 0.933884 1.09037 
1034 0.0979187	1.00364 1.00779 1.07816 0.862404 0.862651 0.902683 0.952963 0.885061 1.10393 0.878046 
1035 0.0624381	1.26637 1.02897 1.04008 0.995324 0.894705 0.882959 0.946291 0.836397 1.07906 0.738842 
1036 0.181169	0.823858 0.990346 0.953675 0.953522 0.941331 0.969978 0.913824 0.797946 0.9605 0.884033 
1037 0.0590684	1.50422 1.20284 1.09726 0.958849 0.880125 0.882033 1.03403 1.01476 1.27114 0.971807 
1040 0.0490838	1.92919 1.40654 1.0816 0.962743 0.834333 0.860286 0.978065 1.01071 1.15996 0.620346 
1041 0.0926047	1.06527 1.03362 1.06638 0.91636 0.948191 0.988916 0.990907 0.904336 1.19377 0.856307 
1042 0.233312	0.751421 0.996892 0.987687 1.03125 0.954288 1.17562 1.0086 1.04785 0.839316 0.957161 
1043 0.117474	0.67101 1.04835 0.909727 1.38572 1.22519 1.22329 1.09201 1.29231 0.814158 1.17629 
1044 0.0585733	1.65564 1.27362 1.07127 0.820913 0.784532 0.851977 0.960456 0.895601 1.23825 0.667233 
1045 0.138416	0.728664 0.825001 1.00721 1.00058 1.08327 1.16518 0.946821 0.966446 0.995081 1.36094 
1046 0.0854058	1.34172 1.10582 1.14042 0.779173 0.856155 0.919692 1.01257 0.803709 1.15208 0.900484 
1047 0.225131	1.12871 1.23289 1.07886 1.05284 0.980346 1.0705 1.04176 1.14706 0.955198 0.820448 
1050 0.208214	1.10783 0.990331 1.02993 0.915977 0.999973 0.93486 1.0262 1.00062 1.1251 1.13873 
1051 0.118654	1.65551 1.21329 1.05089 0.964605 0.955845 0.807866 0.939853 1.01851 1.22853 0.922111 
1052 0.124643	0.771352 1.03501 0.984572 1.05971 0.995699 1.07756 0.989645 1.2269 0.870574 0.908108 
1053 0.0730177	1.1143 1.0721 1.10159 0.879678 0.920734 0.950997 0.924349 0.995636 1.12657 0.803441 
1054 0.0490588	1.92538 1.60735 1.05582 1.18274 1.01277 0.882475 1.1357 1.12275 1.02389 0.615168 
1055 0.178836	1.1227 1.18311 0.952242 1.05286 0.979516 0.974534 0.972387 0.96795 0.950944 0.843612 
1056 0.152025	0.731778 0.918613 0.974761 1.16644 1.11678 1.08782 0.974692 1.12016 1.0392 1.17542 
1057 0.0955505	0.694892 0.96499 0.855668 1.19139 1.19797 1.07594 0.955771 1.02257 0.861585 1.17041 
1060 0.111794	1.27553 1.14709 1.09982 0.944579 0.872921 0.94123 1.02782 0.931396 1.00764 0.726804 
1061 0.209971	0.722182 0.863123 0.929517 1.07139 1.02914 1.11545 0.979328 1.0006 0.850687 0.999315 
1062 0.0573248	1.53903 1.15938 1.06071 0.974614 0.973182 0.856982 0.998079 0.902027 1.15207 0.903055 
1063 0.157698	0.881041 0.980839 1.01328 1.07731 1.02747 0.963629 0.94762 0.957191 0.981435 0.919827 
1064 0.0880738	1.56768 1.13318 1.15649 0.873222 0.831621 0.880712 1.06611 1.00743 1.1809 0.948441 
1065 0.107841	0.866096 0.79731 1.09007 0.925629 0.937045 1.00393 0.985129 0.937411 0.96212 0.961476 
1066 0.119701	0.740862 0.892062 0.9694 1.1478 1.13693 1.05861 1.0318 1.13232 0.968569 1.28944 
1067 0.147595	1.17188 1.24426 1.06229 1.18445 1.0693 0.959967 1.10475 1.20336 1.01282 1.10005 
1070 0.272533	0.820923 0.877024 0.973378 1.04371 1.03631 1.04371 0.956967 0.95882 0.959987 1.10093 
1071 0.0751486	1.19152 1.04854 1.00935 1.12474 1.03143 1.08696 1.11414 1.10657 0.970432 1.06636 
1072 0.138882	0.945737 1.02511 1.0603 1.1498 0.930455 1.1254 1.0974 1.18203 0.886696 1.02121 
1073 0.139596	0.665297 0.75412 0.985123 0.985756 0.965606 1.13925 0.936946 0.879163 0.938864 1.10164 
1074 0.0958383	1.20027 1.02409 1.03348 0.99476 0.977922 0.928383 1.04439 1.00305 1.15774 1.00782 
1075 0.109156	0.97572 1.02549 0.979829 1.27119 1.06392 1.10283 1.14009 1.14744 1.04754 1.44575 
1076 0.0832342	1.43219 1.07068 1.10017 0.835105 0.885159 0.878242 0.991021 0.854196 1.19172 0.907717 
1077 0.0856124	1.61282 1.18623 1.19274 0.994924 0.918359 0.981737 1.03631 1.04682 1.10405 0.88093 
1100 0.0598355	0.69987 0.746636 0.868208 1.06746 1.13396 0.996931 1.00081 0.985057 0.969435 1.09057 
1101 0.0736724	1.18712 0.900277 1.11465 0.958636 0.993988 0.892335 1.00916 0.920442 1.24884 1.07306 
1102 0.189604	1.47099 1.10559 1.01314 1.15479 0.949373 0.921041 1.02194 1.04217 1.04323 0.913145 
1103 0.184368	0.825855 0.759918 0.956139 0.88983 0.99916 0.881623 0.870362 0.760573 0.996252 0.975697 
1104 0.0886313	0.786482 0.93404 0.946376 1.16186 0.976131 1.05332 1.05266 1.01803 0.851321 0.815034 
1105 0.0867614	1.50214 1.04459 1.1376 0.807056 0.809093 0.796889 0.984452 0.769281 1.21543 0.933413 
1106 0.0575916	0.927656 0.859721 1.01311 1.07073 0.993078 1.00052 1.00725 1.06956 1.14177 1.34176 
1107 0.259536	0.956343 0.948078 0.972145 1.14489 1.11386 1.08319 1.05341 1.06907 0.991221 1.11324 
1110 0.0728654	0.695912 0.72391 0.97188 0.89595 1.08563 1.19131 0.885108 0.8396 0.958079 1.49334 
1111 0.127403	1.29601 1.13792 1.01667 1.13426 1.04277 1.02885 1.06246 1.121 0.916542 0.883016 
1112 0.124721	0.878172 0.868824 0.972735 1.06244 1.22129 1.03527 1.04225 1.06345 0.984563 1.34869 
1113 0.215467	1.01996 0.956023 1.03995 0.900734 0.917753 0.952247 0.971504 0.914678 0.998811 0.990312 
1114 0.148413	0.714447 0.840607 0.958093 1.00637 1.02938 1.04508 0.954851 0.950435 0.820727 1.11101 
1115 0.115333	1.04945 0.889436 1.00272 0.97017 1.04291 0.913923 0.879461 0.730548 1.10828 1.1155 
1116 0.131426	1.39349 1.08732 1.06406 0.905102 1.07302 1.00553 1.03216 0.888143 1.12082 1.02787 
1117 0.0643719	1.93531 1.31632 1.02619 1.02974 0.989751 0.772743 1.01065 0.95106 1.14199 0.786532 
1120 0.129935	1.0939 0.870454 1.11547 0.870586 0.856962 1.0223 0.995245 0.943403 1.08006 0.953419 
1121 0.246877	0.913824 0.900758 0.985901 0.995912 0.954286 1.04509 0.95324 1.13448 1.01615 0.957596 
1122 0.204898	0.706645 0.833353 0.942288 0.905717 0.96622 1.06045 0.925782 0.975203 0.943143 0.949953 
1123 0.05997	1.2295 1.079 1.00377 1.03683 0.991163 0.98067 0.924489 1.08264 0.92692 0.815858 
1124 0.0709645	1.8944 1.28521 1.07343 1.13782 0.951246 0.898229 1.02991 1.07457 1.11718 0.973712 
1125 0.095952	1.17098 1.09027 1.03783 1.09649 0.952515 1.0803 1.14965 1.23685 0.947498 0.996309 
1126 0.103948	1.45641 1.08564 1.09994 0.929998 0.827769 0.953825 1.0195 0.912163 1.07677 0.782491 
1127 0.0874563	1.28649 0.939642 1.08578 1.03773 0.938839 0.990207 1.12206 1.14139 1.18052 1.25512 
1130 0.108597	1.37654 1.24315 0.998113 0.971794 1.01393 0.945992 1.15683 1.12411 1.05652 1.2596 
1131 0.156863	0.681589 0.884178 0.856072 1.09074 1.24946 1.01481 0.916564 0.972511 0.962579 1.25267 
1132 0.128205	0.991538 0.980658 0.925252 1.10816 1.12113 1.00298 1.18917 1.16308 0.922962 1.15476 
1133 0.0829563	1.59403 1.17349 1.04799 1.0423 1.10313 0.895652 1.0993 0.915408 1.25374 1.18677 
1134 0.0950226	0.806987 0.885166 0.912343 1.15866 1.35111 1.12622 1.11721 1.17284 0.997367 1.60204 
1135 0.20362	0.947968 1.02179 1.02878 0.835007 0.958877 0.928746 0.930617 0.822032 1.03373 0.956827 
1136 0.117647	1.14152 1.11349 0.989533 1.09181 1.07123 0.990559 1.11382 1.18561 0.948231 1.12366 
1137 0.107089	1.30012 0.989378 1.00483 0.934059 1.0948 0.747535 0.904617 0.977524 1.14322 0.95828 
1140 0.192661	0.941391 0.828438 0.903608 0.932706 0.902323 0.95737 0.889427 0.81986 1.0186 0.932364 
1141 0.0721435	1.18551 1.00412 1.16095 0.803439 0.783685 1.00632 1.04308 0.838863 1.18367 1.21198 
1142 0.0859049	1.58313 1.14572 1.11974 1.04022 0.940556 0.970312 1.02341 1.0637 1.1727 1.08689 
1143 0.156797	1.58972 1.1298 1.07429 0.850121 0.804883 0.932288 1.03674 0.88415 1.03962 0.868834 
1144 0.0946622	0.857757 0.858285 1.0016 0.882965 0.985858 1.02032 0.988555 0.903263 1.06376 1.19664 
1145 0.0567139	1.67763 1.33338 1.0083 1.2268 1.05946 1.01263 1.1688 1.22661 1.01334 1.06771 
1146 0.174729	1.09811 0.829294 0.926839 1.15308 1.04522 1.11916 1.08197 1.17362 0.952673 1.26576 
1147 0.166389	0.816685 0.891789 0.87786 1.07719 0.993669 1.14106 0.977613 1.04658 0.815523 1.13027 
1150 0.130852	0.807096 0.824547 0.929862 0.781493 0.960769 0.94669 0.800376 0.691031 0.982276 1.09262 
1151 0.0852341	1.45078 1.24086 1.00617 1.00332 0.946302 0.863104 1.11618 1.00804 1.1456 1.08511 
1152 0.0696279	1.81068 1.2221 1.08839 1.00978 1.06199 0.938467 1.0441 0.916041 1.18119 1.04105 
1153 0.0528211	0.57524 0.907323 0.833039 1.28716 1.17553 1.189 1.08801 1.12939 0.798439 1.45091 
1154 0.0588235	1.10131 1.11313 1.04207 1.10594 1.01397 1.08231 1.08038 1.03326 1.00336 1.21922 
1155 0.2509	0.903488 0.986972 1.04424 1.11583 1.1123 1.11431 1.02935 1.01954 0.93377 1.02596 
1156 0.214886	1.21133 1.05104 1.04747 0.914573 0.965512 0.893338 1.01115 0.91329 1.11852 1.15426 
1157 0.136855	0.682202 0.838847 0.959358 0.998749 1.01946 1.07977 0.916033 0.975215 0.924217 1.14771 
1160 0.137046	1.61774 1.20658 1.03572 1.17838 1.09829 0.914762 1.03533 1.26881 1.12231 0.87277 
1161 0.0481852	1.1831 1.33776 0.950218 1.41186 1.1363 1.07723 1.07333 1.19389 0.918825 0.976888 
1162 0.118273	1.02389 1.01604 0.882639 1.25545 1.18417 0.990308 1.0125 1.16273 1.06295 1.01043 
1163 0.114518	0.831767 1.00741 1.00536 1.00975 1.03422 0.973816 0.914238 0.942746 0.939584 0.928856 
1164 0.113892	1.01616 0.92743 0.954566 1.20175 1.17338 0.99562 0.917219 1.25147 0.998555 1.02364 
1165 0.18836	0.738214 0.744773 0.955773 0.968753 1.04319 1.03894 0.927653 0.919698 0.964337 1.12352 
1166 0.0994994	0.947478 0.910711 1.04255 1.09612 1.0953 1.03117 1.06478 1.04706 1.10013 1.13605 
1167 0.180225	1.23426 1.13088 1.06513 0.882568 0.905615 0.916261 1.00385 0.880804 1.03978 0.854309 
1170 0.0898876	0.696378 0.804242 0.985816 0.926804 1.10141 1.08719 0.84562 1.06472 0.906258 1.03637 
1171 0.0811486	1.48411 1.03647 1.11009 0.97663 1.04734 0.921669 1.01467 1.0576 1.19308 1.02272 
1172 0.142322	0.969958 0.978752 0.974913 1.2021 1.06673 1.15327 1.00535 1.26516 0.923635 1.21166 
1173 0.128589	1.25077 1.1603 1.04051 1.01303 0.912205 1.02847 0.941015 0.914784 0.920443 0.600095 
1174 0.243446	0.914801 0.849377 0.938935 0.950721 0.966545 1.00749 0.910603 0.93814 0.967777 0.926408 
1175 0.108614	0.911131 0.921835 1.01468 0.970537 1.12052 1.01246 0.912148 0.927794 1.07238 0.994036 
1176 0.131086	1.43069 0.987243 1.04371 1.02018 1.0536 1.01118 1.05275 1.05259 1.04787 0.9295 
1177 0.0749064	1.21477 1.02115 0.902024 0.900432 0.979122 0.886237 0.828864 0.892241 1.01362 0.792387 
BOUNDS
LWPS R    0.0  0.0  0.0  0.0  0.0  0.0  0.0  0.0  0.0  0.0
UWPS R    0.5  0.5  0.5  0.5  0.5  0.5  0.5  0.5  0.5  0.5
LXAS R   -0.5 -0.5 -0.5 -0.5 -0.5 -0.5 -0.5 -0.5 -0.5 -0.5
UXAS R    0.5  0.5  0.5  0.5  0.5  0.5  0.5  0.5  0.5  0.5
END
