ASSETS 10
STAGES 4
COVARIANCE
72.58474235558305
2.7736551301176764 1.9389687260232706
-11.592396420479524 3.700738255655177 52.09883826307694
17.927753800678563 -0.7515401493689027 6.075472913813329 33.57846836308026
-20.16146641681942 1.7794293989604955 20.168993311700493 -2.5762436874235175 20.616878990164377
26.6680883189872 4.067607327008913 19.826667031927997 12.238170559276249 0.8595965693589142 30.061842592085373
13.790221629404364 5.015507632299635 31.469880579685025 4.519044562969059 15.157409924685332 22.88991565819445 62.75104454557832
28.689200406431045 2.6571307428137287 11.475065464747463 14.386562809930993 -16.3783913104163 12.386539329829041 3.3706454170539986 78.21215247733998
-81.43623145726016 3.084919685039435 68.90616309767522 -27.904928566300434 60.62243117263437 -3.794411655186709 52.24143210152139 -54.40288145896101 221.54485488105004
-11.679465307325982 1.8465082460571522 15.856491421438598 -4.3172790566859796 11.575822425986498 0.5635062159764503 12.553779742069441 0.8712923075811818 39.11364902558235 11.881905157316085
INITIAL
11.9143 25.96 76.11 41.85 50.56 54.66 78.09 48.52 68.27 44.1618
GROWTH
-0.0109062736777261 0.00017502219041474806 0.001233985240774077 -0.0007135451749083971 0.0015806079061202426 -9.185992119799621e-05 0.0007888054621896394 -0.001195153886060807 0.007977934933590431 0.00135467223531879
BRANCHING
2 2 8 8
END
