NAME moment_estimation_cluster
ASSETS 10
BENCHMARKS 0.1 0.1 0.1 0.1 0.1 0.1 0.1 0.1 0.1 0.1 
COVARIANCES
0 0 0.00519362
1 0 0.00424102
1 1 0.00667472
2 0 0.0051835
2 1 0.00787517
2 2 0.011597
3 0 0.00389476
3 1 0.00453384
3 2 0.00684348
3 3 0.00562276
4 0 0.00364914
4 1 0.00404568
4 2 0.00511783
4 3 0.0035943
4 4 0.00406158
5 0 0.00538292
5 1 0.00631961
5 2 0.00840697
5 3 0.00616069
5 4 0.00586981
5 5 0.00954327
6 0 0.00167488
6 1 0.00344377
6 2 0.00416951
6 3 0.00181708
6 4 0.00153387
6 5 0.00243362
6 6 0.00229172
7 0 0.00441781
7 1 0.00604068
7 2 0.00778826
7 3 0.00510964
7 4 0.00467773
7 5 0.00740966
7 6 0.00263208
7 7 0.006906
8 0 0.00442074
8 1 0.00580072
8 2 0.00730923
8 3 0.00517136
8 4 0.00447171
8 5 0.0070813
8 6 0.0023955
8 7 0.00631678
8 8 0.00689575
9 0 0.000762797
9 1 0.000461076
9 2 0.000404042
9 3 0.000796279
9 4 0.000941294
9 5 0.00141025
9 6 -9.67979e-05
9 7 0.00098593
9 8 0.00108497
9 9 0.00101373
SCENARIOS
0 0.21885	1.0668 1.10134 1.14965 1.11158 1.09032 1.15115 1.04114 1.10121 1.12252 1.01357 
1 0.78115	1.00011 0.987536 0.97819 0.978899 0.980576 0.964478 0.998634 0.979663 0.992008 1.002 
00 0.352113	1.04569 1.13037 1.13049 1.07713 1.07972 1.13956 1.06018 1.14152 1.07204 1.01789 
01 0.647887	1.02969 0.963152 0.931794 0.958931 0.965023 0.966031 0.972665 0.991184 0.913606 1.0059 
10 0.426909	1.05163 1.09238 1.10321 1.08661 1.07954 1.14697 1.04909 1.05708 1.08267 1.02237 
11 0.573091	0.909961 0.945631 0.95519 0.95979 0.947336 0.933956 0.977834 0.938511 0.920621 0.974915 
000 0.200882	1.04513 0.916129 0.93135 0.945136 0.994563 0.967162 0.931035 0.982705 0.960023 1.04195 
001 0.0743576	0.982141 1.01504 1.11919 1.04057 1.00469 1.04638 1.00682 1.07954 1.1001 0.989992 
002 0.0698157	1.15534 1.03846 1.05229 1.05315 1.1267 1.13688 0.995157 1.11199 1.16799 1.06733 
003 0.119907	1.10976 1.09472 1.10386 1.04617 1.0352 1.03744 1.02572 1.01762 1.0496 0.987566 
004 0.0639761	1.07439 1.04035 1.01107 0.924459 1.03847 0.961581 1.0289 1.03422 0.981478 0.95514 
005 0.300415	1.00004 0.911646 0.903681 0.939661 0.914284 0.841551 0.921251 0.929683 0.958784 1.00108 
006 0.0689073	1.14189 0.980895 1.07394 1.15517 0.98543 1.01997 0.960979 1.0296 1.05508 1.02575 
007 0.101739	1.20874 1.16374 1.24155 1.1534 1.11015 1.12187 1.08312 1.1454 1.16628 1.01851 
010 0.100712	0.924787 0.982308 1.0363 0.982105 0.923632 0.862465 1.01373 0.937872 1.01439 0.955875 
011 0.097186	0.842036 0.84585 0.832373 0.867677 0.881617 0.827585 0.945381 0.819952 0.818126 0.975487 
012 0.112067	1.11262 1.17599 1.18201 1.12654 1.1408 1.19625 1.03421 1.21284 1.21726 1.00713 
013 0.0626278	0.893588 0.938535 0.89418 0.905672 0.984627 0.950944 0.973013 0.918636 0.924166 0.962173 
014 0.110304	1.00946 1.10601 1.11799 0.996217 1.0421 1.00922 1.05111 1.03408 1.06971 0.993945 
015 0.264123	0.969369 0.995986 1.07127 1.07753 1.01727 1.06414 1.02969 1.01717 1.1059 0.987576 
016 0.0856196	0.865324 0.874115 0.821736 0.908596 0.95295 0.894684 0.959118 0.856382 0.936545 1.01475 
017 0.16736	1.00937 0.968481 0.962374 0.964985 1.06172 1.03332 0.994199 1.02242 1.051 1.03514 
100 0.265923	1.01681 1.00786 1.06021 1.02136 0.975823 0.93852 0.963137 1.05414 1.00271 0.975511 
101 0.171614	0.874273 0.906049 0.888981 0.906522 0.891811 0.846749 0.965325 0.959228 0.888306 0.981739 
102 0.146156	1.11927 1.05137 1.06655 1.00915 1.08945 1.09538 1.02981 1.09167 1.06656 1.00134 
103 0.118268	1.16336 1.16648 1.30511 1.1595 1.10574 1.18477 1.05481 1.26931 1.16649 0.995467 
104 0.0616229	0.965569 0.864317 0.835347 0.923308 0.951187 0.913758 0.909791 0.940187 0.93441 1.01133 
105 0.0835432	1.06453 1.06705 1.15426 1.12483 1.05887 1.09755 0.998371 1.10009 1.09616 0.99838 
106 0.0548459	0.958507 0.906967 0.851917 0.870839 0.997613 0.934206 0.925563 0.999359 0.877782 0.996309 
107 0.0980269	1.0087 0.948263 0.924443 0.989946 1.03134 0.972678 0.945725 1.00824 1.0525 1.02843 
110 0.153506	1.01751 0.877897 0.864032 0.946813 0.979507 0.963118 0.905372 0.933983 0.958625 1.04936 
111 0.0450332	1.20798 1.16975 1.25424 1.11592 1.17673 1.27518 1.06785 1.20545 1.18558 1.05682 
112 0.167199	1.04914 1.10912 1.14494 1.0787 1.05964 1.09489 1.08569 1.0856 1.06247 0.971778 
113 0.0744745	1.17465 1.14942 1.24544 1.20656 1.06511 1.16179 1.07271 1.13973 1.12261 1.00543 
114 0.0969911	0.855152 0.875518 0.842192 0.893733 0.859213 0.858543 0.958905 0.837325 0.888347 0.957402 
115 0.0899547	1.04134 1.05683 1.02655 0.967958 1.0075 1.03279 1.05098 1.00218 1.03813 0.9691 
116 0.160922	1.12005 0.988187 1.01365 1.05059 1.07981 1.08319 0.944905 1.08671 1.08013 1.04079 
117 0.211919	1.0342 0.944983 0.944306 0.944598 0.953792 0.937296 1.00622 0.972428 0.923678 0.983164 
0000 0.23385	0.989152 0.965706 1.04846 1.06382 0.985448 1.01473 0.94592 0.949532 1.05649 0.957406 
0001 0.0723514	1.11763 1.03505 1.07719 1.09843 1.16984 1.1594 1.01343 1.02328 1.08693 1.03181 
0002 0.0833333	0.939306 1.015 1.00814 0.952104 0.995651 0.981562 1.04462 0.957567 0.984245 0.916316 
0003 0.177649	0.940465 0.874903 0.887806 0.922616 0.974824 0.89032 0.93501 0.854042 0.96677 0.991676 
0004 0.0859173	1.04501 1.03957 1.11822 1.17757 1.06649 1.17287 1.00848 1.07693 1.16798 1.03912 
0005 0.109819	1.12859 1.13351 1.17181 1.09513 1.08078 1.12546 1.06758 1.13957 1.07881 0.968092 
0006 0.105297	0.902641 0.899421 0.934039 0.942861 0.918157 0.865581 0.962161 0.854345 0.955716 0.950527 
0007 0.131783	1.02991 1.00366 0.931365 0.975992 1.04816 1.05721 0.988007 1.01088 1.05371 0.978081 
0010 0.0663176	0.906611 0.823965 0.834952 0.883735 0.962268 0.868925 0.875076 0.812246 0.824122 0.961601 
0011 0.0767888	1.06834 1.00756 1.07019 0.988943 1.00182 0.867019 1.02408 0.972549 0.952385 0.959917 
0012 0.122164	1.10512 1.09644 1.14183 1.08342 1.05858 1.09045 1.06537 1.11676 1.03864 0.971849 
0013 0.13438	1.03682 0.972472 0.995422 1.04707 0.981617 0.966375 1.00515 0.959203 0.944708 0.960901 
0014 0.25829	1.16402 0.984045 0.988922 1.02936 1.06666 1.06243 0.951798 0.981201 1.04442 0.985889 
0015 0.08726	1.29681 1.04253 1.18052 1.11393 1.14445 1.11241 1.02457 1.05927 1.07374 1.00844 
0016 0.106457	1.08144 0.96247 1.01144 0.957348 0.911616 0.82348 1.01648 0.843533 0.870924 0.969085 
0017 0.148342	1.06548 0.937346 0.900065 0.955359 0.969097 0.943746 0.967538 0.908127 0.911701 0.971072 
0020 0.0669145	0.995531 0.942994 1.03461 1.09263 0.962553 1.02235 0.93559 0.910173 0.901951 0.959873 
0021 0.107807	0.915312 0.992874 1.00971 0.996483 1.04176 1.02968 1.00855 1.04761 0.993072 0.995007 
0022 0.0669145	0.895125 0.948433 0.975045 0.909984 0.90029 0.846839 1.00291 0.883896 0.869256 0.987629 
0023 0.141264	0.951082 1.07681 1.04521 1.06849 0.998271 0.99284 1.05125 1.012 1.02605 0.936663 
0024 0.10223	1.00246 1.09733 1.14827 1.09164 1.0674 1.02447 1.02132 1.08117 1.09689 1.00795 
0025 0.299257	0.911747 0.945941 0.867345 0.945229 0.944801 0.924946 0.928724 0.929761 0.919903 0.977772 
0026 0.0855019	1.15474 1.17011 1.19923 1.21695 1.12304 1.24818 1.06646 1.0581 1.06654 1.00714 
0027 0.130112	1.09072 1.11038 1.06582 1.02734 1.08457 1.14242 1.03056 1.03163 1.07838 1.0095 
0030 0.142857	0.910411 0.922532 0.910943 0.982855 0.938344 0.930004 1.03835 0.970512 0.948623 0.976462 
0031 0.272727	1.09358 1.05334 1.15791 1.09939 1.0941 1.14029 1.07441 1.10422 1.18339 1.06025 
0032 0.108225	0.971155 0.983434 1.00584 1.03186 0.984562 1.03659 1.02701 1.08411 1.05048 1.06087 
0033 0.137446	0.954855 1.02011 1.10215 1.01256 0.96782 0.982397 1.11076 1.02511 0.995819 1.01012 
0034 0.12013	0.967781 0.893822 0.84733 0.960932 1.01608 0.971783 0.902291 1.01971 1.03895 1.05138 
0035 0.0790043	1.07611 1.00936 0.962016 1.06698 1.04364 1.10507 0.990321 1.04123 1.01882 1.00041 
0036 0.0660173	0.873126 0.792158 0.760695 0.864842 0.896039 0.874024 0.922305 0.879357 0.83549 1.03816 
0037 0.0735931	0.964246 0.958476 0.893382 0.882724 0.933 0.906311 1.06429 0.924614 1.02928 1.01908 
0040 0.0649087	0.879956 0.816624 0.797309 0.830284 0.879681 0.832941 0.953938 0.791442 0.866777 0.991636 
0041 0.0872211	0.917514 0.963619 0.920934 0.941129 0.90027 0.88387 0.998347 0.924337 0.94729 0.977857 
0042 0.312373	1.10218 1.10625 1.11766 1.13182 1.08145 1.15271 1.04109 1.06622 1.23988 1.01163 
0043 0.0628803	0.99197 0.984841 1.008 1.00067 0.956775 0.971441 1.02168 0.928074 0.95099 1.04364 
0044 0.0811359	0.968816 0.950168 0.963504 1.0218 1.0151 1.02312 0.99721 0.956225 0.934144 0.992362 
0045 0.204868	0.966812 0.94737 0.902605 0.961569 1.02219 1.10648 0.974318 0.984438 1.01237 1.03286 
0046 0.0689655	0.922643 0.958583 1.00749 1.07461 0.985794 1.00666 0.948764 1.01977 0.990206 1.02846 
0047 0.117647	1.06867 1.06797 1.04231 1.04219 0.954498 0.93505 1.09353 0.933805 1.11522 1.05645 
0050 0.253132	0.97862 0.979837 1.04615 1.02156 0.993834 1.08912 1.02472 0.910175 0.908317 0.972752 
0051 0.0665227	0.787637 0.938157 0.885243 0.885279 0.881883 0.829798 1.08907 0.833534 0.844549 0.932922 
0052 0.221598	1.04458 1.11894 1.21241 1.11808 1.08482 1.23405 1.11653 1.12838 1.09072 0.986739 
0053 0.0609071	0.910275 0.942055 0.831016 0.883464 0.932083 1.02795 0.997396 0.870836 0.874087 1.01428 
0054 0.0604752	0.909417 0.910876 0.970746 1.10518 0.967033 1.01095 0.930572 0.925393 0.969609 0.99964 
0055 0.149892	1.08149 1.03519 1.02113 0.946706 1.05913 1.09883 1.02448 0.981559 0.969005 0.973264 
0056 0.0894168	1.02831 1.06321 1.03969 0.985886 0.955627 0.938272 1.10874 0.896831 0.967261 0.92402 
0057 0.0980562	0.853712 0.854934 0.849544 0.935407 0.904479 0.90989 0.986811 0.800581 0.889351 0.968736 
0060 0.190207	1.09793 1.09537 1.07943 1.07579 1.08372 1.14371 1.02825 1.05069 1.10898 1.05387 
0061 0.0828625	0.922604 1.00067 0.990792 0.905942 0.928512 0.869228 1.05257 0.868195 0.89606 0.964978 
0062 0.160075	0.87989 0.900348 0.867964 0.897776 0.957093 0.87685 0.975193 0.877643 0.972648 0.967541 
0063 0.0677966	0.908251 0.957201 0.907967 0.996117 1.10182 1.05638 0.943194 0.948808 1.0295 1.04953 
0064 0.0621469	0.949019 1.01007 1.03064 0.924429 1.03684 1.03239 1.07161 0.984295 0.9953 1.02243 
0065 0.086629	0.758313 0.868496 0.827065 0.831011 0.894285 0.793944 0.978147 0.793364 0.815913 0.933878 
0066 0.214689	0.95645 0.980549 0.949392 0.997836 0.992532 0.982158 0.997209 1.00727 1.03049 1.01099 
0067 0.135593	0.930641 1.07987 1.16196 1.0314 1.01194 1.03565 1.08502 0.978985 1.0531 0.948424 
0070 0.0765306	1.00729 0.921738 0.971627 0.988176 0.912411 0.915788 0.996498 0.844566 0.858416 0.937976 
0071 0.0497449	0.980088 1.07432 0.973911 0.876677 1.02816 1.03194 1.03632 1.00736 1.01971 0.982589 
0072 0.168367	0.882344 0.869671 0.847775 0.903018 0.936146 0.888476 0.909656 0.925925 0.858818 0.965916 
0073 0.142857	0.941477 1.04652 1.0635 0.998559 0.990316 1.01916 1.05248 0.960309 1.04701 1.01098 
0074 0.227041	1.06961 1.10432 1.104 1.09467 1.07362 1.10236 1.00707 1.15087 1.12866 0.987941 
0075 0.0765306	1.04202 0.95693 0.993599 1.00524 1.09377 1.15329 0.939589 1.08144 1.05913 1.08481 
0076 0.181122	1.00396 0.967143 0.959657 0.941614 0.99767 1.0655 0.968514 0.982647 1.01746 1.01132 
0077 0.0778061	1.13922 1.12058 1.31919 1.15207 1.10821 1.33002 1.10606 1.17813 1.1415 1.05541 
0100 0.0672269	0.896003 0.816394 0.834405 0.874988 0.884426 0.842717 0.881955 0.844905 0.848756 0.973176 
0101 0.123249	0.974577 1.09519 1.14071 1.07344 1.03002 1.08013 1.08221 0.986673 1.04867 1.00661 
0102 0.196078	0.912167 0.975763 0.900706 1.00153 1.02516 1.10342 0.975305 1.06425 1.03085 1.06351 
0103 0.131653	0.910764 1.07011 1.013 0.95551 1.02023 1.06655 1.08756 1.03492 0.974972 0.975172 
0104 0.0966387	0.970302 0.929554 0.8889 0.895804 0.981075 0.971191 0.991916 0.995164 0.963846 1.0154 
0105 0.172969	1.11221 1.09727 1.06676 1.0927 1.09703 1.14391 1.03315 1.0123 1.11839 1.05722 
0106 0.123249	0.915855 0.984039 0.982433 1.04081 0.973843 0.939977 0.992487 0.974559 0.993066 1.00814 
0107 0.0889356	1.02189 0.975564 0.891624 0.925941 0.934472 0.920599 0.99608 0.969523 0.981869 0.979095 
0110 0.238752	1.09537 1.17361 1.18049 1.08927 1.06519 1.0687 1.04422 1.11735 1.22514 0.954679 
0111 0.196662	1.05601 1.0452 0.982624 0.979392 1.04936 0.972256 0.98438 1.02879 1.10349 1.03058 
0112 0.08418	0.894763 0.981108 1.01865 1.06108 0.913919 0.90592 1.01071 0.91279 1.05451 0.970226 
0113 0.0551524	0.86794 0.805153 0.786042 0.877604 0.881815 0.73948 0.880806 0.817237 0.917313 0.965027 
0114 0.0820029	0.935068 0.880394 0.80552 0.954885 0.964052 0.900494 0.937868 0.883426 0.972959 0.982047 
0115 0.124819	0.959292 0.999638 0.95737 0.954282 0.964301 0.945336 0.976021 1.01763 1.12029 0.968631 
0116 0.0950653	0.981349 0.974114 0.958064 0.936011 0.883385 0.816552 0.966221 0.941749 0.988655 0.960501 
0117 0.123367	0.95244 0.992264 1.00187 1.06498 0.985958 0.957533 0.994863 0.974845 1.11496 1.01066 
0120 0.108244	1.08569 0.979155 1.04208 1.06309 1.04131 1.09337 1.02451 0.972326 1.00985 1.07482 
0121 0.152926	1.04942 1.07047 1.06627 0.968338 1.02266 0.930322 1.11796 0.986593 1.04213 1.01802 
0122 0.173694	1.05496 1.08793 1.19089 1.12525 1.13011 1.18514 1.11561 1.10755 1.13354 1.02197 
0123 0.111391	0.936185 1.01362 1.17543 1.07113 0.978207 0.932969 1.12651 0.91313 0.994088 0.995318 
0124 0.0522341	0.908472 0.884736 0.92616 0.989814 0.911824 0.925457 0.953915 0.849369 0.996211 1.0432 
0125 0.166142	0.887926 0.948568 0.990309 0.967419 0.948053 0.907158 1.07064 0.862654 0.903998 0.994089 
0126 0.112649	0.930475 0.899363 0.936418 0.942928 1.04683 1.00791 0.93234 0.948177 0.9906 1.0384 
0127 0.122719	0.85725 0.825612 0.836783 0.874022 0.948868 0.866665 0.996812 0.813409 0.86089 1.00884 
0130 0.261261	0.964492 0.94214 0.896143 0.908924 0.928676 0.83819 0.925121 0.944763 0.863236 0.980313 
0131 0.102477	1.22586 1.11886 1.12532 1.11589 1.11177 1.20876 1.00996 1.09413 1.2127 0.997773 
0132 0.158784	1.09966 1.01304 1.08293 1.10099 1.0162 1.00306 1.01139 0.989995 1.05174 0.984858 
0133 0.14527	0.98837 0.982865 0.967191 0.998816 0.978345 0.955125 0.968231 1.06119 1.09334 1.05361 
0134 0.0630631	1.07256 1.05802 1.13114 1.01535 0.964432 0.932968 1.05295 1.04679 1.01059 0.97222 
0135 0.137387	0.997565 1.04869 1.00696 1.02697 1.04911 1.01135 1.0228 0.98433 1.03255 1.02003 
0136 0.0664414	1.04693 1.01592 0.980465 0.961506 1.0101 0.961098 0.993199 1.03686 1.06156 1.00701 
0137 0.0653153	1.01845 1.14749 1.1866 1.08165 1.05442 1.07804 1.05452 1.17532 1.12143 1.01114 
0140 0.188619	1.04722 1.00859 0.895754 1.00458 1.0008 1.07413 1.0039 1.02941 1.06175 1.02772 
0141 0.159847	1.1253 1.03693 1.05027 1.04621 1.06964 1.05275 1.03101 1.0954 1.06568 1.00645 
0142 0.0716113	0.948683 1.04664 1.06186 1.02518 0.931115 0.931951 1.08956 1.04358 1.03912 0.95574 
0143 0.0709719	0.875832 0.91208 0.851849 0.862882 0.969132 0.884415 0.946193 0.954402 0.93517 0.991913 
0144 0.0613811	1.14423 1.19407 1.2527 1.19722 1.12641 1.20859 1.08562 1.1479 1.21142 1.01382 
0145 0.186061	0.970847 1.00399 1.03264 0.956786 1.00708 0.993778 1.04443 1.04404 0.958287 0.959176 
0146 0.169437	0.954088 0.916107 0.880646 0.912601 0.896754 0.862133 1.00659 0.89863 0.914126 0.947631 
0147 0.0920716	1.00354 1.1065 1.17466 1.10753 1.03048 1.06616 1.1143 1.04421 1.17297 0.978975 
0150 0.0918558	1.05063 1.06831 1.02528 0.997002 1.07404 1.11789 0.979493 1.03628 1.04435 1.05544 
0151 0.189052	0.907705 0.950233 0.975205 0.97639 0.930583 0.894394 0.966564 0.888734 0.907925 0.939914 
0152 0.109212	1.04591 1.09429 1.15967 1.07063 1.02166 0.970163 1.07729 1.02632 1.10001 0.982663 
0153 0.0485981	1.0145 1.05972 1.07738 0.970798 1.02711 0.941155 1.02002 1.02709 1.05313 0.988907 
0154 0.242457	1.01076 0.922701 0.878546 0.940411 0.983698 0.89778 0.932076 0.891696 0.946011 1.02877 
0155 0.0683578	1.14391 1.06925 1.10983 1.16043 1.07597 1.03361 0.956109 1.10881 1.15927 1.09166 
0156 0.115087	1.07247 1.2058 1.23655 1.1224 1.11326 1.1983 1.05748 1.13074 1.07129 1.02233 
0157 0.135381	0.881724 1.05475 0.983222 0.93738 0.949267 0.846182 1.02655 0.974992 0.906858 0.985204 
0160 0.0642504	1.05305 1.14968 1.18214 1.05005 1.08874 1.14778 1.04544 1.21435 1.12373 0.985725 
0161 0.062603	1.20829 1.04661 1.04124 1.09678 1.10783 1.07521 0.961893 1.08341 1.07312 1.03174 
0162 0.0749588	0.963815 1.0145 1.07115 0.975593 0.925481 0.925393 1.04041 1.03037 0.991721 0.976054 
0163 0.0996705	0.998069 0.870827 0.964032 0.959632 0.905905 0.884453 0.948713 0.921845 0.946329 0.974702 
0164 0.121911	0.976569 0.945857 0.902907 0.91868 1.01796 1.03557 0.917608 0.98852 0.951813 1.04807 
0165 0.159802	0.995028 0.942829 0.854695 0.914116 0.926857 0.883834 0.954496 0.933897 0.937391 1.01914 
0166 0.10626	1.16041 1.11557 1.26385 1.12682 1.09333 1.16829 0.976534 1.18171 1.21439 0.993051 
0167 0.310544	1.0264 1.04477 1.03962 1.01171 1.02021 1.04551 0.988951 1.09798 1.02012 1.05045 
0170 0.25453	1.03868 1.00847 1.04006 1.06882 1.00782 1.00996 0.963196 1.04007 1.11624 0.986637 
0171 0.0733249	0.962242 0.943345 0.903318 0.926522 0.980152 0.96142 0.92758 0.910634 1.04265 1.06967 
0172 0.121365	1.11557 1.18058 1.23646 1.08061 1.10625 1.18792 1.08633 1.13153 1.1688 1.00792 
0173 0.0560472	0.890788 0.986773 0.949461 1.03559 0.926997 0.907471 0.97028 0.928601 0.926585 0.986073 
0174 0.107459	0.87133 0.906133 0.837732 0.885591 0.896183 0.851644 0.965125 0.804231 0.882653 0.956599 
0175 0.180362	0.990738 0.956424 0.933814 0.955546 0.976182 0.970394 0.967573 0.906192 0.931958 0.996937 
0176 0.121365	1.09143 1.05455 1.14763 1.13562 1.08963 1.19168 1.01968 1.00071 1.11846 0.996322 
0177 0.0855457	0.984157 1.07137 1.05743 0.966096 1.04603 1.04102 1.03085 0.979535 1.04646 1.00925 
1000 0.2394	0.957022 1.02529 1.06618 1.04254 1.00883 1.07538 1.05388 1.00656 1.02337 0.985124 
1001 0.0842355	0.902561 0.974204 0.999172 0.992842 0.941379 0.937879 1.05754 0.940377 0.950298 0.979773 
1002 0.0723951	0.897452 0.876713 0.819382 0.848165 0.890316 0.826062 0.98 0.865648 0.843494 0.94019 
1003 0.0596527	0.950026 0.920484 0.883987 0.890041 0.991228 0.981488 1.05028 0.861415 0.914275 0.971919 
1004 0.100699	0.872604 0.857667 0.904356 0.948442 0.93286 0.978451 0.94347 0.909453 0.927487 0.981909 
1005 0.152684	0.969442 0.943514 0.936167 0.996658 1.01864 1.0661 0.943302 0.974337 1.03545 1.00507 
1006 0.182792	1.03152 1.10729 1.17354 1.07953 1.09371 1.15697 1.12163 1.08805 1.15171 1.0002 
1007 0.108142	0.949958 1.02897 1.01007 0.912814 1.00606 0.971449 1.02487 0.98819 1.00822 0.953676 
1010 0.258955	1.14411 0.96405 1.02554 1.03889 0.99266 1.00332 0.976843 0.961346 1.0275 0.977544 
1011 0.156736	1.06086 0.973419 0.984399 0.907913 0.964853 0.915819 1.01836 0.914822 0.950374 0.931403 
1012 0.0518959	1.08729 1.16839 1.16135 1.01975 1.0095 0.993173 1.15155 0.993646 1.06747 0.927391 
1013 0.184169	1.10707 1.02766 1.02449 1.0231 1.06856 1.05888 0.9883 1.05618 1.03966 1.01454 
1014 0.0744365	1.04395 1.0751 1.04996 0.942785 1.08798 1.03827 1.04737 1.05139 1.07993 1.03204 
1015 0.138039	1.08144 0.862643 0.82372 0.881464 0.923056 0.82185 0.917529 0.831245 0.881324 0.971992 
1016 0.058361	1.22916 1.15751 1.2084 1.10271 1.14621 1.13714 1.08214 1.11286 1.14786 1.0253 
1017 0.077407	1.0878 1.15095 1.24871 1.18059 1.08301 1.18885 1.11081 1.07893 1.19963 1.00423 
1020 0.201067	0.996101 1.04222 1.10547 1.01944 1.0534 1.00348 0.986507 1.13142 1.06507 1.01944 
1021 0.107099	0.954019 0.952855 0.843452 0.952755 0.983237 0.911153 0.952075 0.964254 0.971817 1.05149 
1022 0.0871974	0.996003 1.14395 1.24173 1.11033 1.02199 1.06153 1.07534 1.17275 1.0344 1.00769 
1023 0.0919163	1.04343 1.07316 1.0617 1.1221 1.03188 1.02815 0.976697 1.12475 1.07336 1.0459 
1024 0.073451	1.0739 1.15122 1.13484 1.15083 1.15194 1.21428 1.0118 1.24149 1.21103 1.02231 
1025 0.186295	0.910146 0.897254 0.89451 0.903911 0.909056 0.83919 0.94724 0.922238 0.86619 0.942743 
1026 0.0570373	0.931945 0.894516 0.879318 0.928361 1.02251 0.989714 0.886375 1.00466 0.908988 1.04185 
1027 0.195938	0.950172 1.05835 1.02457 0.978927 0.98252 0.93351 1.00599 0.993534 1.01309 0.963063 
1030 0.111562	1.06684 1.10601 1.22651 1.18043 1.09446 1.1763 1.057 1.1541 1.09058 0.986063 
1031 0.115112	0.969567 1.01703 0.910765 0.962301 1.01922 0.973509 0.989694 0.932065 1.03504 1.03602 
1032 0.0575558	1.04794 1.05355 1.03082 1.08117 1.01149 1.04812 1.03535 0.979793 1.08083 0.985897 
1033 0.0573022	0.973471 1.07623 1.08234 0.986941 1.0262 0.993186 1.09218 1.02367 1.04639 0.967164 
1034 0.141227	1.03709 1.06959 1.04294 1.008 1.07427 1.12241 1.03219 1.023 1.10564 1.07046 
1035 0.0529919	1.10226 1.10169 1.14688 1.07786 1.20998 1.20775 1.03692 1.15778 1.13588 1.06318 
1036 0.224645	0.971813 1.03999 1.03115 1.01062 0.944618 0.950291 1.02324 0.97472 1.05272 0.955777 
1037 0.239604	0.826367 0.939088 0.89419 0.886687 0.90514 0.849086 0.994204 0.909731 0.838924 0.958451 
1040 0.259367	0.975357 0.986134 1.02393 1.02599 0.987355 0.98447 1.01374 1.01157 1.00872 1.04627 
1041 0.16399	0.947222 0.960385 0.955186 0.896046 0.971524 0.93789 0.973782 1.01329 0.968704 1.00773 
1042 0.146959	0.829866 0.888272 0.873863 0.86078 0.92623 0.891619 0.927448 0.925549 0.823976 0.995049 
1043 0.0783455	0.948448 1.07775 1.1137 0.953138 0.991952 0.89715 1.07919 1.00774 0.952357 0.977583 
1044 0.0676399	0.859807 0.88326 0.984958 0.99558 0.901113 0.85585 0.950464 0.87818 0.856963 0.995003 
1045 0.0656934	0.991889 1.05751 1.16721 1.10447 1.05677 1.08737 1.01912 1.08205 1.05653 0.979459 
1046 0.076399	1.0202 1.17132 1.26951 1.05797 1.11926 1.27275 1.08448 1.26878 1.09812 1.04975 
1047 0.141606	0.964794 1.12132 1.14169 1.04396 1.06889 1.08783 1.05981 1.10335 1.13253 1.03013 
1050 0.0696339	1.13648 1.05855 1.09847 1.09012 1.07753 1.0901 1.04825 1.11139 1.12383 0.997703 
1051 0.0972721	0.999481 1.00762 1.0982 1.07546 0.951649 0.951557 1.00064 1.10366 0.957554 0.994877 
1052 0.0509691	1.23481 1.11046 1.15586 1.18185 1.16822 1.30879 0.98271 1.23739 1.19666 1.02899 
1053 0.130653	1.02154 0.906139 0.9446 1.03377 1.0266 1.11476 0.895595 1.05961 0.989563 1.08176 
1054 0.221823	0.906455 0.973995 0.951378 0.969627 0.945443 0.921816 1.02883 1.00559 0.949179 1.00374 
1055 0.0696339	0.983316 1.08374 1.15127 1.08977 1.03953 1.07369 1.06272 1.12991 1.11006 0.936173 
1056 0.208902	1.03652 0.910923 0.835069 0.910053 0.975685 0.975432 0.940837 0.931002 0.943766 0.975909 
1057 0.151113	1.01353 1.02179 1.00589 1.01522 1.02353 1.05747 0.992395 1.05394 0.983929 0.979388 
1060 0.0973209	1.06551 1.13163 1.26063 1.18215 1.13256 1.2432 1.07759 1.06928 1.19389 1.02834 
1061 0.0967742	0.962803 0.969235 1.01838 1.00772 0.969345 0.951163 0.958646 0.944888 1.01242 0.964267 
1062 0.149262	0.879546 0.963261 0.939131 0.922015 0.91216 0.860654 1.03092 0.857544 0.954569 0.946249 
1063 0.148715	1.03525 0.966993 0.997322 1.03966 1.05106 0.982946 0.944716 0.985875 1.11993 1.02943 
1064 0.0595954	0.979203 0.919577 0.919734 0.917532 0.973253 0.949363 1.00693 0.925754 1.03007 1.00868 
1065 0.207217	0.978763 1.07022 1.13716 1.01724 0.998725 1.05077 1.07203 1.00944 1.09527 0.977115 
1066 0.0940405	0.965609 0.91359 0.901152 0.960539 0.982784 1.01483 0.950661 0.908106 0.925567 1.00976 
1067 0.147075	1.03899 1.12983 1.14023 1.02639 1.05876 1.0373 1.07038 0.994284 1.15653 0.980515 
1070 0.24197	1.04246 1.0784 1.12346 1.07905 1.01692 1.06126 1.03386 1.04879 1.03647 1.02314 
1071 0.0865708	0.986532 0.988244 1.00949 0.971806 1.05733 1.07633 0.953035 1.03565 0.909627 1.04203 
1072 0.110737	0.93377 1.03781 1.05127 0.962046 0.942756 0.986484 1.03206 1.04462 0.965896 0.987729 
1073 0.12695	1.26266 1.14982 1.22575 1.10111 1.11012 1.2048 1.02163 1.16587 1.03746 1.02869 
1074 0.0663812	0.978864 0.928711 0.988528 1.01922 0.921307 0.96625 0.880948 0.957106 0.931379 0.999934 
1075 0.0847354	0.957948 1.02752 0.975189 0.934418 0.997864 1.02189 0.988312 1.02304 0.944174 1.00578 
1076 0.138574	0.996787 0.978835 0.977342 0.997743 0.991791 0.986403 0.979211 0.989767 0.922285 1.02568 
1077 0.144081	0.927124 0.911631 0.886533 0.904196 0.904804 0.916382 0.94405 0.898471 0.860528 0.974855 
1100 0.102736	0.885109 0.905856 0.835939 0.92537 0.884932 0.873303 0.947717 0.87241 0.948629 0.958966 
1101 0.0928405	0.943747 0.948186 0.910488 0.941974 1.01726 0.983256 0.941985 1.00877 0.977625 1.03444 
1102 0.0937136	1.04475 1.13145 1.23392 1.20611 1.0224 1.10089 1.05663 1.14206 1.09736 0.967619 
1103 0.120198	1.00461 1.07022 1.1272 1.137 1.04691 1.10167 1.03621 1.05743 0.996846 1.02246 
1104 0.260186	0.996753 0.976558 0.926811 1.00519 0.949974 0.928955 0.979655 0.903383 0.949621 0.980588 
1105 0.0612631	1.05253 1.14298 1.17676 1.1224 1.14858 1.19668 1.08738 1.11982 1.17259 1.03571 
1106 0.214057	1.02639 1.06144 0.994211 0.995751 1.05025 0.992727 1.04262 1.00852 1.03004 1.00478 
1107 0.0550058	0.889559 0.829013 0.765056 0.840408 0.935708 0.841803 0.916815 0.778343 0.845339 1.00815 
1110 0.047619	0.807318 0.947236 0.824988 0.842201 0.909828 0.851383 0.97921 0.863948 0.919889 0.93959 
1111 0.115575	1.02811 1.09496 1.02442 0.982573 1.03969 1.01378 1.10251 1.00916 1.03093 0.982459 
1112 0.077381	1.06867 1.14865 1.14471 1.1699 1.12808 1.18413 1.05074 1.12834 1.13491 1.02816 
1113 0.100694	1.02691 1.14841 1.123 1.12006 1.03652 1.02714 1.03548 1.12361 1.17582 1.00647 
1114 0.137401	0.904063 0.91649 0.782574 0.903461 0.953212 0.859379 0.949036 0.905726 0.989563 0.983357 
1115 0.161706	0.990603 1.01067 0.940019 0.962947 0.921063 0.910424 1.00789 0.934886 0.965543 1.00577 
1116 0.12252	1.06538 1.11142 1.06459 1.06845 1.01964 1.01654 1.03115 1.0279 1.15908 0.966062 
1117 0.237103	0.998689 0.981903 0.933552 1.0386 1.0198 0.974641 0.97999 0.963289 1.03319 1.02117 
1120 0.0822979	0.905235 0.936345 0.847155 0.850322 0.931526 0.863272 0.965985 0.951398 0.936299 1.02334 
1121 0.106212	1.13956 1.03378 1.01174 1.01654 1.07887 1.08737 0.986828 1.08331 1.13972 1.04816 
1122 0.0818971	0.92997 0.92297 0.894248 0.971713 0.885506 0.828425 0.947904 0.932553 0.971874 1.00172 
1123 0.0704075	1.07481 1.12713 1.16358 1.01615 0.999169 0.931939 1.09154 1.04299 1.08872 1.00576 
1124 0.125985	0.991344 0.997916 1.02551 1.04251 0.95394 0.965393 0.97332 0.991773 1.04951 1.02545 
1125 0.262525	0.99333 1.00179 1.01075 1.01662 1.02265 1.05062 0.988765 1.0286 1.01801 1.04634 
1126 0.142151	1.05791 1.13302 1.21252 1.11111 1.11665 1.18912 1.04896 1.21884 1.17408 1.02459 
1127 0.128524	0.987795 0.928784 0.898188 0.955892 0.942213 0.895282 0.92528 0.909477 0.948774 1.0294 
1130 0.138572	0.88314 0.94102 0.897937 0.967309 0.901523 0.871703 0.965323 0.880758 0.922463 0.994475 
1131 0.165867	1.0626 1.16593 1.19581 1.11457 1.11947 1.30639 1.04638 1.15125 1.22382 1.05449 
1132 0.0668866	0.886295 0.850651 0.796549 0.833556 0.892132 0.816437 0.939891 0.840637 0.859166 0.976893 
1133 0.0746851	1.01299 0.940817 0.945625 1.02691 1.05828 1.08756 0.948201 1.01083 1.04974 1.06847 
1134 0.179364	1.017 1.01054 1.09306 1.00535 0.974715 1.02412 1.06569 1.00339 1.13735 0.959088 
1135 0.176365	1.06619 1.02323 0.943738 0.987573 1.04029 1.0185 1.01085 1.00948 1.07893 1.03535 
1136 0.145471	0.929571 1.01401 0.944238 0.917654 0.977126 0.90319 0.989887 0.991549 1.01651 0.972516 
1137 0.0527894	1.05059 1.05055 1.01445 1.10053 1.07099 1.12556 0.951497 1.04027 1.18867 1.01961 
1140 0.0727775	1.14851 1.20298 1.25385 1.0107 1.06506 1.05765 1.12631 1.19528 1.08796 0.997829 
1141 0.20129	1.09319 1.0289 1.03326 0.968132 0.9786 0.924254 0.998054 0.999627 0.989325 1.00083 
1142 0.169277	0.939766 0.86952 0.826354 0.857977 0.904903 0.761065 0.943409 0.853127 0.884265 1.00379 
1143 0.0937356	1.24042 1.19031 1.33337 1.13968 1.11156 1.08804 1.09452 1.21347 1.11823 0.996427 
1144 0.154076	1.05785 0.907976 0.942999 0.994763 0.986965 0.995247 0.903283 0.976461 0.954945 1.00374 
1145 0.115385	1.05069 1.00655 0.972129 0.927601 1.08576 1.00294 1.01014 1.13318 1.02474 1.00953 
1146 0.150622	1.11264 1.07053 1.17039 1.087 1.03042 0.997566 1.03335 1.15561 1.06983 1.05818 
1147 0.0428374	0.93327 0.779647 0.709711 0.840651 0.888092 0.790809 0.895252 0.823624 0.823168 1.03678 
1150 0.137323	1.00832 0.971331 0.986693 0.970728 1.04559 0.955911 0.94635 0.997933 0.983209 1.02436 
1151 0.13186	1.04893 1.10844 1.18089 1.10066 1.01426 0.950492 1.08161 1.11779 1.08418 0.980093 
1152 0.16737	0.935346 0.964969 1.00827 0.971789 0.939447 0.926509 1.0064 0.999131 0.982218 1.00173 
1153 0.13037	1.15994 1.10198 1.08033 1.09397 1.10708 1.012 1.04699 1.10808 1.00577 1.0055 
1154 0.120189	1.01114 0.933362 0.863287 0.886877 1.00349 1.00724 0.966421 0.929757 0.894006 1.03245 
1155 0.0367519	1.04814 1.18936 1.26208 1.1715 1.12722 1.23955 1.09931 1.23046 1.2105 1.04321 
1156 0.138068	0.881045 0.899236 0.851379 0.902057 0.916826 0.869464 0.941439 0.864538 0.866324 1.00092 
1157 0.138068	1.05714 1.07939 1.06199 0.998103 1.05628 1.02509 0.991205 1.12868 1.01975 1.0645 
1160 0.126319	0.991147 1.08549 1.01879 1.06971 1.00232 1.06809 1.08378 1.06943 0.988252 1.03843 
1161 0.226957	0.910651 0.962515 0.863109 0.928471 0.907374 0.923321 1.00683 0.910655 0.907608 1.00872 
1162 0.102443	0.942614 0.998265 0.962352 0.962626 1.01393 1.01805 1.02853 0.97571 0.895703 0.960617 
1163 0.0549695	1.05078 1.16135 1.19084 1.12623 1.08455 1.20255 1.1411 1.13071 1.10748 0.970756 
1164 0.132982	0.925816 0.961433 1.00847 0.984296 0.963011 0.963153 1.04223 0.940115 0.921069 0.981353 
1165 0.13437	1.0051 1.07155 1.07427 1.02216 1.04674 1.10107 1.07054 1.04924 1.03744 0.999876 
1166 0.12382	1.02618 1.13107 1.11496 1.07066 1.11282 1.28594 1.09248 1.09752 1.13662 1.06505 
1167 0.0981399	0.868981 0.966277 0.847565 0.890873 1.0176 1.0066 0.989421 0.945148 0.96349 1.02186 
1170 0.0562876	0.938401 0.975508 0.854585 0.864007 1.0311 0.963045 0.989732 0.965743 0.939958 1.01698 
1171 0.191947	1.01822 1.20622 1.15659 1.12823 1.02358 1.10252 1.0729 1.04175 1.16026 1.01875 
1172 0.182039	0.945718 1.06091 1.06568 1.04259 1.0349 1.03887 1.00883 1.01653 1.02683 1.01285 
1173 0.0491198	0.97041 1.02325 0.921185 0.941811 1.03068 0.971617 1.00339 0.994412 1.01229 1.00803 
1174 0.17993	0.937796 0.938214 0.87313 0.916734 0.916973 0.869333 0.978053 0.87564 0.905085 0.987043 
1175 0.117529	0.880216 0.968104 0.95527 0.90102 0.975927 0.916964 1.0033 0.918678 0.979244 0.990351 
1176 0.119743	0.89004 0.961367 0.940578 1.03861 0.970319 1.01055 0.96453 0.922863 0.966788 0.990614 
1177 0.103405	1.0013 1.15365 1.0942 1.11063 1.12598 1.17354 0.9821 1.1234 1.21918 1.00876 
BOUNDS
LWPS R    0.0  0.0  0.0  0.0  0.0  0.0  0.0  0.0  0.0  0.0
UWPS R    0.5  0.5  0.5  0.5  0.5  0.5  0.5  0.5  0.5  0.5
LXAS R   -0.5 -0.5 -0.5 -0.5 -0.5 -0.5 -0.5 -0.5 -0.5 -0.5
UXAS R    0.5  0.5  0.5  0.5  0.5  0.5  0.5  0.5  0.5  0.5
END
