NAME moment_estimation_cluster
ASSETS 10
BENCHMARKS 0.1 0.1 0.1 0.1 0.1 0.1 0.1 0.1 0.1 0.1 
COVARIANCES
0 0 0.00543808
1 0 0.00175111
1 1 0.00174029
2 0 -0.000140221
2 1 0.00176714
2 2 0.00445361
3 0 0.00200973
3 1 0.00217957
3 2 0.00317964
3 3 0.0045325
4 0 0.0012091
4 1 0.000837864
4 2 0.000770439
4 3 0.000672621
4 4 0.00114026
5 0 0.00228573
5 1 -0.00106225
5 2 -0.00577229
5 3 -0.00378146
5 4 0.000253472
5 5 0.0153153
6 0 0.000137111
6 1 0.000503202
6 2 0.000564394
6 3 0.000256549
6 4 0.000326669
6 5 0.000757483
6 6 0.000646479
7 0 0.000404192
7 1 0.00199593
7 2 0.00413466
7 3 0.00357826
7 4 0.000889698
7 5 -0.00635846
7 6 0.000389816
7 7 0.00484984
8 0 0.000514736
8 1 -0.000289096
8 2 -0.00173187
8 3 -0.00164877
8 4 0.000572143
8 5 0.00572245
8 6 0.000412563
8 7 -0.00212857
8 8 0.00295664
9 0 0.000884382
9 1 0.00174165
9 2 0.00327789
9 3 0.00316809
9 4 0.000973888
9 5 -0.00516066
9 6 0.000161242
9 7 0.00391467
9 8 -0.00160785
9 9 0.00362555
SCENARIOS
0 0.60855	1.02684 1.0258 1.03925 1.0449 1.01255 0.953041 1.00483 1.05086 0.990669 1.03589 
1 0.39145	0.97678 0.972535 0.946856 0.94985 0.97599 1.07438 0.988693 0.938483 0.999306 0.951225 
00 0.661458	0.995383 0.984722 0.966493 0.962403 1.00544 1.07537 0.987226 0.962209 1.05345 0.969534 
01 0.338542	1.0484 1.03737 1.07045 1.09449 1.00378 0.912578 1.03094 1.07772 0.936581 1.07453 
10 0.250709	1.06935 1.04801 1.09343 1.09733 1.04172 0.886362 1.01882 1.08332 1.01911 1.05715 
11 0.749291	0.970196 0.979562 1.0004 0.991946 0.980687 0.966215 1.00998 0.997279 0.992099 0.999974 
000 0.248304	0.990345 0.960718 0.953678 0.952488 0.965461 1.09518 0.981944 0.955715 0.981513 0.950911 
001 0.064666	1.08905 1.09013 1.14491 1.10754 1.07487 0.848918 1.02766 1.16292 0.928197 1.1747 
002 0.0559213	0.959907 1.00593 1.04224 0.99018 1.00197 0.935852 1.00081 1.0638 0.949882 1.02806 
003 0.146523	0.988752 1.00283 0.924954 0.899396 1.03612 1.164 1.00537 0.930593 1.10506 0.931362 
004 0.15487	1.09248 1.05394 1.09249 1.09743 1.03227 0.911455 1.01319 1.0822 0.932918 1.09175 
005 0.133108	0.906804 0.927238 0.973417 0.977969 0.908658 0.850433 0.950837 0.999692 0.868126 0.965249 
006 0.115047	0.959274 1.03839 1.10752 1.06774 0.97822 0.803384 1.01389 1.07565 0.903283 1.05998 
007 0.0815591	0.977091 0.982416 1.0381 0.953019 1.04109 1.00539 1.04522 1.03071 1.0159 1.03988 
010 0.135521	0.945581 0.977723 0.978764 1.05129 0.944174 0.958694 0.973933 0.974149 0.933128 0.986998 
011 0.0394622	1.17327 1.00013 0.838453 0.940001 1.01934 1.361 0.993549 0.862709 1.12512 0.929077 
012 0.0805747	0.825205 0.945487 0.91764 0.897235 0.939135 1.02381 0.98462 0.929231 1.00874 0.910185 
013 0.183477	0.940951 1.01372 1.04345 0.968622 1.01213 0.918149 0.981592 1.04588 1.0062 1.00019 
014 0.1329	0.994655 1.06328 1.1512 1.07016 1.0129 0.850557 0.975816 1.17454 0.971391 1.10585 
015 0.12824	1.02038 1.01571 0.988874 1.0176 0.990219 1.08336 0.96153 0.923813 1.05468 0.973194 
016 0.194447	1.09888 1.04722 1.04822 1.06662 1.09069 1.00943 1.04841 1.04483 1.06279 1.06043 
017 0.105378	0.959431 0.980207 0.931352 0.89914 1.01974 1.20509 0.961103 0.911064 1.13099 0.927997 
100 0.0770328	1.03542 1.05046 1.07971 1.15032 0.985206 0.903853 0.980655 1.09688 0.911607 1.12142 
101 0.060322	1.12765 1.03268 0.955125 1.06203 1.02646 1.2307 0.973492 0.95079 1.03155 0.992101 
102 0.104341	0.856969 0.959515 0.974431 0.908441 0.986214 0.91833 0.981 1.02526 0.942804 0.998329 
103 0.12258	0.983447 0.976666 1.00449 1.03035 0.931101 1.00249 0.977307 1.00259 0.926636 1.00826 
104 0.202262	1.07166 1.05916 1.08152 1.04731 1.04514 0.950784 1.01273 1.1038 1.00844 1.13111 
105 0.267577	1.05079 0.972626 0.902907 0.94709 1.01558 1.21548 0.995823 0.929161 1.07295 0.943909 
106 0.0708172	0.923497 0.961403 0.891471 0.90122 0.937058 1.19788 1.00061 0.911482 0.965251 0.923611 
107 0.0950683	0.838255 0.994272 1.06273 1.03112 0.974354 0.842692 0.992299 1.07955 0.859318 1.06797 
110 0.109781	1.17527 1.097 1.0641 1.13549 1.05454 0.996741 0.961278 1.11742 0.988379 1.08694 
111 0.0952917	0.944009 1.05637 1.15835 1.06494 1.04795 0.782778 1.02061 1.19353 0.971727 1.12171 
112 0.319355	0.973943 1.00811 1.00392 1.04286 0.979788 0.975613 0.992336 1.02926 1.01958 0.99956 
113 0.0798473	1.06338 0.978114 0.87412 0.902394 1.00548 1.40066 1.00743 0.885579 1.12801 0.888203 
114 0.0700283	1.12326 1.03118 0.938681 0.966421 1.04269 1.27373 0.989521 0.926308 1.07921 0.951251 
115 0.106338	0.995521 1.00497 1.01182 0.976754 1.04943 0.958379 0.955712 1.04987 0.983025 1.03626 
116 0.099042	0.910898 0.96972 1.01753 0.931525 1.00317 0.930677 0.987557 1.02349 0.967767 0.996858 
117 0.120316	0.904141 0.918284 0.899297 0.862863 0.973528 1.08232 0.969073 0.893057 1.06222 0.882493 
0000 0.181391	0.874374 0.964139 1.05969 0.977935 1.03176 0.845389 0.993779 1.06671 0.962778 1.03177 
0001 0.0927464	0.952042 0.950166 0.867151 0.877016 0.96787 1.071 1.00431 0.860257 1.01463 0.910374 
0002 0.163382	1.13955 1.02231 0.915342 1.05772 1.00936 1.0031 0.98903 0.912762 1.03562 0.976973 
0003 0.0866433	1.12389 1.07366 1.14429 1.18354 1.00827 0.805918 0.996358 1.10125 0.955542 1.125 
0004 0.184192	0.968148 1.0339 1.02025 1.00818 1.00795 0.997516 1.07542 1.00043 0.986309 1.01654 
0005 0.191296	0.892399 0.984561 1.01928 0.99622 0.955355 0.864523 1.01141 1.02738 0.930988 1.01878 
0006 0.0615308	1.14988 1.09632 1.04664 1.09825 1.08278 1.04318 1.0306 1.07302 1.01541 1.06646 
0007 0.0388194	0.98999 0.98564 0.950969 0.910838 1.04257 1.05167 0.9936 0.95925 1.00126 0.99014 
0010 0.0841337	0.951398 0.962339 1.01175 1.03564 1.01631 0.87027 1.00044 1.08206 0.954552 1.03942 
0011 0.213984	0.818209 0.940755 0.988374 0.908507 0.974354 0.91644 1.00267 0.935716 1.03043 0.927485 
0012 0.0795236	1.08997 0.995503 0.877546 0.886877 1.04559 1.16537 1.02843 0.900648 1.10889 0.894781 
0013 0.0560891	1.00527 1.01715 0.924537 0.910397 1.0322 1.33537 1.00753 0.857695 1.14612 0.882445 
0014 0.055705	0.965773 1.01459 1.11276 1.14464 1.06025 0.877729 1.03815 1.13697 0.964407 1.12093 
0015 0.162889	0.958931 0.987555 1.09108 1.12866 0.960395 0.780636 0.989535 1.10185 0.883429 1.06533 
0016 0.145985	1.03814 1.03907 1.04012 1.03248 1.05628 0.898792 0.991984 1.03032 1.00002 0.996073 
0017 0.20169	0.989922 0.993183 1.01963 0.977028 0.978908 1.00277 1.02168 1.01476 0.980908 0.974515 
0020 0.0568636	0.902119 0.989812 1.07602 0.994999 0.954558 0.670406 0.982902 1.03617 0.912814 1.06513 
0021 0.0826299	0.959306 0.936543 0.955895 0.869228 0.961799 1.01585 1.03535 0.925232 1.02988 0.910008 
0022 0.206131	1.02165 0.990977 0.956843 0.943984 1.00073 1.11075 1.05057 0.942723 1.02334 0.942861 
0023 0.104398	1.02012 0.967255 1.01589 0.970621 0.943936 1.00128 0.9989 0.945562 1.00096 0.940503 
0024 0.187916	0.999868 1.01303 0.982575 0.98978 0.986512 1.00268 1.03799 0.976372 0.987756 0.9961 
0025 0.0804087	0.978554 1.04249 1.13077 1.0738 1.01405 0.814403 1.01182 1.09252 0.939685 1.08859 
0026 0.0781875	1.03946 0.98845 0.986916 1.04342 0.981557 0.801964 0.95884 1.03986 0.823245 1.06008 
0027 0.203465	1.08998 1.05504 1.02805 1.07246 1.04091 0.966711 1.00412 0.993871 0.936206 1.02333 
0030 0.0885046	1.20319 1.06483 1.12743 1.13706 1.05679 0.901271 1.0454 1.15867 0.897233 1.17205 
0031 0.112411	0.99427 0.977404 1.00721 1.07709 0.965664 1.10825 1.01201 1.00813 1.00627 0.997819 
0032 0.215836	1.01222 0.90537 0.910017 0.94307 0.939967 1.07864 1.00293 0.878583 0.958361 0.910226 
0033 0.147677	0.862366 0.939292 1.02315 0.942461 0.980499 0.853917 0.98193 1.02408 0.90655 1.04904 
0034 0.0457782	1.03358 1.00247 0.981273 0.949844 1.07515 1.08661 1.00924 0.97916 0.969232 1.03745 
0035 0.219396	1.04521 0.994018 1.00508 1.01566 1.03169 1.19208 1.06241 0.978402 1.0244 0.987207 
0036 0.0562903	1.17082 1.08962 1.00635 1.14997 1.05312 1.29368 1.08483 1.03194 1.01456 1.02434 
0037 0.114106	1.19646 1.02968 1.00113 1.0939 0.991309 0.998866 1.03539 0.982813 0.943934 1.05491 
0040 0.157684	1.02158 1.04375 0.996153 1.03645 1.00109 0.888918 0.980866 1.05897 1.00861 1.01105 
0041 0.0757138	1.07008 1.08038 1.00898 1.13231 0.989876 0.96424 0.992559 1.11317 0.954708 1.06783 
0042 0.150305	1.12918 1.01968 0.946511 0.985534 1.06219 1.17205 0.999833 0.931453 1.135 0.999047 
0043 0.111646	0.902822 0.958781 1.05881 0.94058 0.988286 0.900414 0.979444 1.06411 1.02855 1.03048 
0044 0.169394	1.04785 0.966983 0.888074 0.96973 0.974894 1.28446 0.947439 0.925242 1.0541 0.925647 
0045 0.0845364	0.891462 1.04151 1.1696 1.06388 1.03088 0.760052 1.01179 1.14802 0.995173 1.10973 
0046 0.194899	0.894461 0.961973 0.982771 0.921462 1.00463 1.02287 0.99065 0.934033 1.00315 0.974197 
0047 0.0558229	0.842977 0.970991 0.972773 1.01267 0.920366 0.923866 1.00489 1.02698 0.961081 0.997976 
0050 0.142777	1.05996 1.03272 1.07917 1.09526 0.988968 0.94972 1.04715 1.03351 1.02162 1.05633 
0051 0.0849197	1.07138 0.945076 0.84629 0.853896 0.993416 1.28015 0.990831 0.843198 1.07723 0.882245 
0052 0.0740948	1.07368 0.996807 0.911883 0.975933 0.976369 1.2763 1.03683 0.889657 1.09361 0.92898 
0053 0.10545	0.940394 0.965156 1.02972 0.985827 0.955397 0.950643 1.05544 0.987602 0.936045 0.984805 
0054 0.134752	1.02909 1.07571 1.19925 1.17677 1.03734 0.852529 1.053 1.14241 0.917952 1.16006 
0055 0.2053	1.00959 1.06608 1.03805 0.985057 1.04725 1.11213 1.05163 0.990103 1.1016 1.06083 
0056 0.206794	0.966824 1.00132 0.957732 0.921185 1.00542 1.05914 1.03533 0.962052 1.06037 0.991232 
0057 0.0459127	0.792518 0.898999 0.905148 0.856054 0.95183 1.09752 0.993825 0.875695 1.0369 0.882986 
0060 0.112287	0.964353 1.00279 1.06727 1.02815 1.03069 0.953191 1.01289 1.12902 1.00442 1.06756 
0061 0.13604	0.818142 0.94399 1.03234 0.959536 0.985421 0.945267 1.02863 1.07814 0.932229 1.01695 
0062 0.143597	0.978877 0.939308 0.970108 0.910341 1.02868 1.1416 1.00598 0.981964 1.07473 0.955812 
0063 0.0993306	0.922147 0.948807 1.00568 0.967587 0.934153 0.907078 1.01065 0.970212 0.920402 0.967953 
0064 0.0993306	1.02053 1.01143 1.05515 1.13833 0.98906 0.931029 1.0259 1.16972 0.938134 1.08743 
0065 0.209026	1.11157 0.99538 0.900366 1.00283 0.985363 1.32799 0.995498 0.935416 1.03264 0.909898 
0066 0.0852948	1.11026 0.988626 0.95275 1.06557 0.997626 1.06093 0.971625 1.03174 1.00334 0.988689 
0067 0.115094	1.07692 1.02206 0.984695 1.05343 1.05198 1.23063 0.998051 0.986102 1.08109 1.02176 
0070 0.161133	1.05288 1.02153 0.965273 0.979693 1.02467 0.922363 0.960117 0.963941 1.01338 1.01559 
0071 0.0831557	1.04415 1.08786 1.08495 1.14175 1.01975 0.87332 1.02026 1.09154 0.918398 1.07028 
0072 0.210174	0.837676 0.999742 0.982491 0.91504 0.958842 0.916592 0.98946 1.00927 0.969199 0.973855 
0073 0.148035	1.01456 1.00076 0.976549 1.00645 0.957004 0.906323 0.94772 0.996228 0.911566 1.00183 
0074 0.120012	1.05295 1.07277 0.96276 1.02026 1.03903 1.16886 1.0252 0.948701 1.05283 0.971687 
0075 0.0791959	1.1442 1.09683 1.10463 1.10425 1.0814 0.942979 1.02028 1.11993 0.991153 1.12509 
0076 0.126713	0.96479 1.02672 1.09841 1.04322 0.991561 0.75942 0.960821 1.08279 0.900175 1.05682 
0077 0.0715809	1.03486 1.04686 1.04598 0.9668 1.06229 0.976977 1.0251 1.02442 1.03784 1.04099 
0100 0.0583811	0.973549 0.996214 1.07564 0.983843 1.05045 0.998317 1.01088 1.07862 1.00229 1.01246 
0101 0.139685	0.978967 1.00999 1.08332 1.01773 0.970432 0.860339 0.988665 1.05317 0.960884 1.02765 
0102 0.174069	0.993691 0.997854 0.943903 0.933357 0.969872 1.1003 0.96359 0.99407 1.02529 0.929661 
0103 0.0848854	0.908791 0.970745 1.00333 0.905669 0.963425 1.25502 1.02204 0.951879 1.06175 0.87705 
0104 0.182665	1.01953 0.996653 1.00423 0.968809 1.03728 1.01227 1.00559 0.974018 1.05766 0.947206 
0105 0.094914	0.920185 0.966265 0.990207 0.918558 0.945044 0.844041 0.944905 0.988748 0.948176 0.994749 
0106 0.116762	1.12667 1.08332 1.08185 1.11809 1.0169 0.936805 1.01975 1.12624 0.939614 1.07687 
0107 0.148639	1.04898 1.08195 1.09264 1.05191 1.03104 0.90592 0.971438 1.1711 1.01854 1.10546 
0110 0.243542	1.00503 0.989263 1.07832 1.03917 1.0095 0.963508 0.957126 1.01365 1.06061 0.990655 
0111 0.129151	1.11866 1.06726 1.06129 1.01506 1.05829 1.09934 1.00125 0.995026 1.03974 0.958227 
0112 0.177122	0.898578 0.903758 0.94357 0.95438 0.951906 1.03165 0.952711 0.944278 0.947112 0.926433 
0113 0.157442	0.962652 1.07422 1.08381 1.08639 1.04547 0.86511 0.944079 1.12095 0.922016 1.10923 
0114 0.0848708	0.860548 0.911875 0.943177 0.91039 0.980734 1.1877 0.983553 0.913253 1.06645 0.858672 
0115 0.0528905	0.96172 1.01019 1.07568 1.12652 0.996893 1.02566 1.00081 1.06734 0.953421 1.05081 
0116 0.0651907	0.861583 0.972631 1.04717 1.06542 0.963952 0.799577 0.95093 1.03383 0.921992 1.05794 
0117 0.0897909	0.917832 0.950692 1.07741 1.03923 0.975653 0.906127 0.935081 1.02936 0.953782 1.02164 
0120 0.0909639	0.896814 0.961206 1.07272 0.935297 0.994157 0.883205 0.982717 0.978839 1.00576 0.99924 
0121 0.112048	1.05433 0.971556 1.06095 0.95693 1.04148 0.901738 0.942291 1.01281 0.958358 1.00415 
0122 0.183735	1.10975 0.98877 0.992131 0.97068 1.01239 1.30883 1.00704 0.943764 1.11271 0.946778 
0123 0.231928	1.08373 1.02166 1.05202 1.0282 1.00404 1.01079 0.972744 0.96965 1.00664 1.00839 
0124 0.0638554	0.940679 0.954163 0.968375 0.952097 0.917689 0.918624 0.96775 0.973182 0.930323 0.96845 
0125 0.134337	1.07863 1.06325 1.17562 1.09409 1.04754 0.78982 1.00673 1.15918 0.922167 1.07948 
0126 0.0903614	1.03525 0.924988 0.922123 0.879084 0.955411 1.15431 0.945482 0.936932 1.02816 0.941533 
0127 0.0927711	1.06661 1.01707 1.12156 1.06656 0.985665 0.752466 0.947434 1.12285 0.904358 1.13104 
0130 0.0814815	1.08998 1.04405 1.05908 1.07951 1.07653 0.954781 1.01177 1.05303 1.04097 1.06796 
0131 0.106349	1.08851 0.977166 0.942237 0.990063 1.04676 1.29229 1.04106 0.942536 1.07182 0.955013 
0132 0.135185	1.12953 1.00659 0.967089 1.02327 1.01359 1.04722 0.987061 0.975929 0.996743 1.02793 
0133 0.161376	0.928681 0.966092 1.0113 0.938726 1.00097 1.15408 1.05637 0.952331 1.05328 0.973552 
0134 0.191799	0.963639 0.929054 0.927045 0.971997 0.937992 0.972359 0.969366 0.953509 1.01056 0.990364 
0135 0.0666667	0.94491 1.04604 1.09905 1.11912 1.02675 0.819055 1.01214 1.1423 0.947282 1.14188 
0136 0.0489418	0.976433 0.997546 0.953948 1.07611 1.0344 0.97824 0.956651 1.04748 0.936481 1.08942 
0137 0.208201	0.933101 0.976727 1.06268 1.01874 0.98485 0.898423 1.00924 1.0345 0.936363 1.05337 
0140 0.0628196	1.04635 1.02432 1.02438 1.18951 0.959494 0.756385 0.973409 1.06612 0.897468 1.06601 
0141 0.221695	0.991209 0.948347 0.952581 1.03165 0.997641 1.01103 0.984373 0.940691 0.995498 0.96442 
0142 0.0540541	0.773851 0.922554 0.968375 0.895582 0.929263 0.828324 1.00287 0.917584 0.895228 0.943976 
0143 0.0558802	0.925917 0.908475 0.866946 0.955438 0.927985 1.02623 0.999795 0.878237 0.936737 0.937338 
0144 0.171658	0.935617 0.981616 0.982313 0.935545 1.03194 0.990652 0.984793 0.985855 1.03046 0.982536 
0145 0.191015	0.839973 0.958497 1.07236 0.97318 0.965884 0.821206 0.996318 1.03902 0.91423 1.06017 
0146 0.187728	1.02398 1.02782 1.01567 1.08306 1.04249 0.875955 1.00211 1.03207 0.936986 1.08013 
0147 0.0551497	0.936366 1.04288 1.17844 1.14148 1.05704 0.663402 1.00872 1.22724 0.82978 1.19954 
0150 0.224073	0.978326 0.962562 0.94346 0.957817 1.00935 1.13921 1.06399 0.966076 1.03508 0.94524 
0151 0.0704012	1.14703 0.970468 0.830053 0.939575 1.0016 1.45154 1.03772 0.931825 1.05085 0.903605 
0152 0.178274	1.07062 0.986004 0.998359 1.00436 1.00633 0.887271 1.00284 1.04461 0.922354 0.995934 
0153 0.0590462	1.09129 1.10602 1.10746 1.18826 1.0542 0.9949 1.05527 1.20744 1.00793 1.09354 
0154 0.12869	1.12138 1.05424 1.00063 1.10651 1.04083 1.04311 1.01609 1.05869 0.917929 1.042 
0155 0.140045	0.949915 0.987242 0.9817 0.995046 0.976754 0.920176 1.04234 1.08055 0.893923 1.00727 
0156 0.112036	1.12214 1.02713 0.953507 1.08427 1.008 1.02102 1.03596 1.12037 0.956823 1.07142 
0157 0.0874338	0.981462 0.933216 0.831563 0.917986 0.937599 1.08537 0.971292 0.918167 0.927361 0.884832 
0160 0.12032	0.96862 1.01616 1.03872 1.06419 0.950933 0.929369 0.918001 1.05975 0.950842 1.05793 
0161 0.107838	0.833973 0.920513 0.873973 0.866085 0.965762 1.15024 0.948074 0.918819 1.03739 0.914758 
0162 0.258113	1.03811 1.02077 0.964149 0.951509 1.03316 1.22355 0.995438 0.964809 1.09217 0.97795 
0163 0.0559161	1.06132 1.13605 1.13855 1.13741 1.06143 1.01911 0.962907 1.18725 1.01602 1.16928 
0164 0.112332	0.923987 1.00894 1.03982 0.970211 0.984516 0.891634 0.994156 1.08397 0.986173 1.02619 
0165 0.195956	0.863258 0.981687 0.992662 0.960336 0.967301 0.999348 0.948519 1.01207 1.01396 0.978928 
0166 0.0564154	0.997345 1.0743 1.13722 1.13516 0.992723 0.917821 0.944217 1.14555 0.968217 1.12936 
0167 0.0931103	1.09231 1.07335 1.05244 1.13608 0.995064 1.04802 0.972747 1.0868 0.95112 1.03515 
0170 0.219714	0.943558 0.994317 1.01525 0.998675 0.987528 0.812337 0.971796 1.06246 0.91666 1.05169 
0171 0.068632	0.955374 0.987157 0.930059 1.01784 0.958096 1.12211 1.01871 0.958307 0.947361 0.944308 
0172 0.0608015	0.799139 0.954878 1.02141 0.968086 0.980587 1.0017 1.04494 1.01226 0.993883 0.977318 
0173 0.0884385	1.19545 1.03662 0.984411 1.0547 1.07759 1.07188 1.04391 1.04038 0.991794 1.06482 
0174 0.175956	1.01417 1.02417 1.07433 1.13735 1.00207 0.87015 0.992505 1.08973 0.933348 1.09752 
0175 0.096269	1.08082 1.01841 1.00931 0.972389 1.05622 1.06915 1.05392 0.983198 1.05373 1.00484 
0176 0.17135	1.01137 0.951283 0.89047 0.950388 0.995043 1.13073 1.06989 0.974627 1.01608 0.929791 
0177 0.118839	0.924775 0.959906 1.01105 0.999926 0.920548 0.779393 0.998283 1.0632 0.830159 1.00396 
1000 0.185185	1.06334 1.025 0.947494 1.01584 0.992367 0.926526 0.985335 1.03463 0.937614 1.00179 
1001 0.185185	0.892046 0.952458 0.999293 0.970707 0.973479 0.970106 0.995089 0.984013 0.932948 0.91065 
1002 0.0582011	0.960946 0.934424 0.867796 0.959863 1.01916 1.19945 0.996165 0.934882 1.09295 0.931495 
1003 0.0820106	0.925669 0.920126 0.928918 0.896835 0.945581 1.16879 0.961164 0.873077 1.03066 0.873701 
1004 0.0806878	0.917676 1.00663 0.966312 0.948006 1.04624 1.21282 1.02188 0.891515 1.17609 0.916518 
1005 0.232804	1.14111 1.08071 1.05416 1.05084 1.03484 0.989369 1.00724 1.03673 1.03496 1.02817 
1006 0.124339	1.05545 1.10733 1.0754 1.13771 1.02046 0.902457 0.994783 1.15877 0.90756 1.08823 
1007 0.0515873	1.07194 0.998987 0.846663 0.917271 0.989874 1.36528 0.995911 0.882964 1.10009 0.891345 
1010 0.0793919	0.99685 1.0093 1.04131 0.958633 1.03213 0.923986 1.02965 1.04769 1.01069 1.02159 
1011 0.27027	1.03122 1.05098 0.978136 1.0483 0.968867 1.08834 1.08644 1.05515 0.954909 1.03148 
1012 0.0743243	1.04955 1.10076 1.00251 1.03728 1.08393 1.03939 1.0085 1.12446 1.04433 1.07755 
1013 0.0709459	0.983114 0.997325 0.920483 0.883137 1.01043 1.32395 1.0504 0.853529 1.11099 0.916166 
1014 0.136824	1.12269 1.00961 0.928739 0.936658 1.00356 1.15925 1.05654 0.94001 1.05035 0.939575 
1015 0.128378	1.03246 1.08668 1.02595 1.10399 1.03902 0.91414 1.04173 1.12516 0.950278 1.12555 
1016 0.150338	0.86748 0.960961 0.960065 0.941136 0.93449 1.04121 1.05736 0.997478 0.958847 0.939423 
1017 0.089527	0.975573 1.01228 1.10501 0.999158 0.971691 0.786688 1.01534 1.11651 0.86467 1.06667 
1020 0.22168	1.10776 1.02638 1.0397 0.990205 1.01391 1.08951 0.993452 0.981518 1.02657 1.01355 
1021 0.0810547	1.05275 1.05552 0.96882 1.05071 1.0285 1.09864 1.05757 0.986771 1.05858 1.02293 
1022 0.140625	0.986947 0.976203 1.10559 1.03659 0.957718 0.974026 1.02873 0.990961 0.970762 0.998587 
1023 0.078125	0.995188 1.01535 1.17667 1.10142 1.0476 0.862301 0.99323 1.10879 1.03643 1.14598 
1024 0.0664062	1.10625 0.999988 0.847538 0.913666 0.986328 1.33024 0.983666 0.864116 1.07915 0.915561 
1025 0.149414	1.02783 0.947667 0.913353 0.955041 0.985346 1.22295 0.970001 0.923835 1.1075 0.963815 
1026 0.144531	1.1175 1.04519 1.08912 1.1119 1.01781 0.883241 1.03259 1.05032 0.957216 1.07276 
1027 0.118164	0.926602 0.967991 1.01025 0.856282 0.99507 1.05128 1.01968 0.937017 0.998698 0.926906 
1030 0.103907	1.10736 1.09909 1.06212 1.11879 1.05539 0.962611 1.04948 1.14262 0.967416 1.06285 
1031 0.116376	0.971249 0.966891 0.931612 0.943274 0.973342 1.0354 0.987205 0.950627 1.00033 0.967292 
1032 0.0640067	0.90866 0.969286 1.10814 0.950053 1.00284 0.835768 0.975023 1.06042 0.959251 1.04477 
1033 0.199501	1.03871 1.0237 1.07515 1.05255 1.04752 0.882627 0.990458 1.07288 0.978873 1.1005 
1034 0.0906068	0.943983 0.992989 0.952453 0.938974 1.00047 1.05079 1.02406 0.99819 1.07135 0.939221 
1035 0.15877	0.994278 1.01712 0.983378 0.987288 1.02754 0.98478 0.981776 1.04156 1.05107 1.0294 
1036 0.199501	1.01698 1.024 0.973569 1.09421 0.968723 0.812371 0.951059 1.05315 0.914623 1.05388 
1037 0.0673317	1.12535 1.0342 0.902061 0.956932 1.03503 1.2233 1.01562 0.893802 1.1091 0.940669 
1040 0.0811083	1.00466 1.04893 0.925158 0.971277 1.04529 1.25053 1.03814 0.968349 1.1018 0.916009 
1041 0.14005	0.941835 0.970252 0.995818 0.94642 1.03936 0.950129 1.01739 0.979708 0.960502 0.964373 
1042 0.148615	0.880436 0.903316 0.916095 0.860639 0.995329 1.24255 0.964646 0.897574 0.997383 0.887035 
1043 0.188413	0.888383 0.973987 0.966156 0.970432 0.936049 0.932162 0.959374 1.00192 0.855067 0.955381 
1044 0.0866499	1.08195 1.02328 1.0397 1.09511 1.0767 0.946725 0.989405 1.08916 0.888131 1.08954 
1045 0.111335	0.995604 0.975518 0.950214 0.969615 0.99131 1.03639 1.00793 0.938517 0.987006 0.935134 
1046 0.13602	1.02164 1.01155 1.03576 1.08177 1.01705 1.0645 0.983564 1.02817 0.96226 1.04564 
1047 0.107809	0.88771 1.01486 1.1489 1.11008 0.971161 0.834318 0.994224 1.18473 0.841266 1.09543 
1050 0.0898705	1.15879 1.04174 0.922994 0.949347 1.02098 1.28843 0.996291 0.945336 1.05204 0.939655 
1051 0.260853	0.895426 0.97378 0.961223 0.869791 1.01194 1.25766 1.03057 0.91267 1.0333 0.921251 
1052 0.0651181	0.934969 1.01149 1.15392 1.0609 0.960367 0.764944 1.00068 1.1354 0.862835 1.0759 
1053 0.162224	0.973302 1.03066 1.08744 0.961224 1.06864 0.940307 1.02668 1.06563 0.977202 1.04488 
1054 0.0818736	0.975224 1.01264 1.00112 1.08361 0.963579 1.00444 0.995717 1.01327 0.909927 0.989987 
1055 0.144326	0.976381 1.00726 1.01899 0.987287 0.964199 1.10144 0.987604 0.999129 0.994945 0.991252 
1056 0.0875857	1.06053 1.08472 1.05062 1.08575 1.04549 0.907552 0.968736 1.11693 1.01459 1.11374 
1057 0.108149	0.943936 1.01569 1.07027 1.0434 1.00638 0.834228 0.969393 1.06443 0.90361 1.09208 
1060 0.0748201	0.923156 1.08945 1.16516 1.09317 1.0414 0.871497 1.05715 1.19808 1.02723 1.1325 
1061 0.0863309	0.904753 0.981374 1.05805 1.07653 0.94696 0.78912 0.972301 1.05946 0.878239 1.01349 
1062 0.202878	0.93182 0.987644 1.05341 1.04954 0.979523 0.775325 0.996574 1.00509 0.932779 1.04686 
1063 0.151079	0.906877 1.00928 1.04518 0.964543 1.05231 0.977621 0.986921 1.04969 1.02863 1.01297 
1064 0.202878	1.00171 0.966 0.952809 0.954305 1.01142 1.14494 0.980198 0.963394 1.12092 0.903698 
1065 0.076259	1.09754 1.03397 1.08226 1.09706 1.02291 0.981468 1.01312 1.01447 1.10558 1.0356 
1066 0.133813	0.927193 0.917403 0.932984 0.93599 0.974135 0.967552 0.933104 0.935292 1.01928 0.968583 
1067 0.0719424	1.05268 0.981192 1.07091 1.20038 1.01697 0.757689 0.948519 1.091 0.926095 1.12401 
1070 0.0953912	1.04256 1.011 1.0594 1.03638 0.989289 1.13338 1.03673 0.921279 1.03935 0.961984 
1071 0.103966	1.10034 0.937014 0.899478 0.92297 1.00217 1.2324 1.05518 0.877029 1.08957 0.897084 
1072 0.120043	1.22886 1.03633 1.04542 0.980921 1.06345 0.909652 1.00297 1.05012 1.07506 1.06926 
1073 0.0653805	1.07473 1.09421 1.09759 1.10525 1.07655 1.02324 1.05856 1.13432 1.05488 1.10089 
1074 0.217578	0.863123 1.03168 1.09924 1.01109 0.993642 0.850421 0.994657 1.06342 0.98775 1.03316 
1075 0.101822	1.07498 0.977171 0.996832 0.985046 0.947283 0.892403 0.947261 0.996016 0.984337 1.0049 
1076 0.14791	1.05527 0.986004 0.963405 0.924346 1.02336 1.05302 0.987354 0.998915 1.06344 0.970078 
1077 0.14791	1.02973 1.03001 1.06841 1.11724 1.00126 0.920945 0.98609 1.06004 1.04426 1.0728 
1100 0.073913	0.942997 0.927754 0.861283 0.835071 1.02347 1.30228 1.11874 0.897188 1.18508 0.880385 
1101 0.251242	0.94612 0.935583 0.973703 0.950139 1.00864 1.12718 1.06709 0.941998 1.077 0.972184 
1102 0.167391	0.98377 1.04009 1.01083 1.05349 1.05126 1.01995 1.10328 1.04835 1.08363 1.07384 
1103 0.174534	0.914913 0.929183 0.970074 0.954951 0.937711 0.902394 0.977791 0.935459 0.944564 0.954648 
1104 0.0732919	1.0059 1.04887 1.04727 1.15591 0.967883 0.793317 1.02583 1.11629 0.886405 1.12228 
1105 0.140994	1.01003 1.01236 0.994808 1.03252 0.969514 0.919663 1.03435 1.03504 0.965181 1.00874 
1106 0.0543478	1.0595 1.00214 0.924397 0.886036 1.10142 1.32572 1.09558 0.954356 1.25485 0.971742 
1107 0.0642857	0.956313 1.03948 1.1474 1.10001 1.00055 0.839141 1.07007 1.11059 0.942196 1.06454 
1110 0.086941	1.08195 0.978737 0.933508 0.994335 1.01266 1.1414 1.01213 0.945167 1.01518 1.0083 
1111 0.141324	1.00277 0.948134 0.916253 0.911695 1.00869 1.06567 0.976287 0.932851 0.959608 0.96067 
1112 0.0722719	1.1202 1.01319 0.914784 0.921226 1.075 1.31678 1.0012 0.931309 1.19829 0.990141 
1113 0.116279	0.984408 0.990212 1.02948 1.01619 0.985518 1.07687 0.974392 0.994944 1.01512 0.987862 
1114 0.145975	1.19843 1.04517 1.0271 1.09493 1.02908 1.13755 1.01383 0.99322 0.990105 1.01524 
1115 0.124508	0.945226 1.02058 1.08664 1.13939 0.965486 0.73234 0.938585 1.07886 0.874204 1.07873 
1116 0.0758497	1.02887 1.01378 1.07266 1.02079 1.06045 0.85239 0.969482 1.07731 0.982336 1.11206 
1117 0.236852	0.947512 0.928077 0.950352 1.00216 0.947615 1.08339 0.965297 0.929501 0.963369 0.959901 
1120 0.13633	0.921894 1.02067 1.07999 0.989932 0.983048 0.792633 1.00729 1.08547 0.862824 1.04586 
1121 0.15181	1.09233 1.04588 1.1376 1.13116 0.995163 0.836109 0.993475 1.11893 0.856183 1.1015 
1122 0.125013	0.892074 0.900692 0.900771 0.878304 0.948213 1.05934 0.963371 0.867331 0.972093 0.907829 
1123 0.0572222	1.15991 1.0997 1.09385 1.10986 1.07006 1.11877 1.0024 1.03847 1.08754 1.0513 
1124 0.0825238	1.08375 1.0111 1.06078 1.02538 1.05392 1.02289 1.03242 1.02412 0.967922 1.03169 
1125 0.124373	1.02125 1.01487 0.985187 0.994659 0.941003 1.03762 0.996798 0.939882 0.94576 0.960154 
1126 0.209032	1.0808 0.999116 1.01301 1.04032 0.983397 1.01096 0.963322 0.949289 0.988665 0.991647 
1127 0.113697	1.03545 0.986673 0.93508 0.906056 1.01686 1.17505 1.02868 0.937116 0.992975 0.955339 
1130 0.0926558	0.987489 1.06965 1.10522 1.12527 1.00333 0.723873 1.02989 1.11336 0.913278 1.16884 
1131 0.173783	1.05162 1.01175 0.978886 1.03367 1.01068 0.971064 0.980048 1.02397 0.957112 0.981393 
1132 0.153288	0.94771 0.976886 0.912085 0.960641 0.946458 1.07011 0.989482 0.925541 1.0028 0.943049 
1133 0.0614859	1.02411 0.996204 0.961826 0.930585 1.0871 1.34608 0.982762 0.91552 1.17788 0.972345 
1134 0.158839	1.08388 1.02481 1.03755 1.11576 1.01109 0.789108 0.948378 1.06367 0.965471 1.06282 
1135 0.228437	0.998348 0.978956 0.952191 0.993685 0.991099 1.09267 0.974394 1.00635 1.00532 0.950287 
1136 0.0520922	1.0311 1.00592 1.02368 0.990223 1.03592 1.00866 1.00475 0.928345 1.05785 0.962519 
1137 0.0794193	0.982597 1.04023 1.08974 1.03064 1.08519 0.971468 1.02856 1.03746 1.08752 1.10161 
1140 0.130964	0.919453 0.961225 0.906845 0.959423 0.989687 1.15053 1.00482 0.882243 1.12026 0.904929 
1141 0.0516066	0.89164 0.963513 1.06196 1.01387 0.97019 0.968756 1.03902 0.983868 1.07445 0.96335 
1142 0.134859	0.971542 1.01591 1.0523 0.972596 1.08687 1.04381 1.10047 1.00909 1.08763 0.99531 
1143 0.131451	0.952803 1.01823 1.02154 0.957019 1.00894 0.946331 1.03368 1.05416 1.00327 0.965217 
1144 0.140214	1.03279 1.03162 1.05045 1.1055 0.983899 0.965394 1.04032 1.07157 0.925328 1.04104 
1145 0.198637	1.12964 1.03443 0.994556 1.02341 1.02203 0.990683 1.02438 0.99955 1.05202 0.993053 
1146 0.123174	0.869574 0.929878 0.969935 0.94347 0.930175 0.928265 1.01734 0.942468 0.966486 0.916557 
1147 0.0890944	1.03945 1.09469 1.1246 1.07811 1.03813 0.805576 1.07731 1.13715 0.94789 1.10824 
1150 0.0856044	0.96756 0.943005 0.9144 0.94761 0.948759 1.00307 1.02007 0.946293 0.99881 0.961213 
1151 0.16159	1.00514 1.00059 1.1272 1.10217 0.981501 0.819974 1.04959 1.11034 0.888482 1.0667 
1152 0.173453	0.99822 1.04412 1.05199 1.08741 1.00625 1.00848 1.0447 1.058 1.08671 1.02054 
1153 0.103238	0.868278 0.98312 1.01535 0.968563 0.974809 0.989587 1.02877 1.01114 1.04462 0.993817 
1154 0.23437	1.06093 1.05176 1.00847 1.01731 1.01904 1.15551 1.09241 0.927637 1.10482 0.953554 
1155 0.0865662	0.930186 0.998486 1.09586 1.01214 0.953721 0.955977 1.01309 0.969733 1.05352 0.983638 
1156 0.105162	1.05201 1.01798 0.946729 0.932085 1.05122 1.23442 1.07155 0.927767 1.19928 0.962348 
1157 0.050016	1.09578 0.997172 1.00166 1.0995 0.98665 0.875796 0.982087 1.00265 0.945815 1.04151 
1160 0.0994836	0.914772 0.997857 1.09971 0.971922 1.02956 0.828625 1.03305 1.03738 1.00352 1.04407 
1161 0.160413	1.02799 0.959455 0.952022 0.993579 0.965798 0.999363 0.963872 0.909272 0.944767 0.926034 
1162 0.0870912	1.09477 0.99927 0.985848 1.04025 1.02841 1.11347 0.998847 0.962922 1.08047 0.99632 
1163 0.124269	1.09022 1.08165 0.9918 0.99354 1.07231 1.04289 1.02136 1.00269 1.0761 0.992738 
1164 0.0564544	1.05496 1.05206 1.10159 1.11445 1.03732 0.856089 0.981613 1.0756 0.969291 1.1019 
1165 0.064716	0.993854 0.94426 0.958859 0.903373 0.968307 1.0033 0.990432 0.938983 1.062 0.899758 
1166 0.229948	1.02239 1.0155 1.02289 1.05261 0.984148 0.877784 0.98916 1.03301 0.897714 1.05667 
1167 0.177625	1.02101 0.999132 0.954202 0.918304 1.03124 1.17356 1.0398 0.955403 1.14394 0.950733 
1170 0.180504	1.14098 1.06346 1.07012 1.06192 1.01251 0.997648 1.02319 1.0792 0.992184 1.04339 
1171 0.133466	1.01166 0.975831 0.899811 0.89653 0.976721 1.1045 0.962115 0.914362 1.02774 0.94037 
1172 0.0966279	1.20775 0.994833 0.910732 0.940066 1.03123 1.34654 1.02065 0.912263 1.05637 0.9446 
1173 0.149617	1.04537 1.03931 1.03104 0.993003 1.07264 0.963193 1.01806 1.03389 0.960026 1.02961 
1174 0.0535562	1.11583 0.994273 0.895049 0.979431 0.993463 1.16782 0.987633 0.960273 1.01696 0.985411 
1175 0.0702749	0.895753 1.0006 1.06293 1.00633 1.00162 0.712463 0.968777 1.15141 0.883862 1.13556 
1176 0.229243	0.905857 0.971188 0.99461 1.01096 0.943351 0.970415 0.991171 1.0051 0.968065 0.99111 
1177 0.0867101	1.02051 1.041 1.09282 1.15397 0.971262 0.86693 1.00383 1.1523 0.916766 1.09067 
BOUNDS
LWPS R    0.0  0.0  0.0  0.0  0.0  0.0  0.0  0.0  0.0  0.0
UWPS R    0.5  0.5  0.5  0.5  0.5  0.5  0.5  0.5  0.5  0.5
LXAS R   -0.5 -0.5 -0.5 -0.5 -0.5 -0.5 -0.5 -0.5 -0.5 -0.5
UXAS R    0.5  0.5  0.5  0.5  0.5  0.5  0.5  0.5  0.5  0.5
END
