ASSETS 10
STAGES 4
COVARIANCE
71.72817675549854
2.6952271654144626 1.8941201741380393
-11.733524053299778 3.3372030262831207 49.185081610408616
19.338088338436144 -1.0536226144760943 5.004254327356491 38.95896037626995
-20.059719255827055 1.5001963330611745 17.99000322709526 -2.6735352414948004 19.09007204902899
27.836793084250104 3.592724493950297 17.10782072242548 16.410215773359283 -0.5016560032820593 32.274660062174675
13.325081806105118 4.372543162201447 26.102175954162746 2.430856412876903 11.254172802379653 17.890593227276376 53.146305016592926
28.199558750506714 2.990027388074671 13.615718948158804 12.940307181273711 -15.058613058545625 12.472250389447977 7.157124986465676 77.85783588826732
-82.96007977820332 2.4518456365045207 62.623058327827934 -34.93129821241157 55.509828667556356 -13.749285789539504 41.24079329337685 -48.212974838297214 212.44598862452017
-11.94073726521508 1.5859276482080154 13.716794583186934 -5.531434688298381 9.97545925266042 -1.7669451361934694 8.766101883595148 2.5515994126929638 34.9878520433677 10.36104013455991
INITIAL
8.3266 25.1 75.58 41.47 51.76 53.07 74.57 45.9 60.175 36.6433
GROWTH
-0.011765639900020733 0.0001568555969165913 0.0011539788697678673 -0.0009087639383004213 0.001470320039853492 -0.00031929118628132574 0.0006619061522608405 -0.0010824669260191657 0.008167661212385694 0.0012781544119814718
BRANCHING
2 2 8 8
END
