NAME moment_estimations_cluster
ASSETS 10
BENCHMARKS 0.1 0.1 0.1 0.1 0.1 0.1 0.1 0.1 0.1 0.1 
COVARIANCES
0 0 0.589207
1 0 0.00823244
1 1 0.00320449
2 0 -0.0157065
2 1 0.00111397
2 2 0.00755639
3 0 0.051068
3 1 -0.00150704
3 2 0.00240437
3 3 0.0264457
4 0 -0.04513
4 1 0.000404081
4 2 0.00304902
4 3 -0.00175056
4 4 0.00610528
5 0 0.0500974
5 1 0.00217446
5 2 0.00323761
5 3 0.00901285
5 4 -0.00195543
5 5 0.0114274
6 0 0.0128537
6 1 0.00251838
6 2 0.00292857
6 3 -0.00036235
6 4 0.00116645
6 5 0.00371148
6 6 0.0118275
7 0 0.047887
7 1 0.00593203
7 2 0.00658512
7 3 0.000914842
7 4 0.000606607
7 5 0.00707716
7 6 0.0146823
7 7 0.039412
8 0 -0.171748
8 1 5.52081e-05
8 2 0.010569
8 3 -0.0211124
8 4 0.0174039
8 5 -0.0111337
8 6 0.00826906
8 7 0.00433083
8 8 0.0728539
9 0 -0.0376428
9 1 0.00196388
9 2 0.00378502
9 3 -0.00604142
9 4 0.00563896
9 5 -0.00190711
9 6 0.0053345
9 7 0.0103369
9 8 0.02089
9 9 0.0106335
SCENARIOS
0 0.49521	1.91287 1.02844 1.03181 1.06221 0.986792 1.02359 1.04199 1.15599 0.933983 1.00805 
1 0.50479	0.821109 0.991894 0.997872 0.916932 1.01727 0.952925 0.937605 0.927969 1.11777 0.996237 
00 0.367521	2.34187 1.0104 0.933571 1.16675 0.962519 1.11099 0.915026 0.947985 0.72992 0.823659 
01 0.632479	0.918975 1.00201 1.03683 0.930238 1.03085 1.01411 1.08962 1.087 1.28486 1.05692 
10 0.527665	1.73108 0.964132 0.93439 1.10248 0.925622 1.04984 0.972171 0.880104 0.750045 0.89989 
11 0.472335	0.369179 0.945032 1.0274 0.99262 1.08325 0.992221 1.0717 1.04255 1.32528 1.09519 
000 0.214396	0.896192 0.941503 1.10474 0.988196 0.92817 1.0231 1.09876 1.06729 0.938528 1.13627 
001 0.167637	4.36333 0.897126 0.985797 1.0911 0.933257 1.18397 1.08492 1.16581 0.706125 1.06254 
002 0.0598901	0.166369 0.907904 1.01832 0.745489 1.08521 0.868682 1.04849 0.928322 1.70997 1.31437 
003 0.137308	0.18218 0.894274 1.07245 0.896567 1.01899 0.88606 0.980056 0.683251 1.31239 1.06922 
004 0.0741758	0.569862 0.87143 0.965404 1.05879 0.936617 0.970034 1.11604 0.744596 0.965421 1.02535 
005 0.127088	1.36044 0.929983 0.91095 0.906416 0.871857 1.00191 1.02369 0.817642 0.776479 1.03895 
006 0.113791	0.392974 0.931743 1.00022 0.964576 0.938213 0.868438 0.840346 0.691653 0.835653 0.985424 
007 0.105714	0.246373 0.915515 1.18524 1.24703 1.13181 0.995145 1.16526 1.09858 1.30184 1.16485 
010 0.0756042	0.146113 1.07197 1.14797 0.814681 1.13308 1.06679 1.17904 1.22899 1.97252 1.29329 
011 0.0568947	0.190063 1.00897 1.03174 0.936916 1.21887 0.919177 1.03665 0.862092 1.55877 1.13564 
012 0.144376	1.96501 0.999254 0.989105 1.1487 0.992199 1.22714 1.16109 1.24793 0.823374 1.00206 
013 0.130679	0.387374 1.07738 1.17855 1.22855 1.13822 1.09718 1.05152 1.07415 1.16917 1.00658 
014 0.176016	3.14737 1.01717 0.98055 1.05454 0.918853 1.13255 0.961545 1.12729 0.656292 0.932762 
015 0.233294	0.631041 0.959501 0.935374 1.14549 1.04567 0.96742 0.897076 0.789073 0.87213 0.986501 
016 0.109352	0.247308 1.02388 0.922032 0.830805 1.02297 0.886535 0.9708 1.04019 1.17829 1.01945 
017 0.0737844	0.1602 1.01197 0.961055 0.898394 1.14922 0.956482 0.908138 0.605828 1.23511 0.968787 
100 0.0803424	0.161362 1.05589 0.972959 0.828854 1.12212 0.789962 0.8798 0.732701 1.38181 1.05305 
101 0.137934	0.438944 0.909222 1.11249 1.16378 1.09188 0.982074 0.897384 0.937769 1.2265 1.11325 
102 0.213846	1.54969 1.07143 0.965819 1.24396 0.951444 1.04363 0.954431 0.98067 0.764273 0.97472 
103 0.073885	0.633799 1.02289 0.906433 0.789442 0.899225 0.884881 0.837464 0.697047 0.884297 0.902723 
104 0.0810182	5.93067 1.0753 0.994731 1.21953 0.888523 1.12092 1.00233 1.27441 0.606635 0.90083 
105 0.104858	2.45163 1.04732 1.08385 0.990047 0.919381 1.01239 1.19724 1.59252 0.858967 1.01396 
106 0.210918	0.649982 0.996488 0.970288 0.97795 1.02221 0.866153 1.00325 1.06071 1.06209 1.07513 
107 0.0971993	0.246121 1.04723 1.15195 0.941101 1.19219 0.910504 1.1561 1.2455 1.81309 1.33645 
110 0.177914	0.400691 1.05132 1.04908 0.896195 0.983669 0.944021 0.929034 0.809642 1.18091 1.00287 
111 0.0554041	1.74532 0.958877 0.934241 1.12335 0.905724 0.926957 0.78436 0.747437 0.670953 0.805897 
112 0.170742	1.00249 1.17893 1.10169 0.976795 1.08291 1.06619 1.07723 1.29243 1.16013 1.13778 
113 0.160089	0.420899 0.994395 1.07621 0.730169 1.0994 0.815505 1.09531 1.05021 1.73975 1.16837 
114 0.0751583	1.69478 0.955603 0.812935 0.940943 0.898689 0.83011 0.957697 0.849974 0.813203 0.960057 
115 0.06115	0.500321 1.0061 0.994158 0.805973 1.01439 0.827273 0.874519 0.931922 1.10516 1.05126 
116 0.0930671	1.07561 1.19037 1.10311 1.31206 1.00936 1.15937 0.878081 0.82704 0.84642 0.882131 
117 0.206476	5.46755 1.13269 1.01749 1.22977 0.922653 1.12952 1.11447 1.37714 0.725998 0.942875 
0000 0.136597	0.475104 1.06301 1.06603 0.844002 1.16584 1.04031 1.08939 1.30015 1.58775 1.16638 
0001 0.0540748	0.265639 1.0525 0.877738 0.775472 1.04761 0.983882 0.780827 0.563674 1.33455 0.888844 
0002 0.261661	0.476145 1.01967 0.996907 1.00653 1.03196 0.956853 0.868933 0.944201 1.11969 0.948339 
0003 0.0527934	1.13811 1.07604 0.822944 0.85387 1.04293 0.920024 0.850934 0.838487 0.804865 0.90141 
0004 0.14736	1.31417 1.08002 0.887313 0.902594 0.963858 0.862021 1.10898 1.32117 1.13638 1.06961 
0005 0.154024	1.30875 0.929265 1.03692 1.21852 1.00095 1.0501 1.0183 1.00067 0.989744 0.935391 
0006 0.12327	2.52063 0.972768 0.908551 1.25084 0.909148 1.08181 0.965592 1.01779 0.8728 0.960756 
0007 0.0702204	4.55946 1.0982 0.946283 1.21885 1.00906 1.222 1.00083 1.36236 0.652499 0.924767 
0010 0.169125	0.298305 0.95842 0.945441 0.748317 0.938414 0.881409 1.05425 0.983594 1.39756 1.08896 
0011 0.0930842	1.17877 1.1529 1.08785 1.21853 0.892915 1.04762 1.12086 1.22702 0.760072 1.02816 
0012 0.0819403	2.05547 1.16155 1.00658 0.931589 0.906657 1.00446 0.963283 1.27138 0.766835 1.04732 
0013 0.124222	4.68569 1.16812 0.994761 1.10425 0.820475 1.07115 1.30623 1.25107 0.880201 0.909582 
0014 0.115372	0.404956 1.21272 1.02884 1.1885 1.0271 0.960972 0.977136 0.912553 1.05099 1.0321 
0015 0.216978	0.793866 1.19086 0.879418 1.01474 0.977044 0.899479 1.0785 0.812047 0.866786 0.899831 
0016 0.0858735	1.55591 1.01462 0.971204 1.17523 0.805919 0.869562 1.0123 1.0939 0.636559 0.788217 
0017 0.113405	0.589752 1.14332 1.03198 0.808577 0.957602 1.02931 1.18736 1.33494 1.17231 1.13562 
0020 0.173394	1.88329 1.07339 0.858249 0.923204 0.846244 1.06672 1.09184 0.955367 0.860961 0.823957 
0021 0.0752294	0.242096 1.10353 1.08445 0.889741 1.13545 0.979777 1.10945 1.14662 2.05806 1.14973 
0022 0.194495	0.660958 1.00548 0.983365 1.14694 1.01545 0.950366 0.82023 0.817712 0.86968 0.814057 
0023 0.174312	0.415511 1.02173 1.20153 1.07457 1.04785 0.967091 1.07358 1.01068 1.45295 0.915692 
0024 0.141284	2.17873 1.0495 1.08995 1.12639 1.03905 1.15372 1.389 1.2753 1.03095 0.996928 
0025 0.130275	0.427856 0.891851 1.03606 0.829183 1.03678 0.947754 0.888701 0.699936 1.38772 1.00291 
0026 0.0642202	0.624369 1.21408 1.03241 0.862348 1.07543 0.910948 0.90489 1.07168 1.01644 0.998384 
0027 0.046789	7.08247 1.13727 1.17635 1.20674 0.952269 1.18326 1.17002 1.38132 0.774583 0.927334 
0030 0.070028	1.04686 1.06863 1.16373 1.38678 1.11211 1.21687 0.935992 0.963441 0.92735 0.947513 
0031 0.119248	2.7755 0.984309 0.976708 1.09297 0.957907 1.1466 1.20064 1.26011 0.975723 1.16303 
0032 0.233293	1.51544 0.957517 0.820362 1.16689 0.981391 0.957837 0.98648 0.851882 0.800378 1.06246 
0033 0.14926	0.453126 0.978406 1.03271 0.952846 1.15918 0.975013 1.13017 1.14475 1.56784 1.23657 
0034 0.0904362	5.10621 0.988044 0.869966 1.10925 0.886844 0.9664 1.0416 1.2872 0.710219 1.07032 
0035 0.165666	0.535664 1.08817 1.03824 0.941661 1.08122 1.00947 0.867431 0.983807 1.16553 1.03765 
0036 0.121649	1.39955 1.05172 0.975906 0.952426 1.03239 1.03975 0.923831 1.12783 0.876536 1.04153 
0037 0.0504202	0.912693 0.986537 0.759282 0.752979 1.06994 0.729801 0.979156 0.844361 1.2106 0.978614 
0040 0.208889	1.3937 1.05707 1.04943 1.09691 0.9885 1.0828 0.938363 1.2059 0.876511 1.00359 
0041 0.114074	1.03733 1.00334 0.91189 1.12468 1.04036 1.02108 0.823116 0.892682 0.763623 0.870218 
0042 0.166667	0.497709 1.11671 1.04089 0.930935 1.18558 0.822056 0.920431 1.01237 1.22291 1.0711 
0043 0.0881481	1.209 1.16321 0.967632 0.744939 0.957826 1.08156 1.15171 1.40637 1.09275 1.12626 
0044 0.0881481	4.32591 0.976123 1.06727 1.35441 0.895286 1.02622 0.909418 0.924433 0.742562 0.865219 
0045 0.197778	0.683468 1.00392 0.882871 0.744721 1.04679 0.861736 1.00092 1.13162 1.37143 1.06281 
0046 0.0903704	1.82592 1.05034 0.98179 1.38148 1.02338 1.05528 0.898525 1.00571 0.773726 0.860117 
0047 0.0459259	0.548825 1.0581 1.06157 1.32411 1.1185 1.0558 0.930813 1.12196 1.36593 1.01875 
0050 0.230004	1.66955 1.02415 1.09534 1.13202 1.07573 1.06225 0.849816 1.11902 0.891687 0.901947 
0051 0.103329	1.03693 1.01261 0.881168 0.978373 0.942239 0.90659 1.13801 1.23528 1.13623 1.04256 
0052 0.0644185	4.91471 1.04433 0.90852 1.41904 0.768044 1.10311 0.901197 1.51352 0.426568 0.762292 
0053 0.0760917	2.6522 0.91506 1.08353 1.33285 0.839259 1.03286 1.08424 1.24373 0.746686 0.919507 
0054 0.054907	0.352889 0.958165 1.07951 1.30046 1.30035 0.988335 0.827161 0.833248 1.37548 0.984688 
0055 0.1738	0.581582 1.17066 1.04546 0.87229 1.13386 1.10296 1.12358 1.15542 1.41978 1.00076 
0056 0.151751	0.879283 0.97533 0.94733 1.17197 0.915159 0.979931 0.93533 0.804828 0.84712 0.87611 
0057 0.145698	0.390405 0.939792 0.878419 0.852279 1.02739 0.85481 0.862565 0.725146 1.15875 0.902717 
0060 0.169483	4.1653 1.07899 0.942672 1.28191 0.997149 1.1961 0.886468 1.17436 0.565356 0.885826 
0061 0.0811202	0.907352 1.04877 1.00351 1.55767 1.08252 1.14311 0.962866 0.806408 0.864774 0.807902 
0062 0.0917431	0.94589 0.991085 0.905296 1.11952 1.02875 1.0307 0.806779 0.700784 0.980761 0.938943 
0063 0.163206	0.570977 1.0121 1.01569 0.78354 1.06901 0.903044 1.09233 1.15154 1.42096 1.10329 
0064 0.0941574	0.227181 0.914355 1.08347 0.89479 1.15602 0.992612 0.99098 0.974083 1.73683 1.1259 
0065 0.183486	0.768822 0.901517 0.816112 0.798596 0.940808 0.949342 0.898724 0.822352 1.04095 0.966515 
0066 0.0999517	2.34291 1.10173 0.993019 1.01126 0.987653 1.13498 1.08369 1.33758 0.85199 1.05657 
0067 0.116852	0.967728 1.0017 1.15954 1.14612 1.05123 1.19296 1.14847 1.12731 1.25391 1.06443 
0070 0.0956341	2.44277 1.0517 1.21865 0.912742 0.883239 1.1744 1.06345 1.42943 1.04686 1.03559 
0071 0.174636	1.21106 1.15432 0.946052 0.751054 0.911572 0.826459 1.00472 1.0935 1.07875 1.10878 
0072 0.154366	0.749326 0.939119 0.979557 1.11775 0.903961 0.907473 0.796924 0.677713 0.940454 1.03122 
0073 0.185551	1.37189 1.06815 1.20588 1.29588 1.0446 1.23175 0.888023 0.978224 1.16421 1.11182 
0074 0.047817	7.68253 1.22036 0.974815 1.07252 0.956135 1.2405 1.14836 1.48032 0.812661 1.19707 
0075 0.0841996	4.2868 0.983956 0.971473 1.18808 0.853074 1.18201 0.825286 0.872692 0.714825 0.855543 
0076 0.102911	0.902163 1.08366 0.974076 0.813449 0.915064 0.796476 0.775081 0.792174 1.00269 1.00622 
0077 0.154886	0.322155 1.11164 1.06637 0.75658 1.14163 0.985659 0.864595 1.0965 1.64452 1.3763 
0100 0.206503	0.731923 0.882154 1.09506 1.18715 1.21605 0.904585 1.01088 1.00541 1.1978 0.94438 
0101 0.0819257	2.41797 1.00016 0.861935 0.821205 1.02876 0.946499 1.15904 1.41083 0.989899 1.0184 
0102 0.192145	2.23442 1.0607 0.883844 0.803307 0.99 0.892103 0.944871 0.901268 0.826061 0.90811 
0103 0.217905	0.496934 0.939553 1.03076 0.963558 1.15149 0.81309 1.07986 0.93347 1.55052 1.0084 
0104 0.100929	2.64759 0.996174 1.10593 1.3836 1.04481 1.20612 1.14667 1.52146 0.872197 0.973386 
0105 0.0451858	3.09195 1.04066 1.14316 1.17877 1.05652 1.24865 1.1444 2.11421 0.944155 1.07181 
0106 0.0810811	6.63735 0.828118 0.995304 1.5604 1.01056 1.02304 0.974135 0.885795 0.776471 0.858291 
0107 0.0743243	11.321 1.04634 0.939646 0.982122 0.894718 1.01114 1.02083 1.24242 0.579286 0.780184 
0110 0.205387	1.38668 0.875273 0.996197 1.62132 0.871889 1.10822 0.932991 0.867396 0.723805 0.824856 
0111 0.129068	0.352294 0.91737 0.974617 1.08438 0.871071 0.983258 1.07391 0.750951 0.966125 0.84814 
0112 0.108866	0.336515 0.986359 0.895824 1.01197 0.994816 0.92299 0.770257 0.779827 1.04509 0.945884 
0113 0.177329	3.28857 0.799739 0.857723 0.952512 0.897652 0.913275 1.07535 0.980813 0.854137 0.962702 
0114 0.0796857	1.4446 0.973325 0.988341 1.02133 0.930291 1.12523 1.08151 1.23627 1.01158 1.12792 
0115 0.166667	0.303564 0.93764 1.02759 0.823208 0.972998 0.821735 1.02979 0.977493 1.33452 1.11289 
0116 0.0634119	0.647612 0.903776 1.16383 1.11576 1.01582 1.12568 1.00136 0.933637 1.58338 0.982604 
0117 0.0695847	0.102182 0.812804 0.924722 0.70842 1.08268 0.658828 0.866108 0.938153 1.79893 1.0572 
0120 0.149713	1.56114 1.14029 1.03717 1.0356 0.953637 1.08514 1.14131 1.26556 0.940661 0.909143 
0121 0.0362671	0.482886 1.01411 0.98714 0.66214 1.05616 0.768413 1.13856 1.53589 1.73714 1.41043 
0122 0.0723131	0.237722 1.12538 1.13245 0.849759 1.08043 0.915903 1.07836 0.976761 1.66017 1.05087 
0123 0.180451	0.759293 0.912294 0.987132 1.30361 1.01878 0.939962 0.88306 0.84735 0.902008 0.982728 
0124 0.167625	3.61468 1.12388 0.980383 1.35889 1.01066 1.07641 0.947022 1.15127 0.688555 1.02784 
0125 0.110349	0.569658 1.10408 1.03244 1.02637 1.01682 0.887316 1.05706 1.13841 1.18206 1.08176 
0126 0.136665	0.31008 0.940815 0.952265 0.991318 1.03298 0.873836 0.896058 0.792694 1.11466 1.05925 
0127 0.146617	0.729739 1.00132 1.20112 1.11374 1.04296 0.878007 1.05423 1.52081 1.06593 1.30025 
0130 0.112143	0.32373 0.963631 1.15125 0.988773 1.10264 0.945002 1.06211 0.956934 1.53613 1.15194 
0131 0.162473	0.166652 0.917658 0.952103 0.800886 1.07161 0.985943 0.914121 0.803925 1.35595 1.0518 
0132 0.15783	0.845964 0.904917 0.928887 0.666804 0.877854 0.845496 1.05981 1.18665 1.26806 1.27065 
0133 0.0549719	2.24672 0.857274 0.950105 1.48072 0.919578 1.09029 0.953998 0.952356 0.657599 1.06885 
0134 0.200831	0.981472 0.911525 0.987779 1.12658 0.861582 1.01708 0.903757 0.853816 0.790738 0.942576 
0135 0.128512	3.92227 1.02464 0.894195 0.843627 0.848636 1.1975 1.05917 1.17887 0.71623 0.963915 
0136 0.053506	2.29017 0.953664 0.896758 0.999552 0.949065 1.04333 1.20566 1.32974 0.903403 1.04305 
0137 0.129734	0.810868 1.04748 1.07699 0.886752 0.963443 1.03068 0.959816 1.22425 0.909854 1.23511 
0140 0.0600399	0.254283 0.948286 0.954628 0.984472 1.06975 0.957439 0.916409 0.659241 1.20497 0.821678 
0141 0.181208	0.387007 0.924332 0.902856 0.814111 1.03379 0.842771 1.03581 0.834602 1.15552 0.983667 
0142 0.175041	1.16284 1.11299 0.946532 0.883874 0.919372 1.07671 1.1885 1.2488 0.915547 1.01933 
0143 0.142391	4.66651 0.911004 0.952514 1.19576 0.858302 1.09655 1.10517 1.19062 0.684679 0.903701 
0144 0.111736	0.99474 1.01964 0.891646 1.12351 1.01414 1.01523 0.91828 0.87079 0.86748 0.944192 
0145 0.0576818	1.69987 0.889472 0.805626 0.987358 0.839316 0.859928 0.969086 0.796991 0.593468 0.753358 
0146 0.159804	0.343376 1.02911 0.983157 0.752117 0.989072 0.915747 0.933162 1.07726 1.24682 1.01774 
0147 0.112099	0.569332 0.86327 1.16521 0.989512 0.968723 1.18002 1.05849 0.870181 1.29694 1.07847 
0150 0.0922403	1.52506 0.965769 0.906911 0.779611 0.846915 0.902563 0.771451 0.707885 0.640477 0.817839 
0151 0.243328	0.821227 0.975297 1.02793 0.925807 0.947016 0.994797 0.971277 1.0145 0.937143 0.909843 
0152 0.0550157	1.40225 1.06103 0.947108 0.817729 0.888684 1.22579 1.21976 1.038 1.04474 0.981764 
0153 0.186397	0.759895 1.01126 1.08203 1.01831 1.04651 1.03344 1.07813 1.2394 1.35606 1.05961 
0154 0.0949774	1.18025 1.06492 0.842768 0.657763 0.853198 0.914133 1.06649 0.926045 0.894635 0.988101 
0155 0.115779	0.166772 1.02489 1.00461 0.683078 1.02761 0.881412 0.942937 0.811354 1.56124 0.976264 
0156 0.11619	3.4672 1.12489 0.957123 1.06556 0.783966 1.17948 1.04603 1.00755 0.674815 0.830559 
0157 0.0960723	1.18755 0.943073 0.952774 1.36665 0.946252 1.0282 0.980111 0.868293 0.859029 0.920601 
0160 0.105401	0.655423 0.853089 0.943174 0.915463 1.01747 0.824357 0.835542 0.815796 1.09269 1.06084 
0161 0.193285	0.343361 0.946864 1.13531 0.967471 1.21725 0.946838 1.02423 0.999879 1.52764 1.23394 
0162 0.148321	5.92826 1.06318 0.910249 1.16984 0.975488 1.21817 1.01211 1.01611 0.623633 0.887019 
0163 0.216642	1.38448 0.965457 1.0066 0.819381 1.03357 0.961358 0.974203 1.15512 1.00033 1.14132 
0164 0.133431	2.13759 1.07583 1.00068 1.02604 1.11408 1.09162 1.2063 1.16614 1.26888 1.14853 
0165 0.0437956	1.72818 0.979124 1.08049 1.3135 1.10381 1.04236 1.18558 1.6036 0.945688 1.31693 
0166 0.0849635	1.14031 0.969725 0.933254 1.1702 0.950509 1.04071 0.946806 0.710683 0.738943 0.991925 
0167 0.0741606	4.16635 1.10653 1.02497 1.08244 0.984916 1.13155 1.18524 1.06816 0.886778 1.09724 
0170 0.145392	0.77312 0.881066 1.05485 0.695397 0.992336 0.772514 1.03085 1.12674 1.65753 1.2368 
0171 0.1164	0.899679 0.820111 0.896051 0.885611 0.865969 0.90273 0.878507 0.837541 0.895396 0.970278 
0172 0.318044	1.33884 0.893167 1.06771 1.12608 0.940163 0.882212 0.849269 0.915862 1.01833 0.973609 
0173 0.115967	4.33843 1.0051 0.859031 0.896248 0.850258 1.01998 1.03261 1.36668 0.718862 1.02068 
0174 0.0830809	1.86721 0.822622 0.811941 1.11052 0.833312 0.834665 0.795405 0.711796 0.742024 0.843235 
0175 0.0683687	1.03693 0.89326 1.05782 0.954111 0.903125 1.00577 1.11106 1.30377 1.04399 1.0534 
0176 0.0796192	0.434908 0.851093 1.03984 0.887448 0.86071 0.864533 1.12369 1.04738 1.2988 1.0323 
0177 0.0731285	5.62545 0.935734 0.961696 1.33036 0.857418 1.20994 0.880283 1.05746 0.592066 0.949507 
1000 0.135514	1.31787 0.894579 0.937565 0.843004 0.993007 0.894902 0.862314 0.80384 0.974035 0.884458 
1001 0.174766	3.48906 0.778874 0.950535 1.29336 0.907595 1.00984 0.953025 0.922618 0.760837 0.887236 
1002 0.17243	3.15413 0.919024 0.975222 1.04157 0.97896 1.18742 1.15817 1.13863 1.24669 1.07511 
1003 0.0817757	0.921466 0.983061 0.976063 1.02171 0.934542 0.985431 0.860013 0.91729 0.782193 0.864392 
1004 0.0560748	0.118684 1.05436 1.03965 0.667441 1.20557 0.768837 1.08372 1.1513 2.04978 1.2653 
1005 0.181776	0.566472 0.906541 0.970241 0.757042 0.943499 0.929865 1.01013 1.25508 1.08111 1.00778 
1006 0.0378505	3.21927 0.830784 0.828348 1.34991 0.894027 0.915199 0.859837 0.769712 0.621711 0.78322 
1007 0.159813	0.650474 0.910865 1.0597 0.893848 1.08022 0.895209 0.999445 1.113 1.46884 1.01183 
1010 0.171475	2.71366 1.08342 1.07362 1.03649 0.96412 1.09579 1.08437 1.29284 0.82675 0.942571 
1011 0.108057	0.534494 1.13379 1.01114 0.775186 1.14435 0.887103 1.13086 1.23209 1.38404 1.26324 
1012 0.127926	1.15577 1.11673 0.882064 0.996241 1.01406 0.89383 0.950276 0.706791 0.85778 0.988769 
1013 0.0538922	0.123147 1.15614 1.10514 0.67966 1.16844 0.785896 1.06526 0.955265 1.90994 1.31374 
1014 0.0968971	0.199506 0.979647 1.00141 0.918279 1.18394 0.896387 1.0617 0.743868 1.35414 1.02906 
1015 0.0781165	0.334382 1.01305 1.23891 1.00224 1.07358 1.07314 1.05295 1.10812 1.31567 1.07578 
1016 0.130376	0.627934 1.19264 0.930889 0.797977 0.959813 0.910493 1.07183 1.07049 0.992922 0.889422 
1017 0.233261	0.643039 1.08699 0.986643 1.03718 1.08032 1.06978 0.962642 0.788745 0.979556 0.842601 
1020 0.086552	0.271846 0.846502 1.17985 1.16809 1.15143 1.00895 1.24392 1.11176 1.63608 1.26223 
1021 0.0930478	2.56896 1.04166 1.03435 1.18092 0.978925 1.1757 1.11364 1.39368 0.779045 0.962462 
1022 0.132374	0.957771 0.798231 1.15291 1.24542 0.969334 1.13013 1.02637 0.878437 0.983407 0.874114 
1023 0.283006	0.508994 0.881693 0.985814 0.83108 1.08938 0.902937 1.08836 0.909049 1.40023 1.07779 
1024 0.118504	0.935456 0.97653 0.890816 0.735469 0.952173 0.873152 0.929558 1.01201 0.904828 0.906879 
1025 0.0856742	0.627864 0.945423 1.245 0.845486 1.04399 1.1888 1.09656 1.14732 1.49154 1.08009 
1026 0.108673	1.17942 0.83187 0.883866 0.971467 0.98398 0.924521 0.85207 0.760128 0.778741 0.902755 
1027 0.0921699	4.49936 0.943488 0.846512 0.811056 0.873223 1.05765 1.11889 1.13758 0.629585 0.865835 
1030 0.190041	0.886012 0.968662 1.00614 0.95783 1.12859 1.03429 1.15606 1.15198 1.68667 1.23716 
1031 0.15752	0.367985 0.933898 0.945441 0.930689 1.13853 0.815419 0.929159 0.878611 1.17381 0.9856 
1032 0.145325	0.778207 0.904548 0.944708 1.12289 1.10648 0.955922 0.941093 0.95845 1.00082 0.925986 
1033 0.117886	1.23907 0.905973 0.887528 1.0429 1.05835 0.832818 0.860152 0.990575 0.68744 0.92153 
1034 0.123476	0.825567 0.955679 1.20719 1.17621 1.20623 1.15285 1.00762 1.02411 1.45106 1.09725 
1035 0.0823171	4.16528 0.962427 0.926296 1.04427 0.969548 1.09128 0.997604 1.03347 0.800538 0.909604 
1036 0.110772	1.8325 0.96712 1.05859 1.36337 1.10131 1.07909 1.00323 0.919029 0.880767 0.887748 
1037 0.0726626	0.529318 0.91304 1.07592 1.48363 1.15656 1.20048 0.924118 0.896968 1.05639 1.00123 
1040 0.109824	5.27943 0.929726 0.88974 0.886639 0.816415 1.16805 1.0134 1.41967 0.700809 0.847386 
1041 0.126969	0.440776 0.873336 1.04288 1.22767 1.12775 0.996999 1.10446 0.954351 1.53716 1.04095 
1042 0.115385	2.33558 1.01154 0.955364 1.11546 0.933538 1.14698 1.02179 1.1851 0.664888 0.870256 
1043 0.0982391	0.938108 0.890799 1.22109 0.985488 1.07333 1.14849 1.15165 1.16869 1.38887 1.03554 
1044 0.105653	0.3919 0.846956 0.985311 0.852643 0.949099 0.899103 0.7782 0.657681 0.907012 0.922814 
1045 0.0704356	0.365274 1.1054 1.04311 0.641572 0.969868 0.91857 1.0583 1.02782 1.21872 1.10464 
1046 0.21177	0.799432 0.940413 0.911334 0.868127 0.978512 1.07007 0.912679 0.71319 0.87665 0.959057 
1047 0.161724	1.42815 0.975017 0.880231 0.89329 0.92616 1.1224 1.04849 0.924417 0.743891 0.884637 
1050 0.107411	0.57988 0.97669 0.919301 1.01659 1.02925 0.871696 0.875111 0.713669 0.99083 0.952185 
1051 0.132832	0.573339 0.888757 1.03691 0.877472 1.02488 0.98225 0.962272 0.838567 1.58695 1.1297 
1052 0.269603	2.80188 0.924752 1.01429 1.13775 0.942444 1.21478 1.05902 1.02283 0.91108 1.08179 
1053 0.113498	0.568047 1.10181 1.01079 1.05799 1.10314 0.936251 0.981789 1.32439 1.23639 1.16665 
1054 0.0551378	0.852143 1.08135 0.826379 0.721602 1.07296 0.910924 1.01418 0.94207 1.13251 1.19792 
1055 0.0705335	0.657565 0.906796 1.03258 1.39883 1.04499 1.07443 0.802268 0.827308 0.998046 0.910557 
1056 0.0744719	0.578661 1.02033 1.10802 1.21665 1.2314 1.1819 1.07785 1.21366 1.57471 1.32947 
1057 0.176513	1.31315 1.06736 0.930801 0.8525 0.987298 1.15353 1.08296 1.21244 1.11462 1.2432 
1060 0.137059	0.960394 0.952113 0.894384 0.981944 1.06205 0.993637 1.1231 1.14399 1.17216 1.01011 
1061 0.116768	2.07924 0.987605 0.868633 1.09381 0.880442 1.03701 0.900803 0.773446 0.705102 0.802848 
1062 0.0932716	0.416744 1.08296 1.01861 0.686893 1.07866 0.904893 0.930117 1.14196 1.44597 1.07499 
1063 0.0679957	1.39881 1.11497 1.05601 0.690538 1.03131 1.18255 1.21332 0.990946 1.19118 1.0709 
1064 0.186899	3.12908 1.13854 1.09556 1.05755 0.954064 1.2838 1.05852 1.31937 0.766007 1.07141 
1065 0.0817017	1.07756 1.064 1.06656 0.687307 1.06218 0.955519 1.27353 1.49254 1.51501 1.15748 
1066 0.0841937	0.499264 0.966561 0.888002 0.84313 0.997979 0.914925 0.856719 0.845088 1.05728 0.949341 
1067 0.232111	1.16419 0.970069 1.0018 0.993763 0.968981 1.00299 0.906243 1.01828 0.874534 1.01732 
1070 0.14832	0.756404 0.859856 0.841091 0.843461 0.894908 0.880489 0.860247 0.871881 0.825445 0.874451 
1071 0.0876786	1.90455 0.900856 1.16999 1.1183 0.987698 1.22981 1.12651 1.1263 1.00985 0.933448 
1072 0.164156	0.43261 1.01939 0.928938 0.601784 1.01386 0.878679 0.953116 0.923476 1.65222 1.00117 
1073 0.19467	0.762833 1.05512 0.927037 0.953357 1.02098 1.08392 0.948525 0.98979 0.936683 0.928197 
1074 0.0413287	1.26054 0.974581 0.975542 1.42308 0.980892 1.04745 0.93529 0.816996 0.647466 0.867029 
1075 0.124759	0.635409 0.948419 0.947442 1.01543 1.09514 0.900688 0.85289 0.860079 1.16693 1.00231 
1076 0.0490537	0.689805 0.868 1.04418 0.989208 0.938647 0.966519 0.76716 0.893477 0.888797 0.875562 
1077 0.190035	2.90147 1.27575 1.07821 0.982291 0.930998 1.12617 1.07913 1.52249 0.759396 0.97835 
1100 0.150165	2.65376 0.976847 0.964158 0.868146 0.959355 1.09518 0.97597 1.06504 0.787106 0.923849 
1101 0.082744	0.996817 0.992192 0.924909 0.866333 1.10943 0.8434 0.901596 0.888976 1.04664 0.997653 
1102 0.0589345	0.856112 0.927451 0.853907 1.0869 0.975011 0.851948 0.809734 0.853908 0.789936 0.853876 
1103 0.130599	3.20887 0.916029 0.902847 1.17952 0.94149 1.14202 0.949683 0.920796 0.680118 0.905687 
1104 0.123527	1.71773 1.10791 1.08129 1.40131 1.07863 1.08524 1.04949 1.08452 0.889577 0.964884 
1105 0.123055	1.35299 0.993608 1.15972 1.00782 1.14232 1.08679 1.08636 1.41187 1.10337 1.05499 
1106 0.0579915	0.833237 0.91509 0.912928 1.24509 1.08049 0.908033 0.874864 0.815861 0.92085 0.932832 
1107 0.272984	0.743249 1.17143 1.02166 0.830743 1.23406 0.880564 1.02968 1.05504 1.464 1.01976 
1110 0.0908403	0.725152 1.02267 0.890301 0.685067 0.971411 0.798952 0.994236 0.749979 1.35047 0.893146 
1111 0.103709	3.04591 0.969427 0.90421 0.802359 0.825946 1.13534 1.1412 0.959775 0.830618 0.919745 
1112 0.0643452	3.31357 0.971788 0.846222 1.17452 0.876798 0.915193 1.12033 1.00038 0.719861 1.04552 
1113 0.138531	0.834688 1.00444 0.913929 0.812115 1.05214 0.912086 0.985006 0.814335 1.13001 1.02221 
1114 0.221045	1.15057 1.03421 0.978313 1.16088 1.03652 0.98526 1.08774 0.768381 0.898287 0.960529 
1115 0.0454201	8.54211 0.999869 0.970892 1.38408 0.863534 1.21618 1.1683 1.16905 0.5371 0.953731 
1116 0.146858	1.61911 1.0323 0.983752 1.3644 0.962721 1.12005 1.11977 0.978375 0.797884 1.08005 
1117 0.189251	0.281466 0.914982 1.04645 0.992064 1.13015 0.95725 1.11671 0.927035 1.56847 1.22225 
1120 0.195529	1.27357 0.945105 1.06443 1.2062 1.07763 0.954248 1.20911 1.36322 0.986728 1.12865 
1121 0.0628838	2.04721 0.892277 0.941546 1.08885 0.889478 0.896879 0.985973 1.11185 0.640645 0.933693 
1122 0.21862	1.0738 1.01456 1.05181 1.14211 1.01867 0.964424 0.998977 0.825482 0.957121 0.948444 
1123 0.0650946	3.10602 0.996573 1.09588 1.34859 0.914521 1.1148 1.03982 1.1602 0.623589 0.976794 
1124 0.122083	2.86861 0.893832 0.861297 1.11053 0.932559 0.862376 0.979302 0.748358 0.757676 0.800683 
1125 0.158683	1.18477 0.971861 0.874867 0.859094 0.967662 1.02763 1.22296 0.972881 1.16737 0.977656 
1126 0.0751658	0.312777 1.00493 1.20106 0.912381 1.16811 0.934365 1.08856 1.07329 1.78832 1.15549 
1127 0.101941	0.350543 0.974373 1.12917 1.08829 1.09643 0.903538 0.939398 1.05248 1.34961 1.11543 
1130 0.0764999	0.0811031 1.18617 1.1287 0.790138 1.1561 1.00276 0.919693 0.818962 1.75219 1.12378 
1131 0.211423	0.214169 1.16371 1.08201 0.945729 1.10325 1.01884 1.05803 0.997479 1.33153 1.16942 
1132 0.0445376	0.181665 1.08998 1.17378 0.902833 1.2403 1.02028 1.14728 1.37534 1.76808 1.36703 
1133 0.0998166	2.53489 1.07453 0.869341 1.13779 0.837668 1.00455 1.02158 1.30828 0.727272 0.943312 
1134 0.130993	1.03965 1.1457 0.987887 1.28256 0.910605 1.13475 0.885357 0.89811 0.68199 0.91033 
1135 0.169505	0.91495 0.997123 0.95531 1.31052 0.962757 0.963576 1.00915 0.856679 1.01994 0.987349 
1136 0.102698	0.559622 1.05771 0.852155 1.03736 0.985465 0.97984 0.903449 0.787606 0.85001 0.966505 
1137 0.164527	1.70977 1.16845 1.07617 1.34243 1.014 1.30467 1.18665 1.43619 0.977473 1.06518 
1140 0.155692	1.12317 1.03254 0.94299 0.902953 1.0064 0.971288 1.08372 1.47412 1.06947 1.08207 
1141 0.219308	0.510414 1.12927 1.0206 1.15649 1.04419 1.22649 0.979066 0.89456 0.920498 0.950811 
1142 0.126116	0.477465 1.10379 1.06755 0.884846 1.25676 1.10058 1.16245 1.09145 1.63454 1.14748 
1143 0.136161	0.268302 0.988931 0.972531 0.707117 1.02967 0.85798 0.91325 0.757809 1.1548 0.918943 
1144 0.063058	0.501552 1.21494 1.14323 0.912742 1.09039 1.16397 0.972998 1.05915 1.03181 0.938814 
1145 0.0574777	0.478372 1.09646 1.14379 0.925124 1.11887 0.920997 1.10184 1.26621 1.39546 1.10792 
1146 0.0954241	4.37324 1.06381 0.895377 0.970062 0.871393 1.08176 0.957968 1.01366 0.573575 0.852112 
1147 0.146763	1.01098 1.23427 1.10996 1.01596 1.00759 1.14137 0.934922 1.27705 0.840328 1.02977 
1150 0.141975	0.779312 0.85661 1.06646 1.03493 0.927175 0.933069 0.864603 0.891263 1.00393 0.926864 
1151 0.0699588	0.396027 1.11859 1.18075 0.714338 1.04863 0.947078 1.10157 1.1565 1.75301 1.25804 
1152 0.172154	3.05567 1.00121 0.932412 1.15995 0.917004 1.07419 0.92084 0.98166 0.66143 0.84181 
1153 0.166667	1.27238 1.09615 1.05861 1.03525 1.00465 1.05689 1.21049 1.4996 0.943789 1.02015 
1154 0.0459534	1.44267 0.948524 1.03471 1.02592 0.901167 1.04694 1.21779 1.02249 1.03377 1.00864 
1155 0.159808	3.13467 0.863445 0.869204 1.08096 0.895302 0.884931 0.986559 0.864085 0.796706 0.84369 
1156 0.178326	0.924929 0.975483 0.880822 0.750909 0.989161 0.862664 1.07409 0.954931 1.25574 0.981903 
1157 0.0651578	0.761512 0.973297 0.842652 0.978954 1.03847 0.859692 0.918682 0.662065 0.996781 0.882697 
1160 0.0504732	0.999187 0.978798 1.18418 0.999418 0.895847 0.982176 1.13155 1.50814 0.986683 1.16113 
1161 0.167643	0.532864 0.870923 0.926716 0.739077 1.03456 0.822925 1.01766 0.890901 1.33787 1.04974 
1162 0.202794	4.15938 0.917698 1.01164 1.18252 0.866254 1.16149 1.14979 1.21433 0.700842 0.912055 
1163 0.160433	0.596622 0.875689 0.995683 0.872684 1.02161 1.01992 0.909883 0.831506 1.09647 1.02457 
1164 0.149617	0.187524 0.892127 1.14308 1.05538 1.10985 0.954037 1.07238 1.25651 1.50287 1.26643 
1165 0.08968	1.14409 0.824234 0.998907 0.86765 0.919318 0.894668 0.887421 0.954408 0.856733 0.754711 
1166 0.0739072	1.9635 0.866627 0.833818 0.954267 0.850908 0.846225 0.976267 0.792443 0.710284 0.888131 
1167 0.105453	1.56147 0.824708 0.976467 1.32223 0.997558 0.862961 0.886117 0.666099 0.897361 1.00655 
1170 0.107861	0.346042 1.03886 0.959506 0.594489 1.07568 0.901701 1.03152 0.910156 1.79053 1.23782 
1171 0.0832826	1.80418 0.90612 1.01865 1.37785 0.953305 1.19244 1.07065 0.864863 0.813361 0.986799 
1172 0.148893	0.529214 1.08872 1.07978 0.993487 1.03276 0.961961 1.02919 0.969449 1.01471 1.13616 
1173 0.0873451	2.00959 0.976008 1.10056 0.973176 0.85063 1.19876 1.06088 1.45376 0.931244 1.03553 
1174 0.130611	0.606687 0.969699 0.915396 0.705731 1.01116 0.855573 1.08942 1.1839 1.07068 1.10562 
1175 0.176315	0.569586 0.907373 0.892632 0.792901 0.970711 0.779198 0.878239 0.767972 0.979575 1.07622 
1176 0.163315	0.244131 0.987532 1.06434 0.862146 1.02603 0.970303 0.904905 0.774366 1.11361 1.03979 
1177 0.102377	4.30404 0.992731 0.919353 0.88929 0.716847 0.996752 1.02133 0.849333 0.676946 0.8643 
BOUNDS
LWPS R    0.0  0.0  0.0  0.0  0.0  0.0  0.0  0.0  0.0  0.0
UWPS R    0.5  0.5  0.5  0.5  0.5  0.5  0.5  0.5  0.5  0.5
LXAS R   -0.5 -0.5 -0.5 -0.5 -0.5 -0.5 -0.5 -0.5 -0.5 -0.5
UXAS R    0.5  0.5  0.5  0.5  0.5  0.5  0.5  0.5  0.5  0.5
END
