NAME moment_estimations_cluster
ASSETS 10
BENCHMARKS 0.1 0.1 0.1 0.1 0.1 0.1 0.1 0.1 0.1 0.1 
COVARIANCES
0 0 0.0150039
1 0 0.000631849
1 1 0.00375431
2 0 0.00431672
2 1 0.00178687
2 2 0.014203
3 0 -0.00880205
3 1 0.00818937
3 2 0.0066777
3 3 0.0509681
4 0 -0.00435826
4 1 0.00414146
4 2 0.00111676
4 3 0.0270385
4 4 0.0171398
5 0 -0.00571432
5 1 0.00533637
5 2 0.00736252
5 3 0.0282776
5 4 0.0140523
5 5 0.0190989
6 0 -0.000623494
6 1 0.00148123
6 2 0.00198337
6 3 0.00580446
6 4 0.00187021
6 5 0.00432384
6 6 0.00355719
7 0 -0.0131721
7 1 0.0117892
7 2 0.0152119
7 3 0.0742129
7 4 0.0387813
7 5 0.0455124
7 6 0.00816015
7 7 0.123943
8 0 0.00803086
8 1 -0.00441339
8 2 -0.000338829
8 3 -0.0215046
8 4 -0.0111186
8 5 -0.0139841
8 6 -0.00189629
8 7 -0.0360156
8 8 0.0172499
9 0 -0.00140352
9 1 8.88121e-05
9 2 0.00269988
9 3 0.0056695
9 4 0.00420029
9 5 0.00364561
9 6 0.000933089
9 7 0.00878336
9 8 0.000806118
9 9 0.00563421
SCENARIOS
0 0.6087	0.996969 1.06091 1.05695 1.11965 1.03828 1.07101 1.02821 1.22517 0.95916 1.00211 
1 0.3913	0.990452 0.978763 0.920345 0.841485 0.893026 0.874108 0.960896 0.728651 1.08333 0.955791 
00 0.285757	0.951251 0.933448 1.14958 0.994989 0.924856 1.13766 1.0036 1.22132 0.971764 1.00947 
01 0.714243	1.04608 0.941054 0.993145 1.04931 1.05922 0.982175 0.988251 0.975767 1.06681 0.98399 
10 0.571965	1.08354 0.900296 0.970657 0.816183 0.97571 0.915157 0.997077 0.820504 1.11514 0.986297 
11 0.428035	0.895621 1.03676 1.07047 1.15854 1.15807 1.18759 1.04795 1.55196 0.893207 1.007 
000 0.0733011	1.08028 0.96744 1.08424 0.87577 0.914188 0.940609 1.01435 0.818377 1.0828 0.999676 
001 0.11044	1.24206 0.929742 1.08885 0.686149 0.859225 0.740516 0.990733 0.610148 1.34377 1.03195 
002 0.133724	0.9921 1.08414 1.12847 1.40046 1.26794 1.03244 1.05207 1.36504 0.950651 1.08452 
003 0.289468	0.906569 1.08912 0.882558 0.908845 0.96416 0.920099 0.975414 0.762095 0.958578 1.0141 
004 0.122916	1.07254 0.960167 0.89437 0.812424 1.04129 0.762689 0.978483 0.567712 1.18863 0.998151 
005 0.0751983	0.814751 1.12263 0.894266 1.29977 1.17764 1.09093 1.10066 1.26733 0.784345 0.965987 
006 0.136771	0.90049 1.1118 1.00966 1.69116 1.42665 1.19719 1.0015 1.96792 0.796458 1.00862 
007 0.058181	1.17465 1.08558 1.28724 1.03014 0.990081 1.02429 1.00427 0.89083 1.0895 1.01856 
010 0.057825	0.676202 1.08162 0.889191 1.88089 1.39394 1.49522 1.08953 2.72656 0.655655 1.12526 
011 0.116225	1.04225 0.971933 0.884149 0.591351 0.755529 0.706959 0.914915 0.398684 1.223 1.00906 
012 0.172762	1.18411 1.02813 1.12107 0.749725 0.864982 0.949842 0.987619 0.73153 1.13145 0.998392 
013 0.207241	0.900468 0.972529 0.825378 0.883874 0.943824 0.94537 0.984247 0.835282 0.904543 1.0319 
014 0.0872435	1.18416 0.958825 1.01764 0.619069 0.787101 0.782787 0.969619 0.402538 1.45212 1.09965 
015 0.0511777	0.824112 1.0524 0.918623 1.50761 1.26161 1.16678 0.999102 1.55745 0.828655 1.05097 
016 0.0826893	0.961446 1.16973 1.07689 1.54756 1.18715 1.24483 1.03706 2.17324 0.824568 1.11861 
017 0.224837	0.999707 1.00234 1.04317 1.11707 1.05636 1.12147 1.05195 1.20107 0.894782 1.08957 
100 0.154283	1.05323 1.1745 0.922807 1.19062 1.06349 1.06921 0.995832 1.11434 0.90187 0.931995 
101 0.15607	0.993566 0.959011 0.939604 0.831489 0.871745 0.904609 0.895395 0.775777 1.10602 0.939633 
102 0.209061	0.835536 1.06918 0.90639 1.25599 1.0274 1.11031 1.04452 1.27562 0.882406 0.991299 
103 0.0449935	0.770518 1.14231 0.830651 1.72482 1.3256 1.29368 1.01197 2.08436 0.702261 1.00296 
104 0.141057	0.960406 0.952606 1.06901 0.845321 0.87451 1.01948 1.03436 0.836855 1.19275 1.14233 
105 0.0797105	1.33291 1.07541 1.09157 0.910243 0.82737 0.820103 0.954283 0.724271 1.34892 0.967785 
106 0.0807828	1.05105 1.06207 1.24035 1.34901 1.04475 1.22562 1.06023 1.58819 0.891482 1.11081 
107 0.134042	1.05155 1.05176 1.09076 0.802025 0.888133 0.913344 0.974284 0.838076 0.944219 0.998679 
110 0.142277	1.01233 0.996788 1.11276 1.24341 1.05291 1.20386 1.04878 1.55593 0.814993 1.03773 
111 0.0505702	1.29924 0.992873 1.18759 1.07865 0.976136 0.936733 1.12868 0.834284 1.21626 1.12768 
112 0.103349	1.30418 0.939567 1.26835 1.20147 1.0591 1.00875 0.990512 1.12779 1.05505 1.05901 
113 0.120485	1.17264 0.963048 0.880853 0.722838 0.786302 0.75782 0.933044 0.489899 1.19336 0.978234 
114 0.198161	1.00697 1.00694 0.83331 1.3601 1.23785 1.05867 0.996861 1.32127 0.9552 1.07177 
115 0.115111	1.14418 0.969782 1.03641 0.934362 0.939915 0.933622 1.00506 0.716394 1.10033 1.02809 
116 0.185504	1.00639 1.01637 0.860054 1.03142 0.98317 0.936112 1.01726 0.98881 0.866282 0.882108 
117 0.0845424	1.12018 0.846232 1.03256 0.779306 0.826213 0.783559 0.903116 0.668988 1.03689 0.913889 
0000 0.188235	0.861836 1.10793 1.00781 1.11139 1.11887 1.09004 0.963053 1.08859 0.830406 0.962484 
0001 0.133333	1.06261 0.883752 1.06436 0.630298 0.842179 0.815194 0.901658 0.467951 1.27354 1.16847 
0002 0.0454902	1.10034 1.10616 0.87603 0.835192 0.985165 0.904413 1.02682 0.876871 0.94225 0.906005 
0003 0.195294	1.01237 1.0439 0.908547 0.711575 0.893491 0.914121 0.91873 0.641797 0.976797 0.960204 
0004 0.0815686	0.908266 0.976113 1.21912 1.42053 1.27422 1.1047 1.01371 1.38581 0.958614 1.06652 
0005 0.0501961	0.92122 1.01719 1.10029 1.2536 1.26522 1.18279 0.977022 2.07071 0.80021 1.13244 
0006 0.214902	1.07162 0.963718 1.14758 0.791002 0.876169 0.883116 0.937873 0.817796 0.970545 0.973026 
0007 0.0909804	0.971972 1.12651 0.97517 1.20063 1.16341 1.04373 1.01588 1.23009 0.898306 1.03709 
0010 0.0786049	0.937634 1.08296 0.877846 1.36637 1.12127 1.03077 1.08319 1.03149 0.990642 1.1485 
0011 0.0676731	0.893493 1.14637 1.08304 1.72231 1.37432 1.37492 1.11418 2.09414 0.787824 1.02066 
0012 0.0874545	1.06148 0.936851 1.07031 0.836909 0.836536 0.932473 1.01706 0.439025 1.33684 1.10172 
0013 0.08329	0.955479 0.96707 0.750772 0.722561 0.872518 0.772365 0.964394 0.50862 1.09144 0.818132 
0014 0.133264	0.824605 1.00245 0.88293 0.746656 0.85083 0.916209 0.932706 0.624097 1.07379 1.06486 
0015 0.190526	0.962157 1.01597 1.2487 1.21001 0.977176 1.07209 1.06364 1.11837 1.01253 1.10389 
0016 0.234253	0.981248 1.09527 0.853601 0.962584 0.904875 1.04525 1.00036 0.79607 0.82945 0.92045 
0017 0.124935	1.32943 1.02324 0.925688 0.849994 0.983259 0.843066 0.92247 0.455703 1.13501 0.85829 
0020 0.126397	0.899915 0.876608 0.9877 0.813352 0.947739 0.92227 0.962662 0.800487 1.18231 1.10054 
0021 0.0803955	1.14726 1.00813 1.08429 1.579 1.26542 1.46134 1.03156 2.17203 0.745096 0.915629 
0022 0.0791058	1.10756 0.982804 0.958901 0.737174 0.780207 0.863496 1.11314 0.69974 1.21848 0.844573 
0023 0.102322	1.12072 0.931983 1.23567 0.757324 0.793536 1.03263 0.934671 0.951725 1.17523 1.02556 
0024 0.103181	1.12874 0.96062 0.889508 0.64048 0.77787 0.927226 0.898273 0.590341 1.01264 0.963467 
0025 0.188736	1.11924 1.00427 0.868883 0.923674 0.993612 1.10736 1.07431 0.941864 0.999622 1.03721 
0026 0.150473	1.01717 0.969101 0.988289 1.12903 1.00885 1.09671 0.987779 1.21216 0.986371 0.954132 
0027 0.16939	0.980204 0.967047 1.13974 1.09227 1.02592 1.35961 1.02712 1.38487 0.958082 1.07074 
0030 0.0716981	0.791853 0.875157 0.881411 1.35625 1.28522 1.05716 0.900199 1.59676 0.825116 0.864109 
0031 0.10427	1.19635 0.940353 1.22823 1.10337 0.958895 1.01253 1.10243 1.20156 1.09239 0.917849 
0032 0.199603	0.918253 0.950997 1.01617 0.975962 1.01093 1.05028 0.957748 1.12763 0.906151 0.998633 
0033 0.0544191	1.2596 1.14782 1.18131 1.30196 1.20448 1.22976 1.08157 1.3902 0.874198 0.918726 
0034 0.202781	0.886459 0.955175 0.886692 1.04671 1.07258 0.888994 0.986699 0.738309 1.07035 1.05857 
0035 0.103674	0.997859 0.997149 0.904823 1.39002 1.24381 1.03581 1.15154 1.15505 1.01375 1.05495 
0036 0.0756703	1.07373 1.07373 1.06129 1.62832 1.37001 1.27366 1.13133 1.96347 0.763925 0.996653 
0037 0.187885	1.12358 0.810843 0.979686 0.716902 0.866808 0.752034 0.976129 0.539797 1.17941 0.890169 
0040 0.136109	1.09438 1.0497 1.1614 1.17101 0.981395 1.16046 0.994177 1.43762 0.822029 1.02601 
0041 0.0710945	1.01277 0.917489 1.1173 0.965673 0.944181 1.12143 1.02995 1.02784 1.11294 1.21256 
0042 0.075304	0.918529 1.03444 1.03704 1.38698 1.23228 1.37857 1.04542 2.26471 0.820812 1.10937 
0043 0.188026	0.896075 0.964094 0.8665 1.0651 0.969455 1.07783 1.00653 1.12313 0.932708 1.09018 
0044 0.158092	0.950779 0.949284 0.825762 0.717301 0.769804 0.972699 0.992115 0.754818 0.97554 0.938835 
0045 0.0977549	1.02868 0.885879 0.923849 0.641845 0.706811 0.724788 0.956509 0.362164 1.24395 0.990657 
0046 0.127222	1.06118 0.974238 1.06498 0.924547 0.93211 1.03604 0.945853 1.18115 0.956688 1.07676 
0047 0.146399	1.32357 1.02214 1.01382 0.81097 0.834847 0.918804 0.943651 0.862192 0.98407 0.897226 
0050 0.178899	1.15109 0.939227 0.981318 0.982092 0.970485 1.049 1.01155 1.10568 0.957612 0.911529 
0051 0.0802752	0.907853 1.02457 1.08325 1.17378 1.10808 1.13632 1.03186 1.2788 0.982868 1.26463 
0052 0.139144	0.730259 0.883434 0.881773 1.19428 1.11887 1.08207 0.927691 1.26616 0.860182 1.01317 
0053 0.11315	0.838217 1.04912 0.904356 1.53933 1.28473 1.25286 1.02789 1.89775 0.788883 1.02272 
0054 0.205657	0.962785 0.937562 0.822787 0.806221 0.942813 0.81235 0.936006 0.711184 1.04104 0.914675 
0055 0.0779817	1.09057 0.929338 0.986529 1.28335 1.14153 1.15101 0.965082 1.6622 0.866193 1.01719 
0056 0.150612	1.19075 0.874296 1.07091 0.747342 0.803257 0.930231 0.993378 0.805998 1.19335 1.044 
0057 0.0542813	1.09106 0.862087 0.850085 0.665696 0.85686 0.748415 0.866035 0.525434 1.11706 1.02416 
0060 0.124842	0.992594 0.964417 0.855677 0.646337 0.846534 0.869841 0.943346 0.512213 1.05365 0.945344 
0061 0.104245	0.992395 0.975886 1.24599 1.17175 1.01852 1.11327 1.08019 1.23473 1.04957 1.05848 
0062 0.0958386	1.16031 1.10763 1.15425 1.11257 1.01061 1.20314 1.01769 1.09642 0.928573 1.02243 
0063 0.213115	0.951443 0.972686 1.00106 0.919708 0.888937 1.03336 1.06393 0.714351 1.02265 1.01894 
0064 0.0508617	1.36579 0.912616 1.26657 0.737739 0.870821 0.845424 1.04232 0.701056 1.29065 1.04418 
0065 0.166456	0.821938 1.02102 1.09633 1.48728 1.17087 1.45877 1.14413 2.03048 0.854247 1.01805 
0066 0.10929	1.12928 1.02225 1.06779 0.743896 0.852303 0.890784 1.08049 0.650826 1.05025 0.966223 
0067 0.135351	0.908297 1.01672 0.966333 0.965136 0.996521 0.936355 0.962001 1.0496 0.856408 1.06861 
0070 0.211462	1.00508 0.986231 0.979358 1.05513 1.1013 1.0315 1.06359 0.96848 1.04132 1.17939 
0071 0.0978261	1.00455 1.0079 1.09395 0.868121 0.808665 0.891579 0.982695 0.850442 1.31419 1.15922 
0072 0.117589	1.04756 1.00714 1.31841 1.18494 0.996686 1.04302 1.11885 1.29835 1.06339 1.06127 
0073 0.0701581	1.13677 0.988836 0.824495 0.786063 0.964904 0.830285 0.966025 0.678397 1.07776 0.867018 
0074 0.178854	1.02465 1.03515 1.12105 1.41972 1.3214 1.2061 1.03587 1.76821 0.848338 1.08964 
0075 0.0968379	1.07905 1.03459 0.927824 1.03722 1.15155 0.957088 1.01341 1.04648 0.911517 0.857193 
0076 0.119565	1.18061 1.00963 1.05587 0.694104 0.853269 0.764136 0.992295 0.671185 1.09846 0.883681 
0077 0.107708	1.05193 0.832967 0.911488 0.849383 0.895584 0.831303 1.03952 0.809802 1.14972 0.928043 
0100 0.0743835	1.14462 1.12871 1.22021 1.56761 1.32326 1.26569 0.915652 2.61903 0.756439 1.02565 
0101 0.0568815	1.13134 0.982219 1.13676 1.31542 1.23463 1.18126 1.04844 1.42915 0.905857 1.01532 
0102 0.0648369	1.16395 1.13101 1.39142 1.03736 1.02328 1.12593 1.01178 1.34312 0.953047 1.01129 
0103 0.26611	1.03209 1.05749 0.931242 0.875938 1.01468 0.905554 0.947499 0.778055 1.10473 1.00241 
0104 0.13206	1.29845 1.09066 1.05223 1.02892 1.01343 0.959845 0.963336 1.16757 1.10241 1.03097 
0105 0.0680191	1.33564 1.20528 1.22969 1.47542 1.14035 1.20849 1.04165 1.83639 0.840938 1.03388 
0106 0.0672235	1.04488 1.05591 0.811137 1.02085 1.10428 1.04754 0.983984 1.19173 0.871757 0.92298 
0107 0.270485	1.18146 1.00573 0.934647 0.636945 0.817664 0.788151 0.908954 0.497339 1.09448 0.938918 
0110 0.0864833	1.02257 1.07952 0.816511 1.32638 1.22736 1.12594 0.979355 1.03706 0.889346 0.984674 
0111 0.0983574	0.958138 0.950221 1.25572 0.94361 0.921618 1.12514 1.00154 1.303 0.978488 1.03683 
0112 0.0558084	0.817809 1.01696 1.21188 1.40197 1.1347 1.34631 1.17648 2.11213 0.928806 1.10325 
0113 0.0934099	1.30749 0.995783 0.981169 1.07991 1.06028 0.92377 0.984204 1.08185 1.06722 0.907128 
0114 0.174352	0.975592 0.945968 0.925832 0.689163 0.861105 0.894196 1.09628 0.727641 1.04795 0.996976 
0115 0.175341	0.874928 1.01772 0.88936 1.05444 1.0133 1.06844 1.07299 0.951955 0.993932 1.03942 
0116 0.180883	0.849923 0.994429 0.942318 1.38801 1.13892 1.32606 1.08943 1.70186 0.870338 1.02966 
0117 0.135365	1.20021 1.02048 0.915856 0.6631 0.851583 0.817398 0.992859 0.570691 1.2891 1.0885 
0120 0.16336	0.993511 0.963222 0.857682 1.10687 1.00781 0.897284 0.941293 1.00503 0.979037 1.10821 
0121 0.107975	0.896996 0.984727 0.860466 1.0636 0.952081 0.980796 1.1094 1.04792 0.980842 0.922856 
0122 0.188523	1.18637 1.03709 1.11478 0.932642 0.917211 1.06432 0.971712 0.994356 0.933951 0.860735 
0123 0.0721608	1.04906 0.866447 0.908574 0.754336 0.803059 0.711365 0.995699 0.433285 1.14459 0.965662 
0124 0.166556	0.78478 1.00882 0.9288 1.34917 1.20482 1.18024 1.03653 1.68195 0.856286 1.10041 
0125 0.128478	1.1285 0.985513 0.979819 0.875813 0.830433 0.890343 1.01243 0.778237 1.23626 1.03845 
0126 0.059779	1.12056 0.993341 0.868588 0.8371 0.866109 0.815414 1.01053 0.715049 0.95476 0.948976 
0127 0.113167	1.02369 1.03786 1.30725 1.45048 1.16586 1.06857 1.00654 1.73329 1.03653 1.14998 
0130 0.109878	0.838363 1.09232 0.877092 1.25994 1.06811 1.12173 0.962459 1.53478 0.760494 0.794459 
0131 0.0824639	1.05496 0.945629 0.942623 0.790022 0.861657 0.754088 0.94596 0.601396 1.37819 0.967298 
0132 0.130189	0.993984 1.16719 1.05043 1.43148 1.21026 1.16408 0.942189 1.94355 0.915529 0.943121 
0133 0.0762486	1.19064 1.14389 1.11586 0.926838 0.872316 1.00158 1.1161 1.03595 0.973516 0.934621 
0134 0.2101	1.04037 0.97533 0.956703 0.722281 0.825649 0.864118 0.970904 0.703189 1.13355 0.882137 
0135 0.250055	1.074 1.02324 0.925517 0.928414 0.95427 0.958424 0.93063 0.952864 0.965981 0.887102 
0136 0.0630411	0.921865 1.0199 1.10511 1.12888 1.06933 1.0524 0.927545 1.13238 1.1326 1.12027 
0137 0.0780244	0.837984 1.08502 0.824892 0.901257 0.991432 0.985371 1.03291 0.938221 0.925577 0.974531 
0140 0.179805	1.22205 1.06508 1.24225 1.04845 1.081 1.02987 0.96969 1.66901 0.911918 0.93573 
0141 0.0645927	0.999493 1.06022 1.1073 1.34801 1.03347 1.2737 1.16644 2.07421 0.803514 0.922866 
0142 0.156604	1.00331 0.857778 1.02545 0.742166 0.834104 0.802401 1.04908 0.739729 1.21497 1.08098 
0143 0.0967572	0.833274 1.0223 1.01657 1.26356 1.0351 1.06215 1.04882 1.44361 0.826258 0.967899 
0144 0.187187	0.902483 1.05066 0.986159 1.04101 1.0168 1.04208 1.03542 1.43784 0.973789 1.12135 
0145 0.136567	1.42158 0.941712 1.0159 0.660536 0.758209 0.791335 0.96496 0.774617 1.20681 0.917449 
0146 0.127603	1.04929 0.922322 0.816041 0.797189 0.921766 0.783799 0.899484 0.774055 1.03325 0.922135 
0147 0.0508832	0.943224 1.08506 0.949718 1.70077 1.45343 1.30205 1.03436 2.3564 0.774355 1.10044 
0150 0.0844944	1.29796 0.930591 0.839514 0.624732 0.886959 0.781536 0.94725 0.555008 1.19408 1.06003 
0151 0.0826966	0.947059 0.898805 0.962479 0.868622 0.996608 0.935101 0.937096 0.958228 1.04386 1.09712 
0152 0.118652	1.39229 1.01188 1.02834 1.08174 1.09277 0.964784 1.0684 0.980121 1.26471 1.11019 
0153 0.315056	1.1166 0.995031 0.929562 0.885712 0.883004 0.91749 1.04464 0.822084 1.00738 0.988612 
0154 0.0970787	0.96944 1.02688 0.877689 1.35696 1.20818 1.12764 1.02806 1.62267 0.770879 1.1528 
0155 0.0988764	0.999274 0.98853 1.05801 1.41333 1.30961 1.18869 1.15612 1.70243 0.973203 1.36784 
0156 0.115955	1.15772 1.12193 1.06162 1.05558 1.07324 1.13617 1.12984 1.25194 0.973941 1.10093 
0157 0.087191	1.14857 1.16476 0.965121 1.14945 1.20881 1.16694 0.993082 1.12811 0.880479 0.961656 
0160 0.165508	0.97158 0.978971 1.09621 1.52544 1.32781 1.28469 1.01015 1.83246 0.81706 0.935684 
0161 0.14242	0.979826 0.918209 1.00249 1.01124 1.03708 1.13819 1.03103 0.947497 0.933074 0.955779 
0162 0.209179	1.09483 0.909951 0.996853 0.754107 0.895015 0.894155 0.952447 0.691274 1.08271 0.986919 
0163 0.104868	1.2025 1.06282 1.29347 1.15647 1.03112 1.31262 1.08287 1.33609 0.90049 0.906791 
0164 0.126843	0.987214 1.01943 0.948479 0.98752 1.20833 1.11455 0.985916 1.13178 0.849561 0.990435 
0165 0.112656	1.05317 0.931481 1.20651 0.937665 0.906221 1.10569 0.991284 0.968824 1.00974 0.928124 
0166 0.0809458	1.34299 0.880466 1.07671 0.697528 0.913841 0.900436 0.965666 0.7165 1.13089 0.969712 
0167 0.05758	0.835083 1.02264 0.83186 0.861566 0.947044 1.00144 1.00857 0.683037 0.951912 0.990277 
0170 0.0894118	1.0976 0.957943 0.97963 0.694957 0.841544 0.774694 0.95182 0.601135 1.29465 1.00174 
0171 0.161023	1.1407 1.07925 1.07716 1.16077 0.952253 1.0945 1.03151 1.22862 1.00657 0.940667 
0172 0.16624	0.990405 1.02792 1.01042 0.68938 0.826587 0.853161 0.946967 0.700101 1.03758 1.00813 
0173 0.133095	1.00494 0.965479 0.926401 0.905736 1.01499 0.960084 0.886577 1.11227 1.08309 0.972819 
0174 0.118056	0.836868 0.954253 0.760157 0.934441 0.98441 0.920738 0.945667 0.856447 1.06833 0.929541 
0175 0.0496164	0.985387 1.13128 1.21475 1.35908 1.208 1.13886 0.925753 1.52009 1.11166 1.22042 
0176 0.203171	0.898722 1.14525 0.951765 1.29101 1.11458 1.08354 1.02585 1.63525 0.851591 0.922886 
0177 0.0793862	1.14375 1.04792 1.15331 0.849411 0.854559 0.863588 1.08571 0.812547 1.27338 1.01518 
1000 0.158123	1.10521 0.866575 1.08771 0.92154 0.957206 0.979856 0.964971 1.04826 1.03727 1.11731 
1001 0.0941211	0.934809 0.897504 1.22488 1.0724 0.963818 1.13313 0.943369 1.43856 0.83843 0.989386 
1002 0.0654503	1.11284 1.00317 0.818021 0.6642 0.837581 0.670055 0.906859 0.395139 1.18386 1.01691 
1003 0.0527078	1.03301 0.958865 1.09468 1.45363 1.25001 1.08119 0.876013 1.53823 1.01771 1.16191 
1004 0.165363	1.30398 0.911097 1.16907 0.948411 1.00143 0.893637 1.02381 0.718649 1.18412 0.955413 
1005 0.195482	0.924967 0.875188 0.866799 0.890609 0.97995 0.854827 0.952475 0.974987 1.03039 1.0405 
1006 0.176658	0.955523 0.970388 1.09794 1.17442 1.17616 1.1567 1.01632 1.87788 0.827183 1.07266 
1007 0.0920938	0.896027 0.960658 0.882096 0.863157 1.02725 0.88543 0.925363 0.862862 0.873446 0.908402 
1010 0.15574	1.06425 0.991433 0.892851 0.69079 0.846298 0.691792 1.01726 0.367872 1.19878 0.913486 
1011 0.192957	0.856588 1.12091 0.949999 1.07527 1.16983 0.990646 1.08204 1.04255 0.847278 1.08069 
1012 0.0566848	1.15307 1.05607 0.980122 1.00562 0.929649 0.953016 1.06748 0.865375 0.886664 0.986394 
1013 0.0503865	1.11744 0.997615 1.13897 1.04711 0.955957 0.892244 0.995558 0.791592 1.20912 1.17983 
1014 0.18809	0.873499 0.944448 0.728964 0.939531 1.00237 0.900338 0.977962 0.79525 0.978093 1.01547 
1015 0.0835958	1.06271 1.04685 1.26813 1.21759 1.09435 1.14067 1.02491 1.49687 0.878606 1.12639 
1016 0.0939021	1.23358 1.10396 0.984355 0.910765 0.893364 0.8424 1.0948 0.648259 1.02808 0.836476 
1017 0.178643	1.12425 1.09159 1.21325 1.04038 0.964355 1.01239 1.06756 1.06419 1.05676 1.05416 
1020 0.0983116	1.01657 1.01058 1.03038 1.64941 1.40555 1.20539 1.04223 1.75763 0.976465 1.08928 
1021 0.135285	0.992782 1.01241 1.17048 1.19868 1.03546 1.09811 1.00689 1.3142 0.935284 1.01789 
1022 0.147467	1.04208 0.984756 0.975259 1.06225 1.08659 0.91657 0.938268 0.738513 1.05892 0.981796 
1023 0.0568498	1.05869 1.08935 0.99211 1.21663 1.33061 0.980311 0.9848 1.14234 1.16262 1.26938 
1024 0.209019	1.11177 1.01469 1.03912 0.832412 0.961327 0.800286 0.929754 0.670275 1.26099 1.06992 
1025 0.197478	0.865841 1.06463 0.834902 0.903963 0.994187 0.927789 1.00729 0.818007 0.888068 0.969492 
1026 0.0786493	1.09239 1.11971 1.10584 0.839533 0.857584 0.990646 1.10979 0.724792 1.03127 1.08059 
1027 0.0769395	0.807779 0.960996 1.02549 1.45197 1.29586 1.17802 1.01891 1.92542 0.763281 1.06796 
1030 0.105263	0.944572 0.960502 0.967123 1.18255 1.16297 1.0885 1.02364 1.29151 0.900499 1.1333 
1031 0.139027	1.25713 0.850891 0.929744 0.670247 0.789012 0.670909 0.884951 0.425477 1.25455 0.909823 
1032 0.111221	0.947012 0.978922 0.753618 0.902737 0.981926 0.889517 0.929183 0.85075 0.957828 0.96878 
1033 0.121152	1.05743 1.01857 1.19714 1.19355 1.13209 1.0812 0.891345 1.40067 1.07304 1.0676 
1034 0.108242	1.04248 1.08122 1.16512 1.53479 1.27732 1.19087 1.10334 2.05511 0.93975 1.04296 
1035 0.187686	0.893906 1.01825 1.11662 0.975311 1.0144 0.993725 1.02721 0.939381 1.04144 1.1301 
1036 0.0397219	0.884584 0.961962 0.663846 0.630879 0.764861 0.684034 0.919887 0.423994 0.944267 0.884206 
1037 0.187686	1.08182 0.870274 1.08465 0.668295 0.758315 0.874454 0.964776 0.724274 1.01934 0.962164 
1040 0.225214	1.13298 1.0751 1.11107 1.37105 1.10445 1.07656 1.08574 1.18501 0.926086 0.920667 
1041 0.198923	1.01078 1.10418 0.807433 1.0782 1.09758 0.885318 0.998029 0.791819 0.925652 0.882778 
1042 0.0582832	1.09455 0.880346 1.14609 0.713859 0.818747 0.742549 0.911687 0.461482 1.29142 1.06769 
1043 0.0763383	0.970581 1.00592 1.02447 1.84572 1.44745 1.16209 1.05844 2.3401 0.780239 0.929747 
1044 0.13082	1.00032 0.995774 1.12772 1.09173 0.960477 0.955189 0.954685 1.18716 1.00653 1.00454 
1045 0.198923	0.986067 0.999127 0.84463 0.955636 0.985794 0.76587 0.951868 0.875442 1.18183 0.890547 
1046 0.0614507	0.859392 1.13012 1.09406 1.6894 1.31319 1.24031 1.0126 1.6223 0.984932 1.10938 
1047 0.0500475	1.19372 1.06248 1.27325 0.854913 0.877221 0.908074 1.12865 0.674479 1.13276 0.991645 
1050 0.235426	0.939938 0.955479 0.900484 0.701782 0.948258 0.914046 1.00302 0.561038 0.992366 1.00735 
1051 0.081278	1.06842 0.915459 1.28829 0.877334 0.990091 0.999672 1.03911 0.813466 1.13788 1.23141 
1052 0.127803	1.15154 1.07405 1.2722 1.11279 1.1342 1.20394 1.03327 1.28475 0.896494 1.1614 
1053 0.186659	0.956028 1.03236 0.940571 1.09256 1.25051 1.20236 1.03208 1.19763 0.813814 1.03901 
1054 0.129484	0.906388 1.00592 0.931583 0.788279 0.92485 0.880382 0.916903 0.529508 1.14613 1.03926 
1055 0.0874439	1.02906 0.863499 0.91639 0.567356 0.800151 0.674999 1.01589 0.295122 1.41885 1.09016 
1056 0.065583	0.796986 0.919173 0.743785 1.03468 1.22413 0.974593 1.0482 0.848804 0.839461 1.04435 
1057 0.0863229	1.06059 0.892003 0.742002 0.521054 0.848639 0.716349 0.938325 0.416057 1.11666 0.972753 
1060 0.139381	1.25148 1.0319 1.11603 0.890985 0.991746 0.889962 0.91896 0.963505 1.11168 0.970962 
1061 0.0547566	0.826189 0.846645 0.854807 0.866852 0.989488 0.898006 0.967441 0.826067 1.10734 1.05654 
1062 0.139934	1.03576 1.02035 1.15745 0.85184 0.989367 0.885204 1.0512 0.850736 1.28588 1.11679 
1063 0.0647124	0.957331 1.01867 0.96671 1.55137 1.38171 1.30833 1.00535 2.15968 0.749593 0.956821 
1064 0.253872	0.985888 1.10593 1.11839 1.07903 1.10094 0.950374 0.954198 1.04641 1.0339 0.941533 
1065 0.0934735	1.0357 1.04277 0.864799 0.988299 0.9351 1.00481 1.00807 1.04499 0.819534 0.764934 
1066 0.19469	0.97326 1.23011 1.02531 1.23425 1.07533 1.16302 1.02534 1.52714 0.878649 0.933 
1067 0.0591814	1.00755 1.15909 1.08856 0.855262 1.06142 0.995288 1.00297 0.909682 0.888298 0.891823 
1070 0.105333	1.01149 1.18218 1.18871 1.34112 1.03529 1.32085 1.06566 1.50476 0.889032 1.03602 
1071 0.244667	0.837001 0.929193 0.82233 0.867977 0.831644 1.03801 0.987466 0.92337 0.996024 0.893954 
1072 0.112	1.10482 1.05893 0.964217 1.03192 0.938452 1.0218 1.03818 0.795992 1.02773 0.83443 
1073 0.0873333	1.40055 0.986363 1.13221 0.821639 0.838886 0.91185 1.02648 0.688345 1.24167 0.950387 
1074 0.0713333	0.77678 1.07678 0.890262 1.75634 1.15058 1.32583 1.09225 2.09679 0.762649 1.04169 
1075 0.0653333	1.18664 1.11545 1.36844 1.12448 0.841438 1.19602 1.05511 1.12263 1.19576 0.959615 
1076 0.232667	0.819606 1.03678 1.00023 1.18538 0.968914 1.20242 0.999768 1.12985 1.03898 0.970016 
1077 0.0813333	1.1865 0.940507 0.842736 0.855515 0.864137 0.84024 0.912417 0.756707 1.10582 0.84919 
1100 0.234578	0.83522 1.00843 0.895085 1.01442 0.96484 0.921898 0.940693 0.737272 0.958334 1.02607 
1101 0.076794	1.19577 1.16545 1.12511 0.653268 0.781654 0.832631 0.916422 0.422703 1.32498 0.909094 
1102 0.130088	1.06128 0.969945 1.19037 0.911497 0.85905 0.949581 0.955624 0.722528 1.17199 1.03169 
1103 0.182963	0.997043 1.09144 1.13346 1.15882 1.22795 1.16167 0.96739 1.37306 0.923875 1.13494 
1104 0.111204	0.976074 0.912584 0.905017 0.792225 0.932809 0.863311 0.850478 0.710596 1.01689 0.91275 
1105 0.110365	1.04027 1.21419 1.02619 1.69614 1.24942 1.31251 0.992567 2.14562 0.691942 0.924885 
1106 0.10449	1.03272 1.07453 1.0036 1.40086 1.22909 1.1412 0.943656 1.20355 0.968713 1.09863 
1107 0.0495174	0.879484 1.01132 0.860346 1.13781 0.99521 0.988863 0.894743 1.1138 0.872788 0.872356 
1110 0.0590319	1.09677 1.07608 0.940311 1.61867 1.44959 1.31892 0.983132 2.46236 0.725786 1.03883 
1111 0.0696576	1.02397 0.892845 1.08281 0.791616 0.94541 0.959463 0.908166 0.576998 1.41104 1.1916 
1112 0.181818	1.05721 0.889454 0.909547 0.637223 0.693808 0.781846 0.921896 0.67315 1.17865 0.83616 
1113 0.0743802	1.20052 0.90734 1.33403 0.75706 0.833724 1.0364 0.995707 0.655023 1.16141 1.07415 
1114 0.186541	0.870082 0.901052 0.99085 0.998481 0.914487 1.03042 1.04669 1.1134 0.977267 1.06505 
1115 0.191263	1.20618 0.904666 0.957086 0.990835 1.06185 1.01749 0.843968 1.07466 1.04736 0.950221 
1116 0.188902	0.994174 1.17589 0.981703 1.49843 1.20459 1.18171 0.997924 1.44554 0.848869 0.95167 
1117 0.0484061	1.0934 1.03618 0.931904 1.1138 0.985847 0.969322 0.929371 0.790285 1.19712 1.07316 
1120 0.170422	0.908933 1.10516 0.829683 0.961152 0.948877 1.02227 0.938589 1.10066 0.834497 0.843915 
1121 0.137493	0.886847 1.0025 0.824815 0.985615 0.966981 1.05169 0.998605 1.15186 1.02957 1.02952 
1122 0.110341	0.800085 1.10136 1.08853 0.953623 0.799597 1.18727 1.08719 1.14872 0.913921 0.998033 
1123 0.103408	0.972586 1.1062 1.14034 0.827666 0.860035 0.960863 0.93146 0.68783 1.06444 1.10414 
1124 0.106875	1.12957 1.19666 1.1994 1.07852 1.06708 1.09562 0.986211 1.02281 1.06498 1.02316 
1125 0.0681687	0.920221 1.1184 1.03318 1.47456 1.0949 1.37575 1.03106 1.67744 0.875344 1.05078 
1126 0.248989	1.00137 1.01251 0.899572 0.688676 0.80383 0.862279 0.913236 0.661464 1.19116 0.982313 
1127 0.0543039	0.926637 1.11585 0.930755 1.7217 1.3663 1.33834 0.956695 2.47998 0.809456 1.06065 
1130 0.149158	1.07807 1.01938 1.0002 1.1354 1.13473 1.06093 0.965097 1.21094 0.952439 0.888896 
1131 0.185332	1.01634 0.980658 1.03584 0.827472 0.8822 0.993086 1.07189 0.674024 1.15475 0.933241 
1132 0.0609514	1.25123 0.925158 1.12226 0.780845 0.767819 0.82295 0.944301 0.848045 1.40316 0.924499 
1133 0.0951437	0.945709 1.07715 1.14588 1.44006 1.19043 1.37245 1.17054 1.98147 0.88017 1.09424 
1134 0.116452	0.944981 0.889658 0.925498 0.814591 1.0166 0.823149 0.896921 0.755157 1.12886 1.02544 
1135 0.208127	0.720516 0.890121 0.822772 1.10992 1.09384 1.03854 1.05757 1.17081 0.846269 0.994816 
1136 0.0728444	0.864971 1.01684 1.18909 0.965688 0.965681 1.14174 1.01246 1.08474 0.920701 0.863613 
1137 0.111992	1.00587 0.886253 1.02369 1.19948 1.20639 1.03399 0.982497 1.23996 1.08887 1.10357 
1140 0.079542	1.07825 1.06069 1.05569 0.876423 0.931965 0.835984 1.06816 0.664351 1.26306 1.08974 
1141 0.161494	0.907187 1.02531 0.918496 1.28031 1.11085 1.08715 1.04711 1.2047 0.85152 1.00681 
1142 0.0720096	1.02216 0.963025 1.147 0.847589 0.902148 0.878969 0.878185 0.739864 1.15512 1.06769 
1143 0.100934	0.835346 0.997686 1.15899 1.66985 1.30257 1.29008 1.02738 2.13961 0.761176 1.13847 
1144 0.0852666	1.25253 1.01052 1.19768 1.13088 1.12026 1.02986 0.976929 1.30896 0.925168 1.00154 
1145 0.261223	0.82614 0.917844 1.01563 0.894644 0.901467 0.913015 1.01603 0.803222 0.989665 1.03468 
1146 0.150346	0.962274 1.02906 0.875948 0.822185 0.871389 0.811013 0.881196 0.62146 0.981341 0.974256 
1147 0.0891835	0.933354 0.833635 0.955667 0.610925 0.778248 0.708576 0.907083 0.372838 1.29479 1.16952 
1150 0.0762448	1.04 0.962091 1.22099 1.09091 0.932118 1.14133 1.05128 1.23106 1.10609 1.12085 
1151 0.182573	1.23845 0.971733 1.04496 1.01377 1.03141 0.908199 0.98808 1.00401 1.10409 1.07735 
1152 0.143672	0.976142 0.907333 0.991988 0.772004 0.782487 0.870526 1.00154 0.735501 1.07568 0.999779 
1153 0.173237	0.892962 1.03695 0.918411 1.16263 1.07422 1.04288 1.05631 1.26226 0.956465 1.19939 
1154 0.0829876	0.966014 1.0622 1.02189 1.62642 1.2646 1.26269 1.02252 2.4107 0.849753 1.15297 
1155 0.05861	0.953994 0.93205 0.902771 1.02162 1.02832 0.883832 1.03801 0.835845 1.29375 1.20225 
1156 0.0580913	0.945037 0.94224 0.812814 0.938743 0.899914 0.889748 0.944316 0.75143 1.06219 1.00539 
1157 0.224585	1.091 1.09774 0.990927 1.25982 1.08677 1.16266 1.02238 1.24801 0.848023 0.909848 
1160 0.198906	1.16093 1.00096 1.00496 0.880913 0.96172 0.990968 0.997716 0.815094 1.02021 0.963547 
1161 0.103959	0.994423 1.04459 0.929355 0.880231 0.817234 0.923358 1.06051 0.525572 1.16106 1.10593 
1162 0.168008	0.852609 1.05892 0.858366 1.39855 1.11294 1.17411 0.985935 1.55447 0.792398 1.08391 
1163 0.0466688	1.05579 1.0287 1.27559 0.925914 0.794248 1.14943 1.14589 0.733241 1.18681 1.12053 
1164 0.109752	1.08014 0.941003 1.22737 1.29755 0.999598 1.3333 1.06864 1.48292 0.99944 1.06818 
1165 0.154812	0.94648 0.894057 0.99807 0.648071 0.808833 0.853005 0.88543 0.511522 1.23402 1.01613 
1166 0.155134	0.879628 0.893712 1.01985 1.12004 1.04751 1.09714 1.02969 1.04041 1.03836 1.18306 
1167 0.0627615	0.926917 1.09576 1.10752 1.28789 1.08927 1.20014 1.16203 1.38651 1.04082 1.07867 
1170 0.163842	0.930604 1.18428 0.873939 1.11701 1.18626 1.10446 0.94363 1.28068 0.808622 1.02623 
1171 0.230932	0.792119 1.03808 1.04008 0.976073 1.02015 1.11706 0.991386 1.37304 0.966171 1.11771 
1172 0.0699153	0.870419 1.09713 1.07539 1.28336 1.05967 1.36822 1.05386 2.04339 0.803887 1.01638 
1173 0.0628531	0.970949 0.951678 0.745496 0.709412 0.942275 0.853946 0.907951 0.779434 1.03826 0.945327 
1174 0.0939266	0.998029 1.015 0.981146 0.658161 0.765847 0.867773 0.905231 0.546397 1.33762 1.08616 
1175 0.206215	1.08239 1.14455 0.941198 0.674115 0.902754 0.943826 1.01523 0.676126 1.05528 1.03658 
1176 0.111582	1.12774 1.22022 1.24475 0.954536 0.847695 1.12014 1.09381 0.871006 1.12895 1.05018 
1177 0.0607345	1.06384 1.17749 1.05051 1.08023 1.04731 1.27746 1.10011 1.47456 0.898803 1.09247 
BOUNDS
LWPS R    0.0  0.0  0.0  0.0  0.0  0.0  0.0  0.0  0.0  0.0
UWPS R    0.5  0.5  0.5  0.5  0.5  0.5  0.5  0.5  0.5  0.5
LXAS R   -0.5 -0.5 -0.5 -0.5 -0.5 -0.5 -0.5 -0.5 -0.5 -0.5
UXAS R    0.5  0.5  0.5  0.5  0.5  0.5  0.5  0.5  0.5  0.5
END
