NAME moment_estimation_cluster
ASSETS 10
BENCHMARKS 0.1 0.1 0.1 0.1 0.1 0.1 0.1 0.1 0.1 0.1 
COVARIANCES
0 0 0.00815994
1 0 0.00748879
1 1 0.00808699
2 0 0.00605959
2 1 0.00651517
2 2 0.00581974
3 0 0.0103004
3 1 0.00912696
3 2 0.00718034
3 3 0.0150587
4 0 -0.00452635
4 1 -0.00401168
4 2 -0.00306409
4 3 -0.00591067
4 4 0.00424418
5 0 0.00336512
5 1 0.00427372
5 2 0.00381285
5 3 0.00381584
5 4 -0.00143574
5 5 0.00322001
6 0 -0.000267927
6 1 0.000219624
6 2 0.000631223
6 3 -0.00119323
6 4 0.00101901
6 5 0.000750319
6 6 0.00138879
7 0 0.00169755
7 1 0.00224855
7 2 0.00213357
7 3 0.00142913
7 4 -0.000142707
7 5 0.00180447
7 6 0.00122862
7 7 0.00208284
8 0 0.00599879
8 1 0.00688801
8 2 0.00576666
8 3 0.0069827
8 4 -0.00356699
8 5 0.00415386
8 6 0.000595574
8 7 0.00263224
8 8 0.00721299
9 0 0.00185426
9 1 0.00170763
9 2 0.00144578
9 3 0.0020561
9 4 -0.000909684
9 5 0.000793712
9 6 0.000352733
9 7 0.000719962
9 8 0.00151034
9 9 0.000823137
SCENARIOS
0 0.33706	1.10662 1.10577 1.07938 1.161 0.942938 1.0621 0.991016 1.01786 1.07786 1.02011 
1 0.66294	0.970831 0.967819 0.972236 0.952472 1.02027 0.966835 0.992417 0.983037 0.967935 0.983768 
00 0.463627	1.09994 1.08495 1.06139 1.11706 0.952658 1.02849 0.983127 1.0251 1.07711 1.00018 
01 0.536373	0.915889 0.944547 0.962589 0.90924 1.04705 0.953162 0.992216 0.973391 0.9365 0.988228 
10 0.22993	1.12705 1.13587 1.11872 1.19487 0.901901 1.09497 0.999229 1.02533 1.11468 1.02638 
11 0.77007	0.964835 0.96483 0.967207 0.955671 1.0312 1.00699 1.0212 1.01923 1.00796 1.00776 
000 0.0586805	1.26579 1.24634 1.20049 1.39287 0.8788 1.08294 0.9745 1.07147 1.19741 1.08394 
001 0.188904	0.875411 0.868628 0.91994 0.854714 1.10168 0.930937 1.04822 0.997795 0.90281 1.00453 
002 0.104435	0.968832 1.053 1.03524 0.957665 1.06674 1.08064 1.05154 1.07768 1.05779 1.03381 
003 0.0981634	0.944309 1.00899 1.02286 0.894333 0.98331 1.01035 1.01947 1.01766 1.04959 1.02379 
004 0.0954118	1.15403 1.16237 1.13736 1.18936 0.907955 1.10033 1.01512 1.00991 1.11805 1.02372 
005 0.275357	1.01412 1.05569 1.04594 1.1027 0.96823 1.07304 0.996464 0.990054 1.03999 1.03378 
006 0.0629039	0.97097 0.949523 0.949045 0.982471 0.91101 0.901242 0.952766 0.927828 0.954426 1.01268 
007 0.116145	0.953596 0.899698 0.907685 0.971904 0.993104 0.856485 0.943768 0.904715 0.876999 0.970508 
010 0.0929808	0.942847 0.93852 0.930852 0.843097 0.970862 0.955945 1.0127 0.987782 1.01521 0.994743 
011 0.175397	0.987021 0.937555 0.944332 1.01734 1.00211 0.96204 0.971339 0.980699 0.956239 1.01108 
012 0.0551469	0.861366 0.836042 0.872671 0.778573 1.1889 0.897325 1.02907 0.982903 0.858493 0.953838 
013 0.11057	1.25684 1.19699 1.1452 1.2533 0.905773 1.0971 1.05405 1.15354 1.19139 1.05295 
014 0.0927596	0.924427 0.822901 0.869045 0.884892 1.06948 0.8941 1.00424 0.918774 0.816807 0.956416 
015 0.173737	1.12988 1.08056 1.04423 1.14653 0.930371 0.992746 0.991061 1.01587 1.02668 0.98655 
016 0.191161	1.0267 1.00677 1.01395 0.920371 1.07709 1.04441 1.08247 1.07268 1.06286 0.997983 
017 0.108247	1.06221 1.0371 1.04799 0.994294 0.915602 1.02504 0.991003 1.02079 1.08829 0.99481 
100 0.106147	1.08317 1.05765 1.05711 0.993606 0.919505 1.03898 0.998947 1.0298 1.14572 1.02361 
101 0.187168	1.07067 1.03885 1.0412 1.09743 0.958791 0.994465 0.989045 1.02807 1.04337 1.02843 
102 0.0461195	1.07532 1.07828 1.0912 1.09815 1.09239 1.06676 1.02813 1.03901 1.04125 1.02779 
103 0.0973562	0.862089 0.874356 0.921863 0.787575 1.06945 0.900648 1.01443 0.958524 0.923922 0.996784 
104 0.121433	0.908197 0.906257 0.873566 0.940128 0.977005 0.876674 0.936234 0.944188 0.916312 0.988179 
105 0.142426	1.23138 1.16061 1.10394 1.28711 0.928429 1.00757 0.993784 1.00026 1.07656 1.07027 
106 0.0720987	1.09059 1.00063 1.01098 1.08496 1.01687 0.987471 1.017 1.01159 0.975164 1.02931 
107 0.227252	0.942123 0.938373 0.925902 0.928736 1.08586 0.914914 1.00877 1.01079 0.935457 0.98168 
110 0.112848	0.925758 0.974568 0.99125 0.830869 1.0016 1.01949 1.04283 1.00395 0.95328 1.01304 
111 0.11036	0.891662 0.884519 0.912883 0.844111 1.10781 0.93864 1.02677 0.978062 0.881276 0.974489 
112 0.171417	1.16041 1.1891 1.14391 1.19383 0.93051 1.07254 1.02435 1.03685 1.14474 1.03435 
113 0.202895	0.949258 0.943008 0.959064 0.940412 1.00522 0.996603 0.992073 0.9504 0.911842 0.993545 
114 0.0863059	1.00911 0.987789 1.01056 1.10844 0.95212 0.950565 0.956392 0.91609 0.933697 0.983863 
115 0.166206	1.04914 1.05569 1.06873 1.06089 1.02105 1.08397 1.022 1.02271 0.971673 1.00125 
116 0.092437	1.11032 1.12119 1.08323 1.2395 0.86331 1.03672 0.905654 0.924375 1.06313 0.999953 
117 0.0575307	0.801942 0.820782 0.850251 0.740771 1.21955 0.924322 1.00054 0.994559 0.817868 0.949487 
0000 0.152672	1.09964 1.12445 1.114 1.1306 0.976647 1.17346 1.02107 0.99326 1.17884 0.984625 
0001 0.110142	0.88496 0.952368 0.939201 0.908937 1.10653 0.993401 1.05278 0.945436 0.94353 0.939449 
0002 0.176663	0.979527 0.984434 0.951726 1.08902 1.02573 1.02782 0.954834 0.955529 0.968595 0.993505 
0003 0.0785169	1.21189 1.14082 1.12446 1.09747 0.890543 1.05587 1.00296 1.04381 1.14331 1.02479 
0004 0.116685	0.928632 0.973412 1.01016 0.892082 0.992513 1.0007 1.07494 0.926537 1.00226 1.01468 
0005 0.12759	0.890907 0.891024 0.876312 0.944359 1.02437 0.994773 0.939211 0.884543 0.868979 0.920429 
0006 0.0588877	0.845521 0.82418 0.845329 0.798557 1.12186 0.888632 1.03778 0.915482 0.788726 0.96132 
0007 0.178844	1.0169 0.993789 0.940969 1.08739 0.882545 0.9649 0.905987 0.945278 1.05143 0.972713 
0010 0.210027	1.06962 1.03726 1.02247 1.11741 0.963245 1.00145 0.9754 0.971061 0.975964 1.02692 
0011 0.109417	1.11139 1.12848 1.07503 1.29437 0.94963 1.011 0.945898 0.963844 1.01291 1.02061 
0012 0.107385	1.01286 0.999712 0.962852 1.00121 0.908305 0.931392 0.95225 0.941369 1.00756 0.972448 
0013 0.166667	0.994675 1.04538 1.0204 1.07625 1.06005 1.05189 0.98376 1.0394 0.970245 0.962002 
0014 0.0497967	0.900145 0.936344 0.958414 0.956024 0.965135 0.991554 0.948181 0.923867 0.94099 0.964332 
0015 0.158537	0.890239 0.966207 0.966281 0.893538 1.01632 0.988498 1.00158 0.921808 0.943846 1.00709 
0016 0.0694444	0.979446 1.10888 1.08508 0.947484 1.06559 1.14025 1.04658 1.04882 1.07412 1.01643 
0017 0.128726	0.878359 0.904108 0.898579 0.785392 1.12936 0.972219 1.03097 0.944884 0.85064 0.961072 
0020 0.0710784	0.85955 0.891992 0.878365 0.763294 1.15883 0.904568 1.02351 1.00898 0.881783 0.972323 
0021 0.0643382	1.06614 1.07538 1.07861 1.18848 1.00667 1.01647 1.03071 0.991245 1.03117 1.00894 
0022 0.0661765	1.04987 1.05972 1.09465 1.00484 1.05965 1.01342 1.08605 1.01688 0.98572 0.993023 
0023 0.285539	0.984155 1.0154 1.03975 0.977233 0.976092 1.00832 1.05646 0.996326 1.04166 0.984441 
0024 0.112132	1.09227 1.03822 1.04754 1.06852 0.939604 0.989279 1.00326 0.952177 0.993932 0.990149 
0025 0.120098	1.10536 1.08735 1.13462 1.12704 0.923753 1.09256 1.05943 1.0428 1.11248 1.06141 
0026 0.219975	0.912732 0.876401 0.947102 0.914029 1.04507 0.927312 1.02866 0.965735 0.854406 0.966566 
0027 0.0606618	1.24979 1.19858 1.2119 1.30452 0.919159 1.07239 1.04038 1.07283 1.14309 1.04342 
0030 0.0710561	0.848625 0.853785 0.875986 0.809157 1.03356 0.932701 0.990608 0.931126 0.89539 0.967274 
0031 0.115385	1.23363 1.17207 1.15149 1.23564 0.931727 1.12729 1.03478 1.09559 1.19479 1.08032 
0032 0.228162	1.00507 0.955305 0.971131 1.00667 1.03306 0.981145 1.03862 1.03308 0.969443 0.993497 
0033 0.0547588	0.998433 0.949143 0.992069 0.877835 1.02018 1.00075 1.08346 1.0645 1.03934 0.999872 
0034 0.0880052	1.07087 1.0151 0.98071 1.14673 1.03548 1.04714 0.998409 1.08909 1.02458 0.995862 
0035 0.192308	1.13285 1.06657 1.03171 1.14098 0.932215 1.05468 0.978813 0.954339 0.994956 0.998259 
0036 0.110169	0.959617 0.952148 0.973373 0.932642 0.942646 0.990189 0.990705 0.957517 0.994644 0.991636 
0037 0.140156	0.880911 0.908301 0.924279 0.905175 1.11812 1.03871 1.01673 0.940424 0.908524 0.968129 
0040 0.185111	1.05064 1.06135 1.03127 1.14077 0.975224 1.03339 1.00266 1.03206 1.05759 1.05991 
0041 0.205231	1.03824 1.0272 0.99265 1.01465 0.964037 0.994966 0.97066 1.01979 1.02663 1.03117 
0042 0.0603622	1.1609 1.12542 1.06831 1.29086 0.886074 0.952104 0.943977 1.04932 1.13609 1.03462 
0043 0.121395	1.0119 1.07616 1.07766 0.98636 0.997962 1.00747 1.06217 1.11929 1.10596 1.05086 
0044 0.0684105	0.860256 0.842018 0.840513 0.807029 1.00672 0.825044 0.950652 0.952187 0.948277 1.00571 
0045 0.082495	0.898061 0.991875 1.01427 0.834255 1.01895 1.06314 1.07078 1.08897 1.07549 1.00058 
0046 0.177733	0.919263 0.89905 0.93774 0.926009 1.04574 0.978463 1.0589 1.03847 0.989448 1.00415 
0047 0.0992622	1.16817 1.16826 1.12087 1.17739 0.875675 1.03453 0.997274 1.06476 1.17792 1.05868 
0050 0.0943528	0.985688 0.952335 1.02276 0.905144 1.05255 0.945452 1.09671 1.02993 0.92329 1.01619 
0051 0.0790146	0.887913 0.869146 0.9131 0.785692 1.07781 0.920687 1.00758 1.04201 0.89643 0.951236 
0052 0.0934232	1.09515 1.08702 1.07476 0.930862 0.9764 0.994604 1.11749 1.04893 1.06934 1.04218 
0053 0.0752963	0.98128 0.847109 0.925281 0.923461 1.12877 0.867885 0.982327 1.01139 0.863736 0.970795 
0054 0.10086	1.22226 1.18852 1.15947 1.26077 0.895558 1.00511 0.978515 1.04626 1.13589 1.03866 
0055 0.0725076	0.941067 0.885972 0.88069 0.982242 1.03206 0.886999 0.983074 0.930042 0.911553 1.01776 
0056 0.325354	1.1259 1.04854 1.05316 1.11243 0.998863 0.962075 0.961017 0.97141 0.976131 0.992853 
0057 0.159191	0.975348 0.973882 0.985921 0.986359 0.940873 0.890542 1.00877 1.0018 0.983196 0.978956 
0060 0.179044	1.0457 1.06988 1.06358 1.13845 0.991923 1.11954 1.04069 1.07913 1.09618 1.01879 
0061 0.139369	1.20975 1.23131 1.14591 1.19874 0.903359 1.17816 1.0286 1.0993 1.17867 1.02985 
0062 0.0610376	0.979966 1.00157 1.02432 0.911625 0.933529 1.02205 1.02304 0.992785 0.98912 0.970695 
0063 0.0661241	0.978942 0.952961 0.959339 1.00408 0.987993 0.931341 0.913972 0.876527 0.941983 0.999413 
0064 0.0986775	0.934452 0.909081 0.959362 0.87819 1.01329 0.987084 0.979712 0.964057 0.999703 0.933849 
0065 0.196338	1.01661 1.06279 1.0852 0.984714 0.977557 1.08207 1.0472 0.98596 0.997473 1.02677 
0066 0.128179	0.896518 0.876175 0.923082 0.822711 1.1146 1.04244 1.06736 1.02192 0.899563 1.01796 
0067 0.131231	0.952402 1.00143 0.968177 0.984345 1.06871 1.08463 0.991372 1.00014 0.992877 0.969548 
0070 0.0672176	0.841252 0.86997 0.871319 0.824264 1.01941 0.925686 1.00994 0.917602 0.842361 1.01131 
0071 0.168595	1.06887 1.07271 1.10692 1.02035 0.918542 1.05004 1.0172 1.02322 1.10199 1.04729 
0072 0.11405	0.941726 0.933191 0.927219 0.946991 1.07235 1.02063 0.975336 0.964935 0.950632 0.996711 
0073 0.0958678	0.889219 0.917463 0.898473 0.762426 1.06608 0.970736 1.02396 1.01638 0.964535 1.01677 
0074 0.17741	1.12272 1.12364 1.1203 1.22649 0.928384 1.23393 0.999467 1.07541 1.1678 1.02719 
0075 0.155923	1.01485 1.00754 0.985123 1.05645 0.968792 1.03161 0.963586 0.931525 0.983248 1.02321 
0076 0.0666667	0.968573 1.01005 1.0234 1.08177 1.06009 1.17951 1.0543 1.08076 1.0539 1.03209 
0077 0.15427	0.958279 1.01539 1.00799 0.931641 0.986603 1.05414 1.01262 1.00783 0.992101 1.0247 
0100 0.0678168	1.11993 1.20907 1.19419 1.1853 0.927449 1.21083 1.00601 1.10728 1.20384 1.04958 
0101 0.148721	0.846908 0.908729 0.924979 0.836043 1.05789 0.965142 1.01535 0.964246 0.83472 0.963672 
0102 0.0981559	1.18836 1.13077 1.13311 1.2484 0.925059 1.05575 0.962131 1.02291 1.00352 0.979557 
0103 0.267103	0.984146 0.974242 1.03815 0.984892 1.00348 1.06274 1.01028 1.03524 1.0075 0.980358 
0104 0.119572	0.938752 0.95989 0.950914 0.920209 1.114 1.06853 1.05916 1.09577 0.968676 0.995581 
0105 0.0648424	1.07442 1.0265 0.995213 1.07915 0.919615 0.957871 0.965098 1.03458 1.03452 1.01693 
0106 0.0862582	1.01199 0.996027 1.05551 1.05844 1.03567 1.05416 1.02001 0.939143 0.919737 0.991191 
0107 0.147531	1.13565 1.11619 1.11525 1.14264 0.995364 1.0631 1.01698 1.09605 1.02845 1.00457 
0110 0.14065	0.964326 0.983403 0.955796 0.956103 1.10326 1.02895 1.0307 0.95454 0.905647 0.954214 
0111 0.0469883	0.861604 0.878861 0.874762 0.770206 1.09761 0.943775 1.05367 1.01461 0.89138 0.982911 
0112 0.0879849	1.14149 1.12077 1.1124 1.05539 0.996662 1.06762 1.04146 1.06408 1.12711 0.994593 
0113 0.105645	1.14007 1.16136 1.14689 1.24017 0.890457 1.06836 1.02433 0.987158 1.11884 0.977147 
0114 0.217282	1.01099 1.05748 1.01355 0.991251 0.973871 1.01459 1.07399 1.02289 1.04249 0.993127 
0115 0.113529	1.09651 1.13096 1.12284 1.16712 0.994175 1.07571 1.02699 1.01336 1.0915 1.00613 
0116 0.111006	1.10083 1.03346 1.01286 1.11073 0.940417 0.967749 0.944766 0.955312 0.991375 1.0102 
0117 0.176916	0.93881 0.933095 0.944549 0.921942 1.01199 0.944597 1.01569 0.95137 0.918534 0.96231 
0120 0.0752257	0.987119 1.07412 1.03971 1.0504 1.05408 1.12451 1.04763 1.1077 1.12881 1.02742 
0121 0.144433	0.826462 0.899077 0.969362 0.821648 1.12414 1.05913 1.05546 1.04054 0.955023 0.982006 
0122 0.27984	0.953097 0.996631 0.964254 0.995842 0.947016 1.05195 1.00563 1.03526 1.07054 0.988848 
0123 0.112337	1.13081 1.10674 1.06155 1.18912 0.955093 1.08817 1.02481 1.08443 1.20969 1.06099 
0124 0.0692076	0.872838 0.96599 0.987739 0.784764 0.9481 1.04715 1.02651 1.03484 1.15383 0.963486 
0125 0.0832497	1.13046 1.15774 1.20564 1.05754 0.974976 1.216 1.14886 1.13511 1.09686 1.06523 
0126 0.131394	0.949538 0.926816 0.894994 0.936201 1.05176 0.975881 0.966764 0.972776 0.868399 0.948859 
0127 0.104313	1.08533 1.15678 1.12175 1.19592 0.859488 1.11395 0.995867 0.990964 1.1507 1.02622 
0130 0.132566	0.988647 1.06028 1.05506 0.997375 1.04643 1.06624 1.00815 1.00879 1.07781 0.959561 
0131 0.0695348	0.858264 0.846656 0.856105 0.83365 1.03905 0.925182 0.942639 0.90571 0.862654 0.991671 
0132 0.0795398	1.06425 0.942601 0.964878 1.11969 0.892958 0.853639 0.903588 0.869017 0.958426 0.97417 
0133 0.131066	1.03787 1.0656 1.09085 0.98021 0.92901 1.0569 0.990695 0.974937 1.15894 0.971252 
0134 0.201601	0.911678 0.990982 0.982841 0.895981 1.00139 1.03648 0.963026 0.883447 1.0017 0.983745 
0135 0.115558	0.884517 0.901823 0.936219 0.90535 1.16492 1.00321 0.969275 0.895591 0.846541 0.97939 
0136 0.142571	1.17876 1.15817 1.14027 1.2251 0.912465 1.0439 0.975772 1.02629 1.21074 1.04075 
0137 0.127564	1.01319 0.975695 0.984091 1.1067 1.00534 1.02112 0.938216 0.888929 0.943095 1.01547 
0140 0.119261	0.885936 0.944072 0.879576 0.963072 1.06019 0.932821 0.967946 1.01239 0.915442 0.978941 
0141 0.196184	1.04048 1.08247 1.06621 1.06237 1.00299 1.12315 1.0344 1.10788 1.08704 1.02524 
0142 0.135957	0.963832 1.00314 0.977606 0.993576 1.06555 1.04356 0.966275 0.990925 0.986144 1.02036 
0143 0.147287	0.875368 0.94005 0.884446 0.790939 1.03839 0.988185 0.997785 1.0548 0.987946 0.999924 
0144 0.0816935	1.04504 1.12629 1.10092 1.24178 1.01379 1.0467 1.00088 1.0966 1.17568 1.00442 
0145 0.166965	0.969161 1.02038 0.937181 0.960837 0.975043 0.980289 0.954668 1.02338 1.03389 0.995221 
0146 0.0405486	1.12476 1.19412 1.12653 1.30983 0.874279 1.11101 0.976707 1.08878 1.27774 1.10453 
0147 0.112105	1.04445 1.08663 1.05701 1.11611 0.893513 1.00284 0.934612 1.01311 1.10878 1.02475 
0150 0.12894	1.02683 0.984119 0.978847 1.11303 0.946399 1.00587 0.918013 0.939201 0.998466 1.0084 
0151 0.0859599	1.14474 1.09499 1.08869 1.10331 0.921692 1.11079 0.975558 0.995564 1.19991 1.03196 
0152 0.267112	0.977281 0.978673 1.00005 0.987427 1.08449 1.02695 0.984121 0.996634 0.985003 1.00033 
0153 0.107609	1.09482 1.05722 1.04816 1.15034 1.02523 1.05664 1.01746 1.07939 1.09444 1.08627 
0154 0.0700414	1.15818 1.09054 1.13812 1.29663 0.855079 1.03507 0.982968 0.954935 1.15142 1.03836 
0155 0.108246	0.929787 0.956099 1.02997 0.884882 0.967063 1.00434 1.03211 0.990167 1.05613 1.00532 
0156 0.0643107	1.14339 1.13165 1.15596 1.10392 1.04254 1.09685 1.06174 1.09564 1.10282 1.06351 
0157 0.167781	0.875911 0.842728 0.870902 0.889056 1.08914 0.97069 1.01345 0.992633 0.932775 0.992608 
0160 0.172454	0.891497 0.923894 0.959691 0.917876 1.05251 0.924335 1.00422 0.973567 0.927893 1.00026 
0161 0.0442708	0.820375 0.833451 0.859727 0.836876 1.17469 0.880521 1.01954 0.994796 0.783773 0.963906 
0162 0.204572	1.10221 1.21101 1.17168 1.23757 0.946949 1.12354 1.00646 1.06279 1.17102 1.04164 
0163 0.137153	0.986491 0.980185 0.982938 1.029 1.06043 0.969934 0.992016 0.97801 0.913143 1.0487 
0164 0.0604745	1.06881 1.16928 1.15797 1.20647 0.866383 1.11081 0.992788 1.04857 1.09579 1.0398 
0165 0.115162	0.876362 0.916062 0.935746 0.823629 1.01481 0.964032 1.01672 0.995018 0.942576 1.01363 
0166 0.0943287	1.03091 1.00522 0.94522 1.07655 0.967614 0.946344 0.941104 0.930829 0.94948 1.0039 
0167 0.171586	1.01958 1.0399 1.02421 1.01652 0.93899 1.06882 0.969138 1.02958 1.06434 1.04115 
0170 0.0960654	0.927613 0.903374 0.855483 0.943656 0.923342 0.895424 0.917684 0.926444 0.940878 0.995673 
0171 0.147164	0.90628 0.944187 0.948329 0.862145 1.10542 1.02154 1.07607 1.04647 0.940898 1.03064 
0172 0.187021	1.04462 1.07681 1.0333 1.06445 0.947791 1.06138 0.980108 1.03611 1.07081 1.00759 
0173 0.0858457	1.22309 1.21408 1.1276 1.29617 0.920703 0.998825 0.962459 1.01589 1.12015 1.06104 
0174 0.197752	0.876417 0.91623 0.908596 0.926369 1.0365 0.945471 0.999898 0.925646 0.919755 1.03957 
0175 0.122637	1.06365 1.05693 1.0522 1.02229 1.04104 1.05448 1.06912 1.03849 1.01785 1.05007 
0176 0.120593	1.06213 0.995223 0.975146 1.15958 0.949335 0.932706 0.977771 0.97247 0.944508 1.00458 
0177 0.0429228	1.1017 1.0596 1.05783 1.18285 1.00278 1.05247 1.03398 1.06617 1.02815 1.01983 
1000 0.0648949	0.926613 0.941879 0.893186 0.980048 0.953228 0.923563 0.954918 0.937812 0.912893 0.977511 
1001 0.0778739	0.928091 1.04028 1.04838 0.962725 1.07938 1.10424 1.12048 1.08562 1.01111 1.04125 
1002 0.172435	0.835655 0.909949 0.926782 0.826457 1.09801 0.996725 1.07514 0.97503 0.893349 0.982432 
1003 0.0729295	0.860021 0.885502 0.88815 0.88635 1.01784 0.884642 0.971014 0.938864 0.905528 0.978472 
1004 0.322002	1.03015 1.05804 0.983199 1.14371 0.940048 0.95907 0.939298 0.967193 0.978806 0.971348 
1005 0.0964153	1.06226 1.06989 1.08222 1.01139 0.944712 1.04452 1.01285 1.01038 1.05962 1.02791 
1006 0.0933251	0.97351 1.00485 1.01493 1.01132 1.02673 0.999669 1.09351 1.01161 0.981538 1.02289 
1007 0.100124	0.95701 1.07981 1.01534 1.00993 0.944973 0.973386 0.983977 0.985939 0.987023 0.985646 
1010 0.0925342	0.909448 0.869393 0.882971 0.994948 1.02835 0.905888 0.930197 0.850367 0.817946 0.951146 
1011 0.229933	1.07184 1.01559 0.992655 1.08085 0.976324 0.991083 0.977092 0.962277 1.03354 1.01614 
1012 0.134595	1.04132 1.0477 0.993457 0.953769 0.970908 1.02025 0.930273 0.94631 1.02283 0.99122 
1013 0.0658955	0.920243 0.956198 0.968011 0.823809 1.04571 0.998245 1.00232 0.957579 0.992963 0.963404 
1014 0.0963898	1.11193 1.08678 1.04161 1.1984 0.942241 0.966076 0.993885 0.943528 1.01746 1.03312 
1015 0.116719	0.865806 0.938334 0.889317 0.831524 1.09841 1.02122 1.05503 0.960232 0.910954 0.963316 
1016 0.0998948	1.2333 1.23583 1.18739 1.18628 0.917094 1.0964 1.04163 1.07054 1.1081 1.03722 
1017 0.164038	0.942525 1.04602 1.0248 0.936976 1.07617 1.06471 1.07162 1.00461 1.00652 1.00242 
1020 0.116643	0.915113 0.919009 0.883957 1.00844 1.05266 0.87759 1.01336 1.00023 0.936186 0.994368 
1021 0.0583215	1.09759 1.11227 1.02137 1.18829 0.974829 0.994528 0.972653 1.09485 1.17632 0.978517 
1022 0.145092	0.928584 0.903634 0.924662 0.891967 1.11294 0.982894 1.10832 1.11152 0.95671 0.991492 
1023 0.109531	0.950164 0.977551 0.938849 1.0298 0.940856 0.935487 0.930184 0.934187 0.934585 1.01513 
1024 0.14367	1.18166 1.21408 1.15572 1.18395 0.924651 1.12155 1.06365 1.11383 1.23979 1.04882 
1025 0.145092	1.04547 1.12836 1.08266 1.02874 0.96336 1.0934 1.06737 1.07644 1.15737 1.03436 
1026 0.163585	1.07915 1.01383 0.965298 1.10876 0.973142 0.956179 0.962903 1.03006 1.00037 0.965934 
1027 0.118065	0.920578 0.965224 0.949342 0.868606 1.01155 0.995438 1.03242 1.06419 1.1423 0.993121 
1030 0.200809	1.03415 1.0104 0.932543 1.00979 0.999005 1.02149 0.954196 1.01764 1.00512 0.962166 
1031 0.165094	0.938567 0.966511 0.933812 0.908524 1.10575 1.0127 1.00792 1.03429 0.951406 0.965143 
1032 0.0768194	1.0598 0.98601 0.915861 1.03829 0.894435 0.99398 0.952346 0.952823 0.949116 1.00782 
1033 0.106469	0.816823 0.851187 0.841025 0.855613 1.11338 0.932 0.996594 0.947915 0.823482 0.927082 
1034 0.0822102	0.967693 0.930434 0.87499 0.887881 0.97264 0.938397 0.970705 0.950857 0.95505 0.975857 
1035 0.0929919	1.13597 1.17461 1.11828 1.02698 0.930018 1.14627 1.02862 1.12743 1.20518 1.00904 
1036 0.216981	1.08116 1.14203 1.0671 1.12629 0.977589 1.19263 1.0133 1.10754 1.16053 0.970686 
1037 0.0586253	1.12241 1.26523 1.15043 1.34107 0.894897 1.23991 0.983389 1.0447 1.24366 1.01259 
1040 0.133441	1.15189 1.08776 1.08118 1.16833 0.907452 1.08233 0.960805 0.966801 1.12513 1.02681 
1041 0.242572	1.00457 0.975779 1.03249 0.959333 0.979489 1.04378 0.980492 0.937587 1.04084 0.98698 
1042 0.0567261	1.07902 0.971523 1.01161 1.05121 0.949354 1.02977 0.968538 0.941119 0.984349 1.00131 
1043 0.106969	1.15213 1.12035 1.10287 1.22361 0.950039 1.09912 0.986919 0.994279 1.18201 0.987172 
1044 0.0821178	1.10555 1.10337 1.18831 1.02611 0.967691 1.18459 1.07479 1.09427 1.148 1.01151 
1045 0.0551053	1.08277 0.994552 1.03875 1.13172 1.02228 1.03759 0.972984 0.973114 0.929638 0.991134 
1046 0.0837385	1.0174 1.0346 1.07977 0.935358 1.03544 1.08318 1.01829 0.993667 1.09374 0.955438 
1047 0.23933	0.949765 0.936326 0.935475 0.864042 1.08901 0.918185 0.99095 0.968112 0.959931 0.98987 
1050 0.110548	1.01563 1.05397 0.999304 1.04208 1.05198 1.07669 1.013 1.10277 1.00689 0.976425 
1051 0.139106	1.04131 1.05516 0.993287 1.07736 0.899696 1.00048 0.946946 0.998106 1.14149 0.976661 
1052 0.0870567	1.1864 1.17001 1.1591 1.2611 0.916657 1.13847 1.00321 1.09279 1.23135 1.02916 
1053 0.153386	0.909669 0.970612 0.963406 0.925815 1.11908 1.02644 1.0227 0.977543 0.977481 0.948152 
1054 0.0474436	1.04444 0.973757 0.98812 1.25368 0.959333 0.955897 0.934518 0.977924 1.00701 0.969655 
1055 0.168586	1.06535 1.11189 1.12827 1.06109 0.994087 1.10288 0.973398 1.08231 1.16403 0.949189 
1056 0.141409	0.943096 1.02686 1.03082 0.889859 0.965487 1.04153 0.988704 1.07777 1.05172 0.954023 
1057 0.152464	0.84538 0.83057 0.878929 0.851657 1.07474 0.880638 0.958711 0.964335 0.940039 0.929156 
1060 0.141947	1.11739 1.13431 1.14044 1.21073 0.923651 1.09091 1.0172 1.07714 1.09415 1.04034 
1061 0.10828	0.826197 0.85385 0.890218 0.824396 1.13083 0.913993 1.04049 0.966312 0.903431 0.977788 
1062 0.0727934	0.934381 0.994049 0.939038 1.05439 0.957606 0.951188 0.915178 0.917423 0.957323 0.955562 
1063 0.0473157	1.03739 1.06903 1.09408 1.1412 0.927502 1.03615 0.964268 1.0243 1.08783 1.01462 
1064 0.21838	0.957478 0.981179 0.992414 1.04437 1.03605 0.951173 0.988661 0.966583 0.968952 1.01276 
1065 0.161965	1.01313 1.02744 1.06521 1.02507 0.98803 1.00621 1.00275 1.03889 1.08272 1.01647 
1066 0.0582348	0.957058 1.12057 1.11192 0.944617 0.98399 1.10984 1.06214 1.11243 1.25992 1.03655 
1067 0.191083	0.865747 0.927105 0.911055 0.918076 1.04888 0.94341 0.984208 1.0036 0.942245 0.984302 
1070 0.17985	1.15368 1.0987 1.12815 1.23985 0.929359 1.10369 0.940728 0.987498 1.07878 1.01955 
1071 0.0822748	1.07177 1.06294 1.03766 1.09935 0.958043 1.07524 0.937246 0.95437 1.09775 1.01102 
1072 0.156467	0.857666 0.868655 0.894018 0.832827 1.07645 0.989144 1.0063 0.985787 0.911639 0.97878 
1073 0.0707275	0.925785 0.945642 0.967591 0.914552 1.14379 0.977082 1.05416 1.01144 0.884237 1.04243 
1074 0.229792	1.00143 0.947011 1.01236 1.00072 1.01571 0.960044 1.01721 0.98059 0.97423 1.01131 
1075 0.0932448	1.1174 1.14501 1.0973 1.11812 0.973641 1.1121 1.02798 1.06054 1.10837 1.07625 
1076 0.13597	0.988818 0.982579 1.00574 0.941138 0.957258 0.973879 1.01204 0.974539 1.00534 1.0188 
1077 0.0516744	1.06698 1.17513 1.19028 1.03867 1.02972 1.24537 1.10107 1.15558 1.25189 1.05292 
1100 0.0939073	1.02333 0.971096 0.975687 1.00196 0.991136 0.961039 0.973152 1.00884 1.07104 0.980502 
1101 0.0838396	1.15338 1.16956 1.15179 1.08894 1.03788 1.14925 1.0524 1.17612 1.21112 0.985203 
1102 0.109877	0.89229 0.858902 0.918996 0.844026 1.13316 0.945918 0.989121 0.991223 0.92602 0.924904 
1103 0.0741191	0.956282 1.01602 1.00012 0.917949 1.05707 1.01946 1.014 1.06156 1.04574 0.973108 
1104 0.126367	0.927574 0.869809 0.889687 0.874491 0.98717 0.89947 0.925846 0.915227 0.912844 0.966752 
1105 0.237806	1.09999 1.08988 1.109 1.14947 0.994066 1.01879 1.01085 1.03517 1.08469 1.00135 
1106 0.209512	1.01426 1.07983 1.0332 1.13801 0.869972 0.967608 0.906588 0.964761 1.05475 0.988225 
1107 0.0645721	1.01622 1.02572 1.01449 1.00199 1.09591 0.994282 1.05847 1.09637 1.07481 0.990943 
1110 0.0518282	1.14443 1.24119 1.25619 1.26124 0.981922 1.2534 1.06283 1.13915 1.19343 1.02186 
1111 0.0899894	0.866207 0.893982 0.895882 0.827432 1.12711 1.01137 0.978301 1.00933 0.893602 0.935073 
1112 0.0878594	0.80077 0.824456 0.869807 0.81276 1.0029 0.928283 0.924541 0.9068 0.915374 0.925137 
1113 0.244054	0.990449 0.958174 0.938909 0.991107 0.996791 0.943147 0.951213 0.922969 0.948664 0.978031 
1114 0.0683351	1.02047 0.98452 0.953225 1.15153 0.909543 0.967802 0.869618 0.917083 0.936117 0.97236 
1115 0.198971	1.11019 1.1089 1.10232 1.17933 0.991783 1.09008 1.02985 1.01777 1.06487 0.980926 
1116 0.0972666	1.02843 1.09423 1.10949 0.984767 0.940745 1.1236 1.00523 1.06279 1.0568 1.00543 
1117 0.161697	0.862413 0.982766 0.995736 0.883724 1.03304 1.03589 1.0465 1.03799 0.992253 0.999062 
1120 0.185122	0.863937 0.882174 0.933606 0.834664 1.02657 0.896354 0.9761 0.949175 0.919418 0.958963 
1121 0.0903897	1.12049 1.16201 1.15104 1.05993 0.945139 1.04344 1.03184 1.02834 1.10564 1.04209 
1122 0.110387	1.02084 1.05263 1.09041 1.02649 1.03668 1.08745 1.04377 1.06183 1.05495 1.01387 
1123 0.15084	1.00514 0.958284 0.976644 1.06098 0.978495 1.0156 0.943199 0.969939 0.936272 0.998182 
1124 0.195406	0.979751 0.958986 0.99261 0.951042 1.09699 1.06584 1.02454 1.00143 0.91892 1.01983 
1125 0.141355	1.09491 1.07677 1.085 1.2139 0.969343 1.01355 0.959005 1.04325 1.00755 0.978121 
1126 0.0530225	1.18165 1.24747 1.21611 1.31535 0.895278 1.15277 0.981237 1.06618 1.22087 1.06298 
1127 0.0734773	0.959585 1.01177 1.0244 0.910032 0.922251 0.961246 0.98033 1.00122 1.01457 1.02123 
1130 0.156111	1.00346 0.994353 0.989509 1.01115 1.08126 0.991965 1.01359 0.993424 0.982306 0.966407 
1131 0.146457	0.974429 0.96432 0.943547 0.888477 1.02926 0.938132 0.978017 0.953593 0.984628 0.972218 
1132 0.124059	1.01747 0.99943 1.00105 1.06344 0.973199 0.941423 0.966184 0.969856 1.01789 1.01274 
1133 0.145491	1.06894 1.07353 1.04313 1.17475 0.987321 0.948529 0.992226 1.05691 1.01972 0.998881 
1134 0.129369	0.867241 0.874741 0.911979 0.853001 1.10708 0.858852 0.941771 0.940332 0.854002 0.942623 
1135 0.116914	1.09597 1.20051 1.18732 1.07381 0.966119 1.05706 1.00761 1.06728 1.12525 1.00147 
1136 0.127438	1.08367 1.09504 1.05378 1.13833 0.863378 0.989469 0.923892 0.953229 1.07817 0.977815 
1137 0.054161	0.925829 0.908296 0.913518 0.931664 0.936981 0.884555 0.905404 0.936333 0.992569 0.927132 
1140 0.178393	1.01506 0.967286 0.956883 0.953462 0.993477 1.00623 0.952005 0.998538 0.965014 0.958995 
1141 0.0783023	1.05968 0.993446 0.966771 1.10452 1.07526 1.00764 1.00291 1.0063 0.963504 1.01745 
1142 0.112801	1.0808 1.0892 1.0617 1.06011 1.00646 1.05998 1.04184 1.07698 1.0963 1.03134 
1143 0.170903	1.22829 1.14568 1.10018 1.19533 0.92283 1.00455 1.00532 1.05664 1.08156 1.06514 
1144 0.0755788	1.08107 1.06599 0.982652 0.99948 0.885211 0.973466 0.959655 1.04012 1.04854 1.01671 
1145 0.0851112	1.09582 1.04142 0.980001 1.10485 0.972146 0.947734 0.959142 0.99006 0.982964 1.01395 
1146 0.225601	0.93909 0.900624 0.901661 0.90434 1.08558 0.947291 0.99676 1.03307 0.957047 0.977517 
1147 0.0733091	0.9321 0.930313 0.921599 0.86907 0.944222 0.931795 0.947334 0.991525 1.03224 0.985595 
1150 0.106187	0.939848 0.889131 0.928491 1.03152 1.0477 0.886808 1.00251 0.949919 0.9431 0.994089 
1151 0.11703	1.06141 1.12545 1.1139 1.01443 0.927611 1.06818 1.04568 1.09088 1.18081 1.04221 
1152 0.176193	1.02187 1.02921 0.997396 1.06743 0.93865 0.997272 0.960526 1.0082 1.06457 1.01605 
1153 0.15604	0.929196 0.887 0.913915 0.841406 1.10168 0.856715 1.03299 0.993101 0.894233 0.960653 
1154 0.0775486	0.996733 1.06712 1.04463 1.02637 1.03882 1.00748 1.02443 1.05937 1.1079 1.01382 
1155 0.0668238	1.01141 1.08139 1.05936 1.03189 1.0976 1.04625 1.05948 1.03899 1.1089 1.00866 
1156 0.18845	0.93247 0.965184 0.992225 0.912524 0.979204 0.969411 1.00385 0.954033 1.04273 1.01731 
1157 0.111727	1.16598 1.17551 1.08828 1.23016 0.89435 0.976801 0.988358 0.974563 1.15095 1.04196 
1160 0.0521297	0.837489 0.818198 0.866086 0.743588 1.05703 0.917714 1.0519 0.996093 0.852248 0.980526 
1161 0.120364	0.904472 0.857697 0.904394 0.847874 1.06916 0.881574 1.07313 1.10115 0.901821 0.997711 
1162 0.224412	0.996443 1.0062 0.976601 0.929842 0.948573 1.02839 0.979125 1.06505 1.09698 0.986449 
1163 0.086459	1.04625 0.894149 0.900896 1.07524 1.0149 0.904734 1.04808 1.04381 0.905913 1.02539 
1164 0.115914	1.11822 1.0772 1.03448 1.20453 0.926984 1.05874 1.01282 1.08457 1.12287 1.03153 
1165 0.0807374	0.926399 0.872671 0.94881 0.950841 1.05597 0.983751 1.06203 1.04596 0.899185 0.985461 
1166 0.248782	1.07834 1.02807 1.05755 1.05228 1.00081 1.07353 1.07601 1.12166 1.10267 1.02543 
1167 0.0712015	1.27092 1.22208 1.23754 1.31309 0.923479 1.12042 1.05261 1.11561 1.22566 1.08756 
1170 0.146067	1.06072 1.07721 1.03749 1.05519 1.07422 1.06161 1.09365 1.06002 1.03706 1.04756 
1171 0.071842	1.10541 1.08348 1.08397 1.1379 0.862388 1.03224 1.02249 0.976866 1.08013 1.03296 
1172 0.148791	1.12387 1.0948 1.0866 1.28362 0.926024 1.02214 0.949832 0.976851 1.09764 1.02815 
1173 0.105209	0.873527 0.809916 0.850817 0.861242 1.11732 0.817901 0.994773 0.923735 0.839279 0.970085 
1174 0.157984	0.904585 0.951208 0.948047 0.879512 1.00842 0.974788 1.04994 0.906062 0.967738 0.972343 
1175 0.122234	0.892265 0.868345 0.949006 0.913685 0.953952 0.917586 0.985345 0.890622 0.895885 0.989327 
1176 0.0691181	1.18387 1.25585 1.24317 1.18343 0.974703 1.16579 1.12856 1.09226 1.21732 1.07122 
1177 0.178754	1.05211 1.00893 1.0206 1.01334 0.968235 1.04482 1.05214 0.999965 1.02279 1.03986 
BOUNDS
LWPS R    0.0  0.0  0.0  0.0  0.0  0.0  0.0  0.0  0.0  0.0
UWPS R    0.5  0.5  0.5  0.5  0.5  0.5  0.5  0.5  0.5  0.5
LXAS R   -0.5 -0.5 -0.5 -0.5 -0.5 -0.5 -0.5 -0.5 -0.5 -0.5
UXAS R    0.5  0.5  0.5  0.5  0.5  0.5  0.5  0.5  0.5  0.5
END
