NAME moment_estimation_cluster
ASSETS 10
BENCHMARKS 0.1 0.1 0.1 0.1 0.1 0.1 0.1 0.1 0.1 0.1 
COVARIANCES
0 0 0.00853348
1 0 0.00768178
1 1 0.00826617
2 0 0.00614581
2 1 0.00658871
2 2 0.005849
3 0 0.0110339
3 1 0.00973607
3 2 0.00761378
3 3 0.0162071
4 0 -0.00481826
4 1 -0.00431707
4 2 -0.00328266
4 3 -0.0064602
4 4 0.00466838
5 0 0.00340346
5 1 0.00432084
5 2 0.0038335
5 3 0.00402225
5 4 -0.00148401
5 5 0.00333541
6 0 -0.000535378
6 1 -9.33801e-05
6 2 0.0003849
6 3 -0.00151288
6 4 0.00128272
6 5 0.000674918
6 6 0.00149909
7 0 0.0016799
7 1 0.00208691
7 2 0.00201758
7 3 0.00115726
7 4 0.000327448
7 5 0.00199949
7 6 0.00163195
7 7 0.00342297
8 0 0.00587872
8 1 0.00675516
8 2 0.00560187
8 3 0.00718964
8 4 -0.00369775
8 5 0.00406172
8 6 0.000321753
8 7 0.00252324
8 8 0.00685382
9 0 0.00184296
9 1 0.00159478
9 2 0.0013354
9 3 0.00203381
9 4 -0.000825927
9 5 0.000761277
9 6 0.000380454
9 7 0.000968733
9 8 0.00135441
9 9 0.000887179
SCENARIOS
0 0.58068	1.05982 1.07665 1.05404 1.10199 0.962372 1.05413 0.994654 1.00225 1.04259 1.01144 
1 0.41932	0.933717 0.932274 0.950466 0.896 1.05208 0.963515 1.01613 0.972715 0.937696 0.990245 
00 0.697648	0.958215 0.948002 0.948366 0.933882 1.02609 0.962642 0.974189 0.983468 0.97825 0.986651 
01 0.302352	1.14791 1.1089 1.10589 1.19106 0.93779 1.06955 0.995686 1.05375 1.11631 1.03453 
10 0.431079	0.909643 0.931453 0.938829 0.885092 1.06172 0.997101 1.00203 1.02403 0.917393 0.961267 
11 0.568921	1.03908 1.08409 1.05897 1.11432 0.958363 1.04796 0.990655 1.03575 1.09451 1.01375 
000 0.0875318	1.28493 1.1711 1.15395 1.32548 0.865522 1.01217 1.01871 1.03727 1.08944 1.0368 
001 0.0943941	1.12308 1.12916 1.11161 1.1933 0.95562 1.00498 1.02031 1.039 1.08144 1.01553 
002 0.0995532	1.11075 1.07898 1.05051 1.12 0.856697 1.00472 0.964085 0.968892 1.07078 1.03238 
003 0.136358	0.988388 0.980614 1.02072 1.04963 1.0311 0.975035 1.04333 1.03884 1.01474 0.997224 
004 0.132088	1.02925 1.02906 1.04017 1.00644 0.926118 0.982772 1.01253 1.01137 1.02821 1.02549 
005 0.28138	0.873894 0.897863 0.934745 0.832738 1.08492 0.956637 1.05311 0.977603 0.883756 0.972072 
006 0.0818049	0.949425 0.888929 0.926211 0.959259 1.00802 0.869654 0.963459 0.931251 0.899051 0.994182 
007 0.08689	1.05454 1.0849 1.11289 1.00103 1.00587 1.11306 1.08458 1.1193 1.07363 1.03288 
010 0.126274	1.2334 1.17009 1.09155 1.30496 0.910195 1.02088 0.957901 0.997646 1.0827 1.0592 
011 0.074728	1.00632 0.991383 0.952486 0.984376 0.884723 0.915535 0.941375 0.866534 1.03055 0.965725 
012 0.0636213	0.871454 0.896924 0.900222 0.802716 1.16555 0.898837 1.03568 1.01245 0.875101 0.991992 
013 0.0582104	0.852204 0.918796 0.940053 0.783076 1.07076 0.937504 1.05651 0.975996 0.965018 0.969236 
014 0.126844	0.926718 0.90215 0.903059 0.987468 1.02962 0.927811 0.957807 0.932518 0.906764 0.967546 
015 0.26001	1.02566 1.07416 1.05137 1.00489 0.987987 1.00176 1.03758 1.05317 1.03544 1.02035 
016 0.149513	0.965235 0.9721 0.968455 0.900557 1.08194 0.924553 1.04712 1.02018 0.943245 0.990781 
017 0.140799	1.11333 1.15376 1.0944 1.15548 0.899813 1.03148 0.960667 0.925599 1.08862 0.985291 
100 0.0941027	1.05636 1.06995 1.01291 1.09242 0.870096 0.986053 0.947331 0.965843 1.11127 1.04934 
101 0.0818212	1.02451 1.08227 1.04815 0.98224 0.955814 1.04228 1.00893 1.05629 1.12414 1.0254 
102 0.0877407	1.00104 0.977355 0.951293 1.11334 1.00341 0.972433 0.960496 0.923579 0.942847 1.02169 
103 0.147931	0.941023 0.947041 0.95889 0.866396 1.12874 1.00329 1.06071 1.0941 1.02309 0.996976 
104 0.0840894	1.05981 1.11965 1.08682 1.14164 0.95135 1.08244 0.963005 1.03881 1.17142 1.0231 
105 0.302113	0.956389 0.894796 0.941294 0.925829 1.03044 0.916032 0.993556 0.967859 0.947331 1.00963 
106 0.095707	1.20531 1.18032 1.15365 1.35071 0.903552 1.06202 1.01125 1.08689 1.15978 1.05665 
107 0.106495	1.13791 1.07787 1.04786 1.14861 1.01759 0.973911 1.0711 1.07288 1.04965 1.05631 
110 0.219064	0.975596 0.930262 0.957708 0.940608 1.02409 0.930145 0.997938 0.989286 0.95785 0.97237 
111 0.103244	0.977108 1.00768 1.01485 0.904176 1.06953 1.03485 1.04529 1.09256 1.0381 0.994696 
112 0.0990107	1.19278 1.07217 1.08648 1.14917 0.857604 0.962563 0.959008 0.968516 1.06498 1.02448 
113 0.0593981	1.28474 1.26502 1.17914 1.39178 0.915072 1.09471 1.02724 1.08379 1.19391 1.05327 
114 0.126719	0.864704 0.861311 0.865656 0.81328 1.12564 0.949713 1.01582 1.00828 0.837706 0.949687 
115 0.164026	1.17167 1.07759 1.08089 1.1882 0.983152 0.9972 1.01995 1.06808 1.04448 1.01071 
116 0.118503	0.983005 0.923522 0.927393 0.972703 0.925462 0.933444 0.945552 0.883609 0.936117 0.978757 
117 0.110035	1.04464 1.08358 1.06048 1.02465 0.964563 1.03544 1.03078 1.0792 1.07247 1.02016 
0000 0.0783982	1.14244 1.22241 1.15947 1.31715 0.87309 1.12418 0.98538 1.00131 1.25225 0.99882 
0001 0.145516	0.901442 0.970683 0.946072 0.960078 0.942992 1.07015 0.91752 0.861691 1.06786 1.01475 
0002 0.190073	0.891721 0.908208 0.919718 0.894518 1.03476 0.979329 0.977571 0.991299 1.04585 1.01532 
0003 0.0631698	0.870162 0.98181 1.01851 0.849569 1.01032 1.053 0.9877 1.00301 1.03941 0.965008 
0004 0.106035	0.834611 0.90135 0.909359 0.852992 1.11884 1.02342 1.00274 1.03488 0.946845 0.969677 
0005 0.137056	0.99066 1.016 0.996148 1.10539 1.05487 1.08582 0.962049 0.965117 0.989533 1.00606 
0006 0.0995488	1.00473 1.15257 1.15392 1.07724 0.895184 1.15986 1.02903 0.955526 1.14972 1.03802 
0007 0.180203	1.04238 1.06123 1.02029 1.13164 0.968531 1.07201 0.926739 1.0082 1.05298 1.01618 
0010 0.266998	0.943468 0.901788 0.905369 0.885404 1.05973 0.953475 0.968866 0.998332 0.922311 0.999007 
0011 0.0802824	0.903595 0.910396 0.916351 0.840081 1.15874 1.0376 1.01162 0.996884 0.91621 1.0023 
0012 0.0638075	1.1793 1.16073 1.14756 1.28822 0.882463 1.13559 1.02891 0.991315 1.08841 1.04029 
0013 0.114801	0.995767 0.979024 0.966639 1.04037 0.922005 0.996649 0.956025 0.960877 0.962113 0.981459 
0014 0.237448	1.00741 1.04329 1.02385 0.980936 1.02415 1.11129 1.02568 1.02504 1.00635 1.00485 
0015 0.0606695	1.13611 1.15119 1.14372 1.09592 0.942683 1.08905 1.06369 1.11154 1.10922 1.08142 
0016 0.0643305	1.07828 1.0599 1.05628 1.19698 1.06213 1.07506 1.05239 1.05822 0.993527 1.05604 
0017 0.111663	1.05736 1.04459 1.04291 1.11525 0.997149 1.04397 0.931502 0.960866 0.97114 0.961003 
0020 0.0885197	1.03684 1.01674 1.01581 1.04552 0.967098 1.01474 0.996499 1.02507 1.04672 0.984564 
0021 0.298289	0.96639 0.953897 0.984303 0.88601 1.03264 0.976274 1.03638 1.06592 0.996137 1.00108 
0022 0.0776097	0.942338 0.881723 0.906735 1.04789 0.964448 0.881346 0.970331 0.85645 0.893916 0.973625 
0023 0.149021	1.09795 1.08401 1.12273 1.05636 0.956794 1.04513 1.03824 1.07293 1.11489 1.03366 
0024 0.0825688	1.20109 1.18708 1.20005 1.20662 0.91816 1.03357 1.06001 1.09352 1.17998 1.02116 
0025 0.108356	0.9195 0.899804 0.912645 0.991953 1.0355 0.953245 0.982558 0.939643 0.912637 0.956466 
0026 0.101661	0.909632 0.86704 0.897275 0.9341 1.14478 0.870173 1.01674 0.991755 0.840216 0.994955 
0027 0.0939747	1.15282 1.07621 1.06652 1.24886 0.973122 0.951777 0.960475 1.0266 1.02685 1.02055 
0030 0.131427	1.12333 1.06592 1.04196 1.14178 0.93358 1.04182 0.970622 0.968624 1.0478 1.0152 
0031 0.242759	0.900244 0.94923 0.918406 0.842412 1.08557 0.956586 1.02371 1.0319 0.911799 0.997351 
0032 0.171796	1.00072 0.936315 0.933519 0.947227 1.00434 0.996196 0.955812 0.86448 0.887006 0.988336 
0033 0.0635409	1.11499 1.01128 0.976976 1.1675 1.03603 1.0096 0.96771 1.02875 0.871863 1.0054 
0034 0.0695148	1.18605 1.164 1.09676 1.11419 0.908816 1.05723 1.02608 1.0908 1.17521 1.02082 
0035 0.0508689	1.16158 1.12994 1.07514 1.24112 0.860791 1.06321 0.905659 0.901282 0.970448 1.01537 
0036 0.128892	1.06187 1.14237 1.12115 1.03246 1.0482 1.09984 1.09699 1.09105 1.05483 1.0221 
0037 0.141202	1.03921 1.02886 0.957046 0.981929 0.943501 0.97194 0.941892 0.931005 0.953813 1.03209 
0040 0.192674	0.839363 0.896693 0.895764 0.870441 1.07959 0.989306 0.982831 0.919123 0.961176 0.941841 
0041 0.156793	1.0171 1.11066 1.07383 1.02206 1.01654 1.03671 1.08886 1.05864 1.09427 1.00236 
0042 0.198094	0.960124 1.0063 1.01056 0.908526 0.997234 1.03032 0.99912 1.03148 1.03242 0.964124 
0043 0.0962437	1.0336 1.01063 0.991939 1.11686 0.973844 1.01077 0.975612 1.03009 0.994285 0.962411 
0044 0.0558774	1.20898 1.18058 1.15219 1.33662 0.898949 1.07202 0.970127 1.00753 1.12991 1.00978 
0045 0.0902635	0.998025 1.00347 1.00043 1.0835 1.04658 1.07684 1.02606 1.01366 1.04359 0.996911 
0046 0.120912	1.19465 1.15175 1.15001 1.19836 0.927936 1.18109 1.0358 1.08733 1.19497 1.02528 
0047 0.0891422	1.06294 1.04201 1.0654 1.04867 0.923266 1.02897 0.956155 0.963592 1.11988 0.976266 
0050 0.142907	0.949958 0.925496 0.93741 0.886038 0.944786 0.954717 0.918732 0.8964 0.970475 0.986716 
0051 0.0777261	1.01099 1.03665 1.00615 1.10039 1.12842 1.01202 1.08292 1.0879 0.984802 1.04554 
0052 0.10922	1.10038 1.0554 1.05511 1.09375 0.886234 0.949163 0.937112 0.986723 1.13798 0.991671 
0053 0.194578	0.983233 1.00171 0.979442 1.04983 0.982621 1.03294 0.972552 1.05215 1.03815 0.993051 
0054 0.260725	0.887259 0.918465 0.9255 0.888209 1.12242 0.989896 0.997092 0.981567 0.954107 0.998979 
0055 0.0721116	1.11737 1.16204 1.16225 1.17302 0.946144 1.11512 1.00997 1.08529 1.20515 1.0485 
0056 0.0817616	1.26664 1.20667 1.1591 1.3475 0.925487 1.12501 0.948774 1.05941 1.16374 1.0509 
0057 0.0609703	1.02795 1.08699 1.0618 0.919333 1.01497 1.015 1.07843 1.12737 1.2332 0.993943 
0060 0.0727218	1.06913 1.03538 1.00406 1.22471 0.885233 0.970062 0.91771 0.871667 1.02983 0.986679 
0061 0.068799	0.962336 0.937835 0.932566 0.913771 0.900538 0.976052 0.988565 0.931773 0.91482 0.995255 
0062 0.157212	0.999007 1.06639 1.02757 0.938912 0.978486 1.13347 1.06483 1.02934 1.10705 1.00856 
0063 0.183162	0.945874 0.957276 0.951528 1.00196 0.968963 0.973682 0.996981 1.00301 0.956186 0.970892 
0064 0.140012	1.14322 1.18534 1.12264 1.21914 0.95898 1.16793 1.05263 1.03887 1.02469 1.00131 
0065 0.054315	0.843114 0.898432 0.903049 0.784123 1.04693 0.985315 1.05907 0.992808 0.976455 0.941383 
0066 0.265238	1.00667 0.995353 1.00207 1.03645 1.04545 0.976714 1.03558 0.996357 0.954133 1.02345 
0067 0.0585395	0.917651 0.966863 0.943232 0.899166 1.17327 1.10848 1.0969 1.10716 1.00196 0.955886 
0070 0.209375	0.954669 0.945521 0.941755 0.926291 0.94875 0.937563 0.952474 0.972556 0.992676 0.989692 
0071 0.187216	1.12561 1.1414 1.06702 1.11675 0.918757 0.990688 1.0157 1.00974 1.12596 0.974449 
0072 0.11875	1.03035 1.05468 0.982213 1.10211 1.02153 1.03091 0.977078 0.986754 1.05711 1.00727 
0073 0.0855114	1.22414 1.23848 1.17189 1.28097 0.920108 1.04381 0.981861 0.960789 1.19322 1.03094 
0074 0.162784	1.06752 1.0654 1.05271 1.00598 0.982423 0.987246 1.08398 1.06006 1.08794 1.02291 
0075 0.0707386	0.88842 0.917951 0.91475 0.750117 1.04879 0.948445 0.981548 0.912518 0.980202 0.940727 
0076 0.071875	0.901425 0.88493 0.88843 0.933358 1.06538 0.922081 0.958385 0.885964 0.904359 0.990522 
0077 0.09375	0.992302 1.01598 0.979806 0.919862 1.12496 0.94772 1.03948 1.02521 0.941485 0.998153 
0100 0.213351	1.11854 1.13528 1.09089 1.24731 0.926147 1.03312 0.946209 1.06172 1.12602 0.966952 
0101 0.142986	0.891204 0.870782 0.886648 0.960482 1.05136 0.918918 0.983921 0.946635 0.934239 0.957035 
0102 0.133514	0.844424 0.850995 0.900465 0.786355 1.15905 0.953056 1.04604 0.97668 0.869066 0.960771 
0103 0.155616	0.960569 1.0103 0.956972 1.0509 1.008 0.968414 1.00081 0.972414 0.962727 0.968229 
0104 0.145692	0.942324 0.977759 1.00949 0.945535 1.03995 1.03316 1.02302 0.992498 0.988115 0.978094 
0105 0.0572846	0.835892 0.839501 0.91804 0.874475 0.994924 0.911453 1.02504 0.975931 0.865619 0.940173 
0106 0.0735228	1.09777 1.13282 1.13451 0.963404 0.973234 1.10312 1.10247 1.07522 1.22218 1.02324 
0107 0.0780334	1.01521 1.02368 1.04527 1.11323 0.877888 0.976779 0.892801 0.930443 1.08689 0.905502 
0110 0.124238	1.06278 1.11091 1.1179 1.02821 0.940931 1.11777 0.961455 0.984026 1.00571 1.01779 
0111 0.238567	0.946379 0.948367 1.00835 0.947342 1.02717 1.00625 1.02362 1.01845 1.0036 1.01371 
0112 0.0731707	1.22735 1.18912 1.11279 1.30365 0.925063 1.03135 0.953381 1.10191 1.0581 1.0246 
0113 0.122713	0.891863 0.96037 0.934515 0.828355 1.07304 0.988068 0.997491 1.05174 0.892539 1.0347 
0114 0.105945	0.972534 1.01891 1.03504 0.975244 1.11617 1.01199 1.01703 1.08069 1.00094 1.00129 
0115 0.16997	1.01729 1.04139 1.03133 1.148 0.994984 1.02919 0.972265 1.08479 0.99051 0.989753 
0116 0.0564024	0.791223 0.814859 0.892421 0.812852 1.11972 0.886217 1.0496 1.0486 0.865811 0.975407 
0117 0.108994	1.04479 0.975118 1.00763 1.10666 0.931066 0.94576 0.917468 0.973085 0.962687 1.0258 
0120 0.0940018	1.10745 1.15756 1.1736 1.13811 0.946333 1.12551 1.1127 1.12602 1.14482 1.06432 
0121 0.207699	0.944527 0.950606 0.946929 0.987007 1.00456 0.980617 1.01597 0.913466 1.06026 0.994479 
0122 0.0787825	1.08225 1.06421 1.0837 1.16723 1.033 1.09277 1.03019 1.06174 1.10661 0.963826 
0123 0.0725157	1.03898 0.959201 0.997291 1.12698 0.975205 1.00696 0.997186 0.986153 0.950382 0.991555 
0124 0.172784	0.986861 0.944835 0.983959 0.920307 1.13004 1.04727 1.11627 1.08073 0.951062 1.02896 
0125 0.0662489	1.05285 1.11007 1.06553 1.01007 0.952468 1.1396 1.01038 1.03626 1.10886 1.01169 
0126 0.162041	0.926982 0.884731 0.871528 0.870616 0.992893 0.901522 0.960574 0.914845 0.944123 0.998922 
0127 0.145927	1.10514 1.10309 1.07626 1.17736 0.895248 1.03392 1.01687 0.999259 1.10297 1.03397 
0130 0.0714286	1.13648 1.21906 1.20443 1.12294 0.961297 1.25911 1.1017 1.20177 1.20358 1.00358 
0131 0.1409	1.05542 1.03307 0.988844 1.02327 0.875368 0.95245 0.947645 0.988134 1.04386 1.04865 
0132 0.0704501	0.797702 0.81138 0.879491 0.788069 1.1188 0.968911 1.00019 1.0193 0.893326 0.951901 
0133 0.156556	1.11951 1.07315 1.01216 1.12082 0.962182 1.0503 0.936398 1.0607 1.0354 1.00734 
0134 0.0684932	1.04447 0.957871 0.909751 1.0586 0.948463 0.879679 0.906076 0.881817 0.946534 1.0074 
0135 0.0675147	1.224 1.20591 1.13208 1.32258 0.869478 1.06831 0.947409 1.03546 1.12845 1.06868 
0136 0.318004	0.969656 0.90068 0.930036 0.921051 1.01013 0.954753 0.955203 0.963249 0.850554 0.973758 
0137 0.106654	0.995991 0.999904 0.99311 0.9428 1.06912 1.10211 1.12745 1.18324 1.0933 1.02955 
0140 0.163898	0.939176 0.914249 0.936019 0.930063 0.967935 0.849399 0.938242 0.940056 0.90771 0.999122 
0141 0.052537	1.06095 1.00725 0.964882 1.04161 0.89408 0.963948 0.981035 0.967254 1.00899 1.02729 
0142 0.0534351	1.13255 1.09972 1.08104 1.1073 0.932637 1.02764 0.970509 1.00582 1.06875 1.02287 
0143 0.116749	1.1001 1.02639 0.988713 1.11457 0.986131 0.932173 0.983437 0.965472 0.947857 1.02893 
0144 0.06511	1.21977 1.12262 1.12644 1.17907 0.913302 1.0644 1.05189 1.00665 1.08031 1.08681 
0145 0.254154	0.906881 0.970624 0.955235 0.869862 1.08128 0.912102 1.01013 0.965507 0.97949 0.983841 
0146 0.117647	1.23376 1.15928 1.14991 1.27999 0.958072 1.02885 1.04026 1.01129 1.03976 1.06671 
0147 0.176471	1.06273 1.04429 1.02988 1.00985 1.02778 0.917362 1.00219 1.0846 1.06206 0.998275 
0150 0.159255	0.955914 0.912696 0.924718 0.913329 1.08538 0.909351 0.989861 0.945951 0.886531 0.966783 
0151 0.0492881	1.04195 1.13032 1.10636 1.06401 1.01367 1.08677 1.00901 1.00829 1.15672 0.968221 
0152 0.143921	0.954235 0.949211 0.963273 0.859558 0.985648 0.992933 1.02884 1.00001 1.00197 0.974509 
0153 0.0562979	1.05745 1.01593 1.02927 0.992715 1.06929 1.04603 1.08113 1.07441 1.02034 1.01789 
0154 0.187952	1.00245 0.896049 0.898417 0.970359 0.994107 0.957878 0.942119 0.895662 0.872945 0.99305 
0155 0.13713	1.02048 1.01141 0.988851 1.06999 0.96285 1.02669 0.938305 0.918492 1.00724 0.945845 
0156 0.106243	1.14226 1.01375 0.976768 1.16359 0.914056 0.958836 0.942111 0.932076 1.0238 1.01615 
0157 0.159912	1.18395 1.1619 1.13898 1.24052 0.934867 1.12147 0.979306 1.10687 1.13136 1.02088 
0160 0.0674286	0.891705 1.0215 1.018 0.887083 1.0712 1.10976 1.00906 1.04033 1.02742 0.954646 
0161 0.100571	0.905408 1.00522 0.963358 0.927922 0.918348 1.04406 0.961143 0.93023 1.09921 0.973501 
0162 0.126095	0.79036 0.837539 0.876697 0.834679 1.12594 0.950827 0.941511 0.936515 0.861944 0.918474 
0163 0.0773333	0.910265 0.950031 0.967221 0.926734 1.05906 1.04819 1.00941 0.979228 1.0013 0.975067 
0164 0.0659048	0.909713 0.870613 0.886355 0.949165 0.99439 0.954365 0.936101 0.88405 0.845956 0.924836 
0165 0.32381	0.983556 1.00234 1.02191 1.09632 0.968176 1.10592 0.961745 0.973037 1.00839 0.963404 
0166 0.167619	1.06277 1.17655 1.15789 1.14497 0.95053 1.21084 1.00902 1.06968 1.23764 1.07319 
0167 0.0712381	1.06742 1.07575 1.04453 1.17752 1.09109 0.993466 0.973196 0.999785 0.928212 0.98516 
0170 0.236246	0.987325 0.904762 0.936105 0.936149 0.998059 0.973182 1.02083 1.01715 0.957172 1.01806 
0171 0.108819	0.941384 0.982447 1.0122 0.92922 1.09197 1.02092 1.06349 1.15479 1.09554 1.01469 
0172 0.204288	1.10533 1.07099 1.10945 1.11628 0.91734 1.01223 1.02502 1.05758 1.13146 1.02897 
0173 0.0481392	0.864282 0.856718 0.918876 0.774366 1.08991 0.923933 1.04762 1.0057 0.907545 0.991571 
0174 0.0740291	1.09565 1.10444 1.192 1.04873 1.0349 1.14426 1.07915 1.16322 1.10626 1.01755 
0175 0.188107	0.970378 0.923839 0.886598 1.06461 0.97195 0.86799 0.957875 0.983936 0.914525 1.03129 
0176 0.0610841	0.907989 0.864242 0.940693 0.844619 1.11618 0.982265 1.04705 1.12594 0.890939 1.02966 
0177 0.079288	1.22296 1.18555 1.10528 1.28409 0.907838 0.985393 0.970549 0.985217 1.08645 1.07763 
1000 0.154615	1.08527 0.998604 1.02262 1.2206 0.954292 0.968385 0.951042 0.943951 0.98609 0.989413 
1001 0.233392	0.928627 0.912737 0.999411 0.963437 1.05453 0.972365 1.02965 1.03978 0.921679 0.966094 
1002 0.0493827	0.981681 0.853525 0.89593 0.953261 0.961919 0.877516 0.958852 0.888003 0.87304 0.961304 
1003 0.134039	1.13436 1.07951 1.08369 1.14921 0.908883 1.04879 1.01941 0.930096 1.02954 1.00966 
1004 0.0552616	0.843348 0.823243 0.901352 0.841839 1.147 0.909917 1.04053 0.958284 0.874407 0.967525 
1005 0.222222	1.15646 1.04486 1.08931 1.01236 1.00807 1.02733 1.09935 1.14861 1.04967 1.00759 
1006 0.0652557	1.20267 1.22757 1.18798 1.28763 0.941007 1.20454 0.995884 1.12059 1.23381 1.03061 
1007 0.0858319	0.922234 0.887925 0.920758 0.849228 1.03285 0.870807 1.00706 0.959764 0.917159 0.937115 
1010 0.131846	1.18986 1.17157 1.14897 1.22626 0.953118 1.11443 1.02441 0.986314 1.17154 1.02058 
1011 0.0608519	1.15985 1.11969 1.16755 1.19528 0.872623 1.07498 0.973644 1.03544 1.18102 1.00179 
1012 0.1643	0.876572 0.870034 0.964064 0.831089 1.09759 0.958367 1.01169 0.901089 0.936138 0.968921 
1013 0.241379	1.05277 1.02441 1.04215 0.976891 1.0152 1.07939 1.05148 1.01723 1.10175 1.0386 
1014 0.102772	0.920964 0.91298 0.927718 0.95596 0.986814 0.88675 0.918634 0.829194 0.925138 0.964107 
1015 0.086545	1.05243 1.05604 1.10633 1.09988 1.03934 1.03083 1.0575 1.02355 1.05404 0.993037 
1016 0.07167	0.89341 0.915648 0.941693 0.930109 0.910912 0.912932 0.993372 0.899859 1.00333 0.989376 
1017 0.140636	1.06626 0.975932 1.00067 1.09473 0.930961 1.01361 1.0165 0.970038 0.998773 0.998477 
1020 0.0611602	1.13239 1.05941 1.04838 1.15242 0.901431 0.968671 1.02533 1.08541 0.98524 1.06073 
1021 0.25662	1.04272 0.991702 1.0205 1.0554 1.00248 0.96982 0.998315 1.05092 1.0187 1.00895 
1022 0.0617907	1.24249 1.13806 1.1023 1.26585 0.866416 0.940141 0.924192 0.936042 1.11715 1.00205 
1023 0.217528	0.992999 0.958036 0.967617 0.952679 1.12731 0.972721 0.987081 1.04913 1.07472 0.977491 
1024 0.0535939	1.12187 1.13599 1.07577 1.05874 0.94355 1.02141 0.989371 1.01917 1.12291 1.02562 
1025 0.0813367	1.17368 1.1081 1.13169 1.17788 1.02503 1.04292 1.09594 1.15264 1.15635 1.0208 
1026 0.199243	0.914672 0.850797 0.907677 0.876886 0.990394 0.921932 0.930764 0.955192 0.942765 0.98262 
1027 0.0687264	1.07295 0.929862 0.96127 0.974845 0.904378 0.850211 0.921542 0.960048 0.989725 1.01085 
1030 0.130142	0.950924 0.995626 0.979658 1.05868 1.04203 1.00023 0.995408 0.960217 0.993356 0.961021 
1031 0.0590875	0.992763 1.08775 1.09118 1.07654 0.865916 1.04234 0.987765 0.953272 1.11937 0.999958 
1032 0.128272	0.966761 0.963711 0.956206 0.941098 1.00897 0.923402 1.03611 0.983009 0.927235 1.01021 
1033 0.104338	0.850159 0.860024 0.852867 0.81319 1.09368 0.881941 0.966219 0.914733 0.861403 1.00447 
1034 0.102842	1.13306 1.21913 1.21487 1.33146 0.936349 1.11446 0.982742 0.969131 1.16329 1.03872 
1035 0.10733	0.845912 0.873383 0.876086 0.822357 1.16518 0.943921 0.977086 0.940045 0.852075 0.96545 
1036 0.0818998	0.862662 0.819594 0.903261 0.820867 0.972736 0.861625 0.907419 0.829913 0.823463 0.944312 
1037 0.286088	1.06698 1.07969 1.06416 1.08496 0.945747 0.974978 0.991388 1.06702 1.09385 1.02408 
1040 0.0585526	0.998036 1.06933 1.07552 0.998864 1.05888 1.14424 1.11836 1.11141 1.07544 0.979053 
1041 0.0828947	0.938353 0.960452 0.997443 0.929402 1.00158 0.990012 1.03486 0.96172 1.01355 0.979606 
1042 0.170395	1.12444 1.10181 1.11401 1.11779 0.963235 1.0392 1.05316 1.05339 1.02242 1.02469 
1043 0.244079	0.925193 0.884599 0.872678 0.883391 1.04307 0.884708 0.974704 0.873013 0.882475 0.963541 
1044 0.0921053	0.968573 1.00119 0.948201 0.96149 1.07745 0.959695 1.06538 0.947394 0.895863 1.00912 
1045 0.176316	1.01866 1.00761 0.97647 1.07628 1.01862 0.930267 1.0017 0.954581 0.977476 1.00722 
1046 0.0868421	1.20848 1.12784 1.10802 1.28274 0.882452 1.01708 0.946833 0.953862 1.16544 0.994632 
1047 0.0888158	1.09111 1.0121 0.97946 1.05311 0.893587 0.978784 0.952936 0.930341 0.992284 1.00688 
1050 0.112617	1.01445 1.0302 1.02279 0.892092 1.01156 1.0041 1.02993 1.04895 1.07423 0.977035 
1051 0.137887	0.902145 0.889358 0.925825 0.888087 0.963674 0.913968 0.981976 0.898828 0.932761 0.965885 
1052 0.224501	1.00287 1.03864 1.00365 1.0661 0.982564 1.01265 1.00555 1.02205 1.03635 0.998126 
1053 0.101264	1.20472 1.24294 1.16667 1.20887 0.915867 1.15278 1.01507 1.04033 1.25012 1.05738 
1054 0.152536	1.05457 1.05837 1.0434 1.09007 0.888052 1.08281 0.955077 0.942116 1.06644 0.990825 
1055 0.0849661	0.809742 0.835569 0.862081 0.805044 1.08245 0.923066 0.97278 0.943348 0.900824 0.967349 
1056 0.100897	1.00997 1.0928 1.02009 1.07239 1.06403 1.01389 1.03206 1.00221 1.03854 1.0056 
1057 0.0853324	0.825976 0.898466 0.886081 0.843931 1.16291 1.00056 1.04667 0.920421 0.914721 0.962426 
1060 0.298266	0.958903 0.929241 0.932042 0.88295 1.06838 0.941899 1.02302 0.885988 0.933956 0.99162 
1061 0.177457	1.08121 1.03534 1.00203 1.06601 0.999104 1.02876 0.985222 0.950354 1.01663 1.04643 
1062 0.0815029	1.10609 1.04436 1.03561 1.17903 0.872075 0.933596 0.944776 0.824613 0.937468 1.02695 
1063 0.0693642	1.11201 1.10194 1.1151 0.969231 0.976539 1.14143 1.14964 1.11481 1.15706 1.05847 
1064 0.13237	1.01278 0.990755 0.988795 0.938762 0.948692 0.986993 0.999232 0.967071 1.00972 1.00211 
1065 0.0751445	1.12803 1.10935 1.12484 1.16632 1.03681 1.11748 1.05628 1.11209 1.11793 1.02906 
1066 0.0907514	1.20977 1.23212 1.11345 1.2961 0.890607 1.09196 0.902444 0.935813 1.16192 1.01901 
1067 0.0751445	0.901489 0.917411 0.92738 0.843069 1.16848 1.05422 1.08761 1.04927 0.946175 1.01002 
1070 0.192208	1.02557 1.0997 1.08968 1.111 1.00085 1.1355 1.04492 1.02743 1.1376 1.0086 
1071 0.0457143	0.837984 0.904718 0.931582 0.827899 1.18964 0.920311 1.00356 0.99915 0.839113 0.97446 
1072 0.185455	0.912425 0.926978 0.971001 0.883932 1.05493 1.01547 0.964398 0.964807 0.953487 0.984663 
1073 0.0612987	0.94672 0.93506 0.980613 1.04643 0.999355 1.01897 0.965037 0.905474 1.04984 0.992592 
1074 0.161558	0.924761 0.966027 1.00451 0.921174 0.968644 1.05683 0.96613 0.991111 1.01733 0.990835 
1075 0.0945455	0.926125 0.917114 0.977831 0.972254 1.10333 1.05448 1.0145 0.953929 0.930278 0.981032 
1076 0.12	0.987917 0.991977 1.00905 1.0786 0.908344 1.02389 0.954155 0.978044 0.975066 0.997079 
1077 0.139221	1.14184 1.08255 1.11369 1.2441 0.925702 1.08989 0.954617 0.974014 1.08265 1.04707 
1100 0.115193	1.07682 1.06311 1.06028 1.02271 0.988576 1.13085 1.05535 1.13519 1.07462 1.05174 
1101 0.115193	0.915415 0.882887 0.873963 0.865797 1.12052 0.961482 0.994967 0.960897 0.781473 1.00114 
1102 0.0637199	0.965302 0.903985 0.863499 0.921938 0.963713 0.928879 0.892329 0.822344 0.850118 0.98818 
1103 0.177574	1.16837 1.15465 1.11893 1.27483 0.950395 1.08454 0.983804 1.00884 1.03696 1.05528 
1104 0.210486	1.05216 1.03804 1.02757 1.01838 0.926887 1.05747 0.97792 0.967035 1.00984 0.998458 
1105 0.061615	0.834355 0.881476 0.845715 0.805531 1.00234 0.876367 0.982766 0.869422 0.873048 0.992142 
1106 0.0935706	0.943572 0.959529 0.955708 0.882026 1.03829 1.0108 1.02687 0.980525 0.974135 1.01788 
1107 0.162648	1.04416 1.00411 0.991939 1.09099 1.04035 1.03313 1.03531 1.02032 0.935553 1.04931 
1110 0.0848559	0.917463 0.935405 0.995897 0.948786 1.09417 1.00342 1.04219 0.999813 0.875861 1.01909 
1111 0.112058	1.18591 1.16671 1.16695 1.26204 0.910041 1.11204 0.949036 0.959543 1.05916 1.02453 
1112 0.0864799	1.08879 1.05082 1.07552 1.1491 0.914289 1.1277 0.96285 0.914118 0.966091 1.013 
1113 0.144945	0.879227 0.906581 0.907715 0.821669 1.09204 1.01398 1.00036 0.946202 0.922249 0.966142 
1114 0.133577	1.01626 0.974098 0.969321 1.01902 0.930781 0.97339 0.954019 0.885593 0.892574 1.00555 
1115 0.117743	1.06144 1.08279 1.09767 0.99594 1.02654 1.1203 1.03794 1.04857 1.09952 0.989283 
1116 0.218839	1.0664 0.977241 1.0064 1.07555 1.0449 0.969685 1.00168 0.971609 0.986192 0.993317 
1117 0.101502	0.924263 0.953229 1.02312 0.861695 0.954016 0.999538 1.05113 0.942627 0.973285 0.984315 
1120 0.0757832	0.891815 0.91811 0.882172 0.959176 1.02763 0.976659 0.950773 0.899131 0.821743 0.965445 
1121 0.168925	0.962151 0.961064 0.948076 1.03004 1.04339 1.08193 0.997343 0.962197 0.911749 0.983661 
1122 0.194327	0.916256 0.996136 0.944023 0.933995 1.01683 1.0168 0.999541 0.990517 1.0254 0.975716 
1123 0.110076	0.983975 1.17353 1.08133 1.05643 0.923806 1.12837 1.02084 1.0343 1.12512 1.01616 
1124 0.110923	0.991158 1.07879 1.04786 0.927309 1.00078 1.13121 0.996456 1.07862 1.09445 0.976165 
1125 0.104996	0.785405 0.870846 0.825562 0.818293 1.10972 0.954326 0.952012 0.923856 0.870276 0.943706 
1126 0.0977985	1.20485 1.21991 1.17563 1.28784 0.926291 1.2505 0.980514 0.987549 1.18146 0.995456 
1127 0.137172	1.06178 1.03476 1.0106 1.18439 0.914954 1.01868 0.995636 0.996555 1.06205 1.01207 
1130 0.0557516	1.0912 1.04453 1.02313 1.09882 1.07422 1.02321 1.00318 1.07234 1.0068 0.960028 
1131 0.106563	1.15815 1.09214 1.0836 1.22437 0.84885 1.02979 0.929773 1.00402 1.07084 1.05529 
1132 0.175018	1.00912 1.05548 1.09343 1.00225 0.935444 1.13146 0.972454 0.938439 1.06123 0.945688 
1133 0.243472	1.0045 0.915485 0.957821 0.948377 1.02088 0.935315 0.940798 0.994221 0.878193 1.0251 
1134 0.120677	1.10497 0.994438 0.990773 1.13383 0.936813 0.978434 0.887386 0.847325 0.939145 1.01325 
1135 0.0684545	0.843843 0.854286 0.87318 0.756548 1.18124 0.96951 1.05481 1.09629 0.888938 0.996853 
1136 0.0769231	1.17083 1.22388 1.14518 1.24183 0.924034 1.12669 0.922182 1.04257 1.12864 0.967569 
1137 0.15314	0.953326 0.991533 0.981254 0.864456 1.09432 1.08954 1.01296 1.08561 0.969076 0.969177 
1140 0.109825	0.992082 0.917327 0.950074 0.93272 1.05879 0.901212 1.02922 0.92813 0.991093 0.990921 
1141 0.106517	0.890519 0.892194 0.960921 0.790319 1.05844 1.01091 1.01969 1.00628 1.01991 0.981415 
1142 0.0939464	0.963887 0.895369 0.958979 0.886135 0.949071 0.89069 0.920565 0.872716 0.927695 1.01126 
1143 0.125372	0.956948 1.03223 1.07195 0.909955 1.06805 1.10526 1.04363 1.01054 1.07871 1.01315 
1144 0.250744	1.08958 1.10739 1.16192 1.10704 1.00998 1.07798 1.04095 1.04186 1.10471 1.02093 
1145 0.165068	1.06399 0.995464 1.0174 1.07944 0.976583 0.951542 0.991375 0.992811 0.971098 1.02299 
1146 0.0952696	1.1803 1.16916 1.22893 1.28743 0.904103 1.08304 1.00882 1.06829 1.22141 1.07524 
1147 0.0532584	1.01913 0.958583 1.0119 0.954662 0.866883 0.885432 0.958355 0.892725 1.03659 1.00406 
1150 0.209813	0.905406 0.93519 0.948182 0.91218 1.05251 1.07284 0.969117 0.955956 0.992918 1.01119 
1151 0.0820342	0.935629 0.979212 0.968961 0.969477 0.951905 0.989019 0.965188 0.930654 0.921441 0.985768 
1152 0.115512	0.906101 0.901611 0.919002 1.03076 0.993646 1.01645 0.929338 0.867088 0.905875 0.977326 
1153 0.117557	0.833096 0.885228 0.912415 0.827486 1.14203 1.00314 1.00222 0.875705 0.816944 1.00266 
1154 0.188602	1.05085 1.02788 1.04642 1.09985 0.904333 1.01793 0.95042 0.939239 1.02397 1.04166 
1155 0.0930233	1.03007 1.12952 1.07452 0.919756 0.999704 1.1781 1.06618 1.08208 1.09646 1.00748 
1156 0.116535	1.10234 1.16088 1.12374 1.10503 0.964867 1.13769 1.03881 0.982523 1.10669 1.08688 
1157 0.0769231	1.2053 1.12577 1.05594 1.31343 0.859712 1.02669 0.902305 0.918757 1.09664 1.0529 
1160 0.0615493	1.16302 1.18167 1.12621 1.07377 0.934323 1.04579 0.991603 1.08681 1.09032 1.00977 
1161 0.0714538	1.03913 1.06673 1.03923 0.991172 1.01979 1.07046 1.08477 1.19501 1.06215 1.03474 
1162 0.0955076	1.09509 1.04509 1.0042 1.09614 0.92739 0.996703 0.964434 1.0356 1.0928 1.00069 
1163 0.0537672	1.26292 1.23064 1.16539 1.3349 0.920042 1.07334 0.996659 1.08198 1.06371 1.00605 
1164 0.226388	0.934284 0.864537 0.911426 0.863665 1.08924 0.934643 1.05195 1.04408 0.904038 1.00673 
1165 0.103643	1.10771 1.07797 1.11108 1.22583 0.954375 1.08981 0.996162 1.07124 1.01431 1.02036 
1166 0.174744	1.00348 0.999995 0.982531 0.930924 0.983583 0.910824 0.994063 1.05077 1.0136 0.984489 
1167 0.212947	1.03106 1.01648 1.01128 1.11537 1.04276 0.984721 1.00852 1.05262 0.916235 1.00409 
1170 0.0811429	0.976924 0.884081 0.954931 0.954616 1.04236 0.946078 0.973083 0.934962 0.842001 0.972226 
1171 0.0579048	1.06019 1.06235 1.10181 0.966096 0.920157 1.08535 1.05916 1.10408 1.15097 1.04709 
1172 0.087619	1.23707 1.18963 1.20632 1.26139 0.909298 1.20284 1.01065 1.00143 1.18266 1.04293 
1173 0.288381	1.09845 1.05173 1.09924 1.10768 0.947807 1.06625 1.00742 0.955693 1.04634 1.02861 
1174 0.224	1.01901 0.96406 0.998968 0.934806 0.958843 0.980616 1.00997 0.915862 1.02293 0.968001 
1175 0.0868571	0.941818 0.886514 0.942911 0.79261 1.0668 0.981126 1.00701 0.900999 0.893134 0.980629 
1176 0.0609524	1.02877 1.0162 1.03133 0.920881 1.00486 1.00196 1.06671 1.00195 1.06301 1.05807 
1177 0.113143	0.990559 0.945675 0.968246 0.90421 1.11145 0.946705 1.04307 1.04986 0.918637 1.00139 
BOUNDS
LWPS R    0.0  0.0  0.0  0.0  0.0  0.0  0.0  0.0  0.0  0.0
UWPS R    0.5  0.5  0.5  0.5  0.5  0.5  0.5  0.5  0.5  0.5
LXAS R   -0.5 -0.5 -0.5 -0.5 -0.5 -0.5 -0.5 -0.5 -0.5 -0.5
UXAS R    0.5  0.5  0.5  0.5  0.5  0.5  0.5  0.5  0.5  0.5
END
