NAME moment_estimation_cluster
ASSETS 10
BENCHMARKS 0.1 0.1 0.1 0.1 0.1 0.1 0.1 0.1 0.1 0.1 
COVARIANCES
0 0 0.00461809
1 0 0.00465508
1 1 0.00634733
2 0 0.00587363
2 1 0.00711019
2 2 0.0103296
3 0 0.00433125
3 1 0.00441607
3 2 0.00664442
3 3 0.00620697
4 0 0.00317564
4 1 0.00400717
4 2 0.00507117
4 3 0.00335127
4 4 0.00380178
5 0 0.00486618
5 1 0.0061194
5 2 0.00803841
5 3 0.00568103
5 4 0.0056384
5 5 0.00934895
6 0 0.00194303
6 1 0.00291974
6 2 0.00325493
6 3 0.00139108
6 4 0.00155483
6 5 0.00229841
6 6 0.0018147
7 0 0.00459478
7 1 0.00598501
7 2 0.00743617
7 3 0.00486335
7 4 0.00495551
7 5 0.00786941
7 6 0.00239407
7 7 0.00761585
8 0 0.00423193
8 1 0.00556225
8 2 0.00688679
8 3 0.0048962
8 4 0.00430153
8 5 0.00684909
8 6 0.00215083
8 7 0.00650327
8 8 0.00663596
9 0 0.000741971
9 1 0.000708487
9 2 0.000696874
9 3 0.00101788
9 4 0.00102883
9 5 0.00160485
9 6 4.09652e-05
9 7 0.00124767
9 8 0.00126492
9 9 0.00115619
SCENARIOS
0 0.65171	1.05226 1.05385 1.06488 1.04718 1.03576 1.07601 1.02145 1.05177 1.05164 1.02472 
1 0.34829	0.956675 0.929081 0.909586 0.923604 0.945332 0.90225 0.970574 0.927281 0.91712 0.979545 
00 0.640945	0.97705 0.998125 0.999451 1.0039 1.01862 1.00263 1.00274 1.02639 1.01777 1.00611 
01 0.359055	1.00471 0.992762 1.02956 1.01804 0.982042 0.931481 0.98196 0.992694 0.984447 0.95545 
10 0.623561	1.0012 0.981991 0.956664 1.01193 0.965772 0.961488 1.00456 0.948581 0.96769 1.00445 
11 0.376439	0.989487 1.09034 1.07462 1.04018 1.07853 1.08101 1.02498 1.07078 1.09448 1.02154 
000 0.232003	0.974447 0.941064 0.927605 0.934553 0.965038 0.930921 0.958466 0.931594 0.934058 0.999759 
001 0.131431	0.865321 0.871688 0.820544 0.875442 0.896167 0.835204 0.917752 0.867251 0.872474 0.946648 
002 0.0652606	1.13405 1.08434 1.14118 1.1834 1.12231 1.22205 1.02406 1.14106 1.11638 1.04183 
003 0.0964784	1.03416 0.990559 1.00419 1.08488 0.96718 0.936214 0.982026 0.975327 1.01457 1.02411 
004 0.201025	1.01367 1.04334 0.989748 0.960389 1.02855 0.998612 1.0231 1.00301 1.04158 1.00176 
005 0.0498432	0.867689 0.808979 0.725158 0.816508 0.836377 0.761873 0.903451 0.794701 0.805947 0.975587 
006 0.150152	1.1397 1.13673 1.14149 1.04587 1.08883 1.15269 1.04539 1.13877 1.07847 1.0168 
007 0.0738072	1.17466 1.22024 1.29765 1.20396 1.2082 1.35764 1.05632 1.26822 1.20911 1.02877 
010 0.090641	1.13342 1.15817 1.18545 1.16985 1.12004 1.24987 1.03904 1.1622 1.20773 1.02567 
011 0.068547	1.19917 1.22628 1.37391 1.21507 1.20249 1.37567 1.11366 1.22981 1.27672 1.06563 
012 0.175085	0.997053 1.02839 1.07383 1.07962 1.01963 1.05366 1.00627 1.03415 1.06926 1.0085 
013 0.19047	0.91858 0.938917 0.896563 0.915963 0.92471 0.918226 1.0015 0.918342 0.914104 0.949238 
014 0.0881624	0.868868 0.827195 0.771696 0.830344 0.845205 0.797521 0.935593 0.7661 0.797782 0.971143 
015 0.138291	1.04255 1.05496 1.12818 1.06001 1.07117 1.15629 1.0652 1.07508 1.04672 1.02301 
016 0.138889	0.999524 1.01497 0.990503 0.966355 0.983148 0.989602 1.02035 1.01988 0.999341 0.985238 
017 0.109915	0.93895 0.909954 0.918949 1.02389 0.946902 0.971447 0.9485 0.918458 0.948492 0.989889 
100 0.0664426	1.11487 1.15109 1.24687 1.1446 1.06358 1.11635 1.03544 1.13069 1.09591 0.95868 
101 0.123999	1.09775 1.16829 1.25679 1.15171 1.1262 1.19741 1.0341 1.2393 1.12292 1.01916 
102 0.242057	1.01079 0.998437 1.03242 1.03572 1.00906 0.996155 0.975781 1.00569 0.989917 0.997158 
103 0.163044	0.896999 0.921084 0.906189 0.875862 0.91819 0.89477 0.979466 0.935588 0.942077 0.942639 
104 0.050373	0.774528 0.775813 0.721437 0.784707 0.86966 0.850337 0.914519 0.835594 0.847002 0.964477 
105 0.0969242	0.865772 0.874715 0.918618 0.945153 0.953887 0.964521 0.934446 0.931604 0.941608 0.993441 
106 0.0879915	0.992884 0.942316 1.02371 0.995927 0.937333 0.926386 0.969612 0.965399 0.987059 0.951606 
107 0.169168	1.03455 1.06627 1.04717 1.01446 1.05857 1.11437 1.01051 1.09471 1.0827 1.03134 
110 0.0565937	1.21091 1.14188 1.32802 1.21197 1.13661 1.3587 1.05357 1.21616 1.267 1.02108 
111 0.183434	1.07716 1.00074 1.01831 1.0423 0.988625 0.992998 0.991507 1.00254 0.989983 0.97443 
112 0.0527801	1.188 1.17234 1.20195 1.09299 1.0901 1.16662 1.1127 1.23506 1.1723 0.98875 
113 0.131798	1.01982 1.04156 1.04812 0.991417 1.07599 1.07888 1.01563 1.14712 1.06364 1.04901 
114 0.172985	1.11858 1.00794 1.1472 1.11963 1.03278 1.11028 1.01551 1.11069 1.04345 1.00749 
115 0.0905347	0.970239 0.915499 0.922402 0.920843 0.9321 0.948499 0.975228 0.960822 0.910064 0.961019 
116 0.153993	0.942158 0.878117 0.84105 0.857987 0.901513 0.913652 0.965747 0.905883 0.858426 0.963698 
117 0.157883	0.996486 0.928795 0.900662 0.959943 0.970119 1.03161 0.961886 0.954322 0.932211 1.01728 
0000 0.183882	1.06531 1.02429 1.09692 1.13252 1.08563 1.14701 0.993582 1.04459 1.0365 1.00939 
0001 0.171087	0.971433 0.965884 0.939069 0.952578 0.976418 0.977643 1.01169 0.965643 0.966533 0.983858 
0002 0.091425	0.995742 1.08025 1.0388 1.00978 1.01554 1.04652 1.06941 1.0919 1.05864 0.998927 
0003 0.156227	0.969304 0.986031 0.955824 0.946608 1.03305 1.05046 0.998491 1.05516 0.973346 0.998301 
0004 0.13332	1.03887 1.17308 1.15248 1.01537 1.09844 1.15851 1.1039 1.14511 1.1198 0.994171 
0005 0.0538644	0.923521 0.958342 0.956647 1.02851 0.921638 0.900992 0.961317 0.899811 0.929719 0.984481 
0006 0.0780105	0.996714 0.966737 1.01408 1.08081 0.986771 1.03206 0.961784 0.992908 1.02624 0.998651 
0007 0.132185	0.857875 0.930408 0.848017 0.863172 0.908533 0.945184 1.00719 0.919955 0.919426 0.983077 
0010 0.107286	1.07223 0.97444 1.04318 1.1196 1.01174 1.07935 1.00389 1.03732 0.970355 1.01282 
0011 0.202914	1.01512 0.958653 1.02791 1.02116 0.970921 0.975972 1.01956 0.918938 0.956069 1.02793 
0012 0.0863388	0.983085 1.01397 0.988264 0.983254 1.07696 1.22082 0.991406 1.04759 1.02293 1.08124 
0013 0.0688525	1.11876 1.1559 1.16333 0.995554 1.05522 1.16021 1.12206 1.08308 1.12088 1.01375 
0014 0.0666667	1.16666 1.23205 1.25621 1.11693 1.12863 1.18143 1.12572 1.22566 1.15341 1.01317 
0015 0.230055	0.940694 0.903056 0.900536 0.912911 0.929267 0.935605 0.975735 0.910646 0.969133 0.994448 
0016 0.0546448	1.09088 1.07856 1.12194 1.12498 1.08081 1.13211 1.05048 1.08303 1.10686 1.05478 
0017 0.183242	1.10638 1.04904 1.10268 0.992802 1.01583 1.06937 1.06799 1.04081 1.04544 0.973172 
0020 0.308144	1.02522 0.991104 1.00731 1.01027 0.990627 0.978316 0.913341 1.02929 1.00284 0.983347 
0021 0.0931768	1.03156 1.19412 1.22623 1.07544 1.1206 1.17105 1.07689 1.13211 1.17673 1.07083 
0022 0.102715	0.92034 0.987655 1.02763 0.954247 1.06043 1.08309 0.987257 1.05588 0.994202 1.02972 
0023 0.103815	0.878353 0.836536 0.835958 0.894302 0.929477 0.889337 0.918396 0.862699 0.801278 0.947499 
0024 0.0913426	0.903449 0.916208 0.963173 0.954026 0.934522 0.91505 1.00043 0.95025 0.932051 0.959481 
0025 0.105649	0.851968 0.889283 0.840815 0.862374 0.932981 0.959309 0.942253 0.913519 0.903712 0.983856 
0026 0.0902421	1.07585 1.07901 1.13875 1.12512 1.06172 1.13492 0.982451 1.08936 1.08837 0.991247 
0027 0.104916	1.04893 1.07058 1.12644 1.04725 1.00217 0.963878 1.02068 0.9567 1.01001 0.927391 
0030 0.0801489	0.977511 1.02948 1.00031 0.955931 1.08317 1.13691 1.03028 1.06953 1.01209 1.01793 
0031 0.265757	1.03601 1.05524 1.0919 1.08932 1.06126 1.14009 0.992255 1.12588 1.02438 1.00833 
0032 0.102233	1.02888 0.992687 0.977091 1.05147 0.992593 1.05112 0.987714 0.989363 0.994231 1.03486 
0033 0.194045	0.954058 0.931802 0.960325 0.95152 0.992694 1.0673 0.933002 0.978793 0.940832 1.01166 
0034 0.0759305	1.05006 1.07134 1.03885 1.04282 0.98142 1.00471 1.03145 0.952915 0.980894 0.961658 
0035 0.0560794	1.1521 1.09168 1.19182 1.20178 1.1414 1.32459 1.02243 1.23056 1.13243 1.01797 
0036 0.0665012	0.955115 0.951039 0.937974 0.904849 0.948928 0.966679 0.97315 0.978894 0.95445 0.952374 
0037 0.159305	0.915174 0.922002 0.884036 0.935039 0.912068 0.913614 0.962414 0.859091 0.917923 0.983217 
0040 0.0737168	1.06862 1.14449 1.18021 1.10002 0.995754 1.06179 1.14845 1.15814 1.0954 0.969467 
0041 0.230082	1.13123 1.01519 1.13913 1.12712 1.0293 1.04092 1.01084 1.04266 0.971113 1.00973 
0042 0.134096	0.987789 0.998281 1.03276 1.03022 1.06885 1.10016 1.00154 1.05736 1.00677 1.01664 
0043 0.0708586	0.893929 0.888315 0.894504 0.875743 0.890776 0.913078 0.985921 0.901686 0.870326 0.97242 
0044 0.238299	0.939777 0.957267 0.951509 0.953844 0.975867 1.00486 1.0032 0.996014 0.93783 1.01475 
0045 0.084554	1.02457 0.984951 0.956302 0.992557 0.919148 0.906531 0.975924 0.929425 0.939453 0.96244 
0046 0.0669287	0.988967 1.09251 1.12092 0.964151 1.03376 1.04473 1.06189 1.10113 1.01539 0.952265 
0047 0.101465	1.02879 1.09301 1.10354 1.069 1.08087 1.24478 1.05862 1.21924 1.11322 1.01337 
0050 0.228146	1.07844 1.04574 1.12487 1.04938 1.06093 1.01595 1.06322 0.975948 1.02812 0.984617 
0051 0.0725264	1.02763 0.932635 1.06426 1.09799 1.03087 1.05492 0.95334 1.03373 0.951499 0.986575 
0052 0.110471	1.10056 1.16459 1.11116 1.01985 1.02527 1.00598 1.07909 1.00864 1.04434 0.982288 
0053 0.0667627	1.08051 1.20545 1.2544 1.1571 1.10187 1.17749 1.07261 1.09227 1.07364 1.0026 
0054 0.0778098	0.964888 1.0178 1.07507 0.969847 0.946062 0.874198 1.07268 0.942108 0.946003 0.912952 
0055 0.177714	0.986541 0.911051 0.996884 0.968494 0.980655 0.965901 0.960812 0.957058 0.935428 1.02094 
0056 0.191643	0.874974 0.90812 0.945092 0.896796 0.931544 0.871827 0.974102 0.91683 0.899119 0.919195 
0057 0.074928	0.871837 0.842622 0.906048 0.931945 0.899085 0.909829 0.938002 0.847864 0.888436 0.979575 
0060 0.108897	0.988067 1.00624 0.993044 1.11288 0.99236 1.01519 0.995017 0.947885 1.04876 1.02175 
0061 0.131537	0.954863 1.00577 0.954568 1.0008 1.03128 0.987388 1.03074 1.00333 1.05517 1.01442 
0062 0.125	0.966117 1.05424 1.0954 1.01825 1.08072 1.05721 1.06295 1.06172 1.03999 0.994889 
0063 0.0969388	1.06764 1.04773 1.12817 1.14343 1.00623 1.00881 1.00097 1.08912 1.12734 1.00364 
0064 0.12229	0.868131 0.905173 0.870849 0.936895 0.897417 0.752979 0.990723 0.854784 0.942399 0.968077 
0065 0.105548	1.06688 1.14555 1.21439 1.17103 1.10472 1.18349 1.07348 1.11499 1.19763 1.04484 
0066 0.19595	0.893104 0.967208 0.909045 0.913324 0.987457 0.897565 0.940025 0.937358 0.997889 0.968642 
0067 0.113839	0.999002 0.985551 1.02557 1.03283 0.966068 0.946496 0.987473 0.942369 0.99243 0.964571 
0070 0.0638988	1.12025 0.999294 1.01255 1.01754 1.0345 1.00852 1.01581 1.07821 1.0128 1.03351 
0071 0.0950373	1.13663 1.09421 1.16882 1.10309 1.01412 1.0236 1.07646 1.01378 1.12675 1.01669 
0072 0.113526	1.03119 1.05876 0.970748 0.882254 1.00443 0.900689 1.05059 1.04219 1.04988 1.00213 
0073 0.181966	0.948591 0.942059 0.812143 0.856297 0.914156 0.810597 1.00091 0.846162 0.87638 1.00347 
0074 0.126825	1.13302 1.17382 1.267 1.16271 1.13425 1.15685 1.07743 1.24816 1.135 0.985308 
0075 0.057736	0.928322 0.957099 0.952084 0.949957 1.05211 1.05243 0.960422 1.06681 1.05718 1.09178 
0076 0.0882258	0.974251 1.0705 1.0772 0.993341 1.08381 1.07952 1.03548 1.1063 1.08448 1.00525 
0077 0.272786	1.01274 1.00936 0.966637 0.989751 0.955184 0.982847 1.03126 0.950455 1.03648 0.983782 
0100 0.0919378	1.01602 0.874976 0.970014 1.05305 0.947533 0.977046 0.957848 0.949912 0.905881 1.03377 
0101 0.126827	1.04034 1.05854 1.1318 1.02499 1.02883 1.04506 1.06884 1.05442 1.05869 0.968081 
0102 0.224422	0.927691 0.981925 0.9944 0.926898 0.996878 0.973562 1.03554 1.01366 0.98554 1.0103 
0103 0.120226	1.05969 1.05057 1.17218 1.01244 1.09217 1.13905 1.04386 1.11581 1.03262 0.997721 
0104 0.0787364	0.965148 0.927158 1.00325 0.885991 0.930287 0.856282 1.09204 0.921953 0.848737 0.992255 
0105 0.107496	1.00231 1.02635 1.0512 1.0144 0.971563 0.948771 1.07844 0.970055 0.933525 0.967734 
0106 0.129656	1.13599 1.03705 1.18195 1.16285 1.04237 1.1366 1.07786 1.07031 0.998178 1.03264 
0107 0.120698	0.886958 0.9244 0.862781 0.892825 0.927231 0.859973 0.984382 0.906348 0.84399 0.968688 
0110 0.128429	0.971997 1.1215 1.07594 0.990295 1.04701 1.08175 1.05367 1.12114 1.1414 1.03302 
0111 0.133416	1.08564 1.07379 1.13908 1.16667 1.03501 1.05619 0.989285 1.09763 1.03253 0.955664 
0112 0.0554863	0.977384 1.03013 0.943933 1.00639 0.951022 1.02303 0.944375 1.09379 1.00844 1.03999 
0113 0.144638	1.10501 1.11073 1.12666 1.13547 1.11654 1.13614 1.02724 1.10743 1.07306 1.02274 
0114 0.140898	0.895377 0.897927 0.861074 0.879802 0.895485 0.885212 0.948071 0.864861 0.884657 0.959176 
0115 0.157731	0.993181 1.07955 1.04225 1.0165 0.984427 1.01204 1.06419 1.04543 1.01206 1.00023 
0116 0.0548628	0.929332 0.895581 0.997867 1.10828 0.951775 1.00454 0.881651 1.02514 1.00951 0.994209 
0117 0.184539	0.942054 0.993302 0.917652 0.963483 0.949355 0.929307 0.95002 0.951152 0.915371 0.95241 
0120 0.135221	1.00771 1.02837 1.01496 1.00006 0.958494 1.00812 1.06292 0.997456 0.994877 0.944799 
0121 0.096412	0.940415 0.904107 0.831882 0.909337 0.891428 0.869543 0.962319 0.862248 0.848539 0.97564 
0122 0.133756	1.03212 0.896214 0.930825 0.988082 0.964601 1.02997 0.971654 0.959195 0.947008 1.06362 
0123 0.121796	0.936669 0.938858 0.933659 0.889717 0.979405 0.987931 1.05492 0.954035 0.90595 0.980749 
0124 0.0768855	1.11024 1.14057 1.24332 1.11782 1.05756 1.07966 1.08999 1.1425 1.08056 0.996191 
0125 0.268489	1.09271 1.07326 1.07317 1.1043 1.04717 1.15035 1.05252 1.12772 1.09844 1.05921 
0126 0.112521	0.995614 0.979775 0.985447 0.922047 1.04832 1.12382 1.0317 1.05417 1.05228 1.02227 
0127 0.0549182	1.07655 1.06058 1.11125 1.15728 0.970361 0.994923 1.03239 0.980203 1.03073 0.951273 
0130 0.0659637	1.07738 1.12748 1.1243 1.09795 0.997461 0.960312 1.06642 0.955756 1.04562 0.96847 
0131 0.0848104	0.932822 0.995203 1.00519 0.931172 1.07741 1.08353 1.03185 1.04823 1.10899 1.05112 
0132 0.216962	0.976296 0.937863 0.94989 0.862193 0.975863 0.98501 1.01456 0.922984 0.923383 1.04467 
0133 0.169845	1.16205 1.11337 1.18612 1.08611 1.1057 1.17625 1.0923 1.0952 1.05353 1.02776 
0134 0.129459	1.03386 0.961943 0.984956 0.991539 0.981605 0.951828 1.04674 0.964109 0.96397 0.989016 
0135 0.196993	0.977549 0.925062 0.920381 0.998132 0.921839 0.904574 0.951542 0.88866 0.88066 0.992243 
0136 0.0457707	1.13866 1.07681 1.09014 1.15584 1.01901 1.1507 1.01997 1.08283 1.03104 1.05579 
0137 0.0901952	1.10395 1.04514 1.13127 1.04495 1.02802 1.06267 1.00962 1.03484 1.08064 1.02658 
0140 0.0736791	0.841062 0.844494 0.835014 0.890521 0.856767 0.816683 0.947252 0.83777 0.83165 0.925693 
0141 0.149297	0.958422 1.06269 1.1008 1.0241 1.02419 1.02087 1.08043 1.0773 1.1755 0.996521 
0142 0.253999	0.876297 0.924124 0.982949 0.987603 0.944279 0.877808 0.982694 0.93554 0.985985 0.971068 
0143 0.101309	1.06984 1.11828 1.21226 1.1715 1.05542 1.17319 1.09877 1.09119 1.12478 0.96271 
0144 0.109549	1.02296 1.07014 1.17838 1.06127 1.12957 1.20373 0.995142 1.25523 1.16647 1.04944 
0145 0.146389	0.865319 0.959988 0.933895 0.919203 1.02875 1.07639 1.00644 1.0156 0.984392 1.00788 
0146 0.0639845	0.909895 0.877977 0.862637 0.889468 0.936505 0.908836 0.98356 0.895376 0.968596 0.998206 
0147 0.101794	1.00624 1.01569 1.06422 1.10382 1.05821 1.0943 1.00907 1.09782 1.03568 1.06501 
0150 0.0905439	1.08384 1.16033 1.12245 1.09963 1.04082 0.972194 1.03977 1.06575 1.10807 0.965771 
0151 0.240111	0.98336 1.05734 0.965827 0.915466 0.961804 0.9164 1.00586 0.960538 0.984834 0.97314 
0152 0.0945612	1.01623 0.998661 0.917243 1.00731 1.04104 1.10712 0.969011 1.05406 1.05558 1.02056 
0153 0.0757108	1.08783 1.16987 1.13381 0.943456 1.0995 1.10734 1.08003 1.15393 1.0876 0.992566 
0154 0.209518	0.976779 0.994166 0.93721 1.04578 0.95174 0.944094 0.969801 0.936187 0.978526 0.985497 
0155 0.0534611	1.07065 1.08184 1.07262 1.15137 1.06756 1.04729 0.956044 1.13129 1.10266 1.02406 
0156 0.078492	1.02761 1.1437 1.1359 1.1516 1.1198 1.19686 1.01431 1.18645 1.14978 1.05287 
0157 0.157602	0.85446 0.931231 0.916267 0.875864 0.970541 0.940227 0.981396 0.962233 1.03028 0.95153 
0160 0.121231	1.04012 1.06413 1.12595 1.08641 0.983425 1.07984 1.06036 0.993453 1.04023 0.9759 
0161 0.199385	1.03055 1.17162 1.14214 1.11618 1.08693 1.11552 1.11213 1.04895 1.11764 0.982337 
0162 0.0769231	0.891926 0.873735 0.82043 0.850647 0.912497 0.823586 0.966423 0.775855 0.915225 0.986192 
0163 0.163692	1.00697 1.02397 1.03869 0.986287 1.04945 1.04771 1.04259 0.975834 1.05616 1.02389 
0164 0.122154	0.960474 1.00942 1.03156 1.01293 1.01238 1.11579 1.05172 1.01073 1.07689 1.01373 
0165 0.0630769	0.955254 0.963689 0.869373 0.965554 0.951306 0.912774 0.980182 0.861373 0.925124 0.99234 
0166 0.129231	0.988865 0.989618 0.951537 0.923164 0.973006 1.02789 1.00847 0.926243 0.929976 0.944871 
0167 0.124308	0.962737 0.988419 1.00305 0.995658 0.949504 0.978108 1.02337 0.918136 0.950289 1.00956 
0170 0.111586	1.05343 0.999996 1.0876 1.11497 0.968432 0.916494 1.03669 0.938965 0.956694 1.00812 
0171 0.0579316	0.818022 0.861605 0.815082 0.870643 0.886829 0.830523 0.947898 0.785594 0.856387 1.00784 
0172 0.204121	1.10776 1.06885 1.14312 1.09969 1.10585 1.19183 1.00763 1.10271 1.07824 1.04325 
0173 0.12014	1.00696 1.11904 1.19968 1.13147 1.02908 1.10363 1.10479 1.1028 1.11138 1.03254 
0174 0.0680404	0.881358 0.898267 0.93663 0.869901 0.967946 0.899034 0.977259 0.89755 0.947873 0.967713 
0175 0.114308	1.07043 1.03031 1.06555 0.96341 1.05514 1.10423 0.99783 1.06766 1.06285 1.01782 
0176 0.153966	0.968858 0.983329 0.967281 0.938248 1.01302 1.0607 0.967626 1.00876 0.988422 1.03204 
0177 0.169907	0.919978 0.93465 0.945085 0.981804 0.95135 0.923209 0.98361 0.938132 0.96454 1.02513 
1000 0.0575191	0.847851 0.840405 0.872476 0.851501 0.865295 0.791823 0.93301 0.823609 0.876713 0.968041 
1001 0.0990991	1.02805 0.982801 1.04462 1.0551 0.977869 1.06324 1.02029 0.985748 1.0094 0.996214 
1002 0.160776	1.05604 1.0697 1.07152 1.0216 1.05114 1.06036 1.04279 1.08115 1.06697 1.00949 
1003 0.197505	0.906268 0.893613 0.929371 0.926508 0.931535 0.918481 0.95072 0.934338 0.9119 0.96644 
1004 0.0790021	1.17011 1.16023 1.11843 1.17024 1.11654 1.25933 1.07249 1.14617 1.21282 1.05082 
1005 0.248787	0.959991 0.989594 1.00199 0.92755 0.988445 0.92066 1.03485 0.927026 0.935081 0.96547 
1006 0.0880111	1.00422 1.02855 1.0075 0.958991 1.06875 1.09638 1.04367 1.10668 1.11989 0.991891 
1007 0.0693001	1.01239 0.928899 1.03938 1.14904 1.03935 1.05593 0.916451 1.00292 1.05737 1.0651 
1010 0.254734	0.902494 0.873997 0.823483 0.879617 0.948698 0.877187 0.969592 0.816633 0.961297 1.028 
1011 0.126253	0.944698 0.937506 0.989269 0.925112 0.98103 0.996318 1.03751 0.917431 1.02286 0.970564 
1012 0.109915	1.151 1.12962 1.23464 1.11567 1.12871 1.26862 1.05001 1.15802 1.24653 1.05693 
1013 0.0906053	0.947543 0.906269 0.913885 1.03277 0.983346 0.974769 0.965388 0.878499 1.02736 1.08389 
1014 0.0783513	1.04976 1.00955 0.985741 1.04338 1.06715 1.12967 1.04835 1.02123 1.09832 1.06032 
1015 0.0835499	1.05225 1.01707 1.07533 1.17659 1.03095 1.10604 0.954209 1.05747 1.19063 1.05172 
1016 0.0631266	1.05056 1.06599 1.05146 0.950926 1.07569 1.1312 1.0612 1.06868 1.19243 0.984164 
1017 0.193465	0.995817 1.04271 1.08793 1.05596 0.994792 0.998978 1.05728 0.97115 1.1395 0.970019 
1020 0.104052	0.911806 0.953924 0.904185 0.893074 1.0039 0.99088 0.992613 1.02269 1.0549 1.02805 
1021 0.199543	1.00507 1.01681 1.07327 1.09486 1.07925 1.13728 1.00081 1.05638 1.14532 1.04487 
1022 0.0601103	0.900145 0.942365 0.893129 0.827698 0.937814 0.914835 1.00946 0.943233 0.931302 0.936877 
1023 0.174624	0.94546 1.0055 1.0107 0.976063 0.963577 1.06062 1.05138 0.9333 1.03237 0.996129 
1024 0.0515503	0.928916 0.856693 0.855508 0.973163 0.962761 0.985183 0.922987 0.892714 0.964946 1.05283 
1025 0.208864	1.05467 1.08913 1.17105 1.07719 1.04325 1.07261 1.06413 1.13977 1.14297 0.955182 
1026 0.086361	0.917257 1.09161 1.02108 0.89708 0.997227 0.992058 1.09608 1.0418 1.01342 0.91976 
1027 0.114894	0.891391 0.902711 0.860647 0.875903 0.906025 0.940747 0.961914 0.876384 0.986663 0.956613 
1030 0.0567636	1.03666 1.07385 1.01362 1.0177 1.12298 1.14117 1.02804 1.0891 0.986753 1.06586 
1031 0.0988421	1.08463 1.09609 1.14275 1.15591 1.01673 1.04184 1.02792 1.05258 1.06784 1.06278 
1032 0.0581757	1.19579 1.18231 1.25101 1.06456 1.13481 1.08205 1.08377 1.11167 1.06351 0.997212 
1033 0.190907	1.03485 0.9913 0.956047 0.985986 1.01167 0.903775 0.966062 0.936399 0.964175 1.0679 
1034 0.0754024	0.957517 0.916461 0.914483 1.0361 0.912392 0.973756 0.896306 0.886529 0.937292 1.02048 
1035 0.257837	0.914926 0.917133 0.888706 0.910037 0.935691 0.859963 0.958888 0.876388 0.916953 0.980207 
1036 0.182434	1.01218 1.04662 1.06816 0.9939 1.07606 1.03462 1.03281 1.03046 1.03399 1.00013 
1037 0.0796385	0.968074 0.970351 0.930095 1.02221 0.92483 0.833049 0.983082 0.868067 0.992648 0.993433 
1040 0.0685558	1.04272 1.11502 1.25829 1.09351 1.02471 1.05873 1.06401 1.08036 0.980953 0.984765 
1041 0.0566728	1.10285 1.09788 1.14924 1.02868 1.03561 0.969636 1.0204 1.03377 1.06025 1.0537 
1042 0.0895795	1.10486 1.05589 1.1244 1.12601 0.969196 0.93117 0.94356 0.90018 1.00749 1.01273 
1043 0.14351	1.02291 0.978102 0.973332 0.879203 0.910083 0.766173 1.02157 0.926274 0.865882 0.960665 
1044 0.142596	1.13601 1.14008 1.1663 1.09667 1.12141 1.12016 1.03461 1.18427 1.17094 1.05516 
1045 0.0932358	0.946337 0.889393 0.899997 0.97013 0.89555 0.796752 0.968299 0.795611 0.881256 1.01138 
1046 0.191042	0.949524 0.960673 0.970426 0.933171 0.995325 0.983802 1.00072 1.00674 0.917849 1.03213 
1047 0.214808	1.10151 1.1736 1.11346 1.00108 1.08423 0.992755 1.04346 0.983861 1.04142 1.03184 
1050 0.0665083	1.09909 1.08757 1.03007 1.0203 1.12792 1.19834 1.00446 1.21499 1.14839 1.04936 
1051 0.124466	1.01136 1.01975 1.00116 1.11125 0.970505 0.923728 0.959472 1.01291 1.03598 0.999277 
1052 0.0983373	0.965502 0.904459 0.828798 0.886035 0.930649 0.87201 0.901666 0.906725 0.86471 1.05518 
1053 0.138717	0.972794 1.00016 0.964705 1.01234 1.02528 0.994686 0.983343 1.01868 1.02024 1.04584 
1054 0.133017	1.0285 0.925081 0.933054 0.96884 0.960142 0.908207 0.969713 0.904555 0.959738 0.95475 
1055 0.0593824	0.978316 0.943312 0.886942 1.00189 0.881361 0.830565 0.969331 0.843484 0.883396 0.992392 
1056 0.165796	1.01453 1.00716 0.942062 0.875972 1.01258 0.918954 0.992889 1.03565 0.936758 0.987641 
1057 0.213777	1.1832 1.13911 1.1149 1.06399 1.08811 1.09629 1.06798 1.08283 1.10425 1.03476 
1060 0.132915	1.10484 1.15921 1.12372 1.03413 1.09601 1.19332 1.12562 1.1424 1.05094 1.00874 
1061 0.0973312	0.961724 1.12326 1.06379 0.969505 1.02568 1.03348 1.0829 1.02562 1.00142 0.96637 
1062 0.0774464	0.985776 1.0287 0.954064 0.962896 0.952178 0.867498 1.02671 0.91951 0.96525 0.932848 
1063 0.0978545	0.977752 1.0047 0.954502 1.06541 0.952454 0.938262 0.962005 0.914461 0.959414 1.0045 
1064 0.0596546	1.03141 1.1448 1.22982 1.1874 1.11816 1.2143 1.07546 1.11325 1.1191 1.0244 
1065 0.103611	1.04032 1.03818 0.990324 0.948097 1.06817 1.06783 1.02893 1.03571 0.981748 1.00375 
1066 0.206175	0.935614 0.971117 0.91008 0.921669 0.959154 0.901021 0.988144 0.924823 0.92145 0.989076 
1067 0.225013	0.964783 1.01943 1.03689 1.06293 1.02959 1.09086 1.01382 1.05762 1.02398 1.03666 
1070 0.063963	1.03856 1.17101 1.17668 1.03476 1.09539 1.16341 1.10502 1.14017 1.11771 1.00879 
1071 0.243876	0.922393 0.915329 0.940858 0.980026 0.930201 0.927641 0.947599 0.916036 0.900567 0.976317 
1072 0.0685901	1.02176 1.0043 1.16074 1.11177 1.11798 1.15507 0.995345 1.06784 1.13211 1.03747 
1073 0.0664126	1.11926 1.12226 1.23469 1.20731 1.08328 1.15154 1.05696 1.13775 1.15841 1.03229 
1074 0.200054	0.874307 0.929336 0.888962 0.908218 0.98524 0.969612 0.946677 0.937182 0.961818 0.960056 
1075 0.124932	1.02691 1.00667 1.05211 0.955494 0.995539 0.960934 1.04683 1.05459 1.03568 0.930402 
1076 0.141263	0.972376 1.01228 1.01653 0.991811 1.04076 1.0713 1.02755 1.06146 1.05797 0.982841 
1077 0.0909091	1.01612 1.05755 1.05988 1.08258 1.00837 1.05485 0.961372 1.02183 1.05733 0.975043 
1100 0.102426	1.03676 1.10779 1.02121 0.932978 1.05424 0.954135 1.10702 1.05059 1.03324 1.0325 
1101 0.183288	1.07166 1.0425 1.06389 1.13027 1.0199 0.984233 1.00971 1.00618 0.98299 1.07651 
1102 0.083558	0.941116 0.930983 0.815813 0.91948 0.905685 0.832292 0.975327 0.915808 0.799339 0.975366 
1103 0.0512129	1.25491 1.28596 1.32947 1.22363 1.1585 1.15733 1.14009 1.28842 1.10834 1.08757 
1104 0.190027	0.971594 0.948336 0.958857 1.02363 0.977125 0.875007 0.958037 0.976123 0.895893 1.00887 
1105 0.140162	1.1448 1.15436 1.11749 1.07897 1.13174 1.14838 1.06141 1.15377 1.05954 1.10641 
1106 0.0498652	0.925572 0.993481 0.950799 0.917419 0.927752 0.840573 1.03181 0.974181 0.871971 0.966301 
1107 0.199461	1.03389 1.03711 1.02268 0.946617 1.00885 0.927277 0.997798 1.06969 0.992452 1.02762 
1110 0.121414	0.972598 0.910588 0.904401 0.929816 0.890799 0.921489 0.992744 0.912528 0.882105 0.974165 
1111 0.0993763	0.974422 0.884903 0.907601 0.878659 0.960459 1.00729 1.007 0.972947 0.889493 1.01748 
1112 0.242412	1.02352 1.06743 1.13746 1.00667 1.02187 1.06766 1.0338 1.11572 1.10466 1.0022 
1113 0.107692	0.950944 0.883774 0.922337 0.973597 0.970369 0.992023 0.956317 0.94033 0.978597 1.07035 
1114 0.0548857	1.00167 0.961522 1.08364 1.17637 0.976997 1.07707 1.00192 1.01351 1.01802 1.03749 
1115 0.122245	1.09302 1.11784 1.10803 1.16092 1.10441 1.23555 1.04646 1.11946 1.19392 1.02373 
1116 0.123077	0.981267 0.991618 0.969668 0.93042 1.0382 1.07303 1.0207 1.02863 1.02316 1.05893 
1117 0.128898	1.00908 0.97386 1.01909 1.06808 1.02359 1.05704 0.946524 1.09539 1.05065 1.02013 
1120 0.17341	1.06514 0.96213 1.06847 1.05475 0.976121 1.0461 0.997163 0.96085 0.965174 1.01802 
1121 0.226879	0.843904 0.89977 0.879354 0.921404 0.936002 0.914589 0.976979 0.856434 0.90518 1.03321 
1122 0.0534682	1.01037 1.1604 1.11567 1.08365 1.13068 1.31937 1.04803 1.16977 1.14019 1.01239 
1123 0.210983	1.00327 1.02543 1.028 0.973294 1.02381 0.967231 1.0291 0.966737 0.981098 1.02498 
1124 0.0679191	1.10755 1.10853 1.19303 1.12178 1.03876 1.08549 1.06578 1.06009 1.0909 1.01772 
1125 0.104046	0.989766 1.01937 0.955344 1.03876 1.0637 1.10328 0.965749 0.985549 1.03641 1.07992 
1126 0.112717	1.07766 1.07318 1.08688 1.13804 1.07226 1.14619 0.970502 1.10765 1.10836 1.0741 
1127 0.050578	1.1921 1.197 1.17243 1.19261 1.10316 1.25484 1.08806 1.11663 1.09206 1.03687 
1130 0.103588	0.899458 0.877469 0.810966 0.861478 0.892914 0.895942 1.01623 0.81714 0.778419 0.931248 
1131 0.0711806	1.16558 1.07263 1.22141 1.16646 1.11326 1.31034 1.07775 1.13972 1.06172 0.998259 
1132 0.195023	1.02839 0.917475 0.894654 0.94353 0.982084 0.987055 0.931572 0.893727 1.00623 1.03669 
1133 0.159722	1.13141 0.998489 1.04115 1.08618 1.00073 1.01776 1.01738 0.998195 1.00563 0.963363 
1134 0.146991	1.02748 1.01754 1.00197 0.992005 1.04205 1.12898 0.997417 1.05564 1.01329 0.989919 
1135 0.123264	1.15296 1.09521 1.0765 1.06139 1.09713 1.22889 0.985698 1.05481 1.04238 1.05228 
1136 0.105903	1.0075 1.01191 0.982151 0.991268 0.943476 0.988782 1.06204 0.944084 0.916976 0.925969 
1137 0.0943287	0.978107 0.987305 0.990667 1.00482 0.963081 1.06395 1.03758 0.999587 0.946041 0.918973 
1140 0.119048	0.940064 0.993382 0.892169 0.88617 0.924298 0.840407 1.03031 0.845365 0.953182 0.974498 
1141 0.117725	1.01166 1.01448 1.00467 1.09909 0.988019 1.07122 0.976265 1.02884 1.0588 1.02582 
1142 0.193563	0.920861 0.907469 0.886361 0.923528 0.983258 0.94474 0.953545 0.908775 0.945735 1.00563 
1143 0.106702	0.975219 1.02721 0.940929 0.987431 0.95405 0.919611 1.01175 0.873154 0.922953 1.02356 
1144 0.0709877	1.13891 1.2197 1.23822 1.1451 1.11832 1.22857 1.11266 1.15162 1.17535 1.03143 
1145 0.0626102	1.03842 1.20728 1.01645 1.06811 1.12419 1.19058 1.03443 1.16283 1.14803 1.03225 
1146 0.228395	1.01344 1.04059 1.04987 1.04234 1.04465 1.09156 0.975406 1.00882 1.04607 1.05343 
1147 0.10097	1.01936 1.14839 0.990608 0.932355 1.05761 1.11075 1.10939 1.08977 1.05555 1.0209 
1150 0.100253	1.04085 1.00132 1.03132 1.07387 1.05195 1.07725 0.978246 1.13134 1.10514 1.09833 
1151 0.0463353	1.01937 1.16424 1.11824 0.973612 1.00499 0.957115 1.13117 1.00318 1.02416 0.999514 
1152 0.145746	1.056 1.10196 1.02526 0.995279 1.0933 1.13424 1.10289 1.04605 1.08996 1.06133 
1153 0.10952	1.10015 1.06221 1.04061 0.993484 0.961219 0.868143 1.04813 0.944116 0.956783 1.00813 
1154 0.1508	0.937591 0.925562 0.922858 0.976968 0.891546 0.824163 0.975667 0.887344 0.955843 1.00894 
1155 0.122157	1.06198 1.15291 1.16686 1.14636 1.07797 1.10063 1.08809 1.14389 1.13996 0.999143 
1156 0.130581	0.910857 0.944365 0.939009 1.06251 0.981439 1.00258 0.956743 0.935391 1.04526 1.07745 
1157 0.194608	0.942367 0.911429 0.881209 0.908928 0.968778 0.926202 0.990782 0.867854 0.899952 0.999524 
1160 0.143635	1.01124 1.03118 1.07695 1.04855 1.03852 0.999039 1.01418 1.05883 1.0303 1.04123 
1161 0.169886	1.01706 1.12089 1.19696 1.08249 1.12635 1.14365 1.05761 1.14006 1.08218 1.02678 
1162 0.165924	0.950283 0.936438 0.926572 0.923217 1.0264 0.968683 1.00037 1.04282 1.07211 1.05053 
1163 0.0762754	0.921829 0.901901 0.840775 0.934032 0.928067 0.877438 0.910842 0.919312 0.862271 1.01758 
1164 0.157008	0.942285 1.0272 1.061 0.954488 0.950532 0.901352 1.06804 0.972171 0.995464 0.93837 
1165 0.10005	1.07437 1.11182 1.1004 0.957963 1.05253 1.00297 1.13081 1.04403 1.06308 1.00346 
1166 0.115404	0.988836 0.964634 0.94657 0.975886 0.96773 0.890613 0.971095 0.984304 0.993745 1.01178 
1167 0.0718177	0.858076 0.853104 0.783218 0.845845 0.879742 0.741361 0.922636 0.820447 0.875505 1.02205 
1170 0.0550725	1.16754 1.13495 1.27652 1.1324 1.01786 1.01513 1.13861 1.07408 1.09939 0.981126 
1171 0.24686	0.972894 1.02615 1.00994 0.930546 0.99233 0.896168 1.01866 0.993846 1.02302 0.996584 
1172 0.112077	1.00417 0.937566 0.978877 1.01247 0.939333 0.797326 0.928445 0.942689 0.933959 0.951938 
1173 0.148792	0.901631 0.882179 0.85308 0.915937 0.909095 0.815054 0.961045 0.887483 0.860453 1.02117 
1174 0.0859903	0.991135 1.02648 1.12778 1.1079 1.07596 1.03821 1.05473 1.04819 1.10133 1.0159 
1175 0.0574879	1.13536 1.1556 1.24584 1.09465 1.1556 1.23767 1.09934 1.24706 1.21242 0.979065 
1176 0.22029	0.989733 1.05704 1.08095 0.971238 1.05541 1.06564 1.06028 1.12209 1.01313 1.00796 
1177 0.07343	1.0217 0.997119 1.1069 1.08659 0.959915 0.879595 1.00577 0.931548 1.0323 0.98649 
BOUNDS
LWPS R    0.0  0.0  0.0  0.0  0.0  0.0  0.0  0.0  0.0  0.0
UWPS R    0.5  0.5  0.5  0.5  0.5  0.5  0.5  0.5  0.5  0.5
LXAS R   -0.5 -0.5 -0.5 -0.5 -0.5 -0.5 -0.5 -0.5 -0.5 -0.5
UXAS R    0.5  0.5  0.5  0.5  0.5  0.5  0.5  0.5  0.5  0.5
END
