NAME moment_estimation_cluster
ASSETS 10
BENCHMARKS 0.1 0.1 0.1 0.1 0.1 0.1 0.1 0.1 0.1 0.1 
COVARIANCES
0 0 0.00229159
1 0 0.00138367
1 1 0.00504978
2 0 -0.000227907
2 1 -0.00492755
2 2 0.00735411
3 0 0.000540155
3 1 -0.000783735
3 2 0.00229574
3 3 0.00281887
4 0 0.000634653
4 1 0.000799202
4 2 -0.00202809
4 3 -0.00303545
4 4 0.00524401
5 0 0.0016412
5 1 0.00430764
5 2 -0.00440981
5 3 4.09018e-05
5 4 0.000389494
5 5 0.00542914
6 0 0.000321571
6 1 0.00130162
6 2 -0.00138848
6 3 4.67207e-05
6 4 6.06488e-05
6 5 0.00146023
6 6 0.000890791
7 0 0.00205765
7 1 0.00791222
7 2 -0.01011
7 3 -0.00489898
7 4 0.00659014
7 5 0.00685278
7 6 0.00161683
7 7 0.0211493
8 0 0.001482
8 1 0.00156919
8 2 -0.000605943
8 3 0.000247608
8 4 0.000701865
8 5 0.00144775
8 6 0.000477772
8 7 0.00280805
8 8 0.00231147
9 0 0.000336841
9 1 0.00273474
9 2 -0.00249742
9 3 0.000486245
9 4 -0.00120858
9 5 0.00272297
9 6 0.000976178
9 7 0.00255933
9 8 0.000585596
9 9 0.00237603
SCENARIOS
0 0.51697	1.01387 1.03546 0.971 1.01659 0.971706 1.0404 1.03308 1.03062 1.0158 1.04004 
1 0.48303	1.00924 0.943598 1.04845 0.989216 1.02794 0.948338 0.962166 0.979676 0.997927 0.961345 
00 0.476817	0.980127 0.951659 1.10507 1.07009 0.939665 0.941793 0.988191 0.873031 0.99399 0.989934 
01 0.523183	0.967013 1.05102 0.937669 0.947687 1.0666 1.00942 1.023 1.15346 1.02703 1.01429 
10 0.284434	1.01884 0.923077 1.13666 1.04415 0.987537 0.956106 0.994743 0.811911 0.948286 0.943417 
11 0.715566	0.976183 1.05492 0.969144 0.990625 1.01576 1.05241 1.0353 1.04557 0.999501 0.999231 
000 0.219432	0.928269 0.928956 1.01312 0.974977 0.945853 0.945808 0.978374 0.934063 0.927332 0.987536 
001 0.0667748	1.00198 1.01695 0.937654 0.930338 1.10085 1.09066 0.999344 1.19284 0.993177 0.950541 
002 0.0723732	1.07476 1.12135 0.907016 1.06031 0.985705 1.17027 1.04285 1.14663 1.09369 1.07775 
003 0.187789	1.04998 0.927602 1.15974 1.06569 0.919795 0.935856 0.905597 0.804584 1.01873 0.951451 
004 0.223205	1.06642 1.03289 0.971455 1.00619 1.00817 1.09537 0.986914 1.02897 1.01474 1.01643 
005 0.0610953	1.07155 0.93507 1.10135 0.965597 1.15655 0.986169 0.967696 0.993258 1.05505 0.902099 
006 0.0732252	0.983825 0.963593 0.97689 0.897723 1.17436 0.964879 0.951504 1.01796 0.955955 0.94159 
007 0.0961055	1.00344 1.18878 0.825588 0.96378 0.990129 1.12579 1.01478 1.26341 0.995188 1.12975 
010 0.200466	1.01991 0.963762 1.0316 1.0087 0.974481 0.956188 0.959521 0.890002 0.945736 0.969024 
011 0.0894369	0.968317 1.01968 0.970334 1.04038 0.865959 1.02595 0.991469 0.880673 0.889905 1.07423 
012 0.0438126	0.998323 0.956831 0.957469 0.929582 1.04802 0.944997 0.96449 1.02874 0.883303 0.953491 
013 0.105002	1.0419 1.12785 0.873913 0.980641 1.00062 1.20964 1.01953 1.14055 0.942476 1.05001 
014 0.0890672	1.06164 0.874483 1.20312 1.01799 1.01343 0.877074 0.958288 0.756659 0.927851 0.894289 
015 0.151736	1.03835 0.952045 1.07135 0.964261 1.09682 1.0137 0.943446 1.02324 0.998359 0.921354 
016 0.11236	1.11131 1.09628 0.886582 0.912935 1.15385 1.12706 0.928876 1.36388 1.02648 0.981627 
017 0.208119	1.07703 1.03074 1.02986 1.09433 0.89726 1.07368 1.00517 0.894767 0.999305 1.00758 
100 0.138438	0.905863 0.860473 1.1829 1.05528 0.929677 0.857483 0.981839 0.720394 0.957498 0.943014 
101 0.069219	0.904277 0.939739 1.00908 0.949723 1.06074 0.885515 0.943281 1.06232 1.02285 0.95637 
102 0.12439	0.993134 1.05803 0.88259 0.883366 1.19965 0.990756 1.0047 1.37234 1.05886 0.971399 
103 0.0856685	1.02279 0.959886 1.0752 0.928951 1.12934 0.906242 0.990042 1.10014 1.04645 0.93174 
104 0.114273	1.06136 1.04709 0.985663 1.03368 0.998058 1.04154 1.01551 1.02781 1.11651 1.00903 
105 0.282772	0.997732 1.03008 1.04841 1.07398 0.862658 0.986194 1.01783 0.847424 1.07725 1.04441 
106 0.125118	0.966146 1.07343 0.92663 0.962654 1.00057 1.0134 1.00779 1.04721 0.979587 1.03595 
107 0.0601208	0.950033 1.03615 0.930115 0.928233 1.07781 0.952192 1.01746 1.14243 1.00776 0.992209 
110 0.175038	0.979423 0.957638 1.11928 1.1397 0.862077 0.942168 0.983221 0.75765 0.983732 1.04579 
111 0.0756278	1.07478 1.18132 0.836432 0.912889 1.14131 1.10438 1.01771 1.45838 1.10602 1.06297 
112 0.0764668	0.959716 1.08182 0.882934 0.936662 1.01197 1.04072 1.04991 1.08043 0.987304 1.0757 
113 0.28116	0.976861 0.925761 1.05895 1.02582 0.93899 0.954253 0.975371 0.909066 0.960756 1.00474 
114 0.108437	1.09804 1.01573 1.01078 1.01441 1.04329 1.08456 0.977802 1.1235 1.04188 1.01704 
115 0.14194	1.0331 0.977294 1.01148 0.930968 1.14527 0.983595 0.9757 1.04146 0.979619 0.957506 
116 0.0728214	1.02379 1.07089 0.907412 1.05642 0.926792 1.10041 1.01789 1.06107 1.02173 1.09321 
117 0.0685106	0.951984 0.980502 0.923618 0.88411 1.11041 0.926574 0.996791 1.17202 0.978652 0.998434 
0000 0.183028	0.985173 1.01452 1.01741 1.0212 0.953074 0.977559 0.954827 0.87488 0.997081 1.00206 
0001 0.0569421	0.951391 0.945696 1.06278 0.961901 1.04672 0.85613 0.912898 0.88906 0.949865 0.936715 
0002 0.121649	1.00383 0.994715 0.959547 0.976597 1.0025 0.987039 1.00053 0.922875 0.99916 1.00964 
0003 0.126826	0.978843 1.10102 0.987662 1.1153 0.859286 1.03421 0.972018 0.865807 0.980108 1.0641 
0004 0.136439	1.0321 0.961802 1.1527 0.993327 1.07672 0.894243 0.887231 0.921808 0.969297 0.931914 
0005 0.105935	1.01539 0.957278 1.14195 1.08327 0.933064 0.915144 0.984551 0.718969 1.03082 0.977715 
0006 0.196155	1.03218 1.06337 0.939828 0.925177 1.12678 1.02616 1.01178 1.23079 0.96829 0.974253 
0007 0.0730264	0.990813 1.03333 0.922397 0.942784 1.04386 1.00219 1.01312 0.862661 1.01323 0.976465 
0010 0.0516403	1.0922 1.08054 0.931718 0.938153 1.17644 0.978277 0.986834 1.23183 1.10611 0.987934 
0011 0.0516403	1.02524 1.16274 0.836547 0.992696 0.979076 1.1282 1.05222 1.16053 1.06234 1.12621 
0012 0.136087	0.924757 0.933297 1.03069 0.991006 0.970041 0.896632 0.900033 0.904374 0.925214 0.984585 
0013 0.199878	1.07714 0.945005 1.11791 1.08449 0.970036 0.872181 0.924684 0.854763 1.04262 1.00316 
0014 0.0589307	1.08265 1.05716 0.961549 1.0746 0.912727 1.0391 0.984923 0.92656 1.09985 1.0556 
0015 0.121507	0.915884 0.983467 0.955466 1.00174 0.924736 0.909268 0.996577 0.943122 1.01868 0.990166 
0016 0.125759	1.04222 1.0547 0.981437 1.03543 0.956423 0.963465 0.977042 0.975659 1.02393 1.02947 
0017 0.254557	1.01886 1.0243 0.925041 0.945651 1.04383 1.02308 0.954389 1.15467 0.979285 1.01262 
0020 0.0695067	0.926746 1.08073 0.91705 0.946146 0.987167 1.03165 1.0077 1.03315 0.889506 1.0441 
0021 0.101457	1.05731 1.11769 0.852969 0.905355 1.15193 1.07275 0.996767 1.21938 1.02194 0.979529 
0022 0.110426	1.05588 1.06045 0.966911 0.989822 0.986372 1.03701 0.948547 1.0306 1.01793 1.06433 
0023 0.17713	1.07235 1.04674 1.06415 1.08453 0.906475 1.05148 0.967716 0.930278 1.08777 1.02475 
0024 0.169283	0.980899 0.993607 1.01392 1.04171 0.893227 1.05561 0.940733 0.961191 0.90554 1.03324 
0025 0.105942	1.04978 0.954112 1.17823 1.0493 0.967868 0.924637 0.909164 0.864818 0.955506 0.974104 
0026 0.186099	1.04539 0.973075 0.985067 0.938595 1.13504 0.937926 1.00261 1.10006 0.969763 0.949195 
0027 0.080157	0.960447 0.911431 1.02354 0.959669 1.00588 0.973174 0.997064 0.826076 0.922415 0.957422 
0030 0.135882	1.03121 0.988614 1.06385 1.12897 0.892071 1.10264 1.04197 0.767974 0.915862 1.01937 
0031 0.0626485	0.971623 1.03407 0.907328 0.908067 1.18996 1.10523 1.09798 1.1497 0.942485 0.969465 
0032 0.273925	0.963477 0.99939 0.989027 1.03826 0.915313 1.08334 1.01269 0.968535 0.958919 1.03033 
0033 0.140635	0.968554 1.02043 0.886808 0.981943 0.980585 1.01435 1.07173 0.986145 1.01336 1.07871 
0034 0.0751782	0.970088 1.106 0.910022 1.01476 1.09765 1.14208 1.08147 1.25202 1.04332 1.02895 
0035 0.0931087	1.05243 0.91944 1.10433 0.946237 1.13057 0.882704 1.01491 0.975029 1.02625 0.905422 
0036 0.08814	0.910035 0.929398 0.987873 0.926001 1.12301 0.928469 1.01733 0.834237 0.920624 0.946719 
0037 0.130482	0.990476 0.845686 1.19978 1.00587 0.987966 0.851389 0.981539 0.774543 0.935861 0.912396 
0040 0.170302	0.969843 1.00319 0.976954 1.02376 1.00099 1.01902 1.0261 1.09876 1.08404 0.993541 
0041 0.0786987	0.965822 1.07532 0.942786 0.90936 1.15215 1.08458 0.99771 1.2542 0.980813 0.949425 
0042 0.130498	1.00602 1.14373 0.912251 0.960631 1.01735 0.964151 1.01307 1.24614 1.01763 1.07776 
0043 0.0932388	0.91701 1.00326 0.876129 0.94264 0.989156 0.969008 1.04031 1.09421 0.943027 1.00914 
0044 0.204471	1.00322 0.929613 1.10138 1.05746 0.903662 0.981715 1.02866 0.821423 1.00554 1.02247 
0045 0.17121	0.976462 0.981307 1.10615 0.993596 1.0305 0.828621 0.967192 0.917658 1.0505 0.959729 
0046 0.0507088	1.00558 1.1002 0.917676 1.05043 0.902548 1.09951 1.02231 1.00321 1.00732 1.09665 
0047 0.100872	0.982561 1.02791 1.00587 1.07701 0.847185 1.07056 1.0013 0.938538 0.990643 1.08857 
0050 0.209163	0.990844 0.981854 0.953121 0.999197 1.00676 1.03794 0.961992 1.10024 0.950296 0.974204 
0051 0.132802	1.05197 1.00201 1.03945 0.986142 0.976774 1.01806 0.94775 1.00888 1.05933 1.02216 
0052 0.197211	0.985544 0.960206 1.05165 1.02484 0.921936 0.916292 0.973895 0.793535 0.962796 1.00354 
0053 0.0717131	1.06466 1.15943 0.961551 1.03034 1.08019 1.11597 1.00685 1.17276 1.04637 1.07479 
0054 0.177291	1.04336 0.97264 1.01332 1.07654 0.89162 1.04921 0.99253 1.01369 1.05866 1.07403 
0055 0.059761	0.900322 0.92804 0.988516 0.918725 1.10775 0.974483 1.00663 0.981489 0.931205 0.938348 
0056 0.0976096	0.990825 1.07048 0.920244 0.957047 1.10322 1.06093 0.959603 1.21908 1.01413 1.00984 
0057 0.0544489	0.966482 1.06505 0.834642 0.926546 1.03883 1.07443 1.01263 1.23712 0.977458 1.03098 
0060 0.193352	0.954568 1.04267 0.994642 1.05957 0.891819 1.09253 1.07331 1.02171 0.992305 1.04784 
0061 0.104709	1.01451 1.04558 0.909315 0.897104 1.11826 0.990862 1.00442 1.29356 1.04841 0.959801 
0062 0.122438	1.00273 0.993323 0.954413 0.967194 1.07321 0.979165 0.983672 1.12358 0.995304 0.930484 
0063 0.0603878	1.11952 1.17493 0.856391 0.954354 1.06668 1.22736 1.01916 1.47733 1.04906 1.01119 
0064 0.218283	1.01795 0.898857 1.17948 1.00857 0.96134 0.848593 1.0011 0.851147 1.01929 0.930709 
0065 0.0786704	0.930416 0.967943 0.974939 0.944657 0.910849 0.928211 1.02928 0.930984 0.916843 0.993019 
0066 0.165097	1.0484 1.07224 0.97546 0.975472 1.00931 1.00294 1.01342 1.20071 0.987385 1.00075 
0067 0.0570637	1.08611 1.2183 0.891271 1.00466 1.00651 1.14361 1.03575 1.26044 1.07057 1.10596 
0070 0.126636	1.0903 1.08834 0.942277 1.00329 1.01682 1.17921 1.04244 1.20418 1.18364 1.01683 
0071 0.221612	1.07745 1.0125 0.919669 0.921478 1.11459 1.00591 0.974114 1.16366 1.05139 0.92172 
0072 0.06374	0.910492 0.877639 1.16183 1.08127 0.82022 0.871104 0.959496 0.738659 0.958099 0.977197 
0073 0.16927	0.986156 0.987122 0.982538 1.01897 0.904258 1.09914 1.01839 0.966008 1.0202 1.02884 
0074 0.20726	1.06634 0.957926 1.06622 0.978199 1.04937 1.00542 0.958131 0.95517 1.09902 0.93188 
0075 0.0548755	1.08001 0.95961 1.13483 1.0625 0.974366 0.984003 0.971202 0.817637 1.11854 0.904817 
0076 0.0945547	1.05847 0.980113 1.04888 1.12074 0.883447 1.05576 1.07078 0.775963 0.993806 1.00533 
0077 0.0620515	1.01915 1.09506 0.937713 1.07216 0.870297 1.17234 1.047 1.00856 1.00263 1.09316 
0100 0.101807	0.974524 0.855014 1.19509 1.08134 0.874255 0.899682 0.961375 0.770479 0.956183 0.981546 
0101 0.104943	0.908612 0.926968 1.03839 1.04601 0.891887 0.9704 0.984299 0.813413 0.945109 1.00456 
0102 0.050166	0.918921 1.03499 0.907395 0.910099 1.01746 1.07204 1.06787 1.1219 0.947528 1.03201 
0103 0.0770933	0.94314 1.0709 0.876219 0.892915 1.10691 1.10999 1.01385 1.28349 1.01062 1.01694 
0104 0.148285	1.04287 1.07435 0.905314 0.977368 1.03307 1.10913 1.03791 1.28819 1.076 1.02079 
0105 0.163039	0.884475 0.930722 1.06169 0.955185 0.973254 0.909738 0.948051 0.902931 0.901691 0.965936 
0106 0.18093	0.978558 1.05395 0.984552 1.04411 0.968506 1.11879 0.992245 1.00706 0.995516 1.05466 
0107 0.173737	1.01043 0.948977 1.08042 1.01195 1.04145 0.999041 1.00553 1.01556 1.09983 0.985337 
0110 0.149649	0.954938 1.08195 0.866341 0.983599 1.00124 1.12545 1.00038 1.33382 1.03984 1.03496 
0111 0.0863993	1.0036 1.01255 0.963966 0.932163 1.03554 1.00223 0.970242 1.08182 0.984761 0.967295 
0112 0.125258	1.10709 1.04606 1.02008 0.995999 1.07514 1.05118 0.96779 1.17868 1.11824 0.987594 
0113 0.107069	1.10703 1.14363 0.913518 1.06721 0.911601 1.15226 1.01436 1.0166 1.09888 1.10057 
0114 0.153369	1.0028 1.04988 0.909533 0.952924 1.12803 0.979547 0.974847 1.2257 1.02379 0.947138 
0115 0.189748	0.955536 0.908471 1.15463 1.03631 0.938248 0.938808 0.891012 0.870861 0.987131 0.946088 
0116 0.122365	0.957118 1.00178 0.932378 1.0397 0.945977 1.04922 1.04102 0.90854 1.05069 1.01897 
0117 0.066143	0.950744 0.88701 1.048 0.993382 0.944527 0.887257 0.932508 0.860587 0.982554 0.96099 
0120 0.0911392	0.988121 0.930022 1.02204 1.0609 0.982926 1.05858 0.983787 0.996219 1.06218 0.957988 
0121 0.0995781	0.989608 1.09861 0.938764 1.02562 0.983885 1.06116 0.983719 1.14563 1.04984 1.00775 
0122 0.314768	0.993837 0.961108 0.977527 0.933865 1.08299 0.994003 0.977825 1.05265 1.02492 0.946695 
0123 0.149367	0.925175 0.877956 1.16371 1.01416 0.963578 0.917434 0.932067 0.796567 0.923351 0.922741 
0124 0.064135	1.00591 1.19394 0.877385 0.942521 1.0293 1.14307 1.03571 1.20004 1.05795 1.07913 
0125 0.0666667	1.01267 0.929258 1.16356 1.05973 0.931209 0.93686 0.985254 0.74343 1.06146 0.943286 
0126 0.0700422	1.0084 0.96827 1.07326 1.1048 0.901218 1.07081 0.993541 0.781934 0.959435 1.03998 
0127 0.144304	0.925961 0.976116 0.976932 1.0019 0.951926 0.959685 0.952652 0.907422 0.976167 1.02754 
0130 0.160211	1.01304 0.915586 1.00236 0.940288 1.0859 0.88452 0.979428 1.03938 0.997838 0.954716 
0131 0.139437	1.12095 1.02117 1.03952 1.10413 0.94614 0.978841 1.0279 0.998029 1.12577 1.05821 
0132 0.125	1.08 0.927853 1.10232 1.04537 1.03921 0.907408 0.914288 1.01207 1.16472 0.928079 
0133 0.144718	0.986167 1.10505 0.920894 0.95525 1.03559 0.959534 0.993886 1.30446 1.05819 1.06293 
0134 0.0714789	0.991839 0.967113 1.04849 1.07522 0.911184 0.937421 0.925221 0.895848 0.98975 1.01598 
0135 0.150704	0.981161 0.947001 1.11073 1.03156 0.956675 0.876481 0.909106 0.915653 1.04396 0.992429 
0136 0.173592	1.03838 1.06503 0.914515 1.0061 0.966791 1.01973 1.01063 1.10934 1.03496 1.07978 
0137 0.0348592	1.02858 1.04989 0.938612 0.921986 1.18077 1.04705 1.01204 1.30585 1.1329 0.978989 
0140 0.164799	0.983281 1.06043 0.8801 0.953901 1.05715 1.12185 0.975397 1.31619 1.03122 1.04773 
0141 0.139062	0.984364 1.08049 0.949124 1.03943 0.931025 1.13108 0.928247 1.13431 1.01196 1.0324 
0142 0.158987	1.04114 1.01712 1.03106 0.962761 1.12151 1.00154 0.938533 1.14756 1.08106 0.987549 
0143 0.212121	0.928174 0.942245 1.05948 0.977019 0.968626 0.875653 0.931711 1.09172 1.01594 0.965181 
0144 0.0958904	1.06742 1.02898 1.04161 1.10377 0.9327 1.12066 1.01928 1.00864 1.10473 1.06356 
0145 0.0581154	0.853386 0.929009 0.990185 0.885746 1.05666 0.827308 0.905124 1.20817 0.957032 0.916832 
0146 0.0597758	0.959393 0.934013 1.06147 1.11322 0.830671 0.950392 0.997514 0.801261 1.00205 1.09393 
0147 0.111249	0.871477 0.891793 1.1693 1.0314 0.936171 0.884859 0.936194 0.835589 0.976783 0.956187 
0150 0.101365	0.993484 0.957348 1.05271 1.12371 0.889283 1.02083 1.07317 0.793132 0.975489 1.03988 
0151 0.208333	0.98164 0.989316 0.992106 0.972832 1.0743 0.912764 1.02966 1.01951 1.05273 1.00359 
0152 0.117934	1.05216 0.918232 1.11211 1.05155 0.965864 0.985341 0.99516 0.860899 1.0288 0.997977 
0153 0.104532	1.00162 1.09493 0.923988 0.94553 1.00571 0.995414 1.00587 1.0835 0.982966 1.06046 
0154 0.0765107	1.05968 1.03996 1.01589 1.14146 0.944096 1.03611 1.08998 0.9397 1.10553 1.02147 
0155 0.123538	0.945151 0.892457 1.0901 1.02831 0.93401 0.765256 0.961974 0.752573 0.929221 0.971706 
0156 0.168616	1.08838 1.03697 0.924716 1.02113 1.02603 1.0633 1.05752 1.00445 1.04605 0.993531 
0157 0.0991715	1.03662 1.0076 0.90587 0.90475 1.15622 0.98353 0.999921 1.11215 0.992726 0.947946 
0160 0.0671273	0.912422 0.845635 1.04688 0.937797 1.10955 0.922639 1.05224 0.962059 1.00476 0.902929 
0161 0.0612043	1.03094 0.985328 0.990759 0.93177 1.19367 1.06807 1.10174 1.09796 1.01786 0.955529 
0162 0.213557	0.927513 1.06342 0.88328 0.989 0.970753 1.06102 1.06853 1.04494 0.919844 1.08004 
0163 0.0569266	0.964373 0.913795 1.09667 1.1172 0.842514 0.981965 0.95941 0.745165 0.915752 1.0224 
0164 0.145114	0.974003 1.08672 0.984558 1.08133 0.925338 0.988483 1.09978 1.03069 1.04922 1.06108 
0165 0.0691017	1.07697 0.974258 1.12076 1.13589 0.980279 1.08649 1.0269 0.859145 1.02286 0.978087 
0166 0.168147	0.974734 1.04483 0.919024 0.938042 1.08271 1.08916 1.0133 1.17061 1.0141 1.04361 
0167 0.218822	0.96395 0.932096 1.12739 1.00919 0.977388 0.837323 1.03439 0.854144 0.971223 0.985877 
0170 0.100195	0.951824 0.979606 0.938974 0.987875 0.984113 0.980324 0.982655 0.987083 0.984802 1.01658 
0171 0.0596909	0.985051 0.965789 0.970364 0.917633 1.13121 0.854308 0.944693 1.06754 0.996809 0.979875 
0172 0.129508	1.01785 1.03648 0.965107 1.07319 0.921795 1.04734 1.00357 1.00291 1.04044 1.07882 
0173 0.0771007	0.976299 0.802814 1.26595 1.04869 0.964682 0.792937 0.899413 0.696724 0.946022 0.88254 
0174 0.122402	0.984051 0.941619 1.01351 0.992618 1.06358 0.948661 0.967781 1.0986 1.03209 0.989903 
0175 0.0600462	0.998425 0.92077 1.09633 1.01159 1.11371 0.932259 0.98696 1.15187 1.09001 0.974641 
0176 0.275537	0.944357 0.915828 1.062 1.0431 0.941078 0.903965 0.947715 0.861077 0.945336 1.00753 
0177 0.17552	1.00391 1.12696 0.887366 0.955283 1.12196 1.05372 1.05116 1.27412 1.09274 1.04289 
1000 0.0594111	1.06799 0.998396 1.18284 1.20219 0.803521 1.00268 0.896878 0.767802 1.02795 0.999069 
1001 0.231861	1.05662 1.02136 0.9612 0.964061 0.969693 1.01561 1.00548 0.979251 0.986681 1.02597 
1002 0.0788644	1.04662 0.989651 1.20992 0.974362 1.04889 0.815738 0.949736 0.891538 1.07037 0.928487 
1003 0.0562566	0.984898 1.06447 1.00763 1.10247 0.812148 1.1049 1.00846 0.93238 0.995175 1.09853 
1004 0.095163	1.07962 1.02812 1.10274 1.08832 0.905379 0.941681 0.993733 0.976082 1.05115 1.03152 
1005 0.1204	1.13308 1.15114 1.01787 1.07589 0.993523 1.18673 1.03619 1.18968 1.10458 1.07251 
1006 0.223449	1.03091 1.10638 0.930153 0.91265 1.09076 1.0865 0.998545 1.5136 1.04398 1.03067 
1007 0.134595	1.04169 1.00982 1.08216 0.962271 1.02422 0.940952 0.969845 1.01047 1.11991 1.00138 
1010 0.112513	0.999829 1.05318 0.892031 0.915046 1.11475 1.05394 1.06293 1.3101 1.04387 0.981305 
1011 0.175605	0.990963 0.973391 1.0003 0.949876 0.940718 0.912595 1.00656 0.943702 0.982763 0.976547 
1012 0.144059	1.05731 0.913654 1.09039 1.09955 0.919868 1.02347 1.01335 0.691446 0.99695 0.962607 
1013 0.15142	0.964555 0.998582 0.963823 0.973821 1.02809 0.914318 1.06391 0.960771 0.91708 0.975726 
1014 0.0988433	1.02673 0.961415 1.05629 0.958006 1.06441 1.00192 1.03706 0.903662 0.991354 0.911471 
1015 0.0715037	0.996126 0.932078 1.12396 1.02414 0.877843 0.90813 1.007 0.700446 0.963995 0.994705 
1016 0.135647	1.06221 1.04268 1.05721 1.06647 0.988845 1.03531 1.01044 1.05887 1.06777 1.03985 
1017 0.11041	1.11409 1.08608 0.90834 1.0162 1.04628 1.13709 1.12745 1.13501 1.02437 1.0267 
1020 0.151551	1.00808 0.922953 1.07073 0.939743 1.09088 1.03874 0.995276 1.10512 0.967989 0.916516 
1021 0.0690462	1.11991 1.14039 0.905085 0.980655 1.04069 1.13177 0.974542 1.22018 1.14075 1.05461 
1022 0.174956	1.00528 0.891045 1.18108 1.07172 0.983714 1.06136 0.973803 0.878634 1.00497 0.93563 
1023 0.136922	0.924268 1.06764 0.948186 0.989997 0.956432 1.07493 1.01156 1.04149 0.930719 1.086 
1024 0.0942071	0.984208 1.03895 0.923697 0.878944 1.16462 1.08557 1.0796 1.1628 1.02278 1.03898 
1025 0.114687	0.989608 1.01797 0.956193 1.07253 0.943473 1.13417 1.03302 0.951572 0.940587 1.02924 
1026 0.0544178	1.15072 1.11789 1.01235 1.05177 1.01087 1.13343 1.02631 1.00855 1.07431 1.04771 
1027 0.204213	0.952106 0.978209 1.07254 1.05231 0.872676 0.952371 0.971595 0.887444 0.975298 1.00695 
1030 0.0739167	0.988612 1.01854 0.986055 1.10149 0.886205 1.11019 1.02784 0.875637 0.948725 1.07428 
1031 0.189465	0.944662 0.919188 1.0547 1.02916 0.927176 1.05025 0.964544 0.72581 0.909534 1.02916 
1032 0.13424	1.05268 1.05643 0.979864 1.07491 0.941832 1.11753 1.04065 0.949843 1.10457 1.07678 
1033 0.0492778	0.996851 0.878146 1.20615 1.13012 0.932735 0.930686 1.02996 0.681187 0.999836 0.997576 
1034 0.152931	0.912691 1.05805 0.934994 0.938596 1.08001 1.02271 1.00718 1.07348 1.02479 1.03887 
1035 0.113849	0.901561 1.02727 0.901816 0.997512 0.941705 1.0461 1.01853 0.844462 0.9354 1.04308 
1036 0.231946	0.898383 0.892113 1.05803 0.974772 1.03597 0.951425 1.02508 0.855953 0.951066 0.961183 
1037 0.0543755	1.05991 0.985844 1.11966 1.06386 1.06033 1.00356 0.980662 1.07013 1.18401 0.941185 
1040 0.101911	1.01917 1.07738 0.98793 1.04949 0.946286 1.09358 1.00676 1.21706 1.05586 1.11163 
1041 0.0783439	0.964114 0.99677 1.03114 1.07333 0.864915 1.02588 0.942879 1.01779 0.962714 1.0173 
1042 0.0828025	1.00793 0.90357 1.17593 1.03655 1.02398 0.939716 0.92607 0.980285 0.963542 0.961724 
1043 0.0942675	0.941044 1.03074 0.914268 0.934859 1.03851 0.999706 1.02366 1.16201 0.962841 1.0777 
1044 0.0847134	0.963629 1.18571 0.84727 0.994158 0.98915 1.14776 1.06429 1.14636 0.998394 1.13846 
1045 0.271975	0.969534 0.916843 1.1052 1.03813 0.974986 0.988338 0.955872 0.800249 0.951381 1.00318 
1046 0.157325	1.01796 1.08474 0.980712 0.939054 1.11837 1.04186 1.03573 1.0886 0.933421 1.01327 
1047 0.128662	0.893599 0.99068 0.969942 0.972282 0.966772 0.955414 0.983573 1.04605 0.9085 1.04296 
1050 0.0993565	0.911207 0.932695 0.988053 0.960705 0.992546 0.902126 0.989444 0.895396 0.886775 0.98908 
1051 0.214414	0.928336 0.898354 1.0917 1.09938 0.914919 0.877226 1.01704 0.769156 0.986578 1.00659 
1052 0.0664093	0.936431 1.0977 0.926034 0.984165 0.994464 1.06659 1.02833 1.25802 0.999592 1.07978 
1053 0.0656371	0.952968 0.928478 1.1788 1.00237 1.02952 0.866171 0.968418 1.01609 1.01116 0.945801 
1054 0.151351	0.91088 0.998755 0.922708 0.904168 1.11173 0.964658 0.94144 1.20241 0.921063 0.976322 
1055 0.116345	1.02572 0.920137 1.07552 1.00076 1.09567 0.989994 1.05016 0.899439 0.976788 0.950035 
1056 0.133076	1.00458 0.995155 1.00052 1.09712 0.964094 1.04347 1.08004 0.967222 1.00114 1.05265 
1057 0.153411	0.981644 1.05244 0.879278 0.960897 1.02885 1.09834 1.02912 0.977496 0.922585 1.0318 
1060 0.190809	1.00268 1.00317 0.95102 0.968513 1.03437 1.04573 1.05774 1.10798 1.0438 1.00625 
1061 0.0884235	0.982331 1.09671 0.876081 0.98998 0.97419 1.19217 1.06036 1.23437 1.03795 1.08932 
1062 0.0628272	0.956241 0.872349 1.23445 1.01521 0.908012 0.896018 0.913285 0.822837 1.02698 0.94486 
1063 0.134962	0.988081 0.960801 0.999776 0.968481 1.04988 0.966878 0.992107 1.18249 1.12853 0.958149 
1064 0.095986	1.02716 1.02552 0.897098 0.912142 1.14492 1.05566 1.01658 1.34092 1.15114 1.0147 
1065 0.148342	0.948239 1.00423 0.963662 1.03889 0.910495 1.15299 1.02226 0.998079 0.963668 1.06541 
1066 0.154159	1.05107 0.955148 1.09643 1.03034 1.00017 0.919897 0.961004 0.925256 1.10042 0.952904 
1067 0.124491	0.878471 0.868213 1.10749 1.03342 0.889695 0.863279 0.932897 0.902208 0.933373 0.98402 
1070 0.0932203	0.944543 0.964337 0.936017 0.866316 1.08169 0.887686 1.02088 1.07305 0.967632 0.981044 
1071 0.062954	0.968625 1.10598 0.841589 0.92181 1.0709 1.11899 0.955423 1.41783 1.07477 1.07661 
1072 0.162228	1.05911 1.0899 0.968667 1.00104 1.0311 1.13058 0.966291 1.03074 1.06298 1.05262 
1073 0.123487	0.891137 0.967436 1.03091 1.01475 0.887166 0.966631 0.964408 0.819054 0.971523 1.03429 
1074 0.267554	0.933545 0.978182 1.02206 0.986495 1.0238 0.963911 0.997014 0.991552 1.06641 0.984939 
1075 0.0544794	0.946378 1.07114 0.973914 0.999121 0.937944 0.990721 1.05766 1.06149 1.02112 1.06264 
1076 0.164649	0.977102 0.982308 1.13839 1.06408 0.951637 0.976489 1.03429 0.992381 1.04822 1.05468 
1077 0.0714286	1.05961 1.07333 0.93593 1.02393 0.920056 1.16083 1.05222 1.11632 1.00546 1.08825 
1100 0.0940496	1.1028 1.09477 0.959209 1.09319 0.882297 1.16306 1.04898 1.07827 1.015 1.09288 
1101 0.171074	1.10843 1.10061 0.899686 0.916326 1.09613 1.05402 0.99495 1.315 1.10521 1.01377 
1102 0.120165	0.960807 0.902625 1.06018 1.00527 0.897589 1.01709 0.988496 0.922185 0.906952 0.973301 
1103 0.168264	1.13182 0.949332 1.15392 1.07456 0.976359 0.971267 1.03653 0.833647 1.0942 0.968224 
1104 0.0695868	0.983 1.03252 0.882588 1.01064 0.898223 1.08961 1.00427 1.10268 0.973859 1.03353 
1105 0.126116	0.997928 0.881064 1.10255 0.956654 0.97553 0.876746 0.967152 0.872943 0.911965 0.931319 
1106 0.123802	1.10558 1.03242 1.00207 1.01371 1.06888 1.07919 1.00681 1.07303 1.10274 1.00787 
1107 0.126942	0.957489 1.07201 0.888334 0.934185 0.943259 1.02181 0.995788 1.07715 0.970012 1.04385 
1110 0.0554705	0.951882 0.983203 1.08838 1.13341 0.830722 1.04918 1.04009 0.735697 0.973594 1.05708 
1111 0.201607	0.95963 1.06096 0.872459 0.93909 1.05199 1.10088 1.04839 1.19497 1.02337 1.03346 
1112 0.0612089	1.03105 0.905648 1.19218 1.10923 0.935978 0.916715 1.05387 0.827106 1.06242 0.975077 
1113 0.0470543	0.99324 1.04567 0.853659 0.88303 1.21242 1.14633 1.08719 1.33804 0.982093 0.984832 
1114 0.233359	0.995154 0.948927 1.02782 0.980161 1.03904 0.91424 0.985042 0.946542 0.980143 0.974772 
1115 0.148432	0.922877 0.964359 1.0223 1.04871 0.93283 0.985873 0.970886 0.816372 0.920752 1.03744 
1116 0.184009	0.991893 1.0499 0.933744 1.04893 0.956611 1.0437 1.04745 1.0355 1.01145 1.08291 
1117 0.06886	1.08063 0.919146 1.10959 1.08748 1.01421 1.07577 1.00488 0.93868 0.974115 0.95452 
1120 0.1521	0.991583 0.980618 1.02371 1.09096 0.906975 1.00678 0.946954 0.984699 0.953657 1.01748 
1121 0.0942111	1.09525 1.15618 0.830675 0.971339 1.07495 1.10384 1.0293 1.27251 1.03062 1.10104 
1122 0.057132	0.976784 0.847298 1.13427 0.939614 1.11388 0.817298 0.920789 0.885632 0.96398 0.879911 
1123 0.0669694	0.901029 0.895857 1.20139 1.06022 0.944004 0.819672 0.95775 0.830517 0.984414 0.961452 
1124 0.118426	1.0137 0.881417 1.10428 0.990412 1.0119 0.853144 0.891474 0.939789 0.987514 0.91642 
1125 0.0673477	1.11384 0.969162 1.09803 1.06167 1.01223 0.993558 0.979895 0.953364 1.02591 1.00433 
1126 0.271661	1.07798 1.01925 0.935729 0.983124 1.05372 1.07617 0.976996 1.13693 1.02851 0.985966 
1127 0.172153	0.928161 0.975871 0.921781 0.973766 0.955968 1.04197 0.977648 1.00329 0.986713 1.02395 
1130 0.0619469	1.03336 1.08128 0.940257 1.02125 1.02803 1.05272 1.04547 1.10805 1.07636 1.00719 
1131 0.116691	1.042 1.13579 0.826741 0.925186 1.03357 1.09404 1.09224 1.30932 1.07208 1.06931 
1132 0.19469	0.961485 0.903873 1.15423 1.03514 0.977715 0.856524 0.937487 0.772449 0.987803 0.917081 
1133 0.085923	1.08995 1.1639 0.921636 0.9777 1.05451 1.11115 1.03191 1.09767 1.08805 1.06745 
1134 0.1241	1.06283 1.02901 1.05048 1.01621 0.966353 0.974077 0.976707 0.934964 1.04865 1.0273 
1135 0.206009	0.96356 1.01406 0.979624 0.951915 1.03627 0.929861 1.01769 1.02173 1.00014 0.981969 
1136 0.0678123	0.97767 1.04105 0.914278 0.89368 1.14468 1.02029 0.974185 1.23518 1.01555 1.01273 
1137 0.142828	0.922171 1.00834 0.964819 1.03562 0.898817 0.960882 1.00633 0.808642 0.943446 1.03503 
1140 0.238794	0.955441 1.01662 0.972346 1.01037 1.00086 1.0423 1.03391 0.955433 1.02059 1.00691 
1141 0.0840448	1.00969 1.12741 0.825862 1.00344 0.978332 1.0052 1.12804 1.07108 1.03673 1.07234 
1142 0.0685699	1.03291 1.05922 0.915937 1.03184 1.05575 1.09742 1.01661 0.983304 1.07691 1.01801 
1143 0.0661686	1.04891 0.931866 1.0815 0.963372 1.11578 0.876149 0.973072 1.01611 1.08544 0.904954 
1144 0.267609	0.978427 0.886794 1.11197 1.05294 0.941237 0.839396 1.0228 0.805296 0.947907 0.982173 
1145 0.127801	0.983375 0.96763 0.930283 0.935248 1.10052 0.895341 1.0889 1.09628 1.01092 0.934393 
1146 0.0864461	0.916571 1.04868 0.816525 0.918044 1.08247 1.06335 1.02174 1.25693 1.00805 0.9968 
1147 0.0605656	0.972774 1.10178 0.893474 1.04901 0.895563 0.961023 1.04921 1.08749 0.97185 1.07122 
1150 0.125357	0.990755 1.01567 0.929668 0.929179 1.08466 0.975594 1.0051 1.26526 0.998196 0.949822 
1151 0.0750102	0.959085 0.825189 1.19428 0.996127 1.05555 0.776451 0.909565 0.891538 1.03653 0.881968 
1152 0.0652263	1.01382 1.07336 0.905266 0.993543 1.0199 1.08187 1.06924 1.13434 1.07701 1.05848 
1153 0.0947819	0.992604 1.08411 0.994173 1.02861 0.96 0.995702 1.00046 1.07782 1.05212 1.05656 
1154 0.206482	0.979986 0.890122 1.06707 0.967002 0.995433 0.928667 0.983171 0.938561 0.955862 0.939283 
1155 0.0890746	0.895384 0.983189 0.904829 0.958424 0.968573 0.9224 0.993599 1.04159 0.966067 1.00085 
1156 0.233999	1.00362 0.932672 1.11556 1.0778 0.880136 0.936936 1.03196 0.785725 1.01127 1.03854 
1157 0.110069	1.0626 1.06422 0.841823 0.899143 1.17236 1.05019 1.0042 1.47011 1.01332 0.984203 
1160 0.110846	1.03149 0.908068 1.07173 1.00494 1.07223 0.963992 0.968615 0.951471 0.99211 0.941504 
1161 0.202225	1.08721 1.06146 0.989415 1.02059 0.973425 1.07422 1.05484 0.98834 1.06519 1.06337 
1162 0.0619785	0.927879 1.03368 0.958742 0.933964 1.00626 1.00419 1.02166 1.04633 0.958661 1.03294 
1163 0.123162	1.04542 0.964366 1.09491 1.08016 0.894991 0.990659 0.988025 0.800792 0.983792 0.998107 
1164 0.133095	1.04265 1.06524 0.886049 0.954049 1.02823 1.07149 1.03166 1.23463 0.998655 1.0261 
1165 0.0568137	1.04929 1.21182 0.826867 1.00289 0.997089 1.28325 1.09645 1.28901 1.08896 1.10603 
1166 0.212952	1.06647 0.960703 1.11943 1.04044 0.984929 1.00259 0.976538 0.887692 1.00946 1.01031 
1167 0.0989273	1.03237 0.966233 1.07286 0.968604 1.13243 0.989765 0.962332 0.999551 1.066 0.938651 
1170 0.0612331	0.971172 0.898197 1.14527 0.981121 1.00021 0.897237 0.94996 0.874656 1.04215 0.927041 
1171 0.138936	0.995995 1.04633 0.941109 1.04086 0.90827 1.12416 0.937003 1.07823 0.978809 1.03371 
1172 0.144848	1.02996 0.944788 1.05869 1.01659 0.989987 0.946129 1.0133 0.859171 0.942603 0.943088 
1173 0.117821	1.04728 1.01272 1.13267 1.10867 0.87994 1.06287 0.960054 0.809172 0.987955 1.01832 
1174 0.0962838	0.979288 0.855159 1.17224 1.04418 0.917145 0.95328 0.889495 0.76686 0.873072 0.922715 
1175 0.194257	1.00535 1.07044 0.935319 0.978731 0.994141 0.960613 1.01816 1.13627 1.01147 1.01541 
1176 0.166385	0.972535 1.10386 0.88059 0.91329 1.11362 1.03386 0.987578 1.24883 1.04582 1.00201 
1177 0.0802365	1.02488 0.9496 0.983058 0.939404 1.07854 0.966799 0.976531 0.992975 0.927273 0.916149 
BOUNDS
LWPS R    0.0  0.0  0.0  0.0  0.0  0.0  0.0  0.0  0.0  0.0
UWPS R    0.5  0.5  0.5  0.5  0.5  0.5  0.5  0.5  0.5  0.5
LXAS R   -0.5 -0.5 -0.5 -0.5 -0.5 -0.5 -0.5 -0.5 -0.5 -0.5
UXAS R    0.5  0.5  0.5  0.5  0.5  0.5  0.5  0.5  0.5  0.5
END
