ASSETS 10
STAGES 4
COVARIANCE
251.82732004494454
65.3715108804018 21.715995143040427
38.22321747320929 18.264375675343913 91.09537722341375
-18.698885268083004 3.673111365946246 31.340672057378516 37.71626749945001
-15.793552168522284 0.5798149942547701 14.852797791345965 26.06307026957631 24.296871602294587
-55.94757954033366 -6.355575289442736 42.70610666383474 40.0997838254487 28.348506513708355 61.136626388890576
133.02801536002443 40.2264991757498 54.01173482168661 15.841868657046746 13.79811748007158 2.6629223123387 128.71164331099112
-48.112520996085664 -0.5523428582206941 52.38800265413659 52.82338936220606 33.02156872713712 64.96367446150492 6.389036910082241 89.21666243382995
190.37099768577713 36.4935961664981 -8.532238533626842 -52.759050729293456 -33.08121618903084 -87.86273630159849 93.94832889448494 -99.18027685828133 237.11945026913273
-10.499012798256267 -2.2655721889649176 15.250725225544887 13.40765372083533 13.943790393043173 18.635631428579636 17.344436420471215 18.14979888912092 -5.877172384396005 19.525157826441657
INITIAL
34.66 30.2 60.46 36.91 43.72 31.54 73.49 33.19 93.82 30.9
GROWTH
0.013899113239285282 0.001634634569929359 -0.0005924004009877612 -0.0018112188202432438 -0.0010659760524167204 -0.0026237718665634018 0.0013197595073378404 -0.0030765516147308438 0.003578167051599689 -0.0007553165977321694
BRANCHING
2 2 8 8
END
