NAME moment_estimation_cluster
ASSETS 10
BENCHMARKS 0.1 0.1 0.1 0.1 0.1 0.1 0.1 0.1 0.1 0.1 
COVARIANCES
0 0 0.00229362
1 0 0.00141116
1 1 0.00517661
2 0 -0.000281186
2 1 -0.00505262
2 2 0.00733967
3 0 0.000547927
3 1 -0.000686295
3 2 0.00197632
3 3 0.00249757
4 0 0.000657828
4 1 0.000850273
4 2 -0.00196697
4 3 -0.00277631
4 4 0.00519312
5 0 0.00168849
5 1 0.0045681
5 2 -0.00478257
5 3 1.08767e-05
5 4 0.000597897
5 5 0.00577776
6 0 0.000313275
6 1 0.00127405
6 2 -0.00138714
6 3 -6.59799e-05
6 4 0.000163337
6 5 0.00138277
6 6 0.000795508
7 0 0.00216737
7 1 0.00831502
7 2 -0.010261
7 3 -0.00425737
7 4 0.00641334
7 5 0.00771551
7 6 0.00184146
7 7 0.0214397
8 0 0.00139759
8 1 0.00141849
8 2 -0.000493257
8 3 0.00014208
8 4 0.000718638
8 5 0.00123905
8 6 0.000410774
8 7 0.00274358
8 8 0.00211084
9 0 0.000403315
9 1 0.00313444
9 2 -0.00302701
9 3 0.000412939
9 4 -0.0010656
9 5 0.00316864
9 6 0.000953144
9 7 0.00352971
9 8 0.000464303
9 9 0.00286419
SCENARIOS
0 0.53464	1.00437 1.0079 1.01878 1.03418 0.954287 1.02261 1.00893 0.985931 0.986304 1.03217 
1 0.46536	0.979731 0.979115 0.999712 0.961669 1.05396 0.992761 0.982639 1.03416 0.991756 0.978487 
00 0.655619	0.979052 0.955799 1.07164 1.02056 0.98266 0.970464 0.996171 0.82941 1.02926 0.984755 
01 0.344381	0.997291 1.08252 0.898534 0.975522 1.03415 1.07061 1.00922 1.15347 1.05688 1.03983 
10 0.704122	1.04973 1.03212 0.980196 1.0122 0.985804 1.02957 1.00203 1.10216 0.990312 1.01023 
11 0.295878	1.03888 0.921003 1.11791 1.00557 1.0484 0.928607 0.983672 0.9247 1.01743 0.937103 
000 0.100137	0.975276 0.973427 0.940191 0.941494 1.0188 0.958362 1.00575 1.06446 0.980909 0.95382 
001 0.0522937	1.03407 1.14289 0.824971 0.93911 1.06653 1.1813 0.997387 1.43544 0.990611 1.0671 
002 0.082506	1.09158 0.948604 1.04106 0.942087 1.19127 0.960534 0.979972 1.06895 0.980045 0.925063 
003 0.126783	1.03902 1.09208 0.917428 1.01 0.961906 1.0869 1.0078 1.17974 0.986682 1.04156 
004 0.229773	0.969254 0.947517 1.08326 1.0858 0.866044 0.976772 0.995236 0.804126 0.943757 0.998271 
005 0.189319	0.992323 0.880256 1.14543 0.983104 0.996012 0.881034 0.940356 0.952226 1.00071 0.914632 
006 0.129322	1.06664 0.998697 1.03198 1.04561 1.02553 1.0329 0.95701 1.08024 1.0354 0.963231 
007 0.0898665	1.00264 1.04209 0.882712 0.902268 1.14135 1.06567 0.959749 1.34941 0.966201 0.956308 
010 0.0956985	0.965993 1.10505 0.87846 0.982766 0.966479 1.08722 1.03284 1.10648 0.911036 1.09838 
011 0.160873	1.03479 1.0198 1.06022 1.12183 0.864101 1.07668 1.00331 0.772769 0.942546 1.067 
012 0.0862481	0.998737 1.04035 0.915828 0.893852 1.20151 0.921078 0.979481 1.25961 1.0494 0.942535 
013 0.167662	0.961032 0.98981 0.990482 1.02716 0.92347 1.01009 1.01018 0.906356 0.910937 1.02377 
014 0.147132	0.982886 0.889496 1.12518 1.03311 0.999658 0.895599 0.994676 0.858396 0.948323 0.94677 
015 0.160928	1.04345 1.10519 0.916352 0.961662 1.04824 1.11576 1.05409 1.25908 0.995081 1.03631 
016 0.142842	0.992566 0.950163 0.999351 0.96692 1.06701 0.904307 0.98514 0.967999 1.004 0.950632 
017 0.0386161	0.898615 0.905123 0.9982 0.980781 0.889723 0.851214 0.985948 0.829813 0.879131 0.979892 
100 0.124485	0.978001 1.03773 0.931302 0.935668 1.13188 0.974228 1.05765 1.12239 1.02424 0.997894 
101 0.18775	1.0032 1.0929 0.893717 1.01169 0.974652 1.07574 1.05868 1.00198 1.02741 1.0808 
102 0.0834071	0.975054 0.872618 1.24091 1.08832 0.893624 0.854931 0.97414 0.63188 1.02316 0.925704 
103 0.127873	0.985655 1.16542 0.806127 0.918286 1.08742 1.20179 1.08803 1.29975 1.06281 1.09468 
104 0.124973	0.944412 0.959947 1.0325 0.96047 1.06705 0.870846 0.990942 0.886002 1.05498 0.959743 
105 0.0650349	0.967499 0.868133 1.13184 1.01851 0.991598 0.880306 0.98899 0.798232 1.00001 0.899371 
106 0.0981475	1.03114 1.02967 1.05256 1.08577 0.950039 1.04212 1.01069 0.897123 1.02662 1.03483 
107 0.18833	0.88404 0.975776 1.0539 1.04131 0.869019 0.962822 0.985972 0.770292 0.968557 1.00512 
110 0.0796717	0.927119 0.907425 1.12597 0.998712 0.918512 0.928098 0.972358 0.852387 0.977446 0.962403 
111 0.195366	0.996034 1.00236 0.972577 0.979186 1.01763 0.989538 0.997217 1.01777 0.952594 0.961119 
112 0.10008	0.997843 1.1289 0.839098 0.945557 1.02441 1.11731 1.05502 1.30834 1.03326 1.09852 
113 0.134432	0.940402 0.983839 1.0633 1.05973 0.837453 0.96522 0.947245 0.890928 0.988028 1.01116 
114 0.0987	0.997041 0.939763 1.07909 0.957946 1.07675 0.874524 0.975675 0.980213 1.06396 0.911364 
115 0.10451	1.03946 1.10133 0.976293 1.03708 1.00117 1.07131 1.01446 0.990919 1.04202 1.05678 
116 0.140606	1.00465 0.918105 1.19663 1.10193 0.911155 0.940384 0.992598 0.829872 1.03027 0.928748 
117 0.146634	0.962437 1.06289 0.854281 0.884927 1.16593 1.01955 1.0383 1.4527 0.98934 0.99269 
0000 0.146154	1.0183 1.13388 0.887594 0.935687 1.08277 1.02074 0.974743 1.33629 1.00112 1.04865 
0001 0.109402	1.05852 1.01702 1.07426 1.08005 0.895326 1.01917 0.992181 0.945011 0.911546 1.04644 
0002 0.164672	1.0327 1.09276 1.03042 1.00445 1.02026 0.997415 0.942574 1.15751 1.0194 1.0487 
0003 0.0866097	0.949937 0.945988 1.07393 0.98284 0.958029 0.911737 0.954835 0.932829 0.940825 0.98296 
0004 0.0752137	1.01787 1.08386 0.922841 1.0575 0.929541 0.972904 1.02316 1.17493 1.02127 1.1097 
0005 0.139316	1.07219 0.933202 1.07653 0.960989 1.10131 0.875735 0.928722 1.02566 1.00647 0.921389 
0006 0.184046	1.03915 0.964734 0.993812 1.02819 1.01688 0.95487 0.952503 1.05866 0.917143 1.00546 
0007 0.0945869	0.958096 0.960936 1.16071 1.02011 0.950916 0.941191 0.972898 0.899491 0.966982 0.942102 
0010 0.0921986	1.09102 1.04106 0.968582 1.02561 1.08853 1.03194 0.981453 1.04274 1.08801 0.983981 
0011 0.112384	1.02074 1.04356 0.887647 0.97205 0.988978 0.981744 1.00929 1.19188 1.02585 1.01255 
0012 0.0769231	0.944634 0.928946 1.06388 1.00381 1.01423 0.866332 0.956252 0.918387 0.988314 0.950406 
0013 0.166394	0.907496 0.886045 1.05682 0.996387 0.903776 0.879136 0.928633 0.902915 0.961023 0.944481 
0014 0.136934	0.993348 1.05721 0.926242 1.01628 0.936823 0.963283 0.996298 1.02004 1.0237 1.0056 
0015 0.0883797	0.993872 1.02103 0.912222 0.907559 1.14146 0.935279 1.04148 1.16943 0.990141 0.983648 
0016 0.168031	1.03557 0.935136 1.09861 1.08612 0.908678 0.931085 1.03251 0.752984 0.982617 0.984199 
0017 0.158756	0.954395 0.952828 1.02424 0.953082 1.03189 0.874761 0.956961 0.962033 1.04893 0.93237 
0020 0.284232	0.997579 0.952021 0.995276 0.913917 1.07829 0.902729 0.959685 1.10514 1.02793 0.923579 
0021 0.13278	0.936187 0.921751 1.11549 1.03894 0.890308 0.89079 0.942343 0.913625 1.00743 0.933277 
0022 0.0729599	1.06133 0.99022 1.10458 1.05152 0.972397 0.942712 0.978567 0.950152 1.0962 0.919676 
0023 0.071231	0.966689 0.978186 1.09385 1.1167 0.882104 1.02692 0.976579 0.805438 1.03539 0.985407 
0024 0.127939	0.969903 1.1769 0.839324 0.96041 0.998048 1.11427 1.01082 1.55213 1.09837 1.06146 
0025 0.093361	0.871833 1.03022 0.917086 1.01768 0.928286 1.04894 1.05215 1.16368 1.00883 1.03777 
0026 0.136584	1.00085 0.966525 0.958387 1.00022 0.979923 1.06448 1.00566 1.0411 1.04296 0.955907 
0027 0.0809129	0.990322 1.16711 0.935107 0.977555 1.01718 1.12867 1.018 1.44702 1.08909 1.07818 
0030 0.0819082	1.01784 0.980461 1.04736 0.946252 1.07972 0.910075 1.02336 0.996903 0.958561 0.9417 
0031 0.139289	0.958 0.897037 1.10595 1.01344 1.00397 0.87102 0.972649 0.872499 0.991638 0.946901 
0032 0.104635	1.06022 0.973057 1.05166 1.04786 0.960437 0.959523 0.95969 0.978081 1.05325 0.96407 
0033 0.192844	1.09295 1.04627 0.963261 1.02394 1.058 1.08017 0.9921 1.14257 1.10731 0.990441 
0034 0.106211	1.05487 1.05407 1.00969 1.09228 0.890266 0.953263 1.04856 0.87316 1.01984 1.0396 
0035 0.169442	0.956426 1.01169 0.893552 0.944806 1.04484 1.03102 1.03661 1.21357 0.986414 1.01875 
0036 0.136139	0.99601 1.0628 0.90297 1.00922 0.919909 1.01377 1.00387 0.953451 0.939052 1.06888 
0037 0.069532	1.02191 0.926644 1.1525 1.10136 0.896751 0.96896 1.03877 0.790476 1.05532 0.982224 
0040 0.0694065	1.12368 1.07319 1.0188 1.13292 0.867258 1.1198 1.00474 0.873121 1.01081 1.07285 
0041 0.0807052	1.10404 1.26611 0.832197 0.974338 1.04947 1.1364 0.995563 1.58266 1.11418 1.13563 
0042 0.0733797	1.04757 0.923869 1.15763 0.988555 1.0349 0.898528 0.966542 0.894192 1.05988 0.883055 
0043 0.0696548	0.98958 0.844248 1.27226 1.095 0.905219 0.838033 1.00685 0.71518 1.00268 0.909794 
0044 0.1408	1.03413 0.962253 1.00696 0.948734 1.10189 0.935997 0.955519 1.03914 1.05476 0.951228 
0045 0.129998	1.05128 1.09948 0.881876 0.960667 1.08745 1.11126 1.0115 1.30311 1.01733 1.01662 
0046 0.182021	0.98579 1.05569 0.916752 0.968446 0.954636 0.922987 1.0055 1.14399 1.01725 1.0171 
0047 0.254035	1.0486 0.996134 1.04308 1.05297 0.957978 0.964572 0.932783 0.971833 0.989336 0.982305 
0050 0.0733876	1.06515 0.966313 1.13687 1.14162 0.900563 0.934954 0.92643 0.839759 0.963734 0.925907 
0051 0.122061	0.882309 1.02005 0.896624 0.924233 1.01329 0.905802 1.00533 0.955198 0.843572 1.00123 
0052 0.11528	1.0144 0.927428 1.11477 0.986685 1.05551 0.937457 0.999266 0.830588 0.909033 0.900013 
0053 0.075648	1.04107 1.07503 0.959893 1.08105 0.904918 1.14564 1.00281 1.04891 0.999899 1.07445 
0054 0.0708258	1.02324 0.871655 1.26337 1.03102 1.03817 0.821349 0.994115 0.700863 0.988648 0.890959 
0055 0.0792646	0.995634 1.19847 0.828032 0.987236 1.02078 1.10311 1.02609 1.28096 0.980028 1.12436 
0056 0.347649	1.05874 1.07449 0.94449 0.994203 1.06918 0.997824 0.96569 1.013 0.979318 0.970032 
0057 0.115883	0.996421 0.930031 1.06917 1.02753 0.92701 0.91351 0.986254 0.91944 0.957498 0.937886 
0060 0.22987	1.06996 0.975545 1.02646 1.00088 1.02706 0.986492 1.02588 1.10569 1.02485 0.994642 
0061 0.100816	1.08711 1.09053 0.9668 1.06605 0.942152 1.17628 1.10927 1.13596 1.01782 1.07468 
0062 0.0690492	1.01701 0.919556 1.10645 1.04671 0.935435 0.912194 0.974117 0.881095 0.93141 1.00789 
0063 0.21178	0.953631 1.02086 0.945127 0.987577 0.970818 0.896762 1.07114 1.05297 0.98324 1.01943 
0064 0.0946393	1.04621 0.913803 1.14979 0.984393 1.03236 0.813916 0.945251 0.876397 0.983332 0.908485 
0065 0.0600044	1.05591 0.869142 1.22716 1.11201 0.921486 0.838671 0.953835 0.708796 1.07185 0.937731 
0066 0.143614	1.05846 1.14863 0.863122 0.963474 1.11331 1.12942 1.07346 1.26916 1.02992 1.00365 
0067 0.0902272	1.006 0.965473 1.05187 1.07499 0.947382 1.02223 1.02232 0.799637 1.03429 1.00988 
0070 0.128889	1.09028 0.903562 1.14269 1.07598 0.943097 0.845728 1.0224 0.725049 1.03364 0.953477 
0071 0.0838095	1.01187 1.02829 0.902902 1.02209 0.969357 0.989859 1.07108 1.06545 0.991193 1.03531 
0072 0.0507937	0.951612 0.979399 0.953159 0.899067 1.19225 0.967677 1.04659 1.27104 1.02586 0.958833 
0073 0.226667	0.997203 0.978894 1.06055 1.07553 0.920583 0.934586 1.03113 0.960702 1.03979 1.06719 
0074 0.0628571	1.15209 1.16162 0.901004 0.963347 1.13098 1.16473 1.07162 1.27827 1.00876 1.07038 
0075 0.13746	1.09632 1.08388 0.984849 1.01589 1.01168 0.958304 1.0617 1.08955 1.10946 1.04232 
0076 0.214921	1.00143 0.91762 1.12048 0.96892 1.06393 0.846069 1.05149 0.945252 0.990575 0.909718 
0077 0.0946032	0.985295 1.04343 0.944601 0.938883 1.03867 0.960771 1.03492 1.11952 1.02758 0.996007 
0100 0.0584563	1.09187 1.07815 0.852739 0.888817 1.16093 1.04763 1.00148 1.37501 1.06497 0.990043 
0101 0.0896708	1.01447 1.04707 0.936353 0.951505 1.03664 1.00475 1.01733 1.19469 1.07528 1.0038 
0102 0.192395	0.952718 1.0228 0.928564 0.97232 0.957966 0.963225 1.00395 1.10323 0.987616 1.01846 
0103 0.101022	1.09439 1.14425 0.889565 1.04913 0.941586 1.22727 1.02754 1.25905 1.09436 1.10122 
0104 0.153802	1.03804 0.888151 1.08993 1.02903 1.00507 0.995003 0.995682 0.807294 1.01393 0.941844 
0105 0.196935	0.970935 0.907813 1.00996 0.934691 1.06934 0.931824 0.990754 0.90473 1.02101 0.93088 
0106 0.0431328	1.12245 1.01719 0.996875 0.995462 1.10853 1.09187 1.01 1.26392 1.14432 0.972948 
0107 0.164586	1.00485 0.987204 1.0414 1.08745 0.90912 1.0679 0.99444 0.900877 1.01622 1.05732 
0110 0.162053	0.991483 1.0162 0.933217 1.04658 0.909115 0.933326 0.995572 0.980537 1.03293 1.05657 
0111 0.240041	1.01288 1.02478 0.97286 0.974455 0.96139 0.987342 1.00858 1.10219 1.08966 1.04029 
0112 0.0739365	0.975769 0.782712 1.21087 0.998327 0.9865 0.755397 0.951662 0.887681 0.912418 0.883691 
0113 0.0540176	0.969674 0.85747 1.20074 1.11928 0.897458 0.858506 0.937496 0.738928 0.960648 0.91791 
0114 0.135381	1.0006 0.959167 0.985625 0.919131 1.06621 0.914226 0.97781 1.19544 0.986776 0.926428 
0115 0.0627954	1.20043 1.00583 1.04764 1.01381 1.10465 1.04572 1.0051 1.30004 1.17813 0.947125 
0116 0.168467	1.0006 1.07424 0.88027 0.951473 1.08207 1.05582 1.05648 1.55365 1.06442 1.05017 
0117 0.103309	0.936985 0.882111 1.07962 0.997302 0.946127 0.874948 1.01747 0.893147 1.03198 0.942346 
0120 0.212846	1.05838 0.924203 1.14519 1.02351 1.0254 1.12259 0.988778 1.05921 0.955764 0.980814 
0121 0.0743073	0.96472 1.02767 0.954875 1.06857 0.858454 1.22464 1.05754 0.914764 0.907864 1.10049 
0122 0.0698992	1.07265 1.03546 0.982039 0.94745 1.17284 1.17398 1.03192 1.24274 0.906857 1.01654 
0123 0.121537	1.01792 0.968957 0.958096 0.934652 1.02774 1.07539 1.01603 1.11367 0.883248 1.02863 
0124 0.244962	0.994123 0.908059 1.09402 1.02242 0.926 1.02895 1.06951 0.85308 0.909796 0.976496 
0125 0.122166	1.04739 1.06728 0.934953 1.06082 0.965051 1.21269 1.00697 1.11246 1.01905 1.10701 
0126 0.0787154	1.02581 1.14344 0.815222 0.922922 1.04695 1.1606 1.13372 1.24169 0.976011 1.11485 
0127 0.0755668	1.12285 1.09072 0.970974 1.0177 1.01429 1.24402 1.05337 1.10422 1.00972 1.07147 
0130 0.112083	1.0177 0.916749 1.10243 1.094 0.906127 1.01311 0.970615 0.874505 1.0398 0.982639 
0131 0.172012	1.11073 1.00967 1.02068 0.9814 1.10565 0.997391 1.00925 1.14345 1.05699 0.906467 
0132 0.0861678	1.14207 1.10926 0.931487 1.0418 0.946354 1.14007 1.04477 1.03273 1.0573 1.08138 
0133 0.120829	1.08145 1.10673 0.882164 0.995438 1.06305 1.12445 1.02592 1.29479 1.07921 1.07059 
0134 0.219631	1.06729 0.970217 1.07959 0.998793 1.02448 0.941802 0.976229 1.03437 1.10594 0.942055 
0135 0.110463	1.0281 1.05075 1.00077 0.942967 1.07809 0.953652 0.983056 1.22883 1.13257 0.986147 
0136 0.130871	0.997621 0.966264 0.999026 1.03484 0.923559 1.02837 1.00927 1.03207 1.0322 1.02427 
0137 0.047943	0.961007 1.0082 0.929956 0.95927 0.979323 0.982782 1.00005 1.01486 0.935842 1.021 
0140 0.175711	1.0856 1.09698 0.909385 0.988668 0.978434 1.22855 1.00557 1.20212 1.06227 1.03802 
0141 0.0856405	1.0263 1.04734 0.938612 0.908739 1.02834 0.947099 0.961881 1.09929 0.981054 0.938955 
0142 0.0612772	1.00793 1.02982 1.039 0.935405 1.15837 1.0129 0.970268 1.00895 0.987484 0.96616 
0143 0.110373	1.11853 1.17888 0.867313 0.951097 1.07975 1.17198 0.989904 1.38454 1.07915 1.08455 
0144 0.138797	0.935392 0.960675 1.06845 1.0066 0.891827 0.90332 0.938278 0.901289 0.904691 0.973361 
0145 0.162052	1.10679 0.998148 1.06831 1.12021 0.888536 1.06149 1.04122 0.861247 1.02864 0.99783 
0146 0.139535	1.02017 0.977806 1.08998 0.952567 1.0285 0.931186 0.968044 0.844557 1.00879 0.914109 
0147 0.126615	1.08933 1.05167 1.04872 1.01826 0.930399 1.09311 1.03046 1.01827 1.09861 0.996211 
0150 0.0627742	0.959879 0.985708 1.06192 1.05248 0.893048 1.0045 1.00979 0.855393 1.00394 1.05686 
0151 0.142423	1.00503 0.895682 1.12549 1.02637 0.987046 0.836653 0.998916 0.719984 1.00412 0.973324 
0152 0.0526493	1.12461 0.999389 1.07351 1.11763 0.927727 0.979644 1.03342 0.894373 1.11318 1.02327 
0153 0.118461	0.972305 0.967592 1.03286 1.00149 0.964494 0.926238 0.987849 0.845688 0.940186 0.986622 
0154 0.19271	1.0763 1.13777 0.935911 0.996832 1.11049 1.02853 0.983339 1.18913 1.10442 1.05769 
0155 0.146473	0.936346 0.943976 0.992122 0.935872 1.10461 0.909053 0.960535 0.929498 0.921573 0.943821 
0156 0.0587243	1.05711 1.01555 1.0712 1.12521 0.897933 1.04004 1.01367 0.781872 1.06392 1.07673 
0157 0.225785	1.01728 1.05765 0.904519 1.02283 1.00675 1.06625 0.981259 1.003 0.996844 1.07388 
0160 0.0574144	0.997511 0.964556 1.17176 1.07142 0.860629 0.844654 0.9766 0.77879 0.93979 0.982782 
0161 0.112928	1.08783 0.984594 1.1068 1.05624 1.01084 1.0609 1.01283 0.995208 0.97728 0.965867 
0162 0.137643	0.996338 0.941665 1.04698 1.02208 0.912227 0.997474 1.00441 0.894177 0.93646 0.95684 
0163 0.209125	1.08689 1.03297 0.957961 0.947564 1.08678 1.11647 0.972662 1.17414 0.961461 1.02666 
0164 0.078327	1.07548 0.930993 1.10615 0.957356 1.13323 0.972421 1.0272 0.99481 1.01631 0.916962 
0165 0.104563	0.995093 1.00494 0.978736 0.935053 1.0053 1.0463 1.09738 0.957663 0.896002 0.99725 
0166 0.131939	1.03597 0.981363 1.06569 0.968993 0.999399 0.931776 0.973165 0.966767 0.960998 0.952959 
0167 0.168061	1.05455 1.13773 0.906372 1.00756 1.02313 1.26027 0.980358 1.4164 1.01476 1.0571 
0170 0.199719	0.930341 0.899735 1.11265 1.1039 0.908284 0.960399 0.986572 0.644896 0.969586 0.962692 
0171 0.156118	0.945663 0.874951 1.0709 0.968933 1.07882 1.01007 1.02646 0.89876 0.942398 0.947769 
0172 0.0548523	1.00988 0.976899 1.11766 0.915891 1.12807 1.03834 0.944934 1.05587 1.09187 0.920978 
0173 0.0646976	0.96321 1.07959 0.94349 0.852021 1.166 1.02213 1.01351 1.17207 1.00757 0.991451 
0174 0.129395	1.03034 1.01938 0.999202 1.0381 0.991652 1.10911 1.02594 0.965269 0.981444 1.0635 
0175 0.123769	1.07205 1.13005 0.890327 0.936088 1.08633 1.14738 1.01905 1.14946 1.08216 1.03336 
0176 0.0914205	0.962777 0.913481 1.16643 1.00386 1.01009 1.03215 0.993609 0.819075 1.01331 0.955351 
0177 0.180028	0.948298 1.10526 0.97514 0.980437 0.973252 1.14376 1.02898 1.11857 1.00023 1.06106 
1000 0.0902182	1.15177 1.08852 0.953932 1.02989 1.07185 1.11219 0.956792 1.19147 1.07337 0.994655 
1001 0.0482962	0.955893 1.05369 0.908898 0.898015 1.0628 0.999591 1.00097 1.1625 0.964071 1.00964 
1002 0.208384	1.00239 1.0071 0.96271 0.988873 1.03201 1.03245 1.00998 1.10861 0.997831 1.00143 
1003 0.166217	0.97601 0.898502 1.06295 1.03884 0.930438 0.982475 0.910278 0.811476 0.969945 0.937443 
1004 0.0858053	0.910692 0.978565 1.01486 0.911691 1.03268 0.867356 0.926947 0.939284 0.953081 0.942379 
1005 0.21721	0.979835 1.01118 0.983559 1.00591 0.917888 1.1279 0.939723 1.01786 0.931498 1.03798 
1006 0.0777151	1.00059 0.919346 1.2003 1.07666 0.934489 0.956576 0.976448 0.710157 0.970649 0.980453 
1007 0.106153	0.994975 0.943227 0.993424 0.912412 1.17299 1.02317 0.971912 1.18516 1.04006 0.939598 
1010 0.142393	1.08511 1.11434 0.965754 0.982265 1.05609 1.08135 1.03245 1.21722 1.04579 1.00461 
1011 0.0559168	0.958645 1.00665 0.97248 0.910228 1.02941 0.923115 0.992919 1.17295 1.0103 0.969186 
1012 0.0796489	1.06764 1.0064 1.10326 1.08602 0.990205 1.01808 0.966209 1.08753 1.0601 1.01689 
1013 0.0872887	0.975745 1.15733 0.893949 1.05191 0.912456 1.10166 1.0311 1.20984 1.05219 1.09022 
1014 0.076723	0.944595 1.03012 0.93342 0.926046 1.0955 1.07073 0.995293 1.19779 0.958696 0.955818 
1015 0.0959038	1.01287 0.937448 1.17626 1.11645 0.911947 0.950605 0.973084 0.774345 0.942643 0.992886 
1016 0.268693	0.901584 0.967537 1.09274 1.01214 0.96855 0.939051 0.972369 0.862589 0.945137 0.983252 
1017 0.193433	1.03263 0.964096 1.05426 0.981422 1.06827 0.920787 0.954318 1.10271 1.02674 0.966644 
1020 0.0728138	0.899089 0.968309 0.928796 0.982915 1.01944 0.905974 0.983899 1.05153 0.936705 1.02403 
1021 0.0925723	1.01762 1.01216 0.990266 1.04392 0.907407 1.12531 0.958401 1.03608 0.968331 1.03416 
1022 0.0944018	0.993807 1.10775 0.90708 0.946241 1.08482 1.01567 1.03837 1.27681 0.948239 1.06331 
1023 0.0885474	1.10394 1.13911 0.928429 1.03129 1.05121 1.19128 1.05502 1.21953 1.16165 1.0831 
1024 0.0801317	0.927521 0.921587 1.07956 0.893653 1.08634 0.825555 0.984895 1.01489 0.976073 0.89244 
1025 0.236736	0.93849 0.964454 1.07744 1.07312 0.925873 0.897004 0.946595 0.872805 0.913255 1.01135 
1026 0.0940359	1.05339 1.03422 0.962333 0.928138 1.19426 1.0224 0.992489 1.18885 1.05664 0.960045 
1027 0.240761	0.976313 0.89871 1.11317 0.998613 1.01897 0.919687 1.01249 0.835925 0.895152 0.938789 
1030 0.130788	1.06915 0.90532 1.13864 1.06679 1.0169 0.911707 1.00499 0.800537 0.937602 0.907833 
1031 0.0873508	1.0391 1.00478 0.929452 0.890234 1.17501 0.985306 0.982051 1.13549 0.910716 0.958211 
1032 0.0610979	1.05224 1.04803 1.02536 0.942491 1.18425 0.930837 1.04103 1.19055 1.08943 0.959963 
1033 0.219093	0.893648 0.892287 1.08409 1.03342 0.92554 0.819894 0.932816 0.807143 0.881538 0.954 
1034 0.0861575	1.14915 0.960279 1.02908 0.991101 1.09881 0.956119 0.9335 1.07405 1.04679 0.95345 
1035 0.12148	1.08758 1.10334 0.942312 1.00144 1.03022 1.03967 0.961946 1.153 1.00701 1.03745 
1036 0.14821	0.97611 1.13431 0.912947 0.997034 0.985674 1.03939 1.00128 1.08519 0.978679 1.08532 
1037 0.145823	0.994778 1.01574 1.04674 1.06334 0.9818 1.01144 0.967793 1.08002 1.00639 1.01879 
1040 0.0649573	1.03927 0.981382 1.05754 1.08937 1.01467 1.02884 0.980091 0.879581 0.909881 0.963593 
1041 0.0935287	1.0303 1.0451 0.904611 0.981921 1.04269 1.18804 1.0442 1.2747 0.927982 1.03692 
1042 0.158486	1.00979 0.944245 1.07305 0.973158 1.04077 1.02839 1.0231 0.908584 0.933514 0.958589 
1043 0.180708	1.08431 1.0509 0.992282 0.959802 1.11286 1.15766 1.04835 1.15797 1.02772 0.953441 
1044 0.129915	0.900187 0.917314 1.05261 0.952966 0.949721 0.909013 1.01613 0.84277 0.865307 0.986006 
1045 0.223932	1.04026 0.98926 1.03346 1.0207 0.946826 1.10307 0.979958 0.971235 0.963978 0.957144 
1046 0.0603175	1.02924 1.07087 0.909311 1.00116 0.944953 1.11747 1.00453 1.17366 0.921856 1.09299 
1047 0.0881563	0.972835 1.01647 1.02723 1.05238 0.882254 1.09042 1.04712 1.04279 0.958304 1.03796 
1050 0.0703895	0.990933 1.09419 1.00754 0.978261 0.954406 0.969187 0.968203 1.05689 0.991489 1.05702 
1051 0.151103	0.934217 1.03272 0.920691 0.946427 1.03658 0.985599 1.02504 1.13209 1.0251 1.02088 
1052 0.145941	0.958537 1.05077 0.985049 0.966967 1.13379 0.983028 1.0054 1.09268 1.08545 1.02192 
1053 0.152511	0.911987 0.945096 1.04749 1.10227 0.88495 1.02007 1.00245 0.77538 0.973343 1.07348 
1054 0.181605	0.974677 0.962508 1.04935 1.0574 0.99511 0.995642 0.992179 0.918937 0.979093 1.01954 
1055 0.0671046	0.983748 1.13566 0.916678 1.02757 0.983967 1.07055 1.0135 0.980209 1.01619 1.15008 
1056 0.162365	0.934891 0.90972 1.14145 0.963191 1.0416 0.899029 0.989586 0.750463 0.916994 0.924186 
1057 0.0689817	0.878384 0.935795 1.05388 1.00512 0.899007 0.942943 0.990256 0.843381 0.941052 1.02646 
1060 0.127799	0.928027 1.01998 0.865705 0.938921 1.07756 1.11368 1.01025 1.22468 0.99614 1.01642 
1061 0.0668532	0.967558 1.09556 0.946878 1.02247 0.906176 1.01774 0.990454 0.948476 1.00094 1.06488 
1062 0.176928	0.969381 0.900886 1.07733 1.0622 0.926242 0.902832 0.994291 0.778458 0.993067 0.933826 
1063 0.273321	1.03481 0.964575 1.05264 0.98548 1.07804 0.871323 1.01066 0.940687 1.00507 0.973556 
1064 0.0979478	1.02618 1.04666 0.895517 1.04523 0.989251 1.06744 1.04386 1.01195 0.997357 1.05644 
1065 0.0727612	1.07095 1.04345 0.987005 1.09422 0.928568 1.17294 1.04241 1.01135 1.09183 1.06034 
1066 0.110075	1.02507 0.932996 0.999008 0.983208 0.985904 0.95889 1.01223 0.918728 0.992325 0.955286 
1067 0.0743159	1.04584 1.00907 1.06933 1.11831 0.822728 0.960279 0.992093 0.953249 1.01608 1.092 
1070 0.0862097	1.0849 0.905183 1.13227 1.15367 0.879965 0.92226 0.998925 0.810145 1.00515 0.981825 
1071 0.109869	0.966708 0.890041 1.11942 0.946222 1.09578 0.884389 0.968258 0.995415 0.96776 0.891476 
1072 0.20969	1.05148 1.03353 0.875013 0.948677 1.09269 1.04126 1.05571 1.2136 0.991087 1.02437 
1073 0.0855615	1.04117 1.08056 0.941697 1.06069 0.896953 1.03789 1.06277 1.01902 0.993384 1.0974 
1074 0.161886	1.03615 0.951667 1.08256 1.01206 1.04743 0.857293 1.00265 0.893375 1.00845 0.991421 
1075 0.178253	0.985016 0.898352 1.02132 1.01338 1.00826 0.897574 1.00489 0.921879 1.00763 0.97609 
1076 0.0888025	1.01046 1.02554 0.954587 0.984375 0.966187 0.936423 1.00971 1.00738 0.997026 1.02435 
1077 0.0797278	1.10371 1.01109 1.01297 1.00514 1.06371 1.06955 1.03712 1.1671 1.08024 0.999432 
1100 0.0938924	0.977765 1.01086 1.0168 0.961173 1.01013 0.902529 0.997689 0.980168 1.00136 0.949388 
1101 0.189608	1.00047 0.925326 1.14705 1.03481 0.997686 0.787573 0.95564 0.907649 0.953105 0.86998 
1102 0.106655	0.9583 1.00994 1.01933 0.972513 1.05525 0.875659 1.00721 0.87047 0.882417 0.961355 
1103 0.152233	0.966401 1.04503 0.881889 0.927063 1.09174 0.92786 1.01864 0.992039 0.942385 1.01257 
1104 0.0902461	1.00847 0.989477 0.96652 0.933481 1.11969 0.958687 0.989989 1.10543 0.993383 0.943386 
1105 0.214221	0.966707 1.03979 0.96982 1.03332 0.953736 0.949297 1.03306 0.966517 0.981194 1.04427 
1106 0.0856882	0.988739 0.883349 1.18082 1.10957 0.86724 0.807793 0.90258 0.74022 0.887094 0.941521 
1107 0.0674567	1.10502 1.12835 0.886523 1.0007 1.00859 1.04669 1.01821 1.23649 1.01435 1.08077 
1110 0.204461	1.03008 1.10648 0.878984 0.954364 1.08134 1.1427 1.08261 1.20178 1.08105 1.06708 
1111 0.107063	0.970827 0.920231 1.12906 0.980926 1.06674 0.879402 1.00389 1.0022 1.0715 0.959578 
1112 0.0594796	1.0722 1.10715 0.965799 1.04889 0.982249 1.06713 1.04761 1.14118 1.17364 1.04363 
1113 0.0747212	0.891984 0.939436 1.06208 1.09283 0.870291 0.914289 0.939947 0.895477 0.941718 1.03912 
1114 0.178439	0.921642 0.947637 1.00575 0.97548 1.05444 0.930943 1.02171 0.867317 0.966782 1.00879 
1115 0.0788104	0.961656 1.05672 0.974439 0.995531 1.05941 1.03081 0.993163 1.02651 1.07656 1.07133 
1116 0.0531599	0.970429 1.08412 0.949338 0.974461 1.00853 1.04105 1.01423 1.12208 1.05477 1.05368 
1117 0.243866	0.892243 0.992102 1.02478 1.01119 0.918105 0.915024 0.997785 0.880636 0.997396 0.982237 
1120 0.102322	0.971018 1.10982 0.966789 1.00125 0.920009 0.979814 0.970613 0.936541 0.981418 1.04308 
1121 0.159652	0.894697 0.942469 1.07127 0.998609 0.973968 0.928696 0.944147 0.919323 0.901911 0.925597 
1122 0.17852	1.06365 1.06134 1.07465 1.044 1.01134 0.887214 0.951467 0.895006 1.03592 0.951756 
1123 0.110305	0.893085 0.933273 1.036 1.02381 0.866471 0.963765 0.996399 0.805177 0.876007 0.972168 
1124 0.11611	0.977896 1.00089 0.984117 0.95712 1.0657 0.900098 0.955509 1.0022 0.959747 0.931292 
1125 0.143687	1.00172 1.08084 0.919577 0.946986 1.14573 0.960751 1.03648 1.23607 1.0128 0.97196 
1126 0.0928882	1.06521 1.14971 0.919765 0.967096 1.03142 1.12411 1.00298 1.19411 1.00665 0.987319 
1127 0.0965167	0.99297 0.906045 1.19342 1.11339 0.902227 0.896564 0.991337 0.734233 0.99324 0.95359 
1130 0.124797	1.0961 0.949579 1.05288 1.05919 1.01052 0.990578 1.0627 0.799233 1.02232 1.01608 
1131 0.0940032	1.04721 0.901563 1.19778 1.12161 0.893557 0.816229 1.02106 0.576238 0.951843 0.957861 
1132 0.149649	0.908936 0.927519 1.02975 1.01233 1.03306 0.950053 1.07426 0.830467 0.984097 0.977412 
1133 0.279308	1.04564 1.06065 0.881591 0.982665 1.06789 1.03324 1.04127 1.09653 1.02329 1.04428 
1134 0.104808	1.01971 0.87956 0.98682 0.953223 1.11542 0.895081 1.03749 0.984638 0.977729 0.936492 
1135 0.0567261	0.953643 0.963589 1.01798 1.02377 0.921084 1.00398 1.06173 0.82622 1.0056 0.993201 
1136 0.0637493	0.978705 1.08008 0.82988 0.913979 1.11058 0.991032 1.04206 1.15722 0.919148 1.07961 
1137 0.126958	1.02741 0.928404 1.04743 1.09362 0.898262 0.963174 1.06635 0.696785 0.958292 0.984746 
1140 0.0691685	0.937559 0.879651 1.2126 1.06392 0.917126 0.828437 0.969007 0.669769 0.93555 0.959852 
1141 0.0927152	1.19396 1.16668 0.9426 0.947068 1.17463 1.03635 1.00571 1.28961 1.02536 0.990028 
1142 0.108168	0.995818 0.850181 1.13542 0.96495 1.06652 0.827532 0.993316 0.918128 0.863785 0.861647 
1143 0.0647535	0.847721 0.964032 0.937192 0.901253 1.05827 0.890587 1.02937 1.04548 0.882918 0.999592 
1144 0.110375	0.96552 0.988698 1.0971 1.06455 0.870908 0.932116 1.02795 0.727153 0.95871 1.03305 
1145 0.256806	0.964675 1.06335 0.928297 0.989469 0.970388 1.03106 1.07861 1.0243 0.961538 1.08591 
1146 0.213392	1.03707 1.03007 1.07684 1.04119 0.961645 1.03724 1.00119 0.972283 0.974748 0.991506 
1147 0.084621	1.0542 1.04141 0.9331 1.0097 1.05454 1.17871 1.03404 0.980108 0.97279 1.02279 
1150 0.163308	1.06646 1.00646 1.02034 0.966203 1.04284 1.07679 1.03381 1.15157 1.01814 0.965407 
1151 0.0993746	1.06274 1.08969 0.916741 0.973771 1.11013 1.21423 1.03148 1.45381 1.04034 1.03564 
1152 0.179986	1.05727 1.03564 0.869809 0.979716 0.98635 1.0997 1.03083 1.19083 1.02592 1.03647 
1153 0.14107	1.07084 0.957993 1.05174 1.00641 1.06127 0.886442 1.02082 1.06775 0.977598 0.902728 
1154 0.177206	1.02075 0.961422 1.07354 1.01053 0.940685 1.00667 0.991967 0.964947 0.956802 0.950422 
1155 0.0813065	1.02358 0.951482 1.10026 1.09025 0.862284 0.899903 1.01821 0.789232 0.953442 0.974653 
1156 0.109104	0.867808 0.916099 1.05242 1.02651 0.904155 0.987199 1.00956 0.90112 0.932388 0.982965 
1157 0.0486449	0.987261 0.851133 1.20422 0.980889 1.05532 0.896351 0.958208 0.845638 0.941002 0.873744 
1160 0.129649	0.988093 1.02469 0.905661 0.947966 1.0585 1.02213 0.986119 1.20814 1.01238 1.02739 
1161 0.106921	0.917091 0.891362 1.10088 0.961648 1.03239 0.86657 0.964511 0.760051 0.931706 0.960898 
1162 0.0878099	0.999201 1.12715 0.831728 0.964375 1.01312 1.1369 0.982807 1.19363 0.878533 1.10245 
1163 0.0748967	1.14689 1.12553 0.821693 0.926451 1.12439 1.15827 1.08832 1.11471 0.92966 1.05936 
1164 0.195248	0.951954 0.882825 1.13952 1.03199 0.907662 0.810986 0.896623 0.706484 0.876916 0.972976 
1165 0.112603	0.979063 1.05746 0.960186 0.988921 0.919092 1.06847 1.04367 0.961446 0.923702 1.10134 
1166 0.165806	1.06214 1.0223 0.963354 1.05884 0.959363 0.997228 1.01316 0.894225 1.02716 1.05451 
1167 0.127066	0.97134 0.983624 0.97559 0.951947 1.1018 0.922734 1.00858 0.977679 0.911701 0.938 
1170 0.0624071	1.02 0.88349 1.21867 1.07976 0.896023 0.827128 0.931222 0.570411 0.994533 0.887152 
1171 0.123328	0.9651 0.979176 1.10606 1.09141 0.878772 0.988368 0.936299 0.692005 0.949889 0.993546 
1172 0.106984	1.00198 0.904305 1.20383 1.03922 0.996465 0.899333 0.92159 0.727499 1.03676 0.94221 
1173 0.157008	1.00278 1.15746 0.894872 0.964828 1.03276 1.09561 0.989354 1.1864 1.08955 1.07302 
1174 0.072313	1.05325 1.10104 0.948335 1.08835 0.91399 1.22017 1.05803 0.873339 1.04629 1.05651 
1175 0.235265	0.98202 1.03986 0.982625 0.988579 0.953167 1.04979 0.955497 0.917561 1.01695 1.01703 
1176 0.147103	1.05632 0.922029 1.0793 0.971921 1.06404 1.02272 0.966623 0.846116 1.01691 0.897655 
1177 0.0955919	1.12499 1.10681 0.918656 0.935027 1.16994 1.025 0.976361 1.11519 1.02036 1.0212 
BOUNDS
LWPS R    0.0  0.0  0.0  0.0  0.0  0.0  0.0  0.0  0.0  0.0
UWPS R    0.5  0.5  0.5  0.5  0.5  0.5  0.5  0.5  0.5  0.5
LXAS R   -0.5 -0.5 -0.5 -0.5 -0.5 -0.5 -0.5 -0.5 -0.5 -0.5
UXAS R    0.5  0.5  0.5  0.5  0.5  0.5  0.5  0.5  0.5  0.5
END
