NAME moment_estimation_cluster
ASSETS 10
BENCHMARKS 0.1 0.1 0.1 0.1 0.1 0.1 0.1 0.1 0.1 0.1 
COVARIANCES
0 0 0.00229362
1 0 0.00141116
1 1 0.00517661
2 0 -0.000281186
2 1 -0.00505262
2 2 0.00733967
3 0 0.000547927
3 1 -0.000686295
3 2 0.00197632
3 3 0.00249757
4 0 0.000657828
4 1 0.000850273
4 2 -0.00196697
4 3 -0.00277631
4 4 0.00519312
5 0 0.00168849
5 1 0.0045681
5 2 -0.00478257
5 3 1.08767e-05
5 4 0.000597897
5 5 0.00577776
6 0 0.000313275
6 1 0.00127405
6 2 -0.00138714
6 3 -6.59799e-05
6 4 0.000163337
6 5 0.00138277
6 6 0.000795508
7 0 0.00216737
7 1 0.00831502
7 2 -0.010261
7 3 -0.00425737
7 4 0.00641334
7 5 0.00771551
7 6 0.00184146
7 7 0.0214397
8 0 0.00139759
8 1 0.00141849
8 2 -0.000493257
8 3 0.00014208
8 4 0.000718638
8 5 0.00123905
8 6 0.000410774
8 7 0.00274358
8 8 0.00211084
9 0 0.000403315
9 1 0.00313444
9 2 -0.00302701
9 3 0.000412939
9 4 -0.0010656
9 5 0.00316864
9 6 0.000953144
9 7 0.00352971
9 8 0.000464303
9 9 0.00286419
SCENARIOS
0 0.31603	0.994493 1.00757 1.02804 1.05079 0.924923 1.01309 1.00331 0.988539 0.993827 1.03834 
1 0.68397	0.999778 0.9884 1.00621 0.978381 1.03609 1.01503 0.997004 1.07945 1.01228 0.988903 
00 0.349271	0.96065 0.938467 1.09995 1.04761 0.915001 0.970633 0.998755 0.725114 0.987315 0.973194 
01 0.650729	1.00751 1.03237 0.947503 0.979006 1.05141 1.012 1.0137 1.05091 1.01293 1.00118 
10 0.669708	1.00318 0.94885 1.06664 1.01927 0.958168 0.966409 0.979802 0.911496 0.976478 0.976629 
11 0.330292	1.04108 1.08122 0.8977 0.960949 1.07195 1.02775 1.01327 1.08544 0.996361 1.01939 
000 0.12303	1.06252 0.991912 0.957683 0.957623 1.06838 0.935288 1.02687 1.25935 1.014 0.978977 
001 0.0590687	1.10048 1.16749 0.871483 1.07363 0.937424 1.19262 1.06105 1.27753 1.07647 1.14574 
002 0.0701214	1.01176 0.982085 0.959637 0.890292 1.15174 0.988996 1.05132 1.24907 1.04001 0.958471 
003 0.0893278	1.03649 1.02221 0.972651 1.03035 0.935188 1.02707 1.00022 1.05223 1.00484 1.03717 
004 0.180467	1.01505 0.924706 1.12684 1.07645 0.909952 0.915992 0.950668 0.925118 0.932697 0.97293 
005 0.0863381	0.993207 1.07921 0.86209 1.00412 0.951401 1.10501 0.996154 1.29902 0.98155 1.07058 
006 0.110074	1.04375 1.13517 0.821856 0.938551 1.06534 1.07668 1.01867 1.5496 0.973066 1.07228 
007 0.281573	1.06956 0.947742 1.09284 1.01739 1.03281 0.887038 0.946193 0.99868 0.9845 0.932534 
010 0.0998298	1.03259 1.13313 0.891347 1.03732 0.944225 1.16561 0.978671 1.12521 0.987203 1.08331 
011 0.199222	0.968558 0.881588 1.1776 1.03988 0.941445 0.917187 0.954568 0.761753 0.9644 0.94148 
012 0.164114	1.09639 1.09055 0.965342 0.995554 1.03367 1.04034 0.997728 1.15838 1.08255 1.04048 
013 0.0860686	0.955878 0.923787 1.03817 0.954314 0.983455 0.957999 0.944564 0.920322 0.942666 0.97893 
014 0.135813	1.10435 0.933383 1.15632 1.10554 0.983257 0.991973 1.01521 0.859219 1.04989 0.970128 
015 0.168053	0.930869 0.923639 1.05644 0.937341 1.10749 0.887745 0.907503 0.908539 0.993834 0.917854 
016 0.0672988	0.983376 1.00114 0.97333 1.0541 0.883675 1.04535 0.975876 0.852742 0.981076 1.05513 
017 0.0796013	1.09222 1.16225 0.839155 0.924925 1.12326 1.12451 1.06866 1.56692 1.06952 1.07816 
100 0.131337	1.00557 1.03868 0.984651 1.02646 0.962435 0.966149 1.01191 0.889005 0.959962 1.00338 
101 0.0960791	1.0862 1.02206 1.04505 1.04089 1.02428 0.968688 0.987118 0.955567 1.08487 0.988955 
102 0.103393	0.984957 0.908138 1.08618 1.00815 1.04731 0.883295 1.00495 0.81865 0.987329 0.907311 
103 0.101799	0.990599 0.860414 1.22777 1.08601 0.909428 0.834343 0.992787 0.627808 0.970116 0.919259 
104 0.0629612	0.963181 0.88428 1.13939 0.954232 1.11221 0.790882 0.946141 0.88023 1.01203 0.876187 
105 0.266231	0.982989 1.09248 0.902586 0.941133 1.0944 0.966527 1.01922 1.1106 1.02635 1.01207 
106 0.127232	1.02466 1.16983 0.855972 1.00604 0.938325 1.0581 1.06706 1.01261 1.01577 1.10216 
107 0.110968	0.981463 1.03657 1.01966 1.09967 0.87351 1.06838 1.0151 0.872933 0.966074 1.04506 
110 0.116152	0.988614 0.945751 1.13743 1.07641 0.920093 1.03761 0.992516 0.838863 0.994838 0.973829 
111 0.0961002	0.922297 0.993426 1.0057 1.03041 0.875055 0.94436 0.984904 0.924445 0.979089 1.03307 
112 0.126156	1.00114 1.04751 1.02582 1.03744 0.980092 1.08843 1.01103 1.12171 1.0597 1.04702 
113 0.0528529	0.994615 1.09421 1.00793 1.13681 0.846171 1.11782 1.04643 0.947334 1.05198 1.15145 
114 0.157939	0.950282 0.961354 1.02992 0.970643 0.978555 0.924001 0.949098 0.969499 0.985896 0.981654 
115 0.0643176	1.06894 0.948559 1.15352 1.05158 1.03395 1.04463 0.995034 1.11085 1.07946 0.93726 
116 0.193883	1.0032 1.11481 0.87689 0.933266 1.04253 1.06033 0.988916 1.38266 1.0175 1.08767 
117 0.192599	1.02171 0.969395 1.04284 0.939174 1.15172 0.935477 1.00108 1.10079 1.04591 0.937403 
0000 0.103829	0.904819 0.907919 1.14054 0.995526 0.90683 0.90522 0.893831 0.720192 0.902867 0.976363 
0001 0.0787923	0.88597 0.893657 1.07602 0.957488 1.12681 0.935549 0.94222 0.864144 0.990916 0.907295 
0002 0.122975	0.973326 1.1163 0.988401 1.05181 0.99558 1.14042 0.930974 0.964461 1.06862 1.06025 
0003 0.0684831	1.00758 1.06959 0.940903 0.953691 1.15252 1.14667 1.00914 1.11896 0.992924 1.02148 
0004 0.0846834	0.979891 0.948159 1.14742 1.1057 0.900153 1.12969 0.949061 0.647774 0.926308 1.03137 
0005 0.276141	0.932186 0.950801 1.04738 0.986718 0.993385 0.966159 0.935329 0.779871 0.915928 1.00512 
0006 0.0655376	0.9495 1.04161 0.925125 0.950699 1.07138 1.04931 0.956287 1.15766 0.986249 1.00708 
0007 0.199558	0.937878 1.06856 0.952027 1.0182 0.953285 1.13005 0.988445 0.916361 0.924394 1.05523 
0010 0.0843558	1.02235 1.07521 0.901957 0.99232 1.09961 0.970561 1.01927 1.08923 1.06335 1.02109 
0011 0.105828	1.03995 0.9509 1.13074 1.02249 1.04547 0.885674 0.941411 1.14955 0.982059 0.941095 
0012 0.0490798	1.13065 1.1255 0.944796 1.07244 0.99833 1.03791 1.08653 0.913285 0.962943 1.08683 
0013 0.0674847	0.931827 0.923838 1.18439 1.1153 0.88227 0.919425 0.90979 0.8457 1.01868 0.966958 
0014 0.18865	1.01531 1.01694 0.99232 0.937407 1.02792 0.913476 0.918017 1.13049 0.946125 0.991374 
0015 0.107362	0.96358 1.06299 0.998525 1.00031 0.929045 0.946759 0.976541 1.02897 0.904614 1.01644 
0016 0.197853	0.944027 0.923564 1.06522 1.06363 0.890359 0.994279 0.949441 0.915661 1.00492 1.02191 
0017 0.199387	1.0168 1.14698 0.85855 0.94613 1.01672 1.11598 0.977802 1.17559 1.00306 1.14242 
0020 0.170543	1.06059 1.11219 1.00506 1.02049 0.973379 0.959297 0.886117 1.01856 1.01402 1.05993 
0021 0.114987	0.965891 0.901328 1.10037 1.00311 0.979882 0.884749 0.891468 0.793503 0.931014 0.920774 
0022 0.0542636	1.02342 0.950513 1.05008 1.08095 1.09387 0.98696 0.928688 0.910367 0.983538 0.984271 
0023 0.0749354	0.96985 0.850934 1.17809 1.02395 0.928593 0.805294 0.901801 0.638706 0.914785 0.889483 
0024 0.120155	0.914291 0.941461 1.03091 0.94664 1.05563 0.841203 0.903651 0.893778 0.925459 0.901182 
0025 0.0801034	1.07625 0.990416 1.10552 1.0716 1.01563 0.899782 0.916882 1.10071 0.90894 0.978704 
0026 0.210594	1.0191 1.11526 0.873284 0.970534 1.02391 0.959467 0.966184 1.20983 0.985586 1.01962 
0027 0.174419	0.989265 1.05871 1.00615 1.10027 0.887622 0.982955 0.920763 0.907332 0.919227 1.09641 
0030 0.141988	0.85978 0.911203 1.02631 0.925112 0.994704 0.782518 0.982858 0.87221 0.934056 0.974878 
0031 0.0780933	0.987312 1.06145 0.934933 1.0159 0.881483 1.1189 1.03557 0.88458 1.00818 1.08837 
0032 0.0953347	1.06138 1.09933 0.926654 0.926473 1.0921 0.970137 1.01155 1.4472 1.09739 1.02246 
0033 0.0547667	0.976835 1.15718 0.877967 1.00119 0.998533 1.17456 1.06879 1.15355 1.0649 1.16592 
0034 0.161258	0.977157 0.935111 1.03954 1.03879 0.920331 0.872524 0.963148 0.858765 0.965378 0.984946 
0035 0.178499	0.97804 0.975301 1.16146 1.02534 0.979589 0.950199 1.01025 0.868971 0.98985 0.997358 
0036 0.0943205	1.04146 1.10678 0.995938 1.01942 0.987047 1.02067 1.02559 1.15667 1.06006 1.05229 
0037 0.19574	0.995913 0.968379 0.954245 0.972693 1.01866 0.943004 0.969125 1.00446 0.922218 0.984751 
0040 0.0848394	1.04024 0.921591 1.07974 1.02102 1.0483 0.939327 0.991024 0.969529 1.07764 0.965611 
0041 0.198795	1.10509 1.15209 0.904473 1.03461 0.955844 1.08631 1.06946 0.992551 1.0314 1.14345 
0042 0.0491968	1.05451 0.97562 1.12635 1.15208 0.899286 0.966472 1.00038 0.753958 0.996865 1.00312 
0043 0.0431727	1.01614 0.949937 1.13916 0.93446 1.04724 0.894191 0.959257 0.838956 1.01696 0.901447 
0044 0.201807	1.05753 1.01299 1.01433 1.07099 0.93095 1.12504 1.06119 0.889038 1.09029 1.0797 
0045 0.0998996	1.02302 0.850196 1.23976 1.05676 0.978273 0.919911 0.973255 0.66897 1.02074 0.927157 
0046 0.160141	0.957728 0.999416 1.00027 0.938819 1.0486 0.948692 1.00304 0.869943 0.958699 0.980893 
0047 0.162149	0.970685 1.1438 0.865076 0.963595 1.04815 1.12534 1.00625 1.00663 1.04711 1.08037 
0050 0.173137	1.09735 1.0063 0.979965 0.956925 1.13042 0.929896 1.05747 1.0267 1.03616 0.986519 
0051 0.0975866	1.02734 1.1092 0.932701 0.979813 0.955799 0.956257 1.08794 0.936471 0.999125 1.05892 
0052 0.201469	0.99524 0.959597 1.08941 1.03146 0.964436 0.987393 0.983349 0.773374 0.946356 1.01483 
0053 0.0598111	1.05849 1.08876 0.941958 1.01261 1.06361 0.996943 0.999049 1.1121 0.98223 1.03869 
0054 0.0986359	0.998677 1.05436 0.918334 1.02985 0.986814 1.06325 1.05517 0.9402 1.00818 1.06067 
0055 0.0650577	1.06848 1.11156 0.895182 0.932104 1.10821 0.952306 1.04604 1.27932 1.07084 1.0096 
0056 0.140609	1.02713 0.907779 1.18933 1.04745 1.01152 0.908389 0.979784 0.747635 0.98119 0.958713 
0057 0.163694	0.983746 0.984099 1.03898 0.935573 1.06897 0.867316 0.981333 0.876708 1.02352 0.97005 
0060 0.16214	1.01537 0.988479 1.05744 1.04593 0.956139 1.00698 0.981248 0.8216 1.01774 0.994429 
0061 0.0946502	1.0606 1.09848 0.934837 1.04123 0.978042 1.14297 1.03858 0.926005 1.00191 1.06102 
0062 0.165432	0.908049 1.0355 0.956178 0.996187 0.908467 0.907091 1.04141 0.788348 0.980202 1.04281 
0063 0.0938272	0.945483 1.01107 1.00467 0.969323 1.00851 1.02915 0.995309 0.943522 1.02515 0.989208 
0064 0.130041	0.997831 1.08526 0.860572 0.934161 1.07746 1.10255 1.00671 1.08779 1.06447 1.03194 
0065 0.0790123	1.01549 0.889631 1.19786 1.07849 0.932442 0.918091 0.956716 0.709847 0.984907 0.96754 
0066 0.148971	0.944688 0.886622 1.14058 0.979469 0.95947 0.930178 1.03571 0.814222 1.01837 0.899975 
0067 0.125926	0.982481 0.928801 0.995627 0.976648 1.11707 0.938485 0.943783 0.986792 1.02912 0.93001 
0070 0.112613	1.01694 1.1725 0.840063 1.00457 1.03842 1.17199 1.08634 1.25479 1.05622 1.15385 
0071 0.0727156	0.989482 0.969783 1.01887 0.948124 1.17015 1.0324 1.03999 1.00391 1.02986 0.975153 
0072 0.0617761	0.988588 1.08093 0.937388 1.00695 0.912366 1.15137 1.09032 1.08041 1.06657 1.10378 
0073 0.0926641	1.07217 1.07016 1.02818 1.03874 1.01192 1.05264 1.04824 1.18018 1.12541 1.0384 
0074 0.185972	0.997141 0.961427 1.08097 1.04802 0.921948 0.894964 1.01826 0.829516 1.02629 0.975483 
0075 0.0971686	0.961481 1.03993 0.920337 0.909845 1.08038 0.954656 1.01149 1.18444 1.00242 1.00052 
0076 0.0714286	1.01233 1.05335 0.9528 1.04012 0.957647 1.1749 1.02227 0.931305 1.03235 1.03232 
0077 0.305663	0.900606 0.848794 1.11708 0.961093 1.02855 0.86442 0.979786 0.771367 1.00357 0.941689 
0100 0.204092	1.02931 0.970921 1.04393 1.04733 0.908982 1.00441 1.0575 0.856349 0.988974 1.0396 
0101 0.176814	1.01715 0.869869 1.13561 1.01894 0.956898 0.90913 1.00475 0.793563 0.966348 0.939928 
0102 0.0540672	1.14124 1.06683 0.936407 0.998819 1.07612 1.04266 1.04477 1.19661 1.08115 1.01349 
0103 0.0818315	1.03553 1.06766 0.969281 1.10957 0.943289 1.16903 1.04128 1.12134 1.03843 1.0847 
0104 0.174866	0.881098 1.01427 0.919758 0.931649 1.04475 0.917187 1.07834 1.04256 0.990978 1.03376 
0105 0.12567	1.01989 0.893969 1.06034 0.961513 1.0879 0.923147 1.01338 1.06285 0.997251 0.92462 
0106 0.0706283	1.02913 1.1069 0.878301 1.01857 0.970372 1.00378 1.07922 1.0924 1.08216 1.11887 
0107 0.112031	0.948226 0.998036 0.964122 0.969484 0.965049 1.03099 1.0596 1.09049 1.07025 1.05555 
0110 0.0793263	1.04232 1.10579 0.941589 0.9962 1.03301 1.01406 0.998588 1.11233 1.08333 1.00456 
0111 0.127166	1.04975 1.09429 0.89193 0.937713 1.12401 1.11529 1.04207 1.3056 1.05547 1.03831 
0112 0.0920186	0.989677 0.874556 1.19915 0.993499 1.01555 0.814852 0.935835 0.859712 1.01577 0.863799 
0113 0.0939712	1.04355 0.900035 1.15402 1.08448 0.89212 0.899624 0.938661 0.752817 0.989338 0.994307 
0114 0.24579	1.0159 1.03209 1.00589 1.04646 0.933544 1.00984 0.974274 1.06424 1.03291 1.04233 
0115 0.0859165	1.0693 1.19355 0.905991 1.03412 0.927691 1.14235 1.02805 1.27118 1.02689 1.11177 
0116 0.084452	1.00668 1.15597 0.848697 0.971391 0.978448 1.1508 1.01895 1.2342 1.00476 1.08193 
0117 0.19136	0.965654 0.966877 1.05556 0.974202 1.07561 0.876328 0.995303 1.01774 1.04159 0.920755 
0120 0.0539259	0.921099 0.916859 0.970978 0.926551 0.974978 0.943521 0.931711 1.04465 0.884139 0.966504 
0121 0.0545185	0.925583 0.945568 1.08035 1.08902 0.855519 1.00848 0.974661 0.887802 0.97661 1.00405 
0122 0.179556	1.03263 0.989163 1.00169 1.02005 1.0292 1.04209 0.9947 0.986395 1.02589 0.977916 
0123 0.133037	0.99141 0.948413 1.00294 1.02651 0.945564 0.994623 1.00431 0.934918 0.990422 1.00329 
0124 0.056	0.996947 0.836083 1.21546 1.06789 1.01048 0.898613 0.993135 0.700375 0.956403 0.872068 
0125 0.200296	0.957541 1.03487 0.932599 0.976865 0.963176 1.12617 1.05285 1.1144 0.976831 1.06472 
0126 0.183407	0.988558 1.03716 0.906738 0.946986 1.09338 1.07959 1.00713 1.17224 1.00842 0.989572 
0127 0.139259	0.960915 0.870423 1.12764 1.03858 0.981151 0.988608 1.01865 0.74591 0.908515 0.898086 
0130 0.239548	1.01543 1.09485 0.889625 0.973192 1.06678 0.995394 1.05771 1.10296 1.0052 1.05297 
0131 0.153672	0.934236 1.03155 0.946347 1.01092 0.960038 1.0308 1.02285 0.99346 1.03611 1.02553 
0132 0.114124	0.991974 0.941999 1.0446 0.963535 1.06386 0.956882 0.986606 1.02567 1.02036 0.897874 
0133 0.131073	1.02007 1.00895 1.1004 1.08406 0.987302 0.971036 1.00774 1.01372 1.05318 0.957938 
0134 0.0661017	0.96299 0.878751 1.2396 1.03674 0.956037 0.802726 1.05086 0.656611 0.976897 0.88785 
0135 0.0700565	0.960117 1.04728 1.0442 1.02286 1.03165 0.960694 1.05006 1.11484 1.06652 0.992595 
0136 0.10678	1.02543 1.03902 0.920126 1.05237 0.941535 1.12681 1.07895 1.08626 1.01127 1.03287 
0137 0.118644	0.9508 0.951117 1.02049 1.06758 0.881338 0.994185 0.999687 0.799628 0.928066 1.0194 
0140 0.175797	0.946182 0.990047 1.02126 1.00906 0.929956 1.12423 1.01737 0.901727 0.955258 1.03855 
0141 0.158969	0.919181 0.857142 1.18337 1.01896 0.966127 0.896991 0.918062 0.795113 1.01977 0.893955 
0142 0.0830648	0.977831 1.15033 0.824444 0.944223 1.10865 1.14615 1.01296 1.3768 1.00009 1.08638 
0143 0.0719656	1.01308 1.17592 0.8751 1.0394 0.8956 1.11016 1.06683 1.20767 1.0833 1.12236 
0144 0.129252	0.959698 0.987726 1.04038 1.09985 0.827 0.984582 0.994268 0.711378 0.943121 1.07464 
0145 0.156105	0.938589 0.918717 1.01846 0.925269 1.06818 0.854115 0.968346 0.926264 0.953683 0.895505 
0146 0.0479771	1.07481 0.923653 1.13656 0.968128 1.12345 0.90929 0.915039 1.09898 1.05479 0.887921 
0147 0.176871	0.992678 1.06883 0.923593 0.965571 1.03428 1.04578 0.967214 1.02748 0.979542 1.01949 
0150 0.0737847	1.05404 0.919757 1.07743 1.06459 0.997108 0.962683 1.04749 0.964585 0.962505 0.944831 
0151 0.131076	1.07123 0.903124 1.13179 1.08923 0.902641 1.00489 1.00074 0.868173 0.941951 0.977483 
0152 0.130498	1.13314 1.1049 0.897799 0.978762 0.925679 1.11869 1.10248 1.17835 0.939943 1.06815 
0153 0.192708	1.1728 1.0349 0.973938 0.986011 1.08185 1.12115 1.10804 1.17323 1.01649 0.987738 
0154 0.0685764	1.00934 0.910016 1.11987 1.01672 0.890086 0.965861 1.07486 0.825423 0.957196 0.970784 
0155 0.133102	1.03333 0.89266 1.12425 0.935859 1.06646 0.98189 1.02751 0.97461 0.969758 0.904393 
0156 0.111111	1.07645 1.12025 0.841927 0.938652 1.06268 1.19593 1.08851 1.43365 0.996692 1.07508 
0157 0.159144	1.02236 1.02735 1.01206 1.00907 0.957208 1.03545 1.03387 1.01801 0.991526 1.05477 
0160 0.113439	1.02321 1.07575 0.911414 0.998075 0.934964 1.04705 1.04603 1.09701 0.911918 1.07771 
0161 0.234827	0.972901 0.95036 1.05451 0.976857 1.02975 0.912884 1.01263 0.922041 0.994795 0.927198 
0162 0.0657514	0.982886 0.929894 1.22888 1.12143 0.849046 0.81007 1.02166 0.66569 0.965489 0.971387 
0163 0.147399	0.898645 0.981315 0.951805 0.94402 1.02493 1.11063 1.03522 1.12713 0.892384 1.01811 
0164 0.145954	1.0829 1.09902 1.03893 1.03397 0.965422 1.02305 1.02788 1.08029 1.06246 1.00332 
0165 0.125723	0.931613 0.956152 1.05832 1.00922 0.926392 0.861283 1.01399 0.842546 0.949328 0.990756 
0166 0.0874277	1.10862 1.13585 0.925081 1.09571 0.909131 1.18192 1.0284 1.08618 0.988611 1.1407 
0167 0.0794798	1.01931 0.994917 1.07065 1.11639 0.884549 0.985697 1.0308 0.918023 1.05833 1.02493 
0170 0.116066	0.995111 0.948216 1.11582 1.03411 0.944811 0.905946 0.917421 0.834879 0.979171 0.915252 
0171 0.0507025	1.0516 1.03138 0.9919 0.939957 1.09198 1.03621 0.921037 0.912698 0.994245 0.941029 
0172 0.100183	1.02269 1.04301 0.97627 1.11707 0.851212 1.19959 0.94637 0.780193 0.978554 1.0305 
0173 0.0513134	1.00295 1.02225 1.02898 1.05517 1.05142 1.05344 0.994931 0.862627 1.04832 0.982784 
0174 0.156995	0.973602 0.875242 1.11165 0.929916 1.09014 0.867587 0.924911 0.921158 0.926944 0.899094 
0175 0.227245	1.04449 1.1256 0.898153 1.02904 0.931885 1.20763 0.96925 0.972309 0.954963 1.0999 
0176 0.164325	0.977366 1.02418 0.907537 0.944226 1.08666 1.11751 0.988548 1.03616 0.914266 1.00444 
0177 0.13317	0.897729 0.929526 1.03064 0.99271 0.897559 0.967441 0.975586 0.769764 0.931467 0.961602 
1000 0.100731	1.02878 1.08007 0.89421 0.948018 1.12586 1.22991 1.00591 1.35937 1.0679 1.05446 
1001 0.160406	1.07768 1.04293 1.01917 1.06671 0.959308 1.05194 1.00962 1.03535 1.05182 1.05129 
1002 0.0832779	0.983478 0.938299 1.06326 1.03392 1.0247 0.977008 1.01142 1.02292 1.04326 0.977412 
1003 0.048371	1.02379 1.04979 0.939462 1.02881 1.09601 1.14018 1.0326 1.35919 1.1072 1.05168 
1004 0.187001	0.890989 0.888474 1.07112 1.04416 0.895941 0.898226 0.953256 0.767738 0.959671 0.978189 
1005 0.20512	0.883739 0.947971 0.992554 0.961846 1.01619 0.9495 0.977127 1.05256 0.954751 0.973385 
1006 0.129654	0.910582 1.07857 0.924356 0.995423 0.969613 1.055 1.02306 1.16685 1.04165 1.08707 
1007 0.0854388	0.967525 0.971026 1.04942 0.952753 1.11383 0.936532 0.939158 1.05011 1.02199 0.946097 
1010 0.141559	0.925983 0.941502 1.07132 1.03073 0.970623 0.954953 1.01517 0.899739 0.921211 0.98315 
1011 0.0597591	0.979072 1.0449 0.928184 0.940375 1.16392 1.10139 1.03075 1.33209 0.969803 1.0152 
1012 0.217223	0.912339 0.971798 0.987284 0.933027 1.03875 0.967157 1.00935 0.928163 0.962116 0.948695 
1013 0.0624858	0.941514 1.08494 0.896607 0.990002 1.01449 1.16883 1.08108 1.13592 0.985706 1.13394 
1014 0.162009	0.972315 0.99797 1.06465 0.998915 0.946993 1.0196 1.00573 0.979911 0.97482 1.02622 
1015 0.12838	1.05518 1.02806 1.00372 1.0246 1.0956 1.08516 1.07768 1.11175 1.09024 0.986304 
1016 0.0604408	0.983052 1.14351 0.866822 0.970977 1.05222 1.0375 1.01297 1.39652 1.06736 1.07232 
1017 0.168144	0.95533 0.969843 1.06434 1.08541 0.902622 0.97685 1.02522 0.993054 1.03031 0.989808 
1020 0.135346	0.997757 0.936272 1.12089 1.05962 0.910444 0.931523 0.94305 0.735591 0.968386 0.994122 
1021 0.0434966	1.01199 1.13327 0.857617 0.951027 1.07182 1.12656 0.975515 1.36017 1.03373 1.10113 
1022 0.147593	0.922895 1.05035 0.923681 0.962919 0.962765 1.08511 0.995159 1.21552 0.967142 1.0632 
1023 0.213471	1.05499 1.04068 0.971282 0.990608 1.02755 1.09676 0.970848 1.09378 1.03455 1.04244 
1024 0.121622	1.06504 0.965443 1.09625 0.997732 1.05797 0.969576 0.99996 1.01884 1.07644 0.992007 
1025 0.0798142	1.0127 1.08673 0.914774 0.920567 1.14226 1.01648 0.995427 1.31237 1.0464 1.02112 
1026 0.0572213	0.902447 0.866363 1.11931 0.991204 0.994238 0.856913 0.993135 0.862477 0.934719 0.900075 
1027 0.201436	0.895082 1.06765 0.975923 1.009 0.903375 0.970865 0.924877 0.99645 0.962811 1.0885 
1030 0.116663	0.933444 0.938462 1.09845 0.991841 0.965433 0.869564 0.959746 0.980391 0.98203 0.915259 
1031 0.249839	0.986194 1.07944 0.885565 0.95992 1.03929 1.06892 0.991673 1.15986 0.995095 1.05442 
1032 0.065623	0.997657 1.04851 0.952118 1.07353 0.909139 1.09289 0.97586 0.980327 0.964253 1.07029 
1033 0.0619773	0.906307 0.985718 0.946652 1.02544 0.929713 0.981168 0.94911 1.09273 0.965482 1.04605 
1034 0.240403	1.01955 0.970002 1.03753 0.970676 1.11873 0.961478 0.9897 1.06271 1.00714 0.897694 
1035 0.0613339	1.06937 1.04876 1.02345 1.08585 0.978355 1.15792 0.977178 1.03651 1.11178 1.03225 
1036 0.122668	0.999078 0.904066 1.14998 1.08529 0.925931 1.00045 0.963264 0.865829 0.997098 0.967823 
1037 0.0814926	0.921313 1.00503 1.02262 0.977792 0.959829 0.961842 0.942781 1.15605 0.981909 1.0081 
1040 0.0870319	1.09017 1.1014 0.986069 1.03717 0.915252 1.114 1.01161 0.900632 0.986058 1.07149 
1041 0.0728155	0.93632 0.979524 0.992183 1.05052 0.83301 1.00954 1.04268 0.929358 0.930758 1.08238 
1042 0.0707351	1.0452 0.905793 1.13296 0.988283 1.09499 0.922108 1.00022 0.882376 1.01921 0.916941 
1043 0.117545	1.0168 0.926982 1.11782 1.02046 0.969263 1.01029 0.944705 0.945594 0.999043 0.963893 
1044 0.166436	1.09906 1.0597 0.941507 0.927199 1.14094 1.04745 1.04766 1.28455 1.00671 0.970328 
1045 0.265603	0.9531 1.00386 0.985583 0.949364 0.986253 1.0291 1.09407 0.952387 0.919231 0.979759 
1046 0.119626	1.04236 0.99925 1.06655 1.01529 1.04626 1.11321 1.06031 0.948241 1.01511 0.974254 
1047 0.100208	0.995341 1.01349 1.00637 1.03682 0.915438 1.06126 0.982836 0.931385 0.957198 1.01562 
1050 0.120377	0.926107 0.964792 0.940619 0.947639 0.951271 1.10518 1.00353 0.994487 0.887559 0.99378 
1051 0.0557606	1.07775 1.164 0.823281 1.0013 1.00962 1.24706 1.05854 1.40672 0.967406 1.12711 
1052 0.096433	0.984973 1.0595 0.914581 0.987895 0.98992 1.04124 1.02371 1.04424 0.961447 1.08265 
1053 0.098811	0.907712 0.863989 1.15804 1.01914 0.874912 0.888932 0.98483 0.74408 0.957841 0.946603 
1054 0.215826	0.982475 0.992797 1.03162 1.06101 0.922065 1.03098 1.00543 0.970574 1.02171 1.02235 
1055 0.140795	1.06181 1.00315 0.972399 0.925253 1.1404 1.11084 0.974752 1.19971 0.981968 0.964892 
1056 0.0786388	1.07385 1.04218 1.0125 1.01293 1.0348 1.01763 0.984217 1.07838 1.02051 1.03025 
1057 0.193358	0.9747 0.858037 1.15538 0.962602 1.05401 0.977625 0.978923 0.892596 0.952165 0.888655 
1060 0.192176	0.912247 0.913354 1.1134 1.00089 1.01916 0.949667 0.934714 1.07806 0.983953 0.947432 
1061 0.120796	1.06393 1.05767 1.02794 1.03856 1.01349 1.07686 1.00404 1.19082 1.05618 1.05054 
1062 0.112732	0.934509 1.07273 0.908914 1.01135 0.920224 1.09746 0.963953 1.33787 0.991 1.12063 
1063 0.077385	0.881942 0.893594 1.11612 1.00751 0.896616 0.969891 0.9537 0.898049 0.890362 1.02026 
1064 0.0603981	0.939543 0.945881 0.919393 0.894618 1.10828 1.04457 1.0263 1.18968 0.985177 0.974506 
1065 0.201613	0.935804 1.03968 0.91638 0.999184 1.03222 1.21078 1.00239 1.2324 0.97873 1.06163 
1066 0.173644	0.973058 0.906114 1.09709 1.11387 0.914241 0.999957 0.986421 1.00461 0.996412 1.01628 
1067 0.061256	0.998439 0.942836 1.00936 1.00036 1.1213 0.987924 1.00389 1.11107 1.03231 0.964374 
1070 0.0743655	1.00306 1.02498 0.936668 0.937473 1.14831 1.01342 0.996104 1.22345 1.09432 1.01039 
1071 0.202636	0.957986 1.00202 0.912492 0.993398 0.979646 0.904719 0.993426 1.00632 1.04826 1.03583 
1072 0.257328	1.0601 0.968976 1.05321 1.04375 0.94636 0.898794 1.01836 0.865971 1.07045 1.03826 
1073 0.0759394	0.99496 0.817366 1.20621 1.07163 0.925028 0.808636 0.999698 0.697032 1.03231 0.92826 
1074 0.0765296	1.05345 1.01133 1.05855 1.12799 0.858366 0.912427 0.971549 0.84875 1.06311 1.03527 
1075 0.103876	0.994608 0.939225 1.05031 0.9827 1.09306 0.97322 0.962887 1.06517 1.05302 0.944071 
1076 0.137911	1.03137 0.965924 1.05246 0.977928 0.997213 0.930724 0.969995 0.927281 1.04622 0.968236 
1077 0.0714145	1.11572 1.19525 0.837089 1.01167 1.05928 1.18765 1.02493 1.4107 1.10064 1.09158 
1100 0.144436	0.987982 0.995287 0.888482 0.97873 1.06215 0.970812 1.00001 1.23395 0.965483 1.03017 
1101 0.0918445	1.05667 1.04306 0.876434 0.954968 1.13035 1.05854 1.00718 1.20075 0.971861 1.02815 
1102 0.23628	1.03145 0.986751 0.975235 1.01796 0.989965 0.936225 1.00552 1.00065 0.9737 0.980362 
1103 0.0830793	0.950393 0.856467 1.20816 1.06335 0.961449 0.811563 0.966839 0.760627 1.02246 0.938532 
1104 0.104802	0.962203 0.908139 1.02742 1.06869 0.922591 0.923964 0.978915 0.876864 1.00246 0.997724 
1105 0.143293	0.938961 0.839987 1.09959 0.979338 1.08034 0.868239 0.972175 0.908776 0.990721 0.91389 
1106 0.126143	0.999136 1.13086 0.864442 1.01017 0.956642 1.07122 1.03737 1.14409 0.973299 1.11355 
1107 0.070122	1.07254 1.04942 1.03772 1.1096 0.916859 1.01044 1.07279 0.879967 1.12673 1.08001 
1110 0.187011	0.963232 0.952531 1.07411 1.04259 0.943569 0.980025 1.00567 0.860197 1.0097 0.942081 
1111 0.0723169	0.982456 0.96291 0.963819 1.00016 0.975851 1.1076 1.04414 0.943553 0.891537 1.06891 
1112 0.172271	0.981506 0.954389 1.00227 0.969803 1.0767 1.06358 1.02081 0.906528 0.958317 0.955449 
1113 0.166743	0.937832 1.12349 0.867911 0.983656 1.03795 1.16251 1.05786 1.37987 1.0215 1.1122 
1114 0.116536	1.00153 0.826048 1.20382 0.98155 1.03928 0.815494 0.978358 0.72398 0.904432 0.896356 
1115 0.0944265	0.980523 1.0269 0.948521 0.977656 1.01219 1.1258 1.03947 1.2105 0.996096 0.993539 
1116 0.132658	1.11694 1.09381 0.945845 1.06965 0.947403 1.12404 1.06298 1.02974 0.988706 1.06512 
1117 0.0580378	0.984955 1.10228 0.882707 0.904581 1.18664 1.08743 1.00071 1.31911 0.952712 1.02553 
1120 0.144912	1.01927 0.941721 1.08968 0.961363 1.04061 0.87284 0.983402 0.917848 1.00678 0.906109 
1121 0.147719	1.03742 1.12527 0.83795 1.00857 0.952285 1.05195 1.03155 1.05555 1.08442 1.08421 
1122 0.0764912	1.1147 1.03754 0.930979 0.991409 1.06507 1.01884 1.0134 0.995209 1.05542 1.00671 
1123 0.102105	0.968285 1.10446 0.857101 0.943302 1.05428 1.02865 1.0206 1.17972 1.00736 1.05468 
1124 0.0536842	1.05416 0.838353 1.19063 1.06801 0.924669 0.8121 0.929564 0.770665 1.04701 0.875829 
1125 0.201754	1.04389 0.955633 1.00704 1.00587 0.963631 0.953718 0.983946 0.953708 1.01684 0.990182 
1126 0.177895	1.08138 1.04836 0.989545 1.08292 0.901577 1.03509 0.993671 1.00598 0.940343 1.01239 
1127 0.0954386	1.07738 1.0111 0.962711 0.942834 1.1327 1.00492 1.00312 1.1491 0.971394 0.961659 
1130 0.162479	1.07182 1.04824 0.899336 0.946567 1.13392 1.04136 1.04923 1.28843 1.07214 0.952634 
1131 0.171692	1.0412 1.06599 0.935212 1.01051 0.932009 1.06562 0.95623 0.998759 0.900949 1.06514 
1132 0.0862647	0.991503 0.9792 0.899654 1.03169 0.98415 1.07751 1.03756 0.923456 0.903836 1.01592 
1133 0.0644891	1.00616 0.875689 1.18064 1.10402 0.906752 0.950351 0.995377 0.884819 0.987863 0.921263 
1134 0.0527638	1.1559 1.08288 0.962936 1.02394 1.02382 1.07422 0.995213 1.05214 1.04283 1.05342 
1135 0.0904523	1.15413 1.11505 0.961439 1.08412 0.959364 1.16282 1.05062 1.29616 1.11806 1.03699 
1136 0.175879	0.967572 0.909934 0.998638 0.929759 1.04084 0.901336 0.946696 1.05958 0.947805 0.922055 
1137 0.19598	1.0418 0.897151 1.15231 1.04664 0.93082 0.88059 0.952567 0.828693 0.951861 0.936309 
1140 0.120235	0.995824 0.902072 1.17295 1.0599 1.00537 1.00399 1.00675 0.857669 1.03473 0.94572 
1141 0.0627803	0.983331 1.12569 0.843002 1.00605 0.951589 1.22542 1.1146 1.17494 1.03922 1.10748 
1142 0.0818386	1.00856 1.11657 0.884751 0.990067 1.00718 1.19129 1.0927 1.37413 1.0231 1.03972 
1143 0.128363	0.993574 1.09055 0.932441 0.97446 1.06259 1.06117 1.05074 1.19541 1.03066 1.04176 
1144 0.103419	1.01534 1.07074 0.984663 1.06926 0.887852 1.08441 1.07914 0.975328 0.959877 1.0855 
1145 0.22926	0.958358 0.919826 1.03636 0.953405 1.07984 1.05627 1.00159 0.951128 0.946076 0.920932 
1146 0.188061	0.9501 0.998339 1.01987 1.05637 0.968226 1.0523 1.01419 0.97971 0.959706 1.02278 
1147 0.0860426	0.909356 0.826977 1.16942 0.9968 0.982451 0.90338 0.953365 0.802934 0.864304 0.895314 
1150 0.128699	1.02058 1.16695 0.921631 1.0185 1.07054 1.10238 1.01906 1.06041 1.01029 1.08673 
1151 0.0963524	0.992646 1.00668 0.908698 0.928259 1.1469 0.91453 0.976067 1.12083 0.995473 0.978527 
1152 0.0908465	1.00594 0.929517 1.08678 1.03161 0.995821 0.884282 0.980235 0.790996 0.966279 0.959157 
1153 0.24501	1.0042 1.03824 1.00508 1.00193 1.00493 0.987624 0.981232 0.884555 1.00901 1.04611 
1154 0.105299	0.907663 0.910261 1.00659 0.962116 1.03407 0.806232 1.00921 0.755988 0.911091 0.973626 
1155 0.0722643	0.952148 0.844956 1.19125 0.978198 1.05792 0.798247 0.926397 0.757147 0.9981 0.901354 
1156 0.165175	0.960101 1.13032 0.912354 1.07443 0.932371 1.10146 1.03006 0.996601 1.04082 1.11936 
1157 0.0963524	0.993399 0.862403 1.18213 1.05099 0.895695 0.901505 0.940481 0.666012 0.995643 0.965562 
1160 0.121005	1.03556 1.10947 0.905514 1.01074 1.11068 1.23702 1.11439 1.19424 1.03442 1.01164 
1161 0.0997717	1.00802 1.09736 0.868664 1.08541 0.929383 1.15968 1.03019 1.10891 1.00837 1.10336 
1162 0.0406393	0.920256 1.07221 0.930558 0.873428 1.24939 1.10299 1.09643 1.24773 1.0185 0.969913 
1163 0.191324	0.878114 0.895923 1.01934 0.946371 1.08197 0.933319 1.02109 0.896457 0.925928 0.9217 
1164 0.152968	0.962629 0.946411 1.09858 0.983252 0.983061 0.94583 1.08232 0.855627 0.982652 0.923978 
1165 0.182648	0.93029 1.07416 0.931461 0.987204 0.992489 1.01816 1.07412 0.960194 0.972161 1.0421 
1166 0.090411	0.937134 0.8517 1.14335 1.06155 0.92512 0.864974 0.957853 0.742041 0.993801 0.919733 
1167 0.121233	0.967294 1.0106 1.03103 1.10464 0.877029 1.06567 1.07152 0.823111 0.919649 1.0233 
1170 0.0926224	0.922082 0.897637 0.976169 0.959906 0.983988 0.94423 0.977886 0.82452 0.922606 0.916568 
1171 0.0583774	0.938286 1.03159 0.899841 0.959337 0.962031 1.08821 1.04 1.12402 1.01864 1.03532 
1172 0.131924	0.940494 0.889754 1.19063 1.06299 0.90928 0.943034 0.950866 0.790872 0.956137 0.932374 
1173 0.0567686	0.990765 1.03289 0.913386 0.858747 1.20612 1.12739 0.994553 1.45376 0.998327 0.947472 
1174 0.162491	1.00445 0.934181 1.08257 0.985886 0.993474 1.01187 0.976757 0.970943 0.956208 0.953552 
1175 0.160193	1.00273 0.932959 1.09815 1.012 1.05078 0.90959 0.931484 0.99429 1.0417 0.975349 
1176 0.207998	0.991115 1.06591 0.926836 1.07252 0.92507 1.07656 1.04769 1.04021 1.01334 1.08925 
1177 0.129625	1.0372 1.0846 0.922345 0.986011 1.05479 1.11425 1.0175 1.27709 1.02369 1.03126 
BOUNDS
LWPS R    0.0  0.0  0.0  0.0  0.0  0.0  0.0  0.0  0.0  0.0
UWPS R    0.5  0.5  0.5  0.5  0.5  0.5  0.5  0.5  0.5  0.5
LXAS R   -0.5 -0.5 -0.5 -0.5 -0.5 -0.5 -0.5 -0.5 -0.5 -0.5
UXAS R    0.5  0.5  0.5  0.5  0.5  0.5  0.5  0.5  0.5  0.5
END
