NAME moment_estimations_cluster
ASSETS 10
BENCHMARKS 0.1 0.1 0.1 0.1 0.1 0.1 0.1 0.1 0.1 0.1 
COVARIANCES
0 0 0.0816113
1 0 0.00999105
1 1 0.00400298
2 0 0.00431522
2 1 0.00381188
2 2 0.012806
3 0 0.00571345
3 1 0.00138231
3 2 0.00411727
3 3 0.00771894
4 0 -0.0026746
4 1 0.00300987
4 2 0.00797302
4 3 0.0019095
4 4 0.00991821
5 0 0.0167496
5 1 0.0039607
5 2 0.0073572
5 3 0.00302767
5 4 0.00236324
5 5 0.0113188
6 0 0.0206347
6 1 0.00604418
6 2 0.0106581
6 3 0.00534589
6 4 0.00817218
6 5 0.00920612
6 6 0.0183536
7 0 0.0147175
7 1 0.00111373
7 2 0.00203895
7 3 0.00555608
7 4 -0.00670183
7 5 0.0042114
7 6 -0.000731403
7 7 0.0276598
8 0 -0.00581328
8 1 0.0071206
8 2 0.0225022
8 3 0.00445777
8 4 0.0242201
8 5 0.00709354
8 6 0.0229661
8 7 -0.018377
8 8 0.0665801
9 0 0.00738351
9 1 0.00453515
9 2 0.00917482
9 3 0.00341528
9 4 0.00841355
9 5 0.00397575
9 6 0.010762
9 7 -0.000762173
9 8 0.0223234
9 9 0.011317
SCENARIOS
0 0.60378	1.1855 1.00901 1.01935 0.989411 0.947299 1.01538 1.04237 1.07745 0.970361 0.998311 
1 0.39622	0.878687 0.99151 1.04032 0.975641 1.07199 0.968485 0.974656 0.906651 1.20419 1.05841 
00 0.227715	1.04315 1.07027 1.16964 1.10179 1.13799 1.17937 1.21144 0.912639 1.48248 1.15724 
01 0.772285	0.959717 1.01848 0.933174 1.0105 1.01431 0.990122 0.927017 1.01236 0.876001 0.956313 
10 0.373908	0.873593 1.0101 1.00709 0.963268 1.05986 0.959255 1.06187 0.819218 1.31909 1.08622 
11 0.626092	1.01926 1.00467 0.951556 1.04091 0.906939 0.986906 1.00549 1.08094 0.881194 0.914014 
000 0.11099	1.17629 1.01701 1.22713 1.06986 1.02293 1.09586 1.05659 1.45704 1.02819 1.04996 
001 0.0466943	0.832061 0.930594 0.799465 0.922191 0.907893 0.852956 0.935102 0.924163 0.826351 0.950504 
002 0.10488	1.43564 1.10122 1.1588 0.982204 1.20532 1.04925 1.25717 0.933727 1.48532 1.16873 
003 0.110553	0.920879 1.07984 1.15942 0.968842 1.15835 1.01574 1.14251 0.972142 1.48394 1.145 
004 0.210124	0.855335 0.910422 0.866643 0.963501 0.942861 0.881896 0.837072 1.15204 0.721706 0.851161 
005 0.0710597	2.19052 1.03519 0.899659 1.03611 0.992832 1.10517 1.2049 1.25469 0.891711 1.10185 
006 0.183213	0.619104 0.895306 0.942371 0.99236 1.08172 0.839752 0.874949 0.874273 1.03835 0.874718 
007 0.162485	1.02994 0.949685 1.06745 1.06161 1.04425 0.848891 0.957989 1.20159 1.04216 1.05689 
010 0.0683266	2.3277 0.920152 0.970287 1.01851 0.891218 1.14314 1.11396 1.13154 0.899557 0.982952 
011 0.154818	1.33583 1.03821 1.02499 1.02022 0.936169 1.04415 1.08696 1.00152 1.01429 1.08327 
012 0.291149	0.840559 0.873245 0.885322 0.962913 0.951425 0.929594 0.941972 0.974897 0.804168 0.953043 
013 0.0892792	0.680251 0.906775 1.06331 0.980217 1.12387 0.995487 0.972937 0.795848 1.40749 1.0532 
014 0.100881	1.16429 1.04427 1.17882 1.17347 1.06251 1.17276 1.26144 1.26685 1.08103 1.18841 
015 0.0757254	1.03978 0.953106 0.888008 1.05397 0.783888 1.02422 0.844149 1.47992 0.58086 0.850998 
016 0.103198	0.627477 0.857376 0.803435 0.850789 0.942961 0.838627 0.789663 0.763237 0.831658 0.90078 
017 0.116623	1.11508 0.972515 1.25121 1.10436 1.11123 1.0957 1.29825 0.914518 1.62564 1.1322 
100 0.252717	0.996359 1.0075 0.893297 0.929101 0.979081 0.939254 0.868429 1.10473 0.75629 0.878913 
101 0.113804	1.31017 1.11417 1.32469 1.12794 1.39988 1.22224 1.33204 0.922553 1.85506 1.28837 
102 0.0697941	0.72525 0.995486 1.05934 0.975327 1.24138 0.881228 1.00138 0.939433 1.34276 1.0005 
103 0.0991563	1.75547 1.1539 1.09543 0.939226 1.0231 1.2007 1.19949 1.00531 1.04335 1.04037 
104 0.0535268	0.736283 1.00578 1.146 1.02504 1.03838 1.03327 0.99996 1.15101 1.03852 0.915659 
105 0.201012	0.893101 0.977575 0.903726 1.01618 0.841133 0.978317 0.884416 1.17624 0.612013 0.794831 
106 0.106514	1.05915 0.994898 1.00676 1.16855 1.13761 1.00607 1.11275 0.976076 1.10926 0.985337 
107 0.103476	0.842575 0.959419 1.18401 1.12873 1.12669 1.17966 1.08113 1.18322 1.29472 1.04694 
110 0.237231	0.949101 1.0685 1.17402 1.10479 1.15295 1.08754 1.07211 1.077 1.29856 1.15456 
111 0.242754	0.683413 0.93437 0.945804 0.943526 1.08326 0.948626 0.915317 0.839323 0.978175 1.00099 
112 0.052848	1.0334 0.974259 0.937459 1.03903 0.91462 1.06694 0.818348 1.59563 0.677676 0.960138 
113 0.104204	0.573943 0.860071 0.77442 0.874986 0.853935 0.727343 0.671453 1.01081 0.60555 0.792424 
114 0.106462	1.43874 1.15825 1.23697 1.003 1.21824 1.19792 1.38458 0.944343 1.66891 1.27389 
115 0.133672	1.33668 0.983318 0.956763 0.986428 0.941036 1.10399 1.0015 1.01109 0.813312 0.894142 
116 0.0659491	1.09006 0.953991 0.796894 0.882389 0.853902 0.837409 0.770944 1.03953 0.556441 0.844336 
117 0.0568791	1.8672 1.05343 1.14481 1.07076 1.06279 1.25808 1.2213 1.28626 1.00085 1.20651 
0000 0.249017	0.946538 0.949937 1.05408 1.09206 1.06353 1.00947 1.09881 0.902817 1.22883 0.99551 
0001 0.188073	0.95954 1.05793 0.851119 0.888022 0.955322 0.92417 0.94203 0.895259 0.758742 0.945723 
0002 0.0917431	0.998236 0.85498 0.928443 1.06164 0.847606 0.931298 0.9035 1.212 0.636174 0.813533 
0003 0.0989515	1.03732 1.17202 1.05722 1.09181 1.07847 1.27744 1.12091 1.36996 0.94625 1.05082 
0004 0.103539	0.587526 0.839762 0.885833 0.85849 0.93582 0.902547 0.77968 0.796078 0.883105 0.867559 
0005 0.115334	1.66466 1.18705 0.925472 0.934146 1.22495 1.104 1.27569 0.809887 1.24349 1.13995 
0006 0.0943644	0.58687 1.06512 1.01464 0.981463 1.35691 0.878952 1.11643 0.803257 1.77001 1.2164 
0007 0.0589777	1.82468 0.892284 0.868853 0.970467 0.873557 0.919571 0.980365 1.18571 0.682162 0.890429 
0010 0.0560748	0.773566 0.953542 1.04522 1.03978 0.999046 0.905557 0.840739 1.48299 0.726092 0.890936 
0011 0.121495	1.14195 0.973325 0.975798 0.950957 0.908685 1.0856 0.893649 1.03643 0.741481 0.781024 
0012 0.05919	0.802189 1.0275 1.30383 1.1196 1.10495 1.08577 0.978736 1.61464 0.968932 1.0247 
0013 0.242991	1.19426 1.14056 1.12521 0.967635 1.2831 1.14551 1.0954 0.912659 1.11154 0.971833 
0014 0.104361	0.605786 0.936152 0.987008 1.12443 1.04132 0.879119 0.920084 0.989586 0.799129 0.804072 
0015 0.113707	1.22586 1.05599 1.25852 1.04062 1.3232 1.00255 1.18095 0.801597 1.57331 1.0507 
0016 0.088785	1.5962 1.06417 1.12548 1.17417 1.06244 1.17752 1.14811 1.47478 0.922262 0.909999 
0017 0.213396	0.847052 0.877329 1.02512 0.893536 1.05541 0.932089 0.843483 0.816868 1.10302 0.838513 
0020 0.181692	0.843331 1.00209 1.10841 1.08001 1.09039 1.06058 1.14518 1.12796 1.4152 1.2175 
0021 0.234397	0.899046 1.00553 1.03203 1.03183 1.02085 0.998051 1.0389 0.965087 1.09165 0.985779 
0022 0.0513176	1.26444 0.889459 0.892744 0.888015 0.817644 1.05477 0.906326 1.26234 0.583476 0.735134 
0023 0.236477	1.09542 1.02019 0.874308 1.03552 0.860676 1.0203 0.984574 1.12637 0.800549 1.00424 
0024 0.0915395	0.778685 0.854466 0.900342 1.00191 0.872373 0.868699 0.925192 1.05295 0.844873 0.948071 
0025 0.0513176	1.45482 1.04002 1.0885 1.24512 0.909665 0.97214 1.32062 1.47286 0.979938 1.15016 
0026 0.0811373	0.771822 1.0139 0.838624 0.742347 0.879028 0.911497 0.784771 0.966169 0.673834 0.89377 
0027 0.0721221	1.23477 1.07428 1.36972 1.17505 1.21348 1.14013 1.39152 0.807742 1.75616 1.22898 
0030 0.184868	1.11141 1.04516 1.1113 1.25871 1.06606 1.13722 1.04639 1.2793 1.04166 0.98026 
0031 0.155263	0.717964 0.985919 1.05537 1.09052 1.16279 0.969435 0.889193 0.965646 1.34461 1.06578 
0032 0.0730263	1.88538 0.992347 1.11338 1.24304 0.994533 1.1062 1.07256 1.33434 0.85351 0.998523 
0033 0.0815789	1.12758 1.0385 1.03522 1.32444 1.23019 1.08791 1.2029 0.960972 1.1399 1.11123 
0034 0.1875	0.905406 0.83418 0.855186 1.04349 0.859787 0.95902 0.866843 0.878476 0.701305 0.877908 
0035 0.138158	0.731041 0.786011 0.903452 0.903492 1.02726 0.85456 0.871168 0.853872 0.967452 0.949447 
0036 0.0526316	1.22653 0.994975 0.832247 1.22616 0.93946 0.989454 1.01195 0.916015 0.783474 0.899136 
0037 0.126974	0.911623 0.918156 1.20954 1.13435 1.28241 1.17773 1.13125 0.994985 1.63705 1.17446 
0040 0.137072	0.825445 1.02671 0.824345 0.817052 0.913115 0.884172 0.799774 0.792976 0.754004 0.880026 
0041 0.121149	1.28633 1.12767 1.13686 1.02368 1.19303 1.09414 1.08448 0.850795 1.51831 1.17304 
0042 0.146071	0.869392 1.03067 0.970833 0.93781 0.873339 1.03152 0.909805 1.01266 0.853669 0.951437 
0043 0.0335756	1.78857 1.1875 1.37578 0.964199 1.11618 1.29269 1.33302 0.973658 1.76415 1.38748 
0044 0.137418	0.694136 1.16328 1.12935 1.02455 1.05085 1.03202 1.05307 0.960595 1.25769 1.2544 
0045 0.126687	1.87991 1.08347 0.993842 1.05917 0.833104 1.26589 1.0321 1.33041 0.71199 1.02789 
0046 0.134995	1.40329 0.998661 1.02066 0.900824 1.03534 1.2114 1.15065 0.982269 0.911691 0.940075 
0047 0.163032	0.984845 0.988937 1.10438 1.14278 0.973136 1.07454 0.965478 1.23858 0.929741 1.03876 
0050 0.0880246	0.723144 0.978167 0.933269 1.01459 0.930858 0.760044 0.78384 0.979523 0.711712 0.812333 
0051 0.104401	1.00319 1.05938 0.985392 0.967982 0.886185 1.04061 1.00938 0.858662 0.809525 0.775418 
0052 0.119754	0.756515 1.01348 1.04672 1.1246 1.12708 0.906051 0.940231 1.0529 0.980207 0.954945 
0053 0.0767656	0.678383 0.987781 1.09428 0.868038 0.877945 1.00899 0.869828 1.09702 0.742524 0.831226 
0054 0.132037	1.43462 1.1743 1.40952 0.916557 1.09715 1.28222 1.17026 1.06491 1.06949 0.959044 
0055 0.0583419	1.01501 0.919546 1.06083 1.07469 0.779284 0.912225 0.823654 1.35344 0.532518 0.746703 
0056 0.273286	0.993256 1.1221 1.29144 0.93035 1.07898 1.07714 1.08421 0.894942 1.38662 1.17557 
0057 0.14739	1.29132 1.17403 1.14208 0.986678 1.01429 0.875343 1.15973 0.943972 1.02598 1.09165 
0060 0.115125	1.21485 1.07125 1.14087 0.903628 1.00375 1.02573 1.21551 1.15309 1.14108 1.14901 
0061 0.0535927	0.981265 1.09557 1.07457 0.989206 0.912692 1.14973 0.945934 1.17102 0.885401 1.03757 
0062 0.111949	0.856268 1.03467 0.939253 0.787952 1.10759 0.838771 0.889035 0.809039 1.20801 1.05043 
0063 0.105994	0.907242 1.17738 1.06112 1.07479 1.22815 0.985604 1.10608 0.997901 1.58403 1.40183 
0064 0.103216	1.28773 1.06565 0.903013 1.0447 0.841874 0.997789 1.04873 1.12795 0.709172 0.914022 
0065 0.208813	0.787285 0.98599 0.921357 0.928225 0.907204 0.927773 0.78336 1.06978 0.806522 0.978027 
0066 0.126638	1.00736 1.02259 1.006 0.930964 1.11648 1.03751 1.01475 0.82338 1.27942 1.11871 
0067 0.174672	1.47914 1.00884 0.963511 1.04825 0.947786 1.08431 1.12655 1.07785 0.979106 1.1363 
0070 0.132945	0.978408 1.02864 1.01253 0.918189 0.908727 1.13945 0.997418 1.31685 0.781393 1.01443 
0071 0.161594	1.10145 1.16326 0.888086 1.08538 0.984279 1.18334 1.12384 1.01457 0.801216 1.02581 
0072 0.171441	1.20466 0.938305 0.933811 0.94442 1.02709 0.987333 1.02562 0.763774 1.11654 1.02438 
0073 0.0810206	0.754542 0.997415 1.20617 1.03457 1.1825 1.20384 1.06247 0.82897 1.42391 1.07766 
0074 0.0778872	1.25349 1.15231 1.06077 1.01514 1.28377 1.10126 1.30273 0.894116 1.67867 1.27603 
0075 0.143688	0.853302 1.0428 0.828051 0.871017 0.940804 0.957961 0.868701 0.887476 0.785421 0.936198 
0076 0.172784	0.706073 0.971887 1.0301 0.975933 1.11596 0.983427 0.920521 0.986453 1.10927 1.02295 
0077 0.0586392	1.96607 1.21425 0.987626 1.07008 0.998137 1.11875 1.17889 1.24164 0.986589 1.14648 
0100 0.138418	1.07021 1.24485 1.35154 1.16074 1.2778 1.16572 1.34708 0.936911 1.50783 1.29158 
0101 0.0580665	1.461 1.11198 0.78202 0.942489 0.875851 0.948736 0.886678 1.11797 0.537648 0.951802 
0102 0.131513	0.911275 1.18447 0.978212 1.07168 0.951503 0.926535 0.990424 1.35154 0.738199 1.1075 
0103 0.0998117	0.64973 1.07014 0.899315 1.03527 0.93207 0.916506 0.875714 1.01342 0.774247 0.876501 
0104 0.169178	1.03581 1.18401 0.917254 1.00146 1.08475 0.982529 1.05079 0.807765 0.953815 0.852593 
0105 0.177338	0.702935 1.01798 0.813955 0.874512 0.819588 0.893987 0.735058 0.902192 0.546616 0.923473 
0106 0.116761	1.71 1.11973 1.30175 1.09873 0.872904 1.16104 1.34978 1.25641 0.943507 1.12123 
0107 0.108914	1.09436 1.08675 1.09848 1.058 1.17805 0.982017 1.21148 0.796628 1.26713 1.11936 
0110 0.173847	1.58817 1.08839 1.12456 1.07585 1.04516 1.11569 1.24213 1.06121 1.27529 1.15262 
0111 0.166644	0.886045 1.03314 1.05213 1.02143 1.05785 1.1691 0.953819 1.16813 0.841832 0.93391 
0112 0.0452971	1.5431 0.866692 0.805823 1.00224 0.887038 1.00717 0.999985 0.872796 0.758999 0.936739 
0113 0.0520848	0.843375 1.14346 1.29373 1.19924 1.27291 1.02219 1.00826 1.37485 1.29184 1.18137 
0114 0.109156	1.12581 1.08092 0.953703 1.02075 0.966713 1.06775 0.863552 1.39172 0.729181 0.910551 
0115 0.200997	0.961369 0.995478 0.89153 0.88457 0.97684 0.937525 0.880647 0.956918 0.80503 0.913217 
0116 0.0616429	1.50622 0.984068 1.04723 0.96818 1.07992 1.22909 1.16123 0.998574 1.02901 0.923704 
0117 0.190331	0.89303 1.01171 1.07402 1.03611 1.19645 0.971918 1.01652 0.783125 1.39105 1.03514 
0120 0.169048	1.00552 1.12756 1.0073 1.04567 0.906412 1.02182 0.992707 1.18814 0.847539 0.925711 
0121 0.165807	1.67955 1.13111 1.02357 1.02541 0.951758 1.04002 1.09188 0.963667 1.0582 0.992748 
0122 0.139658	1.21519 1.0985 1.32832 1.11781 1.20546 1.1404 1.20432 0.994294 1.73941 1.06898 
0123 0.100987	1.14414 1.01813 1.05015 1.19681 0.872573 1.03443 0.861437 1.32057 0.691622 0.837957 
0124 0.108427	0.556076 0.970209 1.01492 0.934919 0.905429 0.79879 0.718982 1.15524 0.939698 0.870417 
0125 0.0660725	1.45865 1.04253 0.931951 0.940941 0.801633 1.02084 0.858532 0.991794 0.66695 0.831675 
0126 0.189673	0.869702 1.02498 1.01985 0.93196 0.977104 1.01138 1.06427 0.836019 1.24392 1.00166 
0127 0.060327	0.834445 0.924795 0.774302 1.04796 0.782832 0.931017 0.766843 0.938355 0.576627 0.782677 
0130 0.0917607	1.21831 1.07291 1.16389 0.956371 1.0954 1.00577 1.21158 0.980474 1.65128 1.26453 
0131 0.247898	1.09315 1.03314 0.927051 0.96343 0.999527 0.84788 0.962319 1.03011 0.999091 1.13246 
0132 0.0828729	1.87235 1.10975 0.992934 0.938344 0.991447 0.994638 1.2761 1.00113 1.00791 1.0576 
0133 0.0655777	0.552309 0.884216 0.966042 0.783321 1.20862 0.843594 1.0271 0.697409 1.4539 0.914519 
0134 0.235167	0.977335 0.977004 0.829703 0.885529 0.903515 0.930353 0.942824 1.0935 0.717907 0.858602 
0135 0.108816	0.92534 1.13685 0.996344 0.922458 1.01094 0.988829 1.11234 0.77946 1.1254 0.920665 
0136 0.0862359	0.617004 1.08217 1.18203 1.10247 0.971246 1.03292 0.924651 1.32987 0.929241 1.01916 
0137 0.0816719	1.16738 1.02267 1.06682 0.997131 1.10482 0.830591 1.12608 0.780191 1.31239 1.078 
0140 0.0916241	1.46627 0.993087 1.15598 1.09001 0.953006 1.05341 1.18193 1.07034 1.14993 0.979032 
0141 0.224915	0.784923 0.9696 1.00532 0.898361 0.893593 1.01914 0.800607 1.13469 0.795525 0.904211 
0142 0.0646259	1.2377 0.926394 1.0457 0.962166 0.788667 1.01154 0.875705 1.49934 0.682969 0.853839 
0143 0.166241	0.972833 1.00856 0.888692 0.914236 0.924385 0.816828 0.914869 0.898886 0.974077 0.877342 
0144 0.11756	1.32093 1.18341 1.35394 0.946777 1.17389 1.03851 1.21399 1.09012 1.72216 1.13968 
0145 0.143282	0.848533 1.00989 1.07212 1.0171 0.959735 1.00097 0.967475 0.825306 1.32502 0.980076 
0146 0.104167	0.830593 0.949467 1.13147 1.01112 1.03479 0.943824 0.954791 1.08679 1.4373 1.02429 
0147 0.087585	0.549899 0.973076 0.905755 1.03262 0.958923 0.846048 0.854077 0.69319 1.05323 0.858367 
0150 0.186633	0.970716 0.996893 1.24434 1.02253 1.08816 1.03266 1.02369 1.25135 1.14132 1.04009 
0151 0.193146	1.0716 0.917415 0.945829 1.01454 0.959959 0.940889 0.947784 1.1375 0.753878 1.06183 
0152 0.141603	0.742882 0.861369 0.782302 0.765116 0.873232 0.826474 0.795434 0.921585 0.704705 0.868897 
0153 0.0892099	1.37488 0.986065 0.801343 0.824473 0.885496 0.958906 0.87835 0.850498 0.64944 0.863145 
0154 0.0555084	0.930238 0.931221 0.984638 0.95725 1.03319 0.815329 0.947477 0.765177 1.05153 1.02805 
0155 0.107052	0.682257 0.891527 1.10139 1.00225 1.0934 0.90384 0.922298 0.933231 1.25725 1.00228 
0156 0.150666	1.8101 1.08391 1.11693 1.06548 1.22387 1.07514 1.34176 1.11225 1.26462 1.14402 
0157 0.0761824	1.65822 0.966949 0.997098 0.958764 0.893488 1.00674 1.06808 0.820576 0.769432 0.91998 
0160 0.214256	0.767059 0.844357 1.02251 1.04318 0.941357 0.92473 0.929517 1.14868 0.925025 0.910776 
0161 0.142352	1.30787 1.19247 1.10491 0.935174 1.06164 1.10767 1.06324 0.852716 1.3278 1.01259 
0162 0.136741	1.37525 1.01651 1.05718 1.16175 0.950526 1.09192 1.13345 1.08714 0.918456 0.87651 
0163 0.158146	0.950586 0.994074 1.25414 1.01778 1.1294 1.02077 1.10596 1.0415 1.66845 1.24787 
0164 0.0729426	0.691011 1.10278 0.969252 0.983274 1.11495 0.871298 1.03102 0.863056 1.36846 1.01604 
0165 0.0752286	0.83708 0.985251 0.974595 0.95494 0.856114 1.03095 0.783473 1.45577 0.637064 0.866421 
0166 0.133209	0.888671 1.00826 0.837581 0.890852 0.890876 0.93574 0.795649 0.894511 0.645617 0.731092 
0167 0.0671239	0.891715 1.02815 0.861962 0.919317 0.912487 0.791344 0.926093 0.948809 0.888274 0.963738 
0170 0.221773	0.653919 1.00734 0.820046 0.919936 0.99779 0.900822 0.837518 0.9155 0.814545 0.838569 
0171 0.155572	1.23981 1.02048 0.940424 0.871887 0.913749 1.08039 0.99968 0.890807 0.822979 0.95382 
0172 0.0787054	1.18538 0.999893 1.06077 1.02855 0.979521 1.19319 1.0675 1.11815 0.95989 0.979255 
0173 0.124862	1.78566 1.14999 1.11068 1.15233 1.16739 1.17463 1.27779 1.01655 1.219 1.3046 
0174 0.186833	0.682346 1.04788 1.04625 0.839903 1.1525 0.955833 0.926586 0.995969 1.24973 1.13995 
0175 0.107025	1.76442 1.09642 0.930114 0.970124 0.94794 1.0605 0.966582 1.29023 0.707441 0.989899 
0176 0.0706142	0.823418 1.07007 1.24796 0.966604 1.3339 1.03836 1.15708 0.810818 1.81773 1.15284 
0177 0.0546157	1.22302 1.13742 0.920731 0.932885 1.21594 1.00447 1.07385 0.691742 1.33942 1.16676 
1000 0.171474	1.72478 1.10341 1.18756 1.10315 1.00164 1.05439 1.1928 1.18273 1.1178 1.15707 
1001 0.0558226	0.543834 0.887249 1.09684 1.14904 1.12762 0.902024 0.962575 0.710124 1.48909 1.0834 
1002 0.155449	1.02655 0.928202 1.00722 0.966241 0.905859 1.00957 0.967867 1.15418 0.895418 1.05986 
1003 0.12313	0.647479 0.93582 0.775766 0.951278 0.839045 0.834427 0.73815 0.855557 0.655702 0.826249 
1004 0.101763	0.749145 0.887834 0.90751 0.814026 0.888863 0.889128 0.873946 0.628613 0.974165 0.842474 
1005 0.0667735	1.69209 1.06278 0.867813 0.917513 0.886826 1.04004 1.03287 1.01816 0.738713 0.891874 
1006 0.167468	1.01319 1.00086 1.24853 1.18997 1.17016 0.962849 1.14297 0.968358 1.62421 1.27941 
1007 0.15812	0.565763 0.926314 0.941078 1.06206 0.97441 0.829448 0.865915 0.821486 1.11012 0.926087 
1010 0.0954923	0.603653 0.898873 0.8995 0.850792 0.830772 0.951202 0.822104 0.861637 0.908662 0.789886 
1011 0.167853	1.25616 1.04369 0.941874 0.971402 0.899377 1.03203 1.21317 0.800866 0.973766 0.964652 
1012 0.136418	0.50275 0.997889 1.03029 0.972623 0.933347 0.910488 0.892433 1.01742 1.06535 1.01041 
1013 0.0871886	0.963301 1.02253 0.930218 1.1311 0.947603 0.945155 1.04594 0.729976 1.20033 0.967452 
1014 0.216489	0.61877 0.966595 1.2241 1.10705 1.07577 0.955319 1.1383 1.08203 1.51702 1.12145 
1015 0.0599051	1.7352 0.940023 1.05251 1.00404 0.817343 1.16894 1.14026 1.4497 0.754391 0.961717 
1016 0.0533808	1.01443 0.981817 0.981795 0.882768 0.870236 0.957839 0.952402 1.14297 0.803341 0.879847 
1017 0.183274	0.785145 0.880212 0.827964 1.01827 0.840719 0.801599 0.794219 1.2439 0.656373 0.932651 
1020 0.0996132	0.742221 0.94359 1.01856 0.984678 0.897176 1.06435 0.850218 0.859239 1.08336 0.938437 
1021 0.117021	1.67292 1.20483 0.985748 0.91402 0.902017 1.04459 1.02505 1.14672 0.84261 1.11402 
1022 0.148936	0.82802 0.963521 1.14582 1.12257 1.09993 1.02248 1.14667 0.911318 1.52788 1.10998 
1023 0.117021	0.505591 1.03086 0.970154 0.933884 0.905264 0.940591 0.861579 0.927396 0.90653 0.942313 
1024 0.134429	0.581247 0.927348 0.825242 0.949336 0.7971 1.04674 0.778296 0.966826 0.648953 0.77076 
1025 0.236944	1.17334 0.930486 1.00664 0.922163 1.00828 0.932235 1.0506 0.808466 1.10259 1.10036 
1026 0.0947776	0.945641 1.01732 0.968156 1.0796 0.885542 0.990009 0.933773 1.11971 0.690789 1.08109 
1027 0.0512573	1.20618 0.977783 1.04046 0.904786 0.849869 1.2558 1.1485 0.916712 0.866587 0.900582 
1030 0.079646	1.48045 1.09306 1.26803 1.26518 1.14052 1.4047 1.26449 1.24877 1.36476 1.05086 
1031 0.245745	1.27789 0.969668 1.03381 1.27108 1.08052 0.965366 1.18722 1.09771 1.06969 1.11573 
1032 0.0680735	0.849568 0.959824 1.01446 1.06539 0.976171 1.26133 0.996111 0.987658 0.896264 0.893449 
1033 0.164738	0.653386 0.821988 0.842127 0.936107 0.863768 0.796295 0.835435 0.840672 0.709865 0.83731 
1034 0.184479	0.908456 1.1006 1.11411 1.09768 1.1694 1.04081 1.06204 1.15644 1.38131 1.07131 
1035 0.0878148	1.0753 0.905824 0.865516 1.14263 0.827641 1.10793 0.964829 1.43188 0.536096 0.861885 
1036 0.0735194	0.814587 0.901612 0.83314 1.11736 1.01502 0.894706 0.882479 0.941418 0.965226 0.89008 
1037 0.0959837	0.544094 0.822475 1.04773 1.03964 0.984982 1.03885 0.87835 1.09531 1.06633 0.998217 
1040 0.0870113	0.860422 0.843198 0.872882 1.03956 0.786338 0.866892 0.764138 0.908465 0.724635 0.872276 
1041 0.127364	0.993993 0.9694 0.957882 1.07035 0.888162 0.99366 0.929061 1.14523 0.803704 0.917996 
1042 0.0580076	0.778428 0.897148 0.812911 0.775709 0.956963 0.790959 0.858381 0.67556 0.949798 0.838976 
1043 0.0844893	1.68269 1.04537 1.112 1.16561 0.894235 1.29882 1.13177 1.29679 0.818281 1.21667 
1044 0.103405	0.740383 0.959058 1.11341 0.969872 1.04694 1.02968 1.06793 0.825888 1.106 0.957237 
1045 0.147541	1.25993 1.03963 1.02517 1.06206 1.01853 1.07236 1.03538 0.980878 0.956556 1.08879 
1046 0.203026	0.82542 1.03319 0.971044 0.897158 1.01657 0.940786 0.967734 0.956221 1.0866 1.09429 
1047 0.189155	1.3069 0.980955 1.27093 1.16323 1.11718 1.4286 1.28251 1.27372 1.45523 1.13431 
1050 0.128946	0.614394 0.812308 0.946222 0.860624 1.03328 0.94747 0.837253 0.659582 1.10009 0.846838 
1051 0.0685024	0.915308 1.08362 1.39113 1.11509 1.33782 1.33167 1.1279 1.13871 1.63488 1.08871 
1052 0.0732035	0.797109 0.825648 0.730862 0.934933 0.841244 0.894802 0.741954 1.17389 0.564235 0.753302 
1053 0.166219	0.606036 0.872223 0.958223 0.876031 0.978161 1.06934 0.808472 0.928941 0.897088 0.861533 
1054 0.060779	0.682926 0.945436 0.703638 0.828352 0.919301 0.869199 0.666132 0.728979 0.575695 0.733774 
1055 0.175285	1.50628 1.04158 1.03959 0.87105 1.07173 1.16801 1.13634 0.763475 1.07371 0.960241 
1056 0.235393	0.900928 0.970938 1.18434 1.15244 1.11156 1.10618 1.03974 1.02554 1.31423 1.04194 
1057 0.0916723	1.64524 0.914016 0.995567 1.15839 0.955299 1.08522 1.03999 1.43784 0.863078 1.09164 
1060 0.109632	1.04398 1.03399 1.09513 0.918186 0.980645 1.12362 1.21162 1.04286 1.21054 0.984809 
1061 0.236375	1.22576 0.993017 1.02044 0.938659 0.931633 1.01711 1.0258 1.02336 0.937072 1.11119 
1062 0.264892	0.691457 0.914676 0.908551 0.919887 0.837874 0.907576 0.801683 0.865825 0.795443 0.832783 
1063 0.0899873	0.739991 0.966201 0.976513 0.950239 0.992848 0.856439 0.927696 0.889466 1.08216 1.00037 
1064 0.0659062	1.28814 1.11989 1.35056 1.05026 1.1076 1.21627 1.42356 0.870692 1.63264 1.32708 
1065 0.108999	1.17935 1.08102 1.03803 1.09424 0.766377 1.07016 1.01793 1.36207 0.72559 0.995138 
1066 0.0690748	0.643805 1.02318 1.02146 1.01794 1.08175 0.896821 1.03674 0.621717 1.29138 1.17091 
1067 0.0551331	0.899294 1.11395 1.12117 0.968569 1.12057 0.909702 1.19621 0.879676 1.47818 1.20888 
1070 0.243966	1.61326 1.35247 1.18295 1.20421 1.10989 1.18975 1.25275 1.1168 1.30573 1.17814 
1071 0.165688	0.86366 0.9607 1.04224 1.00349 1.04912 0.958203 0.889944 0.958138 1.08854 0.929075 
1072 0.125897	1.36175 1.21356 1.03683 0.956048 1.02338 1.03969 1.05977 1.3039 0.856669 1.09469 
1073 0.0958904	0.854046 0.998022 0.820675 0.834146 0.894993 0.816255 0.810516 0.836298 0.631169 0.911007 
1074 0.0945858	1.18906 1.11278 1.00811 0.930683 0.988417 1.00307 1.10954 0.709392 1.08124 1.02352 
1075 0.0802348	0.850788 1.03745 0.91856 1.00378 0.947761 0.874215 0.820066 1.03388 0.791232 0.926004 
1076 0.0717547	1.13448 1.02202 1.08088 0.993102 1.06841 0.895663 1.08602 0.962271 1.13864 1.25893 
1077 0.121983	1.15161 1.15601 0.910249 0.875904 0.971219 0.891767 0.936064 0.923533 0.861772 0.894342 
1100 0.127613	1.25106 0.970721 0.893178 1.05474 0.903088 0.937288 0.95704 0.87324 0.781241 0.877512 
1101 0.115208	0.73532 0.759842 0.89085 0.921912 0.967688 0.806768 0.782113 0.941971 0.89497 0.853655 
1102 0.0570943	1.11747 0.978854 0.914182 0.903249 0.89519 1.06142 0.92436 1.04829 0.733919 0.913294 
1103 0.165336	1.33597 1.0635 1.16386 0.955275 1.10221 1.09665 1.15515 0.922541 1.31817 1.20576 
1104 0.06661	0.687859 1.117 1.26149 1.0527 1.30601 1.12819 1.20027 0.936037 1.84362 1.31229 
1105 0.270858	0.968786 0.898853 1.12721 1.01687 1.01182 0.927984 1.08118 1.30042 1.06042 1.0523 
1106 0.135599	0.936671 0.92983 0.984611 0.90066 0.866535 0.937248 0.816914 1.42188 0.667772 0.856989 
1107 0.0616822	0.930541 0.931491 0.871607 0.915667 0.937505 0.872292 1.02048 0.803113 0.888597 0.934396 
1110 0.097642	1.5238 1.03048 1.15864 1.03368 0.99661 1.19229 1.06821 1.05745 1.08962 0.989662 
1111 0.113085	0.740946 1.0308 0.982212 0.84916 1.03665 0.815393 0.814743 0.820537 1.14592 1.01481 
1112 0.0840252	0.740762 0.881724 0.892631 1.05859 0.92415 0.965191 0.802043 1.03506 0.92256 0.844545 
1113 0.12637	1.31393 1.05084 0.8458 0.903715 0.799464 0.89063 0.778768 1.11186 0.677403 0.823254 
1114 0.0549651	0.815378 1.08745 1.2821 1.16749 1.17491 0.906384 1.15811 0.901102 2.10755 1.2734 
1115 0.0944869	1.3383 1.00304 0.951445 0.961365 0.965117 1.07681 1.05538 0.911026 0.961082 0.938802 
1116 0.212056	1.22893 1.07778 1.13941 0.955307 1.12275 1.12687 1.12483 1.06235 1.46711 1.15132 
1117 0.21737	1.38498 1.03429 0.981474 1.00561 0.900391 0.971024 0.951564 1.34077 0.860783 1.04188 
1120 0.0655988	0.500249 0.911268 1.07035 0.921379 1.02724 0.887532 1.02165 0.778288 1.23457 1.05361 
1121 0.147216	0.930641 1.14115 1.0734 1.23712 0.959684 1.01232 1.08214 0.993811 0.996078 0.925831 
1122 0.112128	1.28427 0.976377 0.886575 1.06162 0.749547 0.818746 0.962121 1.20889 0.522504 0.964749 
1123 0.147216	1.11395 0.966162 1.26977 0.950778 1.07847 1.01953 1.16624 1.22173 1.09356 0.982976 
1124 0.116705	1.30324 0.967646 1.1523 0.844293 1.09009 1.06371 1.0981 0.900526 1.27662 1.02755 
1125 0.19222	0.719246 0.924333 1.01189 0.941866 0.982122 0.823075 0.830245 0.962129 0.861051 0.89737 
1126 0.0968726	1.11336 1.10273 1.12392 0.99914 1.08712 0.808799 1.15148 0.80561 1.35019 1.19598 
1127 0.122044	1.15602 0.946488 0.916784 0.894631 0.884858 0.818707 0.90629 0.87022 0.760418 0.879255 
1130 0.0843327	0.92902 0.996132 0.930538 0.823591 1.13117 1.02249 1.07494 0.720265 1.15248 1.1173 
1131 0.101741	0.952553 0.904728 0.929519 0.964413 0.998082 0.996685 0.910904 0.714836 0.927601 0.862021 
1132 0.0974855	1.67326 1.03821 1.01124 0.879112 0.978352 1.31733 1.00539 0.967694 0.86511 0.94025 
1133 0.1706	1.14587 1.06671 1.03424 0.953409 0.983055 0.973331 0.995459 1.09331 1.04571 1.09772 
1134 0.0762089	1.84771 1.06261 1.06309 1.30747 1.10219 1.16195 1.14726 1.33083 0.986442 1.02492 
1135 0.258801	1.00271 1.07173 1.14487 1.06879 1.25346 1.14889 1.23186 0.781055 1.40348 1.15841 
1136 0.0998066	1.09715 0.953219 0.90367 0.950373 0.863991 1.17624 0.914721 1.30337 0.663523 0.801691 
1137 0.111025	1.2955 0.823733 0.789465 0.976538 0.800589 0.971778 0.858764 0.908638 0.620393 0.842306 
1140 0.10602	1.62994 0.972697 0.848595 0.982468 0.940178 1.03828 1.02634 1.01113 0.710066 0.953614 
1141 0.0632336	1.09828 1.02661 1.19404 0.985045 1.31129 0.949436 1.2667 0.873532 1.76005 1.30132 
1142 0.0829231	0.743038 0.910647 1.17143 1.24116 1.11594 1.08178 1.0964 1.13453 1.27938 1.1216 
1143 0.212798	0.892922 0.876754 0.910984 0.962697 0.970637 0.890171 0.884756 0.882286 0.942436 1.02206 
1144 0.19273	1.16685 0.952624 1.00217 0.979421 1.10194 1.04013 1.06504 0.916841 1.10503 1.02435 
1145 0.207119	1.45124 0.841808 0.793375 0.940063 0.868571 0.914507 0.89385 0.858296 0.607117 0.882279 
1146 0.0639909	0.99881 1.1333 1.37318 1.09412 1.27871 1.11683 1.1346 1.03136 1.72139 1.27358 
1147 0.0711852	2.15858 1.06214 1.03799 1.0398 1.03387 1.03083 1.31933 1.17304 1.02877 1.31417 
1150 0.0829312	0.652148 1.01622 1.04368 0.930739 1.033 1.07848 0.85204 1.16185 0.933436 0.947953 
1151 0.0916767	1.31203 1.04858 0.888273 0.969037 0.967016 0.856927 0.965773 1.09732 0.756075 1.02516 
1152 0.107057	1.84047 0.960033 0.996368 1.05428 0.914612 1.0186 1.11014 1.13149 1.03485 1.07488 
1153 0.0768999	1.21659 1.02039 0.896682 0.791456 0.980065 1.00173 0.792345 1.01195 0.874726 1.0459 
1154 0.212304	0.834152 1.00313 1.01913 1.07853 1.09597 1.02055 1.05133 0.925875 1.02688 1.08571 
1155 0.186369	1.02481 0.935857 1.04316 0.873336 0.962284 1.04722 0.977026 1.12847 0.847903 1.00747 
1156 0.0434258	0.580433 0.999859 1.04528 0.973512 1.05958 0.934263 0.923135 1.22819 0.997713 1.05695 
1157 0.199337	0.865167 1.02505 1.12643 0.955305 1.20082 1.02754 1.1096 0.749174 1.54534 1.10793 
1160 0.160758	0.741967 0.843376 0.877638 0.876125 0.938049 0.990274 0.839351 0.811591 0.915261 0.923667 
1161 0.122249	1.6693 0.956555 0.918889 0.999201 0.944011 1.16823 1.04969 0.805473 0.897082 0.911504 
1162 0.110636	1.3085 0.980912 1.05136 1.12486 1.08936 1.0569 1.27983 1.04832 1.3522 1.16812 
1163 0.168704	0.827433 0.887305 1.0137 1.00855 0.976361 1.07366 0.990123 0.82306 1.05803 0.811881 
1164 0.114914	0.710777 0.944917 0.902706 1.26728 0.910888 0.962735 0.935581 1.32997 0.794501 0.972403 
1165 0.107579	0.754396 0.956908 1.14079 0.881868 1.12371 1.08592 1.12822 0.783032 1.45366 1.14179 
1166 0.0721271	0.698555 1.06569 1.21412 1.03438 1.0815 1.18548 1.18946 1.2077 1.2448 1.0057 
1167 0.143032	1.40687 1.08764 0.952851 1.05208 0.861698 1.21622 1.02129 1.2473 0.710194 0.896665 
1170 0.0864635	1.14368 1.0198 1.03878 1.02781 0.934537 1.02836 0.991246 1.22515 0.933649 0.934103 
1171 0.250177	1.04524 0.924032 0.933804 1.11461 0.965425 1.03461 0.980988 0.84749 0.856803 0.948642 
1172 0.0637845	1.35367 1.02226 1.36463 1.23475 1.01842 1.21502 1.36513 1.16471 1.55788 1.06885 
1173 0.0574061	1.78736 1.16708 0.947111 1.06437 0.846584 1.09672 1.13934 1.32922 0.70239 0.901276 
1174 0.0637845	0.893138 1.10854 1.06722 1.02651 1.18018 0.986717 1.13207 0.676932 1.79199 1.14434 
1175 0.102055	0.61779 0.889592 0.820737 0.8043 0.935056 0.999851 0.932299 0.813406 0.895048 0.764309 
1176 0.263643	0.748256 0.992523 1.04147 1.0803 1.08095 1.00191 1.04869 0.958188 1.31079 1.06038 
1177 0.112686	0.744266 0.859566 0.799955 0.952773 0.826461 0.807575 0.856373 1.1897 0.669557 0.809793 
BOUNDS
LWPS R    0.0  0.0  0.0  0.0  0.0  0.0  0.0  0.0  0.0  0.0
UWPS R    0.5  0.5  0.5  0.5  0.5  0.5  0.5  0.5  0.5  0.5
LXAS R   -0.5 -0.5 -0.5 -0.5 -0.5 -0.5 -0.5 -0.5 -0.5 -0.5
UXAS R    0.5  0.5  0.5  0.5  0.5  0.5  0.5  0.5  0.5  0.5
END
