NAME moment_estimations_cluster
ASSETS 10
BENCHMARKS 0.1 0.1 0.1 0.1 0.1 0.1 0.1 0.1 0.1 0.1 
COVARIANCES
0 0 0.0582755
1 0 0.0189598
1 1 0.0105401
2 0 0.00726877
2 1 0.0012163
2 2 0.00446048
3 0 -0.00859298
3 1 0.00123578
3 2 -0.00555156
3 3 0.0149871
4 0 -0.0109481
4 1 -0.00188541
4 2 -0.00527117
4 3 0.0106153
4 4 0.0103666
5 0 -0.0152782
5 1 -0.00360281
5 2 -0.00267433
5 3 0.00691151
5 4 0.00566959
5 5 0.00705788
6 0 0.00100542
6 1 0.000864047
6 2 0.000286211
6 3 0.00142812
6 4 -0.000125777
6 5 0.00079089
6 6 0.00202156
7 0 -0.0139971
7 1 -0.000484736
7 2 -0.00591424
7 3 0.0147302
7 4 0.0110031
7 5 0.00910465
7 6 0.00102486
7 7 0.0194289
8 0 0.0123786
8 1 -6.40979e-05
8 2 0.00429899
8 3 -0.00859992
8 4 -0.00619347
8 5 -0.0067015
8 6 -0.000265081
8 7 -0.0121458
8 8 0.0120615
9 0 -0.0220508
9 1 -0.0103468
9 2 -0.00210933
9 3 0.00366032
9 4 0.00639725
9 5 0.0065833
9 6 0.00034573
9 7 0.00509469
9 8 -0.000497731
9 9 0.018219
SCENARIOS
0 0.67186	1.06184 0.994701 1.02656 0.919813 0.934897 0.960702 1.00397 0.934029 1.04148 1.00904 
1 0.32814	0.958248 1.06385 0.968352 1.10154 1.09926 1.06357 1.01491 1.12761 0.907406 1.02088 
00 0.581014	0.883897 0.996819 0.981659 1.11152 1.12263 1.04195 0.984507 1.15417 0.942067 1.03231 
01 0.418986	1.26174 1.0741 1.05825 0.991107 0.969609 0.90091 0.996342 0.896588 1.14963 0.926296 
10 0.526696	0.874976 0.938955 0.941391 1.09466 1.10456 1.04528 1.00099 1.14318 0.943085 1.0329 
11 0.473304	1.31975 0.997627 1.03634 0.946609 0.901647 0.920157 1.00174 0.906903 1.15617 0.93475 
000 0.0927605	0.992729 0.991257 1.07088 0.825935 0.785671 0.984998 1.02738 0.871557 1.07701 0.891005 
001 0.114587	1.35172 1.23843 0.980623 1.15363 0.949945 1.05476 1.07031 1.12808 0.892977 0.904968 
002 0.113562	1.35821 1.11665 0.919634 1.0046 1.02417 0.857285 0.992711 0.936252 1.04116 0.912686 
003 0.158905	0.690411 0.835744 0.927896 1.11734 1.13829 1.16111 1.02996 1.14287 0.87711 1.27445 
004 0.164002	0.751893 0.826532 1.0201 0.900284 0.964155 0.961999 1.00248 0.841615 1.10997 1.16681 
005 0.0503638	1.22066 1.04042 0.961771 0.864825 0.847199 0.907556 0.913838 0.848424 1.02295 0.747719 
006 0.0993442	1.65617 1.15738 1.08473 0.85708 0.860993 0.871294 1.04769 0.816008 1.16441 0.950453 
007 0.206476	0.859035 1.01383 0.957714 0.973725 0.987905 1.05478 0.982396 0.976868 0.887214 0.844288 
010 0.0761279	0.537952 0.77797 0.974041 0.897293 1.03107 1.07874 0.962711 0.982969 1.05338 1.41408 
011 0.082167	1.43698 1.10303 1.09271 0.828361 0.871482 0.851052 0.941764 0.789136 1.10571 0.804863 
012 0.12913	1.31613 1.02805 1.00383 0.919434 0.880008 0.95709 0.987554 0.912271 1.03557 0.879099 
013 0.260036	0.869902 0.951787 1.04784 0.92349 0.957937 1.11038 1.0266 1.03662 0.974599 1.04264 
014 0.130195	0.67285 0.901559 0.93343 1.04604 1.11348 1.17813 1.01707 1.17021 0.84174 1.16045 
015 0.0822735	1.91171 1.25459 1.0608 0.864474 0.878596 0.850836 1.04923 0.878891 1.21136 0.740264 
016 0.0959503	0.951074 0.870521 1.05996 0.749631 0.845795 0.912683 0.961627 0.788214 1.13066 1.06947 
017 0.144121	1.10031 1.01673 0.909349 1.06448 1.06541 1.01463 0.950028 1.14641 0.986598 0.983948 
100 0.141526	1.18709 1.17025 1.05362 1.00645 0.887714 0.981622 1.04772 0.857829 0.994108 0.811082 
101 0.0697217	0.826458 1.05761 1.02368 0.975687 0.853034 1.12665 1.00336 1.00977 0.832789 0.881817 
102 0.135104	0.995567 1.08311 0.948104 1.11146 1.08999 0.971473 0.950819 1.09588 0.922702 0.962446 
103 0.0980154	1.77792 1.1956 1.07717 0.940358 0.88455 0.964648 1.00571 0.941614 1.03192 0.856278 
104 0.23283	0.838529 0.950339 0.998539 0.875739 0.899141 0.984118 0.986688 0.911837 1.06335 1.09314 
105 0.105653	1.08841 0.981117 1.07909 1.00536 0.935341 0.963149 1.06027 0.95134 1.13906 1.16507 
106 0.162588	0.658037 0.831221 0.958768 1.07583 1.06549 1.19473 0.973278 1.18643 0.90825 1.28076 
107 0.0545623	0.871295 1.06141 0.985066 1.32107 1.05097 1.25073 1.08024 1.36578 0.782366 1.01473 
110 0.112034	1.03231 0.948414 1.0388 0.845027 0.921328 0.970366 0.978775 0.8785 1.08727 1.05669 
111 0.103664	0.771824 0.929068 1.08449 0.916056 1.00795 1.02267 0.975032 0.907556 1.16038 1.32425 
112 0.216535	0.70392 0.933689 0.971169 1.03479 1.04071 1.17276 1.00374 1.03977 0.910426 1.2144 
113 0.0886614	1.13168 1.14855 1.02027 1.0621 0.97891 1.05995 1.06678 1.06446 0.951286 0.998767 
114 0.061168	1.95134 1.39526 1.11337 0.99215 0.850047 0.897696 1.04241 0.960371 1.04648 0.839498 
115 0.205331	1.35782 1.16581 1.03484 0.992978 1.00084 0.90986 0.952756 0.971168 0.980451 0.80273 
116 0.141588	0.776603 1.03715 0.909968 1.15591 1.13311 1.14744 0.985183 1.27627 0.813101 1.05143 
117 0.0710193	0.910641 0.98797 0.986933 0.925012 0.950782 0.997837 0.935594 0.991836 0.930071 0.897241 
0000 0.16929	0.88855 0.964188 0.932353 1.1377 1.06591 1.05254 1.02869 1.02945 0.960704 1.12244 
0001 0.173985	1.2716 1.05402 1.04829 0.986878 1.09172 0.913221 0.911096 0.904279 1.09112 0.934335 
0002 0.0963822	1.18663 1.06892 1.03115 1.21224 1.05952 1.09146 1.04524 1.05587 0.868144 0.932227 
0003 0.118199	0.668352 0.813015 0.937861 0.929613 1.14133 1.1221 0.975011 0.994135 0.87226 1.24819 
0004 0.072908	1.2747 1.17351 0.980963 1.02375 0.962677 0.895029 1.02364 0.900169 1.03277 0.796106 
0005 0.103286	1.66363 1.16235 1.07808 1.01516 0.92109 0.876516 1.08534 0.842445 1.0536 0.839654 
0006 0.118752	1.09312 0.890849 1.12049 0.911866 0.918579 0.909483 1.01548 0.717148 1.17879 1.15849 
0007 0.147197	0.90603 1.06573 1.07022 0.887292 1.00249 1.01336 0.989347 0.854591 0.931849 0.910025 
0010 0.17751	0.608751 0.789138 0.926396 1.02918 1.24881 1.08684 0.992394 1.07399 0.943816 1.23225 
0011 0.202325	0.971057 0.975154 0.964882 1.12336 1.27035 0.970337 0.987694 1.11808 1.00644 0.93742 
0012 0.143528	1.18091 0.976883 1.11088 1.01388 0.929832 0.951414 1.07655 0.885435 1.24783 0.94622 
0013 0.0693047	1.10628 1.05953 0.960977 1.00243 1.02257 0.95019 1.00252 1.15772 0.923359 0.70779 
0014 0.0838364	1.68586 1.16062 1.09141 0.867346 0.847034 0.780561 0.985127 0.838051 1.14127 0.72839 
0015 0.0619271	0.833027 0.917034 0.850512 1.33267 1.36028 1.13205 0.975363 1.26288 0.835378 1.05644 
0016 0.0923318	0.93728 0.920949 1.03212 0.929803 0.990031 0.961474 1.0805 0.920923 0.928896 0.794789 
0017 0.169238	0.93755 0.919936 1.0029 0.873742 0.995111 0.971162 0.965891 0.849047 1.0923 1.01326 
0020 0.139183	0.824367 0.896883 1.06739 0.983718 0.960386 1.06401 0.924261 0.933824 1.07979 0.894865 
0021 0.0751184	0.85729 0.990155 0.989337 1.17119 1.03975 1.2355 1.06941 1.05238 0.96592 1.06017 
0022 0.068351	0.779187 0.919912 0.850642 1.31035 1.26804 1.24011 1.01714 1.22066 0.965725 1.05205 
0023 0.0669975	1.72655 1.22419 1.10721 1.00499 0.852935 0.941768 1.04179 0.815753 1.15401 0.697385 
0024 0.0958719	1.4324 1.11533 1.05904 0.912049 0.931595 1.00079 0.986549 0.906852 1.12262 0.820497 
0025 0.193323	0.990785 1.03976 0.985031 1.10053 1.02486 1.09396 1.00664 0.999575 0.882742 0.803658 
0026 0.24453	1.23706 1.03245 1.04953 1.0172 0.895753 1.0584 0.979597 0.978511 1.01324 0.813215 
0027 0.116625	0.812676 0.898509 1.03442 0.967146 0.998542 1.09943 0.964559 0.843275 1.13821 1.04783 
0030 0.128647	1.19068 1.06024 0.83523 1.09139 1.17226 0.939617 0.947954 1.07635 0.945142 0.782328 
0031 0.268096	0.7524 1.09885 0.9371 1.05614 1.01131 1.12576 0.95037 1.11458 0.876438 0.939279 
0032 0.078994	0.93349 1.0343 0.989068 1.0878 1.08163 1.10266 0.974058 1.09175 1.16666 1.37483 
0033 0.0646461	0.803844 1.1292 0.843228 1.32846 1.0941 1.21072 1.03385 1.47447 0.787813 0.953198 
0034 0.131549	1.20435 1.10003 1.00936 1.11418 0.962722 1.00002 0.96401 1.07112 1.01988 0.917317 
0035 0.109624	1.45903 1.0913 1.05904 1.00245 0.990546 0.89 1.01411 0.851181 1.32618 0.940342 
0036 0.0681928	0.846437 0.761031 1.05015 0.813194 0.928743 1.00687 0.928522 0.848496 1.18637 1.22024 
0037 0.15025	0.968706 0.911098 0.924736 0.913023 0.877994 0.920848 0.962088 0.862204 1.11984 1.03613 
0040 0.077632	0.730471 0.832504 1.02283 0.865772 0.969189 1.238 1.05905 1.02298 0.933499 1.12602 
0041 0.177132	1.23293 1.12756 0.979843 1.09479 1.01538 1.11342 1.06391 1.21371 1.00626 1.09475 
0042 0.0538894	0.756705 0.95071 0.949524 1.04124 1.19005 1.16905 0.942637 1.16629 0.931065 1.34717 
0043 0.237582	1.51345 1.14523 1.01696 0.987065 1.04767 0.970019 0.96872 0.867008 1.13219 0.8937 
0044 0.12418	1.07756 0.912017 1.09141 0.820301 0.876515 1.02741 0.976236 0.886397 1.13428 1.04078 
0045 0.14308	0.681001 0.859259 0.947933 0.928362 0.903461 1.07286 0.978658 0.936786 1.08783 1.22752 
0046 0.0876289	1.04812 0.963021 0.905757 1.23692 1.2376 1.19823 1.01488 1.33925 0.827307 1.05522 
0047 0.0988754	0.861671 1.08008 1.0078 0.924885 0.928798 1.11105 0.981999 1.19108 0.841828 0.955869 
0050 0.0788403	0.862251 0.909448 1.11901 0.819146 0.908456 0.94743 1.00066 0.772947 1.08784 0.995691 
0051 0.194303	1.25714 1.13491 1.08042 0.773134 0.827035 0.888192 1.02863 0.794369 1.12685 0.967078 
0052 0.261445	0.990551 0.970825 1.09914 0.956311 1.00425 1.0379 1.04135 0.920891 0.933255 1.01321 
0053 0.123093	0.761938 1.03857 0.993862 0.911871 0.953135 1.01301 0.961444 0.954337 0.915669 0.992742 
0054 0.0590031	0.845405 1.17357 1.00916 1.30125 1.09699 1.2572 1.09798 1.40508 0.779296 1.02854 
0055 0.095117	0.763525 0.913573 0.958997 1.07423 1.06161 1.00385 1.10709 0.943092 1.0147 1.19444 
0056 0.122584	1.40036 1.30321 1.02984 0.986564 0.95368 0.891914 1.07437 0.986207 0.913314 0.748818 
0057 0.0656155	0.839163 0.9026 0.964644 1.08642 1.20819 1.03142 0.96448 1.12421 0.931041 1.09582 
0060 0.189531	1.00388 0.937799 1.11615 0.914543 0.835153 0.939755 0.987585 0.821296 1.15792 0.941973 
0061 0.157813	1.41451 1.06323 1.04066 1.01238 0.952055 0.938979 0.994951 1.00929 1.06508 0.782077 
0062 0.143889	0.745505 0.875293 0.974832 0.918995 1.00519 1.0385 0.963664 1.01145 0.91418 0.912142 
0063 0.145952	0.642551 0.843811 0.940653 1.00323 1.11343 1.15297 0.994309 1.02857 1.00522 1.19508 
0064 0.110366	1.43563 1.12272 1.06925 0.881451 0.769129 0.885575 1.02414 0.813919 0.983543 0.55752 
0065 0.0662713	0.777004 0.791132 1.0886 0.897798 0.924139 1.04149 1.02194 0.878135 1.23312 1.15382 
0066 0.118876	0.965648 1.06877 0.941367 1.15378 1.0816 1.09615 1.0345 0.966822 1.00359 1.03174 
0067 0.0673027	1.25691 1.38574 0.947238 1.23891 0.958373 0.994614 0.995211 1.10203 0.862379 0.602651 
0070 0.0433002	1.73191 1.18815 1.06653 1.04734 0.931828 0.909705 1.01908 0.929081 1.0098 0.925435 
0071 0.215881	1.08844 0.954268 0.943115 1.05162 1.07079 0.958626 0.958171 1.03361 0.941099 0.95814 
0072 0.0959057	0.822289 1.05653 0.91433 1.32759 1.11294 1.08156 0.984039 1.37924 0.84246 0.975476 
0073 0.0627792	0.768261 0.812699 0.923271 1.04983 1.11517 1.03268 0.914474 0.919971 1.02198 1.27753 
0074 0.113275	0.698628 0.934268 0.916281 1.11617 1.01314 1.14942 1.02525 1.03721 0.919108 1.22521 
0075 0.12866	0.963933 0.972185 0.991149 1.04111 0.959118 0.961661 1.00442 0.978049 1.14695 1.27096 
0076 0.144417	0.849432 0.911742 1.08415 1.00741 0.878225 1.03336 1.01762 0.979514 0.975399 1.04767 
0077 0.195782	1.34148 1.07679 1.07528 0.843266 0.869037 0.888455 1.0249 0.878496 1.15906 0.973425 
0100 0.0597294	1.63134 1.0067 1.08305 0.960736 0.814317 0.969102 1.04919 0.812244 1.29075 1.0354 
0101 0.0737284	0.811372 0.867381 0.920979 1.16432 1.22591 1.08994 1.02653 1.07086 1.00545 1.48295 
0102 0.147923	0.742817 0.893844 1.03615 0.978772 0.926984 1.14534 1.02715 0.945612 0.977008 1.16374 
0103 0.221185	1.10478 0.842621 1.03081 0.875214 0.919107 0.997017 0.950544 0.887664 1.10218 1.03901 
0104 0.15119	0.881839 1.01884 0.915052 1.22662 1.15535 1.14552 0.924607 1.25045 0.852355 0.945819 
0105 0.0611293	1.26791 1.04126 0.90512 1.02327 1.18342 1.10141 0.884342 1.19081 0.837009 0.91736 
0106 0.124125	1.41637 1.01919 0.953943 1.17584 1.21014 1.02222 1.00457 1.14797 1.01598 1.05657 
0107 0.160989	1.31323 1.06396 1.05745 0.918394 0.951541 1.05845 0.998277 0.888095 0.973521 0.874161 
0110 0.109814	0.985162 1.03979 1.13998 0.997728 0.981792 1.10645 1.01206 0.981764 1.08842 1.06828 
0111 0.108949	0.89763 0.981916 0.942554 1.37222 1.20209 1.11287 1.02126 1.38002 0.894696 0.998916 
0112 0.115867	0.783721 0.953541 1.07112 1.09734 0.932095 1.16224 1.04849 1.16354 0.852272 1.07178 
0113 0.135322	1.00591 0.98083 1.00651 0.883797 0.962811 0.90063 1.01225 0.793621 1.27152 1.1292 
0114 0.149589	0.699105 0.780157 1.01437 0.947508 0.943446 1.13693 1.05618 0.966772 1.05519 1.21455 
0115 0.136187	1.08438 1.04208 1.02298 0.985803 0.974241 1.04622 0.997843 1.05961 0.907077 0.945594 
0116 0.0933852	1.59989 1.10063 1.03247 0.886842 0.876471 0.977891 1.01649 1.0023 0.992968 0.750051 
0117 0.150886	1.30733 1.17288 1.023 1.07502 0.92698 0.976718 1.0914 1.02883 1.01214 0.920986 
0120 0.247043	0.753527 0.934607 1.00975 0.930616 0.981596 1.16168 1.03208 1.05011 0.973939 1.09033 
0121 0.0629986	1.19906 0.919001 1.08851 0.843834 0.923252 0.849613 1.0302 0.8437 1.21139 0.965142 
0122 0.0726272	0.916513 0.937847 1.07631 0.929626 0.898011 0.970909 1.04145 0.86756 1.12241 0.984847 
0123 0.12077	1.27886 1.07065 1.06588 1.00479 1.02932 0.936376 1.04552 1.03494 0.993318 0.935183 
0124 0.103164	0.95778 1.0728 0.966476 1.17773 1.18301 1.1575 1.07054 1.33586 0.769673 1.00024 
0125 0.0968363	1.63312 1.31876 0.977333 0.992807 0.976542 0.903189 1.04071 1.06276 0.993321 0.71246 
0126 0.0591472	0.915348 0.855531 1.01857 1.00475 1.0921 0.980043 1.01808 0.992111 1.22289 1.23887 
0127 0.237414	0.963074 1.08559 0.943283 1.00878 1.07784 0.936251 0.983906 1.03605 0.986936 0.963191 
0130 0.0808743	1.05814 0.880563 1.00578 1.0122 0.957235 0.901469 1.05477 0.966603 1.28355 1.16106 
0131 0.0948087	1.66701 1.1575 1.03709 0.929561 0.93216 0.869578 0.989153 0.853595 1.17904 0.868212 
0132 0.0990437	0.855659 0.95545 0.857593 1.19822 1.06113 1.03453 0.946044 1.1818 0.833613 1.04369 
0133 0.0459016	0.717471 0.897905 0.930417 1.30643 1.13338 1.19444 1.01778 1.22837 0.929625 1.27754 
0134 0.184016	0.842089 0.958664 1.04946 0.960271 0.836691 0.999517 1.01981 0.837759 0.982671 1.0619 
0135 0.198361	1.1005 1.0741 0.93423 1.16285 0.934298 1.00672 1.03268 1.03237 1.01916 1.02488 
0136 0.167486	1.2586 1.24238 0.942025 1.04159 0.919978 0.923993 1.00661 1.09043 0.891167 0.787676 
0137 0.129508	0.787973 0.853152 0.945249 0.943124 1.02255 0.943177 0.97474 0.897889 1.06719 1.14729 
0140 0.132333	0.561387 0.817219 0.979299 0.977446 0.953929 1.11351 0.97399 0.935607 1.04272 1.30329 
0141 0.182265	1.21759 1.06239 1.024 0.819105 0.884624 0.905567 0.982574 0.86742 1.07953 0.942894 
0142 0.121965	0.881665 0.883896 0.999472 0.918101 0.923573 1.02954 0.895271 0.932296 0.923755 0.862466 
0143 0.177626	0.904567 0.924593 0.931341 1.06499 1.11691 0.981427 0.957184 0.939517 1.08322 1.07829 
0144 0.169168	1.04006 1.0152 0.977599 1.22934 1.12284 1.08069 0.991386 1.06259 0.946823 0.990256 
0145 0.0630286	0.766749 1.02736 0.86644 1.36741 1.29529 1.17988 0.991209 1.32136 0.812907 1.04074 
0146 0.0583902	1.5273 1.15905 1.0091 1.00957 0.920938 0.895113 1.00334 0.906812 1.14736 0.982318 
0147 0.0952251	0.880288 0.877419 1.09273 0.825751 0.818567 0.929553 0.971155 0.728611 1.20269 1.2145 
0150 0.0824698	1.13906 0.961984 0.993993 1.18165 1.13615 1.10394 0.935752 1.34913 0.766991 0.962513 
0151 0.139033	1.10538 1.10585 0.950775 1.05726 1.02317 1.03505 1.01008 1.00011 0.889925 0.984516 
0152 0.252591	0.977068 0.920736 1.03034 0.79172 0.921484 0.883609 0.967611 0.732791 1.09756 1.1478 
0153 0.158895	0.833008 0.903232 0.920492 1.15814 1.10589 1.18938 1.0392 1.09599 0.884617 1.4079 
0154 0.102332	0.676096 0.739052 1.02855 1.08328 1.07781 1.14432 1.0284 1.13571 0.895492 1.43807 
0155 0.0932642	1.42168 1.01682 1.00476 1.02356 0.969786 0.880003 0.945757 0.972373 0.991605 0.905382 
0156 0.0755613	1.8724 1.18622 1.10069 0.986289 0.965881 0.865133 1.01442 0.801831 1.02028 0.806651 
0157 0.0958549	0.833069 0.813056 1.11807 0.800313 0.885721 0.988108 0.955126 0.76379 1.25388 1.38866 
0160 0.0522029	1.24915 1.26107 0.93463 1.17079 1.07195 1.05161 1.00427 1.13007 0.940783 0.913479 
0161 0.0503517	1.2219 1.26456 1.02401 1.12779 0.974323 1.05633 0.950117 1.30119 0.851681 0.754046 
0162 0.0932988	1.28909 1.00115 0.998561 0.993372 1.02171 1.01064 1.00722 0.872575 1.02396 0.877734 
0163 0.182525	0.782446 1.02197 0.980429 1.06994 1.06034 1.14261 0.980837 1.1222 0.919968 1.11986 
0164 0.234358	0.830318 0.88342 1.05298 0.896692 0.95491 1.01603 1.00854 0.847807 1.18955 1.13709 
0165 0.169197	1.11993 0.994069 1.10472 0.984194 0.958443 1.01009 1.00195 0.915474 1.06626 0.924235 
0166 0.128101	0.632909 0.891628 0.927099 1.17586 1.1816 1.16514 0.946594 1.20819 0.877647 1.12662 
0167 0.0899667	1.19776 0.929101 0.961045 0.935763 0.909969 1.00562 0.929796 1.08236 1.14686 0.9257 
0170 0.0712349	1.0854 0.961922 1.02935 0.993841 1.04232 0.968459 1.01969 0.781423 1.18389 1.16628 
0171 0.0801085	1.47472 1.08503 1.12876 0.940353 0.960422 0.980735 1.00576 0.864634 1.12657 1.00576 
0172 0.121765	1.0088 1.05681 1.04619 0.971935 1.04918 0.95455 0.954602 1.03302 0.968424 1.00387 
0173 0.22455	1.02505 1.05467 0.914786 1.20772 1.13578 1.09052 1.0652 1.32268 0.841684 1.00803 
0174 0.118561	0.773722 0.846501 1.00371 1.07932 1.15675 1.06563 0.999979 0.945672 1.14744 1.29542 
0175 0.235149	0.844402 0.88857 0.959099 0.96388 1.04114 0.998898 1.0341 0.896533 0.936761 0.919654 
0176 0.069263	1.6726 1.22573 1.06835 0.948676 0.934226 0.907881 1.08599 0.793429 1.00082 0.809883 
0177 0.079369	1.13189 0.977951 1.17612 0.813228 0.851325 0.990098 1.00443 0.815108 1.05329 0.899093 
1000 0.194603	0.764154 0.920419 0.952416 1.03345 1.0623 1.09882 1.05709 1.21955 0.875365 1.16011 
1001 0.0600981	1.23511 1.10648 0.918637 1.22909 1.25673 0.967462 0.952413 1.23114 0.883756 0.985926 
1002 0.0719542	1.03403 1.00124 0.952467 1.14266 1.06924 1.04015 1.08355 1.19472 0.973479 1.12932 
1003 0.0609158	1.36941 1.14437 1.06175 0.998008 0.891006 0.957687 0.936268 1.22675 0.929292 0.850689 
1004 0.149632	0.991007 0.955507 0.846193 1.1487 1.18779 1.05884 0.979251 1.40704 0.852903 1.0517 
1005 0.273917	1.0889 0.879412 1.09594 0.771933 0.806485 0.998969 1.01891 0.858559 1.05757 1.01664 
1006 0.126738	1.2016 0.972448 0.971234 0.905598 0.973195 0.882001 0.950843 0.990234 1.12204 1.06531 
1007 0.0621423	1.48277 1.08422 0.985632 1.11538 1.0236 0.88211 0.991967 1.08712 1.07118 1.00255 
1010 0.224896	1.20175 1.16528 1.02175 0.993932 1.07956 0.972606 1.01752 1.12358 0.894869 0.834785 
1011 0.0780083	1.08954 1.09526 0.93902 1.36806 1.22379 0.992003 0.93044 1.36945 0.848117 0.917115 
1012 0.100415	0.77021 0.893605 0.987822 1.0074 1.12698 1.04121 0.979679 1.14893 0.938913 1.14879 
1013 0.13444	0.924026 0.790708 1.04182 0.872053 1.00014 0.96768 1.026 0.874841 1.0753 1.21731 
1014 0.119502	1.08616 0.981141 1.09512 0.860528 0.892098 0.867534 0.973314 0.887769 1.0699 1.02419 
1015 0.102905	1.09553 0.89648 1.01276 0.736229 0.981574 0.837076 0.908438 0.822274 1.04508 0.932084 
1016 0.120332	1.16083 0.995087 0.991113 1.00801 1.08154 0.868455 0.925645 0.995772 0.95328 0.871788 
1017 0.119502	1.77339 1.15779 1.07738 0.949452 0.928529 0.870843 0.951937 0.951184 1.09484 0.766635 
1020 0.0753747	1.03487 0.892184 0.979715 0.998326 0.947636 1.07104 1.05935 0.913237 1.11863 1.12389 
1021 0.082227	1.51257 1.14483 1.0216 0.865653 0.939747 0.91007 1.00908 0.866428 1.02972 0.806407 
1022 0.101071	0.717743 0.905197 0.941059 1.01025 0.943959 1.08771 0.979608 0.906415 1.0104 1.23242 
1023 0.111349	0.950913 1.08221 0.886023 1.29907 1.09607 1.19753 1.04973 1.39025 0.853657 1.13586 
1024 0.162741	1.1653 0.993375 1.08608 0.79343 0.824509 1.00371 0.96438 0.741843 1.09839 0.962676 
1025 0.198715	0.794577 0.917776 0.964167 0.957792 1.00365 1.09973 0.995579 0.985215 0.86524 1.05161 
1026 0.119058	1.09747 0.982577 0.954855 1.13109 1.07649 1.15223 1.0008 1.0675 0.942498 0.963849 
1027 0.149465	1.2336 1.09095 1.0726 0.99125 0.960759 0.971557 0.972376 1.02997 0.979556 1.00722 
1030 0.0560803	1.61723 1.45372 0.887002 1.18867 1.11114 0.879093 1.09227 1.07839 0.978029 0.819656 
1031 0.11098	0.892144 1.11126 0.913044 1.43079 1.15555 1.06581 1.05475 1.33076 0.864615 0.832708 
1032 0.0743802	1.18305 0.984863 1.13689 0.791471 0.784526 0.777139 1.00286 0.756869 1.34846 1.00289 
1033 0.106257	0.843736 1.02459 0.857306 1.22615 1.22473 0.952753 0.923939 1.08483 0.967991 0.95206 
1034 0.158796	1.13194 1.11213 1.02448 1.07814 0.935682 0.880597 1.02102 0.859201 1.09375 0.826265 
1035 0.0779221	1.61998 1.21373 1.00117 0.844683 0.891377 0.776463 0.978462 0.855559 1.15142 0.669399 
1036 0.224321	0.951072 1.08354 0.976014 1.0832 1.02643 1.00006 0.981932 1.11709 0.902175 1.0223 
1037 0.191263	0.859114 0.969357 0.990426 0.972962 0.926381 0.955278 0.972771 0.883011 1.06133 1.01233 
1040 0.117048	1.1426 0.918784 1.08182 0.950727 0.993843 0.897877 0.951913 0.850197 1.21847 1.03373 
1041 0.105368	0.941419 0.766216 1.06102 0.944584 0.983603 1.03189 0.975319 0.873232 1.15346 1.26817 
1042 0.140159	1.16284 1.01148 1.09407 0.854371 0.883623 0.947007 0.972775 0.910396 1.0381 0.876159 
1043 0.138917	0.906977 0.882358 1.07068 0.952763 0.90499 1.09496 1.06954 0.901899 1.00022 1.07116 
1044 0.148857	1.30704 0.928568 1.21934 0.907483 0.850319 0.932323 1.02101 0.833266 1.1268 0.828641 
1045 0.0892147	1.15866 1.00109 1.02 1.07103 1.10612 1.01184 0.928358 1.01036 1.05201 1.05575 
1046 0.097167	0.757802 0.845203 0.996038 1.19846 1.12374 1.20846 1.00989 1.1345 0.951544 1.26995 
1047 0.16327	1.02068 1.11015 0.986683 1.26748 1.15935 1.04939 0.989761 1.14111 0.91497 0.934087 
1050 0.118291	0.809765 0.993601 0.976449 1.12414 1.15285 1.16694 1.03492 1.35018 0.799848 0.99468 
1051 0.0985761	0.767874 0.884927 0.968765 1.01124 1.04293 1.17215 1.04441 1.08104 0.86002 1.21793 
1052 0.2092	1.43584 1.14385 1.10711 0.942644 0.925465 1.01998 0.987817 0.934899 1.03092 0.970978 
1053 0.0596933	1.48881 1.12469 0.815249 1.16492 1.12948 0.913237 0.92609 1.00761 1.06511 0.888823 
1054 0.237678	1.17471 1.0032 1.07071 0.947166 0.973997 1.01963 0.924402 0.872364 1.12506 1.01258 
1055 0.0525739	0.925016 0.87203 0.814554 1.32391 1.37029 1.14228 1.02209 1.07992 0.938175 1.28216 
1056 0.162651	1.17784 1.06688 0.935017 1.1667 1.11297 1.15058 0.96462 1.16673 0.889179 0.989768 
1057 0.0613363	1.04048 0.99323 1.12258 0.827621 0.880409 0.932421 1.02936 0.815817 1.28102 1.02055 
1060 0.218505	0.802229 0.891883 1.11842 0.788088 0.895073 0.917265 1.01918 0.697334 1.24621 1.12106 
1061 0.131317	0.694803 0.745393 0.871665 1.00981 1.0881 1.11153 0.988577 1.03394 0.872033 1.23741 
1062 0.0850534	0.974631 1.05281 1.0387 0.938041 0.961314 0.92105 0.932789 0.831959 1.08804 0.881813 
1063 0.154448	1.02911 1.0337 1.05894 0.901207 0.979821 1.00356 1.01357 0.936813 0.909085 0.827213 
1064 0.148399	0.945669 1.01704 1.00047 1.18456 1.00768 0.97508 1.11391 0.942023 1.00384 1.07435 
1065 0.0565836	0.78339 0.831784 0.943631 1.19765 1.14967 1.07931 1.08549 1.016 1.08388 1.38218 
1066 0.123132	1.23093 1.10723 0.957291 1.263 1.19815 1.00056 1.0473 1.17275 0.906102 0.938627 
1067 0.0825623	1.02709 0.93539 0.895628 0.990341 1.14545 0.895723 0.950297 0.87058 1.16545 1.07793 
1070 0.0890774	0.726758 0.856678 1.00709 0.755613 0.762434 0.882403 1.01659 0.770955 1.07251 1.0612 
1071 0.216331	0.763929 0.989304 0.968391 1.02044 1.03688 0.954998 1.0255 0.976553 1.03278 1.00083 
1072 0.0678685	1.67039 1.4723 1.01974 1.05196 1.01268 0.889845 1.05636 1.05751 0.945647 0.733921 
1073 0.181336	1.17068 1.05821 0.998983 0.928485 1.01519 0.86847 0.967736 0.888585 1.1258 0.979408 
1074 0.148462	0.829372 0.788568 0.954489 1.05829 1.0723 1.06024 1.00765 0.952343 0.999391 1.2744 
1075 0.088017	0.809701 1.05204 0.930045 0.928186 0.969574 0.947394 0.925803 0.958169 0.94038 0.978185 
1076 0.115589	0.728831 0.957754 0.787446 1.18932 1.33875 1.05296 0.971574 1.29074 0.835334 1.20929 
1077 0.0933192	0.621052 0.873607 0.85251 0.972726 1.13404 1.03344 0.968238 1.01068 0.853562 1.04142 
1100 0.0666667	0.814793 0.962504 1.09169 1.11389 0.951818 1.11065 1.05697 1.00232 0.915554 1.06779 
1101 0.101724	1.45547 1.06286 1.19038 0.821134 0.933819 0.875302 0.992953 0.824591 1.29197 0.94138 
1102 0.201149	1.00492 1.10727 0.97335 1.172 1.18006 1.0107 0.937988 1.11297 0.930375 0.877468 
1103 0.058046	1.00822 1.05041 0.995865 1.12788 1.00949 1.03797 1.0932 0.9765 0.938538 1.01341 
1104 0.215517	0.63623 0.885897 0.922866 1.13279 1.06368 1.11262 1.01348 1.00832 0.941396 1.08693 
1105 0.054023	1.05674 1.09929 0.953531 1.17273 1.15544 0.995011 1.09574 1.04412 1.15395 1.06965 
1106 0.128736	1.40808 1.12479 1.04171 1.0611 1.02246 0.912825 0.997483 0.873249 1.04004 0.844086 
1107 0.174138	1.08509 0.949372 1.01396 0.866558 0.891019 0.874048 0.992735 0.883912 1.15375 0.908248 
1110 0.0925466	0.747565 0.914191 0.952564 0.997265 0.937751 1.05694 0.97712 1.03457 0.833848 0.9683 
1111 0.0596273	0.803767 0.923519 0.869788 1.46427 1.27033 1.07052 0.957302 1.28413 0.819147 0.965169 
1112 0.0596273	1.50361 1.04106 1.00603 0.9189 0.99557 0.883691 1.0237 0.836772 1.0009 0.861139 
1113 0.0782609	1.01176 0.809887 1.13673 0.883536 0.872552 1.09477 1.07189 0.919388 0.913601 0.933162 
1114 0.148447	0.844612 0.967419 0.92611 1.04161 0.954488 1.01914 0.979729 1.04217 0.907581 0.913381 
1115 0.192547	0.734256 0.883639 0.935993 1.28129 1.19549 1.09502 1.03349 1.04419 1.02322 1.22186 
1116 0.0801242	1.13373 0.970972 1.01352 1.10678 1.04437 0.972783 0.966901 1.01187 0.952771 0.847534 
1117 0.28882	1.27579 0.936482 0.969354 0.953387 1.00052 0.909752 1.016 0.882822 1.17489 0.928906 
1120 0.217663	0.75047 0.876703 1.00375 0.987589 1.08222 1.00143 0.974521 1.12274 0.877489 0.962594 
1121 0.0978293	0.770001 0.865015 0.901931 1.29406 1.39965 1.06984 1.048 1.28026 0.923017 1.22427 
1122 0.100208	1.22302 0.980883 1.05954 0.835509 0.903836 0.826559 0.924304 0.909579 1.20307 0.852618 
1123 0.0776093	1.55674 1.09276 0.997503 0.919411 0.934098 0.782281 0.962642 0.886771 1.04239 0.674056 
1124 0.0805828	1.02665 0.945951 1.15107 0.827652 0.848831 0.946433 1.06932 0.992921 1.09104 0.909542 
1125 0.0978293	1.21117 1.13807 1.10999 0.989534 0.9661 0.890749 1.0154 0.975672 0.975906 0.907597 
1126 0.197443	0.875365 0.823318 0.988388 0.904542 1.00226 0.869244 0.985911 0.877205 1.10125 1.09899 
1127 0.130836	1.00616 1.15238 1.00263 1.13601 1.0273 0.895943 0.983099 1.14769 0.924146 0.810924 
1130 0.201162	1.0144 0.917796 0.931582 1.00294 1.09157 0.917094 1.0112 0.899826 1.06792 1.06568 
1131 0.043573	0.642863 0.777056 0.974644 0.92151 0.999708 1.04806 0.97566 0.895582 0.985385 1.08403 
1132 0.1939	1.01457 1.06427 0.967518 1.25175 1.10803 0.96859 1.11296 1.07445 1.04301 0.964573 
1133 0.0726216	0.81684 0.814931 0.920428 1.12137 1.28231 1.02241 0.959143 1.17739 0.862226 0.968343 
1134 0.100944	1.43477 0.981293 1.14977 0.912142 0.871887 0.871529 1.00332 0.87898 1.26736 0.917952 
1135 0.189542	0.815911 1.00885 1.06232 0.987189 1.04322 1.01466 1.00673 1.01543 0.947126 1.03851 
1136 0.0646333	0.676448 0.890938 0.944987 1.17068 1.14145 1.08207 1.05074 1.14689 0.835889 1.13091 
1137 0.133624	1.20734 1.14509 1.04045 1.03358 0.938783 0.932574 1.08637 1.1161 0.944901 0.780345 
1140 0.0463158	0.73046 0.815492 0.869948 1.06829 1.4254 0.917702 0.88318 1.05601 1.05366 1.2357 
1141 0.167368	1.14782 0.9863 0.908523 0.892683 1.07009 0.926706 0.905434 0.991409 1.01423 0.712094 
1142 0.0642105	0.727023 0.801738 0.941079 0.914268 1.01222 1.02796 0.890156 0.950711 0.932003 0.910527 
1143 0.222105	0.995746 0.862758 1.02417 0.907628 0.911982 0.913749 1.05317 0.825286 1.12201 0.946879 
1144 0.178947	0.923798 0.971083 0.987644 1.02154 1.01715 1.01106 1.00996 1.0744 0.854457 0.699686 
1145 0.122105	1.46381 1.04335 1.03451 0.740265 0.911042 0.775643 1.00014 0.78586 1.09075 0.80427 
1146 0.146316	0.652486 0.928092 0.857549 1.19546 1.31059 1.23118 1.00359 1.23342 0.723175 0.901006 
1147 0.0526316	1.24585 1.08851 0.877799 1.05905 1.15748 0.921894 1.01977 1.13978 0.73357 0.738715 
1150 0.175604	0.70839 0.978647 0.929578 1.07357 1.15135 1.1929 1.08158 1.20605 0.902763 1.24078 
1151 0.0849796	0.794486 0.962138 0.936435 0.830543 0.920221 0.926446 1.00862 0.91979 0.972779 1.09386 
1152 0.0818438	1.47772 1.00211 1.07964 0.801876 0.913948 0.873337 1.00769 0.638486 1.33946 1.1744 
1153 0.11571	0.959382 1.08649 1.06677 0.898311 0.797686 1.11223 1.09497 1.04565 0.909657 0.972619 
1154 0.151772	1.18521 1.0288 1.00625 1.10522 0.989662 1.14636 1.09007 1.13609 0.937096 0.937867 
1155 0.088429	0.915414 0.843463 1.05014 0.823379 0.864859 1.00587 1.08171 0.869789 1.2556 1.29907 
1156 0.118532	1.50928 1.27822 1.00901 0.981511 0.905472 0.879422 1.05166 0.909639 1.06465 0.768054 
1157 0.18313	1.0599 1.03415 0.875447 1.0603 1.1001 1.00672 1.00411 1.08886 1.00602 1.17681 
1160 0.111869	0.658156 0.783442 0.913816 1.13298 1.26668 1.16203 1.02928 1.15559 0.849832 1.22114 
1161 0.060482	1.30074 1.06356 0.976398 0.946459 1.10453 0.84746 0.990167 0.849574 1.05002 0.996995 
1162 0.140973	0.852176 1.00871 0.99419 1.01913 1.01105 1.06924 1.05114 1.06401 0.848374 0.894102 
1163 0.0686676	0.925354 0.843558 1.08221 0.801607 0.830097 0.889809 0.995551 0.646566 1.17965 1.04657 
1164 0.163711	1.32877 1.19163 1.03434 0.972115 0.866923 0.901459 1.08191 0.901997 0.928732 0.719508 
1165 0.147794	0.850829 0.940005 1.01511 0.871978 0.895837 0.941289 1.04961 0.803346 0.991702 0.866836 
1166 0.0704866	1.69081 1.23273 0.983547 1.07058 0.964489 0.88077 1.08493 0.883166 1.12974 0.716065 
1167 0.236016	0.988315 0.983235 1.0001 1.12119 0.99489 1.01799 1.0555 0.998328 1.0983 1.02929 
1170 0.0988214	1.2489 1.16433 1.04223 0.946201 0.974689 0.896473 1.05969 0.851288 1.04559 0.884734 
1171 0.12602	0.838933 0.955459 0.971832 0.997124 1.04249 1.03339 1.01754 0.842307 0.857396 1.05172 
1172 0.163191	0.927688 0.866662 1.05673 0.850135 1.00024 0.992538 0.919822 0.889401 1.02982 1.11456 
1173 0.0970082	1.06223 1.01618 1.08464 1.10746 1.01125 1.06545 1.08081 1.20412 0.866236 1.12622 
1174 0.208522	1.46044 1.04991 1.09624 0.943294 0.977013 0.911234 0.971974 0.92819 1.13346 0.902256 
1175 0.0462375	0.663542 0.935316 0.93449 1.26796 1.34537 1.0723 0.884095 1.14886 0.995681 1.22446 
1176 0.0834089	0.748678 0.980735 1.06981 1.16219 1.14076 1.12518 0.972865 1.08151 0.907374 1.32396 
1177 0.176791	1.22033 1.24743 1.11836 0.921644 0.921382 0.908689 1.00718 0.88588 0.957179 0.872944 
BOUNDS
LWPS R    0.0  0.0  0.0  0.0  0.0  0.0  0.0  0.0  0.0  0.0
UWPS R    0.5  0.5  0.5  0.5  0.5  0.5  0.5  0.5  0.5  0.5
LXAS R   -0.5 -0.5 -0.5 -0.5 -0.5 -0.5 -0.5 -0.5 -0.5 -0.5
UXAS R    0.5  0.5  0.5  0.5  0.5  0.5  0.5  0.5  0.5  0.5
END
