NAME moment_estimations_cluster
ASSETS 10
BENCHMARKS 0.1 0.1 0.1 0.1 0.1 0.1 0.1 0.1 0.1 0.1 
COVARIANCES
0 0 0.176716
1 0 0.0670721
1 1 0.0285916
2 0 0.0358449
2 1 0.0138082
2 2 0.0109177
3 0 0.00970882
3 1 0.00627628
3 2 0.00156019
3 3 0.00802341
4 0 0.0126006
4 1 0.00594856
4 2 0.00265654
4 3 0.0056799
4 4 0.00810951
5 0 0.0113714
5 1 0.00550976
5 2 0.00642167
5 3 0.00441641
5 4 0.00633938
5 5 0.0127636
6 0 0.0647191
6 1 0.0259137
6 2 0.0159341
6 3 0.00796336
6 4 0.0097998
6 5 0.0114516
6 6 0.0328831
7 0 -0.00681324
7 1 -0.000611962
7 2 -0.00200171
7 3 0.00563322
7 4 0.000848818
7 5 0.00129586
7 6 -0.000475151
7 7 0.0127615
8 0 0.064052
8 1 0.0233272
8 2 0.0163564
8 3 0.00304283
8 4 0.00710833
8 5 0.00825881
8 6 0.0276362
8 7 -0.00635727
8 8 0.0315163
9 0 0.00521684
9 1 0.00105451
9 2 0.00262108
9 3 0.00314101
9 4 0.00584841
9 5 0.00529459
9 6 0.00790462
9 7 0.000558142
9 8 0.00694829
9 9 0.0112491
SCENARIOS
0 0.38077	1.58665 1.18328 1.12203 1.05149 1.0371 1.04637 1.19343 0.973847 1.19135 1.08423 
1 0.61923	0.815446 0.94311 0.964994 1.00026 0.966617 0.979334 0.932223 0.998139 0.921239 0.990725 
00 0.231925	0.506336 0.753866 0.864508 0.91956 0.987296 0.916422 0.802252 1.04474 0.807077 0.923048 
01 0.768075	1.31028 1.03901 1.01601 1.00125 1.03537 0.986236 1.12873 1.03022 1.08262 0.912364 
10 0.605672	1.14824 0.988848 1.01071 1.06306 1.11346 1.05264 1.06999 0.964543 1.08203 1.09358 
11 0.394328	1.13055 0.983301 0.969091 0.932567 0.938184 0.91094 0.93189 1.04494 0.953977 0.900927 
000 0.0977239	1.59843 1.2804 1.21227 1.16192 1.13565 1.24633 1.37605 0.960599 1.2936 1.12665 
001 0.0522025	0.851251 0.936164 0.848886 1.06228 0.907458 0.832053 0.718677 1.1805 0.738153 0.971634 
002 0.139509	2.37116 1.42887 1.16802 1.09942 0.955652 1.16072 1.27048 1.05622 1.27804 0.957702 
003 0.0652248	0.913299 0.927561 0.953267 1.16068 1.08727 1.15888 0.984671 0.912348 0.919091 1.02893 
004 0.235307	1.05319 1.02738 0.95634 0.957926 0.878164 0.919791 0.823765 0.970619 0.970834 0.910043 
005 0.146416	0.755847 0.957427 0.995996 1.13059 0.989548 1.16161 0.961079 1.0779 0.897616 1.09349 
006 0.204054	1.19923 1.17868 1.06015 1.08672 1.04539 1.08649 1.10465 0.944521 1.15006 1.14412 
007 0.0595629	0.440362 0.81849 0.822951 1.00075 0.895401 0.966032 0.696729 1.02988 0.634747 0.960269 
010 0.21155	0.707574 0.933887 1.0445 0.994692 1.03441 1.12994 0.89767 0.973393 0.949627 1.06738 
011 0.0617862	3.08958 1.63356 1.32355 1.0051 1.20127 1.31114 1.56678 0.891255 1.59311 1.05669 
012 0.0973808	1.90141 1.23032 1.14511 1.06097 1.04779 1.10708 1.24119 0.921289 1.31131 1.1842 
013 0.156158	1.23771 1.1239 1.02678 0.945149 0.907086 0.945301 0.954014 1.04069 1.07784 1.08017 
014 0.11352	1.17641 1.2286 1.08506 1.06052 1.18964 1.33143 1.21791 1.08072 1.20798 1.13799 
015 0.209772	0.645815 0.867155 0.909547 0.877235 0.846166 0.97534 0.732454 0.997224 0.807462 0.926762 
016 0.0556315	0.357987 0.626462 0.791507 0.84843 0.828589 0.919104 0.589745 0.996109 0.648574 0.926638 
017 0.0942009	0.909567 1.01508 0.944535 1.15696 1.10827 1.1618 1.09745 1.10214 0.957141 1.2261 
100 0.173524	0.635853 0.853171 0.988251 1.04237 0.984687 1.12284 0.953153 1.16396 0.873843 1.06442 
101 0.0750033	1.38586 1.24168 1.08956 0.991928 1.03118 1.00967 0.991228 1.07768 1.10307 0.887124 
102 0.0515665	1.05928 0.980623 1.0719 1.08621 1.11943 1.23337 1.21716 1.29561 1.12286 1.14223 
103 0.130516	2.39726 1.35323 1.29237 0.973789 1.08912 1.09154 1.52172 1.06487 1.49346 1.04478 
104 0.17531	0.662264 0.868919 0.907645 0.814287 0.891372 0.932007 0.774503 0.895856 0.879433 0.899056 
105 0.161578	0.391183 0.69394 0.790161 0.9877 0.915436 0.988437 0.70511 1.09643 0.66604 0.901105 
106 0.109825	1.58479 1.12991 1.13405 0.962126 1.00263 1.10476 1.21179 1.08361 1.20572 1.06373 
107 0.122677	1.11034 1.05 0.948968 0.977568 1.00498 0.927776 1.01859 0.997177 0.975517 0.972941 
110 0.0802277	1.28704 1.0439 1.01832 0.957375 0.975394 0.980857 0.958924 0.886395 1.14493 0.934476 
111 0.0522156	1.02988 0.998268 1.0055 0.99305 1.04746 0.937287 0.975959 0.929634 1.08028 1.002 
112 0.0656483	0.582714 0.903535 0.924598 1.247 0.983949 0.987262 0.895287 1.30818 0.7152 0.938642 
113 0.14088	2.94261 1.68354 1.1989 1.09708 1.06557 1.0256 1.51314 0.978584 1.4093 1.01352 
114 0.141699	0.681938 0.880653 0.890659 0.996405 0.998046 0.875029 0.804873 0.969259 0.803611 0.925181 
115 0.234868	1.43173 1.2904 1.11544 1.09213 1.01686 1.01858 1.20253 1.01823 1.10354 1.03614 
116 0.157957	0.400683 0.670377 0.813046 0.921943 0.872678 0.950974 0.705738 1.04665 0.648777 0.923664 
117 0.126505	0.728515 0.89874 0.997319 0.920744 0.879588 1.01889 0.808612 0.94337 0.890774 0.871732 
0000 0.10197	0.907491 1.02284 0.900369 1.17806 1.15397 1.10243 1.13959 1.19149 0.974412 1.25258 
0001 0.123986	1.56956 0.921641 1.18464 0.789771 1.02041 1.25608 1.1462 0.706347 1.35421 1.05412 
0002 0.205098	0.653049 0.830527 0.848317 1.04386 1.01995 0.955974 0.824511 1.18677 0.786383 1.01223 
0003 0.0683662	1.0256 0.926141 0.913033 0.838589 0.906923 0.830658 0.895801 0.80195 1.1636 1.10555 
0004 0.119351	1.16988 1.058 0.996153 1.13268 1.0437 1.07589 1.06633 1.15787 1.05449 0.986491 
0005 0.186559	1.37012 0.976778 0.929682 0.900326 1.01739 1.05549 1.0954 0.987652 1.09808 1.15276 
0006 0.119351	1.01687 0.956766 0.972781 0.83344 0.821237 0.831564 0.967392 1.11752 1.04073 0.988601 
0007 0.0753187	0.774937 0.937421 0.772659 1.02426 0.938777 0.778827 0.718932 1.05023 0.687309 1.008 
0010 0.130152	1.52012 1.25845 1.05958 0.908689 0.92228 1.04286 1.14425 0.819759 1.21095 0.85945 
0011 0.0455531	0.842499 1.17259 1.0599 1.01677 0.933676 1.18119 0.987869 0.943451 0.835136 0.766342 
0012 0.0997831	1.37916 1.14342 0.929163 0.928462 0.905128 0.885581 1.07323 0.955363 1.05302 0.826957 
0013 0.18872	0.569767 0.887511 0.892119 0.797699 0.925521 1.05056 0.850865 0.849265 0.886675 0.845911 
0014 0.164859	0.869763 1.03085 1.01357 0.946341 1.07058 1.06329 1.13202 0.792443 1.15013 1.05709 
0015 0.0759219	0.643435 0.894964 0.836257 0.998972 1.01656 1.0099 0.823761 1.06198 0.854601 0.954529 
0016 0.136659	1.16752 1.18578 1.02929 1.22731 0.969913 1.15908 1.16766 1.13124 0.975416 0.830894 
0017 0.158351	1.99479 1.44032 1.13205 1.13654 1.28528 1.2387 1.57955 0.927954 1.39652 1.02587 
0020 0.149351	1.29546 1.15671 1.0336 0.995393 0.992564 0.880971 1.15014 0.883387 1.04271 0.882134 
0021 0.199675	0.887476 0.994851 1.00924 0.887523 1.02464 0.909191 0.949824 1.00002 0.949327 1.09132 
0022 0.0836039	1.06527 0.969326 1.08594 1.07043 1.14239 1.10986 1.2573 1.00627 1.14438 1.11848 
0023 0.0819805	0.861194 0.824007 0.926111 0.773465 0.943274 0.800018 0.7725 0.689694 0.984234 1.11858 
0024 0.0746753	0.640182 0.679197 1.03894 0.693347 0.960117 1.06652 0.911047 0.653813 1.0452 0.961504 
0025 0.175325	2.00233 1.18766 1.16413 0.955551 1.07095 0.966705 1.23166 0.851014 1.40103 0.902464 
0026 0.193182	0.532262 0.871819 0.788923 0.989796 1.02161 0.739635 0.742255 0.950234 0.721821 0.845609 
0027 0.0422078	0.676007 1.03294 0.924706 1.14599 1.12306 0.807784 1.0114 1.05416 0.779092 0.950303 
0030 0.164931	0.750245 1.0953 0.755668 1.10106 1.10804 0.82969 0.781342 1.17206 0.793084 0.953831 
0031 0.0868056	1.18807 1.15654 1.01804 1.23469 1.10979 1.16406 1.30706 1.38015 1.05884 1.10075 
0032 0.0538194	0.86781 1.06842 1.00394 0.874147 0.954811 1.05814 0.933232 0.85299 1.07779 1.07557 
0033 0.251736	1.05466 1.09163 0.976537 0.90296 1.00928 1.0366 1.00961 1.02751 1.01289 0.912087 
0034 0.130208	1.53635 1.27215 1.04665 0.917944 0.961808 0.901532 1.07557 0.934869 1.09417 0.977203 
0035 0.0850694	1.64036 1.19534 1.18341 1.02745 1.18111 1.13841 1.35644 1.14167 1.29168 1.31384 
0036 0.0850694	0.762541 1.07461 0.910859 1.18861 1.23728 0.975124 1.15499 1.15351 1.16795 1.3014 
0037 0.142361	0.44022 0.802894 0.889199 0.93556 0.996254 1.09554 0.889178 0.947861 0.867511 1.03373 
0040 0.188162	0.842631 0.880043 0.941555 0.87131 0.975863 0.944876 1.00013 0.937385 0.87347 0.857019 
0041 0.0466795	1.44661 1.14464 1.0049 1.00326 1.16586 1.028 1.28355 0.905821 1.03683 0.967805 
0042 0.1718	0.681282 0.806938 0.902835 0.953015 1.03703 1.13739 0.86385 0.919727 0.921309 1.11723 
0043 0.0861405	0.978949 1.12488 1.05037 1.17899 1.05358 1.15025 1.11769 1.29192 0.957966 1.0862 
0044 0.116939	1.33319 1.03611 1.07189 0.843515 0.850503 0.991268 0.943353 0.719163 1.09555 1.03436 
0045 0.111646	2.28299 1.54737 1.26259 0.953471 1.0435 1.13419 1.37076 0.854048 1.25904 0.919236 
0046 0.121752	1.22322 1.05337 1.15792 0.920869 1.16769 1.20665 1.24495 0.808517 1.19372 1.14526 
0047 0.156882	0.501102 0.76624 0.926825 0.800121 0.83396 0.869335 0.69419 0.905361 0.729321 0.933573 
0050 0.109822	1.19246 1.08279 0.935979 1.12288 0.969299 0.883016 1.0978 1.30193 0.90692 1.00363 
0051 0.0757927	1.29321 0.983228 1.07453 0.958893 1.06344 1.08516 1.13416 0.864101 1.15118 1.06758 
0052 0.133797	0.926793 0.908191 1.01291 0.878015 1.02495 1.10925 0.998732 0.888244 1.13311 0.969741 
0053 0.178654	0.822068 1.01418 0.895752 1.00497 0.939445 0.871758 0.795512 1.25289 0.764639 0.927704 
0054 0.0750193	0.569811 0.765095 0.913135 1.01484 1.13854 1.09011 0.894983 1.17972 0.748744 1.10312 
0055 0.181748	1.24602 1.13513 1.00495 1.00555 0.972458 0.951336 1.03636 1.11121 0.997709 0.971135 
0056 0.135344	0.640888 0.794161 0.888864 0.891232 1.01718 0.93273 0.791481 0.901094 0.844823 0.86207 
0057 0.109822	2.47942 1.48498 1.18299 1.05757 0.948062 1.10627 1.37398 1.02238 1.26873 0.901052 
0060 0.0660377	1.59515 1.01513 1.04271 0.912647 0.852941 0.911724 1.00034 1.12259 0.97998 0.866435 
0061 0.238069	0.80079 0.845702 1.01244 1.00433 0.969388 1.07148 1.00695 1.08149 0.960981 1.0134 
0062 0.173696	1.59581 1.01542 1.20636 1.03064 1.00593 1.21187 1.23699 1.08446 1.12244 1.0813 
0063 0.0554939	1.84799 1.18508 1.29949 0.895901 1.10362 1.31808 1.22542 0.819226 1.39949 1.06098 
0064 0.0577137	0.850635 0.930415 1.00743 1.17736 1.1497 1.25226 1.15799 1.32223 0.971644 1.02681 
0065 0.154273	1.30944 0.939901 1.15552 0.745263 0.885234 1.0605 1.00805 0.71641 1.23145 0.880925 
0066 0.182575	0.688308 0.809641 0.913332 0.957595 0.876048 1.01523 0.754186 1.10076 0.782528 0.861047 
0067 0.0721421	1.03386 0.850747 1.08677 0.938581 0.925448 1.01465 0.935232 1.12223 0.931939 0.783835 
0070 0.195817	1.10656 0.910723 0.855319 1.06616 1.1131 0.884418 1.00796 1.19236 0.848021 0.899285 
0071 0.157795	0.6441 0.744842 0.990149 0.916377 0.933736 1.04232 0.918749 1.0469 1.00228 0.9395 
0072 0.13308	0.553042 0.830936 0.876662 0.867875 0.830994 0.742487 0.778347 0.911554 0.926823 0.938664 
0073 0.0646388	0.612548 0.846168 0.934475 1.33793 1.18224 1.09926 0.99947 1.42707 0.929204 1.05931 
0074 0.0513308	1.23778 0.911952 0.972406 0.744446 0.827311 0.822418 0.660994 0.69351 1.00941 0.609641 
0075 0.0627376	1.34435 1.07077 0.929045 1.08661 1.10735 0.997098 1.10637 0.897653 1.05747 1.07995 
0076 0.231939	1.073 1.02473 1.06167 1.0294 1.14781 1.07611 1.25366 0.929779 1.37165 1.03674 
0077 0.102662	1.85877 1.12642 1.02403 0.913357 0.974503 0.925495 1.08771 0.761084 1.38908 0.922013 
0100 0.125586	0.742858 0.845117 0.971575 0.873578 1.01573 1.11193 0.982961 0.82559 1.10841 1.17422 
0101 0.168903	0.47538 0.81512 0.859543 0.951346 0.993369 0.926576 0.781674 1.10909 0.787832 0.990433 
0102 0.166155	0.90103 0.87529 0.921332 0.885441 0.829658 0.822213 0.852126 1.02662 0.906595 0.874344 
0103 0.0371747	1.11568 1.02854 1.08355 0.969893 0.796018 1.06435 1.09386 1.31142 0.829883 0.818139 
0104 0.15274	1.81219 1.05721 1.05837 0.895394 0.894172 0.984911 1.10892 0.987428 1.24145 0.958343 
0105 0.14983	1.49 1.02065 1.02627 1.11249 1.25877 1.15478 1.31627 1.08218 1.21007 1.11087 
0106 0.0997252	1.16451 1.08599 0.947851 0.99064 0.966613 0.921989 1.04306 0.874339 1.02652 1.01622 
0107 0.0998869	0.867095 1.06109 0.960087 1.23909 1.07624 1.1957 1.09235 1.25635 0.929758 1.03008 
0110 0.119535	1.15126 1.01363 1.05286 0.982737 0.988942 1.04381 1.10117 0.946181 1.21303 1.38705 
0111 0.110681	1.32133 1.14436 0.96942 1.04601 0.912664 0.846076 1.03036 1.13639 0.932679 0.973566 
0112 0.114001	1.76688 1.25684 1.00642 1.21642 0.89663 0.831412 1.18951 1.03301 1.24021 0.994324 
0113 0.0769231	1.04342 1.13649 1.05007 1.05034 0.851569 0.885337 1.01597 1.19258 0.892909 0.894652 
0114 0.0680686	2.68867 1.35658 1.10167 1.12907 1.00052 0.929635 1.27744 0.860742 1.38016 0.96115 
0115 0.26176	0.547106 0.71648 0.885607 0.915272 0.872017 0.887655 0.870056 1.11366 0.831156 1.21653 
0116 0.102933	0.895707 1.04824 0.918745 1.06613 0.839297 0.827616 0.980427 0.988663 0.867006 1.02895 
0117 0.146099	0.833566 0.889243 0.823931 0.986809 0.7902 0.671922 0.74741 1.09075 0.81297 1.13557 
0120 0.102177	0.843203 0.97616 1.01237 0.912298 0.960543 0.887298 0.838483 0.934058 0.955559 1.00852 
0121 0.134129	1.01505 1.07986 1.14057 0.916704 1.04082 1.1632 0.997664 0.792386 1.08025 0.938641 
0122 0.0884831	0.744355 1.1393 1.00776 1.16417 0.961934 1.07025 1.08707 1.05418 0.988781 1.09392 
0123 0.102528	0.456931 0.774154 0.964196 0.959812 0.967391 0.964819 0.816185 1.15471 0.891307 0.833632 
0124 0.103933	0.668733 0.907327 0.948983 0.987865 0.928952 0.976778 0.863857 1.17261 0.775472 0.944336 
0125 0.0695225	1.19466 1.0098 0.970495 0.911878 0.907911 0.789567 0.892221 1.29909 0.830246 0.829204 
0126 0.199438	1.62119 1.39178 1.0274 1.03781 1.01262 0.997633 1.15942 1.12331 0.998522 0.901169 
0127 0.199789	1.47399 1.35725 1.27888 1.05479 1.16779 1.17406 1.29244 0.935184 1.34948 0.872135 
0130 0.20035	0.657344 0.803722 1.00262 0.88122 0.922335 1.0197 0.85167 0.754349 0.90899 0.973097 
0131 0.194438	0.939795 0.914644 1.09218 0.941001 1.04272 1.0428 1.01963 0.914351 1.0975 1.01398 
0132 0.0562733	1.41304 1.25926 1.17341 1.21415 1.12232 1.30284 1.26957 1.08617 1.15058 0.906126 
0133 0.0545216	2.58025 1.41212 1.18294 0.949922 1.05685 1.00824 1.32488 0.7537 1.38235 0.887585 
0134 0.230786	1.42401 1.11921 1.17415 0.977221 1.01808 1.09089 1.10052 0.768809 1.24579 0.967603 
0135 0.13291	1.02153 1.03928 0.982239 0.969891 0.932548 0.950493 0.947027 1.05366 0.857151 0.733658 
0136 0.0720385	0.653432 0.998516 0.804983 0.971068 0.955434 0.816425 0.718506 0.97755 0.678957 0.752612 
0137 0.0586818	1.98925 1.43949 1.05497 1.14362 1.16334 1.24584 1.29002 1.10333 1.13349 0.962442 
0140 0.149699	0.506781 0.753378 0.970441 0.935712 0.815206 0.919353 0.75063 0.802959 0.798361 0.995782 
0141 0.0641566	1.47381 1.19935 1.05916 1.29985 0.858028 0.886384 1.10434 0.996754 0.853422 0.907312 
0142 0.0587349	1.02965 0.854306 1.14459 1.01534 1.03908 0.965878 1.07748 0.779805 1.2911 1.28744 
0143 0.123494	1.21328 1.07422 1.12821 0.989685 1.03172 1.12566 1.26848 0.873724 1.17276 1.14505 
0144 0.206024	0.894312 0.728606 0.999724 0.916332 0.841677 0.921686 0.886331 0.857256 0.907362 1.0763 
0145 0.0626506	2.54202 1.25099 1.25504 1.05082 1.03817 1.14714 1.37634 0.866849 1.32435 1.25659 
0146 0.181325	0.83913 0.827343 0.956286 1.22931 0.981258 0.967202 1.07205 1.21657 0.863767 1.02854 
0147 0.153916	1.55545 1.15104 0.993703 1.03835 1.08412 0.97563 1.19083 1.00258 1.05824 0.999146 
0150 0.286064	1.73701 1.23466 1.05637 1.10909 1.22052 0.910276 1.32537 0.861495 1.2115 0.954227 
0151 0.0922575	0.803952 0.970247 0.863692 1.18362 1.0219 0.936527 0.929508 1.19483 0.783431 0.847939 
0152 0.0859006	0.577504 0.901076 0.896721 1.23082 1.10777 1.08694 0.981075 1.1298 0.863871 1.09227 
0153 0.125672	0.943126 1.15844 1.06248 1.18099 1.11702 1.0398 1.08877 1.17828 1.00591 1.09755 
0154 0.118826	0.802905 0.855415 1.01285 0.986188 1.00715 1.06876 1.01601 0.737577 1.05423 1.01919 
0155 0.135126	1.03577 0.931734 0.8891 1.03275 1.12212 0.767442 0.94298 0.875369 1.02853 1.12496 
0156 0.0611247	1.3974 1.08936 0.935036 0.943701 0.908438 0.708697 0.883267 0.721961 0.984395 0.768156 
0157 0.0950285	0.459797 0.655789 0.80608 0.93288 1.04281 0.981947 0.778772 0.963782 0.760515 1.02492 
0160 0.16595	1.13505 1.12458 1.05434 0.99044 0.952563 1.00271 1.13106 0.816489 1.16323 0.95675 
0161 0.159189	0.791525 0.837064 0.996595 0.935304 0.967445 0.967648 0.875572 0.905689 0.950783 0.983069 
0162 0.104487	0.49778 0.881061 0.863414 1.18665 0.999203 1.02607 0.877182 1.19707 0.758333 1.07161 
0163 0.07437	0.90546 1.01748 0.907873 1.06059 0.883772 0.711287 0.804028 1.17944 0.769399 1.05453 
0164 0.196681	2.01505 1.37675 1.1495 1.00509 1.16348 0.910275 1.2202 0.922028 1.33803 1.06533 
0165 0.15673	0.97501 1.00557 1.05252 1.07322 1.11602 1.11809 1.22389 1.16705 1.03984 1.19846 
0166 0.0964966	1.26062 1.51863 0.952902 1.22075 1.14133 0.947236 1.09961 1.24999 0.900281 1.0074 
0167 0.0460971	0.613971 1.03853 0.930088 1.22468 1.39249 1.21196 1.06963 1.06056 0.912907 1.24831 
0170 0.134301	0.926308 1.01911 0.909251 0.848131 0.908678 0.827309 0.839523 0.948561 0.925401 0.91931 
0171 0.0638838	0.834919 0.916754 1.07938 0.926608 1.09903 1.17995 1.10891 0.95518 1.27034 1.14108 
0172 0.101996	0.862434 1.05053 1.02858 1.06244 0.911438 1.02886 0.99671 1.06664 0.911262 0.949345 
0173 0.0787659	0.630017 0.954432 0.994793 1.14408 1.03374 1.04883 0.934681 1.17972 0.871794 1.06246 
0174 0.217786	1.58823 1.3866 1.18678 0.999858 1.09679 1.17504 1.29575 1.06626 1.25067 0.981462 
0175 0.149183	1.50753 1.2509 1.06555 0.910149 0.851098 0.947675 0.991253 0.982178 1.04945 0.764419 
0176 0.131397	0.987117 1.0261 1.06524 0.988449 1.02226 1.08915 0.948109 0.948843 1.12081 0.996378 
0177 0.122686	0.526996 0.788482 0.895302 0.861131 0.962572 0.880617 0.730287 1.00751 0.839444 0.996896 
1000 0.0499385	1.50851 1.08421 1.08465 0.927952 1.1084 1.21571 1.18762 0.774247 1.38411 1.0447 
1001 0.13153	0.82481 0.840449 0.955573 0.8363 0.898196 0.931752 0.777979 0.936759 0.833963 0.892318 
1002 0.130762	1.4805 1.10098 1.02166 1.04699 0.913622 0.867518 0.975363 1.05099 1.10485 1.00319 
1003 0.13445	2.29127 1.35905 1.14272 1.025 1.1129 1.1156 1.36912 1.08103 1.2743 0.995862 
1004 0.177935	0.803352 0.855725 0.829351 0.898636 0.922348 0.801869 0.833733 1.02942 0.868886 0.933625 
1005 0.0997234	0.942375 0.798856 1.04034 0.764738 0.943438 1.034 0.838367 0.824953 1.10499 0.936734 
1006 0.0754456	1.72411 1.19179 1.15636 0.83164 0.947028 0.880322 1.04518 0.773056 1.29649 0.887524 
1007 0.200215	1.14396 1.13717 0.990507 0.996224 1.09706 1.05096 1.02839 1.06646 0.971546 0.966338 
1010 0.0970494	0.860398 0.949414 0.914907 1.12321 0.912479 1.03355 1.01988 1.18469 0.821174 0.960178 
1011 0.147885	2.12897 1.10179 1.16752 1.03989 0.926974 0.936731 1.24171 0.925923 1.28621 0.949822 
1012 0.132243	1.23211 0.922085 1.02285 0.758375 0.788353 0.853496 0.920634 0.830206 1.03774 0.928623 
1013 0.22716	0.984677 0.924716 1.01795 0.866451 0.937727 1.09188 1.05449 0.847081 1.06781 0.952583 
1014 0.0767863	1.4421 1.15606 1.13102 1.05418 0.944773 1.03387 1.22668 0.946783 1.19572 1.05557 
1015 0.114113	0.807878 0.951332 0.889102 1.25906 1.14015 1.01932 1.066 1.00418 0.909203 1.07151 
1016 0.157483	0.543746 0.708792 0.882597 0.95975 0.831744 0.993721 0.802116 0.909851 0.790944 0.96411 
1017 0.0472805	1.16227 1.03989 1.05871 1.12702 1.00174 1.3166 1.20152 1.1258 0.930439 1.05224 
1020 0.149948	0.916286 1.08725 0.940957 1.11066 1.00673 0.864502 0.965828 0.99239 1.02364 1.05098 
1021 0.0444674	1.34294 1.04903 0.977066 0.916762 0.833717 0.911293 1.00371 0.864058 1.07635 1.04266 
1022 0.179938	0.597688 0.786891 0.826295 0.843649 0.909999 0.84869 0.721643 0.730561 0.83551 0.97558 
1023 0.0853154	1.02982 1.11158 1.10247 1.09737 1.11547 1.22827 1.14431 0.850968 1.0989 1.17735 
1024 0.0460186	0.675462 1.1389 1.00217 1.29743 1.25298 1.23803 1.14696 0.86275 0.901489 1.30117 
1025 0.205791	1.66679 1.37659 1.20522 1.14033 1.09543 0.993209 1.22178 0.758221 1.44399 0.973107 
1026 0.204757	1.28399 1.35685 0.928391 1.08924 1.08331 1.05098 1.07363 0.866218 1.00971 0.944726 
1027 0.0837642	0.607958 0.958902 0.961031 1.0501 0.906983 1.03086 0.930459 1.04771 0.810107 0.852892 
1030 0.229622	1.54267 1.31908 1.10834 1.0372 0.964243 1.17402 1.08526 0.936101 1.20761 0.879438 
1031 0.163228	0.933604 1.11166 0.977638 1.21832 1.05339 1.18789 1.0612 1.12565 0.88568 1.0244 
1032 0.0884576	0.845036 0.957102 1.00224 0.979955 0.990883 1.13712 1.03439 1.0492 1.08213 0.959994 
1033 0.06762	0.48839 0.828414 0.910789 0.836498 0.860262 0.906062 0.72274 0.830903 0.825371 0.904796 
1034 0.212666	0.743739 0.979164 0.922792 1.00706 0.941198 0.868534 0.849832 0.870286 0.87494 0.964312 
1035 0.0935649	2.58263 1.5463 1.1394 0.955655 1.00671 1.08982 1.37817 0.774445 1.39427 0.928233 
1036 0.0604699	0.342615 0.802068 0.790114 1.06082 0.862087 0.971301 0.7108 1.08964 0.616579 1.01587 
1037 0.0843718	0.669088 0.921964 0.820481 1.0567 0.925386 0.953514 0.814915 1.00038 0.831876 0.971455 
1040 0.0650951	2.35845 1.43723 1.26815 1.21676 1.0311 1.05483 1.53343 0.866609 1.39281 0.986772 
1041 0.122129	0.526752 0.742086 0.853987 0.912315 0.846274 0.726567 0.774942 1.03333 0.74252 0.889934 
1042 0.102662	1.73752 1.09235 1.18073 1.05824 1.07354 1.04312 1.24666 0.858692 1.39308 1.04389 
1043 0.146464	0.67652 0.937007 1.05062 0.869822 0.824361 0.941471 0.889006 0.954265 0.927157 1.03585 
1044 0.150875	1.16785 1.0714 1.02644 1.22991 1.15071 1.14923 1.08722 0.991553 1.08063 1.06449 
1045 0.104335	0.920907 1.01719 0.955558 1.14508 0.99621 0.916609 0.889205 1.28068 0.928147 1.00388 
1046 0.223726	1.42766 1.07378 1.00708 0.986503 1.01751 0.88652 1.02263 0.95449 1.10585 1.00412 
1047 0.0847148	1.05607 1.07071 0.904244 1.06946 0.953851 0.839271 0.941105 1.00895 0.888712 0.896283 
1050 0.14637	1.00016 1.11767 1.0311 1.00997 1.12199 1.1532 1.03438 1.0086 0.933094 0.962533 
1051 0.212211	1.34148 1.05455 1.03988 0.782345 0.946611 0.798697 0.88064 0.881077 1.0973 0.991816 
1052 0.070297	1.14577 1.1316 1.19937 1.01857 1.03536 1.33289 1.12736 0.993798 1.1919 0.989449 
1053 0.0971947	0.773483 0.919632 0.930618 0.846814 1.07534 1.06731 0.830507 1.04463 0.934467 1.2781 
1054 0.100165	0.843147 0.994512 1.00643 1.13501 1.1013 1.04584 1.01847 1.30373 0.908582 1.11643 
1055 0.0889439	1.50303 1.24049 0.966135 1.03577 1.04363 0.820231 1.11467 1.10339 1.04872 1.19545 
1056 0.119967	1.57472 1.27277 1.11774 1.1318 1.21165 1.15733 1.28579 1.01373 1.3255 1.35545 
1057 0.164851	0.483863 0.751255 0.857495 0.862839 0.945122 0.864799 0.699156 0.958182 0.78318 1.01286 
1060 0.0616655	0.633011 0.923984 0.909605 1.0772 1.04871 0.965117 0.962247 1.0479 0.922984 1.01576 
1061 0.164118	0.95064 1.1868 1.02856 1.01801 0.883025 0.977087 1.045 0.942398 0.925947 0.922234 
1062 0.111192	1.25481 1.17353 0.937935 1.05078 0.954092 0.774735 0.921231 0.965553 0.94302 0.839877 
1063 0.184754	0.995531 1.07525 0.992644 0.874863 0.990221 0.922714 0.912871 0.765104 1.13366 0.917959 
1064 0.0551105	0.558994 0.837817 1.03447 0.79564 0.787768 0.91548 0.755961 0.782426 1.01381 0.874828 
1065 0.211459	1.77507 1.37313 1.16578 0.963878 1.06033 1.00875 1.26349 0.902618 1.23603 1.05541 
1066 0.0473416	0.801216 1.03385 1.09331 1.01905 1.06067 1.30589 1.06331 0.963019 0.977312 1.03185 
1067 0.16436	0.554971 0.810077 0.898301 0.944967 0.969674 0.964162 0.721276 0.99897 0.792565 1.0121 
1070 0.193654	0.709282 0.939588 0.971944 0.899716 0.835157 0.871042 0.789472 1.093 0.884336 0.929438 
1071 0.185394	0.973095 1.00212 0.986538 0.872869 0.784328 0.846545 0.895876 0.970717 1.02063 0.920858 
1072 0.178874	0.952397 0.962671 1.01551 0.972873 0.931303 1.04797 1.02413 1.00174 1.01581 0.991819 
1073 0.0649859	1.49112 1.27208 1.07228 1.05175 0.954219 1.06335 1.12561 1.20501 1.04515 0.882705 
1074 0.138013	2.18699 1.20548 1.17009 0.864855 0.91806 1.0081 1.19995 0.887984 1.31128 0.907768 
1075 0.0393393	1.27405 1.2375 1.07801 1.14208 1.00384 1.03844 1.19145 1.40906 1.06669 1.12782 
1076 0.107585	0.715272 0.972419 0.931481 1.1451 0.952693 1.00952 0.902182 1.27849 0.834551 1.00285 
1077 0.0921539	1.19678 1.15977 1.11791 1.05264 0.975331 1.15809 1.27799 1.00917 1.29381 1.06142 
1100 0.128637	1.03883 1.0175 1.02017 0.92291 1.04484 1.04551 1.07028 0.85111 0.970315 1.25744 
1101 0.0796325	0.892059 1.03633 0.971389 0.868244 0.935965 0.869741 0.918562 0.822733 0.961417 1.04473 
1102 0.106687	2.2889 1.31534 1.15665 0.971056 0.881209 0.97717 1.32006 0.868714 1.42664 0.97256 
1103 0.104135	0.723788 0.917975 0.905207 0.922036 0.872289 0.841382 0.838842 0.944096 0.856525 0.880469 
1104 0.130679	0.6042 1.02857 0.983396 0.966392 0.93232 1.10649 0.932768 0.993355 0.801413 0.941312 
1105 0.148545	1.0948 1.06676 0.975741 0.986401 0.865609 0.925111 0.950669 1.14835 0.896991 0.80088 
1106 0.0801429	0.627237 0.887401 0.862883 1.10165 0.909878 0.796958 0.788385 1.0739 0.641581 1.06108 
1107 0.221542	1.31517 1.15015 1.17499 0.878498 0.975355 1.07845 1.20961 0.769967 1.10999 0.878551 
1110 0.0909804	1.93299 1.30947 1.12861 1.07992 0.986709 1.0701 1.3794 1.00773 1.19389 0.909727 
1111 0.115294	1.23797 1.07823 0.986628 1.08699 0.981016 1.02227 1.26345 1.07724 1.00423 1.0549 
1112 0.117647	1.19568 1.20975 1.12654 1.08963 0.971978 1.11564 1.34048 1.01025 1.20492 1.04721 
1113 0.0917647	1.05426 0.969048 0.983229 0.987855 0.880022 0.783505 1.01234 1.001 0.92707 1.00878 
1114 0.190588	0.895606 0.956054 0.990175 0.957878 0.967477 1.04256 1.02359 0.811063 0.991807 0.972214 
1115 0.119216	0.573117 0.762924 0.907883 0.861737 0.746627 0.77497 0.724272 0.989625 0.786422 0.985289 
1116 0.0596078	1.08685 0.958069 1.01615 0.840862 0.76809 0.83042 0.975757 0.811312 1.02479 0.886004 
1117 0.214902	0.624048 0.85747 0.911088 1.01551 0.885606 1.00008 0.940704 1.08576 0.781246 0.876723 
1120 0.152838	0.822123 1.02584 0.952505 1.02446 1.12479 1.18676 1.06029 1.2007 1.04226 1.22864 
1121 0.0873362	1.18401 1.15093 1.02733 1.05403 1.10981 1.32746 1.10071 0.854611 1.19919 0.989785 
1122 0.169682	1.52349 1.16747 0.950696 1.04402 1.23995 1.03279 1.03812 0.973762 1.0724 1.06054 
1123 0.0917031	1.97657 1.17183 1.11122 1.02608 1.10092 1.16347 1.26246 1.04279 1.31829 0.957105 
1124 0.181535	1.0332 0.955729 0.995652 0.822606 0.92104 1.09107 0.872046 0.96056 1.02557 0.973101 
1125 0.20025	0.512819 0.774809 0.82752 0.919119 0.944701 0.873369 0.761583 1.02291 0.768022 1.02047 
1126 0.0492826	3.20593 1.51066 1.16243 1.00162 1.235 1.18708 1.3898 1.08906 1.57215 0.981916 
1127 0.0673737	1.20045 0.931435 1.00173 0.896417 1.09296 1.03698 0.97177 0.898159 1.24846 0.911412 
1130 0.109884	0.98167 0.950972 1.10766 0.863279 1.01206 1.12795 0.840317 0.780766 1.19135 1.0617 
1131 0.12093	0.472501 0.744721 0.832645 1.00804 0.937284 0.843675 0.683904 1.02299 0.74487 1.01617 
1132 0.0622093	0.481143 0.70074 0.988877 1.02997 1.03606 1.32392 0.815671 1.0032 0.926666 1.07045 
1133 0.0610465	0.716252 0.826524 0.914368 0.926487 0.985756 0.92828 0.806237 0.781795 0.85801 0.948687 
1134 0.149709	1.09605 0.992581 1.21098 1.15281 1.15954 1.30258 1.17277 1.02948 1.16917 1.32578 
1135 0.275581	1.90595 1.05567 1.09142 1.14146 1.17855 1.04507 1.23651 0.923072 1.30716 1.12418 
1136 0.0799419	0.710573 0.760688 0.976753 0.89516 0.953516 0.961401 0.764069 0.970908 0.962962 1.07858 
1137 0.140698	0.9174 0.860965 0.920402 1.02317 1.06184 0.993122 0.860745 0.999958 0.858731 1.00982 
1140 0.0754335	1.29439 0.959763 0.948369 1.05523 1.1612 0.983008 1.0758 1.00853 1.09802 1.2116 
1141 0.143353	1.52598 1.21395 1.11306 1.11298 0.997289 1.06165 1.15773 1.09471 1.1508 1.03382 
1142 0.0858382	1.38315 1.1501 1.06716 1.11771 1.20352 1.14259 1.15913 1.06036 1.23074 1.18859 
1143 0.0696532	0.776476 0.781935 0.912232 0.860948 0.919392 0.934225 0.81453 0.963009 1.02695 1.05169 
1144 0.0916185	0.819234 0.899882 1.02723 0.968607 1.05304 1.11089 1.06523 0.846205 1.12907 1.2892 
1145 0.25896	0.668662 0.879917 0.920718 1.00437 1.00225 1.06071 0.980215 1.0157 0.881014 1.07618 
1146 0.2	0.770223 0.778419 0.875343 0.885657 0.775606 0.822198 0.747167 0.933971 0.87942 1.01993 
1147 0.0751445	2.3587 1.37004 1.15079 1.04772 1.05734 1.02807 1.39018 1.14748 1.31051 1.20553 
1150 0.0742807	0.499713 0.767408 0.824348 1.01266 1.1117 1.10026 0.841803 1.06096 0.755101 0.853546 
1151 0.089102	0.867924 0.921413 0.957728 1.11666 1.14828 1.24808 1.05036 1.03002 0.903233 1.12965 
1152 0.225283	1.81101 1.11885 1.09847 0.936114 1.00318 0.949635 1.12995 0.898896 1.26605 0.902671 
1153 0.0955536	0.812702 0.797183 0.977124 0.975418 1.06514 1.07708 0.975143 1.00145 1.06693 0.970878 
1154 0.211334	1.31902 1.11212 1.09332 1.13128 1.1314 1.22887 1.19204 1.13803 1.14173 1.0131 
1155 0.125719	0.932751 0.874207 0.993927 0.964356 0.945599 0.898975 0.899711 1.00078 0.934184 0.966765 
1156 0.0596338	0.579393 0.81534 0.884654 1.14451 1.16982 1.12699 0.927158 1.26089 0.867975 1.11812 
1157 0.119093	0.586913 0.75329 0.8273 1.04577 0.950909 0.933927 0.716238 1.19859 0.667221 0.91989 
1160 0.0712989	1.07189 1.1586 1.14882 1.21845 1.20252 1.2529 1.13459 1.07735 1.2346 1.22361 
1161 0.214156	0.650796 0.939897 0.986594 1.18881 1.11473 1.04886 0.989889 1.10425 0.935852 1.04113 
1162 0.0767436	1.46982 1.23228 1.12941 1.10889 1.19626 1.22314 1.17655 0.921791 1.09902 0.977488 
1163 0.276899	0.528613 0.802464 0.882116 0.931671 0.907612 0.957713 0.710125 0.89938 0.896026 1.01665 
1164 0.0759658	1.3692 1.08236 1.07503 0.926811 1.04377 0.919993 1.0712 0.90298 1.27151 1.11889 
1165 0.0850402	2.04681 1.49054 1.26256 1.19219 1.06338 1.25802 1.43457 0.860562 1.45354 1.03006 
1166 0.113819	0.912968 1.12709 1.0798 0.936305 1.00025 0.895341 0.922875 0.96957 1.17469 0.998075 
1167 0.0860773	0.422406 0.867247 0.833596 1.22928 1.29134 0.943066 0.789286 1.01716 0.869646 1.11725 
1170 0.104888	0.775252 0.878477 0.848706 0.869296 0.92949 0.744709 0.741939 0.808916 0.893396 1.13953 
1171 0.0715442	1.13016 0.988316 1.12494 0.998654 1.05547 1.0461 1.35148 0.92915 1.16362 1.27149 
1172 0.306248	0.783597 0.897124 0.913327 1.09915 0.975376 1.02646 0.910533 0.979779 0.859845 0.989956 
1173 0.0793137	0.892344 1.18111 0.966255 1.10977 1.16575 1.11321 1.18696 1.18601 0.959414 1.07216 
1174 0.0812561	1.96363 1.51854 1.12949 1.04356 1.13087 1.12171 1.43553 1.1514 1.21505 0.977151 
1175 0.1146	1.12379 1.04966 1.05148 1.076 1.13449 0.998458 1.11739 0.851553 1.15977 1.06712 
1176 0.127226	1.10957 0.956395 1.08524 0.983148 0.914548 1.02426 1.00581 1.0223 1.12974 0.991519 
1177 0.114924	1.94633 1.25494 1.07698 1.09839 1.11773 0.985522 1.24031 0.844457 1.31071 0.895752 
BOUNDS
LWPS R    0.0  0.0  0.0  0.0  0.0  0.0  0.0  0.0  0.0  0.0
UWPS R    0.5  0.5  0.5  0.5  0.5  0.5  0.5  0.5  0.5  0.5
LXAS R   -0.5 -0.5 -0.5 -0.5 -0.5 -0.5 -0.5 -0.5 -0.5 -0.5
UXAS R    0.5  0.5  0.5  0.5  0.5  0.5  0.5  0.5  0.5  0.5
END
