NAME moment_estimations_cluster
ASSETS 10
BENCHMARKS 0.1 0.1 0.1 0.1 0.1 0.1 0.1 0.1 0.1 0.1 
COVARIANCES
0 0 0.169576
1 0 0.0452054
1 1 0.017284
2 0 0.0219147
2 1 0.0075599
2 2 0.00747845
3 0 0.0222041
3 1 0.00771327
3 2 0.00368149
3 3 0.0058331
4 0 0.0200317
4 1 0.00898041
4 2 0.00515509
4 3 0.00332873
4 4 0.0109382
5 0 0.0207277
5 1 0.00545331
5 2 0.00710025
5 3 0.00341167
5 4 0.00349542
5 5 0.0104535
6 0 0.0507403
6 1 0.0170136
6 2 0.0113289
6 3 0.00870976
6 4 0.0120011
6 5 0.0101536
6 6 0.0246885
7 0 0.01529
7 1 0.000472288
7 2 0.000391935
7 3 0.00456396
7 4 -0.00894395
7 5 0.00323941
7 6 -0.000534713
7 7 0.0266966
8 0 0.0476686
8 1 0.0206709
8 2 0.0152602
8 3 0.007203
8 4 0.0238379
8 5 0.0105792
8 6 0.0306481
8 7 -0.0214989
8 8 0.0615303
9 0 0.0155176
9 1 0.00386366
9 2 0.00517422
9 3 0.00266476
9 4 0.00725197
9 5 0.00502204
9 6 0.0111483
9 7 -0.00325932
9 8 0.0188174
9 9 0.0155755
SCENARIOS
0 0.71311	0.939072 0.981882 1.02324 1.01144 1.05344 1.00988 1.01966 0.951334 1.083 1.00801 
1 0.28689	1.46538 1.05869 0.999699 1.0812 0.961706 1.01359 1.01311 1.16703 0.891731 0.934102 
00 0.683429	1.34875 1.08837 1.03864 1.0228 1.1192 1.04133 1.12746 0.950358 1.22308 1.03108 
01 0.316571	0.669649 0.826736 0.88072 0.914697 0.875628 0.894742 0.787277 1.02939 0.703188 0.977137 
10 0.732058	0.855225 0.910064 0.970651 0.932242 0.946327 0.978778 0.965661 1.06508 0.878632 0.886635 
11 0.267942	1.62511 1.17293 1.11552 1.07354 1.19372 1.02205 1.29826 0.916591 1.5276 1.27897 
000 0.202807	1.34583 1.16992 1.04883 0.981725 0.972753 1.08169 1.06257 1.01565 1.03043 0.998347 
001 0.136019	1.54854 1.07652 0.981356 1.07101 0.858458 0.949858 1.00008 1.11502 0.892477 0.882535 
002 0.114556	1.16359 1.09326 1.18025 1.03918 0.969431 1.15633 1.17292 1.11511 1.14728 1.18726 
003 0.13132	0.627964 0.867871 0.883845 0.968264 0.817579 0.969177 0.810836 1.10845 0.720978 0.910596 
004 0.087143	1.98686 1.36702 1.20958 1.15032 1.13923 1.116 1.41391 0.906794 1.83664 1.20235 
005 0.139609	0.410661 0.741883 0.861894 0.846074 0.808783 0.867382 0.730729 0.929336 0.713597 0.921997 
006 0.0902618	1.10689 0.991214 0.968766 1.06658 0.769413 1.09319 0.929613 1.45873 0.648691 0.959299 
007 0.0982846	0.675334 0.944088 1.04412 1.00193 1.0162 1.00303 0.997754 0.675233 1.36394 1.20108 
010 0.0586932	0.573386 0.803061 0.824933 0.883569 0.768893 0.836694 0.723166 1.02722 0.660527 0.775693 
011 0.24948	1.00653 1.13668 1.01639 0.98504 1.08694 0.946583 1.0732 0.826061 1.44992 1.0397 
012 0.137364	0.74867 0.960923 0.983406 0.94492 0.885195 1.05998 0.923464 1.18377 0.797771 0.925783 
013 0.100465	0.603315 0.94859 0.969854 0.89063 0.979795 0.942922 0.906321 0.834502 1.03137 0.876826 
014 0.0855814	1.1964 1.03874 0.939822 1.07253 0.860656 0.932159 0.914955 1.42746 0.696434 0.897625 
015 0.146711	1.79453 1.23363 1.02102 1.07383 0.967901 0.947588 1.10263 1.15689 0.955761 0.787981 
016 0.0872204	0.510473 0.795188 0.887332 0.872075 0.934939 0.869157 0.756735 0.950833 0.789978 0.825433 
017 0.134485	1.7396 1.26146 1.16123 1.19372 1.05209 1.24077 1.26202 1.30472 1.15048 1.00759 
100 0.0992286	0.640669 0.906803 1.01928 1.00938 0.883665 1.09217 0.980329 1.22959 0.828958 1.11962 
101 0.268498	0.551626 0.820776 0.885144 0.951544 0.87438 0.903763 0.797008 0.951279 0.819606 1.05586 
102 0.0924674	2.89253 1.43006 1.12438 1.18927 1.14111 1.05921 1.31375 1.13073 1.33395 1.28968 
103 0.0808018	0.40251 0.735149 0.805542 0.847825 0.785968 0.788258 0.612212 0.961691 0.566986 0.937188 
104 0.0862299	1.70422 1.19711 0.996977 1.0954 1.10618 0.98606 1.15943 1.08666 1.18715 1.25063 
105 0.0672317	1.4978 1.31104 1.10098 1.08704 1.11656 1.1252 1.30098 0.795576 1.57701 1.26035 
106 0.175507	1.21664 1.06206 0.964728 1.03095 1.00186 1.01366 1.01436 1.15645 0.874456 1.15603 
107 0.130035	0.917007 1.01137 1.01464 1.05744 1.12864 0.986533 1.01637 0.799438 1.38511 1.22312 
110 0.0827371	1.11871 1.02541 0.953939 1.04964 0.84978 1.02842 0.869365 1.1787 0.767021 0.864516 
111 0.0945753	1.26174 1.02976 1.17882 1.01884 1.16583 1.22521 1.38195 0.887851 1.57963 1.05066 
112 0.126838	0.832986 1.08503 1.03185 0.927959 1.12994 0.985206 1.04948 0.774407 1.29454 0.800721 
113 0.094185	0.814183 0.908723 0.939841 0.942916 0.963633 0.900445 0.853965 0.862608 0.892512 0.929357 
114 0.111097	0.548282 0.775238 0.922559 0.859866 0.830903 0.956072 0.734983 1.13127 0.693329 0.724394 
115 0.190712	0.751886 0.990757 1.02921 0.945481 0.913948 1.10097 1.01832 1.10567 0.886443 0.998813 
116 0.224665	2.08617 1.3246 1.14726 1.07031 1.05505 1.11746 1.24108 1.20788 1.05273 0.892352 
117 0.0751919	0.371821 0.764102 0.909975 0.788996 0.944456 0.903758 0.758427 0.709194 0.908372 0.913846 
0000 0.207406	0.928791 0.854013 0.946346 1.04894 0.907343 0.917849 0.981307 1.07544 0.935764 1.111 
0001 0.11291	0.546304 0.754001 0.905528 0.991423 0.934884 0.828409 0.849071 0.797823 0.96165 1.22638 
0002 0.0570619	3.30892 1.1448 1.09049 1.32049 1.16832 1.12559 1.4875 1.2087 1.321 1.36983 
0003 0.138001	1.79311 1.06084 0.951514 1.13972 0.972345 0.979102 1.12156 1.31909 1.0654 1.16959 
0004 0.096722	1.05507 0.934734 1.13101 1.13174 1.03641 1.11594 1.2536 1.03507 1.14845 1.00617 
0005 0.0972278	1.28446 1.2329 1.0989 1.11711 1.23329 0.91142 1.19229 0.796049 1.595 1.05456 
0006 0.134561	0.694972 0.799217 0.991693 1.03241 1.05861 0.894776 1.02772 0.835071 1.24916 1.31766 
0007 0.156111	0.393861 0.771293 0.846702 0.979688 0.886291 0.847446 0.801426 1.06255 0.736154 0.844944 
0010 0.208176	1.49793 1.24337 1.04164 1.03456 1.1136 0.98615 1.07184 1.08131 1.05327 1.24965 
0011 0.0705989	0.407287 0.817514 0.782813 0.87254 0.94792 0.862978 0.726928 0.794955 0.760244 1.05658 
0012 0.104541	2.71142 1.42626 1.2486 1.13228 1.16833 1.29978 1.42301 1.14113 1.29942 1.12585 
0013 0.228541	0.961244 1.06026 0.951942 0.977933 0.978468 1.03488 0.967425 1.21333 0.844632 1.0074 
0014 0.195505	0.588324 0.856884 0.9467 0.877112 0.93925 0.964934 0.830281 0.962626 0.735104 0.873204 
0015 0.0805551	0.847124 0.999887 1.15837 1.00458 1.13715 1.10007 1.07931 0.961164 1.32937 1.14786 
0016 0.0511389	0.954298 1.10116 0.991897 0.889064 1.24679 0.935382 0.939143 0.718288 1.38029 1.13659 
0017 0.0609443	0.542803 1.01815 1.08792 0.934982 1.17131 1.10622 0.877643 0.85693 1.13903 0.957323 
0020 0.0669891	0.844487 1.03309 0.990096 1.04468 1.0525 1.04296 0.923342 1.07987 0.98139 0.736 
0021 0.154218	1.73605 1.13964 0.997458 0.951483 0.97158 1.13927 1.09233 1.1526 0.912576 1.0507 
0022 0.317034	0.537167 0.773366 0.930049 0.944149 0.878973 0.964928 0.841466 1.07686 0.750837 0.975817 
0023 0.0822139	2.34799 1.08296 1.15487 1.04197 1.19777 1.08956 1.33532 0.940323 1.5647 1.29178 
0024 0.103887	0.996201 0.940503 0.954051 0.939441 1.12588 1.00663 0.958783 0.875496 1.12015 1.07452 
0025 0.0764822	1.44988 1.07778 0.944026 0.930945 1.13365 0.911776 1.15061 0.826917 1.3159 1.11358 
0026 0.0745119	0.852866 0.920136 1.05861 1.01947 1.10695 1.12895 1.24235 0.829768 1.34386 1.23671 
0027 0.124664	0.695187 1.08157 0.925023 1.06368 1.11997 0.829421 0.982833 0.814236 1.1144 0.954918 
0030 0.130625	0.899935 1.00142 0.883733 1.0058 1.0039 0.853654 0.846077 1.00221 0.792271 0.865152 
0031 0.2325	1.04274 1.11675 1.06631 1.0205 1.19342 0.937018 1.11593 0.828176 1.29558 0.998999 
0032 0.121875	1.95317 1.1861 1.03504 1.08203 1.04166 0.871274 1.06886 1.11661 1.0795 0.964761 
0033 0.0675	0.983279 0.924274 0.878159 0.987999 0.848261 0.930403 0.884577 1.43209 0.547576 0.909414 
0034 0.176094	0.876453 1.00824 1.0791 1.02204 1.01711 1.04167 1.00822 1.068 1.04122 1.02693 
0035 0.0654688	1.13225 0.998233 1.04662 1.0294 0.855524 0.912997 1.01515 1.32843 0.732975 0.958279 
0036 0.0915625	1.71443 1.29388 1.15122 1.04408 1.09467 1.14961 1.27448 1.23935 1.27985 1.11827 
0037 0.114375	0.754693 0.863623 0.932649 0.956002 0.976898 0.910928 0.847611 1.04553 0.778725 0.982918 
0040 0.0477984	2.11218 1.06819 1.1048 1.03981 0.907323 1.27194 1.13613 1.58167 0.748131 1.02698 
0041 0.156346	0.51844 0.814829 1.02423 0.960459 1.07826 0.993238 0.981588 0.955881 0.987643 1.12868 
0042 0.152343	2.27815 1.36181 1.19452 1.08273 1.32716 1.05019 1.4005 0.957767 1.47555 1.14463 
0043 0.114905	0.921488 0.851576 1.00903 0.953023 0.994618 1.06636 0.913799 1.02044 0.794504 1.07587 
0044 0.151401	1.56439 0.975691 0.936827 1.02798 1.05218 0.931332 1.07065 0.895533 1.00216 0.860801 
0045 0.10737	0.421745 0.721389 0.889248 0.866313 0.945432 0.921057 0.767643 0.912348 0.662144 0.951916 
0046 0.0948905	0.658964 0.915195 0.871576 0.934706 1.05763 1.01179 0.805851 0.789253 0.873834 0.884821 
0047 0.174947	0.685113 0.902166 1.04937 0.914891 1.15651 0.998863 0.922494 0.727785 1.33164 1.07349 
0050 0.0659906	1.65888 1.15697 1.10203 1.1626 1.25998 0.999666 1.24704 0.932385 1.48943 1.17796 
0051 0.102881	1.39343 1.13104 1.08394 0.99818 1.26407 0.987991 1.06058 0.62849 1.66895 1.16513 
0052 0.188713	0.748171 0.941474 0.912422 0.93943 0.822185 0.878185 0.7411 1.18011 0.68163 0.829608 
0053 0.147119	1.85182 1.16084 1.05251 1.11313 0.994059 1.0907 1.1046 1.1358 1.13714 1.1046 
0054 0.116549	1.21643 0.94747 1.1232 1.03082 1.07436 1.16028 1.25804 0.976149 1.377 1.32061 
0055 0.1092	0.615576 0.871849 0.918526 0.89904 0.994025 0.998495 0.825465 0.791433 1.0344 1.04808 
0056 0.217813	1.01593 1.12237 0.998068 1.10042 0.951084 1.1127 0.907009 1.14884 0.846111 0.92918 
0057 0.0517343	1.07731 1.19936 0.956968 1.0189 1.10594 0.878714 0.973651 0.821742 1.24304 0.967141 
0060 0.0731985	2.61787 1.24101 1.14116 1.08952 1.01999 1.05951 1.22914 1.3933 1.06469 1.03875 
0061 0.0663787	1.86049 1.27032 1.2613 1.06924 1.23973 1.22947 1.31682 0.969946 1.67259 1.12617 
0062 0.210502	0.733146 0.874915 0.951724 0.951265 1.00368 0.961754 0.847018 0.892422 0.930602 1.05311 
0063 0.211184	0.816128 0.980899 1.09066 0.912793 0.995973 1.10839 1.08809 0.985932 1.19989 1.26716 
0064 0.0486474	0.906145 0.938882 1.18514 0.947927 1.07131 1.20731 1.10112 0.767856 1.31533 1.281 
0065 0.0479654	0.432666 0.673402 0.866238 0.899574 0.910748 0.903824 0.72112 0.97401 0.790816 1.0332 
0066 0.148216	0.72996 0.73456 1.02646 0.927454 0.911175 1.00786 0.906806 1.33458 0.808209 1.03349 
0067 0.193908	1.3866 1.05659 1.07539 1.05058 1.08676 1.05455 1.14141 1.20688 0.979261 1.10592 
0070 0.193111	1.27611 1.16658 1.07883 0.935958 1.04423 0.996888 1.07401 1.08909 1.04202 0.917004 
0071 0.0903967	0.55209 0.970681 0.877357 0.851907 1.11302 0.960257 0.968093 0.859983 1.04827 1.04682 
0072 0.0569937	2.56384 1.25214 1.11984 1.19728 1.08748 1.12131 1.2574 1.34227 1.23098 1.08949 
0073 0.126514	0.677534 0.893303 0.820383 0.825284 0.940178 0.806153 0.726826 0.838568 0.765803 0.816158 
0074 0.126305	0.96126 0.906801 0.934094 0.972926 0.952377 0.907521 0.975041 1.30088 0.790743 1.03167 
0075 0.051357	2.4128 1.35661 1.14571 1.16551 1.2208 1.00518 1.46894 1.15138 1.58654 0.96921 
0076 0.182255	0.938304 0.96476 0.934271 0.938777 0.888086 1.01083 0.910414 1.27704 0.793347 0.844348 
0077 0.173069	1.27634 1.19579 1.04504 0.922823 1.20922 0.940566 1.08283 0.954444 1.38988 1.0143 
0100 0.0724528	1.74654 1.15009 1.09557 1.0424 1.15247 1.06895 1.30949 1.00541 1.12851 1.40526 
0101 0.0679245	1.76662 1.32221 1.08743 0.973766 1.35425 0.907423 1.23036 0.79657 1.64435 1.21873 
0102 0.0535849	1.15189 1.13196 0.832262 0.9657 1.21924 0.799806 1.00582 0.900332 0.965771 0.774499 
0103 0.196981	1.00086 1.12206 0.998879 1.03849 1.1871 0.912237 1.05607 0.883925 1.18049 0.931358 
0104 0.17283	1.03788 0.957603 1.0152 1.03275 0.944243 0.968986 0.988473 1.38784 0.72235 1.07703 
0105 0.0867925	0.744483 0.90246 0.822006 0.840406 1.15814 0.898921 0.784994 0.690822 1.16408 0.928255 
0106 0.10566	1.05981 0.953934 1.01991 1.10702 1.0911 0.99019 1.16374 1.14228 0.973008 1.07401 
0107 0.243774	0.429527 0.832254 0.890873 0.996331 0.971926 0.900779 0.755514 1.11113 0.699254 0.855675 
0110 0.0896662	2.78178 1.25021 1.10745 1.05047 1.20911 1.03177 1.3068 1.05597 1.28337 1.14082 
0111 0.245561	0.778981 0.913292 0.946863 0.931994 0.989411 0.900233 0.967137 0.98407 0.973495 0.987671 
0112 0.0779474	0.52045 0.819829 0.804846 0.868707 0.891876 0.822451 0.735901 0.833874 0.682746 0.734433 
0113 0.144354	1.38433 1.04291 1.14565 1.0007 1.20372 1.21223 1.25759 0.731188 1.56605 1.03061 
0114 0.10973	0.944266 0.867926 1.04265 0.961079 0.906409 1.10095 0.948361 1.1692 0.768532 1.03808 
0115 0.150568	1.05542 0.963096 1.16879 1.03191 1.08887 1.14523 1.11024 1.04686 1.13076 0.950268 
0116 0.11701	0.950437 0.90149 0.990919 1.06717 0.806196 1.05206 0.983087 1.43938 0.722019 0.891584 
0117 0.0651634	0.776328 0.835181 1.04872 0.867565 1.02594 1.10597 1.0226 0.927609 1.02467 1.16548 
0120 0.0822315	1.51168 1.2939 1.01508 0.946653 1.11275 0.924747 1.05094 0.733341 1.61474 1.04122 
0121 0.213802	1.12854 1.02584 1.10155 1.05356 0.890972 1.0688 1.13617 0.965661 1.29515 1.02706 
0122 0.0706224	1.14719 0.963687 1.1276 1.02852 0.873639 1.09833 1.03316 1.35269 0.785128 0.855525 
0123 0.122219	1.37928 1.09374 1.14274 1.15769 1.10466 1.01659 1.25917 0.916026 1.72575 1.02148 
0124 0.0773944	0.471998 0.868883 0.957358 0.849082 0.955198 1.0152 0.806307 0.985197 0.813404 0.856609 
0125 0.10674	0.677042 0.868786 0.952795 1.02275 0.866825 0.918115 0.857795 1.23499 0.741025 0.703562 
0126 0.115447	0.639581 0.942939 0.844227 0.984902 0.967066 0.769058 0.795777 0.929856 0.97409 0.883218 
0127 0.211545	0.913937 1.00026 0.959351 1.13793 1.07833 1.03499 1.05859 1.09082 0.999408 1.05445 
0130 0.232804	1.11354 0.885703 1.03584 1.00743 1.05876 0.990249 1.08112 0.884086 1.25946 1.16152 
0131 0.0952381	0.617806 0.843577 0.820461 0.932866 0.966687 0.839601 0.77549 0.865884 0.781083 1.00733 
0132 0.132275	1.07991 0.958034 0.94684 1.10768 0.873114 1.05768 0.942655 1.28536 0.653044 1.05592 
0133 0.0873016	1.52106 0.944654 1.08631 1.04108 0.926436 1.25402 1.11308 1.29944 0.929985 1.22361 
0134 0.0780423	2.11225 1.31573 1.09046 1.15091 1.09524 1.23566 1.32963 1.05909 1.27325 1.17501 
0135 0.175926	0.789145 0.952168 0.986454 0.950775 0.919404 1.00136 0.957833 0.850208 1.03707 1.12237 
0136 0.136684	0.863116 0.856355 0.936567 0.996596 1.02471 1.0645 0.846732 0.95826 0.873927 0.850029 
0137 0.0617284	1.96352 1.1238 1.00834 1.16146 0.932594 1.15399 1.08864 1.34577 0.756722 0.988625 
0140 0.165114	0.653665 0.945933 0.9721 1.01079 0.888946 1.1091 0.951831 1.09945 0.842712 0.972227 
0141 0.0595238	0.435468 0.82305 0.859793 0.842911 0.779255 0.911805 0.699061 0.957453 0.693628 0.773774 
0142 0.115942	1.26905 1.14815 1.05202 1.08102 1.11684 1.07392 1.19615 0.859309 1.40221 0.952929 
0143 0.0621118	2.31806 1.28584 1.19262 1.01964 1.09922 1.22652 1.22875 1.17523 1.28021 1.00513 
0144 0.222567	0.755173 0.859966 0.9586 0.964354 0.937565 0.975523 0.924175 0.884446 0.909375 1.04291 
0145 0.115942	1.00322 0.816316 0.927876 0.930421 0.803523 1.00396 0.865102 1.39952 0.513504 0.756227 
0146 0.129917	0.872522 0.968422 0.995845 0.973788 1.10955 1.11246 0.983755 0.744481 1.1359 0.965505 
0147 0.128882	1.37318 1.15173 1.03631 0.962641 0.958092 1.03188 1.02893 1.07586 1.0993 1.01133 
0150 0.0945048	1.29594 0.989206 0.988474 0.896805 1.14763 1.06006 1.02838 0.774608 1.38968 1.25533 
0151 0.0661232	2.77471 1.19742 1.11698 1.05844 1.20108 1.12656 1.20656 1.04117 1.25108 1.51176 
0152 0.132246	1.03676 0.92579 1.09251 1.0683 1.07752 1.15101 1.17002 1.0283 1.21942 1.28642 
0153 0.157005	1.22449 0.983394 0.975612 1.08448 0.951397 1.15729 0.989748 1.15542 0.946995 1.01744 
0154 0.134662	0.717886 0.782736 0.998726 1.00781 0.93339 1.06964 0.911085 1.28 0.780188 1.02035 
0155 0.237319	0.755649 0.813977 0.890467 0.887731 1.05312 0.899106 0.940641 0.852702 1.07935 1.12797 
0156 0.093599	0.413977 0.812513 0.84998 0.857541 0.878736 0.970691 0.766023 0.918662 0.843056 1.14064 
0157 0.0845411	1.76914 1.16234 1.12824 1.0009 1.31457 1.11479 1.24842 0.885472 1.6514 1.41087 
0160 0.243779	0.797865 0.97054 0.965579 0.996524 0.893353 1.01636 0.965633 0.82174 0.964046 1.011 
0161 0.0970036	1.67208 1.35766 1.02198 1.12605 0.98126 1.02492 1.20191 1.01977 1.17493 0.973567 
0162 0.0797359	1.11534 1.11952 1.0119 1.07236 0.842987 1.21943 0.979195 1.39792 0.668309 0.856258 
0163 0.179787	0.891268 1.06159 0.926361 1.04578 0.924692 1.02645 0.841058 1.11282 0.761042 0.911315 
0164 0.099035	1.1025 1.13898 1.06749 1.0622 0.903833 1.22593 1.05468 0.921551 1.06058 0.943131 
0165 0.195531	1.41943 1.34864 1.03365 1.10086 1.05866 0.934007 1.15349 0.782291 1.41551 1.04197 
0166 0.0558659	1.28499 1.29543 1.05958 1.00722 0.917567 1.09964 1.24016 1.03021 0.957481 0.819943 
0167 0.0492636	2.06105 1.48144 1.10791 1.21923 1.09765 1.05219 1.4136 0.936423 1.32155 1.10048 
0170 0.0872859	0.934785 0.98277 0.883235 0.899113 1.00471 0.956888 0.923805 0.899558 0.864501 1.08901 
0171 0.108037	0.710276 0.884562 1.04168 1.003 1.01019 1.06851 1.08274 0.955794 1.12831 1.1703 
0172 0.119565	0.507119 0.86491 0.951909 0.854577 0.960984 0.865007 0.875579 0.798995 1.13661 0.904391 
0173 0.0681818	1.60429 0.994499 1.13207 0.984047 0.974301 1.19061 1.24894 1.03894 1.12364 1.17512 
0174 0.284914	0.527273 0.816176 0.957678 0.860863 0.834679 0.855457 0.767232 1.14225 0.747827 1.04336 
0175 0.110013	0.961561 1.0318 1.08888 0.916495 1.1167 1.12155 1.08537 0.702652 1.54044 0.897982 
0176 0.081357	2.15351 1.29532 1.15581 0.984481 1.25199 1.13802 1.36699 0.937916 1.6113 1.01442 
0177 0.140646	1.35845 1.16711 1.04688 1.0507 0.871511 1.01439 0.992154 1.16044 0.812694 0.848935 
1000 0.233685	0.841034 0.930645 0.93926 0.936929 1.04252 0.947545 0.886894 0.898663 0.979494 1.00636 
1001 0.0772553	1.41134 1.13679 1.1649 1.09203 1.29657 1.08824 1.30456 0.899363 1.81244 1.31459 
1002 0.0638196	1.29647 1.20841 1.13102 1.02147 0.936413 1.09972 1.00732 1.16098 0.937315 0.878734 
1003 0.117083	2.35047 0.993681 1.04027 1.01273 0.930978 0.93051 1.09924 1.32627 0.932929 1.00257 
1004 0.096929	0.961756 1.03633 0.955497 0.942715 1.01914 0.87323 0.95522 0.73494 1.40615 0.970892 
1005 0.0666987	0.863683 0.926247 0.857672 0.967425 0.824062 0.866416 0.788701 1.18869 0.551554 0.797887 
1006 0.215451	1.4068 1.1276 1.09805 1.09183 1.17626 1.07742 1.07105 0.886562 1.30287 1.01456 
1007 0.129079	1.42781 0.981341 0.916077 1.01853 0.881031 0.964995 0.801036 1.40963 0.763926 0.907701 
1010 0.123958	1.05486 1.14833 1.13187 1.05313 1.17768 1.07143 1.102 0.942154 1.37338 1.11306 
1011 0.277531	1.1921 1.09894 0.961471 1.02628 1.03586 0.920547 0.966844 1.15715 0.842879 1.08983 
1012 0.1518	0.470868 0.915467 0.930206 0.873885 0.927023 0.937846 0.792042 0.902304 0.879984 0.816739 
1013 0.10055	1.54153 1.0762 1.14662 1.07495 0.872026 1.04834 1.10628 1.43455 0.88453 0.938995 
1014 0.0627771	1.20195 1.01097 0.975459 0.928282 1.33418 0.816707 1.02521 0.623726 1.51099 1.16776 
1015 0.0592304	2.72885 1.44128 1.08475 1.05762 1.17007 1.08844 1.26522 0.937665 1.36355 1.27414 
1016 0.0620677	1.57955 1.23274 1.13794 0.937501 1.49501 1.01503 1.24391 0.689258 2.05704 1.30526 
1017 0.162085	0.788511 0.933218 1.01941 1.00581 1.11939 0.984396 0.925154 0.920222 1.0738 0.993676 
1020 0.0901133	0.691451 0.964594 1.19582 0.932812 0.931699 1.25284 1.07948 1.08546 1.1603 1.01706 
1021 0.0968074	1.00991 0.949619 0.932398 0.973951 0.840983 0.946079 0.826299 1.19199 0.748375 0.656997 
1022 0.199794	1.53735 1.06634 1.12351 1.0751 0.981888 1.25364 1.13766 1.21134 1.06426 1.04928 
1023 0.15345	1.09419 0.996035 1.0235 0.921422 1.07013 1.18361 1.09194 0.807544 1.24805 1.17506 
1024 0.11689	0.702039 0.964328 0.927002 0.980216 1.02258 1.01465 0.923474 0.968584 0.954986 1.07363 
1025 0.0813594	2.64779 1.35063 1.24769 1.2738 1.05104 1.36162 1.3983 1.25376 1.26116 1.1961 
1026 0.0628218	1.2325 0.910635 0.920491 0.988975 0.7789 1.05391 0.926631 1.45113 0.572117 0.778694 
1027 0.198764	0.55714 0.788588 0.994237 0.902219 0.833504 1.09393 0.849226 0.984454 0.768982 0.773422 
1030 0.121391	0.814828 0.981975 0.936489 0.931959 1.13334 0.858739 0.895171 0.701758 1.05982 0.826127 
1031 0.16264	2.10525 1.35034 1.00261 1.14969 1.14533 0.864928 1.21865 0.958028 1.24488 0.997726 
1032 0.119034	0.752581 0.893075 0.849275 0.917963 0.811275 0.97021 0.779921 1.38254 0.723009 0.744115 
1033 0.0777843	0.254912 0.842001 0.853328 0.863754 0.880409 0.928755 0.742648 0.840237 0.708814 0.904238 
1034 0.0872127	1.85085 1.2127 1.02077 1.1637 0.897742 0.945392 1.21295 1.3588 0.719674 0.695108 
1035 0.172068	0.875956 0.932518 0.966794 0.901776 1.01302 1.02455 0.95862 0.864407 1.1747 1.14401 
1036 0.162051	0.986414 0.94898 1.03571 1.001 0.896261 1.04236 1.02082 1.22256 0.803433 0.931472 
1037 0.0978197	1.99545 1.32159 1.05846 1.05235 1.33924 1.05602 1.27241 0.823304 1.59077 0.994426 
1040 0.125345	1.47165 1.19277 0.965355 1.0555 1.01496 0.960558 1.04105 1.03927 0.919026 0.781536 
1041 0.0690226	1.71979 1.05906 1.10242 1.17 1.09652 1.01342 1.24129 0.871614 1.22304 1.06042 
1042 0.0927664	1.3927 1.22797 1.13106 1.20573 1.00592 1.11777 1.16313 1.30272 1.00734 1.01175 
1043 0.0889012	0.873368 1.07493 1.15396 1.11464 1.00648 1.21729 1.14192 1.07825 1.11828 1.33501 
1044 0.172281	0.659312 0.818735 0.911783 0.890662 0.886484 0.838035 0.801176 0.822645 0.832624 0.89055 
1045 0.0684705	2.31218 1.26685 1.13775 1.19296 1.11296 1.17395 1.18249 1.1418 1.02156 0.943728 
1046 0.27333	0.861161 0.964592 1.01936 0.987927 0.929643 1.11603 0.896018 1.10544 0.795805 0.806218 
1047 0.109884	1.11534 1.19168 1.14514 1.02936 1.04246 0.978854 1.13031 0.836541 1.32426 0.974338 
1050 0.191926	0.794078 0.81262 0.911614 0.934556 0.981808 0.804772 0.805812 1.17551 0.787655 1.05129 
1051 0.184136	1.57128 1.01243 1.08073 1.01978 1.13962 1.05224 1.1034 1.17813 1.12313 1.07481 
1052 0.199717	0.916499 0.868175 1.11675 1.06053 1.06344 1.04515 0.978071 1.22976 0.989724 1.30252 
1053 0.0467422	1.17266 1.09456 1.19849 0.97472 1.38184 1.07685 1.30541 1.09752 1.76212 0.971249 
1054 0.0941926	0.903353 0.890632 1.08318 1.02999 1.13407 0.942236 1.03342 0.859343 1.42057 1.10616 
1055 0.0467422	1.58485 1.10736 1.15871 1.03176 1.29441 1.05159 1.22795 0.812664 1.47245 1.24948 
1056 0.15085	0.541972 0.929222 0.932286 0.905536 1.03651 0.871646 0.807302 1.01677 0.942258 1.08865 
1057 0.0856941	2.25486 1.16535 1.26853 1.10753 1.17375 1.16823 1.42062 1.26249 1.33365 1.14352 
1060 0.112046	1.52017 1.17422 0.988133 1.03324 0.917645 0.91786 1.03872 0.909743 1.13911 0.765656 
1061 0.0634835	2.02767 1.23873 1.16084 1.14538 0.955184 1.05941 1.21234 1.15299 1.23229 1.02936 
1062 0.169832	1.20392 1.11314 1.06777 1.06815 0.962689 0.969624 1.06725 1.089 1.02099 0.755534 
1063 0.046663	1.19944 1.08929 1.07321 1.10011 1.17957 1.0401 1.2484 0.71842 1.69037 1.08836 
1064 0.113945	0.669107 0.958778 1.12372 0.937976 1.00882 1.0073 0.938992 0.789005 1.12805 1.05381 
1065 0.219208	0.954142 1.02196 1.15625 1.08162 1.13533 1.06537 1.10552 0.863792 1.32009 1.00611 
1066 0.221378	0.62108 0.860225 0.958331 0.910053 0.890633 0.953946 0.796896 0.918974 0.84025 0.755471 
1067 0.0534455	1.1773 1.06816 1.0525 1.03106 0.85836 0.976342 1.0192 1.47944 0.75016 1.0613 
1070 0.12706	1.43818 1.3374 1.05129 1.04953 1.01985 1.11948 1.1755 0.975683 1.19666 0.888591 
1071 0.149396	1.65693 1.22542 1.12828 0.996803 1.14693 1.02833 1.26131 0.709202 1.34272 1.01534 
1072 0.148297	0.951603 0.911515 1.11988 0.991979 0.896681 1.13669 1.02704 1.10577 0.873195 1.05889 
1073 0.0933724	0.725941 1.04315 1.01263 0.807564 1.04724 0.906577 0.901866 0.772613 1.2401 1.17068 
1074 0.0864152	0.593319 0.900518 0.885512 0.784961 0.89786 1.05175 0.769372 0.924311 0.647786 0.915553 
1075 0.115342	0.697439 0.910775 0.940436 0.874328 0.851383 1.02296 0.886423 1.06352 0.747455 1.08521 
1076 0.0596851	0.465259 0.76637 0.977137 0.765983 1.02528 1.07531 0.811559 0.764822 1.05603 1.03421 
1077 0.220432	1.13424 1.02747 0.998764 0.947675 0.986106 0.988941 0.96573 0.922081 0.913907 0.971867 
1100 0.0754717	1.66455 1.28019 1.06456 0.990819 1.04158 1.14872 1.22435 1.13005 0.929 0.817958 
1101 0.128931	1.26108 1.06943 1.08346 0.962747 1.16722 0.999269 1.18869 0.76293 1.20481 0.733824 
1102 0.165094	1.03006 0.929518 0.999471 0.897641 1.07929 1.0614 1.07949 1.239 0.836375 1.18586 
1103 0.0786164	0.529423 0.967956 0.986627 0.82206 1.01606 0.902564 0.853497 0.835225 0.895237 0.693867 
1104 0.119497	0.625998 0.810232 0.885182 0.787493 0.85268 0.814629 0.834554 1.06618 0.544384 0.69392 
1105 0.146226	1.38422 1.03182 1.01554 0.953993 0.943018 1.07902 1.09782 1.26327 0.888962 0.936755 
1106 0.0691824	2.38429 1.2969 1.22464 1.14841 1.20744 1.10788 1.49288 1.2638 1.25493 1.11264 
1107 0.216981	0.728532 0.928751 0.965507 0.833168 1.12977 0.998556 0.944549 0.942759 0.968103 0.948067 
1110 0.204952	0.650099 1.03719 0.899657 0.992553 0.856218 0.886768 0.837637 1.05371 0.779906 1.12638 
1111 0.129298	2.02558 1.20623 1.12535 1.21387 1.02141 1.12586 1.20389 1.07621 1.13562 0.840912 
1112 0.101788	1.05052 1.14812 0.926188 1.07404 1.10009 0.853813 1.0266 0.721208 1.28292 1.22979 
1113 0.130674	0.658406 1.01974 0.921031 0.933696 1.01188 0.955118 0.898611 0.826328 0.973036 1.37154 
1114 0.137552	1.27546 1.16281 0.938488 1.03042 1.01061 0.978283 0.827181 1.23478 0.81741 0.946746 
1115 0.0563961	1.01012 1.51808 1.05575 1.05507 1.22291 0.922202 1.05879 0.688818 1.68088 0.916994 
1116 0.145805	0.964334 1.30227 0.983736 1.03878 1.06864 1.01344 0.920098 0.938961 1.02443 1.02091 
1117 0.0935351	1.62524 1.46596 1.14135 1.05543 1.11853 1.05715 1.29668 0.773615 1.57775 1.11799 
1120 0.144615	2.26833 1.06954 0.999875 1.03595 1.00804 1.11695 1.17819 1.27371 1.20734 1.33231 
1121 0.227692	0.779645 0.858806 0.995223 0.925194 0.79143 1.05217 0.919336 1.12357 0.746959 1.05632 
1122 0.118974	0.771917 0.866417 0.982819 0.955252 0.925348 0.865241 0.841066 0.724236 0.984138 1.094 
1123 0.0594872	1.01161 1.05756 1.12252 0.995819 1.17824 1.24993 1.08162 0.964484 1.63672 1.37266 
1124 0.106667	1.20229 1.0951 0.905861 1.07391 0.902948 0.964877 0.916843 1.07782 0.903318 1.07287 
1125 0.150769	1.31068 1.10154 1.00858 1.14205 1.03391 0.941505 1.06609 0.815193 1.14798 1.15151 
1126 0.0974359	0.545437 0.881858 1.08158 0.961346 0.928193 1.11431 0.933396 0.929498 1.15516 1.22168 
1127 0.094359	0.401503 0.738765 0.917712 0.9312 0.822603 1.04747 0.750742 1.05778 0.729163 1.12866 
1130 0.0732044	0.976595 0.913757 0.847962 0.818569 1.09129 0.949767 0.824525 0.923515 0.907743 0.952675 
1131 0.15884	1.40274 1.11814 0.893872 1.04444 1.09587 0.926117 1.06374 0.965051 1.09531 0.979058 
1132 0.263812	1.54568 1.31632 1.02228 1.07437 1.03881 1.07973 1.11458 1.12688 1.25247 1.0842 
1133 0.143646	0.978363 0.93106 0.981217 0.952545 0.938558 1.25148 1.01562 1.08263 0.929678 0.898331 
1134 0.0801105	0.791577 0.930016 1.023 0.980361 1.12833 1.18143 1.01512 0.751491 1.3845 1.04401 
1135 0.140884	0.698392 0.904667 0.892599 0.856522 0.937991 0.959908 0.826568 0.86085 0.877615 0.812139 
1136 0.0538674	1.79864 1.14019 0.991015 1.13866 0.95214 1.24775 1.08732 1.32749 0.918811 1.09617 
1137 0.0856354	0.505043 0.914266 0.815268 0.749274 0.877676 0.909128 0.843302 0.846972 0.843946 1.02328 
1140 0.263466	0.820723 1.06806 0.970697 1.00922 0.94818 1.0062 0.937005 0.829089 0.898068 1.01994 
1141 0.149883	0.542658 0.838004 0.882348 0.956302 0.863883 0.849948 0.781051 0.956776 0.731124 1.13376 
1142 0.12178	1.22533 1.13214 1.12929 1.18233 0.995716 1.25533 1.23542 1.12661 1.00528 1.24405 
1143 0.0960187	0.874886 1.04475 1.0245 0.994574 1.13662 0.962264 1.14575 0.793498 1.26709 1.25296 
1144 0.0925059	1.18311 1.10249 0.963384 1.11619 0.767115 0.889664 1.02303 1.3605 0.631756 0.990167 
1145 0.111241	0.646491 0.988843 1.13418 0.992176 1.02125 1.23226 1.14323 0.925132 1.16324 1.05693 
1146 0.0913349	1.53802 1.13575 1.06307 1.09597 1.1011 1.02071 1.2758 0.983654 1.29556 1.26849 
1147 0.0737705	2.1513 1.58534 1.29414 1.10726 1.07978 1.21003 1.35534 1.00752 1.31092 1.31923 
1150 0.0504775	0.753548 0.873455 1.10478 0.955416 1.09503 1.22572 1.13016 1.06076 1.16229 1.00387 
1151 0.120055	0.611995 0.856695 0.984673 0.943305 0.990433 0.927285 0.844139 0.756351 1.11555 0.947521 
1152 0.186221	1.05466 1.10643 0.998235 1.11457 1.13731 1.0287 1.02033 0.886765 1.23966 0.903418 
1153 0.169168	1.16133 0.932851 1.0128 1.00095 1.05028 0.995785 0.939365 1.07628 0.980886 1.0964 
1154 0.158254	0.662363 0.805849 0.930076 1.04687 0.891095 1.00751 0.822804 1.04721 0.798952 0.776052 
1155 0.0600273	1.3904 1.07727 1.0067 1.09159 0.984006 1.11475 1.11375 1.14245 0.966186 1.01076 
1156 0.171896	1.70208 1.1709 1.15361 1.16968 1.17126 1.08076 1.29985 0.989125 1.53234 1.08627 
1157 0.0839018	1.91555 1.06401 1.0425 1.23408 1.04332 1.12432 1.07754 1.29963 0.829311 0.668668 
1160 0.0660104	0.993778 0.843768 0.886602 0.856456 0.921698 1.02838 0.931707 0.76825 0.987126 0.912288 
1161 0.14476	0.984894 0.934031 1.031 0.858771 1.03909 1.09117 1.0999 0.737187 1.42255 1.14138 
1162 0.154024	0.669595 0.924658 0.947525 0.967843 0.977796 1.18152 0.989926 0.854708 1.06215 1.01753 
1163 0.177765	1.92575 1.10095 1.07984 1.13909 1.23033 1.05385 1.30513 0.729472 1.80858 1.18772 
1164 0.137232	0.516887 0.802536 0.839004 0.925992 0.813515 0.959682 0.768392 0.981311 0.713995 0.931309 
1165 0.0758541	1.04096 0.861237 0.849609 0.944263 0.844031 0.938885 0.918884 1.08237 0.646617 1.06163 
1166 0.0978576	0.631829 0.824063 0.82001 0.850195 0.990269 0.954018 0.719531 0.882603 0.939288 0.954283 
1167 0.146497	1.79863 0.958868 0.963397 1.15756 0.898507 1.1157 1.13356 1.34686 0.888666 0.997878 
1170 0.238754	0.678511 0.954251 0.903087 0.970115 1.00141 0.959609 0.891601 0.956393 0.979374 1.00526 
1171 0.107266	0.980057 1.16171 1.04327 1.17747 1.04191 1.1915 1.18688 1.10912 1.07496 0.999082 
1172 0.249135	0.866604 0.994839 0.933078 1.03748 0.918397 1.0444 0.951839 1.37059 0.825317 0.833273 
1173 0.067474	0.956598 1.03078 1.01191 1.0818 1.04426 1.00736 0.984151 1.02211 1.40339 1.2921 
1174 0.0536332	2.42639 1.24698 1.10399 1.15965 1.04321 1.18065 1.3766 1.0548 1.36095 1.17366 
1175 0.0519031	1.18682 1.12207 1.15295 1.06191 1.29988 1.32285 1.3517 0.994887 1.62865 1.32704 
1176 0.176471	1.5384 1.13661 0.997484 1.10751 0.931397 0.997972 1.07339 1.02348 0.986821 0.994712 
1177 0.0553633	1.2698 1.28386 1.17995 1.09089 1.16454 1.1695 1.27484 1.03066 1.4904 0.957367 
BOUNDS
LWPS R    0.0  0.0  0.0  0.0  0.0  0.0  0.0  0.0  0.0  0.0
UWPS R    0.5  0.5  0.5  0.5  0.5  0.5  0.5  0.5  0.5  0.5
LXAS R   -0.5 -0.5 -0.5 -0.5 -0.5 -0.5 -0.5 -0.5 -0.5 -0.5
UXAS R    0.5  0.5  0.5  0.5  0.5  0.5  0.5  0.5  0.5  0.5
END
