NAME moment_estimations_cluster
ASSETS 10
BENCHMARKS 0.1 0.1 0.1 0.1 0.1 0.1 0.1 0.1 0.1 0.1 
COVARIANCES
0 0 0.169576
1 0 0.0452054
1 1 0.017284
2 0 0.0219147
2 1 0.0075599
2 2 0.00747845
3 0 0.0222041
3 1 0.00771327
3 2 0.00368149
3 3 0.0058331
4 0 0.0200317
4 1 0.00898041
4 2 0.00515509
4 3 0.00332873
4 4 0.0109382
5 0 0.0207277
5 1 0.00545331
5 2 0.00710025
5 3 0.00341167
5 4 0.00349542
5 5 0.0104535
6 0 0.0507403
6 1 0.0170136
6 2 0.0113289
6 3 0.00870976
6 4 0.0120011
6 5 0.0101536
6 6 0.0246885
7 0 0.01529
7 1 0.000472288
7 2 0.000391935
7 3 0.00456396
7 4 -0.00894395
7 5 0.00323941
7 6 -0.000534713
7 7 0.0266966
8 0 0.0476686
8 1 0.0206709
8 2 0.0152602
8 3 0.007203
8 4 0.0238379
8 5 0.0105792
8 6 0.0306481
8 7 -0.0214989
8 8 0.0615303
9 0 0.0155176
9 1 0.00386366
9 2 0.00517422
9 3 0.00266476
9 4 0.00725197
9 5 0.00502204
9 6 0.0111483
9 7 -0.00325932
9 8 0.0188174
9 9 0.0155755
SCENARIOS
0 0.74798	1.01856 1.01948 0.982106 0.978122 1.04769 1.01238 1.00579 0.953609 1.09787 1.02464 
1 0.25202	1.41967 1.05718 1.0261 1.00988 0.941691 1.04081 1.07352 1.24362 0.903366 1.00379 
00 0.514225	0.773642 0.878871 0.948056 1.03094 0.88159 0.906809 0.869023 1.11756 0.77131 0.927365 
01 0.485775	1.35689 1.11443 1.08303 1.0539 1.09935 1.03475 1.18836 0.921698 1.31316 1.0456 
10 0.178676	2.05218 1.26421 1.09838 1.19005 1.21303 1.1706 1.31994 0.9522 1.44851 1.06557 
11 0.821324	0.83459 0.916371 0.978013 1.05164 0.953308 0.926884 0.939284 0.975509 0.892038 1.00033 
000 0.0836908	0.338643 0.746817 0.889982 0.814844 0.962804 0.929369 0.748119 0.769556 0.979952 0.946691 
001 0.138055	0.888759 0.887643 0.968803 0.890456 0.922417 0.958561 0.928662 1.07289 0.801822 0.86149 
002 0.132023	2.03331 1.22676 1.13623 1.02124 1.05283 1.16615 1.22962 0.951672 1.33287 1.05191 
003 0.212308	0.999469 1.03612 1.0698 0.988686 1.08641 1.10483 1.09841 0.831633 1.22038 1.16099 
004 0.135299	2.17966 1.32947 1.13135 1.00371 1.03851 1.16527 1.18745 1.19318 1.05546 0.938752 
005 0.0736292	0.492661 0.757369 0.962818 0.845313 0.796027 1.06346 0.791309 1.26039 0.650278 0.912617 
006 0.0916205	0.555363 0.854128 0.84402 0.853394 0.871639 0.788944 0.736507 0.859405 0.649767 0.777763 
007 0.133375	0.822776 0.969699 0.930657 0.983431 1.13274 0.904546 0.946778 0.745234 1.05353 0.927235 
010 0.0684739	3.31627 1.26385 1.26842 1.13704 1.11981 1.21296 1.50979 1.21819 1.47093 1.19855 
011 0.0694372	2.14643 0.997641 1.04431 1.05534 0.971566 1.08086 1.02541 1.18442 0.844122 0.919448 
012 0.168047	0.993265 1.04226 1.01597 1.04334 0.907972 1.01393 0.963011 1.20618 0.76918 0.928685 
013 0.101417	1.20001 1.18628 1.16575 1.00685 1.14626 1.10128 1.23167 0.908405 1.66807 1.24261 
014 0.0637952	0.418741 0.817901 0.822665 0.866857 0.900263 0.820797 0.707818 0.733875 0.733717 0.891592 
015 0.129847	0.545432 0.794857 0.957391 0.943765 0.825051 0.957568 0.834447 1.14147 0.6808 0.990689 
016 0.233549	1.15355 1.07771 1.02758 1.13974 1.03819 1.05896 1.10219 1.06248 1.08275 1.11148 
017 0.165433	0.488817 0.859776 0.990377 0.892936 0.944005 0.880698 0.882495 0.811556 1.00307 1.04267 
100 0.0695092	1.23813 1.01539 1.09042 0.861627 1.09211 1.01233 1.0887 0.773655 1.45656 1.20036 
101 0.16167	0.841863 0.842921 0.997139 0.894365 0.837925 0.93851 0.918185 1.17176 0.781756 1.09436 
102 0.0801688	2.61018 1.27603 1.19819 1.10853 1.12068 1.19189 1.28308 1.1136 1.29626 1.36613 
103 0.147679	1.43961 1.05169 1.17979 1.07199 1.17257 1.11344 1.24607 1.01805 1.41114 1.0659 
104 0.122585	1.45914 1.10463 1.01223 1.0589 0.950573 0.905876 0.960383 1.10898 0.826188 0.923415 
105 0.206307	0.537358 0.829567 1.08885 0.910586 0.903952 0.974572 0.853645 0.957356 0.917202 1.05694 
106 0.139685	0.822697 0.9703 1.02089 1.00338 1.13962 0.93763 1.05958 0.728477 1.26474 1.05805 
107 0.0723962	0.901781 0.934924 0.936393 0.936941 0.742499 0.896934 0.795696 1.16345 0.603347 0.798256 
110 0.151553	2.41327 1.28027 1.14976 1.08863 1.26014 1.18228 1.28162 1.00797 1.49235 1.24535 
111 0.213054	0.955057 1.0581 1.06061 0.943352 1.1222 1.09734 1.14248 0.818785 1.42571 1.21233 
112 0.0813566	0.549628 0.939554 0.922387 0.950517 0.906105 0.969515 0.780409 1.0474 0.789018 0.883318 
113 0.0764771	1.29301 1.04413 1.07419 0.991858 1.0601 1.3237 1.08381 1.25355 0.919797 0.980489 
114 0.0939659	1.68972 1.27382 0.957289 1.08846 1.04949 0.954389 1.00605 1.14663 0.989476 0.91472 
115 0.126286	0.456971 0.75306 0.816873 0.815234 0.819626 0.884976 0.637859 0.982077 0.620958 0.798899 
116 0.0466689	0.876114 0.914628 0.965789 1.02978 0.814511 1.02458 0.82846 1.62121 0.522612 0.859285 
117 0.210638	0.787641 0.929844 0.973321 0.933549 1.04943 1.06191 0.920713 0.947021 0.985523 0.982575 
0000 0.11867	0.727628 0.838959 0.889247 0.930773 0.851569 1.00659 0.834039 1.13214 0.632051 1.01615 
0001 0.0484623	1.18769 0.975224 1.11812 1.06842 0.857165 1.09063 1.05523 1.1832 0.748523 0.965141 
0002 0.205343	0.880897 1.00309 0.945031 1.04294 1.05971 0.928711 0.977295 0.876818 0.985545 1.05704 
0003 0.0841876	2.03925 1.19089 1.02519 1.19665 1.044 0.959142 1.29222 1.06199 1.11369 1.28223 
0004 0.164958	1.88024 1.27205 1.0873 1.00341 1.23635 1.04654 1.22131 0.765092 1.32496 1.29638 
0005 0.117428	0.999814 1.13869 1.16013 0.966743 1.14821 1.13056 1.19191 0.878201 1.43772 1.2778 
0006 0.149736	1.13647 1.04719 1.07034 0.987713 0.915429 1.04604 0.965914 1.01147 0.865879 0.946371 
0007 0.111215	0.763819 0.88383 0.904413 0.900197 0.866944 0.843229 0.892852 0.822163 0.755874 0.798617 
0010 0.169492	1.06155 1.04128 1.00206 1.04779 0.925456 1.03482 0.866428 1.14261 0.792042 1.1193 
0011 0.13032	0.681527 0.992888 0.919344 0.983402 0.889377 0.921123 0.788095 1.05274 0.805844 0.984842 
0012 0.0975518	0.753748 1.06928 0.914618 0.961013 1.06583 0.938943 0.909477 0.883113 1.11595 1.1938 
0013 0.116573	1.32838 1.16695 0.996736 1.09362 0.972328 0.94829 0.96911 0.933566 0.940027 0.993838 
0014 0.255744	0.993024 1.09527 1.12787 0.953767 1.06738 1.22207 1.0424 0.935094 1.31293 1.22555 
0015 0.0998117	2.12631 1.26222 1.07614 1.13042 1.11421 1.02331 1.28546 1.15028 1.24461 1.13113 
0016 0.0514124	0.550423 0.953439 0.993533 0.889543 0.958988 0.974816 0.78911 0.797838 0.88657 1.005 
0017 0.079096	1.48704 1.24215 1.02441 1.20243 0.92277 0.989629 0.988154 1.39161 0.893929 1.12548 
0020 0.0827097	0.693553 0.855834 1.09244 0.986381 1.07194 1.12995 1.1378 0.976225 1.22187 1.14108 
0021 0.0781804	0.941745 0.950406 0.869001 0.955885 1.09428 0.882536 0.956261 0.895085 0.887302 1.15402 
0022 0.179007	0.542475 0.776454 0.961766 0.990312 0.878967 1.08093 0.803891 1.18485 0.619828 0.928946 
0023 0.076408	1.64694 1.1285 0.983883 1.0467 0.996116 1.13431 1.05696 1.34625 0.805992 1.05272 
0024 0.0592753	1.04592 0.951708 0.980337 0.933995 0.961998 0.88283 0.891991 0.936497 0.844869 0.871079 
0025 0.0606538	0.954872 0.952372 0.919587 0.981254 0.933819 1.05624 1.03318 1.25228 0.827836 1.12891 
0026 0.263293	1.48414 1.04614 1.06478 0.996795 1.18282 0.994483 1.27532 0.936578 1.43102 1.32624 
0027 0.200473	0.674475 0.982852 0.892369 0.946 1.12371 0.886748 0.906171 0.826253 0.971264 0.897179 
0030 0.177321	0.848123 0.962688 1.00879 0.944472 0.902296 0.987943 0.99836 1.30685 0.849439 0.998681 
0031 0.053637	0.830318 0.901981 0.947296 0.913698 1.10724 0.899951 0.947037 0.599669 1.56072 1.08889 
0032 0.168626	1.44931 1.15052 1.15104 0.980164 1.04109 1.18047 1.31204 1.00512 1.28408 1.09753 
0033 0.0535146	2.3494 1.06157 1.02537 1.0447 1.05292 1.01987 1.11829 1.12977 1.14373 0.936461 
0034 0.147563	0.83652 0.843377 0.950801 0.85918 0.870977 0.902457 0.86498 1.23934 0.708213 0.841488 
0035 0.162626	0.680713 0.986161 1.06223 0.948534 1.12911 1.10261 1.03951 0.849223 1.14118 0.886938 
0036 0.120867	1.35177 1.13892 1.04232 1.10179 1.16244 0.966915 1.13997 0.995936 1.4615 0.906613 
0037 0.115846	0.584046 0.899161 0.891913 0.857515 0.889926 0.913966 0.804354 0.97318 0.855207 0.866782 
0040 0.0703305	1.43317 1.07191 1.21596 1.15378 0.891171 1.16507 1.22368 1.19562 1.20558 1.1299 
0041 0.066103	1.19097 0.876279 0.944921 1.1034 0.777367 1.06932 0.927674 1.47993 0.526631 0.793113 
0042 0.320138	0.724524 0.818469 0.867138 1.0215 1.03547 0.93983 0.921424 0.87984 0.917774 0.961908 
0043 0.200038	0.559804 0.788668 0.917454 1.04504 0.850702 0.903161 0.936519 1.24871 0.787888 1.18356 
0044 0.0718678	1.20669 1.08795 0.981686 1.12079 1.11356 0.997995 1.1086 0.89258 1.16416 1.05202 
0045 0.114912	2.60422 1.22272 1.08036 1.17174 1.13177 1.00934 1.29818 0.932874 1.30909 1.23632 
0046 0.0657187	0.935375 0.987322 1.07452 1.13207 1.03181 0.967595 1.09091 1.00753 1.25457 1.2344 
0047 0.0908916	1.47654 1.18281 1.15105 1.15859 1.17616 0.954324 1.44395 0.823742 1.69644 1.13893 
0050 0.161017	1.09868 0.926877 0.988044 0.936069 1.00786 1.16527 0.968485 0.924878 0.925196 0.967105 
0051 0.0833333	0.788021 1.0317 0.868244 1.0492 1.0913 0.852621 0.936483 1.01421 0.821336 0.992129 
0052 0.129237	2.5392 1.24257 1.05355 1.02434 1.04834 1.11421 1.17991 1.16181 0.946235 1.12155 
0053 0.153955	0.963667 0.972943 0.908373 1.1663 0.880042 0.935442 0.926798 1.41182 0.596885 0.972729 
0054 0.162429	1.49132 1.2199 1.08303 1.2741 1.1602 1.21601 1.30415 0.899496 1.34624 1.10241 
0055 0.0843927	0.733709 0.895963 0.906426 0.990637 0.980232 0.946492 0.934673 0.709247 0.934052 1.03452 
0056 0.129944	0.988247 1.07829 0.977034 1.09916 1.10148 0.975527 1.12965 0.951801 1.00692 1.13986 
0057 0.0956921	0.635136 0.828729 0.818418 0.982642 0.919365 0.913101 0.709606 0.943531 0.655184 0.945496 
0060 0.13252	2.68812 1.23597 1.07367 1.16959 1.04752 1.12084 1.34625 1.05863 1.23211 1.08963 
0061 0.0803065	1.10896 1.11239 1.0476 0.937261 1.12242 1.03304 1.12723 0.846326 1.45062 1.04993 
0062 0.144154	1.46611 1.08223 0.989053 0.99834 0.934483 1.1149 1.01686 1.34974 0.876625 1.02189 
0063 0.218785	0.671778 0.856718 0.891175 0.968704 0.849039 0.906798 0.776375 1.0107 0.799061 0.977973 
0064 0.0550511	0.692575 0.784286 0.960711 0.838489 0.886202 1.07069 0.747911 0.784395 0.977671 0.912768 
0065 0.068672	0.777518 0.82666 0.872858 0.852511 0.821716 1.09528 0.733011 1.16453 0.64514 0.814493 
0066 0.211975	0.941581 1.02053 1.08682 1.04254 1.11446 1.03499 1.06228 0.978506 1.19799 1.0552 
0067 0.0885358	1.41624 1.0332 0.969947 0.958521 1.1204 1.13535 1.03372 0.837184 1.28969 1.24094 
0070 0.0660819	2.214 1.32172 1.02907 1.06249 1.07514 0.970852 1.1586 0.927259 1.2759 1.01807 
0071 0.0561404	0.824642 0.848512 1.01247 0.767426 1.07606 0.960964 0.888514 0.799337 1.37946 1.30341 
0072 0.0723197	0.558887 0.859728 1.0284 0.877978 1.01145 1.0739 0.960526 0.946293 1.24689 1.13822 
0073 0.203899	0.774133 0.942327 1.02963 0.91961 0.885 0.997499 0.940755 0.992319 0.961706 0.9168 
0074 0.0528265	0.479081 0.833468 0.909873 0.879658 0.695584 0.946469 0.796433 1.2538 0.667971 0.919868 
0075 0.231969	1.25123 1.10486 1.08323 0.923253 1.14618 0.979884 1.10743 0.962426 1.36841 1.04869 
0076 0.15809	0.610539 0.84644 0.947332 0.888304 0.875988 0.899331 0.823694 1.04915 0.835581 1.03546 
0077 0.158674	1.4394 1.03505 0.990055 0.964376 0.878792 1.02529 1.00167 1.3366 0.749759 0.969723 
0100 0.129421	1.49373 1.09881 1.09443 1.13378 1.27342 0.937487 1.35191 0.669626 1.76414 1.13181 
0101 0.151527	0.498766 0.820846 0.871478 0.874501 0.918826 0.902263 0.788815 0.879637 0.811153 1.02281 
0102 0.105707	0.866465 1.16447 1.09693 1.2623 1.06536 1.00006 1.14367 1.00796 1.23517 0.969148 
0103 0.162781	0.740729 1.04702 0.961718 1.12337 1.15159 0.967171 0.90583 0.797492 1.06218 0.971556 
0104 0.0446141	0.533254 0.990157 1.0045 0.960013 1.17101 1.09097 0.956864 0.647816 1.47736 1.10962 
0105 0.146704	1.03451 1.07384 0.848329 0.973578 1.017 1.04932 0.920303 0.919038 0.842784 1.04769 
0106 0.0747588	0.667876 0.845055 0.908126 1.11146 0.728281 0.925948 0.756645 1.34088 0.530606 0.822275 
0107 0.184486	1.84764 1.11672 1.0095 1.09884 1.00376 1.15814 1.19259 1.0635 0.94593 1.1812 
0110 0.205311	0.573643 0.954665 0.936051 0.912462 0.938044 0.831377 0.855825 0.835012 1.04744 1.00969 
0111 0.171621	0.911703 0.954357 0.958916 0.989225 0.889315 1.03589 1.02242 1.24673 0.789191 1.21425 
0112 0.120095	0.89002 1.14357 0.969643 0.960913 1.04685 0.91175 1.00291 0.688138 1.22196 0.982424 
0113 0.2283	1.7144 1.2738 1.01084 1.19896 1.10706 1.09964 1.23754 1.11694 1.25885 1.0956 
0114 0.058264	1.24132 1.2593 1.12834 1.05721 1.16454 1.03213 1.24915 0.777116 1.65787 1.1614 
0115 0.0939358	0.93405 1.10009 1.07596 1.03658 1.15464 1.06886 1.13743 1.04682 1.36355 1.25546 
0116 0.0653983	0.74324 1.02459 0.859551 0.959658 0.799688 0.776195 0.820868 1.21452 0.697602 0.848365 
0117 0.0570749	0.546511 1.00464 0.784707 0.877854 0.898869 0.708057 0.686706 0.951616 0.692519 0.855147 
0120 0.262201	0.859988 0.883759 0.983874 0.949945 0.896753 0.978137 0.906103 1.10357 0.792861 0.947719 
0121 0.168195	1.49399 1.13553 1.1015 1.02297 1.08387 1.12432 1.10634 1.04228 1.19223 1.04871 
0122 0.107599	1.44642 0.985735 0.971614 0.981101 0.974731 0.944019 1.04058 0.913038 1.10948 1.07637 
0123 0.0723878	0.661242 0.949365 1.14227 1.08179 1.08856 1.25419 1.19675 0.964309 1.30154 1.22798 
0124 0.110875	0.470953 0.815409 0.891259 0.901944 1.0254 0.87127 0.845269 0.833727 0.910524 0.912722 
0125 0.141991	0.814387 0.986069 1.03362 0.98885 1.18494 0.981871 1.00163 0.708544 1.40284 1.21309 
0126 0.0756633	0.968312 0.703741 0.880131 0.922655 0.933855 0.879542 0.824103 1.05484 0.805176 0.930159 
0127 0.0610875	2.25883 1.28405 1.07302 1.06066 1.11656 1.10129 1.20217 1.35584 1.01525 1.18138 
0130 0.155495	0.785787 0.872192 0.977891 0.981125 0.928657 1.13711 0.953262 1.03002 0.690704 0.967804 
0131 0.27137	1.051 0.955019 0.970475 1.00842 1.10232 1.09105 1.07294 0.792489 1.0561 1.01115 
0132 0.0865672	1.2504 1.07062 1.1037 1.06055 1.28828 0.929938 1.14494 0.543205 1.73471 1.03679 
0133 0.122117	0.668359 0.711169 0.953856 0.964896 1.1029 0.877299 0.906534 0.731713 1.17683 1.13964 
0134 0.0786974	1.75426 1.0997 1.19519 1.11636 1.25452 1.10719 1.40121 0.769953 1.43185 1.26942 
0135 0.123474	0.549583 0.730748 0.835984 0.939395 0.937045 0.881417 0.74722 0.95905 0.691316 1.08831 
0136 0.0792402	2.5063 1.18424 1.0539 1.28392 0.994894 0.98979 1.21771 1.18352 0.973818 0.850216 
0137 0.0830393	1.61393 1.03823 1.0841 1.08764 0.961139 1.20526 1.07818 1.35853 0.841648 0.983438 
0140 0.125108	0.798362 0.973903 0.994456 0.889007 1.05881 0.966704 0.877174 0.982266 1.12646 0.998532 
0141 0.133736	1.9616 1.2938 1.01645 1.14589 1.02643 0.912658 1.11095 1.17227 1.01541 0.897703 
0142 0.0664366	2.89357 1.33005 1.12133 1.27131 1.20469 1.05452 1.2484 1.21798 1.30684 1.13294 
0143 0.225194	0.775459 0.851597 0.92563 1.06523 0.917531 0.896086 0.821742 1.2334 0.702571 0.86314 
0144 0.0780846	0.78586 0.921421 1.11089 0.879622 0.987978 1.1662 0.972863 1.23988 1.08174 0.885692 
0145 0.0927524	0.526052 0.68542 0.970572 0.860249 0.97381 0.952058 0.816544 0.992484 1.04361 1.01517 
0146 0.144521	1.39805 1.03571 1.09406 1.14604 1.06681 1.03316 1.23045 0.996218 1.48418 1.03805 
0147 0.134167	1.18667 0.874437 1.05651 0.963319 0.95248 0.997695 1.04257 1.22173 0.874354 1.10385 
0150 0.213438	1.27808 1.076 1.05407 0.937968 1.08147 1.11308 1.05437 0.909865 1.24379 1.12479 
0151 0.0951674	1.70686 1.17736 1.06513 1.05848 0.951916 1.13219 1.01867 1.52258 0.711849 0.818588 
0152 0.0847817	0.799911 0.906902 0.841269 0.965903 0.820969 0.781883 0.665681 1.11779 0.531308 0.799139 
0153 0.10407	1.70637 1.23523 1.16605 1.01152 1.24862 1.21843 1.3385 0.91761 1.54941 1.20575 
0154 0.10089	0.954323 0.969042 0.990973 0.966782 1.1767 1.01772 0.886872 0.845191 1.07353 0.950418 
0155 0.170623	1.01774 0.979407 0.924576 1.00809 1.0194 0.84824 0.941072 1.12981 0.942857 0.880115 
0156 0.10195	0.736255 0.870118 0.997371 0.949832 1.09845 0.950771 0.87247 0.886322 1.17192 1.01227 
0157 0.12908	0.596184 0.84905 0.927977 0.934399 0.868222 1.01294 0.787402 1.03893 0.78893 0.922002 
0160 0.132218	0.58177 0.795414 0.932635 0.86365 0.936563 0.977711 0.840554 0.792164 0.898313 0.829754 
0161 0.0661089	0.688174 0.989946 0.987855 0.934481 0.994236 0.935132 0.985097 1.20678 0.786942 1.03361 
0162 0.149305	1.21623 0.969813 1.03001 0.886787 1.10248 1.00553 0.916941 1.01458 1.02762 1.0368 
0163 0.0616309	0.896734 1.0063 0.884345 0.854045 1.06699 0.805666 0.829193 0.76838 0.914369 0.942706 
0164 0.148244	1.06797 0.987829 1.07057 0.956191 1.10064 1.03831 1.1026 1.09454 1.16888 1.11216 
0165 0.139053	1.14445 1.02811 1.03089 1.01974 0.892102 1.02211 1.00187 1.29605 0.689818 0.808482 
0166 0.16922	1.01182 1.01815 1.07796 0.91986 1.18388 0.951506 1.05539 0.87061 1.4693 0.992517 
0167 0.134221	2.27733 1.18036 1.11683 0.955541 1.00291 1.13052 1.28403 1.14097 1.23386 1.08589 
0170 0.142738	1.36312 1.08743 1.04264 1.1327 1.12892 1.20938 1.10945 1.05698 1.12204 1.1457 
0171 0.0653801	2.15564 1.0012 0.914313 1.12155 1.15724 1.00369 1.02857 1.07752 0.89826 0.900012 
0172 0.0966561	2.28074 1.18294 1.04553 1.10659 1.17448 1.07641 1.23179 1.15908 1.23502 1.04461 
0173 0.240559	0.92174 0.854256 0.924092 0.991532 0.959467 1.05199 0.887253 1.14446 0.850181 1.10009 
0174 0.154051	1.05324 0.834812 0.847684 1.00972 0.846613 0.850047 0.807966 1.10698 0.668617 0.895796 
0175 0.0986525	1.25684 1.04903 1.10292 1.00329 1.19072 1.1354 1.20337 0.792298 1.43125 1.02595 
0176 0.058892	1.58377 1.29156 1.092 1.0717 1.3643 1.07582 1.18961 0.753006 1.8684 1.09424 
0177 0.143071	0.661718 0.880039 0.879791 0.927447 1.09792 0.963979 0.932282 0.809277 1.15382 1.01367 
1000 0.0607029	0.822354 0.912781 1.13507 1.22528 0.961513 1.20346 0.934537 1.46159 0.932396 1.10303 
1001 0.0990415	1.59926 1.25216 0.988569 1.11782 0.982718 0.969473 1.17371 1.29337 1.02145 1.02348 
1002 0.086262	1.03423 0.934185 0.917219 1.13338 0.941534 0.926167 0.943992 1.2716 0.679786 1.21559 
1003 0.233227	1.22289 1.23673 0.996469 1.22117 1.00378 1.00295 1.11052 1.20895 0.945859 0.743416 
1004 0.115016	1.02508 1.06782 1.02219 1.00988 1.02658 0.982799 1.07935 0.834886 1.26213 0.917012 
1005 0.0798722	1.15908 1.30458 1.12068 1.41633 1.3475 1.13315 1.25419 0.955498 1.6072 1.21476 
1006 0.0670927	2.47884 1.30846 1.05282 1.24538 1.25331 1.23566 1.42408 0.957614 1.3967 1.19659 
1007 0.258786	0.618387 0.876394 0.954541 1.10278 0.997041 1.01427 0.881542 1.13433 0.767873 1.16154 
1010 0.0755495	2.09344 1.10702 1.00284 1.00823 1.13443 1.11417 1.05179 0.846483 1.1262 0.845945 
1011 0.100275	1.60075 1.2204 1.17144 1.09252 1.08534 1.29676 1.11579 0.967272 1.08753 0.813541 
1012 0.206044	0.661859 0.881724 0.868864 0.909955 0.971846 0.989697 0.769938 0.865099 0.833214 0.878466 
1013 0.0549451	0.657658 0.922885 1.00281 1.10484 0.943547 1.19146 0.761474 1.45847 0.623083 0.91002 
1014 0.0728022	1.81558 1.46528 1.2792 1.28396 1.18161 1.13186 1.3431 1.17373 1.49778 1.20618 
1015 0.192308	1.29364 1.29373 1.0499 1.28071 1.05919 1.05386 1.06902 1.14836 0.989897 0.805069 
1016 0.245879	0.846841 1.04147 1.04282 0.969211 1.15237 1.11904 0.91002 0.961092 1.10719 0.907409 
1017 0.0521978	0.908372 1.22077 1.09292 1.11278 1.16415 1.03326 1.16164 0.743772 1.49633 0.93658 
1020 0.213296	1.0285 0.920025 0.84905 0.904305 0.964929 0.782955 0.954986 1.23201 0.829845 0.724927 
1021 0.135734	0.632846 0.805221 0.928966 0.906979 0.870347 0.725464 0.857844 0.736457 0.964521 0.796678 
1022 0.0526316	1.46753 1.52608 1.18093 1.0971 1.42964 1.03613 1.69459 0.793042 2.34854 0.918303 
1023 0.130194	0.442456 0.776728 0.916699 1.02615 0.747816 0.854675 0.802428 1.10265 0.634334 0.761687 
1024 0.127424	1.43967 1.20243 1.16286 0.984917 0.943468 1.04111 1.12319 0.933293 1.29519 0.826441 
1025 0.144044	2.32026 1.29229 1.0891 1.1496 1.06179 0.933163 1.16927 1.02794 1.09403 0.72827 
1026 0.132964	0.753769 0.931028 0.986543 0.962259 1.02951 0.98645 1.07558 0.931489 1.2043 0.728204 
1027 0.0637119	1.11265 1.03357 1.00455 1.03065 0.783892 0.860525 1.03444 1.41152 0.697152 1.01163 
1030 0.0887218	1.15218 1.07919 1.10641 0.85028 1.02431 1.10867 1.04239 1.06756 1.05983 1.15237 
1031 0.210526	0.711615 0.98284 0.978403 0.963114 0.884564 0.981641 0.874436 0.911951 0.915025 1.0435 
1032 0.0827068	1.53318 1.07269 1.00593 1.01017 0.868076 1.01811 1.05361 1.3027 0.79301 1.43752 
1033 0.0601504	1.30731 1.16147 0.887735 1.10591 1.04763 1.06712 1.13202 0.998528 0.991526 1.20277 
1034 0.144361	1.91793 1.27305 1.10972 1.04294 1.03073 1.12486 1.2672 0.807176 1.39783 1.33751 
1035 0.0556391	0.646671 1.05447 1.07692 0.921756 0.985059 1.04717 1.01562 0.628231 1.48027 1.00617 
1036 0.141353	0.934643 1.07218 1.01467 1.01268 1.04327 0.958174 1.11885 0.810048 1.42211 1.48385 
1037 0.216541	0.939189 0.979755 0.930046 0.916688 0.831069 0.989326 0.891181 1.3464 0.633929 0.966818 
1040 0.134058	1.06482 0.806709 0.979639 0.845987 1.00118 0.968567 0.98163 0.901951 1.12094 0.990553 
1041 0.253623	1.77143 1.09862 1.02491 1.04636 1.1322 0.990928 1.26624 1.09417 1.30595 1.27661 
1042 0.164855	0.602943 0.882455 0.900249 0.91487 0.761169 0.944216 0.806533 1.09178 0.672142 0.704232 
1043 0.0923913	0.624418 0.82158 0.875093 0.843102 1.14327 0.927954 0.911486 0.748717 1.29833 0.963496 
1044 0.0597826	0.849882 0.898574 1.00886 0.851533 1.0024 1.17111 1.1461 0.886396 1.25247 1.23583 
1045 0.0815217	1.08726 0.941118 1.0445 1.09348 0.89899 1.1661 0.997678 1.49847 0.747374 1.16475 
1046 0.108696	1.15531 0.861217 1.03583 0.962396 0.882087 1.0559 1.1453 0.995715 1.00417 1.11686 
1047 0.105072	0.873105 0.855829 0.936296 0.849961 0.957868 1.00457 0.933768 0.865218 0.999711 1.03021 
1050 0.123789	1.80886 1.23865 0.941167 0.98258 1.123 0.975571 1.17371 1.03076 1.15305 0.863873 
1051 0.0914962	0.886833 0.85396 0.769674 0.897718 1.05546 0.851279 0.858505 0.690917 0.967526 0.911683 
1052 0.191604	0.638967 0.863294 0.81892 0.898641 0.802766 0.84149 0.794553 1.06369 0.655205 0.808304 
1053 0.0979548	1.24454 1.10079 1.0873 1.08007 1.22046 1.13232 1.31112 0.781723 1.82188 1.24849 
1054 0.0925727	1.05475 1.00253 0.869176 0.915057 1.16148 0.898767 1.07941 0.746856 1.36961 0.902264 
1055 0.156082	0.568763 0.867071 0.871584 0.87261 1.00464 1.0305 0.877529 0.859261 1.05688 1.15982 
1056 0.138859	0.981517 0.95393 0.983213 0.968303 0.974139 1.06101 1.09207 1.07341 1.03518 1.14943 
1057 0.107643	0.654004 1.01433 1.0067 1.00365 1.23783 1.15758 1.20267 0.769075 1.5371 1.29975 
1060 0.165342	0.725504 0.922876 0.910273 0.960652 0.902649 0.835668 0.80694 1.11378 0.777652 1.0417 
1061 0.073132	1.78898 1.24992 0.970537 0.978178 0.952636 0.778272 1.0725 1.20525 0.922646 1.00087 
1062 0.146264	1.1458 0.957909 0.988705 0.882354 0.903196 0.990242 0.950347 1.14591 0.936613 1.00764 
1063 0.0890302	0.985313 0.994035 1.08791 0.959158 0.862738 1.23297 1.01196 1.6565 0.863311 1.34381 
1064 0.138315	0.978206 0.998921 1.06856 0.846128 0.961735 0.994683 1.01426 0.919828 1.23002 1.34783 
1065 0.0699523	0.461963 0.980413 0.923334 0.961412 0.981727 0.893785 0.872558 1.01514 1.10009 0.817636 
1066 0.225755	1.51786 1.21378 1.11643 1.0532 1.10691 1.03713 1.20909 0.896029 1.40751 1.25031 
1067 0.0922099	0.548992 0.93831 0.899221 0.87297 0.761096 0.87099 0.739365 1.20925 0.593498 0.952318 
1070 0.0766871	1.26777 0.994132 0.995526 0.984287 1.21845 1.16731 1.19872 0.866362 1.2181 1.31536 
1071 0.226994	1.94764 1.26289 0.977195 1.03504 1.17666 1.02284 1.18795 0.901141 1.22999 0.988011 
1072 0.113497	0.809133 0.910603 0.842097 0.918104 0.991125 0.813853 0.76888 1.08293 0.75553 0.894009 
1073 0.134969	1.05015 0.911905 0.910782 0.843911 1.19908 0.876847 0.997967 0.865714 1.183 1.03917 
1074 0.144172	0.574969 0.77718 0.78449 0.829594 1.10945 0.788144 0.721158 0.865736 0.720174 0.998895 
1075 0.107362	0.63615 0.781042 0.990674 0.978487 1.15584 1.10091 0.933661 1.00731 0.984649 1.01821 
1076 0.0858896	0.8547 0.941721 1.00816 1.13363 1.04815 1.0303 1.06783 1.21846 1.02315 0.971234 
1077 0.110429	1.22346 1.06509 1.0899 1.13536 1.07008 1.10478 0.988455 1.22384 0.991589 1.13412 
1100 0.180746	0.548849 0.887975 0.84718 0.960167 0.868574 0.878427 0.805603 1.06003 0.744211 0.809228 
1101 0.0529168	0.821655 1.16192 1.07648 1.02959 1.2619 1.15713 1.23482 0.69605 1.91189 1.19799 
1102 0.095314	1.35913 1.06634 0.924334 1.04634 0.94749 0.988621 1.06239 1.52386 0.773776 0.859158 
1103 0.139943	1.06311 1.23904 1.19356 1.2319 1.10002 1.14852 1.33166 1.00616 1.49633 0.963364 
1104 0.150143	0.604585 0.985668 0.908471 0.845258 1.02305 0.961303 1.0328 0.682466 1.25233 0.871743 
1105 0.0656678	1.22017 1.1662 0.992594 0.921087 1.02885 0.861871 0.970441 0.796578 1.06344 0.802732 
1106 0.184571	0.884459 0.931341 0.928124 1.09527 0.797839 1.06956 0.971683 1.1898 0.73622 0.885777 
1107 0.130698	2.09905 1.51157 1.0135 1.11373 1.0385 1.02574 1.29841 1.03087 1.16906 0.873965 
1110 0.147846	2.20328 1.28057 1.05445 1.20591 1.04297 1.06386 1.07251 1.13437 1.10013 0.838347 
1111 0.14263	1.68038 1.16971 1.06656 1.10688 1.24984 1.07642 1.26852 0.945829 1.57699 1.12996 
1112 0.10068	0.865153 1.12453 1.04768 1.06331 1.1516 1.1113 1.03496 0.956958 1.29276 1.06252 
1113 0.092517	1.18359 1.02448 0.848268 1.0163 1.01417 0.970624 0.84636 1.01827 0.759122 0.848146 
1114 0.243764	0.799525 0.860819 0.957067 0.917884 0.939032 0.928264 0.797366 1.09156 0.778174 0.74151 
1115 0.0773243	0.77972 0.856758 0.89364 0.92458 1.04409 0.852975 0.782234 0.732464 1.12561 0.837421 
1116 0.106122	0.916139 1.13781 0.972855 1.01692 1.13394 0.892591 1.01689 0.829357 1.27255 0.846848 
1117 0.0891156	1.11987 1.00874 1.01597 1.04955 0.946906 1.08985 0.970346 1.33635 0.845332 0.918328 
1120 0.187648	0.892952 0.803035 0.899795 0.925498 0.938626 1.01673 0.899813 1.25201 0.697631 0.919306 
1121 0.0789786	0.78158 0.97215 0.995887 0.99243 0.946281 0.902825 1.13176 0.972839 0.970057 0.920508 
1122 0.124109	0.610258 0.812741 0.934397 0.854783 0.955456 0.951275 0.906151 0.857535 0.904281 1.09378 
1123 0.154988	1.1137 0.869079 1.07626 0.925829 0.995481 1.15601 0.986856 1.03688 0.970148 0.861411 
1124 0.124703	0.63217 0.942287 0.968269 0.987227 1.08108 0.929527 1.01654 1.12558 1.1066 1.10902 
1125 0.166865	2.0776 1.21592 1.09471 1.21405 1.17169 1.06269 1.1813 1.12466 1.14391 1.03351 
1126 0.0694774	1.08018 0.971411 0.940043 0.947312 1.13608 0.967517 1.05814 0.827694 1.31241 0.947097 
1127 0.0932304	1.00219 1.10851 1.06271 1.01621 1.18801 1.00244 1.17409 0.681425 1.67241 1.18531 
1130 0.152874	1.10275 1.02891 1.1255 1.08407 0.891435 1.00875 1.10255 1.15857 1.04892 1.15637 
1131 0.11055	0.601675 0.813658 0.897575 0.94845 0.916692 0.895409 0.790167 1.03828 0.79086 1.05007 
1132 0.0688566	1.41857 1.11836 0.958099 1.07759 1.05634 1.00493 1.12524 1.08093 1.05273 0.921285 
1133 0.196462	0.885403 0.945374 0.978943 1.08035 0.896878 0.957465 0.964373 0.966608 1.02786 0.764205 
1134 0.0397979	1.062 0.94979 1.05627 1.12182 0.780785 0.949516 0.897969 1.47213 0.819457 1.05749 
1135 0.128869	2.00258 1.2679 1.16665 1.17007 1.07101 1.1407 1.20147 1.19141 1.38235 1.23499 
1136 0.196462	0.795087 1.01338 0.889813 1.01305 0.975619 0.789344 0.81277 0.837131 1.102 1.00699 
1137 0.106128	0.621238 0.862315 1.04641 1.0564 0.946967 0.970279 1.00859 0.961055 1.44171 1.02219 
1140 0.115167	1.31067 0.8483 0.993671 0.956397 0.939643 0.94609 0.890032 1.2805 0.800654 1.06802 
1141 0.153728	0.930181 0.907608 1.05382 0.946736 1.02358 0.943424 1.06514 0.802961 1.35247 1.06486 
1142 0.111054	0.733108 0.982416 1.10256 0.982982 0.962685 1.0875 1.09934 1.17989 0.987606 1.04245 
1143 0.0375321	0.716319 0.804524 0.957097 0.755521 1.01457 0.904944 0.879539 0.642775 1.19838 0.888306 
1144 0.128021	0.870779 0.821374 0.967783 0.991299 0.852923 1.11105 0.953009 1.18259 0.746552 1.0563 
1145 0.179949	1.80432 1.0743 1.0053 1.07834 1.21662 1.15542 1.18605 1.05227 1.32608 1.03498 
1146 0.0894602	1.16605 0.999642 1.01041 0.914021 1.00321 1.0947 1.0351 0.960585 0.886095 0.831457 
1147 0.18509	0.537891 0.647937 0.886075 0.873157 0.965682 0.973551 0.855876 0.924338 0.824323 1.08983 
1150 0.102525	0.763065 0.851436 0.863253 0.998188 0.890506 0.80772 0.758337 1.16246 0.629745 0.98352 
1151 0.194338	0.670388 0.955594 0.963061 0.893577 0.999532 1.01729 0.986399 0.839204 1.00758 1.04778 
1152 0.0788064	2.18577 1.19792 1.02693 1.05503 1.10218 0.979377 1.05834 0.810039 1.29583 1.11929 
1153 0.102142	0.910473 1.06351 1.04559 1.08523 0.900414 1.06458 0.928184 1.39359 0.676096 0.795648 
1154 0.0891354	2.10689 1.10243 1.11584 1.052 1.13919 0.991609 1.28694 0.770483 1.67604 1.13865 
1155 0.218057	1.3401 1.06028 1.07418 1.09513 1.10261 1.0362 1.04605 1.11642 1.00953 0.871873 
1156 0.143841	1.03932 1.26319 1.03354 1.12118 1.34034 0.977184 1.27247 0.826731 1.73189 1.34922 
1157 0.0711553	0.441991 0.79859 0.88603 0.92635 1.00601 0.927803 0.862774 0.724616 0.890872 0.827581 
1160 0.180124	0.877729 0.97314 1.00886 0.912383 0.983032 1.15447 0.860651 1.12809 1.0647 0.946877 
1161 0.120083	2.20208 1.50411 1.04777 1.06596 1.11195 1.06903 1.26379 0.968613 1.2861 1.07835 
1162 0.114907	0.555987 0.826425 0.840736 0.899033 0.859258 0.893876 0.787949 1.22214 0.801535 0.897772 
1163 0.0879917	1.23772 1.03296 1.09591 1.00647 1.08338 1.18978 1.21971 1.06753 1.38652 1.36244 
1164 0.0672878	2.11147 1.24912 0.990021 1.26336 0.994818 1.05801 1.14622 1.46139 1.14317 0.637812 
1165 0.135611	0.944563 1.10026 1.03797 1.00273 1.32757 1.20407 1.14216 0.806014 1.64869 1.02426 
1166 0.15942	1.27795 1.16435 0.931622 0.958635 1.01165 0.993099 0.9953 0.911753 1.04499 0.84793 
1167 0.134576	0.627236 0.916437 0.89475 0.93675 0.981692 0.929121 0.801968 0.866405 1.19742 0.903005 
1170 0.183257	1.19259 1.0195 1.02081 0.97136 0.9983 1.0643 0.978299 1.04574 0.907711 0.972709 
1171 0.083945	0.568486 0.833183 1.02868 0.98407 0.805099 1.01924 0.917253 1.16895 0.791712 0.996206 
1172 0.121789	0.432332 0.838684 0.935237 0.939612 0.966328 0.960535 0.917255 0.871148 1.12344 1.1528 
1173 0.196789	0.688296 0.890118 0.89292 0.942756 0.923472 0.877877 0.825518 1.139 0.739843 0.855128 
1174 0.114679	1.5445 1.12725 1.10511 0.997901 1.02589 1.04311 1.24985 1.23779 1.2146 1.17274 
1175 0.0472477	2.4147 1.21493 1.09369 1.16243 0.86921 1.04822 1.11259 1.25409 0.814817 1.02021 
1176 0.127064	0.813323 1.20079 1.06789 1.05496 1.13878 1.09559 1.07788 0.900385 1.39225 1.10843 
1177 0.125229	1.23188 1.15202 0.919716 0.989343 1.00979 0.840275 0.995234 0.861435 0.926596 0.929718 
BOUNDS
LWPS R    0.0  0.0  0.0  0.0  0.0  0.0  0.0  0.0  0.0  0.0
UWPS R    0.5  0.5  0.5  0.5  0.5  0.5  0.5  0.5  0.5  0.5
LXAS R   -0.5 -0.5 -0.5 -0.5 -0.5 -0.5 -0.5 -0.5 -0.5 -0.5
UXAS R    0.5  0.5  0.5  0.5  0.5  0.5  0.5  0.5  0.5  0.5
END
