NAME moment_estimations_cluster
ASSETS 10
BENCHMARKS 0.1 0.1 0.1 0.1 0.1 0.1 0.1 0.1 0.1 0.1 
COVARIANCES
0 0 0.0146521
1 0 0.000806022
1 1 0.00321177
2 0 0.00412368
2 1 0.00145712
2 2 0.011912
3 0 -0.0085272
3 1 0.00613355
3 2 0.00376253
3 3 0.0390453
4 0 -0.00466506
4 1 0.00328961
4 2 0.000105594
4 3 0.0226777
4 4 0.015712
5 0 -0.0055985
5 1 0.00404681
5 2 0.00510868
5 3 0.0217709
5 4 0.0118647
5 5 0.0149504
6 0 -0.000532362
6 1 0.00109494
6 2 0.00124009
6 3 0.00378976
6 4 0.00123348
6 5 0.00294839
6 6 0.00252964
7 0 -0.0120123
7 1 0.00775456
7 2 0.00839689
7 3 0.0509288
7 4 0.0294114
7 5 0.031569
7 6 0.0044586
7 7 0.076662
8 0 0.0081371
8 1 -0.00364753
8 2 0.000267449
8 3 -0.0187531
8 4 -0.0105497
8 5 -0.0123513
8 6 -0.00143106
8 7 -0.0286651
8 8 0.0166133
9 0 -0.00256496
9 1 -0.000440432
9 2 0.00165417
9 3 0.00560313
9 4 0.00469405
9 5 0.0036678
9 6 0.000582138
9 7 0.00812558
9 8 -5.48599e-05
9 9 0.00743175
SCENARIOS
0 0.63211	1.00212 0.988484 1.0179 1.10382 1.08347 1.06919 0.992229 1.20015 0.940838 1.02732 
1 0.36789	1.07137 0.948835 0.955381 0.835903 0.925127 0.89579 0.995248 0.789556 1.14433 0.965296 
00 0.622518	1.07196 1.02228 0.992067 0.903624 0.915982 0.916096 1.00184 0.807221 1.09295 1.03037 
01 0.377482	0.944535 1.01786 1.06347 1.18497 1.08872 1.17031 1.01295 1.36216 0.877933 0.985186 
10 0.170921	1.12117 0.968587 0.961865 0.774814 0.853442 0.862821 0.993923 0.676746 1.19478 1.04244 
11 0.829079	1.00523 1.00051 1.04259 1.02956 0.999102 1.00061 0.98317 1.08339 0.981598 0.974599 
000 0.0813723	0.836811 0.998111 0.924678 1.4563 1.36884 1.17169 1.0183 1.47101 0.902603 1.11753 
001 0.159314	0.920994 0.945361 1.0278 0.818454 0.881916 0.890941 1.037 0.74423 1.15175 0.8754 
002 0.120407	1.15446 1.01079 1.06091 0.67532 0.838873 0.814439 1.01251 0.611653 1.31883 0.899557 
003 0.0454892	1.0528 1.06254 0.864686 1.02698 1.11045 0.938809 1.0854 0.959719 1.02955 0.938163 
004 0.195248	0.817897 0.992227 0.845914 0.950585 0.954574 0.887001 0.946627 0.901734 0.983775 0.867083 
005 0.162338	0.877052 1.02815 0.999211 1.00873 0.999272 1.03995 1.02583 1.05907 0.86781 0.845229 
006 0.155553	0.949383 1.03944 1.25017 1.25954 1.14608 1.23493 1.09719 1.47054 0.977572 0.992243 
007 0.0802795	1.17358 0.990225 1.09363 1.07263 1.10297 0.996593 0.961652 1.02971 1.14097 1.06765 
010 0.0655044	1.09153 1.02775 1.32023 0.932521 0.856124 0.936083 1.00775 0.930398 1.10303 1.05651 
011 0.151796	0.78543 1.05503 0.941593 1.30869 1.1302 1.10589 1.05348 1.35537 0.87044 1.04842 
012 0.172583	0.838756 1.01859 0.898697 1.19565 1.12439 0.989972 1.00802 1.05813 0.998135 1.12083 
013 0.190855	1.04964 1.04711 1.05428 0.988953 0.916324 1.00317 1.01112 0.910756 0.982992 0.960367 
014 0.0830644	0.821378 1.07748 1.06433 1.64809 1.29054 1.32022 1.06735 1.88501 0.788387 1.10666 
015 0.0395625	0.770819 1.00666 0.731086 0.837221 0.951856 0.872329 0.945409 0.826509 0.922711 0.973481 
016 0.162734	1.22331 1.03473 1.03653 0.723518 0.799359 0.825361 0.957773 0.688018 1.2261 1.00822 
017 0.133901	0.948004 1.09893 0.804231 0.883971 0.895913 0.877166 1.03354 0.654469 1.01385 1.00903 
100 0.176368	1.06419 1.04718 1.02962 1.04756 1.05498 1.00833 0.98908 0.975257 1.03922 0.985624 
101 0.110369	0.888875 1.08664 0.829403 1.01469 1.02342 0.90355 0.945378 0.829222 0.918342 0.859582 
102 0.190045	0.915143 1.04999 1.02119 1.30947 1.1176 1.24114 1.09174 1.48668 0.828919 0.854579 
103 0.10369	0.999042 1.02734 1.01817 0.814002 0.925358 0.865438 1.03554 0.760976 1.04058 0.7469 
104 0.0717239	0.83404 0.978937 0.911286 1.26765 1.28824 1.03054 0.973694 1.27186 0.912669 1.05862 
105 0.15792	0.885145 0.930211 0.922849 0.77596 0.901151 0.85008 0.949317 0.66165 1.12478 1.06111 
106 0.112436	1.27839 0.957266 1.03114 0.744518 0.786562 0.792191 0.966215 0.649851 1.34297 0.971859 
107 0.0774491	0.973354 1.00467 1.29261 1.08388 1.01324 1.10125 1.08591 1.15201 1.14661 1.26062 
110 0.0914396	1.04032 1.0367 0.961973 0.886576 1.04335 0.927619 0.95265 0.771757 1.15418 1.20261 
111 0.183601	0.865809 1.08973 0.86888 1.25781 1.2334 1.04666 1.0085 1.25375 0.878918 1.09126 
112 0.118357	0.81087 1.07507 1.05581 1.11652 0.978803 1.09202 1.09305 1.05841 0.852842 0.99354 
113 0.0765221	1.04504 1.06171 1.27503 1.37064 1.20159 1.22276 1.05742 1.34258 0.947533 1.13907 
114 0.0565555	0.897978 1.12634 1.06157 1.42466 1.29975 1.28302 0.965165 1.88957 0.759707 1.14939 
115 0.133471	1.00153 0.973503 0.866711 0.888243 0.939616 0.886208 0.978795 0.710913 1.06408 0.957914 
116 0.157044	1.14761 1.05239 1.1351 0.867271 0.852381 0.930461 0.997249 0.645246 1.23084 1.06694 
117 0.18301	0.878164 0.917485 0.932589 0.85613 0.899307 0.93648 0.975338 0.840831 0.954224 1.01643 
0000 0.194878	0.891984 1.00126 0.923304 0.909551 1.0094 0.855878 1.00559 0.91363 1.06663 1.075 
0001 0.128045	0.983248 0.913065 0.866064 0.75855 0.817489 0.831023 1.01827 0.7121 1.12618 0.813657 
0002 0.154279	1.17563 1.0773 1.05267 0.875569 0.899321 0.99684 0.984409 0.910075 1.10865 0.992113 
0003 0.158026	0.927133 0.866066 0.997887 1.06957 0.924332 1.11303 1.09326 1.21679 0.993913 1.06906 
0004 0.169894	0.822103 1.07421 0.912227 1.15077 1.02467 1.14435 1.02404 1.46514 0.865324 0.985112 
0005 0.0977514	1.10676 0.887983 0.991887 0.688428 0.808173 0.724804 1.00314 0.619701 1.34047 0.991327 
0006 0.0480949	1.13274 1.05707 1.19022 1.30933 1.19258 1.0983 1.06696 1.4122 1.0047 1.01303 
0007 0.0490319	0.737483 1.13952 0.917091 1.44933 1.23956 1.31259 1.0805 1.93446 0.774534 1.10359 
0010 0.112299	0.942819 1.00964 1.02413 1.15498 1.10431 1.0457 0.975556 1.16264 1.14435 1.24893 
0011 0.052959	0.97302 1.04154 0.896597 1.31711 1.24058 1.18675 1.0305 1.70623 0.77825 1.03785 
0012 0.25331	0.994719 1.01767 0.839868 0.783559 0.927892 0.891352 0.952828 0.77332 1.03186 0.997412 
0013 0.144042	1.081 1.19197 1.10176 0.881282 0.936495 1.10922 1.03121 1.00062 0.886814 1.07008 
0014 0.129845	0.971123 0.962872 1.11517 1.285 1.09779 1.22654 1.03597 1.54445 0.958731 1.32827 
0015 0.0724198	1.1003 0.95499 1.09932 0.796756 0.728689 0.847643 0.975137 0.707458 1.2451 1.09742 
0016 0.122986	1.28559 0.849292 1.08048 0.759598 0.846417 0.853912 0.960747 0.709505 1.15364 1.05077 
0017 0.112139	0.960693 0.985713 0.943593 1.23828 1.10221 1.07501 0.968819 1.3442 0.891877 1.19607 
0020 0.0713381	0.852579 0.89729 0.771075 1.32407 1.16059 1.10082 0.934909 1.24163 0.84656 1.06301 
0021 0.186577	1.17352 1.03613 1.17268 1.05227 0.885548 1.09915 1.05166 0.894207 1.21011 1.08927 
0022 0.0633179	0.945917 0.950625 0.828176 0.865803 0.785677 0.927304 1.02242 0.86369 0.871379 0.774703 
0023 0.0466442	1.01666 1.04335 1.27626 1.65564 1.20149 1.37122 1.04561 1.62612 0.848104 1.11148 
0024 0.0833685	0.846534 0.822971 0.786734 0.861495 0.924833 0.828405 0.923205 0.751765 1.00724 0.971563 
0025 0.19122	1.02985 0.910476 0.844389 0.848053 0.913853 0.810193 0.942011 0.828384 1.18778 1.16114 
0026 0.178978	1.12055 0.931011 0.923787 0.930569 0.960501 0.974429 0.996807 0.930561 0.970327 0.94605 
0027 0.178556	1.05514 1.04129 1.10776 1.31119 1.06875 1.07968 0.989504 1.39746 0.865931 0.94971 
0030 0.132402	0.897308 0.949307 1.0551 1.07589 0.971633 1.13427 1.02308 1.11929 0.994037 1.13015 
0031 0.115642	0.966542 0.844375 0.943485 0.867362 0.865707 0.906568 0.980614 0.765977 1.24641 0.876495 
0032 0.202235	0.97944 0.926163 0.979793 1.13542 1.02292 1.01999 0.936663 1.10146 0.914099 0.878965 
0033 0.0860335	1.08684 0.976906 1.02329 0.803766 0.797113 1.05217 1.02229 0.763625 0.979166 0.867018 
0034 0.117877	1.21464 0.971307 0.807821 0.88968 0.924576 0.857854 0.952982 0.750215 1.04726 0.94014 
0035 0.0787709	1.0304 0.928572 1.21143 1.17684 1.05038 1.1721 1.06064 1.4571 1.03517 1.20883 
0036 0.0932961	0.97341 1.12354 1.23675 1.30179 1.05631 1.35849 1.09915 1.42712 0.801287 1.0373 
0037 0.173743	1.22787 0.915772 1.13409 0.965049 0.923772 0.993125 0.956999 0.972784 1.11768 0.945445 
0040 0.178967	0.990208 0.87456 0.832823 0.879825 1.05016 0.934645 0.916442 0.790879 1.04607 1.00594 
0041 0.0542757	1.24909 1.0139 1.03347 0.996481 1.0582 1.09694 1.07641 1.1055 0.91767 1.02556 
0042 0.142392	1.00054 0.953251 1.11042 0.966279 0.943842 1.07101 1.01185 1.00982 0.971888 1.11266 
0043 0.0411298	1.00679 1.11866 1.16894 1.4833 1.38285 1.40447 0.987512 1.91277 0.853291 1.22866 
0044 0.118704	0.95284 1.07475 0.950958 1.31739 1.33808 1.25165 1.01492 1.50471 0.804078 1.23732 
0045 0.126904	1.31697 0.908854 1.09701 0.922168 1.04362 1.04292 1.0222 0.873889 1.11367 1.15896 
0046 0.142913	0.887994 0.921676 0.918023 1.08963 0.993628 1.03802 1.07671 1.20128 0.857714 0.978915 
0047 0.194716	1.13004 0.901814 1.07835 0.826324 0.88249 0.880607 0.974072 0.642946 1.18662 0.910239 
0050 0.200219	1.02416 1.0122 1.09608 1.14549 1.04622 1.13168 0.990018 1.09732 0.968524 1.17656 
0051 0.120225	1.12063 0.993099 1.19028 0.947533 0.937903 1.0088 1.06085 0.906655 1.07611 0.959219 
0052 0.122417	1.06458 1.09159 1.09972 1.51067 1.29098 1.23106 0.984693 1.75554 0.832513 1.18273 
0053 0.10144	1.19201 0.972737 1.1916 0.851091 0.815841 0.925988 0.957745 0.786749 1.26 1.15111 
0054 0.073732	0.841219 0.998776 0.804692 1.16077 1.12456 1.12279 1.00688 1.23464 0.962938 1.32451 
0055 0.113807	0.912803 0.903184 0.900062 0.791165 0.896803 0.962038 0.995958 0.87116 1.04992 1.03623 
0056 0.216656	1.10838 0.926936 0.960511 0.976645 0.999521 0.984851 0.990808 1.04721 0.976087 1.07491 
0057 0.0515028	0.763657 0.953518 0.873817 1.23996 1.09498 1.15576 1.00353 1.17877 0.782205 1.00368 
0060 0.0882209	1.04047 1.14175 0.867676 1.00687 0.994307 0.919612 1.05014 0.921247 0.931701 0.992484 
0061 0.0555465	1.04092 0.97738 0.932293 1.25794 1.2259 1.10088 1.03058 1.25093 0.986331 1.14117 
0062 0.112073	1.15524 0.844434 1.20594 0.689951 0.70157 0.885992 1.01088 0.827379 1.12025 1.04619 
0063 0.157654	1.04039 1.00936 0.951947 0.938661 0.889317 0.887916 0.947797 0.815633 1.10854 1.02543 
0064 0.140337	1.33428 1.06816 0.950137 0.900468 0.984267 0.801448 0.949554 0.707249 1.17143 0.870778 
0065 0.246038	0.941265 1.08756 0.949942 1.35724 1.18643 1.18471 1.03382 1.58416 0.772065 1.00933 
0066 0.0697598	0.952009 0.983442 0.804136 0.964602 1.02556 0.971553 0.922849 1.06842 0.854784 1.02701 
0067 0.130371	1.17011 1.11657 1.20174 1.16275 0.972386 1.0672 0.972756 1.16481 0.88542 0.989945 
0070 0.0591959	0.912596 0.829469 1.05602 0.840669 0.889016 0.887272 1.0442 0.821157 1.24995 1.08616 
0071 0.0753403	0.92239 0.886999 0.819501 0.719713 1.00104 0.865251 0.94267 0.89067 0.976918 0.920385 
0072 0.142134	0.944938 1.04011 1.13277 1.1416 1.03245 1.0196 1.0477 1.27476 1.05113 0.974137 
0073 0.103197	1.3539 1.08078 1.14211 0.82947 0.875655 0.886222 0.955043 0.961292 1.01809 0.829577 
0074 0.0629946	1.02339 0.98082 0.961047 0.766721 0.816532 0.820558 0.979514 0.598718 1.16169 0.858792 
0075 0.204179	0.865421 1.02879 1.0042 1.27805 1.17051 1.12739 1.06766 1.50804 0.855188 0.950506 
0076 0.213359	1.03258 0.982561 0.995422 0.932993 0.97088 0.949899 0.991369 1.03468 0.946024 0.929607 
0077 0.139601	0.901465 0.920933 1.13924 0.936173 0.870279 0.973879 0.961275 1.07746 0.984867 0.910881 
0100 0.0697377	1.03828 1.01974 0.914747 0.883379 0.917143 0.969575 0.984377 0.761836 0.897792 0.896668 
0101 0.177223	1.08486 0.984997 0.961823 0.794629 0.860194 0.91328 0.997292 0.670969 1.16804 0.866084 
0102 0.0665387	1.08593 1.03 1.02501 0.908329 1.01624 0.986773 1.05319 0.877756 1.26445 1.02534 
0103 0.0582214	0.816154 0.892276 0.809778 0.850134 0.921947 0.874398 1.03042 0.765032 1.15475 1.0568 
0104 0.253359	0.942476 1.11414 1.01564 1.44402 1.14615 1.28112 1.06535 1.39666 0.870769 0.899357 
0105 0.163788	1.04138 1.05441 1.1479 1.00947 1.01033 1.13748 1.09197 0.94645 1.07225 0.98778 
0106 0.0524632	1.17751 1.23383 0.965638 1.11989 1.05669 1.07072 1.05834 0.902908 0.899809 0.722548 
0107 0.158669	1.41191 1.08092 1.22235 1.15785 1.01275 1.14588 1.08868 0.985687 1.02637 0.876274 
0110 0.0866924	1.26598 1.0815 1.11771 0.722978 0.83774 0.875744 0.97606 0.639498 1.16136 0.926049 
0111 0.165654	1.34725 1.08536 1.24182 0.903091 0.972743 1.0087 1.02825 1.00219 1.11971 1.10786 
0112 0.0855881	1.25129 1.03524 1.02939 1.21911 1.21555 1.07506 0.9921 1.15352 0.990497 1.02567 
0113 0.0938708	1.19525 0.994948 0.884483 0.80944 0.918879 0.869165 1.01824 0.670794 1.19889 0.915732 
0114 0.132523	1.18918 1.05917 0.936314 0.78148 0.908433 0.923684 1.00236 0.846275 0.951626 0.903904 
0115 0.174213	0.938046 0.938003 0.855421 0.998743 0.968793 0.995729 0.955226 0.9959 0.904108 0.989126 
0116 0.210105	1.14663 1.02599 1.1071 1.21622 1.21585 1.22031 0.958055 1.55633 0.85059 1.00709 
0117 0.0513528	1.17105 0.971648 1.28638 0.985714 0.953447 1.11888 1.02523 1.09203 1.01019 0.956421 
0120 0.096406	1.0379 1.0266 0.892681 1.04475 1.06442 0.995846 1.05787 0.992182 0.911994 0.945309 
0121 0.152744	1.22009 1.0004 1.10031 0.83198 0.923803 0.912176 0.943656 0.790082 1.1832 1.04517 
0122 0.242351	1.16058 1.09704 1.04266 0.921375 0.964754 0.953483 0.984962 1.05066 0.893978 0.906041 
0123 0.0713939	1.05184 1.06945 1.17844 0.856268 0.868521 0.968085 0.95842 0.835172 1.00188 0.96432 
0124 0.110248	1.11266 0.953834 0.904055 0.763659 0.852324 0.804662 0.928118 0.625622 1.05733 0.948572 
0125 0.0701797	1.13981 1.07386 0.988149 1.00892 0.898812 1.0431 1.12723 0.77936 1.04667 0.945064 
0126 0.0956775	1.23575 1.07333 1.22383 1.18492 1.08036 1.10856 1.00462 1.20388 1.02185 1.08452 
0127 0.161	1.08021 0.988522 0.941732 1.21447 1.14918 1.10768 0.969916 1.47008 0.846207 1.08229 
0130 0.176329	0.885567 1.03424 0.980623 1.36116 1.21669 1.07141 1.10591 1.47218 0.908093 1.19285 
0131 0.0827844	1.01605 0.836219 0.874915 0.82132 0.937843 0.84332 1.04455 0.769718 1.25952 1.12851 
0132 0.116601	1.2952 1.07178 1.07853 1.20574 1.26049 1.05496 0.995675 1.30759 1.08486 1.18834 
0133 0.145367	1.0128 1.06429 1.17269 0.933101 0.934577 1.01772 1.07326 0.803365 1.17175 1.05252 
0134 0.0805885	0.898284 0.986055 0.830645 0.846549 0.991151 0.922974 1.05996 0.829103 1.02955 1.01195 
0135 0.177646	1.02651 1.06148 1.00836 0.959705 1.01841 0.945242 0.974569 1.02931 0.957038 0.895355 
0136 0.129117	1.05119 0.961789 0.939988 0.780764 0.894202 0.803688 0.947735 0.807615 1.04346 0.791008 
0137 0.0915679	1.01034 1.02182 1.08159 1.08963 1.09283 1.11693 1.0797 1.44552 0.874884 1.10194 
0140 0.0469223	0.936378 0.982528 0.806236 0.749342 0.891828 0.851206 0.943333 0.71709 0.925676 1.09792 
0141 0.0792129	0.849298 0.953687 0.803263 1.10851 1.14391 1.00874 0.954039 0.972854 1.00925 1.1187 
0142 0.174067	1.14748 1.02038 1.22292 1.22806 1.1356 1.13815 1.06021 1.63093 0.98021 0.944221 
0143 0.178607	1.01664 1.03032 0.91254 1.25823 1.21855 1.07034 0.997187 1.26191 0.948445 0.996462 
0144 0.171544	1.13365 1.04962 1.07424 0.722491 0.865126 0.859985 0.929038 0.661611 1.25784 1.02816 
0145 0.0474268	1.085 0.981517 1.31452 0.842529 0.902448 0.957959 0.966267 0.891456 1.14351 1.05745 
0146 0.21443	1.15465 1.04382 0.980559 0.973583 0.988865 0.868528 0.941007 0.80344 1.13319 0.975099 
0147 0.0877901	1.28451 1.14862 1.19009 1.08198 1.02365 1.00423 1.01457 0.977792 1.1353 1.04201 
0150 0.0879237	0.993529 1.03942 1.27376 1.14349 0.985538 1.0972 1.09033 1.24558 0.956725 0.988133 
0151 0.0582627	0.81956 0.97382 0.887965 1.57939 1.25763 1.20353 0.963524 1.42345 0.822163 1.18316 
0152 0.200212	0.994017 0.999526 0.9678 1.21229 1.08208 1.12036 0.983251 1.21043 0.918391 0.999445 
0153 0.0561441	0.798233 0.911246 0.895808 1.09691 1.12969 0.962102 1.01834 0.987721 1.01421 1.12118 
0154 0.194915	1.25634 0.909843 1.14358 0.820665 0.818916 0.817001 0.965731 0.736316 1.23091 0.853255 
0155 0.141949	0.945395 0.841782 0.887884 0.839404 0.877231 0.764789 0.959113 0.640775 1.21345 1.01147 
0156 0.192797	0.971263 0.971827 1.06006 0.984436 0.939269 0.926749 0.978496 0.868822 1.00165 0.950573 
0157 0.0677966	0.916741 0.950762 1.13722 1.45036 1.15045 1.16472 1.00978 1.48903 0.895933 1.08496 
0160 0.2171	0.989446 1.0703 1.10896 1.2252 1.17356 1.14474 1.00332 1.16259 0.901398 1.04085 
0161 0.120525	1.0417 0.950808 1.0005 0.854259 0.785257 0.901074 1.07219 0.752644 0.994917 0.882897 
0162 0.197528	0.945061 0.892326 0.961114 0.993935 1.03352 0.847828 1.0015 0.717849 1.18414 1.05444 
0163 0.0450682	0.754911 1.06104 0.826815 1.09276 1.10774 1.09672 1.00484 1.15634 0.833993 0.956052 
0164 0.172289	0.861168 0.948263 0.859599 0.985656 0.965552 0.859985 0.954319 0.703887 0.945399 1.01021 
0165 0.0811228	1.12828 0.912376 1.12449 0.899854 0.946158 0.911955 1.04441 0.778762 1.20674 0.887178 
0166 0.0659284	0.940979 1.09552 0.959297 1.53797 1.48488 1.24395 1.02796 1.63531 0.801621 1.02471 
0167 0.100438	0.848447 0.979736 1.08849 1.03333 0.964465 1.04346 1.1286 0.959431 0.953635 0.93365 
0170 0.0685446	0.752336 1.0173 0.819175 0.985382 1.04835 1.01583 0.958156 1.16073 0.81181 0.928493 
0171 0.119249	0.990323 0.96421 1.10256 0.83643 0.898266 0.951847 0.959682 0.84323 1.05269 0.973475 
0172 0.116432	1.0031 0.836981 0.900582 0.970424 1.10325 0.839552 0.907525 1.05653 1.13881 1.02426 
0173 0.12144	0.979161 1.00641 0.924579 0.918292 1.03174 1.01456 1.07136 1.11028 0.956864 0.839456 
0174 0.253834	1.06263 1.00741 1.00404 1.13596 1.11868 1.11969 0.994246 1.58132 0.834292 0.888915 
0175 0.136463	1.08316 0.92573 0.986084 0.77892 0.859857 0.820084 1.01212 0.789479 1.17264 0.833674 
0176 0.0629108	0.871176 0.892342 1.11339 0.8365 0.886726 0.919284 1.04266 0.662827 1.36568 1.09394 
0177 0.121127	0.918259 0.893198 0.984064 0.678876 0.74155 0.830653 0.96404 0.718062 0.96106 0.729227 
1000 0.219116	0.998031 0.874641 0.976843 0.936453 0.94477 0.876727 1.02548 1.00697 1.11945 1.03941 
1001 0.0541028	1.36844 1.04269 1.0614 1.08168 0.961201 0.825864 0.983047 0.85497 1.30701 0.908553 
1002 0.084761	0.815347 1.09051 1.05423 1.15043 1.13117 1.03745 0.934796 1.22702 0.929096 0.970891 
1003 0.127142	0.817819 0.915119 0.851562 1.08002 1.13903 0.952607 1.0002 1.18752 0.990177 1.03922 
1004 0.146078	1.06882 0.982871 1.05972 1.28985 1.09589 1.09787 1.03755 1.22792 0.899443 1.09589 
1005 0.115419	0.868045 1.01931 0.981517 1.40686 1.2079 1.11588 1.02429 1.80189 0.787661 0.993309 
1006 0.169522	1.20316 1.07641 1.17117 1.05559 0.941515 0.943641 1.04814 1.02732 1.03033 0.864494 
1007 0.0838593	1.12924 1.01392 1.06316 0.845204 0.818178 0.834407 0.948228 0.777903 1.21832 0.922299 
1010 0.074928	1.233 0.918395 1.06129 0.943957 1.01986 0.92505 1.02465 0.899941 1.24579 1.06325 
1011 0.0605187	0.810728 0.953064 1.14278 1.04984 1.01684 1.21792 1.04891 1.51531 0.794021 0.934053 
1012 0.20317	0.895505 0.945348 0.906113 1.09607 1.0353 1.06405 1.0336 1.2831 1.01581 1.03702 
1013 0.0576369	1.35437 0.922644 1.08748 0.844678 0.9486 0.988101 1.00167 1.0655 1.05002 1.04063 
1014 0.10951	0.906866 0.847924 0.845761 1.06192 1.09657 1.03159 0.993794 1.25445 0.827789 0.993352 
1015 0.113833	0.972834 0.927177 1.2169 0.954036 0.959987 1.12109 1.02186 1.2687 0.970917 1.02179 
1016 0.223343	0.990608 0.892753 0.946728 0.81659 0.915146 0.813286 0.971662 0.902626 1.16176 1.08606 
1017 0.157061	0.890865 0.920944 1.03919 1.29096 1.11996 1.24763 1.06664 1.51589 0.92081 1.0327 
1020 0.133891	0.958354 1.0241 1.13355 1.13828 1.09894 1.03033 0.969219 1.30537 0.926097 1.00996 
1021 0.123013	1.00883 1.09933 0.977402 1.42735 1.31332 1.00718 1.07316 1.45294 0.955279 1.30975 
1022 0.0895397	0.759879 0.914909 0.88264 0.903921 0.927923 0.900345 1.02749 0.886315 0.900893 0.916938 
1023 0.133891	1.13297 1.04774 0.956069 0.829498 0.957298 0.856254 0.966562 0.729943 0.987564 0.821064 
1024 0.0753138	0.84179 1.17241 1.10768 1.09281 1.00884 0.984548 1.08703 0.793997 0.991837 1.17071 
1025 0.153138	1.06417 1.0042 0.885107 0.819092 0.867215 0.71525 0.964107 0.621501 1.17845 0.903832 
1026 0.151464	1.21473 1.07956 1.1543 1.11653 0.950485 0.962614 1.00623 0.905682 1.12484 0.974192 
1027 0.139749	0.785994 0.993857 0.897308 1.35699 1.31764 1.11302 0.991356 1.37302 0.81714 1.00513 
1030 0.119632	0.896235 0.929376 0.864411 0.999154 0.82241 1.07154 1.05138 0.925352 0.934954 1.04563 
1031 0.125767	0.895449 0.83122 0.846619 1.01891 0.916338 0.969067 1.06413 0.975207 1.12501 1.27857 
1032 0.0874233	0.737769 1.05199 0.972299 1.15096 0.964994 1.28883 1.02862 1.62113 0.787194 1.31856 
1033 0.0782209	1.32419 0.973906 1.06036 0.696263 0.704166 0.822121 0.929342 0.701931 1.29759 1.01051 
1034 0.111963	0.928107 1.10647 1.19685 1.42027 0.994552 1.4512 1.13262 1.5331 0.893134 1.23614 
1035 0.0736196	0.879367 1.01555 1.13577 0.898388 0.814666 1.08108 1.07738 0.946944 1.00968 1.30028 
1036 0.257669	1.1913 0.909646 1.20338 0.979125 0.876697 1.04491 0.987283 1.15815 1.07597 1.00285 
1037 0.145706	0.959055 1.01884 1.0471 1.01951 0.886818 1.03142 0.991471 1.27232 0.874959 1.10579 
1040 0.0931264	1.18324 1.13704 1.09662 1.03459 0.979906 1.0653 1.03215 1.02902 0.943922 0.961781 
1041 0.197339	1.02237 0.995299 1.15524 0.888463 0.82182 1.06581 1.01791 1.18619 1.06498 0.928442 
1042 0.141907	0.744824 1.0619 0.945572 1.43699 1.07496 1.27804 1.10037 1.45088 0.84575 0.938338 
1043 0.124169	0.955274 1.00517 1.00821 0.815072 0.830722 0.960313 1.06305 0.861385 1.20841 1.02689 
1044 0.241685	0.911442 0.979216 0.866852 0.883339 0.836954 0.959396 0.985574 0.815053 1.05821 1.03833 
1045 0.0665188	0.835219 0.978842 1.01847 0.967021 0.826226 1.15634 1.11462 1.00008 0.98639 1.03615 
1046 0.0709534	0.595507 0.956604 0.802814 1.32411 1.02503 1.13932 0.973169 1.2133 0.747536 0.864974 
1047 0.0643016	0.767104 1.02068 0.902049 1.29329 1.02977 1.14963 1.01578 1.25847 0.941725 1.10065 
1050 0.145015	0.966972 1.10645 1.09083 1.09189 0.974202 1.01389 1.04469 1.00196 0.9897 1.0405 
1051 0.2286	1.01598 1.06548 1.02149 1.34372 1.12252 1.07564 0.977262 1.51016 0.861911 0.862421 
1052 0.13998	1.26277 0.974264 1.07149 1.24476 1.10453 1.04482 0.966521 1.47737 1.04847 0.75928 
1053 0.111782	1.01172 1.00294 1.00797 0.904426 0.906839 0.950776 1.0393 1.05884 0.899748 0.856964 
1054 0.0976838	1.14418 0.946762 0.967243 0.789883 0.766948 0.792832 0.976024 0.788186 1.24739 0.926885 
1055 0.0745217	1.02144 1.03033 0.907348 0.689204 0.853988 0.851147 1.00697 0.730725 1.118 0.792712 
1056 0.0996979	1.21957 0.95193 1.16713 1.12128 1.07711 1.01919 0.996397 1.10934 1.18469 1.02702 
1057 0.102719	0.899108 1.01374 0.714049 0.983499 1.11237 0.860258 0.975083 0.895479 0.936131 0.960241 
1060 0.19802	0.92139 1.1189 0.898401 0.89783 1.08001 0.862519 0.981782 0.653996 1.07788 1.05799 
1061 0.0509194	0.837891 0.923855 0.837398 0.949303 1.13342 0.889966 0.985817 0.939305 1.19403 1.07148 
1062 0.0862801	0.883274 0.974163 1.22371 0.929432 0.94773 1.16274 1.01895 1.29884 0.936678 1.06609 
1063 0.0537482	0.801852 0.964085 0.816837 1.05255 1.1175 0.928241 0.918667 1.10369 0.838417 0.909068 
1064 0.106082	0.986002 1.15513 1.09931 1.51451 1.19089 1.1972 1.02693 1.58704 0.772414 0.820099 
1065 0.186704	1.14128 1.07052 1.1708 1.13705 1.15871 1.0918 1.01503 1.56751 0.924343 0.917695 
1066 0.0806223	0.795065 1.0081 0.925546 1.18314 1.10988 0.959989 0.946047 0.911383 0.95647 0.97404 
1067 0.237624	1.05295 1.03758 1.23369 0.760552 0.83143 0.885451 0.948073 0.679235 1.1962 0.838761 
1070 0.168378	0.984842 0.966484 0.870002 0.796422 0.848425 0.867453 0.992973 0.671442 1.13181 0.853984 
1071 0.0554415	1.34871 1.07268 1.21156 1.56249 1.14515 1.15257 0.960018 1.26542 0.966445 0.772842 
1072 0.166324	0.968439 1.11612 0.877299 1.42939 1.37022 1.17475 1.10102 1.3438 0.89297 0.896639 
1073 0.164271	1.04297 1.03052 0.940222 1.04521 1.01077 0.984861 0.961342 0.808959 1.00956 0.789248 
1074 0.0882957	1.06256 0.99923 1.15203 1.36857 1.16493 1.2609 1.02155 1.4847 0.829283 0.917175 
1075 0.160164	0.92921 0.951264 0.943404 1.0837 1.12306 1.06438 0.912521 1.2621 0.83493 0.840412 
1076 0.0472279	1.02832 1.03117 0.917037 0.816669 0.944008 0.819622 0.977404 0.758736 1.26595 0.84869 
1077 0.149897	1.14455 0.99828 1.07026 0.875711 0.847209 0.844038 0.876947 0.804139 1.08077 0.868512 
1100 0.219792	0.852949 0.875916 0.842149 0.94945 0.919822 0.991733 0.961959 0.902618 1.0097 1.0807 
1101 0.123342	1.23697 1.03153 1.21834 1.13393 1.01492 1.01201 0.999756 1.07814 1.15448 1.11732 
1102 0.0878451	0.88015 0.933679 0.966988 1.45451 1.32698 1.2295 1.06729 1.81977 0.895567 1.06834 
1103 0.18824	1.13791 0.82856 0.946703 0.683947 0.825169 0.798804 0.913343 0.710371 1.20729 0.930431 
1104 0.066332	1.00996 0.98526 1.23979 1.0611 0.994624 1.18548 1.02691 1.09923 0.942778 0.964484 
1105 0.108641	1.04288 0.926279 1.08614 0.939151 0.983876 0.938148 0.905321 0.956853 1.01086 0.819176 
1106 0.10398	1.05122 0.865693 1.0367 1.18372 1.10242 1.04863 1.03872 1.35485 1.02067 1.13982 
1107 0.101829	0.848293 0.848777 1.03167 1.11955 1.0565 1.2271 1.00653 1.47422 0.812234 1.03578 
1110 0.209286	1.14373 0.962014 0.981315 0.855022 0.902553 0.995917 0.987717 0.701899 1.22154 0.965431 
1111 0.0903571	0.77303 1.03948 0.804752 1.13698 1.06115 1.10179 0.962921 1.18014 0.82774 0.893119 
1112 0.204107	0.914966 0.922393 0.931553 1.16402 0.984196 1.10825 0.990198 1.00745 0.943971 1.04012 
1113 0.124643	0.889294 0.954678 0.959088 1.52174 1.29667 1.35888 1.08759 1.91126 0.7613 1.06308 
1114 0.12125	0.912965 1.07346 1.05876 1.18742 1.03063 1.14819 1.02528 1.04254 1.05168 1.14738 
1115 0.08375	1.26973 1.01003 1.11216 1.2257 1.04669 1.12563 1.04299 1.19442 0.891509 0.907837 
1116 0.0823214	1.22815 0.979721 1.21651 0.97412 0.993518 1.10183 1.02424 1.03115 1.01696 1.02828 
1117 0.0842857	1.19211 0.908769 1.07784 0.728649 0.81674 0.918487 1.05341 0.674945 1.07262 0.921785 
1120 0.0919668	1.05401 1.02272 0.999283 1.06162 1.06526 1.18152 1.03826 1.24439 0.891544 1.1325 
1121 0.137119	1.14835 0.981812 1.25961 0.785264 0.914289 1.04756 1.00223 0.902891 1.12016 1.14893 
1122 0.0770083	1.00124 0.987081 0.879158 0.776422 0.908624 0.909926 0.97176 0.761258 1.17892 1.0774 
1123 0.154848	0.930364 1.07853 0.887064 1.05655 1.0539 1.12086 0.917933 1.29771 0.825724 0.912791 
1124 0.0703601	1.21665 1.09014 1.16774 1.26542 1.23784 1.32267 1.08165 1.57695 0.883387 1.04866 
1125 0.066482	0.842808 0.914186 0.7336 0.905716 0.962524 0.931047 0.959643 0.820149 0.880595 0.948108 
1126 0.109972	1.27614 0.9577 0.959466 0.734244 0.849951 0.873204 0.933704 0.639759 1.18174 0.890033 
1127 0.292244	1.06692 1.01778 1.04005 1.00645 1.1117 1.15075 0.94395 1.12907 0.978895 1.14264 
1130 0.0634105	0.96571 1.03388 1.21188 1.46066 1.38065 1.33581 1.08258 2.39718 0.778999 1.17058 
1131 0.0621251	0.682792 1.0784 0.906486 1.54747 1.19521 1.29647 1.09099 2.01354 0.733674 1.10998 
1132 0.165381	1.15414 1.06014 1.14491 0.871157 0.856412 0.981585 0.961706 0.797407 1.19434 1.10916 
1133 0.0574122	1.20049 1.00294 1.14552 1.28341 1.08386 1.12749 0.993168 1.29213 0.989443 0.993126 
1134 0.232219	1.03574 1.10445 0.878237 1.00135 0.902327 0.965775 1.01124 0.929655 0.984122 0.919755 
1135 0.215938	0.851549 1.00898 1.02269 1.13466 1.02196 1.11096 1.10307 1.31225 0.94168 1.0759 
1136 0.0946872	1.25434 0.971085 0.897108 0.718396 0.814837 0.790436 0.989149 0.695129 1.2055 0.977939 
1137 0.108826	1.12102 0.987834 0.966599 1.09003 1.0317 0.98568 1.06475 1.11773 1.1694 1.19163 
1140 0.124638	1.31875 0.988012 1.16348 0.984351 0.951471 0.97869 0.991522 0.892739 1.16731 1.10299 
1141 0.175072	1.08435 1.05343 0.99782 0.903186 0.822833 0.99704 1.05067 0.757366 1.0879 0.916976 
1142 0.146087	0.854708 0.943411 0.900478 1.2582 1.20711 1.12645 1.01866 1.16069 0.786827 0.892947 
1143 0.132174	1.17829 0.879794 1.04274 0.738124 0.797588 0.762753 0.951726 0.51716 1.28696 1.07178 
1144 0.0985507	0.904137 0.874892 1.02488 1.65501 1.22655 1.31823 1.07415 1.67645 0.810645 1.05489 
1145 0.136812	1.00191 1.01941 1.2005 1.12565 0.902618 1.18433 1.01926 1.20449 1.00313 0.954505 
1146 0.035942	1.33238 1.03773 1.09857 0.752129 0.690234 0.773952 1.00959 0.570988 1.19276 0.885613 
1147 0.150725	0.930049 0.848357 0.940175 0.956332 0.965656 0.858708 1.00283 0.844971 1.09167 0.97797 
1150 0.178089	1.1962 1.08559 1.11584 1.13627 1.06787 1.0921 1.019 1.22335 1.02558 1.07398 
1151 0.0950626	1.24159 1.20098 0.973591 0.998023 1.08106 0.963877 0.990328 0.884132 1.12773 0.981673 
1152 0.290838	1.10388 0.932959 1.0295 0.755559 0.843879 0.867206 1.01109 0.759289 1.18 0.949223 
1153 0.0643577	1.06761 1.0208 0.992531 1.1379 1.1555 1.10653 1.03314 1.56815 0.777102 0.958658 
1154 0.0621469	1.19128 1.15949 0.854541 1.19521 1.198 1.06054 0.935572 1.14468 0.894663 0.981576 
1155 0.0636207	0.820945 0.896155 0.689311 0.850441 0.973075 0.862167 0.974479 0.899764 0.980213 1.08163 
1156 0.113731	0.886658 0.970688 0.953432 0.897795 0.91664 0.966777 0.996971 0.928639 0.907638 0.847925 
1157 0.132154	0.887916 1.01926 0.939976 1.2104 1.14431 1.02425 0.974825 1.19031 0.979767 1.0795 
1160 0.0958246	0.879559 0.918372 1.03057 0.904631 0.955806 0.993494 0.997804 0.881574 1.0969 1.02232 
1161 0.195616	1.22144 0.987144 1.13068 0.951691 0.972902 0.964522 1.03358 1.1496 1.0381 0.95346 
1162 0.101253	0.863626 0.785749 0.818677 0.60055 0.72098 0.7488 0.920824 0.730465 1.02306 0.883624 
1163 0.151357	1.12187 0.940299 0.984386 0.602176 0.786153 0.750425 0.953677 0.743775 1.28924 0.995865 
1164 0.0920668	0.775723 0.991253 0.888469 0.850269 1.00238 1.03848 0.998895 1.28191 0.816117 0.992396 
1165 0.107933	0.91542 0.948719 0.825467 0.878164 0.936978 0.929339 0.951552 0.904916 0.997168 0.910174 
1166 0.17119	0.857678 0.923843 1.10216 0.885235 0.991429 1.0835 0.967061 1.24805 0.885241 0.987806 
1167 0.0847599	0.836047 1.03146 1.04166 1.34128 1.1956 1.1932 1.144 1.53591 0.837316 0.967495 
1170 0.196166	0.905158 1.08401 1.03171 1.22519 1.23944 1.17959 1.019 1.29986 0.879821 1.09283 
1171 0.100143	1.10782 1.00773 0.982536 0.858841 0.90854 0.914953 1.00698 0.756796 1.28797 0.974999 
1172 0.0635973	1.25974 1.2065 1.16072 1.33255 1.20855 1.215 1.01828 1.42714 0.880583 0.884831 
1173 0.0725546	1.04626 1.01584 0.798228 0.867795 0.905159 0.915012 0.992187 0.76757 1.12062 0.958237 
1174 0.0983518	1.22804 1.10101 1.30935 0.961711 0.95076 1.07329 1.00841 1.23425 1.05642 0.969315 
1175 0.13436	1.20497 1.0421 1.05065 0.886622 0.947095 0.894173 0.939491 1.02214 1.02556 0.935772 
1176 0.223397	0.970399 1.05797 0.809757 0.935016 0.965565 0.976356 1.03682 0.912581 0.947825 0.860449 
1177 0.11143	0.912969 1.08179 1.01171 1.05622 1.01144 1.07502 1.04745 1.08928 1.01278 1.09213 
BOUNDS
LWPS R    0.0  0.0  0.0  0.0  0.0  0.0  0.0  0.0  0.0  0.0
UWPS R    0.5  0.5  0.5  0.5  0.5  0.5  0.5  0.5  0.5  0.5
LXAS R   -0.5 -0.5 -0.5 -0.5 -0.5 -0.5 -0.5 -0.5 -0.5 -0.5
UXAS R    0.5  0.5  0.5  0.5  0.5  0.5  0.5  0.5  0.5  0.5
END
