NAME moment_estimations_cluster
ASSETS 10
BENCHMARKS 0.1 0.1 0.1 0.1 0.1 0.1 0.1 0.1 0.1 0.1 
COVARIANCES
0 0 0.0962607
1 0 0.0324246
1 1 0.0157771
2 0 0.00967893
2 1 0.00233556
2 2 0.00345373
3 0 -0.00422887
3 1 0.0023975
3 2 -0.00363791
3 3 0.0109847
4 0 -0.0134025
4 1 -0.00294154
4 2 -0.00438945
4 3 0.00787854
4 4 0.00912127
5 0 -0.0192413
5 1 -0.00522957
5 2 -0.00235064
5 3 0.00443518
5 4 0.00459836
5 5 0.00625338
6 0 0.00421333
6 1 0.00217863
6 2 0.000479979
6 3 0.00203664
6 4 3.32792e-05
6 5 0.000651926
6 6 0.00231426
7 0 -0.00872542
7 1 0.000857948
7 2 -0.00356485
7 3 0.00989651
7 4 0.00720022
7 5 0.00548733
7 6 0.00197067
7 7 0.0122775
8 0 0.0181079
8 1 0.00218773
8 2 0.00376729
8 3 -0.00517613
8 4 -0.00459824
8 5 -0.00571626
8 6 -0.000186464
8 7 -0.0069767
8 8 0.0105721
9 0 -0.0246798
9 1 -0.0112876
9 2 -0.001826
9 3 0.00314817
9 4 0.00644687
9 5 0.00640135
9 6 0.000380433
9 7 0.00435697
9 8 -0.000254097
9 9 0.0193433
SCENARIOS
0 0.43872	1.35271 1.04369 1.04999 0.96556 0.946106 0.937427 1.01589 0.933969 1.08914 0.976451 
1 0.56128	0.870032 0.95446 0.973354 0.988576 1.02922 1.04718 0.987104 1.03552 0.960342 1.03085 
00 0.182166	1.77852 1.3028 1.06514 1.00309 0.933701 0.905797 1.02767 0.969197 1.12291 0.784909 
01 0.817834	0.900404 1.03143 0.974752 1.03182 1.02715 1.04066 0.963644 1.07552 0.950392 1.01605 
10 0.772235	1.15889 1.0614 0.988948 1.02545 0.992875 0.985496 1.01088 1.05228 0.992925 0.950954 
11 0.227765	0.731398 0.885768 1.03636 0.961072 0.989955 1.04133 1.01459 0.943695 1.02334 1.1952 
000 0.190566	0.891437 0.9308 0.960902 0.983185 1.03599 1.00707 1.01272 1.12276 1.02231 1.24273 
001 0.171797	0.679881 0.909606 0.935589 1.05841 1.03901 1.1615 0.997074 1.1288 0.876855 1.22169 
002 0.108609	1.00249 0.963343 0.989304 0.927336 0.889067 1.02214 0.949435 0.97607 0.907557 0.954641 
003 0.109484	1.84099 1.12735 1.10281 0.8683 0.873574 0.82624 1.0206 0.932967 1.14771 0.834224 
004 0.0626877	0.942274 0.842972 1.05415 0.791817 0.94269 0.949166 0.952354 0.846714 1.22919 1.23592 
005 0.085961	1.10023 1.06768 0.925255 1.11148 1.09308 0.983771 0.99881 1.16845 0.827003 1.02948 
006 0.117993	0.620535 0.76709 0.979842 0.862707 0.940348 1.06111 0.910689 0.926234 1.05715 1.22115 
007 0.152903	1.34065 1.1412 1.07203 0.900517 1.01324 0.920768 1.02915 1.0142 1.02779 1.00917 
010 0.283055	1.04681 0.918564 1.044 0.958818 0.98805 0.899941 1.00644 0.862973 1.14082 0.959279 
011 0.117809	0.783032 0.965477 1.00093 0.858315 0.919245 0.992478 0.930573 0.926482 0.90962 0.879866 
012 0.0842809	1.4676 1.27864 0.9807 1.06903 1.03153 0.967672 0.991846 1.01328 0.928548 0.771591 
013 0.0763099	0.728752 0.944337 0.88367 1.30625 1.16375 1.1545 1.08887 1.31864 0.83866 1.07368 
014 0.0591973	0.534138 0.749323 1.00158 0.816073 0.996205 1.02632 0.966493 0.870091 1.10852 1.27819 
015 0.215608	1.06135 1.0289 1.00417 1.0725 0.96008 1.0718 1.08114 1.05925 0.946119 0.910317 
016 0.10641	1.92508 1.21993 1.07399 0.97578 0.913023 0.81897 1.09929 0.875694 1.16646 0.862974 
017 0.05733	0.676495 0.78811 0.988609 1.01353 1.10445 1.08688 1.07924 1.01397 1.00897 1.41763 
100 0.19366	0.527562 0.806479 0.992121 1.03204 1.13852 1.10992 0.940999 0.986185 0.906016 1.21115 
101 0.050526	0.77874 0.968719 0.992855 1.3295 1.17938 1.20176 1.10058 1.1986 0.924211 1.30176 
102 0.0963455	0.845351 0.859878 1.01546 0.860051 0.931096 0.965991 0.915513 0.796127 1.01189 0.941756 
103 0.0821336	1.33465 0.975364 1.11359 0.87036 0.875986 0.850713 0.927754 0.688291 1.28248 0.975562 
104 0.139881	1.72749 1.35492 1.09457 1.01385 0.948746 0.909451 1.04393 0.944376 1.06146 0.902331 
105 0.071244	0.592312 0.956653 0.85691 1.19034 1.28851 1.21892 0.996221 1.25206 0.747131 1.14168 
106 0.233642	0.946556 1.01302 0.993531 1.08326 1.10433 0.992429 1.02007 1.04079 0.941814 1.01331 
107 0.132567	1.22521 0.944865 1.07625 1.01044 0.971749 0.939729 1.05493 0.855546 1.18572 1.10507 
110 0.0672716	0.93119 0.989059 1.00226 0.901946 0.901767 0.943299 0.912747 1.00017 0.926551 0.844467 
111 0.151987	0.845948 0.947967 0.985602 1.02606 1.02417 1.05413 0.944021 1.03078 0.922033 0.99752 
112 0.12367	0.973471 1.00641 0.980184 1.20598 1.09983 1.09057 1.06089 1.26547 0.87899 1.22038 
113 0.133605	0.591769 0.795232 0.92833 1.07063 1.16584 1.14377 1.01516 1.14672 0.875219 1.27735 
114 0.0477941	1.96282 1.23094 1.10447 1.07996 0.870352 0.978788 1.09772 1.16433 1.05273 0.973712 
115 0.105131	1.05987 0.944071 1.05955 0.81824 0.863057 0.915501 0.961917 0.879601 1.01585 0.844651 
116 0.163564	1.47425 1.01647 0.98144 1.09549 0.993427 0.965734 0.995121 1.1018 1.04916 0.979837 
117 0.206977	1.51246 0.949081 1.06138 0.830168 0.921211 0.860029 0.995505 0.793968 1.26528 1.01194 
0000 0.0669731	0.802217 0.863956 0.929952 0.944367 1.03011 0.981058 0.917502 0.867308 0.934747 0.85233 
0001 0.168746	1.25902 0.991082 0.996953 1.10991 1.05122 0.955328 1.01323 0.918307 1.01306 0.838401 
0002 0.101773	0.847295 1.05234 0.996608 1.22425 1.12989 1.16311 0.985315 1.1018 0.830937 0.950398 
0003 0.0892974	1.82509 1.15361 1.09302 0.99458 0.992921 0.910032 1.00391 0.925085 1.18018 1.0123 
0004 0.113592	1.13265 0.953337 1.15776 0.839083 0.768778 0.907252 0.961765 0.734115 1.23049 0.898843 
0005 0.164806	0.823094 0.921105 0.92936 1.1911 1.10774 1.0322 0.956391 0.976016 1.00429 1.08546 
0006 0.168089	0.636758 0.840668 0.982256 1.06215 1.19582 1.08811 0.926305 0.896508 0.963275 1.11197 
0007 0.126724	1.16309 1.04662 1.07205 1.04126 1.02523 0.944938 0.950607 0.98849 1.14196 0.954024 
0010 0.125273	0.758887 0.84496 0.951201 0.986173 1.12553 1.08864 0.983605 1.03783 0.890114 1.13928 
0011 0.2185	0.973832 0.867665 1.07342 0.856303 0.889011 0.911814 0.968978 0.848723 1.06317 1.0664 
0012 0.0451566	1.65692 1.03037 1.25987 0.831486 0.850304 0.775734 1.07331 0.804024 1.28073 0.887568 
0013 0.17043	0.968115 1.13995 0.968737 1.02952 1.09659 0.974879 0.947736 1.00823 0.832462 0.746565 
0014 0.175528	1.61932 1.12406 1.05356 0.93455 0.935647 0.79258 1.00377 0.992012 1.06477 0.802774 
0015 0.0815732	0.694714 0.781058 1.03198 0.789594 0.865302 0.986761 0.958425 0.93635 0.937137 1.13863 
0016 0.0633649	0.551348 0.833393 0.899267 1.09848 1.17645 1.05031 0.929254 1.07749 0.818788 1.10257 
0017 0.120175	1.12971 1.13544 1.05493 0.989495 0.987882 1.01167 1.00874 1.11602 0.907947 0.925149 
0020 0.117512	0.947466 1.10559 0.963786 1.08009 1.06437 0.987798 0.999695 1.01873 0.847812 0.912852 
0021 0.0841014	1.82589 1.28705 1.07529 0.896693 0.92189 0.834744 1.01254 0.882126 0.998319 0.768654 
0022 0.243088	1.12926 1.11941 1.04533 1.00547 1.03303 0.970661 1.10848 1.03292 0.936726 0.979538 
0023 0.0806452	0.604254 0.836251 0.935617 0.967624 0.993257 1.00908 0.992698 0.894613 0.916349 1.04595 
0024 0.131336	1.36395 1.19911 1.04916 0.933596 0.90439 0.888216 1.09695 1.04055 1.07054 0.832951 
0025 0.103687	0.755019 1.01674 0.846812 1.11793 1.28037 1.02422 1.07346 1.25398 0.838676 0.99541 
0026 0.101382	0.842283 1.00354 1.08305 0.82268 0.870541 0.978475 1.00745 0.96375 1.04545 1.01581 
0027 0.138249	1.04866 0.888159 1.00207 0.935998 1.01031 0.900794 0.973364 0.831887 1.11993 0.989174 
0030 0.124571	0.670768 0.876195 0.939428 1.07467 1.10171 1.14893 0.958516 1.02335 1.10651 1.37911 
0031 0.128	0.828793 1.03095 0.974918 0.927775 0.989548 1.14422 0.967358 0.892219 0.933453 1.06751 
0032 0.0754286	0.55589 0.846939 0.884699 1.28086 1.20273 1.30821 1.00345 1.22762 0.798894 1.21416 
0033 0.174857	1.05838 0.965419 1.07236 1.10483 1.11534 1.10363 0.996449 0.775787 1.18949 1.12427 
0034 0.0754286	0.77432 0.830239 0.844675 1.29297 1.24509 1.28113 1.05186 1.16142 0.947573 1.22962 
0035 0.112	1.08646 0.993404 0.909846 0.98543 1.02212 0.940728 0.953319 1.07458 0.952816 1.02874 
0036 0.0697143	0.871363 1.03866 0.889974 1.17689 1.26178 1.10155 1.0116 1.05208 0.811429 1.08975 
0037 0.24	1.66998 1.24503 0.984895 1.02534 0.913146 0.914785 1.08004 1.11384 0.992418 0.837599 
0040 0.11976	0.94227 1.17567 1.02753 0.913809 0.873513 0.872149 0.939138 0.783939 0.944318 0.902854 
0041 0.0838323	1.05092 0.913535 0.925033 1.04672 1.05978 0.97571 0.936482 1.04591 1.01936 0.965098 
0042 0.269461	1.50395 1.04065 1.10111 0.840594 0.855447 0.84463 0.960615 0.840449 1.09362 0.797338 
0043 0.231537	0.921864 0.879896 1.00327 0.993532 1.02158 0.941255 0.930738 1.05862 1.1363 1.20785 
0044 0.0838323	0.702399 0.756307 0.961155 0.738312 0.823221 0.908798 0.886551 0.746807 0.981721 0.802616 
0045 0.0598802	0.973447 1.08837 0.94956 1.05265 1.00399 0.958861 0.981253 1.00419 0.877443 0.895308 
0046 0.0898204	0.606785 0.787092 0.934378 0.936682 0.96141 0.964002 0.940105 1.04429 0.946096 1.06302 
0047 0.0618762	0.733381 0.90377 0.922291 0.987056 1.00606 1.04409 0.910386 0.947644 0.859059 0.82485 
0050 0.101892	0.763625 0.911954 0.9672 1.19793 1.14884 1.08376 1.00409 1.13252 1.10896 1.2244 
0051 0.138282	0.871862 0.904306 0.929662 0.941428 1.03969 1.00018 0.942393 0.943381 0.983275 0.830906 
0052 0.189229	1.17168 0.972809 0.969397 0.917692 1.03322 0.94683 1.02055 0.880451 1.13569 0.931558 
0053 0.069869	0.876994 1.15939 0.894055 1.37073 1.20253 1.12273 1.03092 1.29103 0.966905 1.06908 
0054 0.253275	1.5846 1.15072 1.0038 1.04595 0.968128 0.96397 1.04275 0.945483 1.20412 0.899689 
0055 0.0742358	1.03136 1.13564 1.00291 1.15727 0.992471 1.06102 1.02205 1.03755 0.903367 0.613484 
0056 0.112082	0.623811 0.842087 0.874767 1.00017 1.10035 1.16171 1.03238 1.14887 0.89607 1.00798 
0057 0.0611354	0.992275 0.879393 1.04867 0.994915 1.02543 1.00578 1.03894 0.896498 1.19611 1.20512 
0060 0.112407	1.23564 1.11659 0.927938 1.144 1.11456 0.937665 1.07136 1.04827 0.958539 0.919929 
0061 0.0604454	0.868893 0.948739 1.06883 1.03658 1.04686 1.07857 1.08879 1.07063 0.996636 1.23955 
0062 0.127253	0.685549 0.888279 0.986846 0.956678 1.10785 0.96113 0.974367 0.831123 1.01271 1.31389 
0063 0.275716	1.30232 1.14252 1.04759 0.979225 0.971631 0.931401 0.99843 0.961264 1.0254 0.920609 
0064 0.129374	1.73993 1.10932 1.08268 0.770138 0.799944 0.878989 1.00478 0.627889 1.14761 0.769167 
0065 0.068929	0.866177 0.941174 0.863277 0.996877 1.23047 0.941656 0.898584 0.894438 0.976901 1.05283 
0066 0.0731707	0.666894 0.982948 0.931594 1.19867 1.28368 1.1327 1.12389 1.09672 0.913931 1.42385 
0067 0.152704	0.80101 0.847252 0.977137 0.887923 0.95851 1.01016 0.942782 0.859497 0.834851 0.86778 
0070 0.133388	0.869195 0.876836 0.913685 1.17909 1.08618 1.16217 1.00614 0.932199 0.936428 1.04853 
0071 0.163666	1.59285 1.17075 0.933518 1.14395 0.947999 0.942725 1.01758 0.989017 0.997902 0.831629 
0072 0.0703764	0.843389 1.02085 0.964898 0.939068 0.844605 0.952516 0.902034 0.948587 0.883357 0.834099 
0073 0.120295	1.25719 0.99518 0.96533 1.09177 0.926587 0.968537 0.964235 0.90249 1.13109 0.924784 
0074 0.0924714	0.7468 0.871201 1.00811 0.982744 0.866266 1.03955 1.07528 0.998835 1.03588 1.09958 
0075 0.0777414	0.567318 0.891083 0.871626 1.22234 1.14779 1.14908 0.940805 1.03037 0.896109 1.09291 
0076 0.280687	1.03609 1.00943 0.950585 1.04557 0.927 0.935837 0.946033 0.893916 1.02303 0.935112 
0077 0.0613748	0.776894 0.876356 0.989823 0.808982 0.864644 0.901492 0.86449 0.654903 1.05892 0.986438 
0100 0.113726	0.814759 0.866727 0.968847 0.879769 0.888071 1.14353 0.997606 1.02369 0.89148 0.962837 
0101 0.10703	1.18549 1.31352 0.957739 1.08137 1.1137 1.05607 1.06489 1.20548 0.935455 1.055 
0102 0.232276	1.17621 1.10309 0.997108 0.959338 0.96086 0.968979 0.995035 0.968185 1.10137 1.14106 
0103 0.140705	1.75224 1.23567 1.11964 0.873656 0.810752 0.937529 1.04783 0.96791 1.10911 0.883951 
0104 0.054746	1.07265 0.882945 1.03461 0.81913 0.93355 0.935391 0.899578 0.92277 1.28161 1.23164 
0105 0.0962978	0.870828 0.876633 1.09998 0.74369 0.76307 1.02152 0.971459 0.783997 1.04178 0.985703 
0106 0.067054	0.642803 0.871691 0.879622 1.17632 1.31532 1.207 0.971361 1.3987 0.824555 1.2914 
0107 0.188165	0.680332 0.929093 0.904992 1.02508 1.06837 1.12823 1.02242 1.07923 0.940141 1.13884 
0110 0.110007	1.04131 0.935075 0.978532 0.956226 0.956364 0.947115 0.994242 0.761714 1.15172 0.897652 
0111 0.113083	0.821183 0.926016 0.987327 1.02351 1.01899 0.98765 1.05494 0.962381 1.01063 1.09466 
0112 0.150225	1.73049 1.0154 1.07829 0.824589 0.798123 0.825775 0.993809 0.754797 1.21637 0.896023 
0113 0.209605	0.969126 0.976834 0.914026 1.1858 1.23859 1.02417 1.02081 1.08906 0.888235 0.889354 
0114 0.204637	0.637953 0.827038 0.948778 1.01193 1.17236 1.04039 0.984168 0.939818 0.952634 1.07586 
0115 0.0676603	0.900134 0.687505 1.07207 0.775754 0.819917 0.973434 0.975186 0.814785 1.10503 1.06206 
0116 0.0626922	1.12623 1.06341 0.973184 0.994196 1.00946 0.969131 1.03742 1.13755 0.873913 0.70704 
0117 0.0820913	1.66943 1.26656 1.00659 1.08426 1.01162 0.945961 1.02529 0.934209 1.02799 0.871647 
0120 0.154762	1.62382 1.15499 1.09236 1.04676 0.948399 0.970577 1.08578 1.09341 1.16658 1.10611 
0121 0.13459	1.06966 0.908038 1.06094 0.948942 0.907955 0.97679 1.00669 0.963725 1.15097 1.02899 
0122 0.0767196	0.781946 0.967677 0.86928 1.2616 1.21527 1.01816 1.10698 1.28912 0.858439 0.950151 
0123 0.0605159	1.43722 0.855854 1.03553 0.853648 0.870822 0.794161 1.00603 0.86917 1.25314 0.939251 
0124 0.0578704	1.10763 1.11506 1.06167 0.935937 0.836957 0.983678 1.01374 1.19286 0.920508 0.843274 
0125 0.0601852	1.16886 1.10877 0.951077 1.2173 1.13996 1.03692 1.13293 1.38262 0.944014 0.960428 
0126 0.172288	0.931754 0.901436 0.984117 0.867094 1.02163 0.87203 0.973196 0.889993 1.08329 1.03615 
0127 0.283069	0.755583 0.856591 0.987405 1.01142 0.98681 0.982594 1.06682 1.05994 0.966239 1.09733 
0130 0.108108	1.41936 1.10614 0.984376 0.995349 1.00467 0.910849 1.01808 0.950976 1.05155 0.998752 
0131 0.0617239	0.714863 0.981557 0.910934 1.05108 1.17573 1.11662 0.954061 1.15814 0.753786 0.80924 
0132 0.127465	0.555652 0.87334 0.941404 0.92894 1.112 1.0846 0.975437 0.894251 0.845252 1.11954 
0133 0.133674	0.69656 0.957981 0.943386 1.08335 1.18757 1.013 0.936977 1.01293 1.04442 1.18863 
0134 0.104091	0.947049 0.992922 1.05413 0.96714 1.05153 1.03783 1.00663 1.04677 1.04558 1.41917 
0135 0.257487	0.96814 0.979666 1.0511 0.883865 0.956316 0.968219 0.902406 0.926374 1.07875 0.985886 
0136 0.119065	1.18626 1.16252 0.963 1.14609 1.07352 1.06462 1.06041 1.19974 0.892153 0.833548 
0137 0.0883857	2.10173 1.43737 1.07236 1.0591 1.14934 0.835716 0.998615 1.02717 1.18571 1.08814 
0140 0.100753	0.649151 0.763436 0.951418 1.05529 1.05543 1.16732 0.978011 1.1292 0.853879 1.04023 
0141 0.0875706	1.06685 0.945653 1.10705 0.961844 0.867147 0.992784 1.02078 0.884328 0.970424 0.952005 
0142 0.128531	1.0716 1.08904 0.991325 1.05145 0.87769 1.00483 1.0257 1.07066 0.847944 0.779017 
0143 0.0833333	1.34777 1.04434 1.18824 0.887387 0.886126 0.887842 0.963315 0.810267 1.21693 1.08637 
0144 0.0885122	0.707835 0.89264 0.815527 1.33343 1.40088 1.21315 0.995789 1.24208 0.727893 1.07821 
0145 0.104049	0.941 1.01072 0.936061 1.21732 1.12124 1.07302 1.00727 1.12926 0.818212 0.941105 
0146 0.306497	0.841723 0.923818 1.00523 1.09153 1.07176 1.02257 0.986874 0.977554 1.00088 0.986628 
0147 0.100753	1.81069 1.12344 1.04468 1.03933 1.01426 0.851065 0.997867 0.885105 1.15718 0.878939 
0150 0.124612	1.5377 1.11855 1.12049 0.88259 0.950067 0.851301 1.02793 0.918381 1.15191 0.858799 
0151 0.0696743	0.81323 0.91663 1.07245 0.907881 1.03843 0.993774 0.969215 0.884665 1.17495 1.28032 
0152 0.199069	0.701738 0.942737 0.982844 0.881801 1.00311 1.01119 0.96015 0.9958 0.934966 1.12097 
0153 0.190021	0.983067 1.04973 0.954609 1.15092 1.11709 0.963251 1.0776 1.11032 0.999042 1.12941 
0154 0.0687694	0.65867 0.902838 0.885338 1.15649 1.18772 1.08328 1.05221 1.18509 0.821978 1.08096 
0155 0.100181	1.36613 1.05908 1.06315 0.930054 1.05332 0.801649 1.02156 0.980185 1.23942 1.16546 
0156 0.061789	0.687262 0.91919 0.908497 1.0121 1.17106 1.00829 0.931001 1.02272 0.891454 1.07269 
0157 0.185884	1.41456 1.2338 1.01033 1.01576 1.06021 0.932877 1.01619 1.03078 0.964057 0.860909 
0160 0.1967	0.780541 1.00535 1.02149 0.996537 1.01015 1.11817 0.984011 1.11768 0.883672 0.84441 
0161 0.135149	1.39452 1.20465 1.06533 0.990198 0.855095 0.987099 0.977211 0.982104 0.926061 0.76472 
0162 0.147197	1.03895 0.932244 1.11255 0.943344 0.876313 1.08484 1.02254 1.0105 1.11787 1.0415 
0163 0.102933	0.986363 0.974422 0.998988 0.800882 0.787268 1.00668 0.889237 0.835205 1.00655 0.828646 
0164 0.101624	1.84001 1.2514 1.06957 0.98367 0.91272 0.889978 1.01495 0.98454 1.15593 0.834917 
0165 0.122315	0.654333 0.700269 0.997558 0.927592 1.09858 1.12347 0.96606 1.01153 1.0382 1.37447 
0166 0.0887899	1.00781 1.21425 0.908586 1.35584 1.20633 1.22985 1.09762 1.37728 0.824115 1.00471 
0167 0.105291	1.30427 0.987059 1.05759 0.940658 0.913559 0.956737 0.889431 0.953456 1.26435 1.04781 
0170 0.0913952	0.583783 0.928239 0.879608 1.20675 1.15748 1.1842 0.96383 1.20784 0.880093 1.13487 
0171 0.234808	1.18462 1.0832 1.05383 1.05304 1.02245 1.03178 1.07482 1.10535 1.05452 1.07112 
0172 0.0821585	1.09131 0.986585 1.02182 0.973033 0.904667 1.0876 1.05499 1.06848 0.898864 0.837766 
0173 0.102577	0.623129 0.879151 0.934168 1.01295 1.02085 1.1803 0.974138 1.15709 0.796356 0.963161 
0174 0.141468	1.31356 1.15688 1.07657 0.899803 0.893301 0.975178 1.00029 0.887576 1.08886 0.797927 
0175 0.0904229	1.82868 1.32363 1.158 0.978412 0.965164 0.891692 0.948357 0.961527 1.25957 0.954443 
0176 0.173068	0.812021 0.861834 1.05927 0.834842 0.939065 0.985625 0.908372 0.928714 1.13367 1.10746 
0177 0.0841031	0.954367 1.10067 0.923917 1.38311 1.15789 1.10025 1.05755 1.27456 0.962258 1.03735 
1000 0.146891	1.38756 1.111 1.06082 1.04125 0.902243 1.00491 1.12889 0.961021 1.02399 0.952875 
1001 0.219085	0.976805 0.926993 0.923914 1.16053 1.12591 1.09814 1.02314 1.11965 0.981923 1.11674 
1002 0.165356	1.08663 0.908343 0.995969 0.912392 0.970509 0.960978 1.01672 0.946089 1.16032 1.13973 
1003 0.0671909	1.48549 1.20311 0.947103 0.920172 0.899276 0.901482 1.02362 1.07734 0.894979 0.68473 
1004 0.0531332	1.05916 0.861727 1.03599 0.861604 0.841469 0.910457 0.994298 0.831634 1.13248 0.96972 
1005 0.0769597	1.00174 1.18676 0.949923 1.10147 0.926992 1.09906 1.08951 1.09812 0.807085 0.750842 
1006 0.151775	1.26448 1.15167 0.98538 0.909143 0.819956 0.923476 1.02849 0.893897 1.03098 0.782077 
1007 0.119609	0.977744 1.00419 0.918123 0.98615 0.998474 0.924107 0.930516 0.98827 0.989184 0.960078 
1010 0.116895	0.612214 0.988356 0.897325 1.1897 1.25104 1.1222 1.06703 1.25441 0.935002 1.24204 
1011 0.0493151	0.553174 0.807649 0.895118 0.991861 1.11307 0.978979 0.9643 0.920015 0.95084 1.09266 
1012 0.086758	0.838819 0.799146 0.979983 0.812706 0.986224 0.915088 0.88456 0.822667 1.13768 1.10662 
1013 0.190411	0.844618 0.84619 0.981076 0.913807 0.94677 1.00126 1.01709 1.04284 0.952575 0.981156 
1014 0.159817	1.66331 1.27751 1.02962 1.01591 0.912694 0.822366 1.03445 1.00695 1.02735 0.847669 
1015 0.110502	1.54931 1.11213 1.05734 0.90112 0.991457 0.866542 0.98741 0.82984 1.23003 1.08942 
1016 0.204566	1.02291 1.02688 0.854596 1.12666 1.15556 0.962847 1.01765 1.06738 1.06508 1.05192 
1017 0.0817352	1.09633 1.07115 0.89856 1.08748 1.02899 1.06632 1.06544 1.16755 0.854019 0.843062 
1020 0.0500479	1.66159 1.19932 1.1856 0.670608 0.751923 0.793199 0.977989 0.844973 1.07436 0.770298 
1021 0.0502874	1.21182 0.929461 1.04146 0.757475 0.939422 0.846205 0.919386 0.773596 1.15089 0.773962 
1022 0.151102	0.601348 1.05189 0.92352 1.06804 1.11522 0.992441 0.951488 1.11946 0.868592 1.01016 
1023 0.175527	0.87543 1.02401 1.03184 0.896295 0.922357 1.00807 1.03719 1.00209 0.993528 0.969791 
1024 0.208094	1.39889 1.23393 1.01518 0.991301 0.936317 0.915156 0.994292 0.924507 0.933818 0.732075 
1025 0.222701	1.32614 1.17395 1.06989 0.933025 0.904132 0.936798 1.01741 0.957779 1.09278 0.967655 
1026 0.0854885	0.58903 0.861441 0.958711 0.867429 0.963007 0.983548 0.996757 0.894869 1.00998 1.18045 
1027 0.0567529	0.673224 0.939834 0.94259 1.11062 1.10471 1.04734 0.954479 1.19401 0.9694 1.24493 
1030 0.052809	0.948462 1.11512 0.897048 1.17798 1.0606 1.03892 1.02428 1.29918 0.810619 0.836835 
1031 0.204775	0.618332 0.838532 0.950232 1.0091 0.972144 1.09218 1.04838 1.16011 0.930121 1.04386 
1032 0.149719	1.09028 1.06744 1.06337 0.896557 0.969233 0.943694 1.03355 0.891034 1.1115 0.898004 
1033 0.0643258	0.643874 0.931033 0.91739 1.03791 1.04538 1.07659 0.929276 1.15722 0.882618 0.906432 
1034 0.157303	0.684965 0.835659 0.988884 0.924932 1.06954 1.01465 0.94866 1.01443 0.980023 1.09892 
1035 0.103933	1.23495 1.08242 0.925658 0.983905 0.999595 0.882471 1.04037 1.15265 0.982473 0.999423 
1036 0.130899	1.82201 1.16136 1.07443 0.960373 0.93191 0.866447 1.01366 1.0461 1.15583 0.819534 
1037 0.136236	0.974558 1.08028 1.05095 0.894017 0.867855 0.97663 1.04116 0.957503 0.934423 0.793855 
1040 0.185882	0.648461 0.728789 0.90941 1.14831 1.19389 1.12562 0.982438 1.11869 0.96704 1.17531 
1041 0.225796	0.918689 0.989938 0.918032 1.0592 1.11569 0.951297 0.969469 1.04069 0.915972 0.955086 
1042 0.105723	1.13718 1.00041 0.998692 1.20303 1.10427 1.11824 1.15652 1.14261 0.956956 1.05971 
1043 0.0750454	2.29009 1.23323 1.04198 0.926009 0.940117 0.814894 1.03669 0.891339 1.22795 0.698677 
1044 0.0547584	1.36762 1.03339 0.960392 1.00036 0.925877 0.952899 0.942823 0.913663 0.972836 0.780385 
1045 0.0700973	1.54551 1.1925 0.979334 1.11788 0.935959 0.938119 1.09794 1.1061 1.06608 0.975642 
1046 0.231404	1.02684 0.852764 0.986285 0.923101 0.947365 0.926328 0.964269 0.918454 1.12277 0.935474 
1047 0.0512947	1.45846 1.0386 1.08295 0.96326 0.882165 0.877417 1.02514 0.903858 1.15627 0.751658 
1050 0.0518135	0.959552 0.866658 0.976968 0.867102 1.02408 0.93856 0.944425 0.805818 1.12256 1.00494 
1051 0.188795	1.40807 1.18162 1.06351 1.23527 0.928874 0.970971 1.10462 1.11055 1.02325 0.854357 
1052 0.0689767	0.520436 0.877048 0.919666 1.30347 1.1344 1.13683 1.06691 1.21138 0.892776 1.33481 
1053 0.161917	0.676512 0.826542 1.0189 1.08357 1.0047 1.07618 1.01407 0.956953 1.0717 1.23169 
1054 0.179728	1.22753 1.00526 1.04609 1.01139 0.931348 0.866696 0.96667 0.916892 1.16131 0.962557 
1055 0.0608808	0.729558 0.804379 0.891601 1.31385 1.27003 0.998761 1.00879 1.13275 0.963547 1.20833 
1056 0.0841969	0.953533 0.939816 1.04765 0.852442 0.852797 0.926296 1.01578 0.879536 0.969535 0.8313 
1057 0.203692	0.836815 0.999831 0.984994 1.1121 0.93382 0.980459 1.06487 1.08172 0.957649 0.923363 
1060 0.194529	0.694654 0.895808 0.960485 0.929458 0.987239 1.04303 0.977656 0.920178 0.908065 1.00708 
1061 0.162733	0.978801 1.09745 0.928318 1.09208 1.0687 1.01565 0.939935 1.03499 1.00856 0.991052 
1062 0.0868964	1.7491 1.15804 1.0546 0.925886 0.819622 0.865513 1.04725 0.822532 1.13501 0.893871 
1063 0.0663573	1.78911 1.29907 0.992953 1.11456 1.00018 0.979713 1.02094 1.11281 0.956551 0.899426 
1064 0.15434	0.943382 1.07034 1.00894 1.00996 0.915951 1.08852 1.042 1.07154 0.868671 0.863271 
1065 0.177644	1.1364 1.06933 1.03597 0.937067 0.838311 0.992531 1.02026 0.874821 1.08365 0.924367 
1066 0.0776143	1.19988 1.12379 0.945053 0.960942 0.976746 0.919899 0.888575 0.891147 1.17919 0.976286 
1067 0.0798855	0.72285 1.05044 0.872555 1.12788 1.13319 1.1147 1.0098 1.19334 0.854015 0.996087 
1070 0.179429	1.05998 1.04464 0.98468 1.11982 1.11577 1.03189 1.00127 1.24947 0.934427 1.08052 
1071 0.0584755	0.77172 0.981478 0.912315 1.09834 1.13672 1.11551 0.91686 1.19088 0.853246 0.98365 
1072 0.254786	1.61914 1.258 1.10098 0.958149 0.974858 0.909664 1.02239 1.03045 1.14884 1.00475 
1073 0.206578	0.998363 1.07435 1.0183 0.928993 1.04373 1.01276 0.921309 0.958865 1.03238 0.987324 
1074 0.0593456	0.633291 0.917228 1.05417 0.956191 0.865543 1.13409 0.995463 1.20198 0.866664 1.01455 
1075 0.0854507	0.833391 1.0429 1.03257 0.946262 1.00989 1.0454 0.943668 0.892264 0.908023 0.990553 
1076 0.0830143	0.566079 0.893025 0.892339 1.05791 1.17398 1.13488 0.886665 1.04722 0.949492 1.29224 
1077 0.0729203	0.859189 1.00874 1.07874 0.893055 0.802632 0.978122 0.905894 0.897684 1.00862 0.895918 
1100 0.224419	1.19339 0.920223 1.00886 0.87939 0.912647 0.955904 1.04601 0.877392 1.10596 0.999822 
1101 0.0697674	2.25407 1.21465 1.06163 0.965131 0.949086 0.952808 1.11655 0.918854 1.01742 0.814977 
1102 0.0488372	0.655263 0.836347 0.90634 1.08277 1.16045 1.1563 0.997998 0.942571 0.981124 1.30852 
1103 0.134884	1.22074 1.15378 1.05212 1.02646 0.933714 1.0485 1.0684 1.15402 0.883387 0.881102 
1104 0.124419	0.764487 0.905988 0.96416 0.861858 0.98466 1.11183 0.935216 0.946399 0.92629 0.960817 
1105 0.210465	1.10649 1.09104 0.910869 1.14453 1.04363 1.16255 1.04116 1.06064 0.840874 0.929855 
1106 0.0569767	0.553094 0.892888 0.861498 1.14673 1.2242 1.16439 0.998766 1.24735 0.81927 1.06155 
1107 0.130233	1.02981 0.886682 0.956721 0.952139 1.01569 0.942824 0.946115 1.01291 1.056 1.02733 
1110 0.0905816	1.09235 0.999725 1.14374 0.824778 0.803735 0.970624 1.05841 0.780806 1.11571 0.846645 
1111 0.0766855	0.88408 0.828242 1.01738 0.888328 0.981614 0.988619 0.96406 0.864604 1.14804 1.12729 
1112 0.145651	0.573495 0.822686 0.870058 1.0633 1.14732 1.07858 1.00564 1.06384 0.84992 0.9392 
1113 0.256819	0.772332 0.971556 0.975798 1.00448 0.998125 1.02466 1.0033 0.909239 0.954088 0.980892 
1114 0.131755	1.92983 1.26815 1.04717 1.00212 0.952601 0.871208 1.09418 0.951446 1.01992 0.963008 
1115 0.137416	1.13325 1.08161 0.998746 1.15438 0.974823 1.14672 1.13156 1.22133 0.896603 1.09795 
1116 0.100875	1.42717 0.95409 1.04513 0.939265 0.975999 0.928127 1.04381 0.901829 1.18434 1.20169 
1117 0.0602162	0.74851 0.87409 0.93605 1.01424 1.0795 1.14575 0.992916 1.15683 0.784908 1.00491 
1120 0.13346	1.00021 0.916626 1.09524 0.820059 0.887784 0.926183 0.977478 0.804522 1.26635 0.988845 
1121 0.13599	0.880534 0.94949 0.949439 1.17191 1.17303 1.15618 1.03388 1.16876 1.00974 1.14816 
1122 0.0999367	0.620914 0.858703 0.904377 1.11647 1.32087 1.11861 0.946704 1.04856 1.02074 1.21009 
1123 0.0733713	0.52706 1.02763 0.876751 1.23078 1.23417 1.23143 1.05388 1.37651 0.784054 1.24505 
1124 0.0961417	0.888787 0.978929 1.05217 0.982314 0.91883 1.02819 0.957685 0.919974 0.974522 0.899431 
1125 0.106262	1.62778 1.05171 1.12185 0.914792 0.905561 1.00904 1.09037 0.898777 1.28806 1.05979 
1126 0.135357	0.905199 1.11401 0.975763 1.00969 1.11555 1.05426 0.981484 1.10131 0.82266 0.882471 
1127 0.219481	1.34494 1.01895 1.01424 0.957942 0.989835 0.998226 0.993384 1.03082 1.04449 0.808607 
1130 0.244145	0.881735 0.863436 0.985223 0.968413 0.995159 1.04445 0.961965 1.04282 0.984518 1.04192 
1131 0.0901639	1.19691 1.10968 0.919358 1.10719 1.04031 0.976008 1.03588 1.03782 1.0746 0.905102 
1132 0.11534	1.63336 1.18064 1.02613 0.989239 0.92977 0.94993 1.00929 0.89675 0.983441 0.811456 
1133 0.114169	0.756642 1.06566 0.836131 1.30963 1.21292 1.08895 0.971739 1.1615 0.837703 1.06433 
1134 0.163349	0.983691 0.965192 0.901681 0.929182 1.01712 0.936861 0.878372 0.832583 0.999512 0.979057 
1135 0.0696721	1.18921 0.916222 1.03205 0.920439 0.879197 0.933562 0.937291 0.856477 1.34613 1.09835 
1136 0.127049	1.82709 1.11554 1.03694 0.912021 0.929907 0.881009 0.971569 0.854016 1.24956 0.987918 
1137 0.0761124	0.981097 0.928053 0.948201 1.1258 1.0709 1.03212 1.01011 1.17323 1.09288 1.2767 
1140 0.104746	0.57365 0.838434 0.917683 0.982085 1.1796 1.07734 1.01382 1.074 0.909127 1.11159 
1141 0.116203	1.88436 1.10836 1.06426 1.05639 1.13193 0.903836 1.02156 0.959624 1.22977 0.960008 
1142 0.1473	0.707636 1.08741 0.894419 1.38151 1.35767 1.19948 1.10897 1.33374 0.797122 0.958593 
1143 0.111293	1.1667 1.19446 1.03499 0.993602 1.03674 0.854637 0.990283 0.985435 1.12391 0.946239 
1144 0.0785597	2.31669 1.24201 1.1521 0.85714 0.867499 0.834156 1.1168 0.803172 1.22815 0.78459 
1145 0.153846	0.92101 1.0745 0.93279 1.13979 1.18423 1.04688 1.04088 0.960483 0.95106 0.956612 
1146 0.229133	1.30507 1.08671 1.01326 0.982141 1.00084 0.968633 1.08656 0.992381 0.978328 0.956863 
1147 0.0589198	0.89402 0.825315 1.15422 0.896988 1.04122 0.99259 1.10636 0.758356 1.15628 1.26012 
1150 0.158482	0.836257 1.04788 0.965993 0.988324 0.969689 1.06627 1.07784 1.09223 0.905333 1.00082 
1151 0.107143	0.902823 0.829941 1.01273 0.896106 1.01611 1.15183 1.0537 0.95866 1.0465 1.2352 
1152 0.15625	1.40196 1.07751 1.07484 1.01785 0.970105 0.955568 1.02892 0.918553 1.20051 0.957939 
1153 0.134673	0.611209 0.838415 1.03994 0.863533 0.99406 1.04063 0.935296 0.920666 1.00752 1.14796 
1154 0.0535714	2.37495 1.45265 1.07957 0.94441 0.840056 0.939724 1.07042 0.852657 1.05323 0.770304 
1155 0.136905	1.37467 1.22185 1.13081 0.975775 0.799295 1.03668 1.05441 0.870474 0.992172 0.892839 
1156 0.148065	0.792946 1.00098 0.936132 1.16525 1.07518 1.09408 1.02487 1.16971 0.973226 1.17072 
1157 0.104911	1.36876 1.19561 0.989429 1.00607 0.93116 0.95373 0.955907 1.03468 0.952389 0.866165 
1160 0.0798661	0.955582 1.02729 0.959721 0.986491 1.22981 0.924492 0.962311 0.921834 1.0488 1.09477 
1161 0.0473458	0.465636 0.843478 0.872301 1.13121 1.30362 1.14083 0.947271 1.14724 0.920261 1.4441 
1162 0.212339	1.28953 1.146 0.96398 0.984636 1.01818 0.965365 1.11298 1.01743 1.02147 0.996628 
1163 0.161645	0.739998 0.896017 1.07693 0.884517 1.06404 0.994665 0.942065 0.850793 1.03157 1.08386 
1164 0.0832138	0.695182 1.02819 0.986204 1.16748 1.18008 1.14735 1.02016 1.13097 0.987484 1.06729 
1165 0.191774	1.61764 1.17108 1.03841 0.90065 0.978681 0.878755 1.05957 0.894135 1.18026 1.08022 
1166 0.0913439	1.38715 1.16397 1.08033 0.836885 0.929386 0.913966 1.01714 0.900854 0.994636 0.738488 
1167 0.132473	0.636302 0.921231 0.951659 1.00919 1.12341 1.04659 1.0205 0.993807 0.914989 0.980967 
1170 0.0786092	0.456657 0.841475 1.02414 1.09221 1.02136 1.26948 0.985547 1.17929 0.905701 1.4697 
1171 0.201436	1.09864 1.09257 1.11289 0.937511 0.864089 1.01773 0.95879 0.892555 1.0161 0.933404 
1172 0.105442	0.824061 1.01243 1.0111 1.1342 1.08723 1.05921 0.933466 1.16534 1.07829 1.10146 
1173 0.0563114	0.602291 0.84352 0.995164 0.902406 0.94156 1.06366 0.819747 0.885409 1.00465 1.08052 
1174 0.149282	1.72587 1.34504 1.08021 0.989556 0.875121 0.854652 0.994075 0.894737 0.995388 0.69259 
1175 0.0925926	1.5122 1.0789 1.057 1.12793 1.0448 0.944264 0.984282 0.960646 1.26013 1.11408 
1176 0.216931	0.60952 0.84258 0.930892 1.07175 1.11443 1.14449 0.918187 1.20519 0.876974 1.09925 
1177 0.0993953	0.90433 1.1752 1.0323 1.04522 0.961977 0.98763 0.95643 1.09546 0.865009 0.879029 
BOUNDS
LWPS R    0.0  0.0  0.0  0.0  0.0  0.0  0.0  0.0  0.0  0.0
UWPS R    0.5  0.5  0.5  0.5  0.5  0.5  0.5  0.5  0.5  0.5
LXAS R   -0.5 -0.5 -0.5 -0.5 -0.5 -0.5 -0.5 -0.5 -0.5 -0.5
UXAS R    0.5  0.5  0.5  0.5  0.5  0.5  0.5  0.5  0.5  0.5
END
