NAME moment_estimations_cluster
ASSETS 10
BENCHMARKS 0.1 0.1 0.1 0.1 0.1 0.1 0.1 0.1 0.1 0.1 
COVARIANCES
0 0 0.105076
1 0 0.0437185
1 1 0.0222212
2 0 0.0233582
2 1 0.010592
2 2 0.00909197
3 0 0.014231
3 1 0.00804062
3 2 0.00276657
3 3 0.0101748
4 0 0.0138531
4 1 0.00743911
4 2 0.00364105
4 3 0.00611689
4 4 0.0101813
5 0 0.015225
5 1 0.00665774
5 2 0.00773836
5 3 0.00482965
5 4 0.00605367
5 5 0.0135207
6 0 0.0495699
6 1 0.0228763
6 2 0.0146264
6 3 0.0102173
6 4 0.0119761
6 5 0.0130355
6 6 0.0330666
7 0 0.00194963
7 1 -0.000498254
7 2 -0.000704302
7 3 0.00669286
7 4 -0.00470422
7 5 0.00191175
7 6 -0.00164589
7 7 0.0272532
8 0 0.040881
8 1 0.0194301
8 2 0.0138586
8 3 0.00569743
8 4 0.013238
8 5 0.0112931
8 6 0.0286417
8 7 -0.013274
8 8 0.0337293
9 0 0.00787469
9 1 0.00208441
9 2 0.00342454
9 3 0.00367207
9 4 0.00723568
9 5 0.00571545
9 6 0.00990814
9 7 -0.00178132
9 8 0.0112771
9 9 0.0141333
SCENARIOS
0 0.41295	1.40608 1.14143 1.06748 1.06848 1.08289 1.05061 1.15734 1.09493 1.13394 1.05396 
1 0.58705	0.809171 0.939275 0.958603 0.960662 0.953016 0.992602 0.917369 0.937562 0.931429 1.00608 
00 0.540913	0.759111 0.883884 0.94108 1.01735 0.936054 0.992888 0.889841 1.01858 0.848032 0.924481 
01 0.459087	1.35768 1.11249 1.09641 1.05333 1.05662 1.02634 1.20416 0.920518 1.20942 0.911035 
10 0.204446	1.57816 1.14678 1.16962 1.07929 1.08453 1.11034 1.34161 1.00731 1.38955 1.01246 
11 0.795554	0.9294 0.949002 0.971913 0.929229 0.980058 0.902673 0.934173 1.08354 0.975273 0.948399 
000 0.106594	0.741971 0.908928 0.884096 0.96581 0.841249 0.856293 0.728149 1.30252 0.6479 0.897693 
001 0.150916	1.46735 1.16345 1.03661 1.0462 0.95221 1.04555 1.07435 1.25279 1.01984 1.02397 
002 0.178045	1.27417 1.1601 1.10952 0.937302 1.0947 1.02201 1.18239 0.805793 1.36347 1.08885 
003 0.109728	0.753353 0.978291 0.903616 0.880145 1.05423 0.924708 0.862969 0.720252 1.02351 1.01922 
004 0.0727045	2.19192 1.34819 1.16972 1.15371 1.06477 0.996635 1.50877 0.980555 1.36135 1.19006 
005 0.128397	0.629242 0.81624 0.945258 0.972545 0.949731 0.999731 0.8 0.872705 0.892653 1.05156 
006 0.134217	1.13514 1.03716 0.919963 0.885966 0.960836 0.811752 0.92937 0.923594 0.954142 0.987672 
007 0.119398	1.13156 1.07906 1.0501 0.91142 0.869525 0.923435 0.998962 0.992746 0.933237 1.03615 
010 0.194641	0.844269 1.01366 0.915535 0.996201 0.938263 0.909216 0.849827 1.07296 0.835348 1.02038 
011 0.17159	0.871962 1.06012 1.0623 1.02137 1.12607 1.23469 1.0392 0.815744 1.19553 1.23255 
012 0.112987	1.01291 1.08459 0.981741 1.1062 1.11364 1.13324 1.0154 1.09889 0.893207 1.11425 
013 0.102964	1.27744 1.28319 1.05146 1.05656 1.13085 1.11658 1.35077 0.874195 1.38305 1.3488 
014 0.11114	1.45792 1.18345 1.09576 1.08417 0.957921 1.11859 1.10526 1.09312 0.972402 1.01091 
015 0.0955797	2.05613 1.46647 1.22472 1.21529 1.14602 1.39562 1.53054 1.18487 1.35466 1.1872 
016 0.086085	0.993105 1.06902 1.07822 1.04049 0.81844 1.08995 0.95671 1.317 0.935478 1.05354 
017 0.125013	0.523484 0.779823 0.905562 0.865288 0.888563 0.933271 0.725293 0.996781 0.811956 1.08764 
100 0.0936511	0.93575 1.00784 0.962885 1.1363 1.06445 0.978082 0.897816 1.1866 0.834785 0.952191 
101 0.109815	0.656956 0.839102 0.952932 0.949822 1.00602 0.939055 0.860453 0.83532 1.04979 1.10625 
102 0.0600733	0.441033 0.79077 0.880749 0.993826 0.959103 0.949775 0.721265 1.11589 0.743002 1.08083 
103 0.111815	0.853119 0.87767 1.02793 1.03526 1.12074 1.22034 1.02246 1.0519 0.963975 1.04883 
104 0.11723	0.846465 0.920401 0.87369 0.962607 1.00801 0.870336 0.792501 0.938599 0.841842 0.994591 
105 0.151558	1.51889 1.23771 1.00615 1.03182 1.08676 0.959936 1.07538 1.10527 0.973348 0.851317 
106 0.148142	1.83471 1.45439 1.14546 1.02315 1.23864 1.11518 1.42211 0.786265 1.34607 1.28117 
107 0.207715	1.14684 1.02619 0.996441 0.943857 1.08758 1.07714 1.07639 0.790189 1.16229 1.14856 
110 0.156757	0.872058 0.894134 0.959926 0.949865 0.980369 1.02932 0.920905 0.939667 0.940592 0.909101 
111 0.140719	1.1548 1.08336 1.06292 1.0777 1.12212 1.18774 1.17759 1.06802 1.08324 1.21075 
112 0.0880671	1.14175 1.05103 0.913869 1.15525 0.936528 0.956591 0.884926 1.40064 0.744092 0.927098 
113 0.119478	0.654238 0.72457 0.815929 0.874015 0.915168 0.872991 0.71009 0.873122 0.769795 0.980233 
114 0.111042	1.33907 1.10842 1.09376 0.914199 1.00437 1.00825 1.09241 0.814854 1.21924 0.961129 
115 0.0922639	0.63777 0.827792 0.903628 1.04006 0.751315 0.997537 0.688819 1.33082 0.633392 0.808556 
116 0.15909	1.13861 1.01238 0.965183 1.1655 1.03801 1.0561 1.01043 0.904454 0.962043 1.06009 
117 0.132582	2.06758 1.28896 1.19575 1.23781 1.13736 1.2065 1.45667 1.09432 1.33512 1.15343 
0000 0.138177	1.53188 1.07869 1.14641 1.25932 1.23635 1.28824 1.41399 1.20509 1.37714 1.26321 
0001 0.0642587	1.9925 1.12372 1.15111 1.02916 1.03955 1.29584 1.55776 1.17849 1.41551 1.16378 
0002 0.0621588	0.953066 1.0163 0.962085 1.07516 1.42126 1.14235 1.15295 0.884903 1.43086 1.24352 
0003 0.097858	0.994777 0.932344 1.08961 1.08002 0.968205 1.13028 1.18395 1.1201 1.32465 1.12356 
0004 0.0705586	0.756191 0.81278 1.05982 0.826423 0.922534 1.27864 0.87859 0.976022 1.05951 1.02879 
0005 0.148257	0.728214 0.772314 0.880582 0.962314 0.805175 0.754407 0.839992 1.09 0.842648 0.844931 
0006 0.298194	1.12177 0.996081 0.964888 0.997619 1.07214 1.03664 0.928939 0.912768 1.06468 0.923584 
0007 0.120538	0.644267 0.832066 0.863082 1.08162 0.922285 0.883754 0.888299 1.3269 0.87787 0.99594 
0010 0.0756452	2.20127 1.30421 1.14804 1.04745 0.933467 0.978825 1.32392 1.0153 1.07445 1.18352 
0011 0.181845	1.41152 1.2666 1.13147 1.12667 1.04295 1.01866 1.36633 0.896381 1.29927 1.08188 
0012 0.120736	0.759138 0.873202 0.956441 0.913567 0.87658 0.995101 0.956668 1.50759 0.747843 0.954426 
0013 0.150994	1.01117 1.18487 1.00567 1.14703 1.08248 0.868164 1.18291 1.06393 1.05842 0.91558 
0014 0.189855	1.21178 1.06835 1.02187 0.956308 0.946445 0.945088 0.977889 0.916309 0.952914 0.792064 
0015 0.121922	0.742468 0.847686 0.956114 0.845827 0.851582 0.806575 0.805702 1.04917 0.793624 0.739641 
0016 0.0388609	0.502643 0.723213 0.929814 0.992643 0.996663 1.03506 0.813885 0.953904 0.773596 0.928049 
0017 0.120142	0.788777 0.807241 0.963215 0.995941 1.0378 1.06302 1.05454 0.994745 0.99315 1.28615 
0020 0.0497863	1.08043 1.04986 1.12366 1.12313 1.12877 1.22717 1.19475 0.763237 1.43024 1.04923 
0021 0.216746	0.627169 0.763596 0.942704 0.964249 0.989017 1.1295 0.814548 1.18127 0.776509 1.00854 
0022 0.0673875	0.934826 1.09283 1.16309 1.08198 0.887063 1.15355 1.1165 1.12842 1.05731 0.929099 
0023 0.14961	1.67135 1.2225 1.12333 1.18714 1.19701 1.30315 1.2927 1.08921 1.26811 1.00544 
0024 0.0472718	0.634913 0.820715 0.812142 0.841903 0.854936 0.712589 0.778872 0.701625 0.951089 1.02702 
0025 0.155142	1.34139 1.14791 1.00135 0.987598 1.02126 0.953761 1.00352 1.20491 0.974118 1.02127 
0026 0.103093	0.808586 0.911373 1.0418 1.05752 1.14615 1.09798 1.07357 0.739757 1.10526 1.33576 
0027 0.210963	1.02524 0.893344 1.07927 0.866506 0.865677 1.09773 0.975584 0.989444 0.931103 1.0569 
0030 0.188494	0.757425 0.851253 0.9432 0.889147 0.903679 0.865664 0.75408 0.976159 0.832636 0.830564 
0031 0.0836393	0.748023 0.860068 0.902835 0.875674 0.780659 0.819593 0.727517 1.04341 0.763615 0.742617 
0032 0.157079	1.30238 1.07166 1.10774 0.799714 0.805052 0.923979 1.04893 0.953545 1.05093 0.785621 
0033 0.0950632	0.881154 0.782885 1.1065 0.857878 1.02145 0.979594 1.02842 0.705032 1.23628 1.13044 
0034 0.154631	1.83947 1.18118 1.22817 0.993003 0.956523 1.06187 1.46205 0.987995 1.34159 1.11003 
0035 0.0693594	0.932521 0.976014 0.908532 1.08791 1.06967 0.884956 0.998814 0.800199 1.07217 0.980499 
0036 0.114239	0.953502 0.931337 1.04379 1.15176 0.976245 0.965756 0.991213 1.20484 0.94924 1.19587 
0037 0.137495	0.98249 0.961761 1.02798 1.1252 1.08235 0.937542 1.08715 1.06874 1.15868 1.13081 
0040 0.184729	1.27871 1.08738 1.08936 0.934389 1.00856 1.18981 1.05654 1.2533 0.921967 1.08896 
0041 0.0665025	1.36167 1.1352 1.02551 0.939708 0.934183 1.18651 0.835865 1.43228 0.804008 0.6976 
0042 0.128695	1.22974 1.12479 0.944458 0.887137 1.14737 0.988629 1.07139 0.719853 1.21016 1.03386 
0043 0.248153	0.76638 0.905554 0.961834 0.946487 0.99564 1.03298 0.85008 1.04101 0.970898 1.02124 
0044 0.0985222	0.588723 0.793358 0.928208 0.890023 0.822156 0.937962 0.777574 1.02942 0.825164 0.7894 
0045 0.0837438	1.71153 1.41196 1.1995 1.02501 1.25299 1.21216 1.37315 0.968865 1.4714 0.960977 
0046 0.100369	1.29652 1.33877 1.12429 0.855822 0.901067 1.16096 0.934329 1.10617 1.07306 0.716705 
0047 0.0892857	0.883455 1.12203 1.10978 1.00338 1.09067 1.07476 1.11523 0.907356 1.28213 0.851658 
0050 0.0934449	1.47981 1.12668 1.17252 1.06356 1.15342 1.21611 1.38376 0.912378 1.41821 1.24495 
0051 0.054742	1.35437 0.99044 0.883523 0.784569 0.837011 0.80276 0.920599 1.05646 0.871943 0.815881 
0052 0.0899582	0.914738 0.829668 0.889026 1.1508 1.19527 0.976534 1.00134 1.21821 0.984929 1.1352 
0053 0.253835	1.13989 1.18284 1.09243 0.870719 0.951802 1.10107 1.12138 1.1386 1.07232 0.915266 
0054 0.123082	0.720391 0.870854 0.816638 0.870512 0.878006 0.777017 0.742968 1.06291 0.802824 0.903916 
0055 0.138773	1.48298 1.26075 1.09609 0.970214 1.08449 1.06196 1.36023 1.03126 1.13996 1.008 
0056 0.0892608	0.85808 0.826443 0.993102 0.821068 0.880021 0.966925 0.918471 0.889088 1.03121 0.934622 
0057 0.156904	0.762231 0.872529 0.904137 0.815984 0.866722 0.95689 0.786344 1.05355 0.852139 0.964359 
0060 0.144763	1.1022 1.14384 1.05621 1.21115 1.22172 1.30519 1.11414 1.00683 1.21646 1.08158 
0061 0.133756	0.825751 0.988267 1.1088 1.13463 1.12693 1.25782 0.975993 0.859691 1.16678 0.938209 
0062 0.195464	0.913118 1.0182 0.943355 1.01001 0.981363 1.03369 0.840126 0.966109 0.965116 0.867945 
0063 0.0610407	0.889032 1.01206 0.937653 1.2409 1.15961 1.27336 1.0205 1.19757 0.829116 1.25011 
0064 0.108072	1.26745 1.12541 0.99195 1.0634 0.976487 0.897139 0.911058 1.09708 0.904695 0.959648 
0065 0.189793	0.640705 0.772761 0.876956 0.920807 0.842313 0.849253 0.663621 1.04764 0.757044 0.853836 
0066 0.0503669	1.44892 1.06035 1.09531 0.976273 0.901921 1.15993 1.04855 0.837107 1.02842 0.958011 
0067 0.116744	1.83115 1.2105 1.19237 1.10061 1.09919 1.15144 1.30879 0.831323 1.38337 0.772328 
0070 0.110986	1.59968 1.18234 1.14798 1.08301 1.06214 1.12752 1.16035 0.799542 1.276 0.845674 
0071 0.0839895	1.06393 0.948365 0.993873 1.18078 1.08687 1.05053 1.06379 1.17615 0.922546 0.890758 
0072 0.0764904	1.57273 1.27263 1.10793 1.02504 1.14362 1.06459 1.28365 1.22308 1.18292 0.824814 
0073 0.215598	0.638276 0.873737 0.906424 0.896303 1.07808 1.07013 0.912399 0.93984 0.89251 0.961009 
0074 0.0914886	1.24393 1.03898 0.977988 0.970116 1.16483 1.16011 1.05456 0.997363 1.0252 0.86899 
0075 0.209224	0.855031 0.767796 0.95414 0.936422 0.850513 0.899179 0.746327 1.26962 0.780558 0.753106 
0076 0.12111	0.988839 1.07331 0.918763 0.922453 1.13865 1.00009 1.02066 0.888082 1.04274 0.856224 
0077 0.0911136	1.20687 1.28649 1.04773 0.983638 1.00814 0.949024 0.958747 1.0709 1.02712 0.69189 
0100 0.103523	1.04285 0.845162 0.914942 0.948056 0.862773 0.912095 0.854474 1.23919 0.765814 0.93314 
0101 0.110569	1.2242 1.0143 1.10237 0.882095 0.932552 0.951692 1.14076 0.947301 1.1068 1.1402 
0102 0.0663957	1.68297 1.09322 1.17605 1.00576 1.01313 1.1079 1.37555 0.808403 1.45922 1.11303 
0103 0.207046	0.72732 0.878408 0.984326 0.801764 0.905318 1.04265 0.827882 0.765621 1.07512 0.879157 
0104 0.16206	0.999953 0.938508 0.993354 0.965262 0.960877 0.94123 0.87952 0.852665 0.951811 0.843087 
0105 0.0669377	1.54459 1.20482 1.00995 0.999787 1.11725 1.08519 1.14255 0.946263 1.08113 1.17982 
0106 0.165583	0.730461 0.804493 0.995169 1.12394 0.973742 1.33085 0.938049 1.1839 0.92909 0.965296 
0107 0.117886	0.77572 0.883124 1.04233 0.918652 1.11934 1.22788 1.15897 0.742035 1.27597 1.32363 
0110 0.0817707	1.7735 1.14835 1.12376 0.846481 1.06175 1.05777 1.40263 0.744722 1.39508 1.09158 
0111 0.135875	1.06029 0.859394 0.99668 0.830205 0.978848 0.896998 1.04408 0.830738 1.15671 1.15877 
0112 0.323086	0.817262 0.81118 0.954266 0.948756 0.941866 0.932828 0.91161 1.08431 0.821263 1.07192 
0113 0.0786966	0.888061 0.99433 1.05865 0.957333 1.01586 0.980598 1.17699 0.735718 1.26701 1.23565 
0114 0.0768521	0.590549 0.72857 0.838953 0.839064 0.909197 0.800868 0.727211 0.81059 0.8171 0.924728 
0115 0.11866	1.34517 1.06035 1.05164 0.97957 0.952262 0.963246 1.0926 0.949195 0.916987 1.10818 
0116 0.0710114	1.70591 1.28584 1.14382 1.29772 1.02999 1.17378 1.39034 1.09193 1.11936 1.10212 
0117 0.114049	1.31157 1.01499 1.09324 0.949203 0.951013 1.03065 1.09168 1.13095 1.01276 0.92665 
0120 0.0961718	0.558476 0.696562 0.851446 0.908104 0.711263 0.864359 0.709114 1.31282 0.773681 1.11242 
0121 0.144258	1.1428 0.86606 0.904043 1.01437 0.859019 0.864418 0.871035 1.35653 0.802181 0.955377 
0122 0.0560224	0.856909 0.961032 0.883999 0.926161 0.912167 0.789517 0.936696 0.755616 0.922141 0.938014 
0123 0.147993	0.965681 0.974609 1.03569 0.965108 0.996732 0.980579 1.1186 1.06825 1.13483 1.31566 
0124 0.0597572	2.14245 1.39194 1.02093 1.12358 1.00751 0.799897 1.29945 0.990323 1.33091 0.952693 
0125 0.089169	0.754809 0.825633 0.974522 0.920667 0.898081 0.91945 0.950701 1.07058 0.901921 1.10596 
0126 0.166667	0.871332 0.916466 0.843812 0.812639 0.912816 0.822004 0.800145 0.691077 1.01209 0.835215 
0127 0.239963	1.36116 1.14497 1.13705 0.952504 0.874719 0.936341 1.1438 0.919317 1.18125 0.947145 
0130 0.0758197	0.611141 0.696644 0.859745 0.907814 0.876553 0.897497 0.679929 0.99802 0.696748 0.741049 
0131 0.0594262	1.34751 1.13418 1.10165 0.91084 1.12032 1.05034 1.06172 0.618611 1.29231 0.78688 
0132 0.123975	1.6078 1.14144 1.21921 0.959644 1.01194 1.19901 1.31459 0.810459 1.28095 0.960354 
0133 0.143443	0.726505 0.822915 0.897681 0.910854 1.05243 0.873658 0.80063 0.780104 0.940243 0.902848 
0134 0.231557	1.06318 0.844109 0.924296 1.05902 1.06393 1.02022 0.944017 1.11549 0.924041 0.979308 
0135 0.164959	1.11919 1.03619 1.12747 0.821633 0.925778 1.04794 0.989747 0.93751 1.02236 0.775862 
0136 0.106045	0.781164 0.755028 1.01836 1.10132 1.08111 1.10139 0.917435 1.12692 0.878018 0.938218 
0137 0.0947746	0.988712 0.963311 1.21209 1.11823 1.19889 1.33713 1.19579 0.962982 1.31225 1.00319 
0140 0.130992	1.85557 1.24663 1.09277 1.13228 1.0475 0.880422 1.19638 1.18911 1.26238 0.905814 
0141 0.120551	1.37139 1.27154 1.09301 0.832997 1.05296 1.01217 1.15809 0.84238 1.33627 1.08816 
0142 0.0692928	1.02992 1.0219 1.05548 0.880429 1.12203 1.11932 1.2152 0.796066 1.37348 1.31329 
0143 0.138111	0.690781 0.808836 0.901139 0.745111 0.765089 0.849273 0.800679 1.05069 0.857566 0.944923 
0144 0.123398	0.975134 0.965575 1.01985 1.11892 1.02311 1.23025 1.11689 1.26544 1.00691 1.31287 
0145 0.1514	1.21915 0.969273 0.89733 0.912582 0.85484 0.801266 0.929484 1.26122 0.855783 0.930511 
0146 0.112957	1.0096 0.986612 0.97196 0.861651 0.916899 0.855868 0.931409 0.893072 1.08557 1.11692 
0147 0.153299	0.798972 0.884517 1.00437 0.852776 1.00062 0.991538 0.908274 0.968141 1.07225 1.07487 
0150 0.080574	1.36163 1.14236 0.957285 1.08123 0.755518 0.798299 0.79737 1.2413 0.752918 0.726267 
0151 0.293046	0.651522 0.819776 0.875204 0.990609 0.969849 0.817107 0.793123 0.949878 0.931944 0.933897 
0152 0.162804	0.929658 0.837735 0.957396 0.693835 0.774541 0.733631 0.810524 0.857687 0.845416 0.979972 
0153 0.15894	1.83293 1.30855 1.21285 0.958124 0.894924 0.989417 1.31334 1.06358 1.31249 1.23981 
0154 0.089404	0.982807 0.878766 1.01837 1.01568 1.09561 1.01546 1.16177 0.799852 1.31341 1.19991 
0155 0.0596026	1.01404 1.00865 1.02801 0.885407 0.895984 0.964997 1.08003 0.877117 0.951474 0.904307 
0156 0.0778146	1.24879 0.9863 1.04139 0.737828 0.927674 0.922149 1.02313 0.918627 1.01056 1.08513 
0157 0.0778146	1.23534 1.13542 1.11084 1.08622 1.20558 1.0811 1.2651 1.02628 1.39421 1.26891 
0160 0.249387	0.946838 1.08761 0.911043 0.940798 1.02921 0.93464 0.89272 0.973941 0.875069 0.87188 
0161 0.0686275	1.61046 1.11406 1.07439 0.924455 1.17569 1.20252 1.5022 0.841565 1.3538 1.03486 
0162 0.0802696	0.763701 0.776202 0.947741 1.00068 1.20932 1.15469 1.03267 1.07536 1.04346 1.07779 
0163 0.177083	0.661756 0.88033 0.908554 1.0122 1.06766 1.03626 0.895436 1.03502 0.850043 0.954914 
0164 0.105392	1.70074 1.36827 1.0644 1.12435 1.10293 0.959989 1.3084 1.20417 1.13521 1.05632 
0165 0.105392	1.43078 1.04497 0.975611 0.978557 1.09035 1.01701 1.03664 1.01829 0.852775 0.779109 
0166 0.135417	0.94735 0.894328 1.08209 0.849893 1.0293 1.15685 1.12979 0.801594 1.18136 1.12414 
0167 0.0784314	1.11625 1.05428 0.952399 1.00192 1.20214 1.08561 1.1169 0.880612 1.04542 1.04633 
0170 0.15654	1.28167 1.01238 0.941905 1.08864 1.05933 1.00577 1.04029 0.885607 1.09229 0.917193 
0171 0.0966245	0.628163 0.912835 0.914034 0.974344 0.963119 1.01104 0.850425 1.09941 0.847219 1.15099 
0172 0.176793	1.48844 1.39587 1.14671 1.17342 1.20262 1.2942 1.35252 0.988978 1.30227 1.25942 
0173 0.0919831	0.964465 0.846514 1.00907 0.869883 0.896602 1.14987 0.897072 1.09685 0.856254 0.917458 
0174 0.106751	0.667093 0.802681 0.824155 0.823285 0.879569 0.890047 0.779728 0.933755 0.71206 0.871441 
0175 0.190717	0.731839 0.84018 0.912025 1.07146 1.06323 0.926421 0.961723 0.703745 1.17149 1.13578 
0176 0.0835443	1.25923 1.09547 0.886643 1.04477 0.975064 0.932034 0.94906 1.20534 0.779946 1.0151 
0177 0.0970464	0.955975 0.989151 0.91893 1.20894 1.0772 1.13248 1.16473 1.3195 0.916559 1.04317 
1000 0.117438	0.698099 0.734594 0.88984 0.88318 0.929665 0.95761 0.831954 1.29644 0.752759 0.95171 
1001 0.104982	0.894154 0.974215 1.01239 0.843483 1.03978 1.09942 1.1725 1.00419 1.04472 1.31251 
1002 0.0960854	1.46964 1.12962 1.06094 0.937311 1.02855 1.02945 1.14741 1.03761 1.0773 1.13306 
1003 0.127224	1.25325 1.18859 1.08326 0.970462 1.08056 1.1066 1.24064 0.762269 1.19093 1.22967 
1004 0.317616	0.888184 0.87096 0.875275 0.911039 1.0439 0.91495 0.949009 0.947546 0.989289 1.20159 
1005 0.0809609	1.12785 1.14354 1.02284 0.974272 0.86421 1.0157 1.01259 1.4299 0.909602 0.893801 
1006 0.0774021	1.23855 1.09681 0.921205 0.925122 1.01879 0.845402 1.10118 0.876559 1.19399 0.974846 
1007 0.0782918	2.06367 1.44507 1.11005 0.937933 1.06833 0.960365 1.4307 1.03203 1.45541 0.95786 
1010 0.0895296	0.96858 1.06342 0.979396 0.906588 1.21687 1.02428 0.890352 0.617488 1.13626 1.135 
1011 0.169196	1.54213 1.26825 1.05428 0.981185 1.11673 1.0079 1.08028 0.994857 1.10403 0.992999 
1012 0.198786	0.887981 0.936278 0.853409 0.982345 1.13399 0.863733 1.00086 0.766917 0.874686 0.980099 
1013 0.241275	0.711982 0.926015 0.914552 0.894793 1.08688 1.05681 0.826284 0.880675 0.867285 1.09062 
1014 0.0667678	0.95202 1.08865 1.00402 1.14511 1.15874 1.41495 1.04298 0.936677 1.00704 1.22138 
1015 0.106222	1.29749 1.11473 1.08866 1.11774 1.18892 1.1513 1.23672 0.848837 1.20742 1.16087 
1016 0.0599393	1.77238 1.15759 1.11563 1.03656 1.39745 1.32531 1.48957 0.7721 1.48438 1.55404 
1017 0.0682853	1.05398 1.09967 1.0201 1.02833 0.935572 1.02308 1.00822 1.1729 0.896287 0.994835 
1020 0.20527	1.02045 0.973477 0.908699 0.905919 0.943849 0.976286 0.804858 1.11305 0.812432 0.869255 
1021 0.0416089	2.53897 1.28803 1.19537 0.936287 0.990699 1.00142 1.46191 0.901664 1.28791 0.89012 
1022 0.0679612	0.717469 0.855595 0.771726 0.777363 0.837134 0.784758 0.647354 0.652134 0.897914 0.751415 
1023 0.0873786	1.34833 1.11771 0.960452 0.935758 0.858645 0.868508 0.948217 1.02302 0.860198 0.88853 
1024 0.144244	0.979241 0.859641 0.870242 0.963938 1.10082 0.979835 1.00282 0.932553 0.945231 1.137 
1025 0.199723	1.6412 1.00039 1.12718 0.931138 1.02511 1.20813 1.17656 1.32954 1.04598 0.966827 
1026 0.12344	1.62119 1.05999 1.08348 0.929049 1.13688 0.979959 1.20933 0.781169 1.31897 1.02949 
1027 0.130374	0.88453 0.839081 0.992703 0.872369 1.04405 1.02821 1.00674 0.663428 1.07137 1.129 
1030 0.0596125	0.732548 1.00541 0.982354 1.0304 0.746642 0.87879 0.757574 1.39257 0.675655 1.06698 
1031 0.0938897	1.71591 1.38758 1.11226 1.10857 0.947584 0.848857 1.18919 1.22309 1.12587 1.18298 
1032 0.221311	0.716407 0.988065 0.927201 0.91079 0.876016 0.949568 0.836907 0.92853 0.888158 1.05503 
1033 0.0730253	0.719729 1.01578 0.880752 1.04924 0.939546 0.893447 0.821415 1.27134 0.758664 1.24463 
1034 0.0774963	0.873995 1.14373 0.924358 1.09312 0.956379 1.04574 1.0914 1.37795 0.973271 1.09776 
1035 0.143815	1.39848 1.26682 1.17879 0.96255 1.08016 1.17775 1.24191 0.929393 1.28824 1.19392 
1036 0.243666	1.12338 1.32129 1.0556 0.980899 0.856811 0.868415 0.947569 1.10936 0.980372 1.16032 
1037 0.0871833	0.858145 1.01307 0.976334 0.774694 0.923939 0.7791 0.878168 0.75491 1.02867 1.04973 
1040 0.231699	0.898236 0.885084 0.955559 0.863531 1.0276 0.996043 0.952576 0.751582 0.971178 0.977461 
1041 0.125089	1.53087 1.17407 1.13187 0.949155 0.796039 0.898749 1.1 1.17719 0.998897 0.870133 
1042 0.1457	0.728157 0.88861 0.883011 0.974917 0.879925 0.998319 0.798033 1.1093 0.792561 0.923204 
1043 0.0867093	1.08352 1.22156 1.09526 1.01335 1.01348 1.0316 1.30108 1.04874 1.0438 0.880434 
1044 0.0938166	1.03672 1.07137 1.01916 1.08531 0.958845 0.996973 1.08174 1.347 0.774092 0.975951 
1045 0.104478	1.61012 1.16146 1.06079 0.901368 1.12411 1.05018 1.3844 0.681332 1.33231 1.0646 
1046 0.0803127	0.960739 1.14319 1.11908 0.939469 1.12755 1.23135 1.23766 0.764691 1.16856 0.944018 
1047 0.132196	0.693311 0.857217 0.911234 0.863879 0.823432 0.951076 0.83434 0.90987 0.733609 0.953538 
1050 0.192963	1.01449 0.951772 1.03918 1.02675 0.942534 0.967129 1.07631 1.12828 1.1489 1.36928 
1051 0.153381	0.845382 0.905652 1.04865 0.895622 0.773059 0.991845 0.88018 1.24331 0.836962 1.01305 
1052 0.151182	0.724904 0.962754 0.989794 1.09449 1.10682 1.01268 0.933893 0.942869 0.938824 1.40558 
1053 0.205058	1.56641 1.2259 1.14444 1.0966 1.0433 1.05186 1.24485 0.943639 1.31978 1.47282 
1054 0.0637713	0.892701 1.02589 1.09849 1.03026 1.16761 1.27379 1.05208 0.638603 1.06548 0.976209 
1055 0.0428807	1.22869 0.993348 1.09949 1.27344 0.992539 1.33071 1.30828 1.37906 0.921842 1.21431 
1056 0.0868609	0.585934 0.728245 0.880966 0.927264 0.93744 0.900251 0.790284 1.11712 0.805206 1.18592 
1057 0.103903	1.19612 1.0901 0.984672 1.05579 0.811149 0.993073 0.872208 1.09507 0.922166 0.973994 
1060 0.287402	1.06008 0.937467 0.969941 1.02246 0.865452 0.834723 0.961044 1.11293 0.93789 0.852979 
1061 0.0635546	1.36439 1.22246 1.05553 1.14338 1.14327 1.09408 0.994031 1.06762 1.20985 0.742394 
1062 0.200787	0.752046 0.920298 1.06269 1.01605 0.905144 1.10176 1.03749 1.14123 1.11885 1.20657 
1063 0.164229	1.84725 1.28665 1.19045 1.35372 1.07843 1.14699 1.36413 1.26159 1.3289 0.76319 
1064 0.0736783	0.729164 0.868933 0.892284 0.93835 1.01085 0.923932 0.846355 1.16378 0.890149 0.985916 
1065 0.0669291	0.533637 0.71407 0.957054 0.93632 0.857803 0.953478 0.717086 0.867219 0.840452 0.770852 
1066 0.0596175	1.5679 0.988356 0.953827 1.03843 0.793663 0.89224 0.939466 1.91159 0.801392 0.908696 
1067 0.083802	0.641879 0.632207 0.852524 0.934247 0.735891 0.926014 0.692078 1.31191 0.658118 0.76736 
1070 0.184517	0.729212 0.97747 0.878643 0.815712 0.940892 0.845465 0.805409 1.09581 0.796808 0.866557 
1071 0.217008	0.888596 0.988948 1.07241 0.885664 1.04046 0.92293 0.915815 0.721903 1.16017 0.995269 
1072 0.112716	1.09821 1.01535 1.0612 0.959707 0.936623 1.03348 0.850146 1.3555 0.881386 0.956827 
1073 0.186121	1.40326 1.2216 1.22538 1.16069 1.14985 1.17525 1.2854 1.02937 1.25706 1.03218 
1074 0.0726033	0.809974 1.17992 1.18148 1.22416 1.09562 1.09391 1.11271 0.87465 1.25849 1.20182 
1075 0.0742078	0.932248 1.09446 0.990444 1.20263 1.20313 0.980472 1.14257 1.26047 1.00654 1.08949 
1076 0.0842359	1.51441 1.32803 1.0377 1.3086 1.13035 1.05954 1.13876 1.23256 1.01874 0.822432 
1077 0.0685921	0.677945 0.940499 0.879241 1.12976 1.09155 0.916207 0.845998 1.07545 0.924519 1.03537 
1100 0.0838683	1.61317 1.09494 1.0424 0.989033 0.82837 0.981046 0.996671 0.984564 0.929068 0.861577 
1101 0.0509493	1.30374 1.16857 1.08405 1.04291 0.968089 1.02726 1.05403 0.840501 1.20696 1.06527 
1102 0.159678	1.1877 1.06215 1.05345 1.22648 0.943146 1.12919 0.971254 1.27478 0.856352 0.969635 
1103 0.0513591	1.34666 1.03965 1.11913 1.03867 1.05822 0.943481 1.15554 0.923507 1.13489 1.41542 
1104 0.133315	0.867655 0.993272 1.07216 1.08955 0.953834 1.15122 1.08118 1.06158 1.02899 1.2525 
1105 0.19847	0.845625 1.04911 1.03346 1.02534 1.05297 0.963024 0.958085 0.705329 1.11199 1.02674 
1106 0.126622	1.68908 1.26765 1.25617 1.08058 1.05792 1.10563 1.32618 1.14397 1.31461 1.16643 
1107 0.195738	0.687015 0.850415 0.906212 0.926167 0.819868 0.984956 0.747008 1.03429 0.749179 1.03106 
1110 0.23874	0.718986 0.870291 0.915375 1.18649 1.04161 0.946774 0.827445 1.05989 0.952159 0.96827 
1111 0.0546257	1.39181 1.13907 0.96611 1.13795 1.1718 1.00678 1.20944 0.686059 1.39504 0.928343 
1112 0.127663	1.15293 1.02093 0.996224 0.998226 0.84822 0.959261 0.935773 1.23672 0.876381 0.72265 
1113 0.103165	1.09032 0.920897 1.03548 1.14062 0.93502 1.1439 1.08819 1.29746 1.08608 1.15812 
1114 0.142879	1.5213 1.10488 1.00558 1.09817 0.890466 0.947098 1.0488 1.48608 0.918417 0.776673 
1115 0.0564516	1.3756 1.29543 1.13439 0.990074 1.18608 1.30765 1.34984 0.674227 1.57761 1.05138 
1116 0.117772	0.786948 0.754464 0.984816 0.92175 1.06298 1.02495 0.958847 0.803819 1.14823 1.01919 
1117 0.158704	1.4272 1.22537 1.18679 1.10836 1.08575 1.13244 1.31686 1.01049 1.23423 0.881321 
1120 0.193533	0.863315 0.854934 1.00002 1.03813 1.00305 1.03336 0.947178 1.07077 0.914177 0.92268 
1121 0.0751276	0.90142 0.870236 0.953861 1.05446 0.899552 0.989762 0.864343 1.41202 0.711541 1.08979 
1122 0.179674	1.64842 1.17159 1.12383 1.0372 1.03207 1.09187 1.24968 1.08408 1.06059 1.06646 
1123 0.105519	1.01919 0.964172 0.985324 0.829852 0.900565 0.818125 1.00057 0.677707 1.04904 0.802847 
1124 0.0515439	0.586186 0.726715 0.825269 0.930327 0.845341 0.835306 0.618457 0.9704 0.662333 0.680633 
1125 0.194019	1.00907 0.894286 1.10042 1.06557 1.05218 1.0463 1.20928 0.889086 1.20108 0.983252 
1126 0.108437	0.550995 0.750588 0.792425 0.947174 1.03179 0.90573 0.857174 0.831692 0.932938 0.895967 
1127 0.0921469	0.538982 0.674235 0.902132 1.06211 1.06337 1.04675 0.812566 0.857803 0.910926 1.33316 
1130 0.168638	1.01402 1.14061 1.15216 0.981648 0.950727 1.02222 1.04606 0.849895 1.17154 0.934362 
1131 0.0689964	0.68906 0.890353 0.982597 1.10242 1.21834 1.25021 1.08076 0.99116 1.11995 1.33477 
1132 0.162186	1.18331 1.33144 1.04232 1.0698 1.12289 0.991793 1.17276 0.825262 1.11055 1.00867 
1133 0.0693548	1.99543 1.53269 1.14827 1.02062 0.932972 1.08428 1.20719 0.898853 1.11631 0.802151 
1134 0.0767025	0.648218 0.918108 1.04343 0.995455 1.06913 1.19142 0.886937 0.888254 0.910938 0.949934 
1135 0.0634409	1.02872 1.27945 0.931329 1.21965 1.09296 0.903852 0.970896 1.02558 0.849335 0.87406 
1136 0.135663	1.42936 1.28172 1.22103 1.13709 1.06122 1.2299 1.31955 0.968736 1.27024 1.09888 
1137 0.255018	0.701492 0.91274 0.873796 0.966078 0.97483 0.924304 0.756225 1.01001 0.771481 1.04946 
1140 0.10027	1.3241 1.0129 1.11305 1.078 1.077 1.23628 1.13207 1.24462 0.991731 1.08095 
1141 0.113768	0.594184 0.925288 0.938572 0.909982 1.04846 1.0828 0.815135 0.663027 1.00231 0.968589 
1142 0.140185	1.17965 1.0605 1.14339 1.11738 1.23419 1.08777 1.30935 0.699942 1.37188 1.11695 
1143 0.0726957	1.84443 1.37389 1.09885 1.08599 0.994466 0.921475 1.14152 0.952952 1.09488 0.892676 
1144 0.0647898	2.17182 1.43669 1.14589 1.10214 0.981767 1.12752 1.40732 1.14108 1.19912 0.985995 
1145 0.0684535	1.27146 1.06271 1.01726 1.00143 0.863781 0.964402 0.892586 1.16986 0.755131 0.80309 
1146 0.207675	0.678839 0.862157 0.887915 1.11148 0.977876 1.02819 0.795018 0.951708 0.766208 0.91537 
1147 0.232164	1.02018 0.929817 1.00229 1.04047 1.09985 1.13757 1.01493 0.877344 1.06518 1.10151 
1150 0.0689255	1.65981 1.24544 1.0457 0.955258 1.09958 0.907212 1.1822 0.88711 1.08175 0.892538 
1151 0.187979	1.1723 1.16368 1.1288 1.07 1.17879 1.06056 1.18538 1.19668 1.06039 1.18498 
1152 0.148758	0.875378 0.899951 0.911987 0.813082 0.913779 0.916891 0.868993 1.37215 0.762586 1.08465 
1153 0.061035	0.391382 0.693127 0.858341 0.768155 1.08995 0.789955 0.740513 0.726488 0.855136 0.999516 
1154 0.0761197	1.25566 1.04632 1.01912 0.879817 1.20471 1.03568 1.33704 0.844582 1.38166 1.21351 
1155 0.195637	0.952558 0.959537 0.988496 0.942065 1.0574 0.932714 0.985586 0.818449 1.06272 1.02843 
1156 0.171966	0.710371 0.750336 0.814634 0.808755 0.963477 0.797417 0.796056 0.958519 0.76603 0.976045 
1157 0.0895799	2.11904 1.28661 1.13408 1.15905 1.28362 1.19473 1.5485 1.02532 1.36827 1.03798 
1160 0.0487214	1.30221 1.18074 1.12842 1.09612 1.06351 1.12173 1.12965 1.09186 1.15331 0.926284 
1161 0.0899058	1.96445 1.38423 1.00551 1.04829 1.16585 0.95179 1.24569 1.18633 1.03136 0.949328 
1162 0.0811575	0.607582 0.80857 0.996921 0.989199 1.19481 1.16082 0.953809 1.20699 0.982786 1.09958 
1163 0.200673	0.865198 1.06037 0.900811 1.0869 1.00799 0.822866 0.857575 1.18646 0.844586 0.837225 
1164 0.130956	1.04505 1.20434 1.06193 1.08258 1.05912 1.10156 1.12085 1.21957 0.953165 1.01559 
1165 0.110363	1.69151 1.15307 1.10337 0.959722 1.30175 1.1711 1.32839 0.935481 1.38528 1.27172 
1166 0.147376	0.709461 0.867018 0.921357 1.00023 1.03596 0.965866 0.899873 1.09349 0.880151 1.09192 
1167 0.190848	0.898494 1.00835 1.02802 0.973079 1.12018 0.960843 1.01077 0.90447 1.24048 1.09377 
1170 0.0447351	1.40636 1.29912 1.11292 0.946736 1.14739 1.04191 1.24179 0.659788 1.51533 1.06045 
1171 0.0999677	1.31008 1.17703 0.905003 1.01347 1.05789 0.92363 1.14219 0.936295 1.08313 1.08 
1172 0.193475	0.639459 0.899366 0.89525 0.97465 1.01084 0.950069 0.799705 0.847329 0.851223 0.930311 
1173 0.0870478	1.14614 1.02955 1.05071 0.969333 1.14549 1.00077 1.18361 0.789126 1.22934 1.23477 
1174 0.0801034	1.91316 1.39726 1.14413 1.16818 1.13132 1.09449 1.43981 1.00909 1.27388 0.879493 
1175 0.197836	0.801562 0.963019 1.05636 0.984712 1.23471 1.08419 1.01585 0.770819 1.20563 1.01693 
1176 0.109658	1.44056 1.10059 0.997564 0.971988 0.874909 0.918137 1.00436 1.21269 0.81911 0.822744 
1177 0.187177	0.859631 0.932997 0.912408 1.0286 0.89178 0.866166 0.842436 1.13036 0.747076 0.837499 
BOUNDS
LWPS R    0.0  0.0  0.0  0.0  0.0  0.0  0.0  0.0  0.0  0.0
UWPS R    0.5  0.5  0.5  0.5  0.5  0.5  0.5  0.5  0.5  0.5
LXAS R   -0.5 -0.5 -0.5 -0.5 -0.5 -0.5 -0.5 -0.5 -0.5 -0.5
UXAS R    0.5  0.5  0.5  0.5  0.5  0.5  0.5  0.5  0.5  0.5
END
