NAME moment_estimations_cluster
ASSETS 10
BENCHMARKS 0.1 0.1 0.1 0.1 0.1 0.1 0.1 0.1 0.1 0.1 
COVARIANCES
0 0 0.397504
1 0 0.00827593
1 1 0.00305241
2 0 -0.0107034
2 1 0.00191159
2 2 0.00858988
3 0 0.030891
3 1 -0.000670446
3 2 0.00185986
3 3 0.018797
4 0 -0.0299396
4 1 0.00145638
4 2 0.00528998
4 3 -0.00124068
4 4 0.00848008
5 0 0.0365686
5 1 0.00305871
5 2 0.00480248
5 3 0.00524053
5 4 0.000387492
5 5 0.0104335
6 0 0.0140439
6 1 0.00265839
6 2 0.00545369
6 3 0.00160299
6 4 0.00416164
6 5 0.00582188
6 6 0.0110433
7 0 0.0446989
7 1 0.00214381
7 2 0.00292382
7 3 0.00743508
7 4 -0.00704814
7 5 0.00487333
7 6 0.000673013
7 7 0.0344964
8 0 -0.0906458
8 1 0.00193674
8 2 0.0137334
8 3 -0.0097539
8 4 0.0189358
8 5 -0.000665134
8 6 0.0107779
8 7 -0.0179615
8 8 0.0520562
9 0 -0.0193921
9 1 0.00173264
9 2 0.0048287
9 3 -0.00226059
9 4 0.00551593
9 5 0.000405748
9 6 0.00399762
9 7 0.000186801
9 8 0.0140805
9 9 0.00650548
SCENARIOS
0 0.40566	1.72638 1.00508 1.00482 1.06918 0.960569 1.09082 1.04321 1.0755 0.937415 0.955892 
1 0.59434	0.727094 0.995364 0.990666 0.958622 1.0085 0.934193 0.995021 0.972965 1.11385 1.03931 
00 0.174826	0.69503 0.961943 1.14391 0.999633 1.16024 1.04681 1.19449 0.880503 1.54059 1.14742 
01 0.825174	1.54108 1.02212 1.01561 1.0779 1.02577 0.947105 0.976665 1.09863 0.878975 1.0593 
10 0.625787	1.5682 1.05952 0.982219 0.943632 0.95863 1.07304 0.974698 1.08653 0.894091 1.00456 
11 0.374213	0.540581 0.964572 1.07963 1.00111 1.11554 0.962504 0.964236 0.837967 1.32385 1.09076 
000 0.123801	0.781693 1.06054 1.00313 1.05505 1.17422 0.929805 0.948804 0.725153 1.16575 1.08062 
001 0.141286	0.431054 1.08887 1.07976 0.915984 1.07853 0.911408 0.980775 1.25104 1.30649 1.21008 
002 0.304005	0.840762 1.03831 0.950407 0.9224 0.984194 0.855647 0.885257 1.05549 0.887358 0.906861 
003 0.123801	0.698126 0.980201 0.908397 1.06351 1.0267 0.928885 0.851772 0.881723 0.920658 1.00521 
004 0.119853	1.83348 1.21474 1.06075 1.033 1.06345 1.09342 1.06063 1.19778 0.920842 1.04156 
005 0.0619007	3.89284 1.12527 1.00453 1.17448 0.938514 1.0698 1.1242 1.22398 0.638601 0.947983 
006 0.0628878	0.25173 1.10123 1.12241 0.934272 1.22653 1.00448 1.09281 0.722543 1.62941 1.13219 
007 0.0624647	1.59224 1.21236 1.14577 1.05807 1.15482 1.1283 1.23638 1.05603 1.1982 1.07319 
010 0.0998387	0.489143 0.952176 0.958104 0.910261 0.95493 1.00439 0.924396 0.742326 1.00831 0.922081 
011 0.186354	0.469389 0.964575 1.16421 0.962007 1.11107 1.05104 1.07378 1.00629 1.50471 1.0398 
012 0.159318	1.01172 1.06341 1.04992 0.974834 0.919338 1.17877 1.10186 1.22524 0.975709 1.04217 
013 0.256826	2.63163 0.948701 0.819656 1.07679 0.848235 1.17223 1.04813 1.03001 0.750491 0.794484 
014 0.0578061	0.176216 0.938628 0.891397 0.915377 1.0137 0.868702 0.876069 0.906555 1.24554 0.976409 
015 0.077732	0.407676 0.858394 0.825119 0.994167 0.805058 0.885223 0.83846 0.991382 0.751346 0.886363 
016 0.0652745	0.835266 1.0099 0.760553 0.889836 0.863881 0.918434 0.848128 0.80637 0.757509 0.847645 
017 0.0968513	0.645635 0.926976 0.998855 0.915785 1.03273 1.10081 1.20762 0.689592 1.33364 0.933847 
100 0.160326	0.63842 0.948573 1.05858 0.968062 1.02625 0.9285 1.032 1.13223 1.1212 0.997923 
101 0.110101	0.786981 0.92496 0.99878 1.14493 1.11458 0.954848 1.01688 0.721265 1.09768 0.972166 
102 0.0761165	0.574256 1.04553 1.25994 0.995262 1.33192 1.00769 1.24696 0.969973 1.78147 1.11952 
103 0.0739386	2.44997 0.952931 1.16223 1.22089 1.10641 1.19348 1.343 0.86203 1.20363 1.01545 
104 0.0678353	0.995837 0.986917 1.20945 1.38402 1.00899 1.16326 1.08759 1.24638 1.10456 1.02474 
105 0.181674	1.91107 0.905889 0.85736 1.12852 0.882436 0.949624 0.843702 1.07502 0.621303 0.775631 
106 0.100234	0.505616 0.869341 0.948003 0.835088 1.06042 0.798912 0.879365 0.776967 1.14071 0.951109 
107 0.229774	1.50754 1.00845 1.00572 1.10522 0.949427 0.999411 1.01995 1.20732 0.799386 0.96729 
110 0.176296	1.81454 1.08986 0.905347 1.18839 0.905658 1.06963 0.938919 1.15457 0.649461 0.851599 
111 0.167169	1.32833 0.952948 0.837593 0.972708 0.96583 0.908552 0.954466 0.845052 0.844897 0.891771 
112 0.178095	2.63598 1.19369 0.898908 0.887847 0.962076 1.09077 1.00661 1.16401 0.799996 0.960476 
113 0.0813812	1.20164 1.19452 1.1779 1.03726 1.19027 1.2274 1.31479 1.04443 1.42571 1.14846 
114 0.0853379	1.23068 1.02534 1.03889 0.941143 1.04359 1.1754 1.22876 1.01535 1.14095 1.00855 
115 0.0762556	0.340819 1.00564 1.18848 0.794662 1.31984 1.05686 1.1943 0.76542 1.78022 1.03539 
116 0.131604	0.809192 1.03399 0.968962 0.780909 1.08728 0.980301 0.979017 0.867273 1.18203 1.02514 
117 0.103862	0.814631 0.969858 1.12443 1.1335 1.01351 1.12906 1.05824 1.20327 0.999988 0.929461 
0000 0.0865604	0.19253 0.966253 1.06961 0.897146 1.04556 0.971805 1.05295 1.10542 1.40558 0.998623 
0001 0.115034	1.1436 1.18978 1.05689 0.950619 0.951818 1.18628 1.26478 1.19061 1.08188 1.07653 
0002 0.205011	0.765516 0.977378 1.04543 0.823315 0.953255 1.09467 0.906123 1.00548 1.03196 0.906443 
0003 0.215262	1.01557 0.952618 0.86886 1.01918 0.953926 0.946959 0.913974 0.957014 0.896527 0.96155 
0004 0.0455581	0.672931 0.961505 1.25431 1.14212 0.965404 1.29278 1.12666 1.19836 1.21213 1.05298 
0005 0.169704	0.36789 1.01199 0.993594 0.832313 1.01957 0.921181 1.02897 0.818891 1.23146 0.945583 
0006 0.0501139	0.27191 1.02875 1.08694 0.769003 1.08172 1.06891 1.10812 0.835488 1.60664 1.02874 
0007 0.112756	2.0308 1.05627 0.990844 0.917292 0.898757 1.18667 0.965283 1.06956 0.75128 0.851915 
0010 0.115768	1.44085 1.05771 0.933454 0.940834 0.958644 0.982307 0.809842 1.31752 0.672924 0.891818 
0011 0.177645	2.71734 1.04938 1.1621 1.24068 1.02055 1.29352 1.07587 1.06116 0.936276 0.970673 
0012 0.179641	0.569182 0.982059 1.16122 0.777502 1.15479 1.05596 1.10221 0.80185 1.40063 1.0448 
0013 0.149701	1.7115 0.898 1.01123 1.35888 1.05501 0.987339 1.07825 0.975862 0.878964 0.899727 
0014 0.0409182	0.344357 1.06851 0.866633 0.73863 1.03319 0.983672 0.868739 0.699325 0.891856 0.812458 
0015 0.115768	1.39331 0.929145 1.06297 0.965826 0.922895 1.13226 0.88707 1.12615 0.867611 0.853092 
0016 0.161677	1.04022 0.852592 0.992718 0.879842 1.05767 0.900402 1.01643 0.767668 1.12996 1.00054 
0017 0.0588822	0.546701 1.00853 1.04686 0.801393 1.13514 0.908495 0.805609 0.804531 1.05639 0.932212 
0020 0.156308	0.648266 1.07809 1.0941 1.10264 1.06544 1.12554 1.01356 1.06126 1.28151 1.23532 
0021 0.0890538	0.749424 1.04696 1.16609 0.816456 1.14342 1.01004 1.31227 0.896342 1.52282 1.19591 
0022 0.185993	1.61527 1.1303 0.971671 1.20004 0.930726 1.14261 1.08273 1.0257 0.841188 1.07334 
0023 0.0862709	0.859941 0.911827 0.883638 0.840634 0.885799 0.962183 0.959284 0.702588 0.891274 0.969121 
0024 0.054731	0.968165 1.03062 0.899534 0.898754 1.0542 1.14563 1.04631 0.655604 1.19674 1.09448 
0025 0.0848794	0.451881 0.96945 0.934417 0.923096 1.06512 0.995945 1.09036 0.76358 1.26606 1.02763 
0026 0.230983	0.766592 0.860993 0.960363 1.09231 0.91755 1.00026 0.847408 1.1359 0.911402 1.02874 
0027 0.111781	2.81299 1.06551 1.08139 1.16462 0.988532 1.11021 1.09236 1.55162 0.801849 1.1598 
0030 0.164009	0.265019 0.993214 1.02699 0.808837 1.07782 0.87057 0.948893 0.877186 1.27909 1.04073 
0031 0.0820046	0.800159 0.879958 0.910448 0.94693 0.91824 0.860279 0.853204 0.736349 0.832301 0.886415 
0032 0.232346	0.75773 0.851895 0.985942 1.24401 0.890836 1.00957 0.941307 0.941585 0.835163 0.870453 
0033 0.157175	0.92618 1.05708 1.14832 1.27722 1.01331 1.13676 1.09222 1.16281 1.06705 1.01592 
0034 0.132118	2.02551 0.923553 0.90777 0.933895 0.893564 0.929176 0.899037 0.97247 0.731925 0.911198 
0035 0.0968109	0.996679 0.973735 0.914283 0.901322 0.962522 0.8407 1.04676 0.723626 0.974899 0.908529 
0036 0.0535308	2.45924 1.04773 1.20046 1.2537 0.979674 1.227 1.02337 1.05492 0.924145 0.903183 
0037 0.0820046	0.323793 1.02571 1.29161 1.25101 1.2328 0.955572 1.10666 0.777333 1.53402 1.12084 
0040 0.12	2.04095 0.834197 0.997989 1.29757 0.833943 1.13836 0.934678 1.11734 0.778527 0.963538 
0041 0.0882353	0.952808 0.880081 1.29441 1.16324 0.997961 1.20572 1.09955 1.09512 1.34508 1.0259 
0042 0.195294	0.731054 1.00437 1.09268 1.11016 0.988056 1.1121 0.902989 0.828672 0.925492 0.897621 
0043 0.0811765	4.22266 1.02791 0.973642 1.1051 1.04555 1.15839 1.06658 0.818275 0.960419 0.966535 
0044 0.194118	0.777449 0.848422 0.925255 0.874188 0.995957 0.876503 0.949042 0.810689 1.07614 1.06244 
0045 0.0823529	1.38757 1.05173 1.00962 0.824972 0.904864 1.18537 0.940297 0.943016 0.990754 1.02207 
0046 0.143529	1.38322 0.747278 0.950309 0.861776 0.774921 0.893297 0.841459 1.43274 0.785764 0.939959 
0047 0.0952941	1.08869 0.974287 0.93746 0.923603 0.9435 0.969044 1.05877 0.72196 0.899316 0.930309 
0050 0.0865604	4.22225 0.986607 0.886416 0.837599 0.894645 0.993404 1.01367 1.43271 0.87784 1.02668 
0051 0.070615	1.41227 1.15938 0.983265 0.891144 1.04558 1.00833 0.718387 1.18567 0.839112 0.99338 
0052 0.107062	2.13021 1.00462 0.954603 1.03863 0.964129 1.30398 1.1565 0.877024 1.18087 0.979982 
0053 0.0820046	0.843163 1.12173 0.899793 0.918862 1.01739 0.967313 0.995487 1.49599 0.981399 1.10872 
0054 0.100228	0.983891 0.906522 0.904178 0.961831 0.830078 0.967008 0.855962 1.02313 0.810077 0.883968 
0055 0.191344	0.804992 1.14519 1.01573 0.816317 1.13767 1.10296 1.05374 0.998597 1.40878 1.07107 
0056 0.107062	1.61979 0.871506 0.836039 0.954295 0.937079 0.976726 0.975262 0.962637 1.0805 0.97259 
0057 0.255125	0.519679 0.897477 0.891182 0.882796 1.01045 0.868114 0.79724 0.665509 1.1233 0.907621 
0060 0.154709	4.61797 1.11323 1.1977 0.949886 1.05478 1.17837 1.22 1.34188 1.21259 1.10502 
0061 0.0762332	0.836754 0.904251 1.08273 0.842888 1.08798 0.993989 0.998245 0.72142 1.34881 1.03353 
0062 0.107623	0.671208 0.98028 1.23517 0.847575 1.25708 1.07134 0.98674 1.17156 1.74281 1.13625 
0063 0.0762332	1.41727 0.99781 0.869303 0.86886 1.02337 0.980132 0.839855 0.922293 0.801764 0.886117 
0064 0.201794	0.919061 0.97857 1.08139 1.09735 1.13752 1.03772 1.12207 1.09107 1.19599 1.05402 
0065 0.058296	2.11307 1.03585 0.957835 1.2678 0.952142 0.901747 0.938568 1.90958 0.710571 1.10995 
0066 0.197309	0.77747 0.966929 0.904972 0.851358 1.05803 0.817378 0.835376 0.794775 0.992306 0.994798 
0067 0.127803	4.58682 1.09689 0.962782 1.23005 0.955215 1.145 1.08061 1.18409 0.847194 1.04901 
0070 0.106095	2.95315 1.00862 0.990155 1.11092 0.967724 1.08183 0.971392 1.0388 0.756893 1.07278 
0071 0.173815	0.34573 1.04275 0.921744 1.0148 0.959792 0.947704 0.913024 0.838455 0.906424 1.09384 
0072 0.13544	2.21279 0.97657 0.937869 0.878798 0.956458 0.968369 1.01642 0.989898 0.932763 1.02448 
0073 0.0451467	1.35285 0.902126 0.948889 1.05601 1.04532 1.17443 1.18494 0.667703 1.15014 0.894146 
0074 0.0812641	0.598787 1.01533 1.16033 1.12458 1.05751 1.0903 1.06035 1.19803 1.20055 1.16794 
0075 0.0880361	0.536059 1.01743 1.06117 0.892898 1.22915 0.968123 1.14677 0.839682 1.46848 1.23838 
0076 0.162528	1.2635 0.927625 1.03629 1.07026 1.06826 1.21213 0.922521 0.860478 1.04428 0.904833 
0077 0.207675	0.882984 0.808288 0.928974 1.03726 0.844378 0.970098 0.892907 1.11049 0.837176 0.925684 
0100 0.246858	0.734937 0.977081 1.08907 1.11763 1.13412 1.05016 0.928876 1.00162 1.14833 1.05873 
0101 0.0954518	3.74199 1.06266 0.935996 1.07643 0.892531 1.1269 0.981357 1.26735 0.757047 0.884241 
0102 0.0640335	0.412131 0.973203 0.929318 0.767896 1.19581 0.915418 0.910977 0.646589 1.60788 1.09462 
0103 0.132555	0.903854 1.0034 0.867116 1.01492 0.940319 0.896265 0.86432 0.915216 0.838865 0.808719 
0104 0.252543	0.904879 0.971438 0.929702 0.773174 1.09231 0.910919 0.971304 0.974439 1.19631 1.06389 
0105 0.0706164	1.73249 1.08702 1.03248 1.26008 0.984287 1.06504 1.16282 1.18821 1.01168 1.09139 
0106 0.0622382	0.682566 1.02088 1.0216 0.880039 0.951012 0.914936 0.961891 1.55807 1.11333 1.04564 
0107 0.0757032	2.46008 1.043 0.895576 0.8349 1.04095 1.03419 1.13509 0.926542 1.17645 1.01203 
0110 0.108849	0.789991 0.997295 1.05906 1.26893 1.00524 1.05069 0.908045 1.02252 0.889601 1.03612 
0111 0.0559474	0.668058 1.09848 1.11987 1.03335 1.01525 0.993912 1.18754 1.36486 1.30294 1.29559 
0112 0.151972	0.543263 1.01959 0.882058 0.825706 0.931262 0.917714 0.874537 0.687046 0.912346 0.959699 
0113 0.207919	1.04189 1.04367 0.953354 0.968624 0.81333 0.944499 0.967226 1.28147 0.806175 1.00765 
0114 0.0878487	2.73569 1.11765 1.06288 1.05075 0.963573 1.20052 1.25034 1.14678 0.901863 0.979834 
0115 0.0759859	2.49565 1.13444 0.851417 0.922817 0.86666 1.12653 0.97461 1.06603 0.646832 0.876245 
0116 0.183392	0.727611 1.07458 1.00768 0.953531 1.12774 1.03455 1.08807 0.762411 1.26781 1.02863 
0117 0.128086	0.166029 1.03668 1.03787 0.80671 1.13212 0.907649 1.0659 0.830596 1.73035 1.19496 
0120 0.0986312	3.03743 1.06106 0.935316 1.17404 0.979926 1.27642 0.949918 1.08645 0.750095 0.87926 
0121 0.143634	0.70105 0.890941 0.934912 1.14177 1.00401 0.844415 0.922864 0.92544 0.965674 0.906683 
0122 0.266829	0.8996 0.911765 1.04119 1.27553 1.02398 1.02181 0.86263 1.12612 0.916773 0.840359 
0123 0.151134	0.614052 1.01816 0.982765 0.829418 1.01121 0.965356 0.896149 0.870062 1.13054 1.01089 
0124 0.0744422	1.50413 1.02909 1.07445 0.972129 1.02672 1.0031 1.03483 1.67435 0.966497 0.878913 
0125 0.125258	0.687667 0.958798 1.08188 0.946751 1.28196 0.967029 1.10603 0.764385 1.71602 1.11931 
0126 0.0579411	2.2284 1.05439 1.31627 1.53645 1.14165 1.35289 1.27412 1.01007 1.37906 1.11703 
0127 0.0821301	1.77254 0.976898 0.912118 1.18716 1.0422 0.997817 0.937436 0.765906 0.834531 0.820449 
0130 0.150169	1.00097 0.98458 0.956675 0.946826 0.927657 0.921161 0.941033 0.895279 0.865993 1.04278 
0131 0.149936	0.584404 1.09904 1.11568 0.920171 1.06594 0.902266 0.962811 0.899783 1.08999 1.05272 
0132 0.151564	0.520573 1.00981 1.25465 0.982206 1.11319 0.903057 1.03087 1.17538 1.51214 1.19328 
0133 0.137606	1.19741 1.06773 1.25726 1.05306 1.02049 1.12098 1.12898 1.14779 1.16855 1.12698 
0134 0.0821217	4.7091 1.19102 1.09431 0.866182 0.982033 1.01822 1.03506 1.18682 0.680095 1.08324 
0135 0.134349	2.10866 1.03359 1.13166 1.11151 0.965342 1.02423 1.07572 1.31435 0.752937 1.13183 
0136 0.13621	0.322373 0.922555 1.07119 0.889525 1.12283 0.816086 0.912759 0.83703 1.34765 1.10484 
0137 0.0580435	1.11247 0.912371 1.01287 1.14108 0.8344 0.869831 0.878973 1.66429 0.691742 1.0459 
0140 0.0542636	0.710165 1.03785 1.13363 1.52233 1.10054 1.13667 1.10762 0.768249 1.10861 0.988035 
0141 0.0583979	3.34092 1.09091 1.06138 1.27072 0.964916 1.12279 0.922623 1.55517 0.702569 1.06195 
0142 0.269251	1.02013 0.985384 0.987934 1.00181 1.07791 0.990598 1.01364 0.829914 0.988228 0.949674 
0143 0.187597	1.37609 1.0929 1.03635 1.18308 0.979538 1.00515 0.910796 1.22747 0.746895 0.879789 
0144 0.137468	1.0453 0.984279 1.05315 0.876612 0.973898 0.941266 0.923896 1.15262 1.0601 1.09307 
0145 0.134367	0.700803 0.949442 1.04316 0.831945 1.09263 0.874288 1.03815 0.681689 1.31634 1.12979 
0146 0.0940568	2.34084 0.880048 1.07678 1.52775 0.936422 1.16959 0.967771 0.856176 0.824246 0.914116 
0147 0.0645995	0.619331 1.04223 1.33222 1.02772 1.21447 1.07829 1.23546 0.908222 1.66189 1.09723 
0150 0.160261	1.37548 0.976712 0.962697 1.09781 1.053 0.960924 0.906169 0.963895 0.834809 0.87158 
0151 0.126441	2.22757 1.05096 0.943964 1.09536 1.09301 1.04718 0.928173 0.7776 0.918723 0.942744 
0152 0.0780169	1.18251 1.12039 1.01461 0.860964 0.974067 1.06238 1.18049 1.24643 1.09781 1.00585 
0153 0.0953113	0.399993 1.0204 1.12423 0.928639 1.1873 0.942157 1.16185 0.945289 1.6282 1.02764 
0154 0.066103	1.79518 1.024 1.0851 1.07263 1.01185 1.05873 1.07491 1.96903 1.00211 0.966273 
0155 0.144504	0.657534 1.09169 0.962832 0.841497 1.05737 0.888607 0.883218 0.958529 1.10306 0.964574 
0156 0.084166	0.774828 0.981103 0.915397 0.947889 1.08598 0.93557 0.933978 0.583445 1.23368 0.990457 
0157 0.245196	1.31211 1.01711 1.13037 1.14721 1.1776 0.951461 1.07665 1.186 1.15742 1.08452 
0160 0.0947368	0.427696 0.820589 0.943459 0.786119 0.958168 0.849244 0.957864 0.749072 1.17669 0.99545 
0161 0.133638	1.02741 0.791242 0.875132 0.911442 0.817782 0.78959 0.815569 1.08033 0.766793 0.819553 
0162 0.245767	0.310511 1.06454 1.13101 0.84284 1.08269 1.0214 1.06164 1.06369 1.33088 1.13122 
0163 0.178032	1.57061 0.942069 1.10612 1.18147 1.06729 1.09926 1.14975 0.897984 1.0451 0.968235 
0164 0.0530892	1.37951 1.01185 1.09401 1.16973 0.864769 0.991158 0.863129 1.63035 0.680522 0.989403 
0165 0.126316	0.837461 0.89925 1.04607 1.23158 1.04086 0.95133 1.0816 0.896789 1.13059 0.873918 
0166 0.0791762	2.08185 0.948499 0.932375 1.08858 0.881849 1.01767 0.938762 0.971408 0.79286 0.955042 
0167 0.0892449	2.5011 0.940323 1.02756 1.06476 0.934354 1.0982 1.19026 1.20549 1.00497 0.992065 
0170 0.239667	0.895204 1.05272 1.07706 1.18322 1.15212 1.07332 1.01635 1.00759 1.17151 1.15889 
0171 0.0496607	0.677962 1.07554 1.01248 0.993271 0.919732 0.92506 0.896794 1.39552 0.831056 0.960813 
0172 0.104565	2.92747 1.18156 0.96539 1.11844 0.978121 1.14991 1.17434 1.34324 1.00224 1.19565 
0173 0.23103	0.959639 1.0549 0.918034 0.993262 0.998923 0.86628 0.939524 1.01003 0.942986 0.923664 
0174 0.0616903	0.866584 1.04341 0.789531 0.69985 0.907929 0.918263 0.786536 0.876141 0.814973 0.890056 
0175 0.123381	1.05548 1.00858 0.961644 0.84899 1.0928 0.887242 0.935636 0.754117 1.12719 1.09704 
0176 0.0746453	2.47271 1.11858 0.861384 1.21204 0.848951 1.08631 1.00376 1.37986 0.748233 1.03699 
0177 0.115361	0.236147 1.07062 0.934812 0.885409 1.25881 0.827529 0.913316 0.63324 1.4319 1.1429 
1000 0.1729	2.02185 1.13179 1.0865 1.02685 1.04713 1.13708 1.12929 0.913204 1.04226 1.10685 
1001 0.0954218	0.524579 1.06018 1.1276 1.02296 1.08433 1.05265 0.874522 1.12621 1.02877 0.970602 
1002 0.115043	0.643324 1.11515 1.04408 0.810807 1.10185 0.923345 0.941832 1.05827 1.15643 1.06989 
1003 0.0602046	0.528165 1.11573 1.15807 0.810476 1.29801 1.05537 1.15004 0.922615 1.65286 1.19861 
1004 0.115378	0.914893 0.941878 1.01535 0.885387 1.03088 1.06006 0.990142 0.761039 1.1549 0.959511 
1005 0.0659064	0.920362 0.99558 1.22636 1.11125 1.17322 1.02998 1.06182 1.38648 1.25637 1.13625 
1006 0.29616	1.11377 0.933599 0.897487 1.04108 0.918448 0.933676 0.897026 0.978082 0.727232 0.923455 
1007 0.0789871	0.49166 0.9432 0.970975 0.751752 1.10927 0.801908 1.05045 0.832698 1.26444 1.0848 
1010 0.133822	1.03667 1.01181 0.909655 0.92416 1.04298 1.02207 0.983525 0.757181 0.970913 0.944906 
1011 0.141392	1.07621 1.07616 1.1891 1.1672 0.982943 1.21215 1.02181 1.24818 1.07305 0.878974 
1012 0.0681319	3.83103 0.907974 0.956436 0.989014 0.871627 1.07517 1.04039 0.837327 0.793511 0.887747 
1013 0.0766789	1.79928 1.05674 0.988493 1.10264 0.912423 1.05318 0.96958 1.26052 0.738249 0.949322 
1014 0.289621	0.8801 1.04322 0.922735 0.74259 0.846537 0.848957 0.953846 1.10491 0.905135 0.936492 
1015 0.0849817	0.439006 0.890892 0.994842 0.812018 1.0108 0.967339 1.05566 0.953626 1.30307 0.971082 
1016 0.11453	0.364389 1.03013 1.13835 0.851959 1.08974 1.02301 1.10346 1.03446 1.55195 1.08908 
1017 0.0908425	3.01165 1.15894 1.02732 0.905972 0.9018 1.12222 1.19514 1.112 0.909002 1.03962 
1020 0.0635818	2.58997 0.959251 1.0292 1.1862 0.980178 1.30766 1.29861 0.867685 1.01649 1.05708 
1021 0.238432	1.36676 0.98533 0.929618 0.987515 0.998908 1.12558 1.0633 0.946269 0.981659 0.977437 
1022 0.101378	0.168153 0.931535 1.04628 0.915741 1.05239 0.914427 1.06713 0.737506 1.39064 1.09385 
1023 0.187566	0.953834 0.925663 0.870445 0.907667 0.816421 0.882016 0.867936 1.06773 0.725421 0.897532 
1024 0.112681	0.741847 0.930235 0.883421 0.945542 0.979479 0.915913 0.958288 0.874873 1.0358 1.00196 
1025 0.0565171	0.233039 1.0339 1.14557 0.880244 1.2573 0.907282 1.08125 0.866818 1.75629 1.30551 
1026 0.0607559	0.968393 0.88127 1.11484 1.07111 0.781646 1.15508 1.13468 1.69131 0.817023 1.0028 
1027 0.179089	1.18478 0.95843 1.11381 0.855112 0.975635 1.11151 0.938268 1.01601 1.09552 1.09809 
1030 0.162909	0.422319 0.970712 0.919195 0.869139 0.96499 0.922657 0.853264 0.910137 0.974184 0.913268 
1031 0.109091	0.431418 1.13422 0.973119 0.848304 1.26214 0.956986 1.09238 0.946908 1.4373 1.21151 
1032 0.0829091	4.9279 1.07658 0.841258 1.16293 0.742858 1.23315 0.996345 1.32015 0.611554 0.836367 
1033 0.132727	1.69596 1.0905 1.00467 0.973182 0.95669 1.20814 1.14489 1.345 1.01062 0.950991 
1034 0.122182	0.47393 1.04105 1.17023 1.12181 1.08036 1.06578 0.931287 1.17375 1.24465 1.04239 
1035 0.134545	0.481177 1.01434 0.899344 0.912449 1.01648 0.828763 0.976368 1.13877 0.961751 0.979305 
1036 0.123273	1.55726 0.98748 0.880573 0.977517 0.874144 1.03722 0.842995 1.10774 0.68534 0.776921 
1037 0.132364	0.433845 1.15386 1.01748 0.799592 1.19509 0.973403 0.895771 0.948801 1.37753 1.12676 
1040 0.182719	0.444143 0.912728 0.993878 0.787823 1.01106 0.819077 0.874696 1.00748 1.01558 1.01166 
1041 0.104637	1.45117 1.04577 0.97386 0.951868 0.958331 1.15246 0.976999 0.884202 0.789223 0.855214 
1042 0.0868014	2.93689 1.03398 0.991352 1.17991 0.896762 1.17845 1.07796 1.57924 0.715247 1.06061 
1043 0.0856124	1.8001 1.0842 0.936974 0.850585 0.905533 1.02778 1.01633 1.26704 0.640038 0.816295 
1044 0.0998811	1.12858 0.925817 0.900345 0.929554 0.820987 0.936856 0.942086 1.04652 0.730126 0.96335 
1045 0.132778	0.458307 0.945574 1.10294 0.929937 1.2771 0.944237 1.08772 0.853367 1.39008 1.17252 
1046 0.157749	0.892449 0.907148 1.11484 0.918649 1.03961 1.02165 1.10916 1.20431 1.19457 0.962277 
1047 0.149822	0.387243 1.00889 0.88135 0.948222 0.99063 0.917478 0.941197 0.866715 0.85332 0.86958 
1050 0.0701495	1.05947 1.04678 1.04183 1.30295 0.899625 1.00002 1.08181 1.47468 0.854221 1.08699 
1051 0.0893888	0.554855 0.866666 0.999622 1.27617 0.909702 0.807136 0.967685 1.23805 0.770344 1.00879 
1052 0.0799171	1.10258 1.01787 1.08358 1.08126 0.969117 1.10913 1.18373 1.00816 0.945693 1.12418 
1053 0.083025	2.96723 1.04089 1.20225 1.25194 0.982828 1.32979 1.20271 1.06978 1.17385 1.13243 
1054 0.0855409	0.861033 1.04444 1.17704 1.23162 1.06643 1.22762 1.2508 0.825599 1.29787 1.10542 
1055 0.225692	0.606427 0.95587 0.867179 0.894285 0.933564 0.827354 0.821698 0.844032 0.907861 1.01197 
1056 0.254403	0.403093 1.00118 1.06556 1.1301 1.11102 0.891454 0.989904 0.824166 1.31677 1.13067 
1057 0.111884	3.96315 1.01791 0.903894 1.12702 0.829272 1.1435 1.05107 1.07482 0.65173 0.924927 
1060 0.0726931	0.541238 0.979755 1.00022 1.02326 0.975329 0.941312 0.935074 1.13089 1.01549 1.06039 
1061 0.0952253	1.03291 1.00354 0.872953 1.06471 0.945435 0.948385 0.947565 0.903034 0.870313 0.893412 
1062 0.124195	0.261028 0.944863 1.19119 1.18439 1.26364 0.958818 1.12603 1.0125 1.63259 1.15972 
1063 0.185086	0.948209 0.974063 0.860033 1.02715 0.887445 0.955106 0.907158 1.03763 0.742449 0.871661 
1064 0.106491	1.14983 1.06931 1.09789 0.959612 1.0418 1.03493 1.17442 1.08524 1.20394 1.11006 
1065 0.141363	1.1491 1.00974 0.977536 1.43003 0.936824 1.04611 0.991094 1.19837 0.717447 0.986137 
1066 0.128487	0.663356 1.11251 1.16169 1.32046 1.11737 0.973424 1.03977 1.30893 1.06092 1.02156 
1067 0.146459	0.139757 1.01157 0.903933 0.954354 1.07072 0.917397 1.03775 0.902642 1.14643 1.01891 
1070 0.183595	0.898715 0.876784 0.999537 1.04567 1.05914 1.01799 0.994181 0.816157 1.27107 0.941829 
1071 0.121109	0.636356 0.813409 1.02728 0.857542 1.00588 0.889115 1.09817 0.942791 1.38944 1.06637 
1072 0.0559326	1.43966 1.03072 1.20513 0.781861 1.12823 1.15746 1.21251 1.00169 1.43346 1.05564 
1073 0.191786	0.585432 0.932939 1.0077 1.12838 0.939621 0.963433 0.929111 1.33669 0.935122 1.00812 
1074 0.163234	0.648386 0.88471 0.766519 0.805509 0.95636 0.856841 0.917448 0.73517 0.964633 0.943404 
1075 0.0758249	3.80412 0.844243 0.848247 0.915244 0.823985 1.03514 0.96478 1.08583 0.707256 0.740184 
1076 0.127194	1.44036 1.04121 0.873227 0.914374 0.946994 0.92534 0.935244 1.15987 0.911105 0.910854 
1077 0.0813246	3.58272 1.01356 1.08949 1.23534 0.881135 1.33492 1.15367 1.4377 0.851638 1.00547 
1100 0.156338	1.74906 0.956965 1.21273 1.23582 1.0924 1.19348 1.10331 1.23632 1.2042 1.14055 
1101 0.143331	0.187462 0.885295 1.19585 0.965949 1.12571 1.08042 0.99937 1.05906 1.49785 1.07079 
1102 0.0706452	0.712446 0.908328 0.790587 1.18351 0.887453 0.903745 0.698164 0.895524 0.710121 0.95162 
1103 0.0655445	2.51719 0.868374 0.728975 0.895883 0.939901 0.9023 0.823259 0.67455 0.705241 0.867062 
1104 0.227238	0.637663 0.899688 0.968353 1.05004 0.899266 0.962872 0.896524 1.14515 0.884902 0.953344 
1105 0.10686	3.12497 0.92638 0.877168 0.876685 0.892447 1.10316 0.910097 0.988773 0.748436 0.970943 
1106 0.129049	0.700781 0.872604 0.974676 0.959368 1.02309 0.923074 0.992541 0.815377 1.11783 0.912164 
1107 0.100995	1.91147 0.983821 0.865042 0.965234 0.77534 1.09371 0.852155 1.29103 0.678144 0.877349 
1110 0.111888	1.62799 1.05824 0.993703 1.19467 0.865027 1.15048 1.03773 0.904244 0.767863 0.83328 
1111 0.155998	0.915309 0.991876 0.897206 0.878277 0.933697 0.870694 0.785482 0.857617 0.96234 0.956521 
1112 0.0857988	0.53479 0.920365 1.12131 0.946542 1.13828 0.994846 1.12204 0.775386 1.6422 1.01767 
1113 0.161377	0.76636 1.06655 1.10072 1.09862 1.03777 1.15703 1.15148 1.0894 1.15371 1.01732 
1114 0.0728886	1.41363 0.950216 0.822718 1.08937 0.82325 0.840402 0.779293 0.881576 0.593812 0.782194 
1115 0.0645508	0.511668 1.01652 0.916051 0.804689 1.00586 0.907019 0.946345 0.765127 1.07973 0.981153 
1116 0.240183	0.838579 1.05416 1.03451 0.932641 1.01678 0.946073 0.979528 1.0246 0.93903 0.90402 
1117 0.107316	0.306825 1.0188 1.15104 0.969654 1.04782 1.03493 0.920552 0.786019 1.31779 0.956885 
1120 0.0739712	2.79451 0.865902 1.06156 1.36036 0.950613 1.15021 1.06863 1.22965 0.732043 0.886968 
1121 0.144913	0.752481 0.773542 0.811709 0.965403 0.870915 0.889161 0.910821 0.744736 0.755721 0.77394 
1122 0.0711941	0.578558 0.809996 0.910835 0.85808 0.829113 0.816246 0.773516 1.08987 0.875999 0.866599 
1123 0.10048	2.16581 1.05675 1.2347 1.17044 1.1362 1.24596 1.27387 0.959288 1.3114 1.03072 
1124 0.105529	0.214896 0.953896 0.924477 0.851741 1.01885 0.866898 1.00861 0.726938 1.25921 1.00176 
1125 0.110326	1.39788 0.827499 1.09724 1.1591 0.935908 1.13937 1.1207 0.765181 1.04418 0.916683 
1126 0.112345	1.70371 0.81744 0.967692 1.04147 0.905359 0.864156 0.944306 1.15812 0.753247 0.93037 
1127 0.281242	0.174803 0.861956 1.12822 1.07693 1.08955 0.965755 1.04334 0.906602 1.28429 1.01936 
1130 0.11105	0.533921 0.901409 1.01206 0.754253 0.972493 0.899966 0.903007 1.31353 1.02694 1.03104 
1131 0.237569	0.324983 0.943696 1.02442 0.788816 1.03766 0.947458 1.07926 0.951404 1.37326 1.07517 
1132 0.0878453	1.12114 0.994019 1.18338 1.08081 1.05775 1.09431 1.25194 1.15429 1.25534 1.03576 
1133 0.0872928	1.93794 0.996819 0.996932 0.851835 0.871593 0.969442 0.839015 1.14332 0.802451 0.942916 
1134 0.101105	1.50826 1.0202 0.947759 0.949002 0.847987 1.04257 0.815577 1.39528 0.676381 0.853726 
1135 0.10221	0.873045 0.901539 1.16422 0.960489 1.07647 0.978603 0.890749 1.23148 1.12874 0.97233 
1136 0.161878	1.46194 0.834655 0.974065 0.976067 0.812962 0.947296 1.03902 1.25334 0.825045 0.881575 
1137 0.11105	0.214496 0.981763 0.984382 0.823486 1.01212 0.886165 0.914502 0.971391 1.03206 0.874177 
1140 0.1196	0.42884 1.04543 1.06651 1.07396 1.06447 0.945199 0.88585 0.767713 1.15468 0.980891 
1141 0.102213	1.06141 0.955297 0.865673 0.80731 0.877829 0.965638 1.02517 0.709783 1.02031 0.950412 
1142 0.119073	0.839732 1.04052 1.02228 1.01425 1.01021 0.906245 0.843787 1.07063 0.957316 1.00241 
1143 0.0584826	0.208051 0.998915 0.972291 0.92128 1.07031 0.866373 1.0514 0.586451 1.24619 0.884996 
1144 0.0795574	0.903435 1.02767 1.02622 1.01399 1.24748 1.0467 1.10842 0.582563 1.51832 1.09674 
1145 0.226027	1.34342 1.01999 0.934051 1.05211 0.893066 1.00395 0.90867 0.940963 0.762925 0.943538 
1146 0.175975	2.33532 0.947074 1.04111 1.06256 0.951073 1.07646 1.04112 1.05924 0.97724 1.00132 
1147 0.119073	1.23033 1.13382 1.23993 1.14225 1.16347 1.13239 1.09194 0.861061 1.31265 1.07269 
1150 0.195755	0.923253 1.01066 0.913836 1.08133 1.02628 0.913591 1.01413 0.817459 1.2815 1.02502 
1151 0.215802	0.552237 1.04363 0.939897 0.945214 0.931926 0.920017 0.965851 1.03561 0.981997 0.97097 
1152 0.0725236	1.80004 1.00732 0.823936 0.819379 0.813612 0.956683 0.836586 1.01046 0.636685 0.911968 
1153 0.0972877	2.21134 1.05782 0.869178 1.24844 0.867914 0.949943 0.920005 1.33343 0.737297 1.01261 
1154 0.182193	0.838561 1.19886 1.09313 1.16172 1.0658 1.17516 1.05549 1.29348 1.24496 1.24356 
1155 0.0436321	4.38259 1.14128 0.987855 1.28479 0.91254 1.17359 0.942694 1.18198 0.785153 0.952136 
1156 0.125	1.23618 0.955578 0.842841 1.06103 0.840884 0.871226 0.912656 0.9664 0.829818 1.08858 
1157 0.0678066	0.327609 1.1316 1.04334 0.826814 1.11522 0.913862 1.13097 0.865876 1.60053 1.29924 
1160 0.110694	0.924781 1.01983 1.08674 1.07512 1.09576 0.997876 1.05423 1.01913 1.15192 1.09719 
1161 0.0608131	0.443376 0.917239 1.04831 1.44406 0.985788 0.968458 0.873219 1.32941 0.850664 0.97502 
1162 0.281859	1.14626 0.999853 0.995991 1.0358 0.926487 1.04353 0.883486 1.02942 0.789568 0.83645 
1163 0.164332	0.350782 1.0004 0.925589 1.05054 1.03406 0.8732 1.03783 0.801462 1.13673 1.03264 
1164 0.0891698	0.199088 0.925463 0.999987 0.944226 0.965744 0.864223 0.930588 1.25273 0.946821 1.02397 
1165 0.140417	0.175066 1.03778 1.19103 1.01898 1.17014 0.896115 1.08684 0.930478 1.42474 1.02803 
1166 0.0587632	0.290365 0.951614 0.802478 0.954684 0.866163 0.831807 0.760971 1.05261 0.739107 0.775622 
1167 0.0939529	0.901509 1.01933 1.04805 0.956458 0.949499 1.13339 1.13197 1.00699 1.07265 0.853524 
1170 0.230736	1.31691 1.06341 0.936105 1.02106 1.04565 0.948707 0.951193 0.859238 0.942227 0.991913 
1171 0.0995671	0.771946 0.996106 1.02943 0.889887 0.990269 0.940249 0.879158 1.22325 0.947303 1.09101 
1172 0.130303	0.750275 1.04318 1.04224 0.940291 1.14319 0.97259 1.01949 0.759982 1.38845 1.19768 
1173 0.0839827	0.654292 1.04565 1.10733 1.07461 1.0839 0.893852 1.10692 1.46168 1.16101 1.17598 
1174 0.17013	1.74306 1.04691 1.08342 1.08518 1.069 1.1274 1.06314 0.935113 1.07063 1.07506 
1175 0.0575758	2.93031 1.01436 1.09793 1.16545 1.21439 1.03932 1.2506 0.886861 1.40211 1.16648 
1176 0.119048	1.5052 1.08722 0.876093 0.816359 0.888661 0.841468 0.952684 1.03451 0.795872 1.07942 
1177 0.108658	0.70367 1.00895 0.923376 1.19207 0.880261 1.0122 0.808419 1.08087 0.774576 1.02472 
BOUNDS
LWPS R    0.0  0.0  0.0  0.0  0.0  0.0  0.0  0.0  0.0  0.0
UWPS R    0.5  0.5  0.5  0.5  0.5  0.5  0.5  0.5  0.5  0.5
LXAS R   -0.5 -0.5 -0.5 -0.5 -0.5 -0.5 -0.5 -0.5 -0.5 -0.5
UXAS R    0.5  0.5  0.5  0.5  0.5  0.5  0.5  0.5  0.5  0.5
END
