ASSETS 10
STAGES 4
COVARIANCE
644.7558590514951
56.14887051400366 10.506432025401491
85.81704281970268 -3.0563558543366693 441.7443270451707
201.26041929641514 15.432496559246625 121.6070200321967 141.7303313132762
170.9518024164155 18.252656692376608 48.64973798147067 78.11001730203311 61.04807927425473
396.31682554646716 37.6567374087442 179.2141049694728 200.52440310135304 140.3032272899809 369.18172758538674
399.32480063866706 39.60753672165645 245.6939690064965 184.03120966448364 135.50675892120256 348.91306346403115 422.2434590232269
36.664996959413 -1.1492688015399488 460.3430363361172 118.43985489754266 44.53295346413982 192.83657111500955 272.99224332184036 590.7858349113806
-14.386811508164387 3.7697210922889686 -20.105450928063316 -20.447209655499528 -5.42932582093806 -21.676915389881646 3.241176642632553 -1.5604248467787571 23.526024452433195
75.04612620888872 5.110242525499645 93.42507317261456 53.74255369754626 32.86551228517771 87.60613812628068 106.21881419561949 101.8392851119798 2.0469264165741534 44.42966560548522
INITIAL
17.0281 25.69 73.83 44.98 42.85 53.69 64.45 69.66 30.81 34.8948
GROWTH
-0.005754479984802178 -0.0005595284168470018 -0.0001967043445622631 -0.0019731040985291838 -0.00161405770169275 -0.0026138549196160032 -0.0020923984103149926 0.0001701909471252534 0.0014519007512716925 -0.001022453865499447
BRANCHING
2 2 8 8
END
