ASSETS 10
STAGES 4
COVARIANCE
247.72626837585707
64.38021321040705 21.483703337681774
36.648054332501 17.99484411874053 91.84660240786249
-18.495601150345173 3.7483121256011165 31.78434219808402 37.811706519332894
-15.785155959631483 0.5988995623270753 15.09105239602539 26.12943042878615 24.339242455844488
-56.38311034727612 -6.348978092728901 43.83763609419721 40.473246744453384 28.575811022247596 62.324540357644075
130.1127892192377 39.55325638420301 53.336450346868354 16.094456918198613 13.874492754205587 2.7944261664735928 126.7709847432396
-47.36322006673918 -0.2910058375111956 53.7105850251367 53.081398501688554 33.20765005224601 66.03120874376002 7.2464938769173886 89.90199943916625
187.4181741883631 35.65643567958873 -11.085109331505988 -53.02038679630539 -33.335007660389394 -89.50755573718354 91.36514275830561 -99.75822222668205 236.4559255423312
-10.619980077182658 -2.257332862896018 15.676687453630132 13.544945858397265 14.027916674642736 19.074683021920652 17.409398481109815 18.540467495151432 -6.467683816721196 19.68815957475583
INITIAL
36.01 30.3 60.73 36.03 43.71 31.97 75.17 31.19 92.98 29.96
GROWTH
0.013523702380627688 0.0015990261135093737 -0.0006405709626646654 -0.0018192476701748804 -0.0010726921677961005 -0.002679234406520304 0.001274588662975286 -0.003101461858397183 0.0035635661431387593 -0.0007792930821023396
BRANCHING
2 2 8 8
END
