NAME moment_estimations_cluster
ASSETS 10
BENCHMARKS 0.1 0.1 0.1 0.1 0.1 0.1 0.1 0.1 0.1 0.1 
COVARIANCES
0 0 0.191041
1 0 0.0590047
1 1 0.0234004
2 0 0.0167581
2 1 0.00977917
2 2 0.0249033
3 0 -0.0142555
3 1 0.00343344
3 2 0.014526
3 3 0.0291271
4 0 -0.0100287
4 1 0.0004522
4 2 0.00568507
4 3 0.0165915
4 4 0.0127393
5 0 -0.048976
5 1 -0.00655418
5 2 0.0225788
5 3 0.0351367
5 4 0.0204491
5 5 0.0609781
6 0 0.0480676
6 1 0.0173658
6 2 0.0116836
6 3 0.00594248
6 4 0.00422271
6 5 0.0011628
6 6 0.0224352
7 0 -0.0421699
7 1 -0.000307924
7 2 0.0283558
7 3 0.0472349
7 4 0.024358
7 5 0.0662203
7 6 0.00309078
7 7 0.0924142
8 0 0.0559756
8 1 0.0126563
8 2 -0.00196312
8 3 -0.0158267
8 4 -0.0082022
8 5 -0.0301112
8 6 0.0130721
8 7 -0.0343988
8 8 0.0273509
9 0 -0.00984371
9 1 -0.00248663
9 2 0.00861607
9 3 0.0125479
9 4 0.010712
9 5 0.0199147
9 6 0.00773032
9 7 0.019841
9 8 -0.00232176
9 9 0.0219342
SCENARIOS
0 0.35296	1.63731 1.15712 1.07774 0.99109 0.986318 0.972082 1.12807 0.853127 1.17482 1.00285 
1 0.64704	0.822592 0.918588 0.974332 1.00131 1.0086 1.10071 0.928668 1.15093 0.924058 1.04941 
00 0.675006	1.3523 1.0661 1.14076 1.07974 0.990575 1.04604 1.10579 1.20039 1.03021 1.01108 
01 0.324994	0.681349 0.777178 0.793473 0.808512 0.969025 0.83437 0.887339 0.892992 0.986355 1.00398 
10 0.458364	0.752631 0.910473 0.972002 1.0605 1.00187 1.09515 0.901431 1.08247 0.892417 1.08642 
11 0.541636	1.54123 1.10529 1.02478 0.999287 1.05584 0.929402 1.17809 0.865427 1.14238 1.04316 
000 0.154879	0.655015 1.02121 1.24814 1.178 1.20005 1.61193 1.00558 1.91578 0.733934 1.2282 
001 0.0701364	0.622684 0.825228 1.0121 1.03175 0.988053 1.07037 0.981688 0.966938 0.969218 1.09264 
002 0.192361	1.01395 0.954929 0.883545 0.94861 1.0056 0.922254 1.01504 1.0733 0.997856 1.12046 
003 0.0511647	0.907422 1.08113 0.746886 0.674959 0.793257 0.642465 0.787378 0.661915 0.956724 0.664949 
004 0.133137	1.4899 0.98865 0.772823 0.647094 0.83139 0.657865 1.08297 0.539719 1.46887 0.960203 
005 0.11383	0.630507 0.874917 0.717 0.724718 0.84974 0.663179 0.856716 0.641961 1.07141 0.863007 
006 0.182707	2.14026 1.31826 1.1028 0.979636 1.05665 0.81305 1.26278 0.967881 1.23506 1.1028 
007 0.101784	0.413457 0.76161 0.946811 1.15777 1.12213 1.3494 0.748393 1.396 0.688938 1.07273 
010 0.139308	1.09238 1.10415 0.829251 0.842273 0.849819 0.590216 0.864799 0.620292 1.09817 0.801278 
011 0.0800279	2.65817 1.38975 1.066 0.849525 0.837128 0.587441 1.23523 0.620177 1.4518 0.963451 
012 0.142446	1.0548 1.109 0.987296 1.00117 1.00207 0.81792 1.08218 0.767961 1.15517 1.07798 
013 0.11176	1.65386 1.2602 0.947104 0.977762 0.958378 0.78036 0.9874 0.832068 1.0018 0.723333 
014 0.112806	0.535818 0.94552 1.00937 1.28744 1.16787 1.43897 0.796537 1.56657 0.726154 0.981692 
015 0.156482	1.07374 1.19816 1.19071 1.21361 1.08639 1.14604 1.1344 1.35685 0.974583 1.03307 
016 0.0738384	1.03623 0.951996 0.78533 0.704531 0.725168 0.594841 0.837899 0.56165 1.31089 0.884683 
017 0.183332	0.729911 0.995109 1.16784 1.2246 1.05827 1.33539 0.842739 1.25925 0.765585 0.932816 
100 0.0431924	0.39688 0.734175 0.845963 0.99329 1.05162 1.04135 0.760836 0.845201 0.842331 1.09164 
101 0.14593	1.75142 1.14851 0.967873 0.877852 0.914562 0.706423 1.04234 0.693925 1.32512 0.795735 
102 0.126003	1.56705 1.17882 1.2536 1.16995 1.1245 0.981941 1.16681 1.16008 1.15719 0.944975 
103 0.167341	0.942882 1.10866 1.14714 1.01545 0.98005 1.08633 1.03453 1.16981 0.938141 0.881731 
104 0.12425	0.931732 0.933857 0.702509 0.650393 0.844672 0.500738 0.840812 0.501567 1.23284 0.780696 
105 0.158777	0.573066 0.818502 0.882815 1.1607 1.1198 1.23089 0.824517 1.1898 0.763097 0.904076 
106 0.0881381	0.72463 0.893662 0.815621 0.79285 0.855234 0.694321 0.771 0.675698 0.951405 0.663917 
107 0.146369	0.822713 1.06732 1.39382 1.44986 1.23588 1.79346 1.21809 2.16141 0.843383 1.1488 
110 0.141985	1.2384 1.01345 0.899898 0.970724 0.928991 0.860473 1.12877 0.886575 1.20157 0.926804 
111 0.0897677	2.63792 1.46181 1.14339 0.97511 0.874927 0.736811 1.30942 1.09141 1.30575 0.721859 
112 0.101866	0.487949 0.754154 0.874669 0.964983 0.891069 1.00559 0.736412 0.942097 0.801678 0.828723 
113 0.11542	0.716973 0.92594 0.727538 0.768735 0.736314 0.623784 0.778121 0.623778 1.01749 0.72938 
114 0.150231	0.463464 0.893475 1.20674 1.33415 1.12842 1.66745 0.945776 1.83178 0.733277 1.15488 
115 0.0666267	1.72866 1.32201 1.26045 1.10552 0.99814 0.969877 1.09775 1.01147 1.09235 0.971902 
116 0.0998687	0.99452 1.06582 1.51292 1.28895 1.05692 1.5505 1.12948 1.7828 0.886514 1.1152 
117 0.234235	0.974511 0.9892 0.966039 0.869558 0.909736 0.891263 0.980662 0.943846 1.08005 0.963192 
0000 0.0926829	1.21727 1.02254 0.865374 1.3662 1.1092 0.938895 1.17548 1.10785 1.1314 1.12411 
0001 0.119241	1.1696 0.936622 0.994986 0.97647 0.909359 0.833955 0.891928 0.801607 1.13435 0.792694 
0002 0.150949	1.01397 0.728184 0.827189 0.751141 0.877587 0.605549 0.971467 0.526869 1.20933 0.889043 
0003 0.0539295	0.592863 0.926884 1.05104 1.83053 1.44453 1.53947 0.982607 2.04915 0.737402 0.920599 
0004 0.114363	1.39994 1.09817 1.3816 1.16892 0.925657 1.03388 1.26583 1.15195 1.18315 0.975434 
0005 0.118699	2.09469 1.26327 0.923256 1.01013 0.917954 0.737341 1.08099 0.643813 1.37063 0.808112 
0006 0.145799	0.804647 0.932344 0.973132 1.48879 1.22806 1.2832 1.11564 1.29655 0.946451 1.19186 
0007 0.204336	0.620968 0.810178 0.784235 1.21031 1.00561 1.06283 0.86125 1.04512 0.829381 0.935611 
0010 0.276481	0.951572 1.07406 1.04261 0.808131 0.971184 1.01908 0.992021 0.947594 1.05717 0.917364 
0011 0.129862	0.797923 1.03581 0.929065 1.19563 1.22461 1.17669 0.910309 1.40445 0.882971 1.23725 
0012 0.160981	2.20092 1.41645 1.18697 0.787884 0.974206 0.844977 1.14932 0.89866 1.38834 0.93426 
0013 0.0556553	0.773911 0.969728 1.22745 0.7511 0.911981 0.970488 0.924268 0.967141 0.938959 1.0095 
0014 0.150209	1.25611 0.957749 0.923505 0.785459 0.971156 0.647909 0.851339 0.845081 1.24022 0.922024 
0015 0.0736086	1.07379 1.16829 1.24223 1.25824 1.3076 1.47755 1.05108 1.72236 0.927255 1.33691 
0016 0.0748055	0.603051 0.884173 0.854673 0.797503 0.908922 0.902486 0.773572 0.812026 0.846289 0.975731 
0017 0.0783962	0.551497 0.882701 0.937595 0.733525 0.991581 1.02541 0.817214 0.891953 0.937031 1.11784 
0020 0.141828	1.44202 1.38042 1.18339 1.35925 1.26097 1.20016 1.23889 1.19372 0.97836 0.89062 
0021 0.263801	1.02015 1.09154 0.85857 0.874495 0.993517 0.648423 0.963979 0.627604 1.10627 0.905228 
0022 0.0591316	1.97158 1.36154 0.988612 0.763455 0.837572 0.607037 0.978082 0.890007 1.05308 0.59024 
0023 0.125027	0.710545 0.978717 1.07978 1.00969 0.903099 1.06733 0.905348 1.02317 0.905874 0.812907 
0024 0.091643	2.30655 1.47052 1.20825 0.907239 1.07293 0.82938 1.25601 0.489999 1.33283 0.831578 
0025 0.0914248	0.664539 1.01084 0.805204 0.999458 1.03908 0.844579 0.767016 0.752614 0.926809 0.766746 
0026 0.148811	0.696602 1.09828 1.1182 1.41461 1.1831 1.36035 1.03659 1.53698 0.859737 1.01433 
0027 0.078333	0.408553 0.912613 0.890899 1.15856 1.1698 1.21229 0.806281 1.32134 0.771087 0.997888 
0030 0.169811	1.17191 0.874145 1.18858 1.08666 0.984451 1.08393 1.10581 1.15612 0.981299 1.08673 
0031 0.207547	0.587202 0.703026 0.903518 0.97505 1.02653 1.00201 0.752711 1.12732 0.873139 1.02345 
0032 0.0705496	1.6361 0.941648 0.824477 0.803176 1.03672 0.755834 1.04658 0.51852 1.41857 1.06743 
0033 0.210829	0.671171 0.87678 1.23002 1.38593 1.16762 1.29755 1.00392 1.60169 0.793107 1.31242 
0034 0.07137	0.868114 0.896303 1.19434 1.0115 0.955946 1.31077 0.955937 0.968758 1.06807 1.14659 
0035 0.0992617	0.961466 0.973604 0.770217 1.12304 1.24821 0.825901 0.957484 0.773723 1.1231 0.991601 
0036 0.076292	1.20804 0.85733 1.03369 0.808854 0.830967 0.707783 0.946549 0.655579 1.19203 0.706691 
0037 0.0943396	2.34618 1.19181 1.00066 0.881042 1.01994 0.61853 1.2089 0.712751 1.29587 1.17194 
0040 0.106242	0.649015 0.846795 0.899705 0.797746 0.981901 0.875889 0.721859 0.683092 0.872493 0.911729 
0041 0.140921	2.53291 1.15985 1.04304 0.835243 0.86619 0.514309 1.20226 0.648289 1.31704 0.932888 
0042 0.180643	0.648413 0.965815 1.25758 1.16573 1.16263 1.1199 1.10766 1.22108 0.911176 1.19945 
0043 0.0873266	0.476773 1.03554 1.0578 1.21626 1.2494 1.2064 0.863095 1.16314 0.748571 1.0168 
0044 0.178121	1.49068 1.30257 1.07758 1.12953 1.1005 0.908535 1.23115 0.729891 1.12465 1.00276 
0045 0.169609	1.06938 0.949865 0.971621 0.94143 0.984558 0.771535 0.989956 0.855109 1.02899 1.0098 
0046 0.0819672	0.94209 1.09828 1.10959 1.10266 1.00688 0.925009 0.818001 1.31113 0.873351 1.02992 
0047 0.0551702	1.24569 1.21382 1.50573 1.31261 1.25714 1.35471 1.20913 0.902386 0.959775 1.20246 
0050 0.233038	0.744999 0.839577 0.963213 0.98911 1.00205 1.06823 0.9915 1.02366 0.91374 1.13634 
0051 0.131268	1.04062 1.06526 1.1407 1.39224 1.25798 1.54653 1.07073 1.45002 0.822777 1.31882 
0052 0.182891	1.45656 1.1545 0.94375 0.913386 1.00084 0.962431 1.08025 0.747235 1.07645 0.860691 
0053 0.0873894	0.469509 0.733598 1.05938 1.12503 1.13283 1.49295 0.753922 1.25127 0.650485 1.01815 
0054 0.161136	2.23956 1.1843 0.978085 0.804368 0.88409 0.802065 1.16412 0.82977 1.33438 1.26875 
0055 0.0648968	0.525884 0.746061 0.979183 0.93613 0.989731 1.12479 0.758618 0.971454 0.780055 1.03245 
0056 0.0848083	1.10083 0.8588 1.01665 0.795498 0.901689 0.799456 0.781644 0.681676 1.13644 0.93566 
0057 0.0545723	0.798164 0.7885 1.26034 1.22277 1.30067 1.34371 0.885922 1.34306 0.957849 1.42013 
0060 0.191133	0.475328 0.851571 1.08557 1.18249 1.14149 1.55717 0.941629 1.9063 0.706866 0.968341 
0061 0.0668504	0.858304 0.989947 0.923067 1.19067 1.07637 1.18718 1.26218 1.08518 1.05883 1.13662 
0062 0.10889	1.12576 0.970753 0.872359 0.977709 1.05728 0.784843 1.07757 0.823271 1.14435 1.12041 
0063 0.184011	0.610158 0.909591 0.726174 0.939875 0.981755 0.791114 0.813619 0.875473 0.86857 0.719336 
0064 0.187916	1.00837 1.14259 0.99836 1.20548 1.01546 1.12517 0.927184 1.10284 0.882573 0.687152 
0065 0.0891339	1.73875 1.34474 0.942204 1.11175 0.894669 0.781296 1.21162 0.880088 1.25582 0.947044 
0066 0.0978635	2.75012 1.26915 0.928719 0.899201 1.10644 0.58505 1.20817 0.639628 1.40793 0.800435 
0067 0.0742017	1.46179 1.22331 1.01559 0.981437 0.950803 1.04827 1.02311 0.963887 0.96147 0.757812 
0070 0.0878351	0.661814 1.03821 1.13155 0.774611 0.860294 1.21295 0.940626 1.13249 0.833298 1.09409 
0071 0.0820619	0.638744 1.03409 1.1008 1.31512 1.22314 1.85125 1.12391 2.01352 0.742868 1.15223 
0072 0.155876	1.4494 1.34558 0.824771 0.74148 0.816572 0.668229 1.18888 0.712779 1.31149 0.943714 
0073 0.162062	1.16827 1.00833 0.889603 0.769345 0.859734 0.687584 0.859107 0.628208 1.10645 0.789657 
0074 0.109691	0.368806 0.738176 0.758815 1.03036 1.10514 1.15706 0.950474 1.16456 0.815901 0.859076 
0075 0.197113	1.1916 1.23499 1.09539 1.06564 1.08328 1.01277 1.03765 1.26938 0.996188 0.980891 
0076 0.122062	0.662463 0.89645 1.02487 1.09274 1.04893 1.17904 1.11565 1.10977 1.03783 1.26341 
0077 0.083299	2.17234 1.20367 1.06895 0.777815 0.841983 0.675874 1.26776 0.776705 1.41284 0.803115 
0100 0.2597	0.851528 0.894464 0.843699 0.976613 1.06375 1.3123 0.935584 1.02184 0.931639 0.876266 
0101 0.0531915	0.723249 0.681062 0.693067 0.696319 0.83063 1.02606 0.796652 0.652642 0.999763 0.964026 
0102 0.199625	1.70921 1.03956 0.963776 0.827795 0.946689 0.934745 1.13739 0.751604 1.17916 0.930174 
0103 0.0707134	2.89494 1.13567 1.31667 0.937682 0.938952 0.897531 1.35163 0.825882 1.35408 0.967622 
0104 0.133292	0.860407 1.02205 1.25245 1.19968 1.08662 1.41536 1.02012 1.60641 0.874496 1.00709 
0105 0.09199	0.559777 0.859641 0.902195 1.10268 1.05719 1.61847 0.804637 1.63145 0.686075 0.985766 
0106 0.114518	0.649283 0.921916 1.17784 0.881037 0.903262 1.30063 0.862458 0.972492 0.88022 0.819769 
0107 0.0769712	1.27172 1.09985 1.33504 1.11421 1.06278 1.13253 1.20076 1.1374 1.09562 1.25624 
0110 0.104575	0.912523 1.16277 1.4828 1.58774 1.32143 1.71549 1.22187 1.56651 0.940404 1.09153 
0111 0.0893246	0.510601 0.775932 0.874404 1.00749 1.01163 1.19128 0.747201 1.10035 0.774916 0.957035 
0112 0.205882	1.10341 1.02996 0.927743 0.795387 0.880571 1.0262 0.882179 0.648544 1.07458 0.766625 
0113 0.150327	2.03277 1.45311 0.829123 0.933813 0.992016 0.615691 1.13709 0.71242 1.27162 0.886624 
0114 0.123094	0.633821 0.776834 0.8087 0.942912 1.05963 1.02612 0.907359 0.72895 0.994177 1.10398 
0115 0.194989	1.08985 1.0312 1.13424 1.2302 1.07633 1.16702 1.05578 1.32236 0.913886 0.911673 
0116 0.0620915	1.59402 1.09781 0.72812 0.837672 0.925766 0.519297 1.10734 0.585615 1.59749 0.891116 
0117 0.0697168	0.615734 1.00358 1.01814 1.32855 1.08375 1.80103 1.0704 1.97821 0.80737 1.34017 
0120 0.0813953	0.873388 0.951703 0.950412 0.837178 0.909899 1.05438 0.912516 0.922107 0.866642 0.810768 
0121 0.24541	0.916802 0.944151 0.964693 0.932802 0.978528 1.14505 1.0318 0.751576 0.951828 1.01904 
0122 0.137087	0.75845 0.868121 1.16462 1.10014 1.00509 1.52823 0.930577 1.72154 0.869119 1.16523 
0123 0.176255	1.27482 1.21946 1.03955 1.00086 0.969502 1.31913 1.0083 1.16173 0.94807 0.928975 
0124 0.118115	0.441045 0.837965 0.932075 1.16113 0.972109 1.33967 0.799367 1.6297 0.766563 1.00515 
0125 0.102203	2.30592 1.27452 1.10138 1.06315 1.00029 0.969167 1.24164 0.933614 1.34784 1.17134 
0126 0.0746634	1.53738 1.12127 1.15349 1.16235 1.19664 1.3757 1.3423 0.655148 1.07412 1.30567 
0127 0.0648715	1.13839 0.845939 0.839121 0.860477 0.910234 0.61136 0.943543 0.680723 1.25033 0.925128 
0130 0.0592824	0.513173 0.788994 0.835209 0.982023 1.01947 1.19329 0.792134 0.837402 0.711213 0.992499 
0131 0.214509	0.811454 0.797433 1.12746 1.01561 0.919749 1.15787 0.991076 1.2941 0.994279 1.21855 
0132 0.147426	0.884738 0.994954 1.21868 1.06801 1.00692 1.21532 0.976611 1.14638 0.912904 1.14325 
0133 0.0982839	0.58273 0.819998 0.751889 0.954898 0.962507 1.08678 0.883695 0.951873 0.98179 1.31636 
0134 0.263651	1.58791 1.258 1.25824 1.03866 0.895623 0.964184 1.24974 0.99237 1.19615 1.30176 
0135 0.0608424	0.378244 0.640383 1.0971 1.09053 0.974541 1.37225 0.717488 1.20117 0.788423 0.992723 
0136 0.0725429	0.564804 0.888429 1.0552 1.11962 1.10641 1.4561 0.987225 1.72976 0.815898 1.10613 
0137 0.0834633	1.09931 1.00955 0.85563 1.12083 1.10063 0.799634 1.07877 0.857793 1.12046 1.42195 
0140 0.173107	0.680073 0.852222 0.784799 1.01898 0.982338 0.831772 0.975385 0.850153 1.06254 0.981883 
0141 0.0950541	0.420024 0.73718 0.899616 0.974398 0.826454 1.01421 0.702179 1.05847 0.710622 0.784149 
0142 0.0958269	0.354415 0.642942 1.0078 1.23633 1.19936 1.55588 0.741034 1.25399 0.686347 1.35262 
0143 0.101236	1.36707 1.04063 0.759958 0.720009 0.877198 0.482173 1.04438 0.422353 1.33928 0.943124 
0144 0.238794	0.991377 0.945293 1.23913 1.34833 1.2751 1.44071 1.31384 1.38521 0.9079 1.31019 
0145 0.0942813	0.968021 0.935944 1.09399 0.825656 0.753091 1.07343 0.932362 0.791678 0.985803 0.934579 
0146 0.138331	0.640507 0.806308 0.773402 0.674986 0.761293 0.622006 0.795605 0.422513 1.13911 0.890647 
0147 0.0633694	1.69273 1.2557 1.01365 1.08306 1.02369 0.819235 1.32206 0.76262 1.2771 0.871753 
0150 0.168802	0.924366 0.884666 1.07592 0.932501 0.946717 1.00539 0.880325 0.837376 0.950541 1.01316 
0151 0.0584958	2.67543 1.24401 1.18696 1.05699 0.926992 0.884465 1.29173 0.859412 1.19211 0.931171 
0152 0.0885794	0.657525 0.806773 1.00583 0.935907 0.827585 0.940555 0.86314 0.688149 0.988186 1.17231 
0153 0.0651811	0.480699 0.7964 0.698587 0.915924 0.963819 0.985474 0.814327 0.748675 0.815462 1.0482 
0154 0.0690808	2.15766 1.2132 1.38234 1.20874 0.995916 1.17693 1.43652 1.30339 1.13142 1.21591 
0155 0.23844	0.993825 0.950298 1.06799 1.28041 1.08672 1.345 1.03054 1.28054 0.972968 1.25518 
0156 0.210028	1.38821 0.99458 1.04251 0.754987 0.921803 0.982326 0.975125 0.758029 1.17717 1.00302 
0157 0.101393	0.606884 0.861612 1.03104 1.22702 1.20988 1.47335 0.82151 1.32073 0.720739 1.14357 
0160 0.255018	0.626583 0.90605 1.26779 1.19296 1.1602 1.70047 1.01597 1.50835 0.836002 1.05248 
0161 0.0613932	0.491298 0.731538 0.893834 0.876164 0.970931 0.976156 0.793092 0.737083 0.81095 0.79191 
0162 0.0897285	0.877569 0.901175 1.05313 1.044 1.1079 0.88143 0.90597 0.965128 1.00416 0.982143 
0163 0.153483	1.83439 1.07064 1.19938 0.87466 0.862735 0.752828 1.12827 0.865111 1.21641 0.983501 
0164 0.0956316	0.798701 0.88155 0.972528 0.904609 1.15183 0.718044 1.00983 0.582195 1.10854 0.937289 
0165 0.0826446	0.683314 1.0306 1.32125 1.38555 1.17676 1.44772 0.915784 1.59592 0.748564 0.910348 
0166 0.11098	2.25371 1.28189 1.44786 1.19679 1.12535 1.13782 1.37593 0.921757 1.33211 1.44503 
0167 0.151122	1.1818 1.13299 1.14052 1.25668 1.16253 0.997999 1.17311 0.909313 0.972252 0.898413 
0170 0.0737042	0.819394 1.0412 1.23938 1.46067 1.19732 1.53169 1.10154 1.90655 0.847887 1.16932 
0171 0.0584879	0.54915 0.805185 0.702254 1.01063 0.862325 1.03017 0.697212 1.08076 0.771616 0.783749 
0172 0.0765573	0.716528 0.973384 1.24419 1.3113 1.10436 1.43241 0.944852 1.72871 0.769106 0.96424 
0173 0.106039	1.84861 1.35148 0.871547 0.886828 0.869858 0.745567 1.17243 0.942729 1.16717 0.839753 
0174 0.12601	0.719865 0.85087 1.0162 1.07272 1.16343 1.2312 1.30239 1.0952 0.959955 1.22633 
0175 0.169282	0.797399 0.86972 0.857946 0.796279 0.89295 0.846236 0.845621 0.895855 0.94516 0.881903 
0176 0.189729	1.08954 1.06953 0.951199 0.791824 0.797758 0.795817 1.03808 0.742014 1.24596 0.765432 
0177 0.20019	1.48561 1.19799 1.1157 1.23641 1.12118 0.936862 1.22745 1.44869 1.10859 0.927211 
1000 0.13427	0.622598 0.727686 0.869598 0.954348 1.10839 1.03715 0.8369 1.1073 0.948339 0.848024 
1001 0.249024	1.28185 0.95917 1.2078 1.06572 0.987938 1.20877 1.08304 1.28697 1.03646 1.00728 
1002 0.113193	0.66642 0.916199 0.998108 0.807091 0.83691 0.855564 0.852533 0.889637 1.04583 0.738781 
1003 0.0967994	0.732414 1.00951 1.21367 1.20546 1.26002 1.71079 1.20554 1.62345 0.937708 1.18546 
1004 0.107728	0.915299 0.935721 0.706434 0.716598 0.885082 0.706531 0.916694 0.52851 1.07467 0.898665 
1005 0.113193	1.59092 1.01216 0.990049 0.732072 0.891529 0.712353 1.20626 0.712065 1.40331 0.846557 
1006 0.104606	0.549736 1.06606 1.32159 1.43206 1.17241 1.69021 0.960053 2.34847 0.771358 0.999804 
1007 0.0811866	1.11023 0.853592 1.0722 0.956006 1.04422 0.989346 1.10018 1.07781 1.18304 1.15548 
1010 0.258087	0.663811 0.827009 0.982251 0.898213 1.00553 1.13657 0.856681 0.893139 0.898377 1.11188 
1011 0.0607671	0.395863 0.814388 1.12486 1.12459 1.05052 1.4273 0.877931 1.9151 0.685953 1.15741 
1012 0.0607671	1.59727 1.21328 1.1188 1.06751 0.940493 0.852739 1.17688 0.985315 1.16774 1.11824 
1013 0.16659	0.908891 0.890204 0.97407 0.740489 0.795758 0.634186 0.898075 0.603843 1.20003 1.08229 
1014 0.0873383	0.958862 0.948036 1.02758 1.09088 1.02811 1.21165 0.948805 1.27408 0.719417 0.844644 
1015 0.073475	1.40358 1.10555 1.43249 0.974991 0.986873 1.34714 1.23375 1.33258 0.961507 1.12366 
1016 0.210952	2.03224 1.3248 0.814679 0.812187 0.924859 0.807396 1.06558 0.612641 1.23652 0.821783 
1017 0.082024	0.999268 1.14643 1.00146 0.947 1.06811 1.13512 1.33009 0.877558 0.993154 1.14174 
1020 0.137811	0.563384 0.853251 0.939181 0.971222 1.01856 1.23045 0.806652 1.00466 0.869993 1.05708 
1021 0.12015	1.36486 1.16212 0.904447 0.885553 0.849077 0.83626 0.88466 1.0133 0.97954 0.854647 
1022 0.0607439	0.822896 1.06215 1.4956 1.35996 1.13695 1.7194 0.951246 1.90159 0.817351 1.36348 
1023 0.210062	0.71685 0.9054 0.896123 0.748974 0.805307 0.846619 1.04301 0.641025 1.12882 1.17859 
1024 0.0810811	1.97725 1.34301 1.07744 0.960334 0.931643 0.756767 1.26205 0.736522 1.36902 1.07884 
1025 0.113728	2.48024 1.52805 1.1804 1.0671 1.10632 0.984509 1.20696 1.06769 1.13505 0.89859 
1026 0.229596	0.766184 0.906862 0.993471 1.22413 1.05895 1.21325 1.04952 1.29121 0.860615 1.00615 
1027 0.046829	1.59437 1.17512 1.414 1.15176 1.15456 1.58388 1.3419 1.23994 1.01873 1.42162 
1030 0.191819	1.86515 1.28294 0.85404 0.822734 0.836523 0.630753 1.09975 0.532764 1.32958 0.872548 
1031 0.152932	1.29813 1.09294 1.04663 1.17164 1.11025 1.15727 1.15366 1.13605 1.02466 0.942188 
1032 0.0731412	1.19861 1.03689 0.776871 1.09599 1.13163 0.936498 1.07724 0.964112 1.01078 0.905213 
1033 0.0949023	1.00593 0.970874 1.19823 1.07001 0.917499 1.07072 0.943042 1.10165 0.914375 0.869635 
1034 0.194237	0.663755 0.72027 0.862943 0.837637 0.970116 0.930564 0.801442 0.807146 0.98927 1.08474 
1035 0.125932	0.980704 0.936056 1.00202 0.996955 1.04687 0.791446 0.985386 0.824592 1.14894 1.16178 
1036 0.0396937	0.590438 0.807263 0.863435 1.27329 1.22265 1.24977 0.931595 1.1242 0.868437 0.990248 
1037 0.127342	0.666992 0.923673 1.17942 1.30317 1.26521 1.43461 0.990923 1.63974 0.771317 1.06748 
1040 0.154138	1.3978 0.969772 1.07046 0.838752 0.857357 0.846006 0.974186 0.754755 1.28222 0.773806 
1041 0.182904	0.689565 0.899967 1.14491 1.31161 1.10054 1.81215 1.01302 1.70606 0.81901 1.18737 
1042 0.0578019	2.27661 1.03041 1.1693 0.937138 1.00182 0.940947 1.32842 0.535803 1.48427 0.857321 
1043 0.160109	0.832108 0.834558 1.03656 0.992992 1.05641 1.34754 1.0723 0.961408 0.986273 1.23899 
1044 0.10882	2.15225 1.29312 1.1923 1.03729 1.03151 1.20311 1.18391 0.907254 1.12806 0.762761 
1045 0.184532	0.624158 0.716579 0.824892 0.870005 0.862293 1.02959 0.850577 0.786456 0.917174 0.812164 
1046 0.0862958	1.46186 1.07552 0.841721 1.04876 1.03197 1.17021 1.04359 0.768156 1.00625 0.965767 
1047 0.0654003	0.906278 0.991329 1.1122 1.09174 1.08471 1.17752 1.22995 1.00182 1.15949 1.24109 
1050 0.06031	0.322453 0.897661 1.21811 1.42743 1.16326 1.7439 1.01219 1.83102 0.723792 1.00887 
1051 0.149713	0.691155 0.954586 1.22933 1.12748 0.969386 1.15923 0.905926 1.40232 0.876061 1.00743 
1052 0.161181	1.3459 1.1488 1.16815 0.909549 0.824488 0.893003 1.00785 0.944921 1.00595 0.724056 
1053 0.0998089	1.23318 1.39178 1.39257 1.17462 0.984508 1.36777 1.04571 1.8177 0.892576 1.02729 
1054 0.204927	1.66573 1.57091 0.986141 1.08949 1.07823 0.84884 1.23712 0.908415 1.08571 0.908725 
1055 0.0677426	0.484298 0.997539 0.842317 0.745019 0.829218 0.820812 0.755557 0.705423 0.893182 0.812211 
1056 0.198981	1.5635 1.12712 0.788257 0.798191 0.902882 0.635219 1.03313 0.602653 1.26178 0.762538 
1057 0.057337	0.638134 0.864314 0.931686 1.14163 1.13051 1.19829 0.909167 1.29026 0.790582 0.988925 
1060 0.127391	1.21676 1.0693 1.13504 0.998184 1.01987 1.20729 1.09664 1.18588 0.980144 0.974811 
1061 0.165264	0.735 0.888074 1.05563 0.937543 1.03606 1.16268 0.975457 1.0839 0.925405 0.9324 
1062 0.201607	0.583263 0.734702 0.691899 0.877562 0.97947 0.878719 0.847218 0.740486 0.989344 1.06458 
1063 0.13772	2.42949 1.30137 1.05749 0.80107 0.88518 0.757597 1.28241 0.772939 1.34711 0.800506 
1064 0.0818669	0.948417 1.00824 1.14238 1.34642 1.16989 1.63861 0.947749 1.86987 0.810824 0.954827 
1065 0.0566182	0.76443 1.03655 1.3769 1.24478 1.22948 1.8292 1.10744 1.64507 0.873811 1.39583 
1066 0.115532	1.56537 1.13352 1.24369 0.895843 1.01139 1.12265 1.1981 0.980211 1.14626 0.978531 
1067 0.114002	1.15707 1.00469 0.827154 1.0162 1.17966 1.23221 1.15005 1.14271 1.07567 1.29365 
1070 0.115872	1.47857 1.30031 1.25218 1.26313 1.1396 1.25115 1.0979 1.29508 0.896589 1.0746 
1071 0.0610458	0.276105 0.644234 0.958308 1.2277 1.21897 1.48768 0.771531 1.33303 0.718148 1.13207 
1072 0.256623	1.04991 0.910749 0.902915 0.941631 0.947463 0.758306 0.853998 0.599742 1.08256 0.997343 
1073 0.138908	1.15337 1.0794 0.976498 1.26267 1.04816 0.9045 1.08826 1.07801 1.10885 0.998496 
1074 0.0886892	0.70681 0.855725 0.795733 0.915077 0.950787 0.823892 0.778599 0.819712 0.918664 1.05611 
1075 0.118176	0.556698 0.927825 1.20245 1.40206 1.17703 1.55373 0.9454 1.87233 0.800591 1.19388 
1076 0.139138	0.79617 0.90925 0.985992 1.01134 0.976672 1.20396 0.817789 0.816229 0.872182 0.994622 
1077 0.081548	2.74983 1.40873 1.17243 1.0243 0.98481 0.860368 1.40441 0.851801 1.11868 0.95963 
1100 0.218449	0.921305 1.01756 1.04197 0.978035 1.13503 1.10875 1.08447 0.806872 0.938035 1.13675 
1101 0.107717	1.46275 1.19273 1.06713 0.964165 1.01982 1.11659 1.12607 0.889788 1.04058 1.10798 
1102 0.113545	0.797924 0.995532 0.76255 0.809044 0.94201 0.819651 0.764538 0.906317 0.805298 0.782549 
1103 0.0972669	0.479722 0.861418 0.990864 1.27914 1.22456 1.35679 0.892758 1.23977 0.781643 1.25626 
1104 0.120981	1.25197 0.98932 0.82908 0.611384 0.812491 0.473657 0.81004 0.434797 1.24522 0.948146 
1105 0.0520498	1.42335 1.37765 1.40122 1.53778 1.35356 1.20857 1.38806 1.67477 0.981938 1.39884 
1106 0.134646	2.29649 1.29917 1.0515 0.930016 1.06095 0.743487 1.14579 0.588249 1.29224 1.15552 
1107 0.155346	0.716363 0.95964 0.82499 1.01531 1.02517 0.945376 0.917422 1.0927 0.839452 0.979869 
1110 0.117292	1.11062 0.988241 0.923958 1.10263 1.08785 1.14876 1.01503 0.90308 0.980806 1.27806 
1111 0.227908	0.574715 0.892751 1.06033 1.08611 1.07408 1.42803 0.939894 1.05313 0.816226 1.21225 
1112 0.0642085	1.04791 1.03533 1.44691 1.50854 1.34217 1.97445 1.14404 1.75836 0.842907 1.73707 
1113 0.0880483	2.1367 1.29959 1.32303 1.10837 1.09829 1.3324 1.2584 1.10195 1.10421 1.28684 
1114 0.0734266	1.61426 1.10191 0.712254 0.893545 1.04203 0.852742 0.901442 0.563747 1.0068 1.15027 
1115 0.20534	0.786204 0.902475 0.78477 0.638521 0.929989 0.625064 0.78848 0.413927 1.09889 0.989937 
1116 0.109027	1.15444 0.950109 0.824924 0.75198 0.77839 0.615011 0.947446 0.404338 1.43247 1.23841 
1117 0.114749	1.86795 1.05078 0.985042 0.860589 0.977855 0.662287 1.12392 0.515152 1.32675 0.874509 
1120 0.101401	1.08325 0.921733 1.06608 0.857866 1.05013 0.858881 1.08995 0.817344 1.16978 1.21639 
1121 0.0929972	0.400336 0.87094 0.81436 0.913465 1.10884 1.05506 0.871985 0.932502 0.778018 0.944379 
1122 0.0588235	0.909597 1.04809 0.869452 1.16234 1.17416 1.17506 1.07234 1.30542 0.824423 1.00165 
1123 0.0579832	1.44891 1.29349 1.46184 1.01585 0.93503 1.05428 1.21828 1.54183 0.976031 1.09129 
1124 0.0714286	0.609318 1.09726 1.21897 1.20391 1.07211 1.59364 1.21781 1.43425 0.932513 1.5087 
1125 0.235014	1.05848 1.3236 1.13786 1.15883 1.04919 1.2131 1.17647 1.57941 0.887617 0.927439 
1126 0.116527	2.21191 1.40345 1.13021 0.965012 1.05497 0.663522 1.24418 0.834282 1.28483 0.922848 
1127 0.265826	0.940708 0.918626 0.958531 0.952349 0.961754 0.786719 1.06988 0.897041 1.05198 1.05549 
1130 0.150062	0.643787 0.862753 0.994848 0.884303 0.985612 1.22328 0.817518 0.897805 0.826625 0.958335 
1131 0.0904821	0.90106 0.785411 1.22359 0.934576 1.06593 1.30177 1.05383 1.00715 1.07933 1.17183 
1132 0.158962	1.56531 0.950768 1.06676 0.740138 0.939823 0.87298 1.12103 0.521904 1.36205 1.04852 
1133 0.197281	1.30601 1.02382 1.01976 0.923606 1.02118 0.873189 0.931556 0.814173 1.03141 0.90269 
1134 0.11199	0.632719 0.829117 0.785059 0.965662 1.07223 0.980053 0.90731 0.885345 0.996947 1.06411 
1135 0.0986403	1.7391 1.12053 1.50785 1.22661 1.21815 1.55155 1.19417 1.35123 0.979144 1.31688 
1136 0.0754017	0.98105 1.16388 1.16262 1.26983 1.36173 1.51221 1.11487 1.46263 0.924193 1.0356 
1137 0.117182	0.533715 0.921207 1.205 1.30585 1.2668 1.64026 0.917829 1.52991 0.711547 1.12662 
1140 0.14397	1.10965 0.91637 0.833052 0.814446 0.974495 0.679727 0.962626 0.624731 1.14369 1.01877 
1141 0.148718	0.890224 0.905985 0.733277 0.894007 0.925483 0.755311 0.79622 0.671125 0.961682 0.790414 
1142 0.14264	0.622023 1.08709 0.867197 1.13808 1.07694 1.03062 0.843372 1.23576 0.815238 0.77205 
1143 0.19867	1.22006 1.21728 1.0314 1.2861 1.17876 1.06525 1.23085 1.11778 0.966686 1.02 
1144 0.0507123	1.38444 1.20655 1.21896 1.65303 1.37027 1.70102 1.3407 1.8748 0.886533 1.33591 
1145 0.0843305	1.38927 1.02515 1.24512 1.0665 0.944922 1.19508 1.02646 0.991092 1.02547 1.08741 
1146 0.0495726	0.748163 0.91327 1.26473 1.50494 1.19438 1.51255 1.00689 1.9797 0.703354 0.850598 
1147 0.181387	2.18778 1.12958 0.928474 0.871628 0.984959 0.659085 1.1364 0.593472 1.37128 0.854622 
1150 0.157602	1.26701 1.09889 0.992614 0.933984 1.00478 1.02776 1.00856 1.13717 0.926315 0.78837 
1151 0.158887	1.04187 0.956653 1.10971 1.1794 1.1636 1.26213 1.06342 1.7105 0.931699 1.2083 
1152 0.15803	0.633263 0.844358 1.02797 1.0988 1.19954 1.25205 0.975119 1.22227 0.908957 0.948738 
1153 0.0513919	0.849411 1.11612 1.16076 1.62515 1.38728 1.91378 1.1588 2.69554 0.660652 1.21153 
1154 0.146895	0.822707 0.969428 0.742753 0.729719 0.840728 0.85107 0.811537 0.792397 0.971384 0.851236 
1155 0.109208	0.810188 0.937785 0.869761 0.944163 0.970114 0.833148 0.951455 0.982533 0.843951 0.713019 
1156 0.106638	2.23342 1.34009 1.08033 0.869877 0.82379 0.682761 1.09507 0.909291 1.2686 0.785715 
1157 0.111349	1.46457 0.977816 1.23147 0.872941 0.909042 1.196 1.29843 1.30028 1.27011 1.21406 
1160 0.120571	0.871514 0.980787 1.02781 0.951518 0.822337 1.09445 0.97975 0.912588 0.940634 0.86521 
1161 0.0768571	0.692274 0.979873 1.34107 1.7163 1.29856 1.90364 1.07925 2.41533 0.74925 1.37939 
1162 0.253143	0.806967 1.05321 0.863746 0.959164 0.880514 0.871607 0.746419 0.830379 0.878199 0.859631 
1163 0.06	2.26942 1.43965 0.973081 0.825567 0.84114 0.665288 1.16704 0.564448 1.40844 0.781688 
1164 0.0574286	1.50893 1.08458 0.89399 0.682707 0.777332 0.578348 0.922557 0.610851 1.31963 0.795034 
1165 0.185714	1.08695 1.057 0.915075 1.00836 1.05564 1.062 1.04397 1.10651 0.962537 1.04005 
1166 0.153429	1.02728 1.11921 1.27399 1.35745 1.08969 1.14873 1.05894 1.50246 0.962033 1.13722 
1167 0.0928571	2.45791 1.49094 1.15734 1.07388 0.957221 0.884795 1.15307 1.01117 1.06172 0.77411 
1170 0.0666342	1.96753 1.13786 1.34208 1.10971 1.14333 1.08866 1.27558 0.858502 1.21184 1.0851 
1171 0.138507	0.679958 0.889907 1.35559 1.36638 1.16965 1.64104 0.944513 1.63576 0.76691 0.984887 
1172 0.145816	1.26659 1.11708 1.03114 1.13968 0.913382 0.884458 0.931114 0.906167 0.910321 0.835727 
1173 0.145085	0.642772 0.865314 0.989067 1.05886 1.03649 1.1558 1.00106 0.772101 1.03799 1.20602 
1174 0.109879	2.18337 1.20487 0.997267 0.852171 0.993904 0.73387 1.0574 0.44144 1.39058 0.945093 
1175 0.0789378	1.21383 1.22287 1.41873 1.37205 1.04598 1.40263 1.17159 1.25373 0.948462 1.11658 
1176 0.126203	0.956453 1.03547 1.2991 1.18492 1.02099 1.11892 1.0187 1.16825 1.01209 0.902155 
1177 0.188939	0.743449 0.808055 0.788779 0.888618 0.973674 0.79184 0.790026 0.649264 1.00254 0.857369 
BOUNDS
LWPS R    0.0  0.0  0.0  0.0  0.0  0.0  0.0  0.0  0.0  0.0
UWPS R    0.5  0.5  0.5  0.5  0.5  0.5  0.5  0.5  0.5  0.5
LXAS R   -0.5 -0.5 -0.5 -0.5 -0.5 -0.5 -0.5 -0.5 -0.5 -0.5
UXAS R    0.5  0.5  0.5  0.5  0.5  0.5  0.5  0.5  0.5  0.5
END
