NAME moment_estimation_cluster
ASSETS 10
BENCHMARKS 0.1 0.1 0.1 0.1 0.1 0.1 0.1 0.1 0.1 0.1 
COVARIANCES
0 0 0.0083494
1 0 0.00771898
1 1 0.0082641
2 0 0.00658922
2 1 0.00695542
2 2 0.00654904
3 0 0.00760374
3 1 0.00645873
3 2 0.00507266
3 3 0.00977654
4 0 -0.00389348
4 1 -0.00352436
4 2 -0.00259642
4 3 -0.00468883
4 4 0.00408584
5 0 0.0031525
5 1 0.00403755
5 2 0.00373907
5 3 0.00211071
5 4 -0.00109469
5 5 0.0029061
6 0 0.000933132
6 1 0.00137239
6 2 0.00178234
6 3 -0.000618027
6 4 0.000927751
6 5 0.0012978
6 6 0.00185541
7 0 0.00355844
7 1 0.0040666
7 2 0.00398694
7 3 0.00180672
7 4 -0.000179465
7 5 0.00257152
7 6 0.00213056
7 7 0.00377869
8 0 0.00703787
8 1 0.00796757
8 2 0.00701727
8 3 0.00579877
8 4 -0.00325587
8 5 0.00447158
8 6 0.00167508
8 7 0.0044335
8 8 0.00864231
9 0 0.00337248
9 1 0.00322549
9 2 0.00302167
9 3 0.00254207
9 4 -0.0008651
9 5 0.00147257
9 6 0.00110675
9 7 0.0021457
9 8 0.00300072
9 9 0.00199345
SCENARIOS
0 0.45637	1.09295 1.07729 1.05985 1.09669 0.952876 1.04355 0.988716 1.02003 1.07475 1.01377 
1 0.54363	0.964148 0.953552 0.969765 0.941639 1.03853 0.977714 1.01433 0.983226 0.94154 0.988738 
00 0.73997	1.04421 1.05477 1.04649 1.05652 0.970953 0.990876 1.03653 1.02979 1.02542 1.02201 
01 0.26003	0.870553 0.890034 0.887587 0.890739 1.06191 0.943648 0.978681 0.962259 0.852638 0.956084 
10 0.286868	0.991693 1.03231 1.02932 0.972745 1.06085 1.02232 1.04567 1.08564 1.08174 1.02814 
11 0.713132	0.963829 1.00598 0.987236 1.02664 0.974508 1.00562 0.954762 0.973472 1.00869 0.989149 
000 0.0393545	0.803722 0.836152 0.876791 0.787224 1.1757 0.945609 0.999635 0.910855 0.83728 0.945063 
001 0.171484	0.894256 0.894728 0.887604 0.92781 0.988805 0.98854 0.906657 0.887843 0.927196 0.945529 
002 0.0456026	1.2655 1.24782 1.19871 1.32702 0.835023 1.12411 0.937169 1.02277 1.3078 1.06508 
003 0.092745	1.00494 1.04144 1.04765 0.871022 1.04689 1.05601 1.03251 1.048 1.09248 1.0207 
004 0.140776	0.952162 0.952408 0.9635 0.908977 1.07516 1.02406 0.991061 0.999689 0.977869 1.01426 
005 0.169944	1.00004 1.00136 0.997592 1.01158 1.04663 1.01535 0.962796 1.0314 0.998573 1.0399 
006 0.194463	1.12773 1.1275 1.12277 1.06361 0.98127 1.10696 0.986486 1.05641 1.16676 1.04962 
007 0.145632	1.13212 1.10539 1.07279 1.16339 0.915896 1.02234 0.936979 0.985993 1.10996 1.03325 
010 0.10466	0.932872 0.93624 0.998697 0.87255 1.16782 1.01564 1.05988 1.0279 0.99162 1.0004 
011 0.12994	1.02669 1.02999 1.05471 0.984394 1.054 1.06865 1.08998 1.04533 1.06791 1.04474 
012 0.221539	1.00376 0.994519 0.992022 1.07414 0.960508 1.00466 0.972262 0.969322 1.02746 0.988251 
013 0.0702789	0.897295 0.845781 0.872702 0.956861 0.971781 0.893523 0.944573 0.861265 0.871553 0.920403 
014 0.0804753	0.998997 0.991813 1.0654 0.866739 1.03254 1.05447 1.10373 1.02691 1.00863 1.02285 
015 0.169293	1.17241 1.09105 1.08119 1.21956 0.92551 0.99787 0.97622 0.993058 1.14821 1.05276 
016 0.119407	1.145 1.15559 1.14226 1.03244 0.960717 1.04162 1.07566 1.08065 1.17254 1.05047 
017 0.104407	0.915602 0.876404 0.923903 0.910335 1.05458 0.957745 1.00628 0.900533 0.91034 0.979641 
100 0.179609	1.06123 1.09374 1.07022 1.02052 1.02606 1.07344 1.02976 1.05019 1.08287 1.02183 
101 0.0710484	0.737248 0.745434 0.805028 0.775721 1.17505 0.925793 1.00237 0.884102 0.774597 0.886499 
102 0.26329	1.22961 1.19893 1.16265 1.19937 0.917408 1.07764 0.984133 1.07766 1.10307 1.0465 
103 0.0725232	0.928963 0.986814 1.01058 0.889187 1.11683 1.11338 1.09364 1.01974 0.968831 0.991216 
104 0.0895159	0.833195 0.864983 0.867442 0.832071 1.09622 0.941253 1.01156 0.931503 0.867398 0.941765 
105 0.116319	0.967203 0.908442 0.944997 1.05314 0.983616 0.982689 0.920932 0.91283 0.904513 0.950714 
106 0.0924014	0.980444 1.03597 1.04897 0.930469 0.957579 1.03539 1.02286 0.995546 1.04344 0.997331 
107 0.115293	0.902673 0.892253 0.883451 0.932728 1.0598 0.940135 0.963656 0.938487 0.882549 0.950847 
110 0.0833161	1.10531 1.11055 1.11234 0.97046 0.980408 1.09511 1.06736 1.14107 1.13688 1.06365 
111 0.111845	0.938642 0.942468 0.957164 0.833899 1.07871 0.978603 1.03409 1.00367 0.977249 0.962703 
112 0.139135	1.00012 0.970762 0.984244 0.940688 1.01409 0.957804 1.02156 1.02889 1.0072 0.988809 
113 0.0652084	0.865818 0.796987 0.814218 0.822155 1.04838 0.833217 0.958626 0.894507 0.790873 0.895275 
114 0.222916	1.23244 1.15893 1.15018 1.1785 0.887332 1.13221 1.06323 1.13999 1.17667 1.07318 
115 0.0856118	0.9455 0.853098 0.875819 0.973855 1.01322 0.862649 0.936597 0.884816 0.856798 0.935791 
116 0.053214	0.849122 0.7971 0.839917 0.794485 1.17162 0.868874 1.03156 0.949436 0.801952 0.947871 
117 0.238754	1.07438 1.0161 1.00812 1.10907 0.979659 0.980152 1.0061 1.04025 0.995277 0.997114 
0000 0.111362	0.939418 0.880917 0.907387 0.964347 0.935193 0.865459 0.890463 0.908237 0.922497 0.910935 
0001 0.0669676	1.14588 1.10694 1.14098 1.04683 1.08248 1.09877 1.15213 1.28205 1.21208 1.06219 
0002 0.0820166	0.891255 0.906284 0.939675 0.899552 1.155 0.991273 1.04106 1.09091 1.02538 0.989821 
0003 0.137698	1.21617 1.09472 1.07035 1.24608 0.928245 0.942574 0.962979 1.07418 1.0617 1.10081 
0004 0.167043	1.0883 1.08365 1.09363 1.0932 0.971787 1.08891 1.0099 1.10059 1.16181 1.04833 
0005 0.187359	0.872153 0.905511 0.935486 0.892923 1.01516 1.03119 0.967244 1.00113 0.988938 0.971921 
0006 0.120391	1.01747 0.980041 1.01949 0.970235 1.04373 1.0269 1.00902 1.01108 0.957446 1.02016 
0007 0.127163	1.03667 1.10525 1.02625 0.96778 0.926076 1.01967 0.955614 1.0556 1.13159 1.06381 
0010 0.242445	0.969017 0.967454 0.964366 0.963023 1.06473 0.983931 1.09363 1.04411 0.919665 0.993725 
0011 0.124676	1.02408 0.970466 0.972137 1.05819 0.98903 0.950645 0.98895 0.933556 0.911595 1.03965 
0012 0.0984286	1.14136 1.03375 1.07821 1.21463 0.918999 0.966516 0.988194 1.01166 0.997216 1.03502 
0013 0.143153	0.844149 0.844477 0.895483 0.86078 1.10275 0.872342 1.00396 0.982056 0.890571 0.943063 
0014 0.0628562	0.935305 0.940083 0.935677 0.836354 1.00828 0.997612 1.07198 0.996071 0.962626 0.957817 
0015 0.0614747	1.06368 1.09666 1.04902 1.15249 0.832008 0.959927 0.953457 0.932224 1.09152 0.986456 
0016 0.143499	1.01956 1.03081 1.00416 0.975545 0.917525 0.992947 0.961095 1.02089 0.958885 0.97788 
0017 0.123467	1.18283 1.12045 1.10358 1.15857 0.972986 0.959466 1.00165 1.06369 1.07934 1.08251 
0020 0.122727	0.830228 0.833807 0.852552 0.842579 0.994005 0.946485 0.961131 0.956921 0.84032 0.954578 
0021 0.0480519	1.00311 1.03708 1.05018 0.854032 1.07347 1.10215 1.15722 1.14296 1.00254 1.05628 
0022 0.172078	0.931176 0.869597 0.841205 0.995813 0.958739 0.901865 0.961653 0.895998 0.816391 0.955208 
0023 0.161039	1.16198 1.18645 1.15751 1.10817 0.949843 1.07338 1.02578 1.13277 1.17122 1.12462 
0024 0.204545	1.02636 0.998059 1.03177 0.940494 1.0387 0.983766 1.06368 1.0454 0.951001 1.0415 
0025 0.0883117	1.07961 1.0555 0.988296 1.20835 0.979272 0.999882 1.04262 1.05229 0.962436 1.03381 
0026 0.127273	1.04212 1.01486 0.970614 1.09951 0.917412 0.910572 0.924713 0.963753 0.918025 0.979237 
0027 0.075974	0.867937 0.848509 0.869216 0.896507 1.12443 0.940734 1.05914 0.956333 0.787982 0.962619 
0030 0.178799	1.02359 1.0271 1.07521 1.05893 1.04062 1.0691 1.11482 1.09397 1.04414 1.07789 
0031 0.154534	0.860616 0.904687 0.93328 0.825094 1.11057 0.935136 1.00371 0.973147 0.888856 0.949365 
0032 0.0791826	0.985129 1.09827 1.12705 0.945592 1.02046 1.1093 1.11388 1.1401 1.13091 1.0213 
0033 0.0510856	0.860472 0.896127 0.877589 0.936882 0.941158 0.907675 0.946996 0.9304 0.892651 0.893042 
0034 0.0980204	1.09425 1.169 1.07529 1.09444 0.901684 1.09524 1.04553 1.07598 1.11769 1.06471 
0035 0.102171	1.14827 1.10447 1.07931 1.20575 0.865385 1.03432 1.00373 1.00916 1.04914 1.03742 
0036 0.254789	0.953363 0.962654 0.970615 0.971494 0.984253 1.04284 0.985719 1.002 0.983952 0.945424 
0037 0.0814176	0.961753 1.04324 1.07103 1.01865 0.937505 1.08091 1.03771 1.07185 1.05038 0.982485 
0040 0.083719	1.18131 1.17404 1.18739 1.22728 0.883482 1.14391 1.08469 1.10903 1.20373 1.07582 
0041 0.0921329	1.00609 1.00158 0.99167 1.04556 0.901186 0.93959 0.971733 0.958722 1.02725 0.956802 
0042 0.0694152	0.863254 0.869661 0.933732 0.806523 1.09411 0.936842 1.04261 1.00055 0.903041 0.93561 
0043 0.155027	1.12282 1.10021 1.07633 1.05206 0.993393 1.06721 1.06304 1.07967 1.08247 1.01374 
0044 0.100757	1.0317 1.05158 1.07528 0.936989 1.09348 1.05094 1.06892 1.10032 1.09681 1.00413 
0045 0.108751	1.10925 1.07692 1.05176 1.11741 0.905839 1.01981 0.994764 0.999152 1.07496 0.991037 
0046 0.075305	0.952036 0.958472 0.919958 1.02456 1.02072 0.958144 0.969976 0.985581 0.93196 0.971462 
0047 0.314893	0.944139 0.924813 0.931206 0.938078 1.01569 0.968522 0.996259 0.9764 0.892593 0.973101 
0050 0.16989	1.07582 1.07663 1.09431 1.00434 1.06031 1.02964 1.06638 1.07656 1.08625 1.01389 
0051 0.191845	0.966822 0.925805 0.913232 1.02903 0.983359 0.958736 0.947388 0.919847 0.939649 0.948696 
0052 0.171807	0.932074 0.916313 0.942724 0.884326 1.0654 0.940439 1.05203 0.997428 0.94103 0.966703 
0053 0.0648197	1.08095 0.986975 0.941075 1.20278 0.901135 0.937131 0.909504 0.903516 0.983298 1.00156 
0054 0.0581983	1.01618 0.998768 1.00979 1.01814 0.928907 0.974841 1.01465 0.970286 0.998076 0.992614 
0055 0.0566301	1.1127 1.22177 1.19863 1.06295 0.917156 1.15004 1.07908 1.03725 1.22541 1.0499 
0056 0.218679	1.05001 1.03711 1.0621 1.07084 0.992619 1.00084 1.07593 1.03661 1.04033 1.03404 
0057 0.0681303	0.972438 0.852343 0.908992 0.882372 1.19302 0.883406 1.04689 0.998331 0.845622 0.953144 
0060 0.189737	1.0121 1.0254 0.99754 0.997234 0.960254 0.982749 0.99567 1.02765 1.01281 1.048 
0061 0.0808588	1.27208 1.20157 1.15408 1.23908 0.955769 1.00795 1.04597 1.13627 1.12328 1.13998 
0062 0.114207	1.09586 1.21397 1.17518 1.06854 0.975545 1.13742 1.08767 1.17189 1.18534 1.09897 
0063 0.218517	0.94844 0.895805 0.920313 0.991648 1.05975 0.856002 1.02548 1.01099 0.861563 1.01674 
0064 0.113903	0.878301 0.917625 0.914766 0.828747 1.05312 0.941928 1.05499 0.99734 0.86554 0.940889 
0065 0.0820771	1.00525 1.05652 1.04387 0.928346 1.06987 1.03277 1.12513 1.14721 1.00324 1.09498 
0066 0.10568	1.0714 0.985088 0.978992 1.14385 0.938609 0.966766 0.951115 0.922986 0.932878 1.00434 
0067 0.0950206	0.949964 0.973268 0.986437 0.959594 0.911555 0.973111 0.987325 0.941623 0.960902 0.974483 
0070 0.0471736	0.966091 1.07746 1.07009 0.904154 0.908861 1.12022 1.04761 1.02106 1.093 0.935026 
0071 0.0648638	0.795658 0.781867 0.812006 0.840805 1.08366 0.894822 0.974867 0.909076 0.811848 0.906941 
0072 0.172224	0.980552 0.957951 0.9971 1.0388 1.00022 0.988298 0.994804 0.935322 0.956759 1.02224 
0073 0.0587637	1.19115 1.21029 1.1835 1.27452 0.905287 1.1088 1.02308 1.12789 1.15303 1.09366 
0074 0.0925173	0.891513 0.930313 0.938693 0.921863 1.07438 1.01172 1.04129 1.01827 0.944918 0.961636 
0075 0.229565	0.927746 0.898799 0.926024 0.963107 0.941605 0.973624 0.963505 0.93921 0.877579 0.954581 
0076 0.234242	1.10338 1.12656 1.08954 1.10446 0.976091 1.10151 0.995225 1.10475 1.12858 1.07345 
0077 0.100651	1.07872 1.10194 1.05951 0.998293 0.977563 1.09475 1.06532 1.0618 1.09854 1.04923 
0100 0.173913	1.00445 1.0123 0.971712 1.11921 0.960091 0.941952 0.931908 0.954376 0.969656 0.98491 
0101 0.164251	1.19051 1.20937 1.18507 1.13997 0.988328 1.04031 1.09567 1.14155 1.12501 1.12441 
0102 0.0378422	1.06185 0.983894 1.03722 0.980185 1.12659 0.942999 1.10091 1.11313 0.920001 1.03705 
0103 0.165056	1.05887 1.02077 0.989281 0.983879 1.01568 0.960719 1.06811 1.02446 0.986014 1.04387 
0104 0.122383	0.891903 0.867454 0.864836 0.873452 0.990497 0.909998 0.945217 0.853433 0.829706 0.911884 
0105 0.119968	0.887508 0.866011 0.868244 0.814169 1.11512 0.90111 1.00305 0.886304 0.83479 0.987898 
0106 0.149758	1.08155 1.14589 1.11283 1.07307 0.91953 1.0656 1.0634 1.10392 1.10001 1.04899 
0107 0.0668277	1.06416 1.04076 0.995253 0.97602 0.940633 0.995943 0.980187 1.02503 1.01917 1.02346 
0110 0.120623	0.900096 0.8845 0.898355 0.987345 0.99561 0.913726 0.895298 0.87918 0.846017 0.944025 
0111 0.238003	1.03378 1.00987 1.00281 1.09102 0.947964 0.960239 0.988717 0.994779 1.00363 1.01684 
0112 0.0979248	1.117 1.11016 1.0978 1.1966 0.922908 1.01386 1.00192 1.05286 1.11836 1.06605 
0113 0.11284	1.05803 1.03227 1.04999 0.936568 1.06685 0.952537 1.0284 1.16567 1.04641 1.05189 
0114 0.123865	1.16186 1.13126 1.11283 1.04558 0.964634 1.03555 1.02549 1.08942 1.188 1.058 
0115 0.171855	1.02828 0.984632 0.999296 1.00771 1.05795 0.921498 0.948721 1.03478 1.02856 0.977241 
0116 0.0577173	0.920121 0.955759 0.934981 0.899394 0.932825 0.931672 0.93578 0.924156 0.917075 0.921502 
0117 0.0771725	0.819202 0.837687 0.879084 0.834856 1.04973 0.916932 1.00894 0.892002 0.85765 0.91571 
0120 0.0985165	1.25603 1.19961 1.15037 1.19198 0.951102 1.03632 1.0195 1.03886 1.13394 1.10498 
0121 0.184861	1.00501 0.960719 0.949305 1.03101 1.07332 0.953983 1.04686 0.971967 0.891885 1.00345 
0122 0.0680867	1.02136 1.06365 1.08162 0.940844 0.947495 0.984159 0.96944 0.995447 1.07459 0.976243 
0123 0.0855839	1.10254 1.09759 1.10239 0.999517 0.93574 1.06241 1.08369 1.02381 1.05444 1.04438 
0124 0.140358	1.1915 1.14262 1.11899 1.0564 1.00713 1.00169 1.11027 1.1125 1.1282 1.07845 
0125 0.103081	1.06267 1.00491 0.978247 1.12859 0.937956 0.963756 0.916319 0.891934 1.01244 1.00288 
0126 0.136173	0.953906 0.922336 0.937284 0.928919 0.977274 0.884735 0.977208 0.925524 0.916907 0.937977 
0127 0.18334	0.99127 0.961814 1.01796 0.879728 1.07778 0.968769 1.06997 0.99804 0.922778 1.0092 
0130 0.118705	0.938561 1.02424 0.977322 0.914011 0.941382 0.99852 0.980597 0.974367 1.02705 0.947348 
0131 0.151079	1.10273 1.1533 1.11992 1.21457 0.937364 1.11357 0.997751 1.05616 1.23581 1.06853 
0132 0.142686	0.982266 0.974963 0.993161 1.05569 1.05943 0.958282 0.951773 0.973552 0.959474 1.01778 
0133 0.165468	0.956825 1.02325 1.00542 0.900198 1.09269 1.0499 1.04833 1.10264 1.10452 0.993046 
0134 0.0995204	0.806262 0.819824 0.882172 0.839461 1.09253 1.02529 0.985305 0.944365 0.884108 0.969862 
0135 0.139089	0.996773 1.07269 1.07316 0.998135 1.01749 1.08577 1.05482 1.07888 1.10469 1.0554 
0136 0.0659472	1.02936 1.08353 1.08053 1.06586 0.960371 1.08184 0.984068 1.04796 1.11215 1.04107 
0137 0.117506	1.0468 1.05417 0.970856 1.0486 0.93368 0.99922 0.950925 0.976972 1.05796 0.976599 
0140 0.0575916	0.910453 0.895168 0.879685 0.849936 1.14726 0.914702 1.01563 1.01459 0.948202 0.985466 
0141 0.0837696	0.871107 0.893078 0.848821 0.865156 1.04675 0.915478 0.938053 0.976135 0.923225 0.980313 
0142 0.227225	0.963534 0.987245 1.01496 0.965991 1.05212 0.94695 0.983774 0.996371 1.05431 0.975629 
0143 0.110995	0.959547 1.03777 1.09677 1.04176 1.01065 1.03621 1.00971 1.06137 1.13288 1.03561 
0144 0.104712	1.06829 1.09679 1.0276 1.19346 0.908599 0.992508 0.931972 1.01732 1.17867 0.996795 
0145 0.0649215	0.815939 0.873168 0.858425 0.962286 0.971945 0.911628 0.935259 0.88683 0.954684 0.917231 
0146 0.233508	0.99355 1.01562 0.933067 1.0401 0.919733 0.99945 0.934004 0.921705 1.06821 0.952289 
0147 0.117277	1.15161 1.17913 1.09344 1.12422 0.972898 1.07741 0.997086 1.09631 1.1694 1.10658 
0150 0.0557491	0.970794 0.98663 0.918043 1.08928 0.829969 1.03507 0.928417 0.90305 0.958626 0.930084 
0151 0.0716775	1.08538 1.11866 1.08277 1.15871 1.00719 0.981265 0.967505 1.00859 1.04028 1.05277 
0152 0.0716775	1.17105 1.10151 1.0394 1.25816 0.886108 0.944504 0.969693 1.02702 1.03926 1.05639 
0153 0.0955699	0.922824 0.903283 0.936716 0.996963 1.04047 0.957066 1.00115 0.936568 0.933359 0.957917 
0154 0.221503	0.87386 0.899666 0.96138 0.882713 1.06817 0.95671 1.02248 1.04146 0.920315 0.987365 
0155 0.0761573	0.794762 0.860015 0.789774 0.929649 0.981303 0.89348 0.908316 0.83706 0.853091 0.91411 
0156 0.176705	1.06039 1.1271 1.0779 0.987619 1.04831 1.04891 1.12141 1.13358 1.09739 1.03027 
0157 0.230961	0.984218 1.04773 1.045 1.02328 0.908223 1.0688 1.0036 1.01453 1.10729 1.00533 
0160 0.0515173	0.931938 0.926056 0.958881 0.878255 0.951553 0.958157 0.969694 0.953703 0.958103 0.962795 
0161 0.102329	0.940249 1.05442 1.07434 0.932338 1.02882 1.15192 1.08206 1.10904 1.09374 1.03006 
0162 0.129852	0.960384 0.992553 1.05384 1.03916 1.08987 1.07506 1.02026 1.05877 1.07937 1.03076 
0163 0.0557516	0.906746 0.860746 0.903188 0.825652 1.02545 0.917417 0.957857 0.89926 0.947484 0.99392 
0164 0.117855	0.82787 0.870509 0.932579 0.894121 1.14024 1.03367 1.04322 1.00143 0.916126 0.994606 
0165 0.242766	1.10898 1.10101 1.13534 1.07876 0.926058 1.09949 0.968765 0.995407 1.17661 1.04107 
0166 0.219478	0.916247 0.934715 0.936853 1.01331 0.96846 1.00339 0.947265 0.927623 0.991417 0.997787 
0167 0.0804517	1.20681 1.19168 1.18713 1.12077 0.989982 1.10407 1.05636 1.13976 1.20163 1.16328 
0170 0.0928168	1.20608 1.16183 1.05787 1.2283 0.924473 0.932845 0.956349 1.00796 1.09464 1.05997 
0171 0.189669	0.90078 0.963624 0.953933 0.96137 0.978475 0.948073 0.994168 0.98165 0.955965 0.974789 
0172 0.190476	1.00637 1.10274 1.05457 0.954775 1.0116 1.0681 1.02103 1.04582 1.14637 1.01372 
0173 0.0500404	1.02209 1.07241 1.0141 1.06551 0.900356 0.994426 0.937918 1.02241 1.12534 0.983918 
0174 0.119451	0.848338 0.87305 0.907148 0.890734 1.11987 0.947255 1.01775 0.987091 0.922742 0.912457 
0175 0.112994	0.991729 0.996196 0.970023 1.09133 1.01107 0.937491 0.945854 0.956891 0.974591 0.998835 
0176 0.126715	0.87121 0.908233 0.907232 0.852597 1.06428 0.983271 1.00857 0.978337 0.932617 0.960509 
0177 0.117837	1.08949 1.08758 1.0715 1.1093 0.97515 0.99949 1.04776 1.09951 1.07727 1.04869 
1000 0.273117	1.0034 0.976516 1.01235 0.953949 1.01053 0.97698 1.01832 1.03428 0.970455 0.986922 
1001 0.146733	0.99447 0.953776 1.00654 1.12921 0.985691 0.956855 0.9567 0.956991 0.922746 0.979171 
1002 0.107105	1.20073 1.12488 1.16647 1.14811 0.986909 1.09928 1.09277 1.12308 1.09118 1.11965 
1003 0.115673	1.11154 1.06536 1.08028 1.11705 0.890901 1.0329 1.0188 1.05687 1.02447 1.00495 
1004 0.131739	0.899928 0.891349 0.909082 0.874371 1.04728 0.934684 0.989598 0.993828 0.908033 1.0015 
1005 0.0624777	0.860571 0.818213 0.859851 0.873183 1.11647 0.914856 1.0184 0.986536 0.79397 0.965659 
1006 0.107105	1.10006 1.09115 1.11918 1.0354 0.968538 1.07531 1.05894 1.05454 1.02293 1.04448 
1007 0.0560514	0.89618 0.862213 0.933014 0.904558 0.967984 0.945079 0.955988 0.953227 0.882499 0.927825 
1010 0.129061	1.10397 1.02385 0.988353 1.19312 0.95352 1.01932 0.968398 0.924752 0.95541 1.00695 
1011 0.104693	0.86884 0.856701 0.867569 0.898267 1.05257 0.859198 0.972139 0.925681 0.809671 0.930094 
1012 0.116426	1.02367 0.998329 1.01229 0.903382 0.985471 0.977627 0.971324 1.01009 0.958722 1.01234 
1013 0.155235	1.02984 1.01311 1.01478 0.907336 1.07045 0.996377 0.951673 1.00282 0.914495 1.00663 
1014 0.190433	1.15837 1.14942 1.11902 1.08706 0.997019 1.11089 1.0792 1.1522 1.14107 1.09194 
1015 0.136282	0.939547 0.97647 0.913128 0.990798 0.963015 0.919773 0.876474 0.908187 0.919553 0.929244 
1016 0.111011	1.10906 1.0484 1.062 1.18454 0.864681 0.987379 0.884544 0.935315 1.03388 1.02712 
1017 0.0568592	0.88898 0.895084 0.961563 0.805786 1.19578 0.953245 1.01301 1.08836 0.882927 0.98045 
1020 0.152947	1.01816 0.982665 0.977855 1.10128 0.986899 0.936906 1.01098 0.918445 0.939369 1.02473 
1021 0.0601559	1.05469 1.11306 1.09176 1.10311 0.883384 1.10976 1.03586 0.989659 1.13898 0.992314 
1022 0.0691671	1.08623 1.05261 1.03981 1.2363 0.890401 1.00427 0.962159 0.927862 1.14667 1.0493 
1023 0.141987	0.851035 0.867489 0.92555 0.870038 1.12689 0.979704 1.01809 0.949889 0.987389 0.998531 
1024 0.117146	0.953589 1.02438 0.998632 0.883242 1.02192 1.02941 1.09306 1.04266 1.06647 1.03693 
1025 0.0759864	1.20249 1.24391 1.26336 1.21402 0.894284 1.14483 1.07273 1.10813 1.39011 1.145 
1026 0.214808	0.884382 0.874337 0.893475 0.981844 1.01553 0.941742 0.993965 0.902242 0.921083 0.994813 
1027 0.167803	1.02733 1.04955 1.10437 0.96203 0.971445 1.04305 1.14258 1.08143 1.15567 1.07289 
1030 0.186561	1.07794 0.972326 1.02614 1.15891 0.964326 0.934659 0.93716 1.00371 1.00535 1.03495 
1031 0.0618921	1.08085 1.10633 1.13563 0.986206 1.05024 0.993793 1.03897 1.12481 1.19533 1.05427 
1032 0.145889	0.980943 0.982941 0.984509 1.00186 0.929379 0.961788 0.96914 1.03815 1.0038 0.937318 
1033 0.0698497	1.18734 1.15246 1.16166 1.16029 0.886734 0.966899 0.985292 1.09147 1.1826 1.05843 
1034 0.0999116	0.930207 0.888115 0.897149 0.997196 1.05435 0.810217 0.928749 0.953308 0.875061 0.934717 
1035 0.151194	0.89766 0.940795 0.946868 0.874966 1.09058 0.964451 1.01352 1.04101 1.02489 1.00634 
1036 0.109637	0.954002 0.878246 0.901986 0.848651 1.03075 0.895101 0.958033 0.933538 0.912935 0.965718 
1037 0.175066	1.12807 1.09517 1.0964 1.03242 0.957559 0.994506 0.982841 1.10049 1.12896 1.03637 
1040 0.153295	1.07312 1.01296 1.02915 1.15928 0.926652 1.03102 0.897855 0.977901 0.958273 0.976998 
1041 0.0659026	1.026 1.06298 1.13804 0.891941 1.02324 1.10022 1.05995 1.00806 0.983177 0.993844 
1042 0.0838109	1.03895 1.01915 1.00501 0.929018 0.96046 1.01903 0.974395 1.02821 0.970327 0.931646 
1043 0.141834	0.935469 0.910416 0.911665 0.895985 1.0411 0.919515 0.940253 0.858662 0.84689 0.960874 
1044 0.116762	1.00105 0.927335 0.98714 0.9492 1.13888 0.973263 0.984547 1.05743 0.88667 1.00144 
1045 0.117479	1.1011 1.0544 1.0665 1.11564 1.02969 1.03924 1.01413 1.07934 1.00019 1.04967 
1046 0.0995702	1.08804 1.10594 1.07123 1.02025 0.983538 1.07315 0.933525 1.02246 1.08466 1.00039 
1047 0.221347	1.01998 0.961731 1.01862 1.00601 0.967533 1.01887 0.97234 1.0125 1.00635 0.995253 
1050 0.168688	0.869341 0.924076 0.852134 0.920448 1.02087 0.96773 0.989435 0.896825 0.859578 0.897707 
1051 0.0446527	1.04985 1.14869 1.09803 1.09221 1.03431 1.1476 1.09548 1.10244 1.09412 1.08526 
1052 0.185226	1.16109 1.11593 1.12114 1.16394 0.937855 1.0031 1.05438 1.06991 1.14047 1.07978 
1053 0.196251	0.977788 1.05722 1.00108 0.944502 1.00077 0.999071 1.01597 1.06178 1.06815 0.993381 
1054 0.20011	0.969887 0.96437 0.930593 0.960569 1.06851 0.921139 1.0999 1.00083 0.916206 1.00673 
1055 0.0711136	1.13301 1.1473 1.05562 1.0742 0.88188 1.02991 0.997947 1.00341 1.07859 1.03954 
1056 0.0711136	0.89282 0.974998 1.01622 0.826768 1.10053 1.01512 1.10747 1.02163 0.977872 1.00225 
1057 0.0628445	1.04301 0.993958 0.936512 1.09752 1.01531 0.846462 0.976654 0.935592 0.96118 1.0074 
1060 0.0534351	1.0286 1.08838 1.10664 0.926146 1.01457 1.09923 1.03111 1.09307 1.14321 0.987332 
1061 0.0534351	0.875991 0.94957 0.887888 0.910542 0.988502 1.01802 0.913715 0.91573 0.93892 0.88581 
1062 0.102012	1.00464 1.01922 1.00085 0.98257 1.04054 1.02175 1.01157 1.0573 1.05682 1.0043 
1063 0.22068	1.08775 1.03263 1.0582 1.11964 0.930715 0.985168 0.9489 0.996171 1.03057 1.01265 
1064 0.149202	1.07441 0.987154 0.995334 1.03814 1.00075 1.0327 1.01775 1.02155 0.998728 1.02168 
1065 0.10687	1.2347 1.17264 1.13311 1.20903 0.87683 1.09591 1.00587 1.08265 1.16234 1.03882 
1066 0.1839	1.00139 0.925418 0.932279 0.965217 0.98181 0.979822 0.931537 0.976183 0.905905 0.982315 
1067 0.130465	0.924732 0.908494 0.932671 0.861482 1.10991 0.981282 0.975773 0.927645 0.90932 0.950418 
1070 0.0795328	0.984671 0.992714 1.05471 0.972828 1.09843 1.03873 1.01962 0.981356 0.955314 1.04076 
1071 0.0522803	0.958573 0.946581 0.905333 1.02381 0.920214 0.980922 0.891904 0.853512 0.926989 0.94946 
1072 0.0850945	0.904246 0.926684 0.929438 0.828886 0.995866 0.995704 0.975041 0.948862 0.864701 0.95335 
1073 0.207453	1.06085 1.09077 1.10335 1.07614 0.917509 1.0233 1.01786 1.02808 1.06242 1.00773 
1074 0.14683	0.966652 0.995901 1.01782 0.949327 1.01876 1.08842 1.0342 1.02353 1.01829 0.999099 
1075 0.151279	1.07705 1.04816 1.06879 1.10829 0.962321 0.950581 0.986097 0.970872 0.952745 1.06358 
1076 0.18743	1.08421 1.1095 1.12748 1.0342 0.963399 1.07924 1.04526 1.04719 1.11491 1.05353 
1077 0.0901001	0.901671 0.920697 0.914618 0.912995 1.07862 0.929595 0.973883 0.909266 0.851893 0.943827 
1100 0.140557	1.01968 1.0273 1.01254 0.997553 1.07765 1.00073 1.02027 0.975335 0.994523 0.997585 
1101 0.0637771	1.08561 1.06465 1.0572 1.11908 1.02853 0.953907 1.02863 1.01863 1.07732 1.02054 
1102 0.211455	1.01171 1.02955 0.998343 1.11061 0.92388 0.981899 0.977512 0.930578 1.01563 0.993699 
1103 0.15418	1.06011 1.04518 1.06138 0.98916 0.958125 0.984244 1.06959 0.966714 1.04419 0.998799 
1104 0.21517	0.901668 0.889452 0.899061 0.911989 1.02745 0.879222 1.01235 0.901112 0.936325 0.929581 
1105 0.0510836	1.19521 1.2426 1.2608 1.18652 0.928834 1.15227 1.08654 1.15219 1.20765 1.08241 
1106 0.0891641	0.960427 0.982225 1.04631 0.861616 1.05004 1.03125 1.0602 0.990061 1.02947 0.993767 
1107 0.074613	1.08142 1.13143 1.08293 1.08696 0.939691 0.990384 0.972819 0.968105 1.15554 1.00262 
1110 0.0698801	1.02322 0.966066 0.986228 1.06242 1.09405 0.979973 1.08234 1.05854 0.935699 1.04789 
1111 0.250692	0.935799 0.890433 0.900406 0.926387 1.03709 0.918423 1.0258 0.900502 0.831025 0.971575 
1112 0.0634225	1.06346 1.0127 1.04545 1.10688 0.959831 1.03403 1.01281 1.03846 0.975106 1.06612 
1113 0.108625	1.00106 1.01284 1.03437 1.00399 0.964869 1.07001 1.00996 1.0056 0.988998 1.00451 
1114 0.0984779	1.12139 1.13404 1.1011 1.02921 1.0143 1.07436 1.08734 1.12111 1.12729 1.08423 
1115 0.12869	1.11711 1.18084 1.16275 1.11631 0.917741 1.11915 1.00051 1.10011 1.21003 1.06804 
1116 0.172279	0.994176 0.981292 1.03867 0.941111 1.06676 1.03523 1.02071 1.05996 1.05064 1.02941 
1117 0.107934	1.06094 1.0141 1.02408 1.17543 0.943895 1.06949 0.963936 0.989432 1.0062 1.03546 
1120 0.114757	0.970245 0.958738 0.956006 0.986908 0.929856 1.01401 0.944354 0.897252 0.950868 0.932954 
1121 0.150538	1.05893 1.08318 1.03665 1.02234 1.02963 1.05955 1.04694 1.06078 1.04781 1.04964 
1122 0.0925102	0.920004 0.87617 0.867956 0.873896 1.10894 0.951083 1.03358 0.974466 0.845037 0.939321 
1123 0.148128	0.948931 0.969313 0.950557 1.0595 1.01884 0.995071 0.973364 0.953172 0.952488 0.99623 
1124 0.0747126	1.06156 1.09899 1.05662 1.02942 0.911688 1.03207 0.987946 1.00191 1.07984 0.994023 
1125 0.208936	0.948504 0.969423 0.982097 0.89652 1.03571 1.04812 1.02919 1.02067 1.03758 0.972403 
1126 0.102336	1.12769 1.08626 1.07252 1.16368 0.94421 1.03978 1.03582 1.03499 1.05842 1.04417 
1127 0.108083	1.16456 1.18933 1.17258 1.06485 0.906013 1.14556 1.03251 1.01625 1.16819 1.07983 
1130 0.113528	0.997041 1.00532 1.01223 1.01711 1.07121 1.01679 1.06209 1.03252 1.0971 1.02737 
1131 0.0981013	1.04547 1.07119 1.15626 0.959885 0.951992 1.16099 1.0185 1.09946 1.19085 1.01717 
1132 0.0522152	0.804218 0.844823 0.860854 0.841964 1.1233 0.997353 0.94283 0.894482 0.866387 0.919006 
1133 0.206487	0.999655 1.04404 1.06115 1.03917 0.98633 1.13329 1.00707 0.962505 1.06984 1.03967 
1134 0.0605222	0.859049 0.90766 0.946774 0.942293 1.12003 1.09445 1.07421 0.966969 0.974106 1.02391 
1135 0.214794	0.889584 0.932092 0.931622 0.942672 1.00578 1.06769 0.989425 1.00768 0.939009 0.953199 
1136 0.161788	1.06249 1.06447 1.0121 1.1762 0.969409 1.05561 0.986867 1.02012 0.996998 1.04991 
1137 0.0925633	1.17946 1.20405 1.18456 1.18844 0.880277 1.13845 0.981661 1.02014 1.18332 1.09621 
1140 0.151122	0.923769 0.977951 0.939454 0.983995 0.981008 0.889472 0.926568 0.892104 0.989855 0.988266 
1141 0.0875955	0.894865 0.946527 0.960084 1.01323 1.07494 0.926484 0.981672 0.9545 0.960503 1.00022 
1142 0.066767	1.13774 1.12421 1.14844 1.11837 1.04062 0.99981 1.0096 1.04097 1.11484 1.05184 
1143 0.128095	1.05883 1.15011 1.13825 1.00473 0.982089 1.07925 0.981232 0.997744 1.13509 1.01882 
1144 0.159917	0.998704 1.02221 0.958621 1.12498 0.922666 0.927757 0.955093 0.922963 1.03922 0.988945 
1145 0.111895	1.25874 1.1799 1.15544 1.24102 0.912407 1.01212 0.994983 0.989036 1.1622 1.05755 
1146 0.139435	0.893863 0.890341 0.885285 0.842128 1.03726 0.879874 0.936364 0.861672 0.857065 0.937382 
1147 0.155172	0.931777 1.00669 1.03663 0.881531 1.10024 0.976018 1.00659 0.942123 0.97446 0.982098 
1150 0.247364	0.999731 1.00706 0.989654 1.05314 0.960083 1.05455 0.948062 1.01781 1.04537 0.960237 
1151 0.0828563	1.09829 1.12538 1.09653 1.19737 0.879248 1.05131 0.940132 1.04331 1.13976 1.03667 
1152 0.0527267	0.836088 0.927283 0.917262 0.827424 1.02536 1.04014 0.987822 0.906116 0.900096 0.933236 
1153 0.077433	1.12535 1.18956 1.17352 1.10202 0.932461 1.15193 1.05243 1.14595 1.216 1.04413 
1154 0.0623682	0.990364 1.05458 0.988424 1.06757 0.855678 0.951759 0.920698 0.970384 0.993774 0.964212 
1155 0.111479	0.929124 1.01437 0.967556 0.922437 0.999946 1.06714 0.966663 1.00418 1.04153 0.949334 
1156 0.186803	0.855246 0.892031 0.929213 0.918693 1.10161 0.952272 0.98115 0.956769 0.901529 0.978972 
1157 0.17897	1.02802 1.08199 1.06513 1.03442 1.06985 1.09931 1.10186 1.1339 1.07138 1.00869 
1160 0.0964615	1.00546 1.04938 0.976502 1.10023 0.945137 1.04318 0.993775 1.03523 1.06157 0.983329 
1161 0.14445	0.905435 0.927755 0.915226 0.94539 0.980441 0.966617 0.890232 0.914475 0.859854 0.905478 
1162 0.129423	1.21529 1.21191 1.13817 1.09026 1.00342 1.09662 1.08539 1.10652 1.15985 1.06767 
1163 0.189045	0.975098 0.968444 1.0383 0.984667 1.05533 0.989514 1.00465 0.996544 0.978223 1.00666 
1164 0.101794	0.996558 1.0253 1.03393 0.98701 0.993927 1.04162 1.00825 1.03205 0.98834 0.933251 
1165 0.0857974	1.04287 1.09895 1.0961 0.939373 0.909833 1.06341 1.03179 1.03626 1.14118 0.985931 
1166 0.0751333	1.09373 1.13462 1.03552 1.21778 0.915561 1.02737 0.950025 0.99581 1.14281 1.03135 
1167 0.177896	0.845272 0.913182 0.974237 0.818881 1.11049 1.05054 1.00743 1.00578 0.974447 0.978396 
1170 0.109443	0.90988 0.915938 0.926838 0.856058 1.09794 0.937903 0.976063 0.936444 0.95255 0.992018 
1171 0.0649309	0.953107 0.948777 0.94827 0.887731 1.1576 0.986196 1.04861 1.01973 0.997949 1.02431 
1172 0.133103	1.06973 1.11034 1.06578 1.06277 1.01123 1.08789 1.02295 0.986944 1.1169 1.06409 
1173 0.0706569	1.21752 1.15742 1.12798 1.29364 0.924906 1.08525 0.985447 1.03824 1.1844 1.06642 
1174 0.100583	0.922733 0.899077 0.889852 0.888971 1.00482 0.927526 0.911694 0.870531 0.8975 0.91147 
1175 0.19328	1.01622 0.952877 0.91555 1.0459 0.926569 0.873724 0.921959 0.871756 0.915188 0.968764 
1176 0.230769	1.00873 1.00759 1.05957 0.970631 1.03366 1.07904 1.02493 0.985679 1.03551 1.03217 
1177 0.0972342	1.14773 1.16129 1.11907 1.12862 0.91985 1.10745 0.999247 0.979729 1.15108 1.0589 
BOUNDS
LWPS R    0.0  0.0  0.0  0.0  0.0  0.0  0.0  0.0  0.0  0.0
UWPS R    0.5  0.5  0.5  0.5  0.5  0.5  0.5  0.5  0.5  0.5
LXAS R   -0.5 -0.5 -0.5 -0.5 -0.5 -0.5 -0.5 -0.5 -0.5 -0.5
UXAS R    0.5  0.5  0.5  0.5  0.5  0.5  0.5  0.5  0.5  0.5
END
