ASSETS 10
STAGES 4
COVARIANCE
276.5086338726399
71.15022411348501 23.059895784477487
47.20962038325615 19.99546146635634 88.1519895823111
-20.028961787983814 3.100909736765043 27.992644857196932 36.20315400373665
-15.439341867213987 0.4974557967308485 13.086027747901795 25.025171750698487 23.645800630810935
-53.15480522410851 -6.283600527180769 36.631287535200144 36.5477820533617 26.150363751530687 53.34993945571425
151.8863225612101 44.69108740412726 59.10981479339751 14.010598150813294 13.521450885911563 2.5152558056772345 143.05511884312224
-50.30140739646263 -1.592905253681064 45.143265017853665 49.63817554889114 30.869584352534165 57.240888622005095 2.7565827218059282 82.42995351284928
210.6698941826902 42.22786527687238 8.832393563795272 -49.02593732612856 -29.656822098852967 -74.5568588549828 113.24505916455519 -90.59443559105362 239.5091255383756
-11.336771704671037 -2.5961934523695835 12.904464493424346 12.490760577164075 13.304017634876885 16.275089718924846 16.057168005411338 16.123457955691173 -3.4367489101553543 18.862653213048862
INITIAL
31.91 29.7 67.07 31.4 42.37 32.44 79.25 28.04 96.1 33.99
GROWTH
0.016088247717460695 0.0018814717094724292 -0.00027333753686417813 -0.001691056032899559 -0.0009714252381811249 -0.0022018799111898253 0.0016682209787650393 -0.002787575630159634 0.0036571468006938806 -0.0006609218427697801
BRANCHING
2 2 8 8
END
