NAME moment_estimation_cluster
ASSETS 10
BENCHMARKS 0.1 0.1 0.1 0.1 0.1 0.1 0.1 0.1 0.1 0.1 
COVARIANCES
0 0 0.00841522
1 0 0.00503489
1 1 0.010269
2 0 0.000969465
2 1 0.00535229
2 2 0.00511571
3 0 0.00384321
3 1 0.00232052
3 2 0.00143264
3 3 0.00492306
4 0 0.00431601
4 1 0.00136959
4 2 -0.000578528
4 3 0.00348633
4 4 0.0041234
5 0 0.00179825
5 1 0.0019631
5 2 0.00174945
5 3 0.00194841
5 4 0.00164028
5 5 0.0035514
6 0 -0.000477498
6 1 -0.00259534
6 2 -0.000928145
6 3 0.00131443
6 4 0.000993249
6 5 0.000612866
6 6 0.00196921
7 0 -0.00082777
7 1 -0.00872128
7 2 -0.00506546
7 3 0.00241077
7 4 0.00291276
7 5 0.000527443
7 6 0.00433222
7 7 0.0136123
8 0 -0.000970208
8 1 -0.0016981
8 2 0.000184018
8 3 0.00133031
8 4 0.000678015
8 5 0.00260056
8 6 0.00158116
8 7 0.0038544
8 8 0.0038677
9 0 -5.70542e-05
9 1 -0.00350004
9 2 -0.00189736
9 3 0.00100639
9 4 0.00135577
9 5 0.000966093
9 6 0.00189109
9 7 0.00547584
9 8 0.00209365
9 9 0.00261106
SCENARIOS
0 0.21293	1.12191 1.08549 1.04597 1.09123 1.08179 1.02883 1.00404 1.00207 1.0034 1.01617 
1 0.78707	0.967902 0.967112 0.98357 0.983005 0.991431 0.990242 1.01336 0.99415 0.994147 1.0017 
00 0.664679	0.993857 1.018 0.997733 1.04223 1.0438 0.999016 1.04782 1.06774 0.997724 0.997576 
01 0.335321	0.886885 0.975487 1.00788 0.949038 0.913046 0.95416 0.979136 0.964682 0.988724 0.970728 
10 0.448639	1.08477 1.04123 0.992405 1.07313 1.0625 1.05053 0.978916 1.09981 1.04548 1.04586 
11 0.551361	0.944749 0.99608 1.01328 0.936813 0.949845 1.0271 0.968426 0.94854 1.016 0.984672 
000 0.106832	1.17137 1.01508 0.923142 1.06918 1.10259 1.068 1.02644 1.10203 0.988484 1.05118 
001 0.175934	0.97718 0.850822 0.918823 0.96721 0.985107 1.02521 0.987277 1.04301 1.02422 1.03014 
002 0.255211	0.993839 1.11064 1.09861 1.01721 0.958315 1.06274 0.964176 0.823125 1.00253 0.946426 
003 0.12054	0.928629 0.932071 0.970427 0.857605 0.901424 0.934768 0.941029 0.906928 0.925254 0.967268 
004 0.11305	1.02252 0.821473 0.895965 0.996493 1.04388 1.082 1.03107 1.27963 1.10384 1.1624 
005 0.0693139	1.14777 0.980579 1.01964 1.17762 1.13678 1.13032 1.05563 1.18108 1.08771 1.08362 
006 0.0911468	1.1199 1.02214 0.955857 0.933445 1.00383 0.954185 0.930324 0.858751 0.899085 0.966439 
007 0.0679715	1.2406 1.21793 1.09796 1.10185 1.04862 1.05978 0.933738 0.792209 0.940781 0.932964 
010 0.105182	0.968157 1.04643 1.03259 0.965343 0.99808 1.03679 1.03382 0.885692 0.98878 0.937184 
011 0.20042	0.90942 0.844317 0.870121 0.912273 1.00142 1.01541 1.02273 1.1229 1.09449 1.03746 
012 0.108824	1.17639 1.16335 1.02647 1.08325 1.06175 1.02727 0.961236 0.925503 0.949516 0.958206 
013 0.165966	0.958243 1.10666 1.14837 0.962191 0.925903 1.04518 0.944794 0.761464 0.955477 0.90598 
014 0.0971989	1.02193 0.823984 0.971603 1.12469 1.08428 1.11901 1.08226 1.30424 1.16374 1.13059 
015 0.142997	1.00569 0.891611 0.889105 1.01224 1.07626 1.01605 1.0261 1.11996 1.02222 1.0589 
016 0.0837535	0.968917 0.911485 1.05414 1.08189 0.989182 1.02682 1.09837 1.12257 1.12669 1.05086 
017 0.0956583	1.01391 1.03638 1.09174 1.01103 0.981717 1.19574 1.04153 0.927164 1.12188 0.995469 
100 0.164708	1.0931 1.19494 1.18695 1.0826 1.03928 1.08921 1.00886 0.849662 1.00049 0.963663 
101 0.129846	1.10293 0.979899 0.931431 1.02806 1.10156 1.04687 1.06577 1.05938 1.02022 1.04529 
102 0.0534961	0.934651 1.00573 1.08924 0.888872 0.864148 0.98176 0.962039 0.784381 0.953937 0.909785 
103 0.190281	0.97861 1.0472 1.07293 0.983334 0.961139 0.957328 1.04379 0.936094 0.957074 0.937886 
104 0.122511	0.966075 0.919892 1.02454 1.10666 1.052 1.04366 1.1349 1.19147 1.12994 1.06568 
105 0.0566679	0.991959 0.808452 0.816043 1.0425 1.09256 0.911823 1.0904 1.28533 0.926055 1.06021 
106 0.143241	0.844319 0.765373 0.935231 0.959501 0.959685 0.906434 1.14569 1.2256 1.04333 1.08407 
107 0.139248	0.938184 0.893787 0.939281 0.898967 0.962224 0.913064 0.998575 0.968714 0.91016 0.999779 
110 0.225412	1.01749 0.868772 0.908844 0.993328 1.03494 1.0262 1.07199 1.18039 1.071 1.06859 
111 0.0773343	1.0357 1.05754 1.13355 1.12237 0.992372 1.02967 1.06493 1.08162 1.05917 1.0202 
112 0.096184	1.01187 1.07194 1.09707 1.01397 0.924192 0.889884 0.964917 0.889197 0.889838 0.918649 
113 0.105563	1.124 1.00069 0.954632 1.15974 1.14207 1.01925 1.04793 1.27866 1.02975 1.06874 
114 0.0903539	1.16842 1.12845 0.99874 1.06935 1.07868 0.970028 0.976133 0.929182 0.926364 0.957562 
115 0.08563	1.09679 1.18074 1.11541 1.04393 1.01185 0.993192 1.00869 0.901528 0.962287 0.943491 
116 0.190617	0.987252 0.950847 0.922035 0.931795 0.981762 0.917214 0.967104 1.00695 0.907587 0.977957 
117 0.128906	0.892043 1.01413 1.06948 0.930957 0.882644 0.981676 0.980297 0.875227 1.00507 0.946745 
0000 0.18254	1.07208 1.08471 1.06006 1.10506 1.05489 1.0169 1.00018 1.07637 1.08551 1.00799 
0001 0.112434	1.01498 1.24585 1.17094 1.04666 0.9883 1.03178 0.892369 0.794553 1.06933 0.909357 
0002 0.146164	0.9555 0.912782 0.916969 0.917247 0.971545 0.941799 0.93518 0.937524 1.00575 0.999102 
0003 0.133598	0.902208 1.01693 1.08114 0.911244 0.925405 0.982045 0.924312 0.851244 1.01976 0.991864 
0004 0.125661	1.09501 0.888045 0.886506 0.993176 1.08261 0.988296 0.982428 1.19355 0.987642 1.06902 
0005 0.0701058	0.835625 0.810139 1.02301 1.03631 0.94435 0.999048 1.07988 1.1707 1.17295 1.08132 
0006 0.146164	0.893895 0.931752 1.05995 1.00131 0.979538 1.08039 0.974637 1.0785 1.13357 1.03684 
0007 0.0833333	1.17946 1.08982 1.02738 1.0927 1.14663 1.00464 1.01282 1.1288 1.00535 1.01925 
0010 0.214458	0.954651 0.984669 0.938119 0.921722 0.952491 0.955623 1.05648 1.01778 0.995901 1.0323 
0011 0.106827	0.990862 0.933454 0.934583 1.01012 1.02928 1.033 1.07863 1.18279 1.12076 1.06543 
0012 0.0823293	0.807927 0.800215 0.892121 0.908268 0.895825 0.852079 1.04568 1.25483 1.00336 1.03539 
0013 0.119277	0.802539 1.01534 1.09839 1.04485 0.934614 0.990551 1.04288 1.06673 1.16561 1.0184 
0014 0.0939759	1.04846 0.945114 0.938005 1.12683 1.057 0.885929 1.117 1.21369 0.951074 1.06619 
0015 0.0493976	1.12749 0.909664 0.820353 0.995964 1.11159 0.85322 1.02234 1.26388 0.875852 1.06125 
0016 0.238956	1.07388 1.20126 1.04525 1.01697 1.00009 1.02006 0.924359 0.941799 1.00681 0.958698 
0017 0.0947791	1.05533 1.02483 1.01092 1.09917 1.03705 1.01134 1.02319 1.13566 1.08929 1.04621 
0020 0.0766888	1.15183 1.23723 1.13801 1.09778 1.08043 1.11276 0.909258 0.83792 1.04858 0.973663 
0021 0.0872093	1.04476 0.868337 0.89353 0.916521 0.983333 0.991333 1.02268 1.25455 1.03697 1.08025 
0022 0.104374	0.847633 0.910165 0.965697 0.933676 0.936258 0.91682 1.00295 1.01498 1.01985 0.96997 
0023 0.155316	1.0995 0.93636 0.997639 1.10809 1.13176 1.0992 1.05818 1.20524 1.15772 1.13734 
0024 0.292359	0.981218 0.965788 0.981878 1.0149 1.02142 0.952776 1.01043 1.14746 0.98588 1.02371 
0025 0.147287	1.17904 1.17328 1.07422 0.939449 0.983694 1.02973 0.899902 0.866687 0.933553 0.982585 
0026 0.070598	0.983962 1.02593 1.1152 0.980683 0.922313 1.03958 1.05541 1.05782 1.06365 1.01267 
0027 0.0661683	1.0153 1.06533 1.00909 0.845571 0.884086 0.880634 0.874293 0.836934 0.859433 0.898226 
0030 0.186401	1.05974 0.930276 0.944331 0.976383 1.01737 1.04297 1.00979 0.993424 1.07831 1.05582 
0031 0.0990621	1.14167 0.944638 0.915392 1.09266 1.10651 1.04915 1.01988 1.1123 1.05766 1.07469 
0032 0.139508	1.01898 1.02259 0.978093 0.907287 0.963531 1.03462 0.997189 0.858447 0.953075 0.954356 
0033 0.0533411	0.930506 0.770382 0.829245 0.996912 1.03968 0.987361 1.0675 1.38689 1.03342 1.14041 
0034 0.0838218	1.03306 1.23931 1.0578 0.908178 0.876964 1.00409 0.843026 0.644148 0.965523 0.859417 
0035 0.134232	1.08533 1.10761 1.09229 1.04814 1.05056 1.18653 0.951646 0.908679 1.08337 0.986697 
0036 0.127198	0.865967 0.86999 0.971664 0.948327 0.896463 1.01547 1.0205 0.996562 1.1381 1.02378 
0037 0.176436	1.08689 1.16671 1.02978 1.07329 0.976919 0.994803 0.967562 0.857155 0.973391 0.940959 
0040 0.19625	0.896562 0.932434 0.994449 0.961531 0.931013 0.986281 1.05241 1.00611 1.02153 1.03578 
0041 0.063125	1.08775 0.971287 0.903098 1.03671 1.09589 0.957933 0.995154 1.15897 0.955683 1.03015 
0042 0.118125	0.928536 1.07227 1.14341 1.13677 1.04827 1.11521 1.06597 1.00599 1.14184 0.968604 
0043 0.155	0.953196 0.883932 0.950312 1.1119 1.06379 1.01608 1.09859 1.18753 1.10654 1.05596 
0044 0.166875	0.913016 1.07355 1.06325 1.01877 0.964713 0.931415 0.965598 0.86161 0.986526 0.919759 
0045 0.06625	0.854939 0.936014 0.939824 0.871555 0.954759 0.982253 0.966974 0.97203 1.02618 1.00902 
0046 0.094375	0.959897 1.0575 0.907177 0.927073 1.03591 1.00462 1.00766 0.911847 0.954792 0.96285 
0047 0.14	1.04402 1.22672 1.10993 1.04321 1.01234 1.05434 0.986818 0.781003 1.00414 0.926115 
0050 0.0754332	1.14816 1.0737 1.01367 1.18754 1.09691 0.980589 0.99146 1.0604 1.00668 1.03858 
0051 0.14577	0.910828 0.886431 0.907099 0.982889 0.985236 1.01843 1.066 1.17773 1.10258 1.08173 
0052 0.132518	0.965259 0.890823 0.991111 1.06797 1.00648 1.03559 1.12052 1.24618 1.18267 1.06999 
0053 0.11213	1.12164 0.936816 0.828757 1.04451 1.13134 0.964756 1.00966 1.03504 0.943039 1.05598 
0054 0.0988787	1.02123 1.26536 1.16048 0.985154 0.95684 1.01742 0.898534 0.697115 0.949769 0.89082 
0055 0.195719	1.18886 1.20641 1.06536 1.08311 1.07241 1.08838 0.983813 0.877042 1.03365 0.962718 
0056 0.155963	0.854001 0.933983 0.933133 0.940508 0.935453 0.918109 1.01007 1.00167 1.02924 1.03132 
0057 0.0835882	0.952691 1.07525 1.05565 1.03773 0.926743 0.974372 0.944452 0.867596 1.00136 0.90835 
0060 0.0813953	1.01112 1.01637 1.02626 1.02042 0.991778 1.18589 0.989305 1.05862 1.15443 1.04325 
0061 0.247287	0.864049 0.931431 0.970778 0.945035 0.963216 1.00185 0.988938 1.10567 1.06484 1.00215 
0062 0.0534884	1.12209 1.24188 1.08441 1.06639 1.06198 1.02382 0.956596 0.900329 1.00473 0.942509 
0063 0.168992	0.975209 1.05216 1.01047 1.04079 1.05797 1.0423 1.01289 1.05894 1.08328 0.988599 
0064 0.0550388	0.850081 0.996921 1.04861 0.887298 0.844497 0.913291 0.947394 0.898218 0.941101 0.94064 
0065 0.0860465	1.06923 1.00226 0.893696 0.979925 1.0538 0.949276 0.964103 1.12123 0.960499 1.01468 
0066 0.234884	0.926386 1.13541 1.0783 0.966704 0.934747 1.02452 0.910597 0.818009 1.05396 0.945781 
0067 0.0728682	1.15902 1.04412 0.972825 1.08073 1.16195 1.14542 1.01079 1.15939 1.09586 1.07216 
0070 0.237006	0.889053 0.976361 0.916294 0.893829 0.954065 0.982072 0.965967 1.05867 0.991117 0.981627 
0071 0.102911	0.99528 1.08739 1.15209 1.09073 1.03355 1.13706 0.998179 1.10615 1.1334 1.00705 
0072 0.0613306	1.03114 1.05247 0.923021 0.987997 1.05516 1.0366 1.024 1.0187 1.0345 1.02111 
0073 0.0883576	1.17224 1.10146 0.949004 1.02456 1.10168 0.991522 0.950247 0.894979 0.887292 0.977419 
0074 0.151767	0.901654 0.965449 1.02204 1.08217 1.03035 1.00599 1.06584 1.11291 1.05403 1.02265 
0075 0.0925156	0.907859 0.838517 0.844061 0.96775 0.982474 0.941425 1.03383 1.22747 1.03272 1.02354 
0076 0.202703	1.07994 1.24551 1.07103 1.05113 1.05316 1.02921 0.945122 0.901029 0.985428 0.940131 
0077 0.0634096	0.831744 0.895113 0.995864 1.05102 0.952629 0.949459 1.05004 1.25382 1.12017 1.05084 
0100 0.101198	0.984218 0.786079 0.886958 0.918991 0.955185 0.919333 0.971431 1.12014 1.01319 1.06098 
0101 0.141145	0.956803 0.934236 1.05092 0.982552 0.948648 0.946388 0.923537 1.01582 0.986615 1.00661 
0102 0.0958722	0.97233 1.01995 0.971665 0.8538 0.963297 1.00087 0.871455 0.886024 0.950863 0.969059 
0103 0.111851	0.929783 0.853491 0.905858 0.996709 1.00893 0.922367 1.01395 1.17814 0.935854 1.03652 
0104 0.178429	1.1915 1.01632 1.0089 1.11824 1.12027 1.00115 0.982256 1.21951 1.0221 1.08082 
0105 0.215712	1.21943 1.10793 1.07577 1.00506 0.994824 1.05235 0.954801 0.95854 0.942983 1.0312 
0106 0.069241	1.05597 0.971707 1.03123 1.0853 1.03781 1.05212 0.962746 1.09464 1.11659 1.09772 
0107 0.0865513	1.01415 1.0007 1.00478 0.971341 1.04533 1.03534 0.96727 1.11806 1.02789 1.05136 
0110 0.146751	1.08404 0.833419 0.933844 1.0519 1.02746 1.04184 1.09434 1.34513 0.995012 1.11175 
0111 0.106219	1.01816 1.10897 0.981235 0.871667 0.932333 0.885607 0.904737 0.803316 0.807997 0.903212 
0112 0.171209	1.2045 1.13038 1.01567 1.04869 1.05064 0.989068 0.96964 0.967607 0.903422 0.988637 
0113 0.0845563	1.31124 1.20653 1.0607 1.13119 1.1628 1.14684 1.00823 0.973071 0.937182 1.05524 
0114 0.113906	1.04553 1.0267 1.11757 1.09868 1.0312 1.15939 1.07551 1.04859 1.07605 1.10579 
0115 0.165618	1.02984 1.13042 1.14735 1.02122 0.953321 0.983395 0.998227 0.92489 0.951706 0.973846 
0116 0.0859539	0.901727 0.876781 0.943831 0.858216 0.87127 0.88753 1.03957 1.07717 0.892598 1.02875 
0117 0.125786	0.938065 0.957974 1.03639 0.956673 0.934296 0.980649 1.07863 1.1119 1.00327 1.04858 
0120 0.0643501	1.00392 1.06969 1.17537 1.09027 0.99001 1.08594 1.06846 1.00039 1.01011 0.936732 
0121 0.0810811	1.05667 0.884135 0.882367 1.03784 1.09707 1.04355 1.03819 1.29036 1.13062 1.08527 
0122 0.239382	0.845831 0.853356 0.959398 0.972018 0.992457 0.967706 1.11425 1.10498 0.969136 1.03819 
0123 0.105534	1.06823 1.09927 1.12275 1.09725 1.13106 1.19468 1.027 0.94242 1.1729 1.01956 
0124 0.0797941	1.02465 0.872627 1.01487 1.06211 1.04456 1.10089 1.10388 1.18807 1.13345 1.09451 
0125 0.0965251	0.960765 0.92471 1.00778 1.04214 1.0317 0.990473 1.0538 1.06337 1.01698 1.0448 
0126 0.0900901	1.10982 1.1088 1.02047 0.960501 1.01624 1.01774 0.987264 0.865129 0.986777 0.928544 
0127 0.243243	0.911729 0.923359 0.898341 0.888137 0.943277 0.935572 0.987193 1.00167 0.981718 0.966374 
0130 0.162869	1.23205 1.09206 0.935758 0.947339 1.02689 0.966583 0.948775 1.03492 0.939284 0.964432 
0131 0.171308	0.878456 0.872933 0.913474 0.856158 0.892979 0.850914 1.01414 1.05181 0.96124 0.988559 
0132 0.162025	1.05111 1.1479 1.13061 1.11294 1.02037 1.01036 1.04906 1.05042 1.06601 0.951413 
0133 0.183122	0.942633 0.933888 0.953805 1.01684 0.988119 0.982467 1.01118 1.08991 1.05131 1.00835 
0134 0.109705	1.0471 1.10285 1.00984 1.03974 1.03012 0.987202 1.00281 1.07144 1.07361 0.993662 
0135 0.0725738	1.07543 1.4036 1.20457 1.099 1.09903 1.11624 1.02388 0.847248 1.01176 0.971678 
0136 0.0616034	0.968253 0.856282 0.848916 0.924902 1.0064 0.997412 1.07666 1.17855 1.12352 1.08026 
0137 0.0767932	1.18725 1.1287 0.97748 1.06364 1.06851 1.02537 1.00642 0.980899 0.963559 0.990212 
0140 0.0907781	0.937196 1.01168 1.03057 1.03675 0.943697 0.928849 1.00268 0.973066 0.982922 0.984497 
0141 0.0720461	0.730866 0.827204 0.932807 0.959128 0.964254 0.883112 1.18737 1.32174 1.05887 1.07089 
0142 0.191643	1.02314 1.04757 0.974481 1.06646 1.10921 1.08368 1.11291 1.15364 1.03969 1.13061 
0143 0.157061	0.905037 1.07446 1.00575 0.960904 0.971832 0.950578 1.08286 0.972023 0.98858 0.979083 
0144 0.0864553	0.965416 0.862135 0.932908 1.00506 1.0487 1.0003 1.13256 1.29282 1.04906 1.11219 
0145 0.191643	1.09975 1.25895 1.06602 1.1117 1.05859 0.945346 1.02372 0.919536 0.913078 0.952985 
0146 0.0648415	1.11277 1.24211 1.10715 1.02874 0.974622 0.947358 1.01059 0.910487 0.934088 0.92407 
0147 0.145533	0.893621 0.925745 0.962481 0.908259 0.916404 0.99627 1.0611 1.06579 1.0587 1.06629 
0150 0.0989226	0.826105 0.870193 0.928487 0.918537 0.858957 0.906811 1.02627 1.10139 1.02796 1.00911 
0151 0.238981	1.10074 0.960163 0.982605 1.04016 0.98244 0.95666 1.00566 1.08564 0.963694 1.00831 
0152 0.0783546	1.0958 0.8907 0.919567 1.14616 1.12903 1.03744 1.09315 1.40702 1.1046 1.13065 
0153 0.0548482	0.952134 0.77541 0.798821 0.92648 1.01482 0.930286 1.07124 1.36829 1.00226 1.07376 
0154 0.104799	1.16585 1.10149 1.065 1.13308 1.11166 1.13675 1.06964 0.99968 1.01673 1.04733 
0155 0.0959843	1.00473 0.976256 1.07015 1.06242 0.979401 1.04008 1.07965 1.1116 1.13245 1.02091 
0156 0.148874	0.989354 0.828282 0.894222 0.994673 1.01066 0.994173 1.09678 1.28916 1.08296 1.09004 
0157 0.179236	1.06881 1.08552 1.03842 0.965972 0.944969 0.944069 1.02312 0.941228 0.998576 0.94099 
0160 0.150502	1.10619 1.20277 1.12166 1.04383 1.03904 1.14313 0.932004 0.92093 1.03568 0.97069 
0161 0.0618729	1.00511 1.14122 1.06978 1.00093 0.969132 1.08706 0.983061 0.840628 0.944714 0.934245 
0162 0.188963	0.787431 0.938048 0.934406 0.879841 0.931326 0.936127 0.899752 0.971547 0.963448 0.95819 
0163 0.0735786	0.934019 1.08177 1.10016 1.0693 0.996886 1.19956 1.02598 1.03928 1.10723 1.07431 
0164 0.155518	1.0633 0.946069 0.924384 1.03256 1.08681 1.02165 1.06326 1.16799 0.972217 1.05046 
0165 0.222408	0.900349 0.949224 0.992336 0.998072 0.968687 1.03115 0.955608 1.0362 0.97994 1.0028 
0166 0.0735786	1.16628 1.12182 1.01008 1.15101 1.13439 1.23376 0.987967 0.987356 1.08248 1.00684 
0167 0.0735786	1.2016 1.29959 1.16859 1.16472 1.12871 1.14384 0.982459 0.92025 0.992171 0.988034 
0170 0.203514	0.96124 0.950508 0.897435 0.89062 0.950328 0.836418 0.920062 1.00385 0.92166 0.950779 
0171 0.108346	0.856616 0.869708 1.04407 0.966391 0.882471 0.841299 1.00249 1.14002 1.0369 1.04057 
0172 0.0688141	1.05662 1.35478 1.23456 1.13484 1.08909 1.06317 0.94939 0.970909 0.995385 0.937698 
0173 0.0644217	1.11878 1.05823 0.977786 1.0197 1.07151 1.075 0.948343 1.09859 1.03068 1.05901 
0174 0.0980966	0.948147 1.22385 1.04006 0.980963 1.00054 0.882822 0.926298 0.917119 0.960313 0.914989 
0175 0.0673499	1.04278 1.1052 1.00229 1.12789 1.13861 0.977635 1.0262 1.17386 1.04536 1.02838 
0176 0.231332	0.97783 1.01863 1.02799 1.03523 0.995008 0.97287 1.0208 1.09711 1.0732 1.03062 
0177 0.158126	0.878499 0.834676 0.920987 0.972151 1.00762 0.894837 1.0452 1.24138 1.03569 1.09911 
1000 0.156809	1.0247 1.11563 1.05333 1.03823 1.00699 1.10842 1.00904 0.953182 1.02744 0.9572 
1001 0.150791	1.00147 0.942758 0.858984 0.971356 1.02234 0.916397 1.05513 1.1259 0.94259 1.00394 
1002 0.0935351	1.01442 0.979551 0.953914 0.920264 0.979594 0.951384 0.995162 1.01767 0.954492 0.975695 
1003 0.200997	1.12935 0.993089 0.947702 1.126 1.12428 1.02425 1.11689 1.1021 1.00437 1.0418 
1004 0.0918157	0.901726 1.01767 1.09877 0.896582 0.859797 1.02684 0.967225 0.862781 1.00331 0.92173 
1005 0.0660248	0.886599 0.904223 0.95909 1.04659 0.983327 0.897825 1.04401 1.17873 1.02519 1.00789 
1006 0.167469	0.856771 0.88906 1.00947 0.966153 0.937266 0.945372 1.1 0.994503 0.991408 0.996229 
1007 0.0725585	1.10125 1.21819 0.994386 0.939803 1.00607 0.90773 0.86695 0.805265 0.868966 0.844399 
1010 0.243184	0.941846 0.968095 0.978941 0.948772 0.971178 0.955894 1.00102 1.01506 0.939592 0.971434 
1011 0.103599	0.903599 1.04571 1.05584 0.921435 0.913195 0.962735 0.890315 0.823147 0.974507 0.915811 
1012 0.0852781	1.09266 1.16452 1.16399 1.00604 0.971685 1.00305 0.933027 0.870936 0.976848 0.937286 
1013 0.0885496	1.16826 1.08575 0.993199 1.08478 1.07864 0.871886 0.971864 1.0218 0.859793 0.964869 
1014 0.0641221	1.12627 1.03261 0.990175 0.976002 1.08107 1.07601 0.978375 1.05964 0.928921 1.0336 
1015 0.231843	0.970927 0.976977 1.00948 1.06238 1.04244 1.00497 1.06778 1.11931 1.07132 1.01091 
1016 0.0854962	1.20837 1.15248 1.07194 1.16023 1.14545 1.03469 0.998827 1.09356 0.992112 0.994805 
1017 0.097928	0.857506 0.822549 0.960672 0.941559 0.925868 0.964388 1.03305 1.16561 1.08097 1.06853 
1020 0.1027	0.950566 1.13267 1.06215 0.95927 1.01945 1.05105 0.987829 1.01344 1.00643 0.980021 
1021 0.100053	0.873262 0.897011 0.882573 0.87747 0.973072 0.889131 0.992257 1.05143 0.900393 0.983692 
1022 0.16252	0.979114 0.997039 0.989235 0.92169 0.989937 0.939554 0.948432 1.03933 0.936636 0.989634 
1023 0.086289	0.802046 0.853172 0.9396 0.906633 0.913907 0.90449 1.09682 1.22855 1.0634 1.05983 
1024 0.203282	0.804768 0.941112 1.07519 1.03221 0.969878 0.984956 1.03349 1.2045 1.05486 1.01117 
1025 0.132345	1.06559 0.969918 0.941749 1.07226 1.15284 0.998231 1.02488 1.24243 1.047 1.07297 
1026 0.0878772	1.03811 1.16786 1.02237 0.948166 1.01105 0.912664 0.934397 0.855796 0.890601 0.932541 
1027 0.124934	1.03921 1.25832 1.09699 1.06805 1.05713 0.94479 0.942632 0.826906 0.879823 0.929491 
1030 0.0989731	1.12004 0.946297 0.895876 0.913937 1.03807 0.985982 0.951497 0.989538 0.907546 1.04127 
1031 0.137967	1.16061 1.1925 1.07423 1.0146 1.04648 1.02988 0.944094 0.793107 0.933398 0.944435 
1032 0.0867689	0.962241 0.970053 0.954682 1.00804 0.967571 0.929107 0.985559 0.917802 0.915807 0.955289 
1033 0.0723322	0.998053 0.854489 0.905329 1.04579 1.06419 1.06867 1.0777 1.19318 1.0372 1.12896 
1034 0.112666	1.02139 1.01513 1.11086 1.04119 0.957269 1.08144 0.968919 0.95012 1.06791 1.0273 
1035 0.0625093	1.04283 0.918902 0.997333 1.11577 1.09767 1.06799 1.00261 1.05961 1.04952 1.10636 
1036 0.287394	0.930521 0.97228 0.967611 0.923465 0.93562 1.02102 0.935323 0.965793 1.04819 1.00828 
1037 0.14139	1.12774 1.02429 0.988059 1.05767 1.07608 1.10478 0.939693 0.956072 1.0269 1.04434 
1040 0.116967	1.09773 1.08314 1.08678 1.11069 1.04463 1.00569 1.01758 1.06428 1.00652 1.0341 
1041 0.227462	0.997178 1.07254 1.03948 0.975066 0.940166 0.997412 0.972912 0.863993 0.918035 0.937765 
1042 0.0906149	1.05487 0.885572 0.866784 1.01173 1.05472 1.02755 1.04751 1.16374 0.958704 1.06372 
1043 0.0859917	1.1839 1.03133 0.989561 1.18327 1.17595 1.1171 1.05048 1.14623 1.02595 1.08397 
1044 0.102866	0.953762 0.916003 0.986836 0.889381 0.868988 0.895282 0.956872 1.00034 0.93399 0.984178 
1045 0.102173	1.16939 1.26441 1.05027 1.08695 1.09275 1.07106 0.947258 0.937503 0.943117 0.970677 
1046 0.152797	0.993435 1.03701 0.96558 0.946142 0.975971 1.01266 0.958949 0.972783 1.04037 1.00448 
1047 0.121128	0.914804 0.922789 0.969041 1.02812 1.0129 1.02575 1.03815 1.15643 1.06907 1.03437 
1050 0.0874563	1.09546 0.979356 0.95378 0.941232 1.04545 1.01092 0.972347 1.02063 0.991415 1.06223 
1051 0.209395	1.07031 1.06336 1.12497 1.03265 1.01471 1.09763 1.03542 1.04309 1.04905 1.01172 
1052 0.0489755	0.932193 0.908212 1.0353 0.868959 0.888761 1.11501 1.01964 0.935411 1.12301 1.05596 
1053 0.107946	1.16429 1.26655 1.09078 1.10935 1.09929 1.08417 0.999838 0.875756 1.00563 0.955848 
1054 0.087956	0.971265 0.864751 0.910566 1.01506 1.02169 1.01173 1.0751 1.16955 1.16759 1.13889 
1055 0.242379	1.00631 1.03344 1.02892 0.932568 0.948134 0.897183 0.988231 0.866015 0.971837 0.974105 
1056 0.0994503	0.965957 1.07555 1.1425 0.977043 0.913112 0.987638 0.946979 0.871425 0.99166 0.960781 
1057 0.116442	1.19839 0.972918 0.946434 1.10197 1.14288 1.07978 1.03663 1.21624 1.10145 1.12848 
1060 0.196718	1.04879 0.956125 0.906717 1.02614 1.08067 1.02501 0.984162 1.17326 1.07518 1.06522 
1061 0.0816528	1.15559 0.98073 0.901841 1.00805 1.02019 0.950571 0.91452 1.03463 0.930694 0.96389 
1062 0.135429	1.00051 0.992477 0.970382 0.940917 0.943008 1.04482 0.964896 0.991019 0.98406 1.00128 
1063 0.0642546	1.12874 1.23482 1.08714 1.06071 1.01788 1.04827 0.927016 0.84909 0.926539 0.881158 
1064 0.151839	1.08477 0.928816 0.974169 1.10444 1.07919 1.13395 1.05783 1.18972 1.09089 1.0698 
1065 0.0666271	0.95403 0.915603 0.833396 0.862231 0.945044 0.972419 0.972627 1.13106 0.97037 1.00635 
1066 0.11981	1.05058 1.19597 1.07471 1.11986 1.02976 1.06067 0.996643 0.971501 1.04489 0.97349 
1067 0.183669	1.02205 1.08533 1.06536 0.96401 0.925777 1.03828 0.953807 0.805017 0.960935 0.937782 
1070 0.0841977	1.0833 0.928834 0.914568 0.915112 0.963951 1.03069 0.984655 1.08522 1.01747 1.01178 
1071 0.137686	0.93161 0.975759 0.995393 1.01254 0.977992 0.97235 1.02129 1.04309 1.00804 0.956198 
1072 0.0736221	1.15643 1.04523 1.08417 1.17753 1.11186 0.999984 1.01557 1.10866 1.00111 0.992333 
1073 0.210087	1.0791 1.14732 1.03462 1.0381 1.08745 1.00723 0.975318 0.980964 0.995393 0.926223 
1074 0.0748424	0.995063 0.853689 0.807848 0.975812 1.06776 0.988131 1.05566 1.21223 1.06218 1.09534 
1075 0.120805	1.00246 1.09294 1.04047 0.936705 0.943391 0.945882 0.947416 0.845024 0.884322 0.931621 
1076 0.184665	0.994921 0.969204 0.914389 1.08177 1.11828 1.07553 1.08328 1.15489 1.09769 1.06053 
1077 0.114094	0.933702 0.851912 0.958686 0.926335 0.929638 1.05156 1.0619 1.15872 1.09622 1.05812 
1100 0.0597015	0.839621 0.921571 0.910347 0.859186 0.86823 0.841786 0.924954 0.987451 0.933854 0.991221 
1101 0.169393	0.951857 1.03774 0.984558 1.0046 0.952398 0.920426 0.962822 0.969811 0.966905 0.97761 
1102 0.083623	1.20711 0.995629 0.884202 1.03177 1.09838 0.912115 0.974178 1.09924 0.845815 1.0223 
1103 0.114189	0.97617 1.10539 1.11989 1.04055 0.962379 1.01143 0.957303 0.950376 1.0876 1.01802 
1104 0.126355	0.89368 0.854139 0.946046 0.969586 0.959026 0.964114 1.07948 1.24992 1.05257 1.11274 
1105 0.184523	1.18974 1.11356 1.01983 1.12225 1.09285 0.98669 0.958821 1.0009 0.984589 1.01732 
1106 0.118585	0.913542 0.841149 0.866447 1.00118 1.04537 0.895281 1.01595 1.28741 1.00355 1.07858 
1107 0.143631	1.011 1.14704 0.991677 0.930649 0.98276 0.948633 0.866413 0.948795 0.977802 0.968528 
1110 0.0646603	0.989505 0.978927 0.961339 1.08076 1.02301 0.939582 1.04226 1.08483 1.00402 1.01478 
1111 0.100417	1.062 1.16268 1.03026 1.05654 1.05071 0.986916 0.948899 0.926165 0.955998 0.947496 
1112 0.0783671	1.08349 1.00258 0.950636 1.05103 1.1389 1.059 1.00594 1.04171 0.988218 1.02315 
1113 0.310489	0.967655 0.907131 0.928914 0.959751 0.975986 0.919349 0.965304 1.06698 0.981288 1.00812 
1114 0.0893921	1.20134 1.15875 1.09022 1.15792 1.10132 1.0449 0.957416 1.02546 0.975036 0.986651 
1115 0.149285	0.941063 0.797023 0.904025 1.0262 1.02954 0.945291 1.04524 1.31566 1.03317 1.09619 
1116 0.0929678	0.992384 1.22534 1.14887 1.01776 0.966079 1.02142 0.954501 0.786882 0.977814 0.912453 
1117 0.114422	0.838478 0.925263 1.03116 0.899717 0.90098 1.00661 1.03737 0.959457 1.06513 1.02586 
1120 0.0517489	0.958512 1.10508 1.13591 0.985472 0.992235 1.07104 1.00818 0.923279 1.007 0.971915 
1121 0.135122	1.07754 1.16075 0.979544 1.05864 1.0898 1.03157 0.986119 0.977629 1.00419 0.986604 
1122 0.191423	1.00102 0.993562 0.997059 1.06891 1.03542 1.01217 1.05551 1.05447 1.02889 1.05414 
1123 0.112841	0.856236 0.852581 0.933261 0.884742 0.882589 0.979287 0.966322 0.994962 1.06347 1.02275 
1124 0.0984667	1.03326 1.09769 0.994554 0.965285 1.00732 1.07356 0.932582 0.847892 1.01861 0.96218 
1125 0.215381	0.917328 0.857605 0.961601 0.968629 0.979195 1.03352 1.0496 1.14006 1.13578 1.09328 
1126 0.104217	1.10284 1.36455 1.20821 1.0568 1.03019 1.0798 0.92783 0.809666 1.03224 0.930953 
1127 0.0908002	0.996721 1.01388 0.928605 0.873551 0.9536 1.00716 0.930413 0.824435 0.941813 0.965058 
1130 0.166776	0.914317 1.1281 1.05916 0.95034 0.901209 0.948914 0.936385 0.762326 0.942001 0.879509 
1131 0.218511	0.985104 1.02935 1.1162 1.03149 0.963088 0.987799 1.03948 0.942614 1.03821 0.972964 
1132 0.18664	1.10903 0.995596 1.02015 1.09412 1.07799 0.997446 1.06219 1.03223 1.04025 1.03983 
1133 0.0547915	0.88215 0.737191 0.846577 0.94337 1.01965 0.951255 1.08985 1.29541 1.05679 1.13053 
1134 0.0973587	0.98928 0.978975 0.949869 0.893135 0.942694 0.995155 0.997808 0.91431 0.956758 0.996766 
1135 0.0716001	0.819343 0.747104 0.903297 0.949827 0.930103 0.877922 1.04383 1.11596 1.02149 1.03983 
1136 0.106527	1.09251 0.903759 0.882041 0.958743 1.04127 0.880284 1.0101 1.0574 0.91929 1.02689 
1137 0.0977952	1.14573 1.24042 1.03819 1.03654 1.09858 1.05358 0.929162 0.76996 0.971275 0.943004 
1140 0.198674	0.975848 1.03653 1.00744 0.882779 0.927376 0.904245 0.957645 0.944561 0.898763 0.962614 
1141 0.110686	0.889307 0.796136 0.897766 0.959983 0.947617 0.903982 1.03844 1.19949 0.980373 1.04411 
1142 0.0645244	1.12414 1.07705 1.09102 1.13847 1.07742 0.990914 1.0005 1.04346 0.949254 0.989652 
1143 0.0971691	0.943824 0.91024 0.997004 0.953482 1.02598 1.02583 1.05132 1.10118 1.0749 1.04844 
1144 0.0831421	1.13035 1.03604 0.94271 1.06628 1.13572 1.09935 0.981608 1.09992 1.02406 1.05699 
1145 0.244836	1.12638 1.05731 0.993104 1.00229 1.00605 0.937142 0.934291 1.03506 0.922737 0.971165 
1146 0.0915583	1.15146 1.34242 1.13586 1.00858 1.01831 1.03452 0.911666 0.743605 0.928532 0.928943 
1147 0.109411	0.955678 0.97799 1.0154 1.06375 1.01673 1.11527 1.08326 1.13327 1.11032 1.0667 
1150 0.123789	0.970711 1.0578 0.982707 0.902262 0.953249 0.927484 0.897293 0.92268 0.940878 0.962911 
1151 0.119752	1.08596 1.11602 1.07874 1.11145 1.10293 1.13427 1.00855 0.998231 1.08387 1.00343 
1152 0.16577	0.914728 0.838503 0.916449 0.946416 0.968276 0.996196 0.990244 1.17944 1.06068 1.09762 
1153 0.103875	0.998003 0.899234 0.957592 1.09568 1.02481 1.00208 0.992198 1.07613 1.0714 1.03985 
1154 0.163886	1.03941 1.12303 1.05588 0.979383 0.966963 1.00777 0.886666 0.837819 0.897405 0.93637 
1155 0.06324	1.32319 1.37134 1.15519 1.12598 1.10722 1.02319 0.944404 0.774172 0.900752 0.943981 
1156 0.146125	1.05216 0.994336 0.936591 1.0251 1.02243 0.997729 0.943112 1.01156 0.974934 0.996756 
1157 0.113563	0.928104 0.917461 0.9614 1.00499 1.05476 1.14354 1.0065 1.10009 1.08429 1.05251 
1160 0.139869	0.993575 0.853493 0.9125 0.987028 0.96355 0.935828 1.05345 1.15854 1.02269 1.05527 
1161 0.0404981	1.07694 1.09962 1.07921 1.11809 0.994849 0.982761 0.991219 1.0111 1.08837 0.967841 
1162 0.128989	1.12835 1.20015 1.04149 1.09446 1.07386 0.987441 1.00372 0.907445 0.945582 0.947029 
1163 0.143496	0.891711 0.867227 0.859693 0.860287 0.923303 0.945409 1.07364 1.11362 1.02315 1.04888 
1164 0.0974371	0.897979 0.90949 0.968576 0.95331 0.894343 0.901582 1.04806 0.990995 0.971833 0.991243 
1165 0.162355	0.995792 1.07357 1.06663 1.01687 1.02204 1.01144 0.987364 0.991478 1.03689 0.988179 
1166 0.12911	1.08669 0.952952 0.947314 1.11054 1.06885 0.926874 1.10017 1.14245 0.987139 1.05761 
1167 0.158245	0.98084 1.09714 1.0467 0.943312 0.921816 0.936532 1.00195 0.880519 0.943992 0.942342 
1170 0.146764	1.02947 0.914382 0.937033 0.981022 1.03701 0.97005 0.993891 1.15125 1.02976 1.02561 
1171 0.0654272	0.916259 1.10059 1.17738 0.971873 0.921167 1.02031 0.970219 0.898878 1.00606 0.948661 
1172 0.244548	1.09664 1.10153 1.03631 1.08148 1.06507 1.06066 0.986325 1.05267 1.04235 1.03127 
1173 0.156775	0.9296 0.96636 0.947258 0.875444 0.93883 0.927335 0.944949 0.938515 0.913397 0.933917 
1174 0.0917054	1.05048 0.92477 0.941663 1.12062 1.12839 0.996007 1.09254 1.43131 1.08437 1.16014 
1175 0.136396	1.03317 1.27371 1.1342 0.965503 1.01926 0.980343 0.878869 0.713902 0.849499 0.887656 
1176 0.092778	0.901027 0.772834 0.922928 0.906943 0.932458 0.924753 1.02378 1.1552 1.02027 1.05542 
1177 0.065606	0.858271 0.718333 0.865827 0.904843 0.962869 0.947243 1.04924 1.42476 1.06121 1.14907 
BOUNDS
LWPS R    0.0  0.0  0.0  0.0  0.0  0.0  0.0  0.0  0.0  0.0
UWPS R    0.5  0.5  0.5  0.5  0.5  0.5  0.5  0.5  0.5  0.5
LXAS R   -0.5 -0.5 -0.5 -0.5 -0.5 -0.5 -0.5 -0.5 -0.5 -0.5
UXAS R    0.5  0.5  0.5  0.5  0.5  0.5  0.5  0.5  0.5  0.5
END
