NAME moment_estimations_cluster
ASSETS 10
BENCHMARKS 0.1 0.1 0.1 0.1 0.1 0.1 0.1 0.1 0.1 0.1 
COVARIANCES
0 0 0.207392
1 0 0.00622614
1 1 0.00283857
2 0 -0.00625515
2 1 0.00193323
2 2 0.00818205
3 0 0.0180321
3 1 -0.000446936
3 2 0.00178611
3 3 0.0141774
4 0 -0.0195854
4 1 0.00149221
4 2 0.00513938
4 3 -0.000966462
4 4 0.00788426
5 0 0.0249212
5 1 0.00297813
5 2 0.00474464
5 3 0.00401396
5 4 0.000627944
5 5 0.00962793
6 0 0.0112893
6 1 0.00263086
6 2 0.00547087
6 3 0.00181081
6 4 0.00424154
6 5 0.00580185
6 6 0.0103787
7 0 0.0300805
7 1 0.0017847
7 2 0.00236646
7 3 0.00646557
7 4 -0.00628988
7 5 0.00436213
7 6 0.00024851
7 7 0.0295249
8 0 -0.054959
8 1 0.00210946
8 2 0.012858
8 3 -0.00650379
8 4 0.0171507
8 5 0.000768579
8 6 0.0104107
8 7 -0.0157154
8 8 0.044248
9 0 -0.0114638
9 1 0.0018509
9 2 0.00502529
9 3 -0.00143472
9 4 0.00555046
9 5 0.00100014
9 6 0.00444529
9 7 -0.000146617
9 8 0.0134181
9 9 0.00677315
SCENARIOS
0 0.6436	1.2759 0.948206 1.00849 1.00996 0.94178 1.02166 0.980153 1.06075 0.89857 0.964871 
1 0.3564	0.657969 0.968916 1.04193 0.951839 1.07602 0.967633 1.04245 0.892611 1.25153 1.09361 
00 0.405966	0.662407 1.06665 1.04424 1.03725 1.10931 0.95621 1.08251 0.918752 1.23594 1.07725 
01 0.594034	1.31099 0.983319 0.93632 1.01315 0.952233 0.998347 0.980243 1.05665 0.857403 0.94595 
10 0.281622	0.917175 1.08647 1.09323 0.984064 1.11834 1.06554 1.07753 0.931301 1.34871 1.04652 
11 0.718378	1.397 1.04368 0.966514 0.970859 0.966215 1.03426 0.94687 1.04938 0.880071 0.927626 
000 0.0839712	1.32559 1.01094 1.07989 1.03926 1.01492 1.1395 1.1602 1.07228 1.15923 1.08222 
001 0.0903628	0.874882 1.05608 1.02663 0.843278 1.1343 0.99864 0.959772 0.844715 1.31298 1.12291 
002 0.116656	2.86216 1.01543 1.06346 1.11092 0.943986 1.21545 1.16572 1.15786 0.903946 0.999434 
003 0.095989	1.10436 1.07766 1.18774 1.03288 1.17984 1.18754 1.21262 1.02098 1.61909 1.2172 
004 0.140922	0.744701 1.05368 1.12861 1.05006 1.06113 1.04825 0.969347 1.37902 1.16409 1.11495 
005 0.203115	0.974205 1.00872 0.886894 0.94314 1.02543 0.961059 0.949128 0.826492 1.03572 1.02306 
006 0.0866886	0.68015 1.03298 0.98886 1.03634 0.950071 0.949478 0.872713 1.51927 0.813954 0.991159 
007 0.182295	1.0927 0.899541 0.818356 1.03036 0.929112 0.964848 0.83022 1.02618 0.767336 0.929883 
010 0.10125	1.30256 1.05143 1.0291 0.993885 1.14987 1.02597 1.18189 0.759947 1.35289 1.05145 
011 0.102375	1.41539 0.976874 0.907256 0.992135 0.893689 0.868103 0.932077 1.30139 0.751706 0.920788 
012 0.0643178	3.62446 1.13743 0.967094 1.07019 0.973615 1.12673 1.0394 1.08285 0.794943 0.952934 
013 0.118749	0.666927 1.06947 1.16675 1.00693 1.1359 1.02877 1.09792 1.01786 1.4774 1.19824 
014 0.180686	1.07245 1.15339 0.970243 1.08435 1.01974 1.05105 1.00364 0.927125 0.913807 0.934039 
015 0.193791	0.514639 1.02507 0.887853 0.89495 1.05526 0.831832 0.819711 0.830419 1.06577 0.964486 
016 0.192326	1.33855 1.07514 1.1548 1.12996 1.04845 1.13094 1.07736 1.41633 1.02783 1.11049 
017 0.0465055	0.568925 1.09864 0.996599 0.939672 1.02071 0.921993 0.978901 1.17642 1.07449 1.05502 
100 0.0592807	0.706263 0.906603 1.03661 0.882451 1.1801 0.929823 0.915861 0.746607 1.43147 1.08455 
101 0.277872	1.8663 0.982939 0.957452 1.0825 0.920791 0.999131 1.09037 0.826392 0.8561 1.00338 
102 0.0576866	1.08771 1.16744 1.1901 0.925957 1.20878 1.17284 1.29859 0.983745 1.32024 1.14269 
103 0.106506	0.534799 1.00974 1.04206 1.2829 1.03787 0.994628 1.03543 1.09238 0.958444 0.997285 
104 0.0831922	0.583155 0.890687 1.10358 1.01819 1.16958 0.967429 1.08223 0.953176 1.51175 1.23648 
105 0.177344	1.09319 1.03424 1.13785 1.11174 0.978028 1.14424 1.01976 1.39325 0.865312 1.02504 
106 0.0641626	2.12461 1.06987 1.03875 1.09081 0.970613 1.15725 1.32514 1.09996 0.989686 1.00662 
107 0.173956	0.529426 0.970606 0.926484 0.799305 1.01488 0.839212 0.9328 1.01026 0.967903 0.962761 
110 0.109831	0.996491 0.914193 1.00453 1.28474 0.929622 0.94822 0.96191 1.26097 0.834684 1.00231 
111 0.114244	0.86029 0.957397 0.921142 0.981596 1.01758 0.8454 0.948488 1.0034 1.07 1.0757 
112 0.0686248	0.916149 1.00487 1.25402 1.13799 1.09396 1.10844 1.21001 1.27427 1.33182 1.16414 
113 0.10323	1.75682 1.10192 1.18093 1.11622 1.06401 1.25287 1.2358 0.996884 1.15156 1.05547 
114 0.158106	0.528843 0.974144 1.11091 1.06503 1.20764 0.914608 0.991143 0.919917 1.50518 1.20823 
115 0.146663	2.39948 0.958849 0.952361 1.14859 0.881521 1.04519 1.02725 1.25541 0.770655 0.998313 
116 0.0915908	0.794396 0.904909 0.815724 0.952796 0.898164 0.766577 0.805927 0.94538 0.754384 0.907877 
117 0.20771	0.708888 0.914165 0.960922 0.993717 0.971929 0.915285 1.01667 0.850883 1.04704 0.960575 
0000 0.14175	0.770597 1.03419 1.07159 1.06954 1.19964 1.01154 1.08817 0.723673 1.37165 1.07797 
0001 0.0601641	0.70299 0.996492 1.20649 0.779056 1.17516 1.03336 1.26448 0.93879 1.62305 1.09141 
0002 0.15588	0.482874 0.937342 0.991667 0.761215 1.00954 0.902431 0.922477 0.933985 1.04561 0.895453 
0003 0.151322	2.19357 1.04957 1.08032 1.01487 0.971612 1.17668 1.12883 1.14 0.947497 0.882001 
0004 0.153145	0.660238 0.914748 1.13316 1.1614 1.0488 0.929753 1.06652 1.12979 1.20465 1.07647 
0005 0.0396536	1.16537 0.994377 0.918975 1.17302 0.951692 1.0629 0.915014 1.13857 0.714219 0.826757 
0006 0.179581	1.02957 1.02666 1.05407 1.1663 1.01013 0.991654 1.0151 1.30147 0.812296 1.027 
0007 0.118505	0.868952 1.04483 0.895544 0.947286 1.01016 0.868117 0.889696 0.861992 0.810486 0.969662 
0010 0.0914867	0.592211 0.940054 0.872528 0.96122 0.963188 0.939313 0.883298 0.768121 0.823623 0.797845 
0011 0.113935	2.05965 0.839705 0.969769 1.3389 0.884962 1.11825 1.03961 0.956872 0.798059 0.834784 
0012 0.248623	0.437122 0.903311 0.981646 0.948375 0.997509 0.88584 0.964571 0.79814 1.06673 0.964285 
0013 0.136806	1.23421 1.00976 1.11159 1.224 1.03501 1.14004 1.10391 0.989234 1.03853 1.09287 
0014 0.123676	0.210967 0.998232 1.05257 0.883553 1.06151 0.943158 1.07929 0.710225 1.40371 1.03239 
0015 0.094028	1.15515 0.900656 1.17139 0.967631 1.04955 1.17979 1.13506 1.03145 1.32959 1.02029 
0016 0.0982634	1.8649 0.930742 1.03796 1.13565 0.871338 1.19996 1.14743 1.22265 0.843631 0.910659 
0017 0.0931809	1.85224 1.00108 0.876311 1.23956 0.92914 1.01178 0.987922 1.19592 0.685916 0.97359 
0020 0.0564304	0.575841 1.05212 1.01727 1.44052 1.20757 1.01134 0.977137 1.20593 1.09241 0.978724 
0021 0.219816	0.922367 1.04812 1.07925 0.895779 1.0387 1.13356 1.0422 1.013 1.13168 1.04526 
0022 0.0790682	0.569286 0.891187 1.13392 0.999465 1.16309 0.937883 0.966954 0.753424 1.50649 1.10291 
0023 0.0787402	1.12855 1.01836 0.916137 1.24369 0.994598 0.997256 0.871899 0.986075 0.760016 0.797334 
0024 0.164042	1.98384 1.07252 0.929974 1.06931 0.992738 1.0784 0.943634 1.13409 0.896804 1.04108 
0025 0.0895669	0.452872 0.976404 1.01742 0.792794 1.05925 0.936382 0.865978 0.940436 1.1786 1.06628 
0026 0.124344	1.00925 1.00422 0.94789 1.09659 0.955242 0.89771 0.94235 1.3301 0.806203 1.00007 
0027 0.187992	0.78229 0.941354 0.863786 0.99334 1.07123 0.903892 0.826235 0.829133 0.94915 0.950588 
0030 0.0773525	0.400484 1.10711 1.14222 0.965097 1.2715 1.11114 1.13569 0.741076 1.52234 1.09713 
0031 0.202153	1.13669 0.883868 1.13696 1.06556 1.05739 1.03472 1.1443 0.873621 1.11609 1.00749 
0032 0.0661882	1.9662 1.0021 1.11577 1.27997 0.9254 1.19558 1.06945 1.4052 0.743323 0.934212 
0033 0.0641946	0.763308 0.890853 0.888102 0.967373 0.871482 0.80307 0.794973 1.09494 0.694241 0.846214 
0034 0.0629984	0.397052 0.948308 0.81092 0.822762 0.993511 0.735348 0.710082 0.811169 0.829752 0.92989 
0035 0.169059	0.460615 0.950605 1.05212 0.740344 1.07787 0.903081 0.852827 0.799231 1.20913 0.963827 
0036 0.287081	0.995286 0.88913 0.962171 1.04307 0.985316 0.887167 0.972886 0.856424 0.89626 0.956172 
0037 0.0709729	0.885653 0.962574 0.98464 0.775785 0.983889 0.942513 1.09839 0.65167 1.06709 0.950808 
0040 0.147474	1.56937 0.963644 1.01181 0.972098 0.924466 0.961881 0.947143 1.09429 0.8717 1.01017 
0041 0.0382944	0.736751 0.840644 0.920333 1.11537 0.980867 0.893512 0.866181 0.81058 0.912279 0.889466 
0042 0.180608	1.72593 1.03241 1.15144 1.04688 1.16993 1.15763 1.23737 1.04159 1.09677 1.07946 
0043 0.0616513	0.534145 0.971511 1.06611 0.901411 1.19664 0.946348 0.945822 0.714905 1.5421 1.04859 
0044 0.135524	2.70761 1.07142 1.03729 1.10117 0.957534 1.29633 1.05172 1.16957 0.800783 0.922224 
0045 0.0820206	0.719403 0.856589 0.986538 1.0748 1.01552 0.892792 0.966823 0.84831 1.07493 0.95652 
0046 0.175991	0.783359 0.962521 0.949165 0.829907 0.862604 0.95567 0.882935 0.813464 0.853319 0.864168 
0047 0.178436	0.811516 0.923391 1.0199 0.877155 1.07588 0.946468 0.974763 0.845942 1.19528 1.00642 
0050 0.1368	1.67003 1.00462 0.970068 0.971365 0.85046 1.10803 0.951171 1.27105 0.735148 0.882677 
0051 0.0834747	0.789639 1.03311 1.05124 0.732199 1.06381 0.966057 1.08839 0.904298 1.29635 1.10109 
0052 0.220275	0.691378 0.99428 0.981613 0.779256 0.952209 0.913833 0.883674 0.928933 1.0204 0.909357 
0053 0.135293	1.96175 1.14078 0.958927 1.06914 0.995168 1.07086 1.1098 1.08279 0.835418 0.925818 
0054 0.0780102	1.05493 1.1562 1.11175 1.00844 1.14348 1.02633 1.24486 0.931618 1.28487 1.09471 
0055 0.0819672	0.815656 0.945442 0.840468 0.8758 1.02386 0.809237 0.826501 0.673018 0.909704 0.859567 
0056 0.186169	0.990087 1.0862 1.12765 0.935463 0.950581 1.07297 1.05962 1.36794 0.998259 1.04724 
0057 0.0780102	0.436191 0.976958 1.1329 0.913002 1.10869 0.948371 1.01668 0.846901 1.50076 0.990056 
0060 0.14128	3.66862 1.06648 0.961901 1.11156 0.904914 1.16212 1.03764 1.1172 0.786179 0.981203 
0061 0.0931567	0.791884 1.01151 1.0359 0.815906 0.935391 0.924116 0.946709 1.31304 0.984362 0.954761 
0062 0.115673	0.556993 0.911075 1.09337 0.765728 1.07155 0.835914 0.897753 0.830294 1.51405 1.12099 
0063 0.159382	1.43469 1.01147 0.967693 0.853813 0.973745 0.957905 1.00869 0.788872 1.1122 1.02961 
0064 0.0834437	1.64233 0.935374 1.08451 1.11295 0.898141 1.17785 0.994586 1.08092 0.936108 0.971825 
0065 0.2	2.01284 0.858912 0.935417 1.03052 0.901504 1.08005 0.963334 0.96326 0.849555 0.873672 
0066 0.155408	0.495859 0.905916 0.972205 0.979459 1.04512 0.88635 0.871435 0.888497 1.14436 0.971135 
0067 0.0516556	1.93698 1.00434 1.14423 0.83055 1.02879 1.24551 1.25708 0.836725 1.36657 1.06999 
0070 0.157464	1.02288 0.985875 0.888036 1.01101 0.890513 0.877734 0.969829 0.955829 0.86384 0.899328 
0071 0.154944	0.612055 0.944096 1.0114 0.845484 0.93959 0.863801 0.890512 0.720574 1.06098 0.854206 
0072 0.146756	0.920527 1.05939 1.12538 1.09489 0.892712 1.02663 1.10729 1.24742 0.893001 0.982183 
0073 0.221289	0.8168 1.11916 1.14087 0.949344 1.08595 1.00085 1.08831 0.942214 1.30213 1.1212 
0074 0.0833508	0.264651 1.00561 0.990166 0.868853 1.15798 0.836315 0.933703 0.670218 1.40593 0.975358 
0075 0.0816712	0.594592 1.06205 1.15681 1.29661 1.10183 0.921765 0.928801 0.989679 1.12845 0.976053 
0076 0.0495486	0.607995 0.932585 1.00288 0.980724 0.92941 0.846365 0.836096 1.17048 0.907418 0.895161 
0077 0.104976	2.60025 0.936247 1.09643 1.12781 0.925522 1.10198 1.07844 1.13582 0.999807 0.948044 
0100 0.0800827	1.40761 1.07132 0.950385 0.955715 1.0038 1.06911 1.03192 0.927158 0.879194 1.03054 
0101 0.115991	0.482475 1.02044 1.14842 0.978407 1.10481 1.0845 1.04321 0.971487 1.39631 1.21458 
0102 0.20434	0.597441 1.15016 0.977947 0.950505 1.1166 1.00725 0.940703 0.865748 1.0721 1.14368 
0103 0.189615	1.07224 1.04957 0.948144 1.10945 0.962061 1.0143 0.910163 1.17167 0.836396 0.859668 
0104 0.146215	1.63367 1.10483 1.14703 1.16622 0.990847 1.28863 1.08375 1.22896 0.968914 1.00313 
0105 0.0922242	0.566793 0.988005 0.831981 0.96232 0.949652 0.853496 0.807813 0.982646 0.851494 1.0279 
0106 0.111857	2.56353 1.1076 0.901681 1.10506 0.834137 1.23347 1.11501 1.12901 0.660927 0.933597 
0107 0.0596745	0.937111 1.0441 1.05236 1.17926 0.962093 1.14278 0.943466 0.890207 0.938995 1.01904 
0110 0.0965764	1.59877 1.08675 0.942341 0.887825 1.03337 1.01785 1.04123 0.898827 1.04342 1.06327 
0111 0.333163	0.822965 1.00866 0.995546 1.09043 1.01924 1.04843 0.894693 0.927233 0.963469 0.987159 
0112 0.148441	0.621492 1.06426 1.08982 1.04441 0.967387 1.10619 0.96986 1.36341 0.954436 1.07464 
0113 0.118804	0.458204 0.898426 0.923096 0.892318 1.08074 0.895338 0.906269 0.862126 1.25632 1.15329 
0114 0.0802248	1.76003 1.14535 1.03967 1.05858 1.04256 1.24727 0.927033 1.06697 0.916213 0.988501 
0115 0.0679612	0.662289 1.07881 1.04686 0.914299 1.02111 1.0059 1.26197 0.746459 1.54302 1.20893 
0116 0.0674502	1.61206 1.0326 1.02732 1.33335 0.891153 1.19167 0.905731 1.26509 0.705977 0.915587 
0117 0.0873786	2.69392 1.31118 1.06041 1.02909 0.987756 1.26694 1.21581 1.15235 0.855588 1.04796 
0120 0.0654738	1.59056 0.976331 0.835931 0.804163 0.877438 0.957709 1.02654 0.934649 0.754124 0.866451 
0121 0.173241	2.39663 1.04619 1.09172 1.0818 0.885342 1.38854 1.17093 1.35083 0.836366 1.0315 
0122 0.0662871	0.413062 0.965966 1.01758 0.971889 1.10702 0.907205 1.03449 1.04685 1.15338 1.14968 
0123 0.0695405	0.66666 1.03327 1.15696 1.13176 1.09115 1.15297 1.25891 0.868549 1.56603 1.25428 
0124 0.104107	0.504705 0.924866 0.799203 0.88805 0.898926 0.789064 0.768527 0.910697 0.843344 0.944299 
0125 0.183001	0.83776 0.870804 0.943238 1.195 0.86209 1.05665 1.00994 1.05879 0.775611 1.0283 
0126 0.166328	1.14923 0.964575 1.06323 1.15574 0.920491 1.11918 1.15214 1.21397 1.09476 0.985239 
0127 0.172021	0.794243 0.879569 1.02759 0.865196 0.972856 0.961582 1.04171 0.835724 1.11854 0.967374 
0130 0.0731278	1.24556 0.983253 1.13712 0.948132 1.08918 1.17625 1.20193 0.82867 1.48254 1.04713 
0131 0.0825991	1.06508 1.08395 1.18357 1.0764 1.16881 1.10424 1.06767 1.11732 1.35187 1.0457 
0132 0.096696	0.889292 1.05032 0.909612 0.831285 0.915317 0.982708 1.01457 0.90823 0.78717 0.918207 
0133 0.136344	0.750992 1.06208 0.970168 0.824615 1.12095 1.0007 0.9833 0.618516 1.40074 1.07511 
0134 0.295154	0.728445 0.982765 0.944353 0.945754 0.956917 0.972871 0.95355 0.892813 0.994879 0.841589 
0135 0.0660793	1.00203 0.978846 1.1482 0.958799 0.988749 1.01746 1.0096 1.37421 0.954 1.00846 
0136 0.144053	2.36053 0.957096 1.0218 1.06256 0.932409 1.19783 1.09512 1.03292 0.897363 0.940425 
0137 0.105947	0.895977 1.00875 0.848507 1.03722 0.926261 0.8537 0.845799 1.10675 0.7635 0.915307 
0140 0.0625362	0.935098 0.933282 0.920397 0.78315 0.962925 0.995469 1.00049 0.736779 1.01579 0.961908 
0141 0.127678	2.2294 1.02024 0.974584 1.04095 0.913289 1.16316 1.07969 1.1341 0.837392 1.05785 
0142 0.0473364	0.584843 0.835151 0.902414 0.97343 0.913155 0.871392 0.783813 0.854674 0.86422 1.04132 
0143 0.189346	1.00187 0.950945 1.08682 1.15596 0.998592 1.00167 1.00468 0.889014 1.1772 1.01582 
0144 0.165026	1.24179 0.828198 0.902933 0.941516 0.793059 0.870285 0.791355 1.21602 0.715754 0.905815 
0145 0.188043	0.697746 0.942448 1.0014 0.99047 1.05776 0.851771 0.897576 1.04714 1.03918 1.01698 
0146 0.0952519	1.41071 0.857117 1.0543 1.17429 0.965162 1.07815 1.1462 1.00721 1.07206 1.01706 
0147 0.124783	0.493109 0.99173 1.09188 0.92335 1.19764 1.00425 1.05608 0.865804 1.44008 1.11745 
0150 0.136861	0.704869 1.01047 0.852921 0.872786 0.920143 0.944859 1.03003 0.811559 0.925439 0.962301 
0151 0.131867	1.44405 1.02578 1.04822 1.11996 0.927212 1.22556 1.19388 1.07746 1.00733 0.968829 
0152 0.212579	0.706212 0.962807 1.01973 0.905465 1.0637 0.957928 1.06151 0.849848 1.26775 1.04354 
0153 0.0869213	1.71321 0.989593 0.889941 0.914418 0.825452 1.07098 0.941981 0.984724 0.710003 0.906553 
0154 0.151033	0.874712 0.868809 0.941532 1.20043 0.874888 1.00639 0.923894 1.30036 0.777007 0.915807 
0155 0.108517	0.828 1.00912 0.97864 0.768723 0.891561 0.943439 0.939885 1.14851 0.803463 0.987606 
0156 0.0643812	2.74883 1.10568 0.938609 1.01097 0.904556 1.18587 1.02482 1.0159 0.730693 0.874924 
0157 0.107842	0.663282 0.960384 1.23633 1.08918 1.18001 1.05801 1.13589 1.08581 1.42594 1.16409 
0160 0.208758	1.01935 1.05073 0.974852 0.924913 1.00739 1.01906 1.16317 1.05775 1.12759 1.06919 
0161 0.0881273	2.63469 1.23271 1.0211 1.08754 0.877231 1.14933 1.13872 1.26679 0.876457 1.05254 
0162 0.0512716	0.929546 1.08025 0.94657 1.05894 0.831328 0.9443 0.870838 1.52188 0.683059 0.965628 
0163 0.132599	0.844689 0.950143 0.833495 0.995258 0.815148 0.936031 0.836513 0.982272 0.682402 0.892706 
0164 0.233646	0.631787 1.05664 0.936695 0.873022 1.02426 0.906497 0.957939 0.792526 1.23786 1.01506 
0165 0.124303	1.56388 1.10781 0.877613 1.01753 0.963582 1.01872 1.09417 0.830346 0.892251 0.963845 
0166 0.109479	0.648994 1.06672 1.04819 1.07058 0.907503 1.11953 1.00562 0.990164 1.05821 0.964656 
0167 0.0518156	0.706973 1.11241 1.1253 1.24917 1.2336 1.08545 1.28096 0.669221 1.49611 1.08341 
0170 0.165354	0.846341 1.05774 1.04847 1.03604 1.13701 1.06546 1.17627 0.856947 1.32888 1.14611 
0171 0.0731159	1.26209 0.861795 0.912634 1.16659 1.07672 0.939636 1.06251 0.791961 1.09758 1.041 
0172 0.212036	0.598921 0.803575 1.00438 1.06682 1.02281 0.817091 0.897236 0.964438 1.21054 1.05604 
0173 0.0534308	1.88854 0.95151 1.00247 0.847442 0.878675 1.13111 1.00372 1.06011 0.800538 0.837238 
0174 0.0922385	0.660737 0.95552 0.871451 0.774527 0.953935 0.858157 0.923815 0.778899 1.02501 0.986205 
0175 0.146232	0.789911 0.975267 1.10474 1.07051 1.03352 1.02785 1.02156 1.13649 1.15731 1.1176 
0176 0.0776153	0.506133 0.866109 1.05003 1.01172 0.942883 0.870821 0.804304 1.33363 0.871494 0.970576 
0177 0.179978	0.938385 0.989534 0.92016 1.06572 0.936713 0.927602 0.907102 1.25338 0.828711 1.02008 
1000 0.179832	0.857531 0.963948 0.890377 0.887931 0.943065 0.952684 0.906411 0.793632 0.834347 0.903668 
1001 0.168067	1.00575 1.00052 1.1481 1.09474 0.945408 1.04052 1.04712 1.12536 0.946022 1.07992 
1002 0.141176	1.12716 1.00681 1.02755 1.08178 1.02583 0.995473 1.27088 0.817067 0.933144 0.989613 
1003 0.0806723	0.365754 0.95537 1.2394 1.12023 1.1441 1.0589 1.16359 0.917962 1.63168 1.06216 
1004 0.0991597	0.560649 1.16038 0.95389 0.895281 1.03345 0.970063 1.12646 0.855187 1.05975 1.14239 
1005 0.139496	1.36866 1.08745 0.91385 0.90537 0.882151 1.05894 1.03024 1.07513 0.75325 0.936052 
1006 0.087395	0.666087 1.06731 1.11587 1.06259 1.10412 1.07682 1.07892 0.931056 1.23212 0.994162 
1007 0.104202	0.421542 1.04075 0.9006 0.925163 0.982297 0.814131 0.999799 0.746949 1.17531 0.975404 
1010 0.083901	1.0868 1.02738 1.05765 0.818193 1.16466 1.02359 1.15125 1.12851 1.22723 1.15999 
1011 0.117963	2.30883 1.0799 0.998448 0.906924 1.03736 1.12164 1.09276 1.23479 0.914612 1.0057 
1012 0.234493	0.566702 0.998258 0.99143 0.988592 1.0683 0.89907 0.983579 1.04257 1.04946 0.987103 
1013 0.276802	1.17282 0.967347 0.954424 1.04873 0.907558 1.07451 0.883837 1.31055 0.696572 0.827755 
1014 0.0584439	0.570286 1.08729 1.13534 1.02653 1.18367 1.16078 1.02368 0.989646 1.3754 1.0123 
1015 0.069559	0.721393 0.873848 0.815589 0.875034 1.00152 0.803224 0.776864 0.799071 0.901675 0.872772 
1016 0.0846181	0.514629 0.950507 0.917879 0.756104 1.06683 0.877224 0.865229 0.758336 1.25596 1.00788 
1017 0.0742202	0.295097 0.910966 1.05966 0.946059 1.28936 0.923459 1.05066 0.885573 1.64417 1.17194 
1020 0.2038	1.46417 0.86687 0.927203 0.9205 0.832029 1.04494 0.941677 1.07897 0.8124 1.03127 
1021 0.0518135	0.628267 0.856129 1.15134 0.978888 1.02034 1.01988 1.09183 1.24214 1.49243 1.16464 
1022 0.100173	0.847132 0.859313 1.07192 1.66038 1.06278 1.05264 0.87608 1.03962 1.04466 1.06206 
1023 0.177893	0.948648 1.04605 1.06622 1.30319 1.08936 1.0437 1.1824 1.40153 1.10679 1.11956 
1024 0.151986	1.04204 0.853571 1.14303 1.15945 1.03082 1.17218 1.08561 1.08133 1.35664 1.10891 
1025 0.16753	0.852935 0.80669 0.917827 0.923653 0.929476 0.869455 0.904692 0.957186 0.996109 0.993936 
1026 0.0656304	3.33837 0.948814 0.934824 1.39283 0.847869 1.0804 0.924221 1.10226 0.681332 0.935247 
1027 0.0811744	0.46809 0.972998 0.94476 0.948626 0.970828 0.759788 0.856702 1.26374 1.03306 1.06803 
1030 0.0785781	1.67475 0.942618 0.928422 0.894394 0.899034 0.995499 0.884024 1.15361 0.864208 1.08567 
1031 0.251637	0.403896 0.921013 1.0009 0.937967 1.08635 0.907479 1.03523 0.961738 1.29366 1.09509 
1032 0.0851263	1.71128 0.912307 1.0962 1.01867 1.00466 1.03024 1.09246 0.965165 1.11376 1.05828 
1033 0.0748363	0.930398 1.02517 1.17701 0.757191 1.32355 0.938064 1.12604 0.817288 1.67323 1.19031 
1034 0.0841908	3.66954 1.06776 0.943655 1.24132 0.985631 1.13646 1.0948 1.29928 0.745663 0.974003 
1035 0.0785781	1.09783 1.01875 0.956152 0.819199 0.973716 0.990693 1.05009 1.02009 0.991662 1.0969 
1036 0.192703	0.870566 0.820106 0.921984 0.984218 0.975149 0.984234 0.805074 0.854765 0.927665 0.908701 
1037 0.15435	2.09516 0.887135 0.880784 0.979579 0.848942 0.900608 0.909884 1.15337 0.728796 0.848769 
1040 0.0610778	1.15979 1.18153 1.09203 0.892814 0.962637 1.17776 1.0274 1.29319 0.825286 0.956472 
1041 0.237126	1.01229 1.01245 0.938495 1.03393 0.937155 0.933901 0.890632 1.21146 0.745217 0.853115 
1042 0.0826347	0.571772 1.02671 1.23035 1.01642 1.05025 0.982059 1.13796 1.21332 1.19805 1.05078 
1043 0.14491	0.231217 1.12452 1.16396 0.862181 1.3073 0.915847 1.08542 0.653573 1.52515 1.05723 
1044 0.101796	0.274344 1.00549 0.973971 0.938082 0.9989 0.907376 0.994326 0.84143 1.10229 0.945385 
1045 0.192814	0.969633 1.07502 0.930521 1.02053 1.02349 0.877425 1.02428 0.900208 0.916937 0.815249 
1046 0.0586826	0.933349 1.08311 1.12381 1.22828 1.07702 0.98797 0.904164 1.07747 1.00591 0.969125 
1047 0.120958	0.734937 1.09586 1.08651 1.06459 1.04634 0.991255 1.10842 0.742166 1.06296 0.895286 
1050 0.0825843	1.12453 1.07677 0.843935 0.931003 0.868325 0.881088 0.899857 1.0615 0.655984 0.811256 
1051 0.236517	1.3241 0.996625 0.914752 1.06705 0.915855 0.994863 1.11568 1.07539 0.92086 1.00556 
1052 0.135393	1.92699 0.8858 1.01726 1.11211 1.01236 1.03312 1.19969 1.14919 1.2213 1.03818 
1053 0.0831461	0.921884 0.952384 1.15633 0.957793 1.18994 0.995529 1.17698 0.796636 1.67207 1.13467 
1054 0.153371	0.769857 0.903227 1.02638 0.973056 0.980252 0.933514 0.881929 0.985786 1.10613 1.00584 
1055 0.0629213	1.44936 1.0027 1.06996 0.898237 0.972243 1.02263 1.12477 0.887108 1.26812 1.06178 
1056 0.108989	3.9179 1.02845 1.0485 1.21346 0.964226 1.10696 1.13638 1.13799 0.784848 1.04812 
1057 0.137079	0.736462 1.03478 1.06673 0.835515 1.12104 0.859794 1.07142 0.955307 1.42152 1.14477 
1060 0.0962733	1.06245 1.06874 1.04595 1.21969 1.02288 1.06711 1.0178 1.33017 0.79968 1.06768 
1061 0.121118	2.65505 0.975141 1.12197 1.04555 0.99883 1.18704 1.18234 1.00192 0.908017 0.982706 
1062 0.122671	0.671563 0.827079 0.959261 1.10027 1.03754 1.02146 0.894484 0.923066 1.03293 0.978747 
1063 0.0916149	0.688863 0.86997 0.921709 1.05814 0.877308 0.905715 0.873151 0.999424 0.793778 0.88143 
1064 0.274845	0.637794 0.870262 1.08699 0.956407 1.01645 0.977062 0.968153 0.838589 1.19622 1.0181 
1065 0.122671	0.382405 1.0137 1.16198 0.919438 1.33104 0.990273 1.05141 0.739164 1.58749 1.06637 
1066 0.0869565	1.58924 0.966726 1.03702 1.33404 1.06087 1.11778 0.844102 0.92662 0.839027 0.895433 
1067 0.0838509	1.41988 0.837262 0.875806 1.13792 0.859704 0.897893 0.929823 1.04961 0.71566 0.894677 
1070 0.201604	1.49535 1.10321 1.04466 0.981894 0.960758 1.03415 0.956095 1.06457 0.965359 1.01584 
1071 0.126575	0.349023 1.10674 1.10985 1.06093 1.02739 1.04659 0.967938 0.93108 1.26434 1.10528 
1072 0.112829	1.72668 1.13288 1.10716 0.879744 0.980268 1.10628 1.12183 1.06956 1.01706 1.07291 
1073 0.0624284	1.52333 1.04377 0.862378 1.03615 0.84361 0.986388 0.808789 1.25547 0.603858 1.00028 
1074 0.179267	1.14848 0.959293 0.92958 1.02958 0.855667 0.954178 0.87525 1.01569 0.75588 0.966179 
1075 0.155212	0.577103 0.929917 0.967912 1.07133 1.00357 0.924055 0.894793 0.896482 1.09735 1.04731 
1076 0.0584192	0.931223 0.948294 1.14492 0.855016 1.0452 1.0983 0.940045 0.660076 1.3533 1.00247 
1077 0.103666	1.58989 0.952812 1.12022 1.04316 1.18311 1.05553 1.16412 0.736382 1.57198 1.22033 
1100 0.136202	0.437942 1.01034 1.1127 0.918093 1.11493 0.974713 0.986808 1.00372 1.3339 1.08907 
1101 0.0579659	0.645093 1.23301 1.21964 1.0656 1.15865 1.16478 1.28441 0.834278 1.57103 1.19528 
1102 0.182788	2.04438 1.01662 1.00026 1.17133 0.99025 1.13948 1.12938 1.02122 0.923835 1.08929 
1103 0.0593883	0.877176 1.05091 1.07312 1.06166 1.08373 1.14268 1.01348 0.663807 1.17339 0.876332 
1104 0.0490754	0.653092 1.04689 1.27381 1.32338 1.08599 1.07106 1.03207 1.25437 1.13809 0.947426 
1105 0.159673	0.760557 0.898966 0.985444 0.905645 0.956318 0.893134 0.958815 0.950406 0.960541 0.948364 
1106 0.135491	1.93027 1.0826 0.925375 0.987809 0.909077 1.08078 0.941435 1.42209 0.721138 1.01562 
1107 0.219417	0.938451 1.0997 0.872069 1.04565 1.01591 1.01535 0.898413 0.758942 0.880433 0.914918 
1110 0.0967521	1.30571 1.07338 1.28951 1.05229 0.963643 1.35424 1.08808 1.2673 1.01872 1.06017 
1111 0.071453	0.389533 1.03 1.12326 0.9228 1.15329 0.986235 1.0144 0.770054 1.54724 1.1512 
1112 0.137436	0.553233 1.02157 1.02175 0.915077 1.09327 1.06195 0.951913 0.737731 1.21133 0.881213 
1113 0.200342	1.37296 0.96917 0.909178 0.913508 0.902371 0.985367 0.918505 1.12217 0.802448 0.924393 
1114 0.172991	0.358437 0.988375 0.997068 0.837399 0.979358 0.8622 0.869468 0.919727 0.967019 0.933916 
1115 0.18735	1.0725 0.984096 1.02734 0.801829 0.987458 0.937391 1.01911 0.864012 1.13104 1.02654 
1116 0.0687179	2.90476 1.09337 1.06567 1.03262 1.08379 1.20654 1.10908 1.03806 0.850302 0.954249 
1117 0.0649573	0.551835 1.03074 1.18863 1.04223 1.0196 1.03937 0.988303 1.28108 1.29622 1.0984 
1120 0.0591918	1.33051 1.0256 1.21047 1.47933 1.08258 1.22788 1.28254 0.878719 1.14688 1.00262 
1121 0.289698	1.14159 0.904665 0.912864 1.12216 0.925667 0.845463 0.961814 1.23277 0.794719 0.88968 
1122 0.166192	0.602341 1.10596 1.0917 0.993524 1.22676 1.03364 1.15261 0.772028 1.45308 1.02226 
1123 0.124644	0.560265 0.959738 0.842753 1.17107 1.05318 0.860395 0.84874 0.782035 0.913296 0.94386 
1124 0.0796813	0.927883 1.00381 0.81874 0.899748 1.00967 0.932766 0.99394 0.791697 1.01887 0.979745 
1125 0.142288	1.14004 1.02351 1.08561 1.29626 1.03432 1.12043 1.07686 1.06432 1.02158 1.06964 
1126 0.0620376	0.720964 1.19858 0.956448 0.994365 1.05988 1.13384 0.999288 0.905031 0.980804 0.997184 
1127 0.0762664	1.51377 0.924297 1.01939 0.953884 1.05652 0.988468 0.934084 0.912449 1.0446 0.948103 
1130 0.141884	0.966648 1.06715 1.0976 1.14752 1.17448 1.09611 1.1132 1.03701 1.31689 1.02255 
1131 0.127128	0.59833 0.954216 0.9286 0.939664 0.866343 0.845946 0.946173 1.33406 0.919 1.01522 
1132 0.0692395	1.77542 0.919002 0.978171 1.08349 0.917309 0.940056 0.917963 1.50323 0.73527 0.962713 
1133 0.197124	0.561833 0.939016 0.957804 0.875597 1.07116 0.804745 1.0155 0.792004 1.32224 1.08747 
1134 0.113886	2.70188 0.972099 0.945105 1.2693 0.990208 1.04077 1.13732 1.17014 0.852547 0.953895 
1135 0.061294	0.602893 0.876856 0.989816 0.837852 0.975055 0.906205 0.992015 1.18749 1.09017 1.0659 
1136 0.0707529	0.904233 0.960351 0.804851 0.961845 0.985938 0.833973 0.877065 0.878875 0.804919 0.956964 
1137 0.218691	0.963154 0.953993 0.850858 0.965421 1.02545 0.953815 0.969412 0.811329 0.961692 0.910893 
1140 0.12253	0.632931 0.992151 1.02765 0.934202 0.872524 1.03784 0.896514 1.09562 0.861562 0.92971 
1141 0.207263	1.09894 1.07495 0.988314 0.997785 0.914708 1.00722 1.08446 1.03033 0.810441 0.913167 
1142 0.0469368	0.397897 0.946242 0.981068 0.933964 1.05214 0.937075 0.86434 0.584392 1.11542 0.892283 
1143 0.0995553	0.814047 0.882199 0.842508 0.821718 0.950705 0.819939 1.04452 0.789127 0.947662 0.915926 
1144 0.12747	0.86137 0.983673 1.03597 0.955275 1.00784 1.00446 0.978965 1.13768 1.04258 0.998447 
1145 0.195158	0.953128 1.08945 1.03724 0.880463 0.985271 1.05604 1.26107 0.906316 1.17558 0.956214 
1146 0.0837451	0.880195 0.946816 0.829272 0.951299 0.865605 0.948456 0.813878 0.946316 0.716205 0.847035 
1147 0.117342	0.283763 1.02648 1.15179 0.933876 1.07389 1.05406 1.10686 0.911874 1.48962 1.09492 
1150 0.186418	0.557833 1.09445 0.96994 0.957691 1.02954 0.879488 0.943006 0.934313 0.88216 0.986534 
1151 0.100133	0.814378 1.02199 0.944299 0.871116 1.01907 1.07124 1.02047 0.702183 1.13965 0.954592 
1152 0.152863	2.17869 1.13562 1.06519 1.16504 1.04409 1.1612 1.26135 1.09356 0.960469 0.936949 
1153 0.115313	0.649298 1.09074 1.14899 1.02298 1.04123 1.05912 1.04036 1.20487 1.1443 1.05728 
1154 0.137683	0.48937 1.09864 1.06626 0.958199 1.15949 1.01082 1.1789 0.944558 1.39616 1.09395 
1155 0.0466045	0.91335 1.00922 0.969503 1.0434 0.835981 1.03643 0.996317 1.5589 0.693831 1.05932 
1156 0.127297	0.852559 1.051 1.04317 0.962851 1.05876 1.05478 1.15768 0.733146 1.1848 0.967452 
1157 0.133688	1.53033 0.958213 0.895146 1.01305 0.856369 0.956913 0.902054 0.96609 0.682355 0.721524 
1160 0.157356	1.5733 0.909592 0.941086 1.05227 0.91374 1.06109 0.945005 1.18531 0.773557 0.964042 
1161 0.147122	0.85869 1.03415 0.925659 0.819418 0.981195 0.920852 1.01043 0.749007 1.06551 1.00144 
1162 0.113006	1.24152 1.00682 1.13218 1.08465 1.0704 1.13848 1.15462 0.944956 1.18175 1.01924 
1163 0.163753	0.450319 1.10686 1.07142 0.93508 1.16715 1.00093 1.00569 0.912549 1.53319 1.15368 
1164 0.108742	0.611667 0.95416 0.982519 1.1188 1.04174 0.945055 0.90192 0.855662 1.08846 0.916421 
1165 0.121962	1.56519 1.00428 0.90067 1.06833 0.854082 1.02643 0.856626 0.88826 0.773992 0.824827 
1166 0.117697	0.408424 1.01116 1.0586 0.937727 1.09121 0.963702 0.909359 1.12855 1.14408 1.05662 
1167 0.0703625	2.40928 1.22452 0.969554 1.02868 1.00508 1.32014 1.17843 0.948365 0.926164 1.05525 
1170 0.198759	1.36989 1.09221 0.997598 0.869772 1.19064 1.04139 1.0496 0.734785 1.31715 1.10354 
1171 0.224144	1.35499 1.05071 1.01076 1.01302 0.920327 1.08 0.949395 1.11517 0.770849 0.94026 
1172 0.0471982	2.31649 0.91008 0.787074 1.15728 0.936422 0.893591 0.916516 0.756005 0.766569 0.898715 
1173 0.0520873	1.23987 1.15435 1.19382 1.16562 1.05531 1.14755 1.14775 1.37364 1.02487 1.03996 
1174 0.127303	0.374908 0.996061 1.08468 1.06014 1.14199 0.976839 0.944673 0.94323 1.36767 1.19394 
1175 0.0825498	1.36813 1.14581 0.993146 1.30643 1.10901 1.04478 1.1742 1.00713 1.11755 1.09624 
1176 0.220572	0.710406 1.02852 0.942271 0.921846 1.04037 0.970559 0.855861 0.98847 0.953496 1.01153 
1177 0.0473862	1.74747 1.02425 1.06422 1.26057 0.951406 1.19408 1.06582 0.91446 0.866932 1.03156 
BOUNDS
LWPS R    0.0  0.0  0.0  0.0  0.0  0.0  0.0  0.0  0.0  0.0
UWPS R    0.5  0.5  0.5  0.5  0.5  0.5  0.5  0.5  0.5  0.5
LXAS R   -0.5 -0.5 -0.5 -0.5 -0.5 -0.5 -0.5 -0.5 -0.5 -0.5
UXAS R    0.5  0.5  0.5  0.5  0.5  0.5  0.5  0.5  0.5  0.5
END
