NAME moment_estimation_cluster
ASSETS 10
BENCHMARKS 0.1 0.1 0.1 0.1 0.1 0.1 0.1 0.1 0.1 0.1 
COVARIANCES
0 0 0.00455602
1 0 0.000347527
1 1 0.0012229
2 0 0.00383611
2 1 0.000835735
2 2 0.00451185
3 0 0.00305591
3 1 0.000322011
3 2 0.00287788
3 3 0.0033879
4 0 0.000479608
4 1 0.000278717
4 2 0.000279605
4 3 -0.00108827
4 4 0.00268034
5 0 0.00749292
5 1 0.000594612
5 2 0.00713444
5 3 0.00591183
5 4 0.000168289
5 5 0.0145892
6 0 0.00160486
6 1 0.000134608
6 2 0.00130685
6 3 0.0014827
6 4 3.4038e-05
6 5 0.00290829
6 6 0.00122495
7 0 -0.00615904
7 1 -1.56987e-05
7 2 -0.00812446
7 3 -0.00533129
7 4 0.00102785
7 5 -0.0130073
7 6 -0.00177113
7 7 0.0222924
8 0 0.00448231
8 1 0.000334965
8 2 0.00443712
8 3 0.00358305
8 4 -0.000223633
8 5 0.00823317
8 6 0.00169714
8 7 -0.00875288
8 8 0.00537027
9 0 0.00110372
9 1 -0.000230609
9 2 0.000729249
9 3 0.00120252
9 4 -0.000600015
9 5 0.0017146
9 6 0.000583701
9 7 -0.00143095
9 8 0.00131978
9 9 0.000828548
SCENARIOS
0 0.42436	1.04654 1.00691 1.04061 1.05225 0.966661 1.07322 1.00219 0.923213 1.0492 1.0164 
1 0.57564	0.992811 1.00629 0.987682 0.971753 1.03032 0.982633 0.968839 1.03652 0.977862 0.986418 
00 0.731431	1.00868 1.00275 1.03762 1.02879 0.991633 1.1455 1.00835 0.9549 1.04805 1.01191 
01 0.268569	0.914052 0.989332 0.900486 0.916397 1.0005 0.80694 0.983254 1.17889 0.896788 0.982858 
10 0.821677	0.96953 0.997893 0.973744 0.975394 0.995626 0.916433 1.02378 1.09957 0.986274 1.00484 
11 0.178323	1.12266 1.01884 1.11755 1.10395 0.995992 1.25053 1.08739 0.841618 1.17692 1.03957 
000 0.0803183	1.24022 1.00198 1.1662 1.15827 1.03143 1.27454 1.10264 0.714551 1.2206 1.03263 
001 0.162505	1.08806 1.00065 1.09713 1.05839 1.02645 1.08519 1.00657 0.785276 1.10304 1.03059 
002 0.0831535	1.1281 1.01348 1.04778 1.01853 1.09455 1.0488 1.03669 1.0216 1.05553 0.996044 
003 0.114662	0.920063 1.00825 0.863004 0.928479 0.940178 0.753128 0.97295 1.29937 0.881402 0.965132 
004 0.103161	0.927423 0.98205 0.958679 1.0209 0.89567 0.9195 1.03117 0.899115 0.966048 1.02754 
005 0.119302	0.972194 0.993553 0.958895 0.920583 1.08564 0.84224 0.997196 1.13192 0.929232 0.95095 
006 0.0738748	1.02832 0.990635 1.04622 1.11092 0.892561 1.02083 1.06425 0.833249 1.06314 1.06376 
007 0.263024	0.982223 0.987458 0.980618 0.976449 0.999394 0.919008 0.991733 0.960873 0.937299 0.989672 
010 0.0836185	1.07574 0.988937 1.11945 1.06385 0.983095 1.26951 1.02318 0.725727 1.102 0.995892 
011 0.229095	0.961805 0.956942 0.980131 0.992555 0.965087 1.03793 0.974469 0.922245 0.950404 0.971759 
012 0.155041	0.983129 0.989954 0.965655 1.04529 0.930013 1.04637 1.00471 1.1012 0.959761 1.01551 
013 0.0949373	1.01159 1.08034 1.03746 1.02637 1.02217 1.06861 1.03163 1.12028 1.00316 0.975888 
014 0.051768	1.11221 1.01571 1.13552 1.1171 1.0447 1.3191 0.994628 0.86146 1.15122 1.01844 
015 0.0528209	1.08258 0.955161 1.07552 1.12291 0.957101 1.21702 1.0425 0.939024 1.10262 1.0637 
016 0.1539	1.08658 0.995325 1.06227 1.00062 1.12936 1.23037 1.01168 0.970313 1.06269 0.980458 
017 0.178819	0.916659 0.977423 0.913654 0.926511 1.01851 0.866456 0.98068 1.30068 0.947309 0.992834 
100 0.182076	0.966546 1.01499 0.964467 0.988623 0.988379 0.985207 1.00446 1.15609 0.927608 0.985751 
101 0.0801285	1.07871 1.04134 1.16444 1.04961 1.03871 1.19012 1.03547 0.658099 1.12364 0.982768 
102 0.0796211	0.892056 0.967134 0.892581 0.870641 1.0857 0.803012 0.909453 1.20647 0.847676 0.939608 
103 0.223366	1.06886 0.977407 1.02632 1.03393 1.06883 1.14382 1.01382 0.946159 1.0536 0.995635 
104 0.0509313	1.04799 1.02257 1.07398 0.943859 1.15896 1.03134 1.02807 0.954782 0.977173 0.948401 
105 0.138121	1.05172 1.00052 1.04162 1.11244 0.900102 1.19876 0.999056 0.834537 1.05377 1.03427 
106 0.114548	1.05225 0.967208 1.0889 1.09145 0.974632 1.23111 1.00012 0.740466 1.0818 0.996843 
107 0.131208	0.918803 0.966203 0.907136 0.953033 0.920258 0.880047 0.951044 1.02439 0.948487 0.976802 
110 0.222114	1.06272 0.995185 1.08662 1.06263 0.989029 1.1337 1.01603 0.920143 1.02197 1.00461 
111 0.0757915	1.09438 1.01077 1.14918 1.13707 0.985052 1.29968 1.10651 0.758918 1.10437 1.02279 
112 0.218802	0.91201 0.966184 0.932865 0.983474 0.956828 0.877524 1.01968 1.12691 0.906109 0.99131 
113 0.0653678	0.955489 1.01333 1.01889 1.06313 0.880333 0.997235 1.00798 0.895461 1.00541 1.02537 
114 0.0831953	1.13832 1.01176 1.05084 1.01827 1.11906 1.16842 1.01629 0.849009 1.06656 0.97948 
115 0.148076	0.951544 1.00302 1.03782 0.950387 1.06273 0.951779 0.969205 0.855803 0.944205 0.945584 
116 0.121481	1.0286 1.04399 1.03358 0.996113 1.03227 1.00373 1.0366 1.01602 0.945714 0.985816 
117 0.0651729	1.00154 1.00044 0.956774 0.926133 1.1532 0.878291 0.950952 1.24923 0.918712 0.953914 
0000 0.0713999	0.936135 1.04553 1.08682 0.980065 1.02885 0.98732 1.01779 0.824751 0.972397 0.957498 
0001 0.084637	1.00752 0.943654 1.01482 1.07647 0.877715 1.0813 0.99802 1.08311 1.03568 1.09319 
0002 0.103891	0.991975 1.01464 1.03166 0.991419 0.984643 1.05846 0.988613 0.980653 0.97421 1.00231 
0003 0.13197	0.870359 1.01175 0.890719 0.923326 1.04463 0.838568 0.956953 1.29044 0.8599 0.988991 
0004 0.23225	1.0875 0.997938 1.11024 1.09267 0.998837 1.25286 1.02341 0.734888 1.12831 1.05637 
0005 0.115523	0.925699 0.985259 0.952131 0.988479 0.897083 0.941415 0.946365 1.08118 0.91076 1.00714 
0006 0.13919	0.901868 1.08396 1.03519 0.978832 0.964175 0.954622 0.974953 1.10412 0.986375 0.991083 
0007 0.121139	1.00268 1.02292 1.03221 0.940658 1.10793 0.932222 0.968396 1.06488 0.958059 1.01105 
0010 0.0981364	0.909406 0.932652 0.883286 0.963527 0.92654 0.868979 1.00377 1.084 0.89462 0.986181 
0011 0.169112	1.06599 0.977952 1.05713 1.10222 0.939612 1.14318 1.03443 0.748767 1.07777 1.018 
0012 0.119548	0.958978 0.985194 0.962143 0.978049 0.92586 0.957527 0.997556 0.839543 0.960674 0.982439 
0013 0.125496	1.01936 0.995461 0.943441 1.01602 0.983115 1.01508 1.08821 1.40748 0.991662 1.00174 
0014 0.12609	1.08523 1.0676 1.08907 1.02381 1.02733 1.18603 1.07482 0.816971 1.06848 0.968167 
0015 0.213323	1.0013 0.97634 1.00235 0.961716 1.08969 1.00323 1.04757 1.0349 0.963219 0.955527 
0016 0.0945678	1.0089 1.02761 1.03155 1.0103 0.967184 1.03108 1.02868 0.988194 1.04384 0.9968 
0017 0.0537272	0.928563 1.0049 0.907608 0.874864 1.0735 0.804215 1.03464 1.1346 0.945651 0.947732 
0020 0.139868	0.971332 1.01762 0.976308 1.02413 1.00169 1.00516 1.00514 1.06675 0.997798 1.00322 
0021 0.106935	0.940883 0.964114 0.995413 0.938276 1.00001 0.845045 0.951486 0.93191 1.0037 1.00238 
0022 0.0484308	0.950076 1.00871 0.927625 0.918183 1.09841 0.935379 0.953778 1.24956 0.887539 0.923704 
0023 0.0697404	1.04979 1.01071 1.06337 0.965928 1.1449 1.05637 0.99327 0.998466 0.984774 0.982806 
0024 0.110422	1.07571 0.997938 1.13306 1.06632 1.02902 1.24277 1.02532 0.803433 1.1161 1.06026 
0025 0.153429	1.00653 1.05236 1.05284 1.0342 1.03161 1.06597 1.03338 0.967241 1.00754 0.958926 
0026 0.210771	0.968923 0.975624 1.01635 1.05242 0.943201 1.03492 1.06997 0.935428 1.02851 1.01986 
0027 0.160403	0.913003 1.01331 0.913359 0.971198 0.992903 0.867569 1.015 1.1508 0.915116 1.00665 
0030 0.237426	0.933903 0.973544 0.934119 0.938892 1.07976 0.877667 0.996651 1.20254 0.922178 1.01423 
0031 0.107895	1.06497 1.0705 1.0849 1.05778 1.01766 1.03395 1.07472 1.1103 1.03539 1.04726 
0032 0.143299	0.900741 0.989125 1.00858 0.993551 0.938693 0.96147 1.00128 0.971532 0.922665 1.01576 
0033 0.050576	0.852656 1.02488 0.893349 0.950223 0.96975 0.703812 1.00184 1.34385 0.818931 1.00918 
0034 0.0618151	0.861628 0.901447 0.937575 0.937015 0.92088 0.852814 0.907594 0.912116 0.888771 1.00161 
0035 0.157067	1.01856 1.00275 1.11491 1.09462 0.971734 1.1643 1.01022 0.77146 1.08403 1.01619 
0036 0.122225	0.945588 0.962293 1.07459 1.01606 1.02451 1.02573 1.01705 0.813323 1.00386 1.00686 
0037 0.119697	0.998253 0.93911 1.01337 1.08852 0.912433 1.0809 1.06204 1.02809 1.05481 1.09264 
0040 0.0915053	0.89498 0.978069 0.886214 0.953881 0.968493 0.819069 0.914292 1.2415 0.922957 0.984934 
0041 0.165209	1.10914 0.975757 1.04922 1.04307 1.01759 1.00594 0.966541 0.998403 1.05487 1.01932 
0042 0.095253	1.00086 1.03705 0.953704 1.0057 0.995541 0.958239 0.948807 1.3212 0.957304 0.965386 
0043 0.129294	1.18347 0.998171 1.16007 1.1188 0.980846 1.17209 1.02167 0.77563 1.22537 1.0442 
0044 0.144909	1.0768 1.06673 1.05521 0.993143 1.03362 1.00958 0.997389 1.06982 1.00434 0.925361 
0045 0.188632	1.07266 0.993492 1.0538 0.969615 1.05581 1.0418 0.970825 1.01515 1.04877 0.995049 
0046 0.101187	1.0014 0.978742 1.01338 1.03119 0.926222 0.986439 0.983402 1.02172 0.981309 1.01689 
0047 0.08401	0.992846 1.01099 0.989979 0.946379 0.983933 0.93236 0.942304 1.05046 0.996219 0.948955 
0050 0.161221	1.00728 1.03977 1.02676 0.989726 1.06053 1.09117 1.0143 1.07869 1.03541 1.0241 
0051 0.192817	0.936353 1.00702 0.93651 0.922242 1.05209 0.845556 0.925305 1.13812 0.894599 0.961905 
0052 0.140967	0.951333 1.00098 0.936584 1.01709 0.953882 1.00138 1.02106 1.12971 1.00955 1.01532 
0053 0.0394275	0.884407 0.964851 0.898266 0.921097 0.920075 0.809903 0.952755 1.01036 0.896937 0.981709 
0054 0.0931677	0.887213 0.960289 0.920718 0.967863 0.979733 0.918754 0.975205 0.988111 0.924157 1.02261 
0055 0.0459087	1.02474 0.980483 1.02666 0.958629 0.987013 1.01675 1.00484 0.821433 0.996221 0.994464 
0056 0.134486	1.01965 1.05 1.06922 1.07695 1.01011 1.09802 1.01467 0.929618 1.07993 1.02903 
0057 0.192006	1.07469 1.05172 1.14475 1.07033 1.03861 1.27954 1.07469 0.733285 1.17351 1.01518 
0060 0.102486	1.11237 1.042 1.03134 1.07814 1.02246 1.13608 1.03936 1.2412 1.01945 0.992189 
0061 0.0697776	0.88338 1.06527 0.917907 0.923577 0.998642 0.785673 0.940824 1.29277 0.893857 0.937013 
0062 0.0959442	1.13705 1.04654 1.11925 1.13642 0.954496 1.22721 1.01125 0.777783 1.18226 1.03555 
0063 0.142172	0.974458 1.01346 0.919206 0.940694 1.10767 0.910617 1.00612 1.46349 0.943801 0.982845 
0064 0.215438	1.03405 1.02601 1.00256 1.0249 1.07433 1.0171 0.962524 1.21163 0.965289 0.977107 
0065 0.0693415	1.09421 1.04103 1.12448 1.02108 1.07473 1.18126 1.05826 0.861503 1.098 1.0073 
0066 0.184038	1.00384 0.99588 0.912378 0.995308 0.957946 0.863369 0.955838 1.27675 0.958531 1.01729 
0067 0.120802	1.05418 1.00099 1.02471 1.01838 0.927926 1.04509 1.04155 0.882344 1.06163 1.00462 
0070 0.14368	1.04739 1.04229 1.04978 1.02013 1.01406 1.0157 1.0048 0.845282 1.07244 0.9863 
0071 0.0531602	0.92385 0.977068 0.910953 0.896301 0.990748 0.775828 0.989558 1.1723 0.934664 0.964104 
0072 0.0652866	1.14121 1.03725 1.07768 1.03644 1.09159 1.07388 1.06306 0.927777 1.13082 1.02534 
0073 0.160706	1.08014 1.0159 1.08685 1.1023 0.988992 1.20137 1.07121 0.809839 1.16913 1.02735 
0074 0.200147	0.988767 0.987159 0.974888 1.05633 0.963007 0.989863 1.03053 0.985269 1.045 1.01396 
0075 0.177732	0.99733 0.96526 0.985881 0.949457 1.04297 0.902523 1.00246 1.0357 1.0054 0.987359 
0076 0.0682264	0.968137 0.939944 0.886961 0.990947 0.983799 0.889618 1.02892 1.36091 0.922325 1.04148 
0077 0.131063	0.946082 0.980348 0.918266 0.949244 1.01953 0.837004 1.04863 1.33647 0.927499 0.99258 
0100 0.043022	0.966461 1.1195 1.09116 1.01028 0.991038 0.915375 0.954335 1.02586 1.01768 0.973402 
0101 0.144806	1.01563 0.995406 0.999724 0.960995 1.12732 0.941022 0.98121 1.10917 1.04998 1.00675 
0102 0.188877	0.957555 1.03384 1.00712 1.03224 0.940496 1.02479 0.976146 1.01791 1.06039 1.02695 
0103 0.159496	1.08674 0.933889 1.04085 1.08668 0.996042 1.16164 1.03999 0.931323 1.09405 1.05741 
0104 0.0493179	0.966134 0.989052 0.970313 0.93858 1.08401 0.902806 0.996631 1.06625 1.01167 1.00779 
0105 0.178384	0.997541 1.07002 0.987881 0.993833 1.05236 0.930152 0.979914 1.09683 1.01371 0.970577 
0106 0.112277	0.909152 1.00122 0.94108 0.948842 0.9765 0.810765 0.933451 1.05211 0.969107 0.975777 
0107 0.12382	1.10874 1.04307 1.10695 1.10708 1.0081 1.19626 0.986526 0.805076 1.16257 1.02503 
0110 0.122941	1.11747 1.02609 1.14787 1.08404 1.01712 1.16174 1.03851 0.884066 1.17269 1.05018 
0111 0.209115	0.96148 1.00897 1.00063 0.977112 1.03586 0.98013 0.995978 0.970003 1.05807 1.0145 
0112 0.141708	0.93374 1.03896 1.02244 0.953942 1.04568 0.872393 0.96139 1.07327 1.00774 1.00804 
0113 0.0819609	1.02994 1.03299 1.04399 1.0125 1.14879 1.14469 1.07074 0.967913 1.13446 1.02867 
0114 0.10992	1.03605 1.00931 1.07317 1.08672 0.911914 1.06328 1.01866 0.854815 1.15005 1.09797 
0115 0.17388	0.877563 0.97374 0.902161 0.948076 0.967375 0.816115 0.992897 1.30873 0.93095 1.01686 
0116 0.0677901	0.91113 0.96088 0.94753 0.981292 0.883811 0.801734 0.935094 1.00892 0.949851 1.01662 
0117 0.0926848	1.03938 1.05189 1.0425 1.01118 1.01312 1.00488 0.982201 0.898661 1.0537 0.990198 
0120 0.0611205	1.10754 0.99486 1.12549 1.08869 0.95977 1.20268 1.05674 0.827625 1.18503 1.05635 
0121 0.204301	1.0148 1.05256 1.05613 1.07172 0.979297 1.00555 1.01223 0.981293 1.06724 0.996029 
0122 0.0696095	0.971624 0.983254 0.981101 0.912689 1.10756 0.890009 1.0047 1.27906 0.964317 1.00033 
0123 0.0503679	0.927789 1.06125 1.08924 1.04171 0.902197 0.979817 0.957662 0.659561 1.0809 0.984354 
0124 0.237125	1.04792 1.02915 1.02072 0.97495 1.04147 1.01607 0.950899 0.96173 1.06725 0.993399 
0125 0.132428	0.902339 0.977874 0.943036 0.920848 0.985345 0.818049 0.957672 1.21699 0.975475 1.0031 
0126 0.0713073	1.13311 1.03361 1.19058 1.1092 1.04913 1.29495 1.10341 0.791712 1.24008 1.01424 
0127 0.173741	0.981059 0.989416 0.947907 1.00299 0.974587 0.946971 1.003 1.12201 1.01504 1.02918 
0130 0.0739372	1.03716 0.972654 0.960171 0.956399 1.0773 1.02923 1.05165 1.31821 0.973217 1.01801 
0131 0.154344	1.00857 0.945749 0.977551 1.01235 1.02399 1.00364 0.980841 1.06056 1.00148 1.03544 
0132 0.0794824	0.92253 0.942271 0.85007 0.949289 1.03965 0.868991 1.00671 1.13056 0.898791 1.01453 
0133 0.0499076	0.944255 1.01314 0.974377 0.918631 1.06097 0.905595 0.906784 1.0475 0.905099 0.920377 
0134 0.161738	0.943921 1.0005 0.972622 0.924142 1.0004 0.864213 0.937917 1.06044 0.939735 0.977857 
0135 0.156192	1.02407 1.01317 1.07106 1.0533 0.978249 1.04066 0.997074 0.900629 1.04023 1.03382 
0136 0.197782	1.06948 0.969434 1.08145 1.05725 0.999537 1.21916 1.01013 0.710085 1.08017 1.03609 
0137 0.126617	0.882261 0.999606 0.949649 0.999608 0.915509 0.833849 0.981033 1.01755 0.95816 1.00017 
0140 0.108475	1.15292 1.0238 1.12893 1.13711 0.92944 1.376 1.0584 0.823053 1.12339 1.0179 
0141 0.155932	1.15273 0.955513 1.04715 1.06228 1.0227 1.13772 1.13136 0.886069 1.08361 1.0804 
0142 0.0779661	1.07986 0.996131 0.998292 0.985127 1.08866 1.00814 1.14448 1.16588 1.06717 1.02686 
0143 0.079661	0.969865 1.00512 0.901008 1.01485 0.9571 0.893216 1.01561 1.13079 0.898277 1.00424 
0144 0.113559	0.975124 1.01448 0.957457 0.953806 1.06989 0.959538 1.11019 1.35222 0.940965 1.01111 
0145 0.1	0.972453 1.04988 0.998709 0.948062 1.02003 0.88236 1.04646 1.10612 0.956993 1.01195 
0146 0.0762712	1.17139 1.06184 1.1419 1.01175 1.08011 1.26433 1.10497 0.940543 1.15842 0.98055 
0147 0.288136	1.05332 1.03464 1.00321 1.00807 0.933442 1.04456 1.04483 0.969958 0.997968 1.00652 
0150 0.076412	1.01959 1.04197 1.07571 1.06566 0.938584 1.10852 1.03514 0.797989 1.11432 0.993109 
0151 0.0813953	0.893883 0.97413 0.901967 0.879057 1.07852 0.841968 0.944641 1.15254 0.885045 0.964187 
0152 0.101329	1.05147 0.983927 0.991138 1.06957 0.978292 1.11355 1.12109 0.973403 1.08649 1.04367 
0153 0.179402	0.915958 1.01153 0.933686 1.00123 0.909601 0.916351 0.99885 1.04279 0.957108 1.02471 
0154 0.142857	0.950572 0.978934 0.97768 0.98266 1.09795 1.07758 0.994149 0.947554 0.985776 0.979177 
0155 0.0880399	1.02983 1.06395 0.989607 1.01352 1.00601 1.02716 1.05632 1.15753 0.955977 0.985197 
0156 0.244186	0.967407 1.0033 0.912481 0.950516 0.986301 0.983198 0.977394 1.01524 1.01054 1.00398 
0157 0.0863787	1.13151 1.01569 0.997071 1.05709 1.07956 1.16228 1.07312 1.03453 1.08018 0.990325 
0160 0.202395	0.986696 0.986791 0.964827 0.952097 0.980818 0.929411 0.950525 1.0382 0.981184 0.997645 
0161 0.0838084	0.946312 0.9956 0.93738 0.986454 1.03986 0.912811 1.07457 1.16612 0.95348 1.02136 
0162 0.147662	1.04396 0.99805 1.13145 1.07353 0.999955 1.11135 1.02771 0.738686 1.11628 1.018 
0163 0.0895097	1.12811 1.05452 1.14589 1.04167 1.06784 1.05952 1.05636 0.878616 1.15506 1.03105 
0164 0.250855	1.0048 1.03866 1.03161 1.02346 0.956521 1.0312 1.01726 0.91861 1.0031 1.00571 
0165 0.0798176	0.859872 1.02802 0.988403 0.927819 0.993672 0.793899 0.974278 0.910277 0.878238 0.941915 
0166 0.0900798	0.975605 1.01285 1.00304 0.932972 1.10643 0.803028 1.03071 1.03394 0.890251 0.922458 
0167 0.0558723	0.843804 0.965816 0.885035 0.888992 0.974021 0.683437 0.917454 1.18456 0.862197 0.969468 
0170 0.0834151	1.02148 1.09518 1.08418 1.01964 1.13473 1.18036 1.01032 0.905308 0.947634 0.93478 
0171 0.135427	1.00244 0.968174 1.00842 1.02519 0.992498 1.00936 1.00005 0.850081 0.984828 0.972675 
0172 0.233562	0.939895 0.990079 0.95311 0.942539 1.06796 1.01288 0.960002 1.11504 0.923913 0.968281 
0173 0.060844	1.08557 1.01146 1.10461 1.08516 1.0763 1.33616 1.04657 0.762179 1.09151 0.976391 
0174 0.168793	1.00931 1.04037 0.966272 1.01033 0.977975 1.02168 1.04553 1.09919 0.942588 0.987521 
0175 0.136408	1.00362 1.02066 1.09907 1.01057 0.970242 1.11279 0.937513 0.831072 0.95673 0.986505 
0176 0.106968	0.946084 1.00617 0.951454 0.958064 0.996995 0.888814 0.928932 1.0761 0.879867 0.991948 
0177 0.0745829	1.0082 0.989992 0.990327 1.08598 0.897396 1.1775 0.977318 0.98541 0.999009 0.988217 
1000 0.127961	1.13284 1.0279 1.11625 1.10134 0.948586 1.16573 1.03926 0.786419 1.17519 1.04305 
1001 0.239898	0.97865 1.01342 0.978736 1.0139 0.933917 0.897773 1.02685 1.01339 0.992175 1.01879 
1002 0.0748955	1.04448 1.03053 0.988802 0.987431 1.08638 0.93837 0.999024 1.08288 1.01124 0.984235 
1003 0.12889	0.965079 1.0284 1.04754 0.96934 1.01201 0.96689 0.960523 0.750796 1.05992 0.995234 
1004 0.105667	0.872458 1.02086 0.871132 0.883574 1.05677 0.754991 0.940851 1.30811 0.851746 0.951432 
1005 0.150836	0.963916 0.966171 0.935537 0.948767 1.02457 0.915263 1.04402 1.01368 0.997356 1.0234 
1006 0.0879006	1.02572 1.07324 1.04676 1.01472 1.00409 1.02601 0.92434 0.907245 1.03914 0.98759 
1007 0.0839526	0.99912 1.0221 1.02217 1.01765 1.03234 0.955821 1.05627 0.961701 1.0372 1.00088 
1010 0.175198	0.926298 1.02749 0.978079 0.932052 1.07404 0.98704 0.939008 1.21798 0.935019 0.945795 
1011 0.126121	1.03845 1.00333 1.00589 1.04411 0.943851 1.14204 0.968537 1.23372 1.01304 1.00026 
1012 0.118997	0.894803 0.962667 0.871254 0.941901 0.931997 0.83365 0.913273 1.30188 0.856496 0.992668 
1013 0.121636	1.16318 1.04096 1.15307 1.13882 0.97185 1.35152 1.01721 0.796487 1.19419 1.05394 
1014 0.0955145	0.941734 0.937158 0.8989 0.90744 1.04632 0.852511 0.923025 1.19009 0.887564 0.999473 
1015 0.0952507	1.05817 0.938773 0.976046 1.00603 1.01733 1.09319 0.966341 1.0943 1.01171 1.01677 
1016 0.0868074	0.991266 0.920573 0.99107 0.99889 0.950954 1.03556 0.957981 1.1075 0.97251 1.028 
1017 0.180475	1.04715 1.02745 1.07814 1.03487 1.02485 1.19953 0.991271 0.989113 1.07643 1.01283 
1020 0.0589485	1.04976 1.02286 1.03608 0.97213 1.16639 1.11877 1.112 1.19375 1.01375 0.992615 
1021 0.0921402	1.18463 0.990694 1.06878 1.13779 0.95457 1.19206 1.0842 0.895158 1.12301 1.05768 
1022 0.169676	1.12495 1.02684 1.1018 1.04517 1.04303 1.15545 1.00986 0.864644 1.15289 1.02111 
1023 0.112852	1.00575 1.01626 0.992877 0.955672 1.07082 1.02826 1.03512 1.16588 0.973594 0.975946 
1024 0.190653	0.891631 0.973677 0.918813 0.935915 0.983427 0.926876 0.957077 1.18504 0.966094 1.00779 
1025 0.127191	0.978323 0.991839 1.0095 0.985342 1.00081 1.05226 0.982103 0.838605 1.03119 1.00461 
1026 0.0685077	1.12761 1.02913 1.1747 1.08621 1.01898 1.31278 1.06739 0.670801 1.21879 1.00534 
1027 0.180032	0.964412 0.978532 0.952738 1.02582 0.921979 0.992628 1.01692 1.11247 0.963381 1.0137 
1030 0.0857549	0.907925 0.952135 0.873346 0.957157 0.933766 0.884097 0.969984 1.1629 0.886029 1.01655 
1031 0.0658779	0.982304 1.03499 0.977862 1.04995 0.987706 1.0418 1.03747 1.39433 0.95514 1.01851 
1032 0.199148	1.00351 0.986245 0.979125 0.990093 0.978623 0.953663 0.985677 1.05457 0.954534 1.01343 
1033 0.0932324	0.931527 1.02246 0.975389 0.925367 1.07724 0.862242 0.975697 1.24371 0.88727 0.984454 
1034 0.119072	1.03607 1.03559 1.03062 0.971621 1.09261 1.02696 1.07172 1.0241 1.00625 0.989629 
1035 0.0791292	0.895125 0.979545 0.906581 0.902006 1.02129 0.762999 0.955136 1.257 0.822238 0.97784 
1036 0.272788	1.10144 1.02661 1.11237 1.07167 0.982859 1.12099 1.07813 0.921438 1.09579 1.01957 
1037 0.0849976	1.1159 1.12216 1.11263 1.08419 1.03587 1.11561 1.07011 1.02113 1.07577 1.02813 
1040 0.0597758	1.08353 1.01226 1.06924 1.02938 1.13094 1.25057 0.993276 0.834562 1.14275 1.00217 
1041 0.18929	1.07536 1.04067 1.07112 1.04054 1.01445 1.24374 0.95146 0.79262 1.13934 1.04142 
1042 0.0614363	1.13466 1.02695 1.16573 1.14723 0.995592 1.383 1.00357 0.675358 1.18855 1.0257 
1043 0.196762	0.960673 1.01123 0.978802 0.998205 0.913708 0.984321 0.937911 0.926974 1.03139 1.02789 
1044 0.101702	1.02774 0.907743 0.967901 0.999037 1.00463 1.03922 0.984146 0.894877 1.04551 1.00958 
1045 0.0556247	0.942795 1.05883 0.919109 1.00196 0.951996 0.88979 0.925989 0.98346 0.973894 1.00763 
1046 0.195932	0.983863 1.01932 0.980016 0.970899 1.04183 1.00302 0.945214 1.09831 0.979821 1.0235 
1047 0.139477	0.865418 1.02473 0.895978 0.927921 0.970346 0.821199 0.91101 1.23047 0.936563 0.981568 
1050 0.230675	1.08301 0.996908 1.08368 1.03544 0.965454 1.08723 0.989748 0.974714 1.07579 1.01716 
1051 0.185979	1.10457 1.02466 1.12192 1.05288 1.07271 1.13087 1.09654 1.04483 1.14172 1.00607 
1052 0.0502066	1.13837 1.00118 1.1094 1.16812 0.939385 1.21789 1.09283 0.802407 1.1587 1.05855 
1053 0.0835757	0.915392 0.977965 0.942678 0.974363 0.921363 0.813705 1.0061 1.099 0.9945 1.02369 
1054 0.129649	0.957197 0.914457 0.91576 0.943575 1.0083 0.889515 1.06226 1.05885 0.97477 1.02476 
1055 0.112047	0.987039 1.04924 0.96796 1.01823 1.00186 0.956388 1.05429 1.35978 0.977099 1.00471 
1056 0.0549518	0.870879 0.963248 0.832254 0.944058 0.934054 0.70649 0.962131 1.61329 0.854343 0.984949 
1057 0.152916	0.972744 1.04566 0.984504 0.922714 1.01468 0.823957 0.95622 1.11737 0.968232 0.951806 
1060 0.0867479	1.06232 1.03556 1.06557 1.10368 0.930288 1.12527 1.07087 0.899189 1.05909 1.0387 
1061 0.0963455	1.13079 1.04515 1.04093 1.04521 1.02613 1.05002 1.04914 1.0233 1.06278 1.05349 
1062 0.120524	1.17623 1.01982 1.16497 1.10336 0.991375 1.33479 1.07951 0.761393 1.23244 1.06284 
1063 0.108343	0.987643 0.98514 0.949451 0.913132 1.08422 0.84191 0.995715 1.07657 0.941983 1.01043 
1064 0.16519	1.01511 1.00132 0.965585 0.971619 1.00205 0.942635 1.04194 1.10643 1.01692 1.03487 
1065 0.17811	0.922477 0.998786 0.92472 0.917996 0.98957 0.83202 0.950149 1.16303 0.893821 0.977399 
1066 0.112772	1.08226 1.03698 1.06611 0.986929 1.07174 1.09455 1.00099 0.870489 1.0733 0.987674 
1067 0.131968	1.04595 0.975881 1.00322 1.01294 0.930669 1.01121 1.02126 0.942432 1.01095 1.04163 
1070 0.0750886	1.17928 1.02013 1.15597 1.15673 0.98665 1.34057 1.02901 0.733062 1.15068 1.05707 
1071 0.094747	1.08381 0.985603 1.07347 1.0255 1.08277 1.29817 1.03338 0.823675 1.05451 1.01172 
1072 0.123912	0.973522 0.945497 1.02029 0.996159 1.06017 1.01264 1.00175 0.856831 0.973597 0.98544 
1073 0.138898	1.03099 0.987339 1.02884 1.00671 0.974195 1.03307 0.993173 0.907986 0.972592 0.998052 
1074 0.155495	0.973619 1.0017 0.94176 1.00171 0.973066 0.962795 0.999449 1.33147 0.889828 1.01343 
1075 0.131969	0.904186 0.993327 0.965274 0.936172 1.03916 0.878856 0.992217 1.05808 0.933973 0.996197 
1076 0.196101	0.991304 0.968863 1.05333 1.09223 0.945137 1.05541 0.996611 0.944163 0.967601 1.03325 
1077 0.0837899	0.875243 0.942714 0.876802 0.886723 1.02356 0.778016 0.97702 1.40404 0.778702 0.991476 
1100 0.127193	0.971171 1.00476 1.00714 0.970229 1.02364 0.945118 1.00972 0.850075 1.02619 1.00915 
1101 0.0565789	1.171 1.07251 1.15177 1.08875 0.984677 1.21241 1.03434 0.655171 1.19151 1.0131 
1102 0.140789	1.03718 0.997616 0.977102 1.04612 1.00678 1.03467 1.01051 1.04868 1.026 1.03331 
1103 0.0583333	0.974843 0.997477 1.07803 0.997868 0.948623 0.964899 0.976328 0.708519 1.09812 1.02394 
1104 0.225	1.00067 1.02509 1.00948 1.07055 0.9154 0.990016 0.98566 0.858335 1.06233 1.03389 
1105 0.101316	1.05782 0.992484 1.06248 1.01374 1.06096 1.04488 0.992077 0.766285 1.05947 0.987904 
1106 0.0596491	1.09138 1.05724 1.04108 1.02573 1.10636 1.04433 0.99612 1.1362 1.04425 1.02254 
1107 0.23114	0.90487 0.984684 0.901278 0.919454 0.989249 0.76651 0.931333 1.18862 0.935495 0.991355 
1110 0.0526992	0.96002 0.937802 0.862864 0.902884 1.03621 0.87815 0.926982 1.41723 0.902263 0.988431 
1111 0.127249	0.992648 0.957005 0.937647 1.02847 0.957547 0.926123 0.95438 1.03461 0.989429 1.02415 
1112 0.22108	1.06249 0.95571 1.04351 0.99701 1.03783 1.02487 0.881055 0.792734 1.10185 1.02694 
1113 0.0565553	0.99655 0.974748 0.951719 0.974567 1.08303 0.909937 0.95557 1.08099 0.987535 0.979337 
1114 0.172237	0.981148 0.917095 0.893437 1.00153 0.93036 0.932439 0.969709 1.0261 1.01425 1.03643 
1115 0.0796915	1.16277 0.954782 1.09459 1.02172 1.0759 1.26387 0.954978 0.809483 1.09361 0.968131 
1116 0.181234	1.14225 1.04038 1.06981 1.12027 0.950331 1.17065 0.998695 1.00875 1.12168 1.07209 
1117 0.109254	1.04547 0.96844 1.00015 0.940827 1.0809 0.933983 0.906564 1.04573 1.00987 0.984811 
1120 0.198575	1.01883 0.958795 1.0058 0.972127 1.04838 1.04086 0.904834 0.991877 0.997371 1.00075 
1121 0.121995	1.21982 1.00591 1.08906 1.08964 1.03774 1.27602 0.982712 0.865619 1.16299 1.03233 
1122 0.148264	0.977664 0.980663 0.960142 0.958316 0.962494 0.88077 0.940583 1.21186 0.911708 1.00591 
1123 0.0454141	0.901237 0.975579 0.896951 0.886457 1.09299 0.817623 0.923951 1.46512 0.913462 0.983784 
1124 0.0645592	0.895813 0.971548 0.883479 0.913436 1.01282 0.844155 0.910893 1.14454 0.853678 0.965278 
1125 0.176759	1.00018 1.00452 0.989605 1.02512 1.0343 0.982155 0.99074 1.12712 1.0106 0.990491 
1126 0.121549	1.09881 1.02597 1.07482 1.08932 0.958346 1.17221 0.949621 0.813792 1.04963 1.03422 
1127 0.122885	0.994731 0.94575 0.956363 1.03752 0.916167 0.950383 0.989479 1.02277 0.98636 1.01973 
1130 0.216095	1.17814 0.973685 1.09407 1.09247 0.926913 1.19588 0.991778 0.941682 1.10889 1.05071 
1131 0.0611028	0.947994 0.928279 0.857938 0.88947 1.02062 0.770497 0.903758 1.18769 0.907097 0.979253 
1132 0.0834575	1.02922 0.913823 1.01463 0.944288 1.00644 0.937294 0.940212 0.835897 1.0212 0.972687 
1133 0.198212	1.12369 0.995625 1.07476 1.01606 1.0388 1.22147 1.02304 0.904297 1.09755 0.990564 
1134 0.0983607	0.970695 1.04322 0.932749 0.969611 1.01905 0.904835 0.997236 1.37966 0.899334 0.952956 
1135 0.0655738	0.933357 1.00291 0.957827 0.922221 0.951151 0.841163 0.897325 0.993066 0.911097 0.980862 
1136 0.052161	1.00952 1.0429 0.987531 1.03511 0.990487 0.969978 1.02772 1.13538 1.0103 0.99561 
1137 0.225037	0.976853 0.965348 0.925507 1.0083 0.933618 0.950112 0.923172 1.05263 0.98035 1.00982 
1140 0.0714286	0.914469 0.948425 0.888239 0.970625 0.890933 0.862887 0.999383 1.183 0.896343 1.0083 
1141 0.241218	0.963157 0.998499 1.08455 1.07237 0.984552 1.08468 1.01961 0.909452 1.0024 1.05163 
1142 0.189696	0.901944 1.03871 1.01225 0.987621 1.02677 0.925127 1.02485 1.26257 0.942519 0.979827 
1143 0.0491803	0.915504 0.928732 0.985667 0.949143 0.976283 0.951111 0.95496 0.861163 0.949688 0.982226 
1144 0.114754	1.01756 1.0011 1.03586 0.974982 1.10076 1.08995 0.93445 1.12548 0.995374 0.995621 
1145 0.115925	0.870848 0.916642 0.930204 0.912062 1.05159 0.753646 0.973033 1.16128 0.848732 1.01328 
1146 0.057377	1.06141 1.02545 1.22098 1.0936 1.02857 1.26694 0.995155 0.700185 1.12203 1.0045 
1147 0.160422	0.983871 0.917675 1.00407 0.999891 0.979179 0.98225 1.01012 1.01155 0.998867 1.03203 
1150 0.144079	0.947854 1.03746 0.935786 0.927536 1.06846 0.935841 0.994161 1.27222 0.954182 0.943728 
1151 0.149342	1.02873 1.02976 1.00402 1.0188 1.02838 0.980392 1.03491 0.995082 0.979873 1.01507 
1152 0.128289	1.12014 1.01296 1.10259 1.05987 1.00497 1.22231 1.06787 0.858574 1.17102 1.01486 
1153 0.0506579	1.20885 1.08128 1.10804 1.10522 1.04538 1.17644 1.02266 0.864287 1.14368 1.01421 
1154 0.1375	0.877533 1.01114 0.848912 0.906521 0.953005 0.79414 0.900313 1.39458 0.834578 0.958728 
1155 0.186842	1.04347 0.946092 0.951784 0.990475 0.964219 0.914694 0.948849 1.14381 0.990376 1.01542 
1156 0.0519737	1.17383 0.993262 1.10026 0.98578 1.0829 1.20126 0.947631 0.877199 1.17081 1.05864 
1157 0.151316	0.997741 0.966559 0.971938 1.05096 0.89372 1.09429 0.966996 0.961394 1.07142 1.01239 
1160 0.144346	1.0534 0.987536 1.05193 1.01099 1.0197 1.01115 0.938791 0.982805 1.03587 0.995969 
1161 0.172414	0.962187 0.996473 0.884984 0.933643 1.03261 0.942367 0.945702 1.3802 0.948012 0.992219 
1162 0.0505213	1.00926 0.966339 0.980835 1.08241 0.973357 1.11218 1.05593 1.11302 1.0871 0.983319 
1163 0.121893	1.06385 0.962099 1.03809 1.04484 0.934818 1.03484 0.969545 0.842629 1.11107 1.08166 
1164 0.176423	1.04007 1.05718 1.05691 1.01287 1.08699 1.06517 1.0111 0.923877 1.12863 0.99379 
1165 0.115477	1.05906 0.962732 0.980611 1.01796 1.01896 0.993377 0.965514 0.935323 1.05016 1.04689 
1166 0.109062	0.93758 1.04793 0.969931 1.03097 0.961925 0.900886 0.92073 1.03705 1.00472 0.995295 
1167 0.109864	0.919756 0.989066 0.909437 0.948284 0.955727 0.849239 0.93868 1.17083 0.990173 0.98175 
1170 0.150972	0.938027 1.01835 0.936137 0.996045 0.919901 0.88953 1.01477 1.15583 0.943318 1.02045 
1171 0.058296	0.93697 0.921792 0.887346 0.915355 1.05016 0.932214 1.06407 1.1567 0.907105 1.00472 
1172 0.179372	1.01213 0.990988 1.01102 0.975337 1.02037 1.00332 1.01912 0.936086 1.00328 0.994965 
1173 0.0941704	0.812973 0.969228 0.856028 0.928326 0.941699 0.807263 0.961624 1.16347 0.831322 0.99346 
1174 0.164425	1.15704 1.01071 1.12958 1.01996 1.05116 1.28536 1.10376 0.808191 1.16201 1.01582 
1175 0.112108	0.90087 0.998899 0.9315 0.917957 1.05189 0.977699 1.03003 1.06943 0.896352 0.948985 
1176 0.195815	0.987854 0.923769 1.00048 1.04807 0.95375 1.1536 1.00489 0.789039 1.05508 1.01805 
1177 0.044843	0.950893 1.0707 1.01437 1.11854 0.896787 1.18218 1.10777 1.04189 0.98048 1.03971 
BOUNDS
LWPS R    0.0  0.0  0.0  0.0  0.0  0.0  0.0  0.0  0.0  0.0
UWPS R    0.5  0.5  0.5  0.5  0.5  0.5  0.5  0.5  0.5  0.5
LXAS R   -0.5 -0.5 -0.5 -0.5 -0.5 -0.5 -0.5 -0.5 -0.5 -0.5
UXAS R    0.5  0.5  0.5  0.5  0.5  0.5  0.5  0.5  0.5  0.5
END
