ASSETS 10
STAGES 4
COVARIANCE
323.78733606500845
94.14201216872897 31.262509562219048
131.44479989589408 39.70372693749096 83.87684062997575
18.413693274130093 8.838727138420744 6.384563142472526 13.826472950058884
27.319421141415575 9.698265132598426 12.538086642972653 10.247946843071606 16.211689691475577
24.69831055326516 8.972111045057389 28.446583707617194 8.731080249861 13.313093264081711 29.120279919312576
232.75086286033286 72.3898876916296 118.32372937457691 28.535580022442975 39.33162585483329 47.19932124864657 236.24150575736877
-12.110711140519712 -1.744716757393868 -7.761083068206474 10.767931938121203 -1.2293850640644512 2.6901713743198825 -4.230460298866489 35.92537963420067
228.10387648070457 65.73918867027876 120.34942409447098 11.605013539927741 33.13638383080489 35.686444025337515 201.64153800111393 -33.205398128452146 234.36460408455446
9.23119664609765 1.543013397437452 9.249386273680182 5.025959540152321 10.463813805185907 9.816937070255888 26.54735052393636 -0.5645476814736055 25.141268664496565 16.98649948834945
INITIAL
51.36 36.35 84.57 42.78 47.24 45.6 79.71 41.71 90.82 33.95
GROWTH
0.019429931992768948 0.0029709900842009593 0.0019376681196558107 0.00032611093275077853 0.000697461613589302 0.0009439100999078513 0.0034135412517491983 -0.000669518723365578 0.004592770143783504 0.00035754635437050157
BRANCHING
2 2 8 8
END
