NAME moment_estimation_cluster
ASSETS 10
BENCHMARKS 0.1 0.1 0.1 0.1 0.1 0.1 0.1 0.1 0.1 0.1 
COVARIANCES
0 0 0.00229574
1 0 0.00105442
1 1 0.00467074
2 0 0.00025659
2 1 -0.00445381
2 2 0.00659843
3 0 0.000745102
3 1 -0.001192
3 2 0.00293909
3 3 0.00357228
4 0 0.000334489
4 1 0.00123505
4 2 -0.00257492
4 3 -0.00384108
4 4 0.00601093
5 0 0.00128817
5 1 0.00338357
5 2 -0.00295843
5 3 6.15548e-05
5 4 0.000222184
5 5 0.00384674
6 0 0.000348773
6 1 0.00108142
6 2 -0.00106447
6 3 0.000293261
6 4 -0.000220413
6 5 0.00130301
6 6 0.000976356
7 0 0.00110388
7 1 0.00694408
7 2 -0.00891416
7 3 -0.00589999
7 4 0.00732802
7 5 0.00449749
7 6 0.00079609
7 7 0.0182977
8 0 0.00161049
8 1 0.00152555
8 2 -0.000605704
8 3 0.000464432
8 4 0.000491597
8 5 0.00159713
8 6 0.000581756
8 7 0.00228074
8 8 0.00245357
9 0 0.000365333
9 1 0.0021337
9 2 -0.00174423
9 3 0.000903802
9 4 -0.0017154
9 5 0.00222677
9 6 0.00104904
9 7 0.000948516
9 8 0.000733975
9 9 0.00242063
SCENARIOS
0 0.59942	1.00667 1.04474 0.956989 0.992378 1.01249 1.02107 0.993514 1.07289 1.00228 1.01377 
1 0.40058	0.964803 0.932767 1.08076 1.0218 0.973604 0.953959 1.00148 0.89531 0.97139 0.967034 
00 0.334657	1.05072 0.97583 1.05363 1.08662 0.888433 1.05262 1.03901 0.893843 0.998324 1.04793 
01 0.665343	1.00738 0.997993 1.00571 0.966647 1.06355 1.02296 1.031 1.0683 0.99286 0.971112 
10 0.541889	1.01919 0.996472 1.05202 1.06092 0.933438 1.00778 1.01695 0.94475 1.00099 1.00906 
11 0.458111	1.00851 1.00117 0.963883 0.941167 1.10142 1.04358 0.979041 1.16119 1.00566 0.974249 
000 0.0882851	0.9484 0.994679 1.04812 1.11441 0.882789 0.933572 1.0209 0.872145 1.04298 1.04063 
001 0.124526	0.975706 1.10772 0.945233 1.03986 0.928442 1.03882 1.05348 1.00879 1.04411 1.08163 
002 0.053988	1.01356 1.04629 0.97927 0.919521 1.17831 0.987388 0.989844 1.15327 1.09031 0.969545 
003 0.228116	0.956784 1.05509 0.950315 0.989582 0.998384 1.01314 1.01181 1.05463 1.02767 1.03251 
004 0.223729	0.955044 0.91479 1.096 1.00587 1.02987 0.921767 0.9342 0.888373 1.02652 0.938015 
005 0.124826	0.915927 1.11059 0.864759 0.898072 1.09434 0.959372 1.00384 1.29905 0.988112 1.04758 
006 0.0630608	0.829308 0.937284 0.997304 0.918657 1.05766 0.901564 0.976349 1.00986 0.965656 0.969504 
007 0.0934696	0.936197 0.896613 1.2078 1.13791 0.864236 0.905776 1.00618 0.687654 1.02084 0.990532 
010 0.0625846	1.0578 0.982885 1.10261 1.15288 0.827469 1.01328 1.01998 0.707575 1.02811 1.10004 
011 0.162204	0.996317 1.05034 0.874165 0.889405 1.15833 1.01206 1.02074 1.19358 1.00142 0.986099 
012 0.193822	1.0089 1.08247 0.906237 0.999822 0.95533 1.10923 1.00492 1.09009 1.05246 1.11081 
013 0.0584976	1.10118 1.00292 1.0521 1.08046 0.972351 1.05921 1.02097 0.928389 1.11333 1.01276 
014 0.0992929	0.914504 0.961322 1.03535 1.06183 0.887887 0.982234 0.966181 0.855604 0.97889 1.03754 
015 0.0627351	0.885519 0.996361 0.921444 0.960319 0.924335 0.870542 0.940693 0.971039 0.92372 1.00313 
016 0.127476	1.02487 0.892845 1.17062 1.08422 0.963591 0.891618 0.964889 0.782692 1.03779 0.978848 
017 0.233388	0.976717 0.934781 1.03475 0.953327 1.03624 0.970011 0.962418 0.924876 0.983512 0.953173 
100 0.131755	0.963396 0.839342 1.17495 1.02858 0.962157 0.857032 0.941895 0.719052 0.952127 0.937629 
101 0.100152	1.05197 0.946439 1.12966 1.1427 0.840325 0.973585 0.970583 0.701123 1.03344 1.04907 
102 0.133367	1.02172 1.06179 0.896076 0.928254 1.11209 0.948888 0.942459 1.12979 1.03886 1.01657 
103 0.0777629	0.993671 1.09119 0.917728 1.05581 0.873968 1.09553 1.0465 0.928309 1.02574 1.15274 
104 0.100382	0.986436 1.01952 0.946525 0.943301 0.989333 0.998783 0.973625 1.03962 1.01258 1.05403 
105 0.151011	0.997109 1.0652 0.913448 0.990045 0.979589 1.05143 1.01311 1.01541 1.01351 1.09202 
106 0.140508	0.97855 0.897695 0.998311 0.929037 1.12211 0.929727 0.964763 1.06072 0.990358 0.923271 
107 0.165062	1.04279 0.954905 1.04177 1.05063 0.959766 0.988468 0.953756 0.934668 1.00002 1.01226 
110 0.0588524	1.00539 0.913991 1.19545 1.07039 0.981845 0.827657 0.963004 0.797539 1.06867 0.955928 
111 0.12686	0.99829 0.926574 1.08307 1.0244 0.893068 0.92259 0.986516 0.803319 0.938088 0.985771 
112 0.102338	1.06707 0.979451 1.10808 1.10357 0.939584 0.887986 1.02227 0.763987 1.05916 1.01861 
113 0.0552014	1.00498 0.925868 1.14011 1.02029 1.05896 0.922916 0.979779 0.818504 0.963553 0.92397 
114 0.0793962	1.01513 1.05843 0.868577 0.859756 1.19768 0.964485 0.991749 1.21707 1.00566 0.965191 
115 0.224075	0.970179 1.17133 0.892706 0.98207 0.987669 0.997267 1.01026 1.12091 1.05921 1.09292 
116 0.248433	0.983053 0.992974 0.993977 0.962288 1.05587 0.954218 0.983326 0.983933 0.951151 0.969158 
117 0.104844	1.06181 1.05424 1.00264 1.10032 0.85743 1.05971 0.990856 0.937286 1.046 1.11865 
0000 0.139469	0.981874 0.994791 1.06975 1.07735 0.886393 1.08909 0.988147 0.799442 0.962115 1.05149 
0001 0.101073	1.01361 0.948319 1.0302 1.00551 0.979233 1.15438 0.990803 0.844624 0.950803 1.00877 
0002 0.222473	1.05421 0.943654 1.04454 0.993931 1.03013 1.11202 1.01282 0.876983 0.978748 0.976379 
0003 0.0457369	1.11694 0.997934 1.10605 1.02975 1.11825 1.09143 0.983004 0.987027 1.03315 0.999207 
0004 0.0587239	0.920738 0.948694 0.974081 0.889266 1.11356 1.01306 0.970897 1.02143 0.886647 0.919561 
0005 0.193676	1.01206 1.02906 0.918439 0.941624 1.00608 1.06315 0.978003 1.06777 1.01979 1.06627 
0006 0.106719	0.93975 0.87759 1.04948 0.953885 0.97981 0.914517 0.953562 0.763882 0.906943 0.95249 
0007 0.132129	1.12177 1.09631 0.994429 1.10509 0.905212 1.16145 1.03035 0.906875 1.0254 1.12502 
0010 0.0756605	0.944554 0.98418 0.981738 1.03079 0.899322 1.06296 1.01768 0.940574 0.993492 1.079 
0011 0.0740592	0.971304 1.11573 0.804382 0.898934 1.09404 1.10767 0.96019 1.2628 0.997026 1.0698 
0012 0.0956765	1.08169 0.901736 1.19589 1.0947 0.931305 1.02606 0.912936 0.884631 1.02754 0.941265 
0013 0.101681	1.00295 0.999582 1.01678 0.934515 1.12428 0.986181 0.979237 1.04161 1.00891 0.987328 
0014 0.172538	0.968195 0.876678 1.12648 1.00081 1.00195 0.866537 0.92219 0.855496 1.00243 0.925293 
0015 0.253803	1.05404 1.04969 0.934168 0.954327 1.01352 1.07032 0.984476 1.05271 0.968434 1.04089 
0016 0.109688	0.951767 0.951587 1.05599 1.04535 0.988512 0.99411 0.987685 0.885671 0.989594 0.967159 
0017 0.116894	1.05994 1.00828 1.04093 1.09951 0.944976 1.18948 0.997408 0.96049 1.11384 1.06698 
0020 0.0803324	0.917647 1.13868 0.797563 0.877079 1.11485 1.05551 0.968368 1.34131 0.963366 1.01488 
0021 0.0803324	0.910354 0.944325 1.0404 1.00743 0.911834 0.843761 0.962634 0.842398 0.947156 0.975653 
0022 0.130194	0.941305 0.962495 0.985068 0.88985 1.09224 0.988147 0.989582 1.07363 0.896867 0.95075 
0023 0.0729455	0.979899 0.933188 1.0635 1.11258 0.857374 0.978529 1.03359 0.649887 0.892204 1.02236 
0024 0.247461	1.05355 1.04463 0.963047 1.02138 0.962646 0.994351 0.95489 1.03661 0.969633 1.01015 
0025 0.066482	1.00001 1.04282 0.894398 0.969217 1.1089 1.05398 1.07107 1.07797 0.97046 0.970491 
0026 0.254848	0.978193 0.966916 1.02839 1.00552 1.01252 1.04034 1.01513 1.03196 0.95464 0.988749 
0027 0.0674054	0.966597 0.876134 1.17717 1.07435 0.986348 0.951688 0.986296 0.807971 0.909757 0.923427 
0030 0.144012	1.06334 1.092 0.917982 0.981051 0.986627 0.995351 0.97168 0.960404 1.02687 1.0378 
0031 0.13833	0.97965 0.981688 0.97098 0.952685 1.06872 0.954158 0.98885 0.998533 0.942951 1.00079 
0032 0.183566	1.07104 0.949446 1.0646 1.09588 0.933053 0.99285 1.00655 0.842585 1.09971 1.02166 
0033 0.202579	1.08397 0.964113 1.05189 1.01247 1.06821 0.977589 0.95563 1.01569 1.13264 0.972928 
0034 0.0596591	0.91153 0.923684 1.02569 0.918474 1.03058 0.857015 0.983056 0.919061 0.872943 0.972124 
0035 0.0821678	0.977488 0.884436 1.17716 1.02479 0.970404 0.927173 0.954 0.754825 0.953661 0.914067 
0036 0.0944056	0.942006 0.941463 1.0535 1.02758 0.898019 0.998349 0.992951 0.793247 0.986489 0.997233 
0037 0.0952797	1.04246 1.10522 0.882019 0.917347 1.11444 1.08721 1.00609 1.19798 1.04516 1.05628 
0040 0.149733	0.918433 1.05374 0.89808 0.93031 1.02958 0.974523 0.997761 1.02882 0.914678 0.998432 
0041 0.106506	0.962723 0.921229 1.03392 0.949881 1.10121 0.936862 1.02645 1.07687 0.977522 0.966588 
0042 0.199421	1.0904 0.97294 1.04717 1.0654 0.947039 0.980764 1.03241 0.82106 1.01438 0.983906 
0043 0.111185	0.97004 0.971967 1.00518 0.97674 0.973408 0.905561 1.04088 1.05308 0.957179 0.976434 
0044 0.0793226	1.10351 1.05797 1.04516 0.951628 1.16586 1.02247 0.979437 1.24498 1.06346 0.941337 
0045 0.102941	0.980505 1.06441 0.951111 1.01211 0.943035 0.947129 1.00138 1.07662 0.943183 1.05461 
0046 0.159759	0.984622 0.903488 1.1931 1.04018 0.925441 0.904031 1.0204 0.79898 1.00411 0.938157 
0047 0.0911319	1.06646 1.07672 1.06698 1.07324 0.92589 0.974631 0.983755 0.831902 1.00452 1.06346 
0050 0.114217	1.02521 1.07741 0.899689 0.959124 1.01162 1.04002 1.01557 1.03337 0.942011 1.00964 
0051 0.0834665	1.05377 1.13732 0.909707 1.03762 0.894601 1.13799 1.02492 1.00875 1.1307 1.09984 
0052 0.253994	0.924926 0.921252 1.03454 0.975919 0.984944 0.969261 0.962001 0.863156 0.986389 0.937042 
0053 0.178115	1.07782 1.08407 0.914926 1.00095 1.06891 1.21206 1.06236 1.13634 1.05544 1.0154 
0054 0.0722843	1.05467 0.997062 0.943958 0.905998 1.20132 1.0832 1.03646 1.10732 1.03352 0.923214 
0055 0.125399	0.919057 0.924288 1.09607 1.06019 0.900475 0.963803 0.973461 0.715968 1.01858 0.959157 
0056 0.0874601	1.02624 1.01449 1.00042 1.13686 0.914237 1.12817 1.0532 0.782958 1.0598 1.03134 
0057 0.0850639	1.055 0.939928 1.09073 1.04618 1.01479 1.03377 1.00145 0.827673 1.03326 0.970685 
0060 0.0513834	1.08405 0.993686 0.907103 0.897074 1.1818 0.99823 1.01876 1.09412 0.976397 0.924667 
0061 0.0482213	1.03677 1.01548 0.866496 0.903268 1.06529 0.987226 0.978104 1.13071 0.940484 0.946665 
0062 0.0924901	1.12003 1.11016 0.864265 0.953976 1.03012 1.05641 0.991352 1.104 1.04919 0.988908 
0063 0.239526	1.05325 0.977418 1.10325 1.04315 0.943997 0.931004 0.974864 0.775814 0.932973 0.944613 
0064 0.101186	1.05358 1.04711 1.01087 0.978431 1.10491 0.986089 0.975725 1.05735 1.06467 0.937472 
0065 0.135968	1.05251 0.97266 1.00125 0.954911 1.02602 0.895249 0.963131 0.961735 0.972985 0.925209 
0066 0.21502	1.0453 0.985513 0.951846 1.0282 0.910413 0.966584 1.02747 0.890855 0.981317 1.02825 
0067 0.116206	1.10807 1.04283 0.991888 1.00993 0.98836 0.928484 0.954598 1.0192 0.980102 0.991272 
0070 0.0890667	1.13016 1.03682 0.994105 1.04115 1.07685 1.16502 1.05297 1.00336 1.15974 1.02805 
0071 0.138667	0.967469 0.878954 1.18705 1.05609 0.971903 0.932086 0.964636 0.843225 0.935019 0.946879 
0072 0.108267	1.06589 1.02517 1.00278 1.07777 0.876457 1.03204 0.979067 0.966967 1.07933 1.01746 
0073 0.128533	0.94403 0.960361 0.956064 0.875367 1.13218 0.872389 0.909795 1.28863 0.912372 0.921009 
0074 0.1008	1.06884 1.00819 1.08421 1.00908 0.976865 0.994362 0.953227 0.960509 1.01711 0.990468 
0075 0.146667	1.08558 0.916781 1.04037 0.967905 1.1029 0.987562 0.899864 1.16728 0.978303 0.941864 
0076 0.0693333	1.00197 0.984927 1.11379 1.13551 0.833219 0.946814 0.979158 0.727576 0.990236 1.04465 
0077 0.218667	1.01196 1.07757 0.911558 0.970623 1.03812 1.02161 0.963289 1.22168 0.970353 1.03626 
0100 0.27484	0.963534 1.00894 1.0309 0.991668 1.01879 0.940482 0.976104 1.0533 1.02655 0.962334 
0101 0.0665064	1.06682 1.19021 0.842544 1.01537 1.05024 1.15389 1.01334 1.38218 1.18334 1.04416 
0102 0.0697115	0.940716 0.889043 1.15886 1.03732 0.941682 0.959826 0.937953 0.954297 0.949051 0.924703 
0103 0.107372	0.959657 0.89614 1.19751 1.1208 0.940669 1.00201 0.97557 0.927703 1.10935 0.927631 
0104 0.0861378	1.00629 0.971893 1.00224 0.994137 1.13076 0.952329 0.979102 1.2345 1.14773 0.921499 
0105 0.13141	1.03655 1.0645 1.015 1.07984 0.940601 1.03289 0.991773 1.12858 1.04391 1.02091 
0106 0.11258	1.00587 1.03591 0.884451 0.998833 0.939531 1.03972 0.984158 1.16948 0.967619 1.03212 
0107 0.151442	0.996923 1.08511 0.870801 0.928506 1.13374 1.0147 1.004 1.45965 1.05318 0.933956 
0110 0.112691	0.900362 1.10183 0.88269 0.921947 0.996589 1.02355 0.96137 1.26325 1.02419 1.08778 
0111 0.0595146	1.09582 1.1868 0.88418 0.928495 1.09323 1.1623 0.974887 1.48862 1.09802 1.05027 
0112 0.068635	0.983661 0.959135 1.04873 0.920823 1.21012 0.862814 0.973136 1.07419 1.01338 0.902411 
0113 0.273149	1.04232 0.919837 1.1418 1.05044 0.983045 0.964638 0.962998 0.819949 0.970598 0.966254 
0114 0.0967692	0.984972 0.97033 1.03384 0.955087 1.06665 0.969471 0.927371 1.15437 1.0248 0.947249 
0115 0.0653888	1.07837 1.18647 0.969169 1.08417 0.991116 1.13432 0.981253 1.18664 1.1016 1.09275 
0116 0.245478	0.974339 1.04202 1.01431 1.06529 0.893633 1.03828 0.993199 0.974171 0.962183 1.06905 
0117 0.0783738	0.924681 1.0069 0.972842 0.925627 1.1374 0.910874 1.01749 1.11063 0.974596 0.92916 
0120 0.173739	0.955575 0.929746 1.09387 1.02103 0.985009 0.857436 0.976293 0.868833 0.953029 0.935801 
0121 0.126391	1.07745 0.985819 1.01854 1.07594 0.994271 0.994672 1.03541 1.01005 1.07311 1.00293 
0122 0.161449	1.04291 1.0265 0.982547 0.902306 1.14102 0.95974 1.00627 1.14851 1.03934 0.936345 
0123 0.10621	1.0536 1.06812 0.989697 1.04835 1.04012 1.00266 1.01647 1.10085 1.08936 1.01079 
0124 0.184217	1.04015 1.02505 0.996436 1.08104 0.89208 0.914953 1.00878 0.89919 0.991102 1.02511 
0125 0.101164	0.9799 1.0401 1.01848 0.990222 0.992421 0.921439 1.02374 0.988215 0.984677 1.00738 
0126 0.108409	1.02317 1.19582 0.832119 0.929641 1.06983 1.04091 1.08106 1.27662 1.09893 1.0552 
0127 0.0384217	1.03657 1.07529 0.942288 0.954037 1.0269 0.909027 1.03352 1.21745 1.05993 0.958625 
0130 0.139306	0.915927 0.878197 1.1124 1.0318 0.957288 0.880853 0.958688 0.824581 0.949281 0.948535 
0131 0.0578654	0.923452 0.979475 0.941324 0.892522 1.16678 1.02464 0.955368 1.24876 1.01245 0.970884 
0132 0.142306	1.04783 1.0434 1.05268 1.05884 0.94255 0.949377 0.956183 0.925096 1.08394 1.04973 
0133 0.205744	0.985012 1.10147 0.877587 0.961596 1.08507 1.02637 0.989032 1.12254 0.967698 1.0426 
0134 0.170167	0.974288 1.02123 1.00435 0.967558 1.04686 0.966656 0.981798 1.0591 1.00054 0.947721 
0135 0.112302	1.01381 0.988129 0.956611 1.05739 0.907763 0.95528 0.971277 0.902047 1.00064 1.06846 
0136 0.125589	1.03256 1.03176 0.980108 1.02483 1.03219 1.06702 1.00287 1.11109 1.03963 1.05561 
0137 0.046721	1.00382 0.952366 1.07457 1.1714 0.87141 1.04986 1.04862 0.834546 1.05736 1.11811 
0140 0.110101	1.06141 0.955709 1.10721 1.07167 0.856779 0.898542 0.99172 0.759666 1.01477 1.04793 
0141 0.100758	0.999883 0.937452 0.997569 0.969147 1.03897 0.941833 1.01001 0.992527 1.00245 0.950832 
0142 0.158333	1.00616 1.0519 0.907395 0.952758 1.01936 0.97746 0.990829 1.11737 1.02923 1.03895 
0143 0.20101	1.03023 1.02481 1.05122 1.02233 0.981673 0.979955 1.04377 1.01871 0.991199 1.02545 
0144 0.0787879	1.06284 1.07493 0.891459 0.896517 1.17465 0.995526 0.993188 1.18403 0.999876 0.968766 
0145 0.196212	0.990673 0.932802 1.07153 1.0442 0.939467 0.939989 0.997611 0.848487 1.02314 0.978879 
0146 0.0962121	1.05187 0.988213 1.04539 0.92444 1.1133 0.81574 0.992123 1.00839 1.00426 0.942072 
0147 0.0585859	1.07044 1.01065 0.991533 0.983364 1.0838 1.01488 1.01774 1.00307 1.04282 0.946034 
0150 0.169464	0.982779 0.935602 1.02906 1.03109 0.916909 1.07886 1.03093 0.830688 0.929524 1.06118 
0151 0.0955236	1.04138 1.04476 0.946037 1.08514 0.922929 1.22011 1.04459 1.00139 1.06336 1.13174 
0152 0.0955236	1.10827 0.973425 1.0543 1.04901 1.01004 1.1348 1.00503 0.953503 1.00052 1.01634 
0153 0.16307	1.11179 1.07662 0.927765 0.955691 1.04884 1.14535 1.05562 1.20474 1.08139 1.0956 
0154 0.123501	1.01361 0.916597 1.03834 0.965315 1.06864 0.963924 1.0202 0.891693 0.995206 0.976009 
0155 0.0731415	0.965026 1.06708 0.894227 0.900312 1.17989 1.13472 1.05469 1.31698 1.04418 0.977068 
0156 0.165068	1.02285 0.894854 1.14449 1.09072 0.944368 1.04467 0.95577 0.827737 0.994463 0.954707 
0157 0.114708	0.911866 0.964214 0.925797 0.939166 1.08737 1.10176 1.02695 1.06795 0.972583 1.00324 
0160 0.109756	1.07597 1.039 0.958489 0.933121 1.1798 1.03138 0.972907 1.28546 1.07039 0.945376 
0161 0.148308	0.970484 0.898794 1.17418 1.04371 0.951641 0.938466 0.951652 0.867834 1.0054 0.939921 
0162 0.0615657	1.01528 0.948965 1.05346 1.00485 1.03906 1.0204 0.973744 0.893265 0.976215 0.914657 
0163 0.111526	0.887015 1.00206 0.977092 0.924126 1.09511 0.972592 0.978704 1.05612 0.957535 0.907239 
0164 0.116444	0.992203 0.992833 1.13203 1.11928 0.871359 1.12023 1.01529 0.830444 1.02294 1.01346 
0165 0.191385	1.03064 1.07767 0.973567 1.04457 0.954811 1.11131 0.986142 1.01195 0.99943 1.03329 
0166 0.125098	0.996822 1.06338 0.888821 0.949029 1.03209 1.13974 1.02619 1.1192 0.943502 1.03688 
0167 0.135917	0.992151 0.926538 1.03777 0.958888 0.953408 0.989751 0.984593 0.929376 0.933876 0.94417 
0170 0.109368	1.02607 0.922055 1.15526 1.12334 0.860747 0.868672 0.982306 0.838742 1.00074 0.999778 
0171 0.231306	1.0095 0.937544 1.08752 1.02124 1.02055 0.859466 0.985644 0.924367 0.962257 0.990329 
0172 0.101311	0.965864 1.05175 0.982016 1.0484 0.958392 0.991737 1.01729 1.03288 1.01875 1.03071 
0173 0.0958315	0.856215 0.959876 0.992416 0.936159 1.05866 0.867052 0.983047 0.992298 0.90537 0.968809 
0174 0.0951869	1.04838 1.00268 0.990006 1.08405 0.900085 1.02984 1.01033 0.955596 1.00692 1.09712 
0175 0.16416	1.01961 1.1601 0.883005 0.952523 1.06638 0.993429 1.04228 1.18122 0.979587 1.05545 
0176 0.122046	0.98007 1.04191 0.907501 0.941457 1.04022 0.966907 0.951659 1.14665 1.03939 0.981784 
0177 0.0807907	1.05869 1.04583 1.03482 1.03352 1.04293 1.02016 1.02746 1.22476 1.12219 1.03395 
1000 0.0678322	0.969293 1.06283 0.942784 1.07793 0.892793 1.07658 1.06854 1.01737 1.04736 1.12553 
1001 0.149301	1.04058 1.02628 1.00377 1.01259 0.956136 1.0927 0.918551 1.06693 0.953727 1.01488 
1002 0.0559441	1.11108 1.07708 1.03756 1.1295 0.938701 1.10218 1.06737 1.09191 1.03478 1.04872 
1003 0.176573	0.916477 1.09273 0.893645 0.963831 1.01222 1.12334 0.975959 1.21482 0.922432 1.06068 
1004 0.121329	0.988369 0.922316 1.05309 0.962751 1.05491 0.919915 0.988775 1.01247 0.942586 0.9543 
1005 0.12972	0.981755 1.04029 0.917638 0.90156 1.16869 0.996305 1.00427 1.36425 0.974 0.966494 
1006 0.173427	1.0647 1.00031 1.16023 1.11039 0.935466 0.924494 0.941897 0.750716 0.992055 0.985048 
1007 0.125874	1.11903 0.996076 1.03271 0.999223 1.10291 1.03214 0.964887 1.1834 1.05003 0.978712 
1010 0.194112	1.00943 1.01268 1.02271 1.0969 0.933746 1.11433 1.05863 1.08954 0.975582 1.08918 
1011 0.0694572	0.948524 0.978875 1.00366 0.968942 1.02387 0.985941 1.04916 1.00639 0.920064 0.963768 
1012 0.115455	1.03896 0.995516 0.923631 0.941138 1.13193 0.964398 0.98342 1.36847 1.04619 0.936455 
1013 0.171113	1.05225 0.872178 1.16147 1.04594 1.03108 0.9103 0.975129 0.921942 1.04225 0.926476 
1014 0.0648574	0.951288 0.945214 1.11777 1.15906 0.851521 1.01972 1.05873 0.755687 1.06789 1.09122 
1015 0.148114	0.927192 1.11928 0.842087 0.983269 0.968812 1.12297 0.986392 1.18322 1.01173 1.11272 
1016 0.0639374	0.881212 0.919673 1.05471 1.00128 0.957466 0.939508 1.05279 0.809627 0.861284 0.974922 
1017 0.172953	0.980985 1.0482 0.93316 0.999326 1.01652 0.989631 1.01231 1.28096 1.00449 0.989109 
1020 0.111572	1.07216 0.958764 1.13429 1.01396 0.99239 1.01982 0.950214 0.948346 1.06733 0.933829 
1021 0.20829	1.0145 1.03755 0.980579 0.927281 1.10951 1.02069 1.03236 1.17401 1.03998 0.943674 
1022 0.158204	1.1196 0.980539 1.17558 1.09586 0.958835 1.20864 1.03396 1.02926 1.05433 0.990602 
1023 0.062867	1.03202 1.09756 0.85877 0.888545 1.11552 1.105 1.04903 1.40645 1.07823 1.01608 
1024 0.0632124	0.925911 1.01866 0.950747 1.02248 0.881443 1.16722 1.04928 1.00028 0.936878 1.07489 
1025 0.0645941	0.940912 1.18104 0.800805 0.933541 0.994932 1.24313 1.06648 1.32678 0.970015 1.10614 
1026 0.212781	0.974191 0.967625 1.03608 0.996686 0.967003 1.13195 1.00381 1.01444 0.947309 1.00969 
1027 0.11848	1.06173 1.08709 0.954785 1.0339 0.96476 1.06699 1.1006 1.06494 1.07844 1.06843 
1030 0.0764218	0.946237 0.913905 1.03192 0.998534 0.898615 0.930234 0.943224 0.937751 0.950915 0.96716 
1031 0.0947867	0.993776 1.09852 0.841306 0.932198 1.06125 1.03148 0.946696 1.23741 1.11173 1.04506 
1032 0.116706	0.942008 1.03519 0.967064 0.905033 1.04936 0.971113 0.951176 1.11009 0.962894 0.946019 
1033 0.174763	0.995049 1.0473 0.921764 1.00349 0.993728 0.991039 0.984498 0.994966 0.989549 1.02708 
1034 0.0811611	1.01825 0.880327 1.13625 0.98578 1.06085 0.912312 0.981317 0.943144 1.01834 0.92622 
1035 0.0995261	1.02023 1.09419 0.984802 1.08738 0.920673 1.06246 0.999037 1.00975 1.1234 1.05084 
1036 0.239336	1.03136 0.958955 1.06752 1.06615 1.01487 0.912096 0.90992 0.953637 0.991692 0.936201 
1037 0.117299	0.920302 0.871838 1.04521 0.980318 1.02548 0.907717 0.949714 1.11744 0.975314 0.927294 
1040 0.0922441	0.891336 1.06621 0.838453 0.924471 0.984572 1.01791 1.01796 1.20522 0.972085 1.01523 
1041 0.117944	1.01644 1.11209 0.884129 0.931535 1.15163 1.04445 1.0167 1.25984 0.983066 1.00171 
1042 0.207435	1.03256 0.976468 1.10481 1.06411 0.996792 0.986337 0.945307 0.909843 1.04375 0.899814 
1043 0.177145	1.01667 1.11976 0.921564 1.00379 0.992961 1.07019 1.05027 1.14546 0.971128 1.02001 
1044 0.102799	0.942669 1.03558 1.04291 1.09589 0.864528 1.10425 0.99046 0.87833 0.997857 1.02979 
1045 0.0729693	0.934743 0.888093 1.17294 1.05933 0.916116 0.839677 0.899916 0.768176 0.814151 0.891667 
1046 0.105094	0.977704 1.01016 1.04716 1.00192 1.07885 1.04185 0.952776 1.06582 0.988537 0.958164 
1047 0.124369	0.869121 0.930901 0.993995 0.973964 0.987283 0.94844 0.994402 0.938529 0.915753 0.950369 
1050 0.161989	1.02082 1.05784 0.942506 0.941199 1.13921 1.04811 0.943978 1.22947 1.02736 0.963273 
1051 0.0881635	1.01735 0.983463 0.957368 1.06198 0.920981 0.958195 1.02607 0.966653 0.962697 1.01234 
1052 0.175717	0.987531 1.04012 0.930933 1.01452 0.993504 1.0407 1.0195 1.16858 1.0005 0.990588 
1053 0.14399	1.02314 0.895003 1.01987 0.971656 1.08728 0.915553 0.943957 0.965621 0.998619 0.911838 
1054 0.200122	1.09286 0.993079 1.08793 1.07715 0.994783 0.999267 0.947931 0.980505 1.01676 0.962747 
1055 0.0543014	1.10846 0.909821 1.18223 1.13584 0.868179 0.925137 0.916069 0.8871 1.00299 0.952948 
1056 0.0893838	0.953857 0.8545 1.08955 1.01412 0.971308 0.913474 0.920491 0.891469 0.968958 0.921743 
1057 0.0863331	0.938833 1.0819 0.886339 0.964785 0.99084 1.07468 1.0203 1.15553 0.975948 1.05617 
1060 0.157377	1.07 0.929406 1.19527 1.11105 0.924918 0.923485 0.943133 0.843405 1.08096 1.01088 
1061 0.143934	0.99917 1.0131 0.980336 0.888283 1.13445 0.906677 0.968713 0.929781 0.990765 0.934978 
1062 0.133115	0.931967 0.944704 1.12229 0.965964 0.972645 0.915685 0.937489 0.908435 0.906087 0.96242 
1063 0.114098	1.07347 1.10293 0.934835 0.933824 1.08705 1.02701 1.0405 1.11551 1.05582 1.0652 
1064 0.0977049	0.939169 1.14915 0.888405 0.943995 0.932887 1.09046 0.984776 1.02489 0.900294 1.08053 
1065 0.118361	0.969239 1.04692 1.0071 1.01489 0.982747 1.086 1.02266 0.987937 0.951294 1.03967 
1066 0.14459	1.03429 1.0788 1.05361 1.04713 0.901266 1.00382 0.963288 0.923966 0.949344 1.00845 
1067 0.0908197	1.10893 1.11766 1.01538 1.02852 1.00204 1.04764 0.996771 0.884478 1.05019 1.05141 
1070 0.0619593	0.981671 1.08099 0.920092 0.899722 1.18856 1.0539 1.05008 1.11387 1.0128 0.997186 
1071 0.152944	1.03095 1.11191 0.93633 1.00547 0.992555 0.983011 1.02955 1.02026 1.08856 1.09223 
1072 0.175272	0.918867 0.959001 0.977917 0.96795 0.97574 1.0209 0.978013 0.951042 0.938591 0.982768 
1073 0.209601	1.01273 0.936584 1.11694 1.08982 0.887042 0.965743 1.01192 0.781411 0.995157 1.02039 
1074 0.0672621	0.936784 0.926043 1.05537 0.976313 1.0273 0.97434 1.02354 0.86628 0.939848 0.925628 
1075 0.186994	0.973487 0.966667 1.08059 1.02047 1.07715 0.93916 1.02973 0.850293 1.04326 0.970163 
1076 0.0918225	1.04607 1.10023 0.923999 0.949885 1.11078 1.01453 1.05879 1.12731 1.08652 0.968704 
1077 0.0541446	0.912905 1.00023 0.976163 1.01792 0.879043 0.989719 1.00281 0.886859 0.979984 1.05116 
1100 0.202778	1.03815 0.894866 1.07115 0.999407 1.00902 1.00258 1.02462 0.949179 0.910874 0.93643 
1101 0.062963	1.11039 0.83325 1.19426 1.10551 0.910712 0.9523 0.956031 0.780635 0.953275 0.914112 
1102 0.0861111	0.962049 1.06152 0.829294 0.929319 1.00991 1.15823 1.03158 1.26442 0.981159 1.02637 
1103 0.0601852	0.945034 1.09844 0.894352 0.966659 0.949605 1.06319 1.01486 1.16033 0.968552 1.02966 
1104 0.132407	1.08477 1.06324 0.90847 0.924803 1.10049 1.15263 0.997585 1.35217 0.970692 0.960984 
1105 0.192593	1.1087 1.01742 0.995449 1.03165 0.950493 1.12778 1.03662 0.820896 0.947046 1.02667 
1106 0.163889	1.09206 1.07373 0.963531 0.973174 1.06633 1.18033 1.12061 1.04639 0.946516 1.02067 
1107 0.0990741	1.07723 0.902017 1.08282 1.10094 0.887441 1.02157 1.01489 0.801451 0.895042 0.973717 
1110 0.0670103	0.949466 1.01629 1.02124 1.04877 0.921858 0.885657 0.989232 0.913194 0.963759 0.967943 
1111 0.103093	0.996814 1.07103 0.946491 1.05643 0.935417 1.00455 1.04166 1.01722 1.05978 1.05592 
1112 0.0635739	0.921537 1.08306 0.842447 0.882986 1.10872 0.969074 1.00119 1.2181 1.02342 0.978904 
1113 0.173969	0.925281 1.07006 0.934638 0.988081 0.994003 1.03197 0.998877 0.979124 0.968147 1.01257 
1114 0.111254	1.01267 0.888012 1.22888 1.0677 1.00382 0.815022 0.970995 0.796304 0.917506 0.912266 
1115 0.197165	0.928562 0.918002 1.1025 1.07235 0.942447 0.905297 0.985791 0.7767 1.01582 1.0044 
1116 0.182131	1.00316 0.972037 1.03451 0.965458 1.08503 0.952245 0.882391 0.983258 0.979937 0.9122 
1117 0.101804	0.967089 1.02765 0.957841 0.928137 1.16776 0.944892 1.00731 1.02707 0.990353 0.946243 
1120 0.226305	0.960866 0.939011 1.06962 0.990317 1.01161 0.969661 0.951818 0.956753 1.06371 0.961241 
1121 0.159212	1.04941 0.955623 1.12901 1.11797 0.883147 0.990334 0.986311 0.858824 0.992727 0.982109 
1122 0.157082	0.990384 1.10394 0.881486 0.929112 1.07406 1.11139 1.02136 1.24238 1.00112 0.989677 
1123 0.0910543	1.02726 1.05516 0.936772 0.877853 1.11083 1.09796 0.940108 1.40373 1.00015 0.92537 
1124 0.143237	1.07597 1.15324 0.921126 1.04376 0.947454 1.15989 0.972118 1.20451 1.03701 1.04194 
1125 0.0740149	0.945887 0.925921 1.00868 1.01608 0.890987 1.08453 0.979869 1.10183 0.908919 1.01339 
1126 0.056443	1.01338 0.992204 1.05694 1.08782 0.88226 1.09741 0.983765 0.888664 1.03624 1.03631 
1127 0.0926518	1.12591 1.05672 0.990059 1.01929 1.02545 1.19599 1.05545 1.21232 1.10196 1.02036 
1130 0.071076	1.03552 0.902364 1.13059 0.941099 1.04782 0.831216 0.928149 0.819946 1.02964 0.903003 
1131 0.124383	1.08515 0.898351 1.172 1.04876 0.934283 0.81462 0.898464 0.826465 1.06196 0.926194 
1132 0.0799605	0.947658 0.904249 1.09339 1.04661 0.876306 0.930762 0.964824 0.896033 1.08184 1.0091 
1133 0.135242	1.08002 0.984082 1.06528 1.06187 0.967754 0.939631 1.02508 1.02389 1.12379 1.01318 
1134 0.271471	1.07418 1.04558 0.963805 0.936087 1.09335 0.986417 0.953344 1.33959 1.07465 0.972524 
1135 0.155972	0.968655 0.997848 1.00657 0.954952 0.938981 0.911041 1.00226 1.04702 0.916939 1.01268 
1136 0.0809477	1.04889 1.07782 0.903968 1.01331 0.908086 1.04049 1.0932 1.07327 1.02329 1.04998 
1137 0.0809477	1.12701 1.11547 1.01682 1.01822 1.01249 1.15779 0.96448 1.14432 1.05837 1.03703 
1140 0.141386	0.9859 0.902049 1.08796 1.0049 1.00354 0.967835 0.962061 0.861004 0.883625 0.940701 
1141 0.191489	0.921262 1.02503 0.98407 1.02555 0.917143 1.05396 1.03486 0.954308 0.981362 1.0525 
1142 0.109128	1.09381 0.986753 1.11701 1.0396 1.07576 0.982934 1.01184 1.02386 1.0957 0.861592 
1143 0.103638	0.992698 1.03156 0.9262 0.946052 1.16962 1.02926 0.967993 1.29906 1.08277 0.910646 
1144 0.110501	0.975961 1.0839 1.04488 1.14101 0.912435 1.12887 1.01999 1.00675 1.0369 1.0942 
1145 0.111874	1.00844 0.854009 1.2625 1.08311 0.940011 0.949757 0.930278 0.797813 1.00092 0.943319 
1146 0.124914	1.01497 1.0976 0.876516 0.950659 1.05279 1.04958 1.0417 1.16803 0.955911 1.00503 
1147 0.107069	1.03967 1.03466 1.03092 0.988897 1.01904 1.02192 0.969492 1.02527 0.979278 0.967832 
1150 0.140564	1.03055 1.01846 0.917898 1.00045 0.928447 0.948556 1.01123 0.973108 0.98812 1.04247 
1151 0.13035	1.13537 1.06398 0.875598 0.905328 1.16618 1.1627 1.06778 1.21759 1.05962 0.972985 
1152 0.0997082	1.00194 0.885124 1.10442 1.09131 0.881586 1.02873 1.05217 0.811479 0.980045 1.00177 
1153 0.24392	1.04674 0.958954 0.974637 0.939119 1.03468 0.917665 0.98894 0.954388 0.897689 0.945307 
1154 0.0627432	0.891048 0.83131 1.09868 1.01316 0.923206 0.904445 0.95062 0.791035 0.865483 0.919305 
1155 0.133268	1.0403 0.949092 1.09079 1.01301 1.00532 1.02379 0.996077 0.962519 0.94494 0.938299 
1156 0.101654	1.08908 0.974129 1.03897 1.10344 0.859896 1.0322 1.02106 0.874736 0.956065 1.06135 
1157 0.0877918	1.10264 1.02207 1.01448 1.07264 1.04001 1.16873 1.06421 1.07644 1.07488 0.993699 
1160 0.0638298	1.07054 1.10618 0.974774 0.901473 1.16848 0.976474 0.978153 1.30556 1.01538 0.952181 
1161 0.0758938	0.980942 1.13507 0.854117 0.91222 1.05286 0.976486 1.03636 1.21826 0.942375 1.00579 
1162 0.0820355	1.02789 1.0353 1.02587 1.05178 0.883234 1.01348 1.07366 0.999539 1.10747 1.06171 
1163 0.0636104	1.00391 0.927869 1.0024 0.898389 1.14728 0.901921 0.970679 0.997888 1.00307 0.909216 
1164 0.243255	1.01879 0.926604 1.06899 1.01687 0.990012 0.92388 0.996395 1.00247 1.08873 0.971011 
1165 0.112744	0.948028 1.0341 0.962018 0.948172 1.00329 0.966987 0.977976 1.1407 0.964512 0.964529 
1166 0.165168	1.02081 0.980608 1.08691 1.11471 0.906556 1.00326 1.05283 0.814332 0.956127 0.997832 
1167 0.193463	1.116 1.11309 0.981031 1.01943 1.05886 1.06168 1.09136 1.05687 1.12409 1.05602 
1170 0.0561331	1.04175 1.04805 0.977244 0.950349 1.14049 0.930375 1.01474 1.13941 0.986849 0.957991 
1171 0.189709	0.965293 0.975019 0.999153 0.976469 1.04536 0.89839 1.03154 0.933444 1.02917 0.974471 
1172 0.0639293	0.966744 0.98728 0.996067 0.911232 1.14386 0.903612 0.962456 1.07568 1.01557 0.884104 
1173 0.138773	0.860201 1.04278 0.952371 0.961243 0.973972 0.914356 1.10425 0.994321 0.891893 0.987637 
1174 0.176195	0.993048 0.894371 1.17719 1.08466 0.946013 0.891065 1.0405 0.872524 0.942818 0.906083 
1175 0.0634096	1.00746 1.21061 0.81202 0.968498 1.04862 1.11755 1.08134 1.34225 1.01194 1.06784 
1176 0.244802	1.01289 1.08057 0.982774 1.05442 0.915436 0.995653 1.06554 0.900008 1.01714 1.05348 
1177 0.0670478	0.928891 1.03275 0.883381 0.920322 1.17222 0.949822 1.02432 1.07828 0.965196 0.912475 
BOUNDS
LWPS R    0.0  0.0  0.0  0.0  0.0  0.0  0.0  0.0  0.0  0.0
UWPS R    0.5  0.5  0.5  0.5  0.5  0.5  0.5  0.5  0.5  0.5
LXAS R   -0.5 -0.5 -0.5 -0.5 -0.5 -0.5 -0.5 -0.5 -0.5 -0.5
UXAS R    0.5  0.5  0.5  0.5  0.5  0.5  0.5  0.5  0.5  0.5
END
