ASSETS 10
STAGES 4
COVARIANCE
689.3016002162985
56.68605213428188 10.610729206032353
107.7049908656385 -3.069754647896959 424.7577105726933
231.53625151647762 16.161389799496728 144.60078057538462 152.60995331035346
170.66948003724764 18.521001563073142 58.13866954382336 74.99027964012186 58.07421712324501
444.25369437336633 38.732207089515605 209.84301329495037 221.05252232759912 137.2691189295588 405.5979205161662
415.99277250644286 40.5818156810303 262.29607559588334 193.39616210452056 133.66284483739153 365.3731053373497 429.8651349039157
46.48448919582586 -1.0829173028841312 436.34684251892526 139.90759339883414 55.318970361846034 219.85559519515704 287.8201613928183 559.3037350547781
-60.24396111336412 3.5721618771826824 -30.76031322482839 -44.81599527953808 -7.595534259760883 -60.128288304111436 -13.071006763117994 -4.931267315557192 55.96793982296621
72.91065462195431 5.379081649173497 101.61287487275581 46.707922684185775 29.701532426908308 79.12852251193044 103.64952435832238 114.33825985553962 4.494346003453058 39.45407007799276
INITIAL
4.4177 21.87 59.55 41.12 42.46 36.82 46.95 48.26 35.825 32.984
GROWTH
-0.007100105963351268 -0.0005681981508646257 -0.0006550224507125735 -0.002142353765840682 -0.0014050094636845238 -0.002914366185417454 -0.002027359341190268 -0.000335419015804817 0.0030708256628268283 -0.0005966403056072698
BRANCHING
2 2 8 8
END
