NAME moment_estimation_cluster
ASSETS 10
BENCHMARKS 0.1 0.1 0.1 0.1 0.1 0.1 0.1 0.1 0.1 0.1 
COVARIANCES
0 0 0.00924286
1 0 0.00439845
1 1 0.0089042
2 0 0.000405117
2 1 0.00560624
2 2 0.00601651
3 0 0.00470967
3 1 0.00286976
3 2 0.00113273
3 3 0.0053691
4 0 0.00519429
4 1 0.00137711
4 2 -0.00119914
4 3 0.00410864
4 4 0.00498456
5 0 0.00298373
5 1 0.00297276
5 2 0.00107648
5 3 0.00211878
5 4 0.00230135
5 5 0.00345361
6 0 9.63808e-05
6 1 -0.0013456
6 2 -0.000783714
6 3 0.00105706
6 4 0.00101948
6 5 -0.000291629
6 6 0.00117588
7 0 0.00103815
7 1 -0.00691561
7 2 -0.00612688
7 3 0.00245596
7 4 0.00393642
7 5 -0.000237964
7 6 0.00279643
7 7 0.0124856
8 0 0.000460902
8 1 0.000168514
8 2 -0.000243548
8 3 0.00131931
8 4 0.00129278
8 5 0.00206826
8 6 0.000192501
8 7 0.00205484
8 8 0.00254081
9 0 0.00122114
9 1 -0.00211644
9 2 -0.0024014
9 3 0.00110273
9 4 0.0019765
9 5 0.000779329
9 6 0.000800426
9 7 0.00440336
9 8 0.00117249
9 9 0.00200241
SCENARIOS
0 0.30537	1.09074 1.04839 1.00061 1.08862 1.07402 1.00854 1.02759 1.07984 1.0225 1.03251 
1 0.69463	0.978956 0.976796 0.995871 0.961908 0.967676 0.998557 0.996761 0.974535 0.976529 0.981066 
00 0.805449	0.988155 1.01938 1.03203 1.02737 1.02561 1.04512 0.999714 1.00316 1.00736 0.981621 
01 0.194551	0.929195 0.868582 0.869161 0.91722 0.990372 1.00037 0.977305 1.04164 0.994623 1.03833 
10 0.625959	1.01354 1.08195 1.0697 1.0039 0.991504 1.01492 0.984283 0.930023 1.01587 0.968689 
11 0.374041	0.975406 0.901255 0.906319 1.00941 1.04208 0.944478 1.01734 1.20007 1.04167 1.08612 
000 0.0670434	0.936239 1.16081 1.16045 0.888242 0.860082 0.989558 0.92815 0.712621 0.988342 0.898228 
001 0.159538	1.05876 1.07496 1.07185 1.01032 0.966962 1.02643 0.974075 0.861239 1.02082 0.97368 
002 0.0911937	0.876769 0.93912 1.05649 0.885614 0.844293 0.903842 0.966697 0.815196 0.9762 0.949487 
003 0.0571231	1.1363 1.20755 1.08127 0.981501 0.979811 0.98768 0.946296 0.749536 0.918082 0.937237 
004 0.122215	1.04545 0.886529 0.888817 1.06292 1.07105 0.983331 1.0465 1.24255 1.01671 1.09236 
005 0.224101	0.941256 0.913564 0.902266 0.902382 0.959024 0.996253 0.974912 1.00246 0.986076 1.04795 
006 0.103757	1.17624 1.20075 1.13798 1.13518 1.04701 1.10848 1.01737 0.967928 1.06366 1.01363 
007 0.175028	1.22428 0.985382 0.903938 1.11603 1.14142 1.10463 1.00795 1.14425 1.06596 1.10899 
010 0.0967851	1.09831 0.83554 0.853032 0.996224 1.06246 0.966214 1.07104 1.2379 0.957393 1.07515 
011 0.131964	1.21368 0.990854 0.96484 1.12349 1.15957 1.03498 1.04843 1.23089 1.04204 1.04637 
012 0.176401	0.893456 0.897705 1.0288 0.90056 0.900461 0.911013 1.00566 1.00249 0.95528 0.968742 
013 0.179768	0.986452 1.04491 1.08778 0.954833 0.913352 0.94266 1.00266 0.880282 0.954575 0.932065 
014 0.138024	1.0458 0.929203 0.976172 1.06173 1.03533 1.0108 1.03629 1.14378 0.997 1.03706 
015 0.182798	1.10446 1.10969 1.0638 1.03977 1.04044 1.05963 0.997954 1.04141 1.02501 1.01445 
016 0.0530214	1.06177 1.23288 1.20473 0.989979 0.932476 0.982758 0.979886 0.802962 0.941579 0.898025 
017 0.0412388	0.889986 0.810434 0.870414 0.886053 0.950012 0.938025 0.974753 1.12309 0.966045 1.00597 
100 0.238702	0.970363 0.912807 0.938677 0.91432 0.94812 0.930808 0.981079 1.0132 0.971842 1.01408 
101 0.0501598	1.05136 1.00503 1.03369 1.04576 1.00507 0.945872 1.04855 0.995784 0.916729 1.00222 
102 0.0819208	1.24557 1.07226 0.964741 1.16933 1.21905 1.00452 1.04607 1.1126 1.01165 1.0548 
103 0.118788	1.0365 0.959087 0.962381 1.1308 1.10259 1.06787 1.05402 1.1577 1.074 1.10251 
104 0.0646489	0.865205 0.856146 0.899926 0.818352 0.86765 0.899543 0.948682 1.02954 0.970781 0.988403 
105 0.168418	1.04526 1.1386 1.11859 1.08548 1.05204 1.09106 0.982798 0.864323 0.997531 0.985107 
106 0.205216	0.881027 1.01488 1.05104 0.977504 0.937608 0.94498 0.975052 0.921915 0.974616 0.961193 
107 0.0721465	1.05214 0.882786 0.884857 1.0556 1.08775 0.963606 1.05043 1.21688 0.97415 1.10136 
110 0.177277	1.13416 1.06371 1.0376 1.15836 1.08959 1.04148 0.995826 1.00076 0.985952 0.987455 
111 0.0431453	1.32335 1.20208 1.02843 1.21956 1.26343 1.20476 1.01798 1.02198 1.06318 1.03665 
112 0.0646217	1.12147 0.937313 0.908354 1.06214 1.12979 1.07259 1.06197 1.14787 1.00898 1.06646 
113 0.122777	0.95597 0.932173 0.966664 0.900437 0.95272 1.04154 1.00565 1.01726 1.01531 1.00763 
114 0.111731	0.990572 0.943754 0.946768 0.995418 1.02547 1.08198 1.01146 1.11937 1.09466 1.03353 
115 0.101185	0.92467 0.994791 1.07698 1.00579 0.929311 0.913771 1.04238 0.90117 0.8977 0.932095 
116 0.186206	1.10415 1.04949 0.98875 0.986164 1.0296 1.03843 0.994571 0.96026 0.968807 0.988538 
117 0.193057	0.862055 0.922185 1.03207 0.891932 0.869085 0.988538 0.979203 0.880713 0.964828 0.925124 
0000 0.0521528	0.980995 0.853216 0.989905 1.06751 1.00925 0.993779 1.06726 1.28923 1.04137 1.09211 
0001 0.133414	0.910583 0.947945 0.959023 0.993323 0.98092 1.09271 1.00274 1.06588 1.05462 1.04438 
0002 0.0715585	1.03263 1.00055 0.98898 1.12104 1.09354 1.04395 1.04776 1.24228 1.03425 1.0846 
0003 0.129776	0.972967 1.00981 1.05711 0.965486 0.931074 0.930804 1.01339 0.939654 0.999014 0.951953 
0004 0.104912	1.01881 1.15829 1.16514 1.08222 0.991108 1.07751 0.964167 0.892241 1.03702 0.96649 
0005 0.201334	0.937198 0.836192 0.902392 0.894334 0.980148 0.904463 0.97933 1.15908 0.970219 1.06763 
0006 0.154639	1.17141 1.09094 1.01564 0.998142 1.02829 1.06134 0.999183 0.833123 0.923692 0.97036 
0007 0.152213	1.16238 1.02949 0.913835 1.07222 1.16211 1.12159 0.987043 1.25229 1.0705 1.07299 
0010 0.0782365	0.896758 1.20697 1.19661 0.999476 0.955863 1.03026 0.97414 0.832991 0.979124 0.937189 
0011 0.123598	1.01066 1.09065 1.05958 0.920096 0.98344 1.0696 0.974132 0.893238 0.977664 1.00315 
0012 0.139653	0.891334 1.02811 1.07789 0.967875 0.926679 0.857037 1.0154 0.948541 0.909071 0.968721 
0013 0.0649847	0.980738 1.14082 1.14184 1.11575 1.05146 1.00694 1.07791 1.05615 1.00453 0.968242 
0014 0.133792	0.930043 0.901464 0.883316 0.955228 1.03768 0.981964 1.0317 1.22625 0.999936 1.059 
0015 0.0835882	1.1466 1.11884 1.01764 1.10212 1.15047 0.980987 1.00673 1.04384 0.918866 1.01901 
0016 0.252294	0.871196 0.895133 1.00073 0.963838 0.974284 0.959079 0.97984 1.11926 0.988103 1.03163 
0017 0.123853	1.02075 0.981565 0.936775 1.07709 1.07264 0.999278 1.06307 1.18477 1.02201 1.06065 
0020 0.176549	0.966538 0.894442 0.960663 0.982448 0.999009 0.928121 1.02656 1.12076 0.91101 1.02121 
0021 0.14222	0.937381 1.01178 0.982834 0.953587 0.950752 1.00866 1.02367 0.965062 1.00637 0.967933 
0022 0.0592956	1.01232 0.8529 0.942867 1.04143 1.0975 1.00705 1.08752 1.50656 1.08471 1.11544 
0023 0.147124	0.866376 0.881949 0.927778 0.899954 0.910687 0.989058 1.00345 1.09592 0.951867 1.02278 
0024 0.0775747	0.87105 1.07745 1.1525 1.03996 0.935467 1.03158 0.95974 1.06531 1.01833 0.966012 
0025 0.0691039	1.11731 1.24732 1.19199 1.10263 1.04731 0.983206 1.02039 0.913033 0.928199 0.945547 
0026 0.187695	0.995993 1.08194 0.994192 1.03634 1.0391 0.970132 1.01244 0.972298 0.917494 0.967532 
0027 0.140437	0.99675 0.997567 0.98171 1.1813 1.1117 1.03745 1.10531 1.24537 1.03689 1.0038 
0030 0.141637	1.04255 0.927646 0.976967 1.02315 1.03994 1.06807 1.00595 1.14186 1.05694 1.07408 
0031 0.235587	1.16118 1.07817 0.985069 1.11203 1.10797 1.06756 1.03715 1.18154 0.989081 1.06795 
0032 0.0569395	0.921545 0.815148 0.918067 1.02198 0.965275 0.915971 1.03827 1.15679 0.967339 1.00145 
0033 0.112456	1.16967 1.10863 1.07258 1.02234 1.02368 1.11067 0.931959 1.01812 1.02897 1.01128 
0034 0.0782918	0.880196 0.923874 1.04789 0.875927 0.859323 1.00053 0.946652 1.00003 1.05727 1.00419 
0035 0.21637	1.02418 0.932228 0.906031 0.955688 1.01078 1.03361 1.04412 1.13107 1.06515 1.067 
0036 0.0733096	0.964649 1.18814 1.2351 1.0601 0.942639 1.15558 0.938023 0.825571 1.07868 0.916662 
0037 0.0854093	0.928023 1.06449 1.11037 0.989075 0.927739 1.01572 0.967995 0.909816 0.995453 0.929807 
0040 0.0798403	0.836528 0.90588 1.00968 0.841392 0.867 0.934199 0.932129 0.927693 0.938397 0.986901 
0041 0.0958084	1.00874 0.916011 0.86959 0.911608 1.00581 1.07691 0.997838 1.07547 1.06503 1.06105 
0042 0.104458	1.04359 1.09892 1.09887 1.08473 1.01884 1.03614 0.990035 0.895664 1.087 0.982356 
0043 0.0981371	1.17156 1.0339 0.923771 1.01503 1.1489 1.10836 1.00243 1.00654 1.03722 1.01794 
0044 0.200599	0.946653 1.07767 1.04253 0.919169 0.945142 1.02133 0.979678 0.836746 1.02592 0.925808 
0045 0.189621	0.896719 0.940436 1.02119 1.00318 0.935418 0.945815 1.05775 0.964702 1.03734 0.982546 
0046 0.172322	1.0075 0.953817 0.940002 1.03102 1.06854 1.03627 1.05608 1.17846 1.05158 1.06999 
0047 0.0592149	1.14087 0.978495 0.952217 1.13794 1.10122 1.0431 1.03577 1.06658 1.00998 1.04621 
0050 0.116292	0.965013 0.880166 0.928723 0.999354 0.985628 0.997915 0.981707 1.21649 1.09211 1.04621 
0051 0.0687591	0.883094 0.924447 1.1019 0.915277 0.845909 0.888714 1.00312 0.859099 0.917966 0.926841 
0052 0.234761	0.90683 0.973303 0.987174 0.933048 0.94413 0.88526 0.993262 0.94005 0.940909 0.96646 
0053 0.0763788	0.897787 1.02053 1.10865 1.12047 0.977536 0.943407 1.08181 1.06317 1.0801 0.967755 
0054 0.121553	1.11647 0.951651 0.967233 1.07448 1.02859 0.979092 1.02242 1.06926 1.05123 0.994344 
0055 0.1123	1.23499 1.12752 1.06414 1.15852 1.12176 1.04167 1.06834 1.09541 1.09446 1.00228 
0056 0.102141	1.20127 0.849717 0.901693 1.10616 1.10554 0.960086 1.04851 1.29361 1.05124 1.09088 
0057 0.167816	1.0585 1.10912 1.06361 1.00798 0.995266 0.955842 1.02779 0.960494 0.934424 0.944825 
0060 0.24569	0.902676 0.919758 0.927043 0.93758 0.937318 0.905001 0.925888 0.937144 0.980693 0.970881 
0061 0.134013	1.09361 0.956421 0.933864 1.06412 1.0809 0.949206 0.970448 1.02565 0.949623 1.01548 
0062 0.0685737	0.807161 0.897805 0.948848 0.871316 0.911119 0.903205 0.956414 0.94278 1.00869 0.978337 
0063 0.130878	1.08895 1.11454 1.09951 0.962275 0.970164 0.959597 0.910215 0.788829 0.986043 0.919672 
0064 0.119906	1.11512 1.08342 1.01907 1.01194 1.08079 0.996523 0.973324 0.918135 0.938355 1.01453 
0065 0.0944357	0.987547 1.12642 1.02095 1.14762 1.13101 1.05452 1.01089 0.975851 1.05679 1.00105 
0066 0.0901254	0.889156 0.758705 0.91065 0.978581 1.00073 0.934709 1.01197 1.18658 0.972598 1.07789 
0067 0.116379	0.962507 0.873418 0.890943 1.00869 1.03709 0.96175 1.016 1.02731 0.998903 1.00758 
0070 0.11475	0.933398 1.07182 1.14818 1.05526 0.977283 0.991396 1.05401 0.910486 0.991626 0.965486 
0071 0.0562137	1.01856 1.01362 1.08146 1.11813 1.0463 0.895908 1.06399 1.11493 0.960333 0.995661 
0072 0.0989547	0.962607 0.99335 0.971993 0.927733 0.99337 0.965532 1.05763 0.960564 0.914321 0.985504 
0073 0.195122	0.953715 1.03764 1.02133 0.869188 0.95855 1.00508 0.973562 0.805182 0.944317 0.914168 
0074 0.1259	1.04336 1.10209 1.0693 1.0411 1.04627 0.982042 1.02461 0.94055 0.994453 0.93769 
0075 0.192799	1.11722 1.10362 1.02817 1.13409 1.13887 1.08112 1.01083 1.08003 1.06093 1.00804 
0076 0.12892	0.783408 0.96286 1.09505 0.929528 0.891232 0.891918 1.05592 0.997474 0.981113 0.95894 
0077 0.0873403	0.922198 0.873374 0.948441 0.94329 1.01709 1.02878 1.04808 1.19339 1.0205 1.05648 
0100 0.213913	0.823822 0.957977 1.02096 0.943983 0.904385 1.0012 1.0091 1.02621 1.08139 1.00777 
0101 0.213913	1.06717 0.990605 0.888393 1.01549 1.07284 1.07886 0.957423 1.07168 1.07608 1.04787 
0102 0.0747826	0.73918 0.880624 0.976676 0.922886 0.944565 1.02916 0.988514 1.13968 1.13876 1.04673 
0103 0.107826	0.826482 1.16343 1.13841 0.905022 0.894724 1.01054 0.951968 0.89294 1.09548 0.916847 
0104 0.0678261	1.12938 1.17906 1.11425 1.15392 1.13874 1.06372 1.03948 1.03818 1.05998 1.00931 
0105 0.0852174	1.03217 1.28541 1.10067 0.98097 1.02684 1.03756 0.903254 0.861356 1.00053 0.922999 
0106 0.130435	1.05582 1.00337 1.02759 1.10318 1.07352 1.08702 1.0333 1.24575 1.2403 1.07831 
0107 0.106087	0.970307 0.988845 0.981712 0.914123 0.970099 1.04536 0.954094 0.904466 0.981708 0.961479 
0110 0.0739796	0.990423 1.08273 0.968284 1.05427 1.05552 1.22487 0.97613 0.921352 1.09703 1.08085 
0111 0.126276	1.00874 1.12242 1.04325 0.922368 0.950633 0.999996 0.968026 0.864561 0.980723 0.956166 
0112 0.144133	1.00841 0.994067 0.941105 1.13835 1.12643 1.09016 0.998443 1.10802 1.05676 1.07915 
0113 0.220663	0.938563 0.900485 0.887539 0.949216 1.01991 1.08251 1.10179 1.17405 1.07061 1.11817 
0114 0.121173	1.09792 1.21214 1.05564 1.10229 1.10332 1.0864 0.950697 0.865865 1.05425 1.00155 
0115 0.103316	0.893842 0.878892 0.955631 1.00018 0.992013 0.972696 1.06308 1.10999 1.04686 1.0537 
0116 0.109694	0.915335 1.0975 1.11924 1.03867 0.959945 1.04395 1.01778 0.914883 1.00432 0.945842 
0117 0.100765	1.12739 1.17433 1.11377 0.98628 1.00509 1.09888 0.931524 0.77569 0.985596 0.977786 
0120 0.159351	1.12736 1.0539 0.968495 1.0347 1.02112 0.95535 0.986012 1.00843 0.956638 0.974248 
0121 0.0753817	1.16863 1.14099 1.01172 1.03798 1.09188 1.15551 1.00786 0.906408 1.05867 1.03341 
0122 0.0906489	1.06031 1.00533 0.865013 1.01068 1.07963 1.10467 0.987413 1.15217 1.05354 1.06134 
0123 0.0877863	0.986969 1.0008 0.984079 1.05274 1.02125 0.996835 1.00211 1.04852 1.0171 1.01371 
0124 0.114504	1.20778 1.1669 1.075 1.09178 1.06317 1.0313 1.00659 0.903878 0.99209 0.956166 
0125 0.0954198	1.18513 1.02627 0.997163 1.14543 1.17568 1.04513 1.04415 1.17007 1.01364 1.034 
0126 0.312023	0.869534 0.982233 1.00609 0.911248 0.921733 0.986399 1.00949 0.947492 1.02267 0.961289 
0127 0.0648855	0.971861 0.975623 0.968066 1.03541 0.994073 1.15056 0.991336 1.09065 1.09291 1.1165 
0130 0.206929	1.0071 0.946209 1.00538 1.02117 1.015 0.979261 1.06265 1.20017 1.01633 1.0293 
0131 0.102996	0.88104 0.857951 0.888778 1.09901 1.04912 1.00644 1.09845 1.34292 1.06266 1.07878 
0132 0.132959	0.851073 0.967901 0.969664 0.896762 0.941634 0.947672 1.01973 1.01728 0.944118 0.963815 
0133 0.0580524	1.10983 1.16373 0.954969 1.1542 1.15926 1.055 0.976702 1.05826 1.01073 1.05858 
0134 0.10206	0.977519 1.0887 1.13428 1.05096 1.02455 1.02168 1.0598 0.907854 0.962879 0.948228 
0135 0.0983146	1.04653 1.09668 1.08529 1.02097 1.04965 1.12975 0.989937 0.959805 1.05343 1.02399 
0136 0.093633	0.948085 1.11497 1.11192 0.953417 0.928557 1.12389 0.907938 0.873665 1.07445 0.941644 
0137 0.205056	0.835094 0.966858 1.08103 0.896129 0.87177 1.02484 0.952804 0.954308 1.07086 0.98131 
0140 0.158537	1.03072 0.79255 0.910048 1.02452 1.01748 0.866416 1.06349 1.30034 0.975675 1.05181 
0141 0.117073	1.01158 1.05647 1.07887 1.03199 0.954117 0.925812 1.0774 1.02248 1.00125 0.97435 
0142 0.0926829	0.885346 0.957994 0.936243 0.857911 0.911811 0.922826 1.01797 0.93329 0.95787 0.959263 
0143 0.212195	0.99715 1.03394 0.972273 0.985334 0.999383 1.00425 1.05974 1.0215 1.04065 1.0162 
0144 0.0780488	0.982746 1.0825 1.10098 0.931353 0.897256 0.918864 0.960917 0.826267 0.909524 0.940832 
0145 0.212195	1.20397 1.04904 1.01899 1.11343 1.12232 1.03473 1.03298 1.10956 1.13323 1.03588 
0146 0.0804878	1.10775 0.970973 0.910253 0.949707 1.04402 0.939247 1.02203 1.03222 0.940469 1.02027 
0147 0.0487805	0.879112 0.920414 1.0183 0.910474 0.925061 0.877322 1.0509 1.04407 0.976341 0.987469 
0150 0.0782689	1.01483 1.01062 0.979451 1.16795 1.12864 0.98733 1.0755 1.06077 0.996512 1.03198 
0151 0.0543278	0.96631 1.15522 1.11712 0.964283 0.986217 1.05024 0.939093 0.72411 1.01592 0.905024 
0152 0.0570902	0.979767 1.08437 1.10927 1.06026 1.01345 1.02951 1.08156 0.912309 1.00154 0.953818 
0153 0.1593	0.876518 1.02985 1.01075 0.935093 0.909482 0.915844 1.00626 0.952203 0.977922 0.933884 
0154 0.191529	1.08569 1.01588 0.991069 1.0846 1.07689 1.07531 1.00834 0.937319 1.04329 0.982526 
0155 0.0662983	1.14018 1.16444 1.17771 1.06966 0.94056 1.02105 0.999205 0.792561 0.945119 0.946266 
0156 0.14825	0.977221 1.00878 0.982035 0.973836 0.970796 0.942295 0.966999 0.900016 0.916724 0.957507 
0157 0.244936	0.924535 0.857981 0.912234 0.97911 0.954601 0.969155 1.07401 1.17712 1.05236 1.01509 
0160 0.212698	0.873143 0.973329 1.0461 1.0431 0.921699 0.998004 1.01926 0.973657 1.00199 0.979062 
0161 0.152381	0.966715 0.971051 0.956445 0.990581 0.981596 1.00225 0.961799 0.98471 1.1287 1.01948 
0162 0.136508	1.11208 1.14014 0.997153 1.0955 1.06872 1.09154 1.04862 0.943533 1.02787 1.00244 
0163 0.126984	0.996279 0.962794 0.955177 1.10444 1.10804 1.10041 1.05593 1.11215 1.09952 1.0936 
0164 0.0825397	0.780021 0.85365 1.00515 0.86387 0.850004 0.936133 1.01532 0.925839 0.902527 0.965332 
0165 0.107937	0.788378 0.919267 1.08481 0.895366 0.886908 0.995048 0.968226 0.954414 1.00183 0.994236 
0166 0.0825397	1.01018 1.09981 1.05833 0.994941 1.01103 1.06152 0.939358 0.925531 1.01352 0.966691 
0167 0.0984127	0.894236 1.03833 1.15721 0.889309 0.900198 1.09612 0.905682 0.778291 1.06628 0.959688 
0170 0.159184	0.928187 0.849555 0.888832 0.948207 0.971505 0.956493 1.05346 1.06095 1.07277 1.06084 
0171 0.0734694	1.24283 1.05677 1.0275 1.1175 1.12037 1.01981 1.08425 1.08999 1.04136 1.03265 
0172 0.044898	0.90102 0.915776 0.945448 0.968538 1.11109 1.10457 1.09999 1.27317 1.1622 1.14144 
0173 0.167347	1.02433 0.960878 0.992281 1.00793 1.02555 1.01305 1.09973 0.982938 1.02634 1.03502 
0174 0.102041	1.15584 1.16794 1.0178 1.13147 1.10502 1.14881 1.03043 0.988514 1.07183 1.07031 
0175 0.118367	0.945603 0.946279 1.07115 1.0525 0.965927 0.967735 1.09604 1.22686 1.04068 1.03241 
0176 0.114286	1.04441 0.919397 0.943592 1.0853 1.06749 0.908332 1.17058 1.30681 0.968269 1.10068 
0177 0.220408	0.893807 0.937119 1.07192 0.892053 0.895722 0.94379 1.04392 0.974769 0.964196 0.987781 
1000 0.174102	1.00009 1.02408 1.01788 1.13535 1.07489 1.02037 1.01845 1.05127 1.0308 1.03217 
1001 0.164756	0.93601 0.921187 0.918806 1.0252 1.03727 0.968968 1.05516 1.17079 1.04265 1.06117 
1002 0.096252	0.758532 0.875383 0.99944 0.862576 0.848659 0.900997 1.01477 0.845686 0.950893 0.957192 
1003 0.242702	0.927849 0.937369 0.941976 0.958246 0.960857 0.99364 0.98245 0.989372 0.976285 0.99052 
1004 0.0526062	1.01863 1.17719 1.03582 0.933172 0.993802 1.04816 0.968963 0.821563 0.959177 0.930241 
1005 0.144426	0.913716 1.12387 1.16322 0.996789 0.915543 1.04129 0.965574 0.839776 0.953856 0.938689 
1006 0.0639753	1.04171 0.981408 0.818582 1.10345 1.18253 1.06877 1.02727 1.25077 1.07692 1.13991 
1007 0.0611812	1.26992 1.15901 0.943202 1.06283 1.13853 1.15289 0.983309 0.921171 1.00618 0.99282 
1010 0.193489	1.07466 1.10916 1.03006 0.994909 0.964591 0.947652 0.90843 0.883134 0.929932 0.915269 
1011 0.12563	1.10898 1.03977 1.07932 1.04729 0.993476 1.09658 0.966127 0.853515 1.04577 0.991249 
1012 0.0733608	0.913292 0.884853 0.957148 1.02312 0.936373 0.830323 1.00627 1.1004 1.03585 1.0056 
1013 0.115543	0.863498 0.906676 0.99812 1.05083 0.946949 0.957791 1.03468 1.135 1.06292 1.02404 
1014 0.0797799	1.12473 0.977005 0.886511 1.0358 1.09241 1.01741 0.977322 1.10206 1.03562 1.07875 
1015 0.242549	0.94402 0.869873 0.906598 0.968791 0.998416 0.966293 0.975909 1.06266 0.957851 1.02348 
1016 0.111417	1.15648 1.0883 1.05759 1.14412 1.08551 1.00888 1.01299 1.10006 0.98917 1.02022 
1017 0.0582302	1.20013 1.00125 0.913593 1.10792 1.15429 0.960044 0.990394 1.20239 1.06482 1.05837 
1020 0.105839	0.864274 0.998157 1.05328 0.978114 0.93723 1.07299 0.991117 0.940578 1.00392 1.00928 
1021 0.0513756	1.06134 0.887314 0.78308 0.883209 1.06496 1.02604 0.971023 1.21496 1.01277 1.10914 
1022 0.186693	1.11152 1.1405 1.00391 1.02116 1.03298 1.01548 1.00955 0.999813 0.986256 1.02306 
1023 0.241999	1.02233 1.04243 0.976786 0.924243 0.941598 1.00633 0.900503 1.00146 0.967891 1.00425 
1024 0.104997	0.959964 0.838589 0.880368 0.956206 0.973844 1.04419 1.02795 1.24151 1.0643 1.08469 
1025 0.0645705	0.976878 0.887794 0.963006 1.07964 1.06579 1.04484 1.01599 1.26362 1.06386 1.07818 
1026 0.138125	1.22421 1.09506 1.02804 1.19758 1.12774 1.12669 1.01937 1.08264 1.01565 1.02861 
1027 0.106401	1.11814 1.27566 1.16798 1.08261 1.00682 1.23223 0.958884 0.888603 1.0913 0.988588 
1030 0.177735	0.989373 1.00497 0.957833 0.990364 0.98401 0.974843 0.975415 1.02274 0.996277 0.992099 
1031 0.0826718	0.833003 0.939178 0.993663 0.877878 0.884248 0.906943 0.94659 0.936439 1.01692 0.93603 
1032 0.0729913	0.902135 1.09164 1.11009 1.04572 0.973591 0.933389 0.984058 0.935534 1.04736 0.933364 
1033 0.0685382	0.98981 1.20382 1.17893 0.969287 0.915656 0.977593 0.915677 0.752006 0.955384 0.887554 
1034 0.156438	1.14411 1.12811 1.07419 0.993763 0.998918 1.02051 0.892387 0.876185 0.989622 0.967267 
1035 0.128364	1.16672 1.20409 1.12537 1.15335 1.09804 1.05799 0.966964 0.936448 0.94689 0.985141 
1036 0.202904	0.999458 1.00182 0.935149 0.905463 1.01786 1.00039 0.986141 1.01904 1.0062 1.00586 
1037 0.110358	1.25041 1.04843 0.959408 1.08415 1.15216 1.16214 0.982532 1.0944 1.11595 1.06714 
1040 0.135183	0.900049 1.02036 0.952183 0.90011 0.947506 0.99827 0.970595 0.8215 0.922389 0.984919 
1041 0.127357	0.910009 1.12775 1.13726 0.953008 0.910074 0.98703 0.917106 0.819059 1.00102 0.948707 
1042 0.19566	0.817342 0.88386 0.979114 0.955452 0.938871 0.942472 1.02975 1.00803 0.991681 1.00297 
1043 0.072572	0.944868 0.938242 0.893095 1.09636 1.07496 1.08133 1.08233 1.27151 1.0833 1.15357 
1044 0.185699	0.965778 1.00744 1.02125 1.02553 1.02832 1.04822 1.02831 0.941561 1.02328 1.02726 
1045 0.0540733	0.753201 0.821067 0.956915 0.858515 0.840045 0.802391 1.05513 0.934284 0.883925 0.94427 
1046 0.166133	1.08884 0.955012 0.859742 1.05909 1.13223 0.999583 1.02913 1.08845 1.00225 1.09761 
1047 0.0633227	1.28259 1.19104 1.0331 1.09854 1.10126 1.17166 0.948502 0.827525 0.964604 0.9993 
1050 0.0671856	1.21008 1.17521 1.03941 1.02064 1.06028 1.07728 0.982257 1.0376 1.04862 0.97954 
1051 0.091356	1.15721 1.07215 1.04126 1.19195 1.12495 0.927774 1.08134 1.25536 1.06229 1.02238 
1052 0.21849	0.907176 0.933105 0.971466 0.917644 0.892836 0.884671 0.988914 1.08506 0.945663 0.9915 
1053 0.0449269	1.00099 1.16503 1.15741 1.08965 0.997784 1.05926 1.00566 0.952767 1.07894 0.968255 
1054 0.16851	1.05098 1.16675 1.14465 1.00405 0.943443 0.908755 0.978765 0.858954 0.959106 0.917789 
1055 0.0460194	0.886823 1.03848 1.01601 0.982 0.944008 1.00587 0.956209 1.02265 1.07583 1.02238 
1056 0.170285	0.954818 0.940406 0.948188 1.03799 1.07158 0.936794 1.04613 1.24698 1.05941 1.0459 
1057 0.193227	1.11791 0.947198 0.884805 0.986007 1.03108 1.01056 1.00549 1.17148 1.00954 1.05212 
1060 0.260451	0.986246 0.919746 1.01982 0.975042 0.937498 0.995696 1.01561 0.994774 1.0445 1.01641 
1061 0.0722851	0.991963 0.830415 0.859988 0.975083 1.00283 1.02286 0.998526 1.27783 1.02216 1.11848 
1062 0.0840524	1.14992 1.2227 1.11605 0.996135 0.993058 1.07067 0.892773 0.770165 0.990543 0.972147 
1063 0.151967	1.05953 0.994476 0.992818 0.912106 0.932506 0.960871 0.942251 0.888852 0.966228 0.950552 
1064 0.130337	1.13586 0.926862 0.937089 1.10339 1.13046 1.02525 1.05129 1.27774 1.09272 1.09228 
1065 0.0824835	1.19333 0.962686 0.912122 1.00154 1.08117 0.991933 1.01815 1.11448 0.99708 1.08175 
1066 0.0643281	0.966067 1.15483 1.20383 0.920831 0.852694 1.00417 0.930929 0.79109 0.993656 0.90852 
1067 0.154096	1.13426 1.08611 1.06586 1.07155 1.09605 1.00412 0.993026 0.986664 0.993737 0.987812 
1070 0.161938	0.952276 0.955682 0.959719 0.933064 0.954623 0.907357 0.991617 0.993508 0.997313 0.969127 
1071 0.0937201	1.06053 1.09073 1.05942 0.910888 0.958877 1.00422 0.923073 0.847292 0.938166 0.954193 
1072 0.126554	0.885856 0.898385 0.882834 0.978239 0.97286 0.955588 1.04004 1.16005 1.05971 1.01764 
1073 0.206567	1.02642 1.09587 1.06375 1.07093 1.02923 1.00679 1.00773 0.996297 1.01073 0.978152 
1074 0.0911699	1.14399 0.98898 0.975929 1.12145 1.10712 0.95522 1.06022 1.06178 0.977884 1.01116 
1075 0.133567	1.05792 0.911057 0.869975 0.976603 1.05157 1.06673 1.00379 1.14195 1.08877 1.10844 
1076 0.082563	1.15372 1.07358 1.00011 1.06866 1.0579 1.0132 0.995275 1.08102 0.954618 1.00412 
1077 0.103921	0.902803 1.03352 1.08761 0.929449 0.901815 1.0205 0.998475 0.857145 0.977251 0.95786 
1100 0.122232	1.02152 1.05643 0.975501 1.00769 1.01134 1.10193 0.972485 1.01463 1.11508 1.03635 
1101 0.0788102	1.0649 1.07939 1.03897 1.14759 1.14822 1.09458 1.09775 1.11703 1.08299 1.05887 
1102 0.107034	1.18764 1.13926 1.02741 1.02033 1.09134 1.08387 0.992992 0.902776 1.02177 1.00834 
1103 0.214069	0.950825 0.860539 0.917459 0.983873 0.98283 1.03046 1.06787 1.17434 1.07804 1.0704 
1104 0.112462	0.933998 1.04549 1.10873 1.02709 1.01143 1.03679 1.07791 1.03348 1.0687 0.998974 
1105 0.123317	0.929032 1.10476 1.12655 0.985834 0.943958 1.0394 1.03491 0.850096 0.984423 0.976951 
1106 0.154581	0.914762 1.04876 1.01276 0.899866 0.893047 0.933295 1.0739 0.929317 0.971382 0.961171 
1107 0.0874946	1.07913 0.958443 0.816865 0.990586 1.13899 1.13015 1.0346 1.22466 1.12116 1.1331 
1110 0.157895	0.984771 0.95269 0.944845 0.85984 0.942177 0.996874 0.937582 0.978767 0.967837 1.00372 
1111 0.126673	1.08341 0.878792 0.882395 0.953084 1.04833 0.986386 1.04695 1.05806 0.9989 1.02237 
1112 0.150758	0.97847 0.822079 0.898184 1.00117 0.978509 0.913839 1.05987 1.13852 0.947363 1.04331 
1113 0.146298	1.08164 0.945999 0.97039 1.06736 1.06083 1.04489 1.04894 1.18616 1.06493 1.08164 
1114 0.0936664	1.12989 1.23122 1.12631 1.1459 1.03798 0.975779 0.961414 0.872725 1.0543 0.950345 
1115 0.0900981	0.942697 0.986794 1.03936 0.955346 0.843896 0.932473 0.975547 0.890658 0.990814 0.939712 
1116 0.12132	1.03784 1.16889 1.07772 0.997705 0.963851 1.0776 0.979931 0.904399 0.991566 0.969337 
1117 0.113292	0.999428 0.962898 1.1057 1.09988 0.975866 1.05057 1.05726 1.10046 1.07715 1.00322 
1120 0.0732579	1.20673 1.20916 1.17197 1.1296 1.0633 1.14955 0.945817 0.925027 1.04081 0.997899 
1121 0.177487	1.11623 1.04334 0.931972 1.12295 1.10766 1.07784 0.940619 1.05831 1.02989 1.03538 
1122 0.0923169	0.953374 0.872676 0.803788 0.98941 1.04939 0.897192 1.02776 1.35199 1.05269 1.07392 
1123 0.0958904	0.923919 0.995101 1.05494 0.94579 0.878259 0.857063 0.950537 0.90322 0.885898 0.918719 
1124 0.166766	0.911896 1.06997 1.00764 0.981471 0.99329 0.976383 0.949914 0.903119 0.982269 0.96308 
1125 0.0863609	1.01477 0.98628 1.04491 1.04895 0.927872 0.921917 1.00687 1.01455 0.966545 0.97101 
1126 0.0536033	1.24705 1.14477 1.04634 1.06352 1.03586 0.91939 0.977381 0.904546 0.847567 0.934755 
1127 0.254318	1.06769 0.979724 0.97277 1.00477 0.987244 0.982528 1.00571 1.0538 1.05949 1.02506 
1130 0.0758621	1.04073 1.14416 0.994126 1.00319 1.09906 1.07551 1.00091 0.935347 1.02493 0.958024 
1131 0.0890282	1.00681 1.05596 1.02706 1.00925 0.992706 1.04106 0.96231 0.985468 1.05225 0.993566 
1132 0.200627	1.07918 1.14551 1.04664 1.12506 1.07624 1.11341 0.932008 0.858992 1.05159 0.98728 
1133 0.0633229	1.05047 0.86509 0.828993 0.94831 1.05678 0.923426 1.00671 1.15424 0.93866 1.06475 
1134 0.0789969	1.05699 0.919727 0.908091 1.02893 1.06603 0.975996 1.01228 1.15181 0.964685 1.05167 
1135 0.205956	0.818214 0.872058 0.842075 0.903256 0.938604 0.908726 0.978326 1.02321 0.999237 0.98696 
1136 0.175549	1.01805 0.995577 0.984396 0.988066 0.990807 1.02762 0.977454 0.988692 1.03263 0.988084 
1137 0.110658	0.880925 1.09368 1.07852 0.963228 0.924826 1.0592 0.965985 0.740624 0.999272 0.921028 
1140 0.231485	1.18659 1.00144 0.997812 1.0467 1.05675 1.09595 0.998084 1.01505 1.01141 1.051 
1141 0.202205	0.992368 0.914296 1.00123 1.13476 1.005 0.942296 1.05032 1.07402 0.983035 1.02172 
1142 0.0630382	0.995625 1.18408 1.25167 1.11094 0.987068 1.07531 1.03681 0.810873 1.01196 0.927336 
1143 0.19876	0.92403 0.864409 0.859509 0.984958 1.05506 0.945006 1.06224 1.13436 0.959931 1.0383 
1144 0.0761281	0.922347 0.957878 1.01967 0.944698 0.908276 0.942867 1.03354 0.940913 0.944255 0.976722 
1145 0.083362	1.00467 1.04359 1.07304 0.991586 0.896304 0.91261 0.963658 0.889642 0.985606 0.961904 
1146 0.0468481	0.711061 0.832043 0.932627 0.879444 0.862215 0.91588 0.996095 0.926944 0.957922 0.991589 
1147 0.0981743	0.857725 0.753632 0.85364 0.912586 0.942992 0.853565 1.05549 1.15678 0.902407 1.05415 
1150 0.0878661	0.987026 1.10031 1.08635 1.10512 1.04541 1.05721 1.0164 1.13503 1.14857 0.976422 
1151 0.169266	0.964991 1.06994 1.10234 0.980817 0.945406 1.02122 0.983129 0.969355 1.05868 0.976042 
1152 0.111449	1.15145 1.00639 0.909532 1.10485 1.08936 1.04902 0.999639 1.19647 1.04089 1.0621 
1153 0.159757	1.03931 1.00062 0.895658 0.991065 1.04041 1.03482 1.01326 1.08287 1.06684 1.03233 
1154 0.116774	0.972645 0.800657 0.852988 0.982645 0.989485 0.981538 1.04009 1.3529 1.08836 1.08453 
1155 0.0528718	1.28082 1.12963 1.09788 1.16973 1.1346 1.1316 0.96148 0.979872 1.05113 1.00959 
1156 0.195892	1.06983 1.17893 1.05489 1.05086 1.05074 1.16108 0.988446 0.874529 1.00268 0.968513 
1157 0.106124	0.868486 0.930465 0.94473 0.878721 0.919441 0.969771 0.935377 1.01472 1.04067 0.967629 
1160 0.0711038	0.888866 0.889877 0.967824 1.04817 1.00478 0.991913 1.06162 1.2218 1.11481 1.06276 
1161 0.153989	0.889745 1.1254 1.08391 0.970708 0.92604 0.99903 0.994014 0.887928 1.01897 0.922273 
1162 0.106242	0.979356 0.908854 0.880066 0.88928 0.967725 0.961144 0.997792 1.01189 0.937589 0.992613 
1163 0.154196	0.863919 0.882928 0.992733 0.960124 0.929596 0.953464 0.970568 1.03288 1.01652 0.990202 
1164 0.103555	1.15598 1.10186 1.02424 1.09845 1.11656 1.13759 0.935408 0.999917 1.03638 1.02095 
1165 0.201323	1.03227 1.09411 1.08441 1.07005 1.03548 1.07194 0.987833 0.844128 1.00192 0.99798 
1166 0.042993	1.0633 1.04115 1.03054 1.1356 1.03952 0.972035 1.02604 1.07822 0.954751 1.02368 
1167 0.166598	0.97238 0.913832 0.909039 1.00968 1.09549 0.97483 1.03505 1.15235 0.992684 1.04195 
1170 0.163676	1.05959 1.19352 1.16146 1.03573 0.961131 1.00924 0.980248 0.827155 0.994699 0.95037 
1171 0.0891148	1.15563 1.13179 1.01822 1.11285 1.14259 1.05441 1.03731 1.06039 1.01794 1.04377 
1172 0.0727671	0.929454 0.789136 0.831118 0.950458 1.02307 0.922764 1.09411 1.25132 1.02155 1.0872 
1173 0.103469	0.839997 0.817316 0.89771 0.842398 0.866536 0.814055 0.974541 1.01314 0.925166 1.0157 
1174 0.0871212	0.849045 1.01922 1.05991 0.894151 0.887854 0.975808 1.01015 0.918141 0.972542 0.984757 
1175 0.100877	1.09743 1.18903 1.05253 1.09323 1.06817 1.08757 0.996478 0.962547 1.0453 1.01005 
1176 0.114633	1.14606 0.933394 0.895908 0.935994 1.03019 0.938938 0.98861 1.04527 0.946124 1.02943 
1177 0.268341	0.905912 1.0318 0.992738 0.991847 1.00944 0.985016 1.01141 0.982003 0.976806 0.990136 
BOUNDS
LWPS R    0.0  0.0  0.0  0.0  0.0  0.0  0.0  0.0  0.0  0.0
UWPS R    0.5  0.5  0.5  0.5  0.5  0.5  0.5  0.5  0.5  0.5
LXAS R   -0.5 -0.5 -0.5 -0.5 -0.5 -0.5 -0.5 -0.5 -0.5 -0.5
UXAS R    0.5  0.5  0.5  0.5  0.5  0.5  0.5  0.5  0.5  0.5
END
