NAME moment_estimations_cluster
ASSETS 10
BENCHMARKS 0.1 0.1 0.1 0.1 0.1 0.1 0.1 0.1 0.1 0.1 
COVARIANCES
0 0 0.083493
1 0 0.0311356
1 1 0.0162805
2 0 0.00950779
2 1 0.00273822
2 2 0.0034383
3 0 -0.00295246
3 1 0.00261023
3 2 -0.00329193
3 3 0.0105742
4 0 -0.0119312
4 1 -0.00303161
4 2 -0.00403738
4 3 0.00716547
4 4 0.00809681
5 0 -0.0175302
5 1 -0.00534884
5 2 -0.00225409
5 3 0.00400928
5 4 0.00412822
5 5 0.00590109
6 0 0.00471346
6 1 0.00262529
6 2 0.000549386
6 3 0.00230097
6 4 0.000124909
6 5 0.000648346
6 6 0.00261681
7 0 -0.00543864
7 1 0.00167257
7 2 -0.00279137
7 3 0.00929816
7 4 0.00601085
7 5 0.0046049
7 6 0.00243791
7 7 0.0114556
8 0 0.017789
8 1 0.00284867
8 2 0.00373155
8 3 -0.00471218
8 4 -0.00406746
8 5 -0.00556243
8 6 -0.000208938
8 7 -0.00578291
8 8 0.0107168
9 0 -0.0206421
9 1 -0.0102497
9 2 -0.00161943
9 3 0.00293923
9 4 0.00580843
9 5 0.00581869
9 6 0.000454829
9 7 0.00402408
9 8 -6.98143e-05
9 9 0.0172864
SCENARIOS
0 0.56674	1.23593 1.06076 1.02449 0.976034 0.961812 0.972239 1.00971 0.995235 1.02039 0.940212 
1 0.43326	0.802612 0.923511 0.987524 1.01963 1.05761 1.0627 0.980426 0.991448 0.977437 1.10655 
00 0.724953	1.0293 1.0893 0.98514 1.01336 1.01193 1.02318 1.03165 1.03813 0.971744 0.970626 
01 0.275047	1.1226 0.981459 1.05241 0.865491 0.889363 0.893688 0.949076 0.85802 1.15724 0.97893 
10 0.665813	1.25074 0.957032 1.03084 0.999713 0.980712 0.962648 1.00516 1.01893 1.08562 0.974238 
11 0.334187	0.74576 0.883383 0.937392 1.02131 1.05408 1.08962 0.984161 1.13281 0.888642 1.02688 
000 0.136957	0.928568 0.901932 1.08757 0.942499 0.918075 0.997154 1.02049 0.915112 1.09232 1.19174 
001 0.0987198	0.520574 0.710626 0.959833 1.0509 1.13035 1.13512 0.951868 1.07753 0.922064 1.35839 
002 0.0643285	0.665293 0.861741 0.859408 1.35529 1.26547 1.17659 1.03115 1.28756 0.834214 1.14714 
003 0.0999854	0.745194 0.862649 0.966832 1.00075 1.03323 1.02358 0.946978 0.971566 0.91772 0.994965 
004 0.199557	1.09358 1.02966 0.982071 1.03961 1.02683 0.940697 0.925163 0.981662 1.01192 0.904103 
005 0.0881809	0.5896 0.842896 0.960385 1.01362 1.01146 1.12687 0.95528 1.03455 0.78362 1.01564 
006 0.215158	1.68759 1.26545 1.03863 1.18583 1.07198 0.897406 1.07121 1.11967 1.06313 0.990989 
007 0.0971134	1.52481 1.0492 1.11699 0.970668 0.952207 0.833971 0.996626 0.926193 1.26363 1.01486 
010 0.126187	0.673599 0.842309 0.97188 0.972207 0.992968 1.09319 0.927602 0.935369 0.973039 1.00354 
011 0.0890429	0.471976 0.755473 0.914681 1.01742 1.16078 1.1408 0.944111 1.0175 0.789408 1.05006 
012 0.0808956	2.12966 1.17685 1.10678 0.974067 0.905778 0.836822 1.06096 0.858169 1.2931 0.970709 
013 0.192327	1.32611 1.13199 1.02257 1.03347 0.963831 0.964543 1.05581 1.05783 1.002 0.841007 
014 0.090775	1.81281 1.32099 1.0278 1.03813 0.922137 0.904246 1.02802 1.02461 1.08707 0.86528 
015 0.176482	0.907907 0.928225 0.996528 1.1032 1.15666 1.04042 1.0546 1.04157 1.04352 1.24388 
016 0.179305	0.994437 1.02892 1.02304 0.985694 0.957487 0.98934 0.997977 0.97718 0.973617 0.948233 
017 0.0649859	0.705958 0.91997 0.98615 0.999491 1.04495 1.09602 1.04433 1.0687 0.841458 1.07856 
100 0.146324	0.61248 0.832847 0.907365 0.998379 1.0711 1.03418 0.988646 1.00046 0.934421 1.24842 
101 0.057233	0.911252 0.900074 1.04025 0.771047 0.938124 0.888562 0.907513 0.737067 1.21511 1.19151 
102 0.132839	1.49934 1.19594 1.13556 0.815141 0.836191 0.873358 0.978314 0.866385 1.19694 0.974379 
103 0.102957	0.950215 1.17629 0.893955 1.18197 1.13469 1.01328 1.01125 1.23443 0.859302 0.989517 
104 0.252747	0.880548 0.951531 1.00849 0.867844 0.915293 1.01375 0.957536 0.876212 0.983978 0.975987 
105 0.0709953	1.81231 1.44452 0.987291 1.10931 0.948649 0.975376 1.11463 1.12961 1.14144 0.885841 
106 0.171283	1.30962 1.37055 1.00382 0.978933 0.910344 0.955025 1.0358 1.04373 0.963772 0.938395 
107 0.0656221	0.587662 0.955604 0.920293 1.07054 1.03184 1.17498 1.08052 1.09798 0.807459 1.11162 
110 0.127495	0.966891 0.94454 1.04865 0.939689 0.942766 1.02147 0.996682 0.903147 1.03298 1.05014 
111 0.0639547	1.72152 1.09061 1.11243 0.925649 0.869332 0.881559 1.05761 0.837475 1.2074 0.783743 
112 0.143656	0.962167 1.00176 0.975357 1.05046 1.04222 0.926313 0.966502 0.93559 1.1091 1.02341 
113 0.140825	1.55976 1.2344 1.03531 0.969498 0.889902 0.86833 1.06917 0.944712 1.01894 0.775919 
114 0.176048	0.726858 0.945858 0.913423 1.15439 1.1255 1.06458 0.966952 1.0283 0.878976 1.13924 
115 0.103529	1.0585 1.1919 1.08207 1.15465 0.996194 1.0788 1.11785 1.10965 0.989163 1.12819 
116 0.0866773	0.927664 1.00936 1.04516 0.877498 0.831556 0.952422 0.960756 0.789156 0.978899 0.821966 
117 0.157815	1.01622 1.25731 0.952462 1.28504 1.1212 1.02195 1.07045 1.21703 0.857246 0.980283 
0000 0.221966	0.927737 1.0815 0.977824 1.12894 1.11888 1.07355 0.990807 1.21623 0.936647 0.987163 
0001 0.0534921	1.28232 1.15404 1.13764 0.885048 0.925204 0.895934 0.970474 0.86657 1.17345 0.847664 
0002 0.134352	0.981566 0.961695 1.02547 1.01891 1.14524 1.03671 0.957722 1.01038 1.14737 1.17637 
0003 0.075351	1.33749 1.01764 0.977682 1.04169 1.01056 0.956179 0.989697 1.04839 1.17785 0.984055 
0004 0.077839	1.8844 1.2919 1.07051 1.08547 0.871408 0.924868 1.01964 1.14725 1.11806 0.81336 
0005 0.105029	0.605181 0.764642 0.882556 1.23087 1.33982 1.10759 0.937705 1.15164 0.945142 1.24641 
0006 0.232451	0.788078 0.956365 0.99309 0.909869 0.983389 0.974187 0.934255 1.02118 0.931703 0.849073 
0007 0.0995202	1.32867 1.10438 1.07315 1.05337 0.880119 0.95986 1.06228 1.00921 1.02839 0.835102 
0010 0.2214	0.78238 0.889672 1.00484 1.02376 1.04898 1.07678 1.03705 1.029 1.00189 1.18572 
0011 0.111686	1.26934 1.15458 0.984352 1.01179 0.988682 0.916228 0.984954 1.08475 1.02795 0.83113 
0012 0.104783	1.21527 1.18762 1.0406 1.11328 1.0299 0.95445 1.08205 1.02075 1.25426 1.19671 
0013 0.16568	1.79576 1.21635 1.05169 1.08995 0.950675 0.936583 1.07051 1.05998 1.08395 0.997202 
0014 0.121055	0.848537 1.04165 0.899105 0.992607 1.06759 0.942547 0.941248 0.8811 0.926532 0.88653 
0015 0.105276	0.641393 0.858819 0.940866 1.10592 1.12968 1.13654 0.96903 1.1008 0.829973 1.16232 
0016 0.102811	1.03064 1.07617 0.972786 0.923542 0.932635 0.956752 0.981423 0.809273 1.09939 0.940641 
0017 0.0673077	1.22704 1.11234 0.952365 1.02921 1.10157 0.867093 0.959784 0.886136 1.16246 1.04325 
0020 0.120696	0.677368 0.86363 0.952032 1.07058 1.07905 1.13967 1.0104 1.02668 0.798046 1.09629 
0021 0.0730231	0.527348 0.781373 0.932805 0.966561 1.11234 1.11237 0.869151 0.93743 0.903938 1.18224 
0022 0.13583	1.36628 1.40583 1.10469 1.18228 0.974093 0.965919 1.07277 1.10908 0.977448 0.998849 
0023 0.105562	0.939785 1.14891 1.09248 0.832912 0.856912 0.899457 0.929129 0.810956 1.01838 0.899811 
0024 0.0991298	1.11763 1.14407 1.03499 1.01972 0.993132 0.8567 1.01239 0.873591 1.08286 1.01453 
0025 0.113886	1.80688 1.18378 1.11176 0.89863 0.957565 0.805948 1.02734 0.881357 1.10693 0.921685 
0026 0.213394	1.12027 1.23746 0.988751 1.03908 1.11772 0.90825 0.965363 1.05483 0.886898 0.80455 
0027 0.138479	0.864166 0.891439 1.05384 1.01493 0.980805 1.02636 0.973072 1.13335 1.00402 1.33498 
0030 0.201071	0.731148 0.872903 0.952049 1.05204 1.01797 0.980568 0.914705 1.00095 0.924048 1.0858 
0031 0.0598832	0.782681 0.830714 1.02712 0.898338 0.97422 0.91738 0.885051 0.78871 1.1405 1.05568 
0032 0.167478	1.10479 1.06582 0.962155 1.17063 1.08509 1.00208 1.04567 1.01477 1.11442 1.18636 
0033 0.0686465	1.73551 1.25983 1.07053 1.01988 0.911048 0.925045 1.07309 0.886391 1.11143 0.787944 
0034 0.0669426	1.20691 1.08927 1.04 0.819297 0.777879 0.893091 0.962559 0.86489 0.920228 0.702177 
0035 0.0842259	1.24841 0.991829 1.06974 0.814311 0.840589 0.893398 0.971346 0.769352 1.13584 0.995372 
0036 0.238559	1.20471 1.11375 0.991685 1.12942 0.986848 0.988159 1.08506 1.08636 0.947524 0.873217 
0037 0.113194	0.804887 0.929628 1.02024 0.88167 0.874667 1.05614 1.04035 0.850944 0.992513 0.996723 
0040 0.18112	0.890964 1.04996 1.06913 0.972499 0.870996 1.0441 1.0317 0.977742 0.869688 0.967082 
0041 0.0842786	1.0914 1.09159 0.937957 1.1502 1.0941 1.00973 1.07747 1.2169 0.885908 0.980334 
0042 0.218563	0.713761 0.846174 0.958591 0.956856 1.0385 1.00747 1.03132 1.01308 0.983733 1.1982 
0043 0.0517136	1.01811 0.861169 1.04428 0.79191 0.844853 0.932929 0.995892 0.871322 1.19087 1.07696 
0044 0.107452	1.78703 1.24028 1.11104 0.886321 0.806385 0.900084 1.08575 1.00291 1.00634 0.797086 
0045 0.115868	1.26641 1.15819 1.05798 0.937762 0.888643 0.98364 0.988367 0.894949 1.00679 0.796416 
0046 0.086352	1.42949 0.988667 1.11783 0.869508 0.801288 0.867057 1.0156 0.877275 1.1104 0.902885 
0047 0.154653	0.88779 0.923956 1.02292 0.982142 0.902897 1.08108 1.06936 1.03409 0.95841 1.12585 
0050 0.133867	1.13783 0.955938 1.07835 1.05397 0.986874 1.05399 1.11805 1.03417 1.08271 1.05342 
0051 0.0717637	0.878475 0.792404 1.10655 0.845073 0.94998 0.991195 1.00889 0.814615 1.17647 1.11227 
0052 0.14684	0.634945 0.905242 0.900725 1.21015 1.16577 1.09928 1.00948 1.03471 0.958418 1.1079 
0053 0.125311	1.57179 1.1636 1.09868 1.07238 0.937985 0.941174 1.02462 0.988573 1.16536 0.85439 
0054 0.126967	0.905634 0.917969 0.968728 0.948961 0.947895 0.978285 0.926683 0.981712 0.929581 0.840336 
0055 0.149876	1.19934 1.11034 0.989574 1.28734 1.1351 1.07964 1.0831 1.15575 1.00509 0.979576 
0056 0.136351	0.675483 0.796527 0.985143 1.00472 1.02112 1.08361 0.982631 0.887852 1.03773 1.1578 
0057 0.109026	1.18463 1.12887 0.956911 1.12097 0.959708 0.968168 1.00929 1.10879 0.976908 0.827308 
0060 0.104186	0.982114 0.977482 1.04607 0.915721 0.848207 1.00306 0.97763 0.881741 1.00386 0.888316 
0061 0.063009	1.32469 1.11687 1.00381 1.05721 0.943278 1.04232 1.11606 1.04752 0.947583 0.88903 
0062 0.0797511	1.09691 1.07383 0.920812 1.0296 1.02412 0.914788 0.971648 1.03527 1.01927 0.903924 
0063 0.144683	1.42368 1.03239 1.09048 0.875471 0.8116 0.893391 0.977832 0.837441 1.18864 0.937478 
0064 0.0739819	2.15055 1.39855 1.14589 1.02608 0.82005 0.890566 1.07174 0.978693 1.21147 0.804406 
0065 0.177489	0.794798 0.811308 0.937544 0.897363 1.11175 1.0334 0.967265 0.945286 1.03166 1.14717 
0066 0.170475	0.803343 1.00146 0.946801 1.0589 1.01099 1.08811 1.05729 1.04486 0.829417 1.01026 
0067 0.186425	0.498636 0.776067 0.91122 1.11321 1.12284 1.23954 1.0026 1.12644 0.835541 1.30739 
0070 0.208271	0.764448 0.882456 0.978898 0.929574 0.910846 1.04994 0.941535 0.879267 0.933912 1.02033 
0071 0.0877193	0.665347 0.869405 0.939127 0.983598 1.09065 1.18636 1.04732 1.0983 0.848231 1.13072 
0072 0.12782	1.21735 1.07444 0.982991 0.863577 0.900196 0.973987 0.916167 0.854737 1.079 0.901617 
0073 0.0443609	2.43126 1.40543 1.11362 0.899437 0.793579 0.818871 1.03922 0.787923 1.22423 0.667381 
0074 0.126316	1.35122 1.15453 1.09929 0.774804 0.819103 0.998194 1.00929 0.764995 1.05632 0.95832 
0075 0.157644	0.710803 0.830356 0.972107 0.969444 1.02076 1.10871 1.00665 0.870905 1.05241 1.27839 
0076 0.157644	1.27639 1.17751 1.02562 1.08185 0.961894 1.02353 1.04792 0.957928 1.05901 0.945228 
0077 0.0902256	0.90278 0.895177 0.953911 0.826105 0.927139 1.01039 0.912946 0.793476 1.10446 1.06276 
0100 0.174886	1.1127 1.06552 0.965692 0.888847 0.986309 0.853398 0.984306 0.975722 0.95653 0.753719 
0101 0.263345	1.43311 1.06875 1.0575 0.889879 0.913873 0.956585 0.962258 0.94754 1.1736 0.96471 
0102 0.15455	0.717844 0.881186 0.992147 0.85794 1.06879 1.05326 1.02411 0.964101 1.05171 1.25009 
0103 0.0716828	0.62829 0.805548 0.976901 0.965482 1.09194 1.09346 0.986445 0.904708 0.84755 1.06263 
0104 0.0650737	0.973474 0.971644 0.865674 1.10137 1.30926 0.998191 1.00109 1.18475 0.98974 1.24248 
0105 0.123538	1.03731 0.96758 1.03292 1.0916 1.14899 1.0171 1.05652 0.97871 1.04632 1.1577 
0106 0.0910015	0.724687 1.04241 0.909071 1.07605 1.12297 1.00478 1.03541 1.17534 0.94202 1.12461 
0107 0.0559227	0.826278 0.879845 0.861124 1.09682 1.30439 0.977193 0.930534 0.985461 0.890252 0.943309 
0110 0.0893372	0.821494 0.816139 1.02588 0.929266 0.89382 1.16478 1.03458 0.959414 0.993715 1.19496 
0111 0.118156	1.19372 1.18027 0.993712 1.19438 1.13188 1.06793 1.12656 1.0985 0.939468 1.17639 
0112 0.168588	0.978131 1.09303 1.0542 0.991577 0.916319 1.04269 0.991407 0.941684 1.08789 1.05966 
0113 0.0871758	0.800565 0.84996 0.965103 1.12015 1.08732 1.06913 0.986643 1.02271 1.14988 1.39156 
0114 0.0684438	0.767343 0.875325 0.853052 1.04645 1.02112 1.17154 0.976804 1.08702 0.852036 0.925705 
0115 0.240634	1.17579 1.19935 0.973707 1.10158 0.999867 0.963026 1.04344 1.09544 0.989655 0.914488 
0116 0.148415	1.73503 1.24652 1.07344 0.981927 0.878711 0.878685 1.04825 0.939785 1.15746 0.949033 
0117 0.0792507	0.678538 0.905572 0.963303 1.14902 1.09692 1.21519 1.00301 1.06514 0.894752 1.06079 
0120 0.0927835	1.15758 1.08605 0.993874 0.957019 1.0718 0.918759 1.00304 0.835571 1.16701 0.757373 
0121 0.198255	1.8181 1.37121 1.091 1.01578 0.948345 0.948023 1.07744 0.967523 1.04693 0.708413 
0122 0.0911975	1.15155 1.29013 0.949799 1.10821 1.06582 1.04636 1.03733 1.1552 0.972158 0.907547 
0123 0.249802	0.782606 0.93646 0.954381 0.956582 1.07046 1.02966 0.949328 1.09855 0.899808 1.01796 
0124 0.104679	0.509638 0.844726 1.05611 0.991762 1.02169 1.22962 0.957734 1.04315 0.993613 1.15926 
0125 0.142744	0.838211 0.90821 0.988635 1.0162 1.19343 0.996877 0.934711 1.09228 1.06146 1.0875 
0126 0.0618557	1.1163 1.24998 1.09518 0.83738 0.906826 0.995585 1.04489 0.851069 0.952956 0.653576 
0127 0.0586836	1.24358 1.2463 1.03753 1.08881 0.975224 1.09669 1.12236 1.16625 0.883795 0.794589 
0130 0.180787	1.06264 0.967078 1.0158 0.901036 1.07601 0.969475 0.967961 0.790305 1.00504 1.00822 
0131 0.0987325	0.789495 0.942796 1.04916 0.887118 0.947436 1.01278 0.904369 0.911845 1.0729 1.2263 
0132 0.0927285	0.897909 0.813384 0.99512 0.972091 1.06127 1.00907 0.925205 0.891006 1.21375 1.37088 
0133 0.218813	1.45798 1.30531 1.04348 1.03171 0.96835 0.8918 1.04149 0.952412 1.07173 0.949942 
0134 0.129086	0.988492 1.20311 0.973939 1.17691 1.10522 1.08486 1.00267 1.12863 0.997747 1.08815 
0135 0.0867245	1.17047 1.10336 0.904543 1.06824 1.17003 0.973073 0.926587 1.06007 1.10536 0.998663 
0136 0.109406	0.85877 1.04451 0.86485 1.19356 1.18961 1.06565 0.970955 1.20493 0.872801 1.11137 
0137 0.0837225	0.62903 0.888487 0.901742 1.0612 1.05719 1.1777 0.940497 0.972113 0.816863 0.974802 
0140 0.117314	0.80576 0.845732 0.98885 0.888477 1.10176 1.02025 0.966158 0.920849 0.913841 1.09603 
0141 0.0636042	0.891809 0.931244 0.950392 1.22359 1.25963 1.15074 1.04692 1.21479 0.87811 0.968653 
0142 0.10318	1.18694 1.13156 0.995787 1.17955 1.19864 1.02025 1.04161 1.21019 0.869747 0.970415 
0143 0.182332	1.10857 0.959381 1.05689 0.842776 1.01884 0.959369 0.983715 0.922593 1.05038 1.12758 
0144 0.104594	1.0484 1.19029 1.04781 1.05487 0.919991 1.09537 1.06484 1.06407 0.985182 0.924081 
0145 0.139223	0.679788 0.868916 0.977014 1.19513 1.21073 1.17565 1.05782 1.03228 0.961545 1.35544 
0146 0.19576	1.57628 1.1863 1.06012 1.09297 1.03477 0.87769 1.07892 0.96137 1.12594 0.818773 
0147 0.0939929	0.67259 0.753037 1.03989 0.890248 1.06834 1.06513 0.966157 0.818229 1.07894 1.34719 
0150 0.0541621	0.985683 0.869081 1.07834 0.791285 0.89266 1.00985 1.00462 0.949878 1.26776 1.04058 
0151 0.0534351	0.805975 1.04248 0.979746 1.04195 1.05421 1.08572 0.987952 1.16807 0.977826 1.09911 
0152 0.258815	1.52457 1.15904 1.0407 0.938207 0.868688 0.878855 0.994356 1.02142 1.15072 0.879933 
0153 0.197019	1.06013 0.97399 1.04699 0.979883 0.901688 1.04913 1.04365 1.06704 0.999266 0.899457 
0154 0.101418	0.798126 0.928328 0.985499 0.898024 0.919455 1.01984 0.910488 0.934524 1.00992 0.985733 
0155 0.0926936	0.566927 0.863497 0.862307 1.10564 1.24981 1.07032 0.928994 1.14777 0.952378 1.24306 
0156 0.189749	1.00009 1.19844 0.88329 1.22047 1.21431 1.09721 1.03253 1.12438 0.852149 0.874616 
0157 0.0527081	0.635903 0.822446 0.910611 1.09978 1.04402 1.15704 0.966989 1.10565 0.852233 1.10561 
0160 0.153488	0.939674 0.906719 1.10668 0.895987 0.958535 1.00918 0.955429 0.842229 1.03572 0.953317 
0161 0.0654741	1.09125 0.909931 1.1785 0.696548 0.839066 0.859581 0.980016 0.645672 1.24708 0.994825 
0162 0.0711986	0.835954 0.820031 0.991387 0.93912 1.10533 1.04982 1.00948 0.961818 1.1269 1.28086 
0163 0.205009	1.41431 1.13445 1.00376 1.02282 0.942214 0.943384 1.0228 0.916064 0.999729 0.820976 
0164 0.0840787	1.03026 1.02366 0.967244 0.935974 1.05997 0.992011 0.924973 0.811337 1.05398 1.00817 
0165 0.142397	0.684834 0.873338 0.980199 0.969343 0.998198 1.10651 0.992224 1.02878 0.828826 0.989035 
0166 0.0894454	1.51853 1.24148 1.04197 0.903977 0.958987 0.813664 1.01687 0.853376 1.17758 0.897318 
0167 0.188909	0.906399 0.949 0.924327 1.08873 1.16353 1.03947 1.00089 0.981263 0.888826 0.861274 
0170 0.242843	1.1261 0.922863 0.981431 1.02752 0.963594 0.975481 0.946303 1.01717 1.01808 0.914951 
0171 0.102665	0.898205 1.14716 0.86719 1.20237 1.14373 1.02361 0.928344 1.04379 0.878003 0.845562 
0172 0.0631787	0.939331 0.931716 0.996445 1.21668 1.15591 1.10139 1.00689 1.12456 1.02523 1.1529 
0173 0.0760118	0.716814 0.988034 0.926938 0.998858 1.02224 1.06224 0.953395 0.973576 0.90959 0.955874 
0174 0.113524	0.624083 0.769727 0.972276 1.18645 1.15833 1.22432 0.990171 1.0329 0.961855 1.12874 
0175 0.110563	1.19862 1.07977 0.969284 1.15545 1.11701 0.971524 0.981749 1.12488 0.874392 0.764932 
0176 0.108588	0.804653 0.816387 1.06791 0.932869 0.977163 1.04483 0.935479 0.879184 1.10289 1.07902 
0177 0.182626	1.48826 1.1195 1.08949 0.99747 0.973501 0.89163 0.988365 0.924549 1.12887 0.798588 
1000 0.0957119	0.792427 1.06949 0.942829 1.1329 1.18123 1.076 0.927941 1.06732 0.945109 1.04674 
1001 0.0871831	1.01611 1.02106 1.02355 0.834563 1.00485 0.955618 0.930416 0.93344 1.22762 1.0326 
1002 0.102109	1.82896 1.24303 1.0321 1.07697 1.05685 0.958494 1.02749 0.932162 1.14931 0.904645 
1003 0.138119	1.1858 1.025 1.02228 1.11159 1.09849 1.13641 1.08258 1.15153 1.09855 1.28559 
1004 0.0881308	1.41104 1.23061 0.984171 1.03955 1.03142 0.996462 0.975575 1.02 0.953872 0.815871 
1005 0.229093	1.16104 0.932414 1.04198 0.827685 0.901206 0.99709 1.02092 0.957707 1.02185 0.875892 
1006 0.0904999	0.706819 1.05119 1.00526 1.13992 1.04551 1.17152 1.00521 1.12118 0.88049 1.04065 
1007 0.169154	0.856731 0.909783 1.02486 0.873247 1.00649 1.04014 0.880597 0.919873 0.948176 0.866653 
1010 0.211993	1.04627 0.93544 0.943464 1.22335 1.10738 1.019 1.1025 1.26266 1.02183 1.12326 
1011 0.258631	0.780067 0.938339 1.01601 0.926656 0.986533 0.97488 0.956739 0.973562 0.993102 0.940555 
1012 0.144155	1.32215 1.01398 1.13705 0.906162 0.86917 0.969377 1.03704 1.10359 1.1681 1.05933 
1013 0.104785	1.17201 1.13583 0.985135 0.98447 0.912701 0.94896 0.94072 1.12826 0.916152 0.780007 
1014 0.0708661	0.703228 0.703651 0.871676 1.25078 1.1976 1.16047 1.02894 1.17633 1.01846 1.40122 
1015 0.0890369	0.640048 0.819713 0.959884 1.13951 1.04663 1.15889 1.04428 1.21594 0.854645 1.0406 
1016 0.0660206	2.02298 1.25305 0.995121 1.08632 0.914614 0.945473 1.06318 0.864743 1.20667 0.775783 
1017 0.0545124	1.26586 1.07415 0.996161 1.22437 1.11304 1.11981 1.14986 1.33416 0.975954 1.19926 
1020 0.169102	1.02745 0.970434 1.03181 1.07585 0.971753 1.05611 1.08321 0.968139 1.08839 1.16933 
1021 0.153445	0.758386 0.89108 0.961319 0.959272 0.86313 1.04017 1.00869 0.909872 0.925361 0.892587 
1022 0.103601	1.00967 0.905755 1.00745 0.773735 0.821953 0.922778 0.985835 0.670681 1.13472 0.853899 
1023 0.156054	0.819783 0.866283 0.899011 1.13182 1.09808 1.03517 1.02747 1.04512 0.886174 0.935986 
1024 0.141962	0.935323 0.930243 0.947275 1.13011 1.05132 0.969783 1.00023 1.00159 1.05862 1.04348 
1025 0.0665449	0.500314 0.751472 0.855547 1.00021 1.09985 1.03938 0.958967 0.950223 0.893824 1.12307 
1026 0.10334	1.24446 1.0679 0.991686 0.999265 0.875777 0.938588 1.07214 0.95765 0.915902 0.697825 
1027 0.10595	1.81406 1.14973 1.02175 0.995659 0.967464 0.822867 1.03142 0.865676 1.17208 0.898093 
1030 0.207744	0.84619 0.945381 0.977253 1.04002 0.994549 1.01332 0.999954 0.989872 0.88491 0.887893 
1031 0.117845	1.32802 1.10832 1.00995 0.97946 0.852233 0.942579 1.02234 0.960923 0.922143 0.750603 
1032 0.0875421	1.79332 1.28864 1.04799 1.1565 0.946647 0.940596 1.06889 1.03511 1.13673 0.751025 
1033 0.125253	0.755723 1.01803 0.892627 1.25642 1.28676 1.1627 1.12364 1.14231 0.854636 1.08229 
1034 0.241414	0.980123 0.958765 1.02797 1.1121 1.08044 1.06385 1.08097 1.0602 0.98765 1.18765 
1035 0.1	0.903732 0.939493 1.04577 0.895734 0.9062 1.07935 1.05252 0.879284 1.00423 1.01338 
1036 0.0710438	1.26597 0.963258 1.157 0.970391 0.877524 1.12389 1.14539 0.903232 1.01898 1.03493 
1037 0.0491582	1.50446 1.07244 1.06707 0.823881 0.898337 0.87179 0.937898 0.811567 1.20806 0.829904 
1040 0.0731038	0.877673 0.791737 0.9781 0.972563 1.09802 1.00301 1.0217 1.12476 1.03189 1.34908 
1041 0.201618	0.735102 0.991882 0.968588 0.896264 1.01099 0.96152 0.949627 0.935111 0.98199 0.974439 
1042 0.184063	1.23857 1.21779 1.00287 1.12851 1.03215 0.891836 1.03145 0.997109 0.96642 0.908226 
1043 0.140859	1.17423 1.05701 0.95794 1.00103 1.03669 0.8767 1.00611 1.02857 1.07674 0.926892 
1044 0.0555479	1.93049 1.40085 1.05675 0.949465 0.897725 0.769366 1.01213 1.00445 1.19371 0.778383 
1045 0.0840763	1.18231 1.07483 1.0751 0.897149 0.950063 0.887328 0.963189 0.862889 1.18588 1.0813 
1046 0.085585	1.00936 1.14374 1.08286 0.937032 0.92623 0.940244 1.03245 1.02429 0.994396 1.00464 
1047 0.175147	0.782486 1.15505 0.918093 1.13713 1.20748 1.04252 1.034 1.20681 0.828857 1.01309 
1050 0.18457	0.808347 0.87066 1.01342 1.00468 1.0972 0.959831 0.898885 1.04542 0.986108 1.1774 
1051 0.0795898	0.978342 1.1184 0.905214 1.28451 1.2928 0.958993 0.970432 1.0003 0.914782 1.0969 
1052 0.0371094	1.1371 1.03647 1.03953 0.798292 0.873348 0.812941 0.827227 0.810572 0.94851 0.887085 
1053 0.144531	0.721469 0.920817 1.02599 1.13096 1.1696 1.1236 1.02764 1.1663 0.776591 1.36544 
1054 0.172852	1.12373 1.03542 1.11944 0.998658 1.00513 0.939641 1.03921 0.89556 0.939125 0.973508 
1055 0.0908203	1.45039 1.09128 1.18777 0.887096 0.957593 0.869648 0.949463 0.888818 0.994098 0.786724 
1056 0.116211	1.76991 1.18647 1.16832 0.866264 0.865225 0.806742 0.982015 0.933985 1.10252 0.951541 
1057 0.174316	0.701708 0.7856 1.07585 1.01217 1.16123 1.07481 1.01414 1.00472 0.972088 1.50525 
1060 0.0690144	0.651652 0.712851 0.955874 1.01673 1.09341 1.12227 0.991178 1.00506 0.953737 1.25819 
1061 0.139648	0.775685 0.820713 0.913588 1.10756 1.29724 1.0507 1.02543 1.1598 0.99093 1.26681 
1062 0.0839911	0.856888 0.796529 1.05153 0.92361 0.977627 1.04514 1.07454 0.99302 0.983771 0.99549 
1063 0.146124	0.765493 0.838043 0.94778 1.07648 1.03524 1.06597 1.04246 1.00735 0.809566 0.801169 
1064 0.126695	1.06281 0.903059 1.02652 0.923162 1.01303 0.911982 0.996595 0.796495 1.15095 0.967872 
1065 0.160089	1.20509 0.924449 0.989795 0.979974 0.954772 0.880544 0.99719 0.931333 0.993182 0.71 
1066 0.162922	1.18558 0.969471 1.03624 1.03952 1.08017 0.955276 1.06097 0.970581 0.974202 0.981098 
1067 0.111516	1.67411 1.07368 1.04089 1.07779 0.915555 0.914925 1.07604 0.913351 1.17937 0.882556 
1070 0.105652	1.1485 0.886476 1.10832 0.779417 0.923821 0.927087 0.981067 0.803266 1.18967 1.03639 
1071 0.0591653	1.1958 1.01197 1.04267 0.788554 0.829762 0.84455 0.93251 0.835088 1.01841 0.879938 
1072 0.199683	0.955845 1.03392 0.953505 1.00133 1.03397 0.996259 0.875822 1.03185 0.846368 0.871114 
1073 0.194929	0.832633 0.866813 1.02539 0.914516 1.12651 1.05048 0.928619 1.03346 1.02465 1.29556 
1074 0.044374	2.083 1.31736 1.0649 0.978683 1.10054 0.874669 1.0963 0.966408 1.03734 0.858437 
1075 0.0755415	1.02368 1.1734 0.975087 1.22419 1.11872 1.05813 1.02466 1.14863 0.935057 0.982284 
1076 0.194929	1.06664 1.02988 1.05875 1.07753 1.03607 0.981971 1.03622 1.04581 1.05513 1.20525 
1077 0.125726	1.43715 1.10347 1.09977 0.998923 0.943419 0.88605 1.00539 1.00285 1.04322 0.936422 
1100 0.174973	0.754139 0.919517 1.03711 0.972266 1.01758 1.01167 1.0518 1.03014 1.05822 1.18865 
1101 0.0910076	0.725835 0.783198 1.04124 0.798879 0.896352 0.947522 0.959259 0.827439 1.13693 1.05624 
1102 0.18039	0.745389 0.871706 0.956627 1.1368 1.133 1.11166 1.05386 1.10155 0.90546 1.09344 
1103 0.095883	1.70624 1.1133 0.996384 1.0456 0.893767 0.840373 1.02998 1.10299 1.02518 0.877649 
1104 0.0498375	1.5989 1.12824 1.13363 0.844109 0.841142 0.848699 1.03053 0.863877 1.31502 0.995722 
1105 0.2026	0.733648 0.904292 0.992727 0.899749 0.944133 0.98961 0.96639 0.895095 0.944724 0.908432 
1106 0.153304	1.2403 0.969608 1.06251 0.923108 0.930291 0.971685 1.09236 0.848679 1.08426 0.960951 
1107 0.0520043	1.15255 1.30608 1.02499 1.07183 0.960883 1.05417 1.12511 1.17276 0.816999 0.899613 
1110 0.140389	0.828326 0.91776 1.08836 0.767498 0.823033 0.975342 0.910292 0.859674 1.09086 1.13393 
1111 0.171706	1.6162 1.2803 1.07596 1.12742 0.991847 0.958656 1.03141 1.07412 1.12932 1.08629 
1112 0.154428	0.663533 0.923211 0.935935 0.938587 1.02253 0.996849 0.944331 0.918313 0.972808 1.42242 
1113 0.0993521	1.21235 1.13039 1.0824 0.896196 0.915041 0.896231 0.996287 0.95155 0.955463 0.839112 
1114 0.102592	1.24921 1.16669 0.980631 1.14765 1.04323 0.996944 1.01453 1.25946 0.915622 1.20163 
1115 0.0853132	1.11467 1.18502 1.00028 1.09689 1.01973 0.967465 0.985525 1.1245 1.0058 1.0262 
1116 0.184665	0.703384 0.996226 0.906016 1.02797 1.10749 1.14151 0.949286 1.12767 0.84244 1.38345 
1117 0.0615551	1.05906 1.0704 1.01594 0.8879 1.01073 0.87237 0.948554 0.908221 1.06225 1.0046 
1120 0.128846	0.99768 1.0785 1.06078 0.816729 0.895604 0.946664 0.920265 0.849707 0.967701 1.01795 
1121 0.0697115	0.938094 0.838468 1.05513 0.828533 0.949247 0.925244 0.888995 0.917918 1.20934 1.14313 
1122 0.178365	1.5831 1.15634 1.02585 0.968015 0.932938 0.987992 1.02408 1.07845 1.13066 0.945408 
1123 0.141346	1.03901 0.99966 1.0921 0.932811 1.01218 1.08147 1.05708 1.09656 1.07554 1.25309 
1124 0.10625	0.809247 0.927317 0.976786 0.992717 1.02058 1.13835 0.997026 0.998302 0.869918 0.948377 
1125 0.138942	1.03045 1.01369 1.04035 0.96622 0.950812 0.979688 1.01674 1.08538 0.934205 0.960512 
1126 0.0634615	0.698457 0.848639 0.95647 0.866667 0.965235 1.03658 0.897603 0.862238 0.928067 0.961929 
1127 0.173077	0.609597 0.81708 0.957179 0.990462 1.09731 1.13293 0.968462 1.05855 0.888773 1.34887 
1130 0.0975969	0.96373 1.05828 1.02713 1.10426 0.97739 1.10396 1.10965 1.12824 0.933354 1.05722 
1131 0.180481	1.05545 0.981751 1.07336 0.885402 0.903938 1.05051 0.918682 0.79573 1.05866 0.838669 
1132 0.0848455	0.722527 0.879285 0.889473 0.962017 0.954735 0.967547 0.899078 0.89371 0.883331 0.762751 
1133 0.153997	0.73787 0.87434 0.941043 0.903793 0.956508 0.972587 0.88227 0.859942 1.04982 1.12431 
1134 0.0941638	0.630972 0.903994 0.957503 1.07457 1.02327 1.10308 0.934204 1.07028 0.900507 1.14166 
1135 0.163315	0.952734 1.07673 0.912432 1.15078 1.17145 1.00671 0.955888 1.08259 1.02342 1.00851 
1136 0.147131	1.70943 1.51299 1.02767 1.13784 0.990813 0.939992 1.03892 1.07276 1.08958 0.808453 
1137 0.0784698	0.719809 1.06148 0.888483 1.17079 1.11233 1.11037 0.933669 1.07025 0.76226 0.917974 
1140 0.176148	1.63364 1.27401 1.05661 1.03084 0.968917 0.936545 1.04138 1.02076 1.1092 0.96567 
1141 0.103178	0.953175 0.909143 0.928893 1.12677 1.21303 1.09039 1.01533 1.24716 0.885146 1.07519 
1142 0.27501	0.875787 0.911877 1.01827 0.893095 0.95193 1.02319 1.03795 0.995719 1.01514 1.00144 
1143 0.0737544	0.877583 0.790747 0.973026 1.13928 1.14317 1.1641 1.11619 1.18171 1.06082 1.44659 
1144 0.107493	0.782716 1.00639 0.977726 0.794886 0.964659 0.972577 0.885502 0.816987 0.925664 0.815058 
1145 0.111024	0.578217 0.89938 0.970915 1.01188 1.05655 1.16387 1.07598 1.09466 0.982552 1.14077 
1146 0.0972931	1.22833 0.947466 1.14518 0.893492 0.796027 1.07481 1.10231 0.955142 1.01981 0.813383 
1147 0.0561004	0.883361 0.90808 1.02387 0.782636 0.959278 0.942415 0.919483 0.802577 1.14814 1.12597 
1150 0.110073	0.898729 0.834561 0.871927 1.06721 1.21397 1.00183 0.957083 0.969468 0.971456 1.1973 
1151 0.196131	1.54076 0.995158 0.98664 0.955969 1.00461 0.836347 0.992101 0.976716 1.16145 0.944479 
1152 0.1501	0.862738 0.86177 0.969152 0.875731 1.02358 0.953458 0.986308 0.915774 0.970415 0.946884 
1153 0.180787	0.801128 0.852405 1.02067 0.93033 0.990475 1.00176 1.06212 1.0128 1.05703 1.13981 
1154 0.154103	0.821626 0.920485 0.976786 0.940723 1.02382 1.03145 1.01418 0.913087 0.869855 0.815749 
1155 0.0993996	1.58354 1.04543 0.945449 1.04658 1.10401 0.928415 1.06816 1.0894 1.14991 1.06109 
1156 0.066044	0.674519 0.721846 0.886136 1.11022 1.08777 1.15073 1.10568 1.26362 0.887566 1.31756 
1157 0.0433622	1.03302 0.977821 0.972355 1.13545 1.01301 1.10941 1.12731 1.20523 0.786351 1.04687 
1160 0.115538	1.02126 0.869514 1.0643 0.819813 0.936321 0.87519 0.935922 0.902173 1.10669 1.02558 
1161 0.0956175	0.975432 0.989143 0.94003 0.963705 1.05526 0.885464 0.953415 0.971074 0.986411 0.97732 
1162 0.07251	0.673143 0.874706 0.961125 0.989048 1.11111 1.11019 1.02602 1.16027 0.828502 1.08745 
1163 0.187251	1.44956 1.03757 1.06567 0.931538 1.02717 0.939768 1.02724 1.00456 1.16066 1.00102 
1164 0.0717131	0.900898 0.911398 1.13006 0.96102 0.933231 1.03631 0.996898 1.13576 1.15509 1.24069 
1165 0.254183	0.767908 0.885171 0.994407 0.931174 1.08417 1.06491 0.946303 1.05556 0.96653 1.13503 
1166 0.100398	1.12951 1.11733 0.976876 1.04364 1.05691 0.985729 1.01193 1.17401 0.845652 1.03067 
1167 0.102789	1.13539 0.793791 1.08839 0.710446 0.953858 0.825976 0.932927 0.744953 1.28932 1.03749 
1170 0.247265	1.04318 0.911048 1.05995 0.930221 0.899941 1.02503 1.03287 1.00935 1.02395 0.84266 
1171 0.0617068	0.805155 0.846151 0.94041 1.13432 1.1689 1.08107 1.0299 1.10649 1.11014 1.28319 
1172 0.124289	0.806236 0.931681 0.91663 1.14967 1.08824 1.1586 1.02982 1.17577 0.857458 1.04043 
1173 0.136543	0.821396 0.840285 0.94737 0.890481 1.02535 1.05593 0.946823 0.93302 0.894455 0.855082 
1174 0.0862144	2.2156 1.21724 1.05196 1.0205 0.922224 0.955957 1.07043 0.978833 1.12936 0.804829 
1175 0.129978	1.25922 1.02568 0.897433 1.06304 1.09224 0.980957 0.968901 1.02945 1.04053 0.815927 
1176 0.132604	1.69203 1.03508 0.983321 0.90302 0.958067 0.902648 1.02482 0.965093 1.31357 0.999586 
1177 0.0814004	1.06755 0.90863 1.09983 0.803206 0.885804 0.968092 0.962454 0.808358 1.09103 0.922329 
BOUNDS
LWPS R    0.0  0.0  0.0  0.0  0.0  0.0  0.0  0.0  0.0  0.0
UWPS R    0.5  0.5  0.5  0.5  0.5  0.5  0.5  0.5  0.5  0.5
LXAS R   -0.5 -0.5 -0.5 -0.5 -0.5 -0.5 -0.5 -0.5 -0.5 -0.5
UXAS R    0.5  0.5  0.5  0.5  0.5  0.5  0.5  0.5  0.5  0.5
END
