NAME moment_estimation_cluster
ASSETS 10
BENCHMARKS 0.1 0.1 0.1 0.1 0.1 0.1 0.1 0.1 0.1 0.1 
COVARIANCES
0 0 6.40251
1 0 0.253067
1 1 0.0231948
2 0 0.132271
2 1 -0.0025597
2 2 0.117935
3 0 0.5345
3 1 0.017753
3 2 0.0532028
3 3 0.0909147
4 0 0.417296
4 1 0.020978
4 2 0.0211819
4 3 0.0471118
4 4 0.0358387
5 0 0.914459
5 1 0.0387951
5 2 0.0687423
5 3 0.115474
5 4 0.0759825
5 5 0.188713
6 0 0.75284
6 1 0.0352849
6 2 0.0777265
6 3 0.0887496
6 4 0.0630383
6 5 0.149372
6 6 0.153204
7 0 0.0351707
7 1 -0.00102709
7 2 0.122857
7 3 0.0520191
7 4 0.0201152
7 5 0.0735041
7 6 0.0867195
7 7 0.158876
8 0 -0.115014
8 1 0.00729536
8 2 -0.0121192
8 3 -0.026452
8 4 -0.0055269
8 5 -0.0279982
8 6 8.72285e-06
8 7 0.00199328
8 8 0.0460147
9 0 0.226037
9 1 0.00760199
9 2 0.049911
9 3 0.0367036
9 4 0.022483
9 5 0.0550923
9 6 0.0604864
9 7 0.0566874
9 8 0.00346828
9 9 0.0360375
SCENARIOS
0 0.30582	1.08846 1.04614 1.39282 1.05296 1.04863 1.06059 1.13852 1.50867 1.01307 1.1866 
1 0.69418	33.1727 1.1528 1.02743 0.97492 1.147 1.23856 1.1154 0.828133 0.741236 0.948351 
00 0.450821	65.8303 0.902891 1.2231 1.42465 1.14988 1.98132 1.94996 1.56507 0.816027 1.19189 
01 0.549179	0.791037 0.838713 0.783242 0.926899 0.928502 0.726252 0.750249 0.771543 1.10427 0.918544 
10 0.266617	195.858 1.38062 0.630376 1.5227 1.49058 1.58359 1.67204 0.735572 1.77421 1.24848 
11 0.733383	0.336154 1.01361 1.01489 1.11033 1.04707 0.943519 1.09909 1.29428 1.31898 1.11834 
000 0.22144	0.000129273 0.855914 1.30914 0.618436 0.661391 0.343294 0.57464 1.21973 1.41782 0.958559 
001 0.103721	0.404104 1.11717 0.965648 0.958576 1.09489 0.90877 0.876292 0.847096 0.799887 0.909159 
002 0.0628128	0.0316202 1.08457 0.869292 1.00682 0.886063 0.812056 0.558905 0.75075 0.919645 0.661858 
003 0.164358	0.00284512 0.870736 0.707068 0.564601 0.786388 0.382918 0.418425 0.537401 1.38513 0.847066 
004 0.0466381	0.0427442 0.765346 2.85388 1.0691 0.898972 1.16552 1.20246 2.7166 1.03276 1.67206 
005 0.152245	0.0386194 1.30867 1.43809 1.15508 0.986848 0.792763 0.778969 1.25009 1.02496 1.1811 
006 0.17502	106.971 1.51424 1.33732 1.55726 1.66038 2.55897 1.93854 0.805567 0.868655 1.06366 
007 0.0737651	0.102978 0.931491 0.752945 0.696044 0.947553 0.604348 0.7073 0.53739 1.27083 0.799621 
010 0.139804	0.992302 1.18372 1.00859 1.06021 1.05553 1.25513 1.15711 0.903866 0.902243 1.04582 
011 0.0990176	0.535484 1.11987 0.523925 0.735746 0.868357 0.904426 0.599762 0.512689 0.880004 0.709274 
012 0.135159	119.152 1.17922 1.11506 1.32663 1.33752 1.96866 1.86164 0.908115 1.38873 1.08584 
013 0.0792498	1.58285 1.29279 1.60447 1.31709 0.968959 1.62475 1.55461 2.11813 0.8388 0.907487 
014 0.249836	0.0250319 1.14762 0.725705 0.562816 0.739065 0.592455 0.661074 0.693178 1.07823 0.743894 
015 0.0822269	0.232019 0.80873 2.02441 1.1383 0.869655 1.08307 1.04895 1.82146 0.970572 1.14221 
016 0.0641858	0.00046092 0.651278 1.16761 0.575724 0.690977 0.54796 0.6894 1.61059 1.2785 1.15215 
017 0.150521	0.0360914 1.03377 1.13616 0.985533 0.84004 1.04536 0.903314 1.17592 0.898359 0.823723 
100 0.286309	0.0128282 0.722235 1.43546 0.80701 0.810021 0.796876 0.78274 1.3018 0.801221 0.825558 
101 0.0972012	9.30002e-07 0.466552 0.968081 0.308446 0.360424 0.134096 0.194906 0.860235 0.820003 0.571553 
102 0.124217	75.3719 1.19923 1.44635 1.63454 1.2823 2.50932 2.03876 1.09557 0.498253 0.931183 
103 0.0853145	4.39557e-05 0.619726 0.526589 0.243877 0.411469 0.167988 0.214105 0.494826 1.17522 0.564908 
104 0.101254	6.53472e-05 0.529651 0.612083 0.437569 0.468123 0.245519 0.206687 0.548042 0.74156 0.587007 
105 0.10617	0.1019 1.01371 1.56405 1.19259 0.899991 1.11336 1.03663 1.41924 0.99952 0.804761 
106 0.0702399	0.361372 0.733694 2.58493 1.52096 0.869311 1.50884 1.08204 1.72336 0.273706 0.75827 
107 0.129295	0.000407807 0.667929 0.957355 0.559727 0.536258 0.415578 0.455536 1.1643 1.02505 0.699739 
110 0.118857	6.62553 1.05356 1.20975 1.88776 1.19662 1.71174 1.38838 1.07669 0.791193 1.00001 
111 0.070772	262.28 1.19992 1.34287 1.28676 1.25387 2.80453 2.25023 0.990915 0.76864 1.16259 
112 0.158692	0.048049 0.839082 1.76382 1.13895 0.859685 1.04664 1.14929 1.96374 1.0714 1.18653 
113 0.0715969	0.0572661 0.931269 0.554987 0.55837 0.657939 0.316913 0.47725 0.532437 1.6525 0.770789 
114 0.0803379	0.00723318 0.740217 0.568774 0.551812 0.575873 0.388475 0.332161 0.415139 0.860585 0.616439 
115 0.142978	0.158724 0.841597 0.689591 1.04544 0.945375 0.878512 0.61357 0.625637 0.90146 0.813134 
116 0.239894	0.00610108 0.693459 0.956013 0.819464 0.655607 0.571793 0.657464 0.911196 1.11107 0.931193 
117 0.116873	1.17712 1.10371 1.19721 1.17451 0.919917 1.26741 1.06049 1.07278 1.18045 1.06436 
0000 0.0897478	0.00275504 0.838761 0.929757 0.980505 0.858792 0.993679 0.781351 1.27366 1.006 0.728399 
0001 0.274484	92.366 1.04237 0.788441 0.7613 1.23591 1.396 0.960143 0.855781 1.35077 0.988849 
0002 0.106125	2.29361 0.962883 0.560695 0.588478 0.833741 0.690403 0.473928 0.527741 1.24904 0.744331 
0003 0.123485	21.3135 1.22994 1.80609 1.40748 1.20286 1.63474 1.31157 1.6495 1.00418 1.35061 
0004 0.0658369	11519.8 1.6041 0.969643 2.03888 2.04135 3.69147 2.13181 0.864445 1.03143 1.30097 
0005 0.119882	154.881 1.01766 0.899368 1.29778 1.29107 1.78199 1.14025 0.662253 0.759902 1.03009 
0006 0.150344	10.0215 1.2471 1.41569 1.2287 1.24234 1.86291 1.19584 2.05853 1.10008 1.35176 
0007 0.070095	0.696782 0.956336 1.36691 0.889278 0.950025 0.690257 0.788409 0.994903 0.902771 0.931854 
0010 0.0944056	0.0490969 0.956191 0.556114 0.759344 0.839194 0.612395 0.464913 0.45992 1.34853 0.847045 
0011 0.0615385	0.0278884 0.789896 1.00792 1.21355 0.954956 0.742942 0.644325 0.910967 1.34954 1.05337 
0012 0.115385	17.9663 0.877608 1.35469 1.30721 1.20441 1.82782 1.49624 1.01004 1.17993 1.12877 
0013 0.0741259	194.085 2.34146 1.31121 1.8735 1.90235 3.0116 4.96515 1.92887 2.57202 1.99579 
0014 0.19021	0.408025 0.789011 0.95887 1.04106 0.901738 0.899737 0.911441 0.749199 0.788421 0.811538 
0015 0.0748252	6.8196 1.28443 1.04122 1.10339 1.31294 1.68503 1.05898 0.814189 1.0465 0.79579 
0016 0.14965	0.202636 1.25306 2.2521 1.50555 0.943526 1.09513 1.20948 1.95312 2.27504 1.4002 
0017 0.23986	2.32109 0.887835 1.35275 1.09796 0.993015 1.19564 1.15582 1.1747 1.44251 1.29478 
0020 0.0588915	516.221 0.975094 3.20315 1.12768 1.14707 1.32059 2.74875 1.23946 0.763054 2.22399 
0021 0.209007	0.652369 1.04379 0.737834 0.820473 1.00402 0.915913 0.825804 0.705689 0.869641 0.921911 
0022 0.0484988	29.1908 0.65841 1.23301 1.48904 1.06304 1.63077 1.4883 0.894104 0.689486 1.44116 
0023 0.0542725	15.1865 1.3383 0.976137 1.31447 1.29373 1.66565 1.55644 1.07808 1.19006 1.1272 
0024 0.163972	2.48182 1.15272 1.34104 1.08357 1.2988 1.28442 1.58326 1.29869 1.8814 1.44908 
0025 0.178984	0.1301 1.11707 0.979862 0.680877 0.923142 0.671532 0.746913 1.0055 1.05361 0.904936 
0026 0.230947	0.606208 0.849669 1.67859 0.930081 1.07641 0.894893 1.17787 1.42672 1.21575 1.65332 
0027 0.0554273	0.00641199 0.539612 0.807285 0.526595 0.713827 0.25691 0.401223 0.70259 1.13735 0.887085 
0030 0.076346	34.9554 1.35945 0.631872 1.75058 1.18135 1.61875 1.58861 0.8106 0.911213 0.930875 
0031 0.0829656	52.1675 1.03624 0.71554 1.04698 0.909686 1.10738 0.973117 0.78707 0.947491 0.957222 
0032 0.188879	0.026321 1.11449 0.868877 0.671043 0.845369 0.75456 0.834378 1.29422 1.03601 0.769717 
0033 0.120918	0.00762624 0.985449 0.517167 0.586405 0.716777 0.677639 0.592412 0.595103 1.03943 0.543445 
0034 0.0661959	0.616089 1.13065 0.573593 1.03919 0.964187 0.874448 0.712368 0.599313 0.980598 0.742834 
0035 0.191086	158.107 1.35436 1.038 1.62352 1.53821 2.41065 1.97955 1.47068 1.19719 1.39393 
0036 0.212268	0.124518 1.02898 1.48799 1.08035 0.900064 0.921069 0.96267 1.29358 1.15631 0.989038 
0037 0.0613416	0.0405361 1.47389 0.764589 0.555896 0.880275 0.535083 0.963353 0.939274 2.45352 0.750565 
0040 0.25972	0.00472695 0.895816 0.705139 0.896945 0.832658 0.514136 0.576231 0.661137 0.966753 0.664358 
0041 0.175739	0.0154635 1.28698 0.992695 1.23096 1.0696 0.540336 0.929562 1.42564 1.65262 1.00545 
0042 0.105754	20.0515 1.51378 1.15735 1.20918 1.3478 1.1308 1.95349 1.18217 1.28691 1.01123 
0043 0.119751	0.000916896 0.909934 0.847134 1.13442 0.905532 0.463148 0.585027 0.982802 1.56269 0.807313 
0044 0.0793157	433.965 1.9209 0.667688 1.55775 1.86419 1.37637 1.1403 0.485106 1.13605 0.830187 
0045 0.0699844	0.146193 0.844436 1.33999 0.865108 0.865071 0.789295 0.822452 0.965874 0.969563 0.987701 
0046 0.0824261	0.822126 1.49238 0.866944 1.37877 1.41342 1.22256 1.27858 0.994213 0.972222 0.792233 
0047 0.107309	0.250485 1.68426 1.77609 1.38607 1.30738 1.13497 1.59392 2.14986 1.07362 0.871391 
0050 0.092425	0.50518 0.778102 0.707097 0.819799 0.957836 0.930625 0.953185 0.818796 0.961464 0.751617 
0051 0.103859	0.22762 0.694983 0.51698 0.617481 0.829053 0.81397 0.694299 0.540838 0.885629 0.690279 
0052 0.195331	0.96893 0.927945 1.171 0.872811 1.04189 1.46034 1.19148 1.17754 1.30108 1.05096 
0053 0.120057	0.146623 0.622193 1.74769 0.912403 0.938435 1.33964 1.31521 1.96469 0.988422 1.02749 
0054 0.163888	396.565 0.663751 1.6496 2.84153 1.71987 5.23103 2.3658 1.05401 0.508643 1.49961 
0055 0.186279	0.00170051 0.799182 0.887466 0.791368 0.828561 0.664802 0.737606 0.835465 0.853509 0.672909 
0056 0.0690805	0.995028 0.6522 1.48333 1.24423 0.956507 1.3966 0.955512 1.301 0.799324 0.947075 
0057 0.0690805	5.52216 0.679378 0.622857 0.849147 0.936488 1.42014 1.00921 0.574962 0.975053 0.708171 
0060 0.0576046	0.000578079 0.962851 1.32357 0.462454 0.692183 0.350159 0.635741 1.95013 1.84887 0.935819 
0061 0.087443	0.00874885 0.68899 1.07009 0.593478 0.645863 0.447625 0.679128 1.30771 1.09883 0.917838 
0062 0.262743	0.142137 0.914455 0.972171 1.14912 0.811696 0.617522 1.08071 1.16089 1.5672 0.924509 
0063 0.0712806	0.000525774 1.01158 0.543567 0.441564 0.639811 0.250021 0.297011 0.55173 1.54024 0.760196 
0064 0.08247	0.0184019 0.841636 0.630471 0.672421 0.68994 0.667341 0.591136 1.15862 0.941629 0.868736 
0065 0.0816411	0.0326321 0.9497 1.00019 0.894938 0.743638 0.493914 0.45663 0.980062 1.78999 1.02897 
0066 0.251969	26.8896 0.961894 0.831023 1.22185 1.08115 1.23656 1.48136 0.856714 1.11961 1.16947 
0067 0.104849	0.00302378 0.706148 0.692023 0.857736 0.624402 0.420472 0.453586 0.669224 0.999685 0.755148 
0070 0.0816126	0.308687 1.23139 0.901417 1.63123 1.02534 1.1018 0.881294 0.717912 0.852657 0.906255 
0071 0.330383	100.726 1.70547 1.2558 1.92416 1.49693 2.82852 2.29894 1.61495 1.13615 1.2631 
0072 0.110128	1.35317 0.992534 1.13179 1.29455 0.927196 0.943484 0.79966 0.731339 0.691847 1.04318 
0073 0.130777	0.00911192 1.19096 0.855928 1.13245 0.815722 0.690994 0.532405 0.692547 0.97951 0.806874 
0074 0.0835792	0.365218 1.09882 1.45355 1.22165 1.22304 1.13454 1.61155 1.74998 1.73644 1.33397 
0075 0.0904621	0.13196 1.09884 1.17226 0.803275 0.895148 0.834165 0.882918 1.09265 1.01328 0.944486 
0076 0.0747296	0.111247 1.43351 0.88564 0.931696 0.942511 1.04675 0.861563 1.00069 1.19309 1.05639 
0077 0.0983284	0.27808 0.715475 1.6786 1.54981 0.907541 1.24411 1.11558 1.61813 0.481464 1.46004 
0100 0.0694208	1.96093 0.967188 1.28412 0.870991 0.99426 0.735031 1.5258 1.1207 1.70625 1.05941 
0101 0.187394	224.273 0.924624 1.22107 3.6652 1.61199 2.41253 1.71602 1.3895 0.601365 1.05165 
0102 0.120954	0.856341 1.27808 0.608755 0.953544 1.0278 1.11567 0.944192 0.570032 1.15747 0.698844 
0103 0.189097	0.0261423 0.950137 0.795867 0.975056 0.789178 0.884481 0.733224 0.886368 0.81323 0.72823 
0104 0.0949744	0.0300428 0.895662 0.899559 0.758861 0.960002 0.834744 0.986331 1.26356 1.50506 0.824136 
0105 0.0655877	6.58406 1.29661 1.48551 1.39006 1.18104 2.22223 2.32527 1.92881 1.19994 1.33024 
0106 0.0715503	0.0122713 0.837179 0.89061 0.860419 0.707065 0.627739 0.51942 0.656553 0.725689 0.665375 
0107 0.201022	1.77483 0.962157 1.42365 1.28941 0.938824 1.18069 1.01395 1.51491 0.665893 0.895819 
0110 0.0793746	1.5899 0.802855 1.64746 1.97923 1.35665 1.41062 1.345 1.85805 0.83908 1.40559 
0111 0.221287	2.6763 0.957898 1.17175 1.23935 1.17464 1.23793 1.32146 0.896479 0.729464 0.869395 
0112 0.0643416	0.0999066 0.849419 1.33531 0.90303 0.752882 0.668924 0.710813 1.14951 0.883751 1.03999 
0113 0.0529164	0.294947 1.19113 0.495927 0.402287 0.839962 0.538039 0.790431 0.743801 1.57765 0.66866 
0114 0.0938064	1.35203 0.931258 1.48026 1.54342 1.15402 1.65559 1.97872 1.62851 1.13776 1.18183 
0115 0.112447	227.131 1.41326 1.13486 1.07516 1.37858 2.02498 2.38378 0.708097 0.743437 1.0997 
0116 0.146723	0.782137 0.831099 0.598916 0.848156 0.766258 0.60776 0.605687 0.502434 0.798764 0.585162 
0117 0.229104	0.0923945 0.786617 1.04612 1.00291 0.768328 0.655063 0.861268 0.880908 0.989108 0.834267 
0120 0.246696	0.0662597 0.795078 1.02396 1.09982 0.903176 1.14268 0.902298 1.25206 0.560629 1.51076 
0121 0.0599119	0.422561 1.19345 1.60776 1.27279 1.04258 1.41815 1.14548 1.9535 0.495469 1.18749 
0122 0.0991189	0.26713 0.940298 0.677636 1.16944 0.872176 0.989463 1.00332 0.873915 0.551254 0.86189 
0123 0.113656	6.67519 1.60599 0.581464 1.34754 1.6396 1.48824 1.61181 0.684606 0.840463 0.902815 
0124 0.0977974	1.59271 1.26796 1.37612 1.01257 1.13777 1.39081 1.29033 0.711331 0.720104 1.19354 
0125 0.0731278	0.733294 1.43228 0.859117 0.909936 1.1492 1.29018 0.966919 0.717147 0.836031 0.87825 
0126 0.0779736	355.493 1.38105 0.991178 1.81001 1.26572 2.50213 1.54746 1.15934 0.566651 1.28029 
0127 0.231718	0.0123951 0.756734 0.897007 0.965623 0.676206 0.628079 0.587318 0.810516 0.550215 0.79896 
0130 0.0736289	181.423 0.942505 1.13696 1.6722 1.56434 2.16134 1.54356 0.765728 0.433632 1.48093 
0131 0.102179	0.0617717 0.728591 1.58478 1.28665 1.06936 1.45875 1.38013 1.71031 0.602597 1.44029 
0132 0.0706236	0.00631153 0.565822 0.503362 0.634529 0.947474 0.63944 0.396636 0.469204 0.887823 1.03667 
0133 0.132231	0.0149504 0.71908 1.17793 0.978929 0.875737 0.631372 0.921492 1.23913 1.09467 1.28447 
0134 0.250188	0.678371 0.893022 0.796614 0.732317 0.928204 0.618429 0.694442 0.871417 1.18886 1.17634 
0135 0.16003	2.48954 0.915132 1.0404 1.34264 1.2838 1.03823 1.02534 0.868154 1.12817 1.29098 
0136 0.066867	4.79549 0.606162 2.12469 1.67812 1.11366 2.36606 1.79927 2.12317 0.645011 1.55342 
0137 0.144252	1.23815 1.1429 0.775111 0.931535 1.36467 1.14551 1.13019 0.614203 1.29185 1.36769 
0140 0.121544	0.436605 0.750433 1.04712 0.896715 0.724927 0.411465 0.422604 1.14306 0.927478 0.955361 
0141 0.093184	103.082 1.08097 0.880754 1.31689 1.33015 1.42125 1.59428 0.965608 1.51246 1.32443 
0142 0.170639	0.421117 0.867997 1.01809 1.38733 0.943338 0.953955 0.981207 1.12942 0.840994 1.00414 
0143 0.0695901	0.00530308 0.916325 0.622396 0.448227 0.791225 0.464871 0.571567 0.631214 1.63134 0.745994 
0144 0.10224	4.39307 0.796567 1.64371 1.08417 1.03921 0.924515 0.883947 1.43812 1.04209 1.07798 
0145 0.105815	0.850309 1.05578 1.7411 1.49772 0.979808 1.15461 1.59555 2.3766 1.10145 1.4049 
0146 0.085081	836.684 1.36258 1.46266 1.20348 1.45973 2.40393 1.63655 1.32531 1.40678 1.1911 
0147 0.251907	0.38885 0.703326 0.723593 0.898297 1.02301 0.718027 0.710943 0.680048 1.10724 0.84714 
0150 0.127444	0.0672968 1.0489 1.14038 0.795775 1.02768 0.696672 0.99589 1.24422 0.911703 1.09374 
0151 0.0919623	0.521115 1.1775 0.672829 0.930461 1.13293 0.794506 0.660709 0.52523 0.915798 0.920056 
0152 0.0528602	45.4464 1.03459 2.05421 1.27075 1.22607 1.99506 1.68871 1.48022 0.700968 1.1983 
0153 0.237509	0.962761 0.983132 1.01601 1.01491 1.05027 0.926848 0.891391 0.898708 0.668756 0.926328 
0154 0.177408	0.000974822 0.816209 0.653555 0.705508 0.707794 0.641203 0.602712 0.720728 0.702264 0.692692 
0155 0.0789283	268.737 1.14162 1.2866 1.1919 1.27505 1.61845 1.63613 0.753319 0.619664 1.25428 
0156 0.11803	27.7505 1.21218 1.02815 1.49563 1.37537 2.33828 1.64441 1.07848 0.432317 0.894502 
0157 0.115858	0.148981 1.11696 1.83197 0.782125 1.03493 1.26154 1.37604 2.22116 0.724436 1.14936 
0160 0.0667904	289.95 1.48853 1.0548 1.17813 1.47213 1.9292 1.98516 0.950931 0.780941 0.754112 
0161 0.128015	0.264259 1.10485 1.11725 0.97519 0.93713 0.840084 0.780938 0.837601 0.743 0.675455 
0162 0.193878	13.1688 1.09208 0.659581 0.786006 0.899903 0.661653 0.809166 0.508471 1.02834 0.631848 
0163 0.153061	11.6211 1.28652 0.823771 0.751393 1.0923 0.850124 0.844377 0.743071 1.05692 0.679691 
0164 0.134508	0.0473748 1.14136 1.5518 1.05508 0.802395 0.595571 1.15551 1.4834 1.01795 0.919814 
0165 0.0909091	1.96602 1.48016 1.13943 1.28085 0.982802 1.39725 1.0582 1.37223 0.830085 0.73526 
0166 0.102968	12.2471 1.74698 1.86137 1.59575 1.11521 1.79748 1.46907 2.13979 0.683216 1.11688 
0167 0.12987	0.63377 2.0224 0.932649 0.649479 1.08261 1.03029 1.31152 1.12215 1.59485 0.923967 
0170 0.112737	0.900742 0.903035 0.725227 0.652705 0.938145 0.815986 0.854469 0.715504 1.34158 1.07117 
0171 0.0830696	802.892 0.980459 0.804367 1.08467 1.29203 1.58953 1.40366 0.853342 0.940832 1.39757 
0172 0.127769	0.130163 0.736622 1.18695 0.631708 0.717525 0.547869 0.80755 1.17395 1.0647 1.0517 
0173 0.164557	2.07379 1.16765 0.92638 1.3312 1.3666 1.2318 1.42633 0.987584 1.2569 0.92642 
0174 0.121044	9.63738 0.897574 1.08455 1.2067 1.00241 1.02554 1.02138 1.24361 1.02068 1.10698 
0175 0.105222	0.0868249 0.688837 0.878668 0.751048 0.722973 0.499468 0.724103 0.740247 0.780798 0.857594 
0176 0.215585	20.3685 1.15328 1.79036 1.43841 1.20332 1.32666 1.4157 1.81742 1.15106 1.59116 
0177 0.0700158	0.744428 0.923316 0.503302 0.577463 0.837425 0.547208 0.554291 0.590791 1.25166 0.860265 
1000 0.134742	0.509471 1.27794 0.734703 1.01548 0.930204 0.96364 0.72445 0.909628 0.655747 0.852488 
1001 0.196452	0.0955977 0.815343 1.4855 1.36114 0.806499 0.952529 0.992126 1.57557 0.605988 1.06255 
1002 0.214758	0.0831494 0.928617 0.389422 0.727301 0.687263 0.455381 0.605228 0.489943 1.04463 0.781657 
1003 0.0477449	16.2609 1.10078 0.495075 1.18172 1.03095 1.11096 0.839251 0.357465 0.773315 0.839121 
1004 0.149273	3.41219 0.966491 1.25186 1.06806 0.962727 1.38337 1.23005 1.94555 0.899737 1.26183 
1005 0.092659	207.166 1.58249 1.72472 2.84938 1.38203 2.36571 1.79565 1.0636 0.584234 1.20483 
1006 0.105303	1.17624 1.18044 0.970126 0.853507 0.939075 1.05874 1.37532 0.991792 1.44867 1.15912 
1007 0.0590677	8.47762 1.33228 1.38384 1.17058 1.05701 1.15267 1.40313 1.34043 0.754517 1.55084 
1010 0.09005	0.503908 1.10535 0.639201 0.903953 1.0506 1.39107 0.742635 0.614461 0.635569 0.729728 
1011 0.11562	14.9967 1.54838 1.67065 1.26173 1.19892 2.31729 2.14855 2.11182 0.961198 1.27317 
1012 0.134519	0.0964814 1.07423 0.666762 0.551979 0.788835 0.615872 0.886538 0.813425 1.46298 0.85442 
1013 0.123402	5.61001 1.00218 0.929504 0.986026 1.06633 1.86777 1.5019 1.19964 1.0986 0.97547 
1014 0.271818	0.491648 1.11793 1.12389 0.900169 0.906088 1.28364 1.03511 0.958268 0.856269 0.851097 
1015 0.0600334	6510.32 1.30634 1.37057 1.32405 1.3056 3.62195 2.43209 1.09791 0.670626 0.897263 
1016 0.069483	299.632 1.04907 1.29135 1.92508 1.4976 2.71415 1.45296 1.49042 0.666718 1.12479 
1017 0.135075	0.420585 1.11503 0.714916 1.02148 0.998995 0.934903 0.764492 0.520259 0.896156 0.705298 
1020 0.107003	0.000553509 0.561584 1.53635 0.688567 0.676338 0.435717 0.505962 1.95303 1.18353 1.06051 
1021 0.109178	0.00508227 0.937167 1.24836 1.15252 1.03832 0.87543 0.562456 1.43731 0.976767 1.19278 
1022 0.130057	0.500859 0.745556 1.19312 1.08431 1.0523 1.69445 0.751462 1.45252 0.695019 1.1861 
1023 0.0539365	0.00207723 0.818174 0.808921 0.85131 0.731375 0.557859 0.860405 1.08854 1.2903 1.0127 
1024 0.0983036	0.012222 0.802095 1.50477 0.745583 0.924516 0.956311 0.874474 2.50773 1.32048 1.10476 
1025 0.148325	79.7839 0.911411 1.21146 1.09474 1.1337 1.50264 1.7259 1.9924 1.47901 1.63759 
1026 0.255328	0.102909 0.723795 6.01779 2.27883 1.50417 3.11897 2.15639 9.4939 0.850478 2.65631 
1027 0.0978686	0.0244133 0.638565 0.702746 0.529826 0.667962 0.341071 0.343936 0.447023 1.11011 1.06214 
1030 0.0721976	1.08313 0.86633 0.797834 1.30529 0.975566 1.1131 0.94706 0.926859 0.592292 0.858845 
1031 0.0854972	208.207 0.992784 0.455774 1.51357 1.28075 2.21363 1.41214 0.451453 0.594894 0.961787 
1032 0.0715643	0.000184447 0.631374 1.31937 0.86193 0.676183 0.491505 0.773445 1.64764 0.995029 0.994768 
1033 0.217226	0.0683286 0.851609 0.741658 0.651948 0.767638 0.612759 0.656487 0.668028 0.967367 0.653773 
1034 0.19316	0.129537 1.02056 0.716045 1.04616 1.12711 0.921498 1.1824 0.77725 1.22872 0.953436 
1035 0.0899303	0.445146 1.33677 0.910525 0.641897 1.1768 1.12868 1.48563 1.33 1.59075 1.08601 
1036 0.100063	9.66827 0.987561 1.20597 1.70312 1.34985 1.78009 2.33662 1.55231 0.892771 1.17125 
1037 0.170361	0.93001 1.07951 1.28772 1.0668 1.0686 1.46938 1.01707 1.47022 0.877525 0.877459 
1040 0.0923159	18.1385 0.922353 0.732079 0.927372 1.0395 0.991489 1.0099 0.428568 0.600277 0.742993 
1041 0.065635	0.556566 1.13672 0.730889 0.787121 1.09042 0.858487 1.29301 0.968527 1.5672 0.854357 
1042 0.109925	236.994 1.38944 0.637162 1.57399 1.52323 2.03097 1.98305 0.580139 0.88038 1.10621 
1043 0.121665	0.0094267 1.07587 1.22187 0.846044 0.834059 0.825114 0.863554 1.46185 1.14742 0.879343 
1044 0.180363	1.84368 0.86509 0.794845 1.13257 0.922656 1.04584 0.922649 0.653141 0.700263 0.87969 
1045 0.0843116	0.0166567 0.727055 0.640671 0.663895 0.644619 0.484827 0.497014 0.702842 0.78427 0.657226 
1046 0.154749	0.0111721 1.0048 0.654225 0.739502 0.775111 0.553514 0.625656 0.564191 1.0551 0.574009 
1047 0.191035	0.662211 1.22141 1.32369 1.3537 1.06298 1.5226 1.89696 1.42277 1.19766 0.930705 
1050 0.120102	185.485 0.664588 0.481846 1.62499 1.14092 1.32547 0.495139 0.35161 0.268048 1.07371 
1051 0.119593	1.60627 0.997531 1.11557 1.46305 1.11676 1.19919 1.19437 0.935791 1.02134 1.3703 
1052 0.13486	8.60995 1.17758 0.91396 1.1562 1.21978 2.11537 1.84195 0.97728 0.538064 1.1268 
1053 0.161832	0.663402 0.515944 1.42524 0.619625 0.74619 1.05277 0.944876 1.14245 0.382852 1.43396 
1054 0.0956743	0.0170193 0.62555 1.01725 0.684091 0.625442 0.478301 0.496645 1.26156 0.466298 1.04774 
1055 0.092112	3.04625 0.632236 0.871953 0.820902 0.759031 0.796058 0.914696 0.907464 0.641035 1.20382 
1056 0.196947	0.200833 0.90789 1.09416 1.01096 1.0225 0.762759 0.714278 1.29292 0.991591 1.06596 
1057 0.0788804	0.0539152 0.74192 0.672986 0.616551 0.654263 0.550383 0.613085 0.812017 0.930077 0.953996 
1060 0.113846	139.392 1.83722 1.06646 1.60179 1.9807 4.10587 4.58351 1.19554 2.50917 2.0167 
1061 0.0923077	0.0151842 1.34852 0.645219 0.413978 0.90003 0.399712 0.562011 0.7477 2.79776 0.858152 
1062 0.0684615	12.6742 1.45169 1.1118 0.577504 0.96787 0.941345 3.14899 1.2026 2.77119 1.73456 
1063 0.211538	1.44313 0.981559 0.190315 0.637567 0.908015 0.400221 0.322027 0.135675 1.30842 0.857491 
1064 0.0915385	0.274616 1.40814 0.737167 0.50509 0.991703 0.788367 1.27495 0.862585 2.76999 1.2729 
1065 0.100769	0.513745 1.17653 1.0633 1.04373 1.07197 0.819282 1.01455 1.63087 3.38203 2.13804 
1066 0.133077	5.03908 1.35188 0.492893 0.609473 1.23889 1.16592 0.855479 0.589506 1.99017 1.53102 
1067 0.188462	0.109346 1.11976 0.603989 0.85272 1.26594 1.08367 1.21649 1.10959 2.39245 1.3482 
1070 0.0576682	366.675 1.53277 0.463071 0.75121 1.31694 1.08328 1.27071 0.261805 0.84079 0.961806 
1071 0.0969494	6.3328 1.01533 1.25399 1.25161 1.36711 1.43432 1.53052 1.1817 0.774452 1.28307 
1072 0.185123	0.0942711 0.953185 0.715236 0.631613 0.81245 0.530726 0.584372 0.540444 0.898012 0.765292 
1073 0.0906812	22.4556 1.11659 1.32024 1.75678 1.42028 1.62827 1.72703 0.636193 0.634662 1.03013 
1074 0.10865	2.34344 1.04146 0.754493 1.06583 1.14082 1.00626 1.01329 0.422337 0.776895 0.850026 
1075 0.112411	0.313452 1.07461 2.1641 1.09871 1.01759 0.92913 1.24096 1.73836 1.11722 1.29771 
1076 0.276222	0.381842 1.04289 0.855004 1.24769 1.12677 1.06215 0.811159 0.692504 0.630423 0.974026 
1077 0.0722942	0.510457 1.32611 1.84234 1.34562 1.27743 1.31528 1.61226 1.93778 1.08382 1.21855 
1100 0.0903983	0.384319 1.09905 1.0605 0.624355 0.84312 0.88078 0.804842 0.963979 0.847593 0.797029 
1101 0.0690795	2.78912 0.914533 1.12859 0.693856 0.850632 0.869953 1.16913 1.41687 1.33721 1.36736 
1102 0.122459	15.1101 1.05485 1.41532 1.50206 1.33092 1.39373 1.38264 0.969263 0.817327 1.16741 
1103 0.0733763	1.70048 0.672727 1.20289 0.945727 0.837135 1.2125 1.01422 0.928054 0.561437 0.936677 
1104 0.328541	0.102528 0.733825 1.05789 0.526423 0.704229 0.541836 0.857852 1.19516 0.961544 0.959661 
1105 0.145596	0.840966 0.937987 1.27544 0.817058 0.985221 0.97225 0.818676 1.11177 1.2318 1.33711 
1106 0.0791605	4.98308 0.989211 0.853662 0.680286 1.01412 1.60333 0.995603 1.19755 1.12716 0.78766 
1107 0.0913899	246.438 1.39897 0.971941 1.3167 1.38443 2.43152 1.57277 0.824795 0.663401 0.856533 
1110 0.0741049	5.39093 1.35493 0.53868 1.82404 1.55768 1.53145 1.09599 0.51223 1.11789 0.8751 
1111 0.147932	0.00544308 0.654488 0.975481 0.779612 0.713026 0.415848 0.601392 0.911438 1.27774 1.17217 
1112 0.0660561	1.00407 1.07675 0.703365 1.48831 1.3728 1.40996 0.813833 0.714648 1.0343 0.925838 
1113 0.115459	305.661 0.988065 0.624661 2.41821 1.37798 2.01736 0.65512 0.51041 0.442912 0.713467 
1114 0.21038	0.0459163 0.812252 1.2976 1.07004 1.03253 0.830294 0.803903 1.64456 1.65893 1.5054 
1115 0.186234	0.405944 1.62555 0.85707 1.44156 1.29872 1.05971 1.18158 1.10851 1.79806 1.2272 
1116 0.101027	2.10193 1.28488 0.489624 1.92779 1.04735 1.30896 0.898301 0.796837 1.52847 0.909049 
1117 0.0988066	0.135129 0.867638 1.14706 1.33578 0.920506 0.622424 0.753394 1.48686 0.846127 1.12589 
1120 0.0686966	44.2049 1.03877 1.11924 1.49366 1.30907 1.74347 1.48455 1.16366 0.816707 1.07936 
1121 0.0860255	1.85064 0.978442 0.595769 1.09617 0.99635 1.13822 0.747311 0.565472 0.830379 0.959513 
1122 0.0559475	1051.28 1.43211 1.11895 1.6376 1.56817 2.96763 2.22035 0.667649 0.641302 1.10461 
1123 0.129967	6.73996 0.985411 0.827066 0.8311 1.25699 0.929015 0.861075 0.664023 0.97917 0.99874 
1124 0.189875	0.206392 1.23126 1.80055 0.888461 1.07351 1.15383 1.28972 1.98465 1.1243 1.16736 
1125 0.171556	0.0683154 1.08689 0.971396 0.6559 0.912492 0.747802 0.707835 1.09063 1.03467 0.756008 
1126 0.0887486	4.33208 1.18912 0.965926 1.52937 1.16759 1.60048 1.32518 1.16914 0.851208 1.317 
1127 0.209184	0.0148886 0.964212 0.750749 0.506029 0.801888 0.568806 0.477312 0.634264 1.06993 0.742898 
1130 0.127572	1.32622 0.883054 0.964507 0.783475 1.10172 1.52053 1.39066 1.25025 1.54811 1.10351 
1131 0.131139	0.0232465 0.803404 0.973855 0.727386 0.824407 0.854095 0.745701 0.908579 0.815521 0.99556 
1132 0.196982	0.663428 0.998699 1.44265 1.25698 1.15608 1.84076 1.13343 1.81967 0.831185 0.977818 
1133 0.0839506	0.00936635 0.819727 1.13945 0.888002 0.785391 0.909744 0.686124 1.50341 1.1363 1.00888 
1134 0.223045	47.9894 1.20344 0.885438 1.31399 1.36748 1.89772 2.14009 0.819724 0.849724 1.07594 
1135 0.0510288	0.0206888 0.995457 0.551209 0.433592 0.786352 0.554561 0.762831 0.655442 1.67366 0.84407 
1136 0.078738	0.00582684 0.838972 0.750852 1.25353 0.972434 1.30523 0.620708 0.67121 0.76071 0.84457 
1137 0.107545	0.0194226 0.747877 0.677036 0.607361 0.706478 0.564271 0.499155 0.705194 0.9998 0.70546 
1140 0.224939	0.0060317 0.820848 1.22677 0.848224 0.802725 0.917328 0.836037 1.95739 1.24872 1.17827 
1141 0.162103	0.068832 0.724064 1.03443 1.12728 0.914287 0.964793 0.743599 1.14965 0.86012 1.13091 
1142 0.127384	0.614646 0.951219 0.641869 1.11811 0.944867 0.82283 0.676129 0.746684 0.8923 0.873822 
1143 0.0733496	0.271925 1.07732 0.582201 0.704954 1.0276 0.6753 0.640328 0.674909 1.79689 0.975829 
1144 0.186064	4.70564 1.10078 0.89881 1.21945 1.20377 1.27387 1.17487 0.968579 1.0369 1.11753 
1145 0.0691932	0.00703826 0.965666 1.6803 1.11848 0.976902 0.861553 0.812955 1.45148 0.89126 0.968128 
1146 0.091687	692.336 0.966913 0.879173 1.70812 1.1503 2.15057 2.04395 1.79168 0.785056 1.18285 
1147 0.0652812	0.00681175 0.977334 0.506785 0.563043 0.733699 0.455456 0.434229 0.618091 1.0521 0.780006 
1150 0.191098	0.707685 1.12088 0.66621 0.774039 0.870997 0.732403 0.80633 0.669479 1.19328 0.814539 
1151 0.128314	0.00201628 0.841111 0.578208 0.449199 0.672321 0.486867 0.56934 0.686894 1.04517 0.72194 
1152 0.0831158	5.08234 1.13541 0.706506 1.01426 1.05945 1.01606 1.10449 0.678835 1.10537 0.881722 
1153 0.0711636	0.61981 0.670812 1.09938 1.18137 0.839857 1.01884 0.907816 0.950551 0.669299 0.973859 
1154 0.168842	186.221 1.28905 0.932797 1.21806 1.30235 2.29134 1.68452 0.957814 0.789725 1.10629 
1155 0.0840775	2.91486 1.51705 1.11312 0.922461 1.11758 1.34917 1.50526 1.21279 1.31443 0.885088 
1156 0.172139	0.528308 1.11081 1.58118 0.970508 0.837535 1.20135 1.53479 1.76547 0.857247 1.08018 
1157 0.10125	0.175333 0.801097 1.1179 0.881684 0.760146 0.724782 0.753487 1.21946 0.869017 0.994298 
1160 0.0700074	1981.15 1.38922 0.966472 1.59404 1.75577 2.86891 1.9189 0.744417 0.601623 1.18169 
1161 0.187341	0.0783396 1.05669 0.8741 0.706757 1.01376 1.09452 0.909557 1.12323 0.996681 0.977677 
1162 0.0380742	115.25 1.19035 1.43472 1.57911 1.35354 1.98435 1.68988 1.38636 0.731269 1.13293 
1163 0.109392	0.060157 0.907122 0.739624 0.636421 0.776433 0.559478 0.465775 0.743488 0.900147 0.54387 
1164 0.178908	21.519 1.25178 0.916236 1.05565 1.30953 1.13018 1.07864 0.905016 0.854949 0.869169 
1165 0.155081	0.892975 1.22797 0.897724 0.498357 0.830262 0.52428 0.617787 0.840474 1.38322 0.836102 
1166 0.0849095	2.60577 1.15643 1.88159 1.26026 1.28437 1.38193 1.48811 2.34435 1.08894 1.15439 
1167 0.176288	0.616233 1.17791 1.36809 0.889188 1.04393 0.936596 1.03024 1.5396 1.10737 1.11364 
1170 0.154286	121.995 0.815476 0.637105 1.42262 1.16453 1.12942 1.31467 0.514343 0.619507 1.28878 
1171 0.0801681	0.0910932 0.734765 0.61304 0.678324 0.714647 0.590885 0.516964 0.610207 0.854657 0.666644 
1172 0.253613	1.41256 0.816911 1.44293 1.2252 1.0236 1.27563 1.3909 1.57508 0.750112 1.40755 
1173 0.154454	6.85695 1.03469 0.923847 1.48884 1.27449 1.45342 1.64097 1.45657 0.902567 1.24897 
1174 0.107899	0.171632 0.879208 1.23748 1.018 1.02166 0.904761 1.10546 1.56842 0.831038 0.89832 
1175 0.109748	0.222668 0.970476 0.441506 0.840336 1.01021 0.72076 0.614806 0.397763 0.775247 0.71889 
1176 0.0805042	1.19868 0.73451 0.704534 0.718191 1.01 0.593926 0.822054 0.693871 1.07327 0.934664 
1177 0.0593277	0.0883757 0.828339 0.978737 0.807819 1.04636 0.677681 0.818433 0.987521 0.870667 0.778296 
BOUNDS
LWPS R    0.0  0.0  0.0  0.0  0.0  0.0  0.0  0.0  0.0  0.0
UWPS R    0.5  0.5  0.5  0.5  0.5  0.5  0.5  0.5  0.5  0.5
LXAS R   -0.5 -0.5 -0.5 -0.5 -0.5 -0.5 -0.5 -0.5 -0.5 -0.5
UXAS R    0.5  0.5  0.5  0.5  0.5  0.5  0.5  0.5  0.5  0.5
END
