NAME moment_estimation_cluster
ASSETS 10
BENCHMARKS 0.1 0.1 0.1 0.1 0.1 0.1 0.1 0.1 0.1 0.1 
COVARIANCES
0 0 0.0352832
1 0 0.0228283
1 1 0.0199929
2 0 0.00729937
2 1 0.00677689
2 2 0.00617246
3 0 0.0188579
3 1 0.0139653
3 2 0.00637104
3 3 0.0130484
4 0 0.019958
4 1 0.0135851
4 2 0.00461594
4 3 0.0117481
4 4 0.0130912
5 0 -0.00072206
5 1 0.00132185
5 2 0.00249301
5 3 0.00157451
5 4 0.000224168
5 5 0.00600107
6 0 -0.00343258
6 1 -0.00252581
6 2 2.52555e-05
6 3 -0.00132411
6 4 -0.00181064
6 5 0.00127849
6 6 0.00102021
7 0 -0.00482373
7 1 -0.00650715
7 2 -0.00165834
7 3 -0.00228559
7 4 -0.00178423
7 5 0.00114399
7 6 0.00132568
7 7 0.00582925
8 0 -0.010818
8 1 -0.00695601
8 2 0.000700229
8 3 -0.00442946
8 4 -0.00598699
8 5 0.00422208
8 6 0.00238163
8 7 0.00312843
8 8 0.00822457
9 0 0.00122403
9 1 -0.000334311
9 2 0.000480873
9 3 0.00163153
9 4 0.0016687
9 5 0.000856757
9 6 0.000623733
9 7 0.00213007
9 8 0.000203377
9 9 0.00234848
SCENARIOS
0 0.30419	1.17621 1.16525 1.063 1.13472 1.11912 1.03469 0.975367 0.948514 0.942492 0.992891 
1 0.69581	0.929927 0.918976 0.969717 0.948277 0.948814 0.981697 0.999893 1.02567 1.02424 1.00291 
00 0.807949	1.08995 1.03994 1.01273 1.01288 1.02513 0.960905 1.01073 0.984813 1.00641 1.00882 
01 0.192051	0.817694 0.788342 0.911246 0.852196 0.892617 0.958311 1.03832 1.1373 1.07832 1.02739 
10 0.677153	0.882606 0.914484 0.978412 0.931845 0.931263 1.01369 1.0314 1.01136 1.0458 0.975649 
11 0.322847	1.20437 1.20979 1.06673 1.15091 1.14508 1.08471 0.998518 0.975537 0.97311 1.02553 
000 0.0631078	1.31036 1.19357 1.00918 1.16633 1.19251 1.06687 0.942557 0.98072 0.894404 1.034 
001 0.0778777	1.1505 1.04549 1.12029 1.18393 1.1308 1.10797 0.994882 1.0719 1.1037 1.04144 
002 0.0748667	1.13789 1.19928 1.10162 1.13911 1.03233 1.08205 1.00726 0.906275 1.04603 0.95734 
003 0.14123	0.655815 0.737818 0.91455 0.809005 0.794629 1.05484 1.02309 1.07236 1.13621 0.972013 
004 0.0854051	1.51996 1.46867 1.16555 1.36868 1.31902 1.06 0.928803 0.845698 0.810424 1.01211 
005 0.0843065	1.16142 1.04916 0.935978 1.02171 1.14549 0.958157 0.956703 0.975584 0.873122 0.982815 
006 0.170973	0.8057 0.940411 0.982162 0.89547 0.85799 1.03996 1.01426 0.972401 1.11164 0.960303 
007 0.302234	0.923602 0.913346 1.0445 0.987739 1.00199 1.03722 1.02226 1.08296 1.0586 1.0301 
010 0.0434783	1.36724 1.33448 0.952334 1.1637 1.15742 0.997822 0.913227 0.83106 0.822609 0.968496 
011 0.214653	0.81679 1.04192 0.965825 0.923041 0.884628 1.00046 0.967493 0.917784 0.981733 0.931062 
012 0.20849	1.01582 0.998878 0.865968 0.987358 1.02398 0.917749 0.964257 1.02876 0.92186 0.966727 
013 0.154228	0.832531 0.969209 1.00053 1.02723 0.969569 1.06801 1.03528 1.09763 1.07905 1.0634 
014 0.112975	0.669863 0.750602 0.847564 0.792784 0.774818 0.905839 1.01056 1.01223 1.08373 0.944477 
015 0.152516	1.17155 1.20409 1.02447 1.07518 1.07201 0.993999 0.958907 0.896337 0.968656 0.977313 
016 0.060938	1.42887 1.24267 0.966702 1.12317 1.23668 0.982914 0.956646 0.960988 0.832934 1.06563 
017 0.0527217	1.49632 1.35587 0.996891 1.30367 1.32821 0.958134 0.911118 0.952556 0.79269 1.03608 
100 0.0543328	1.14697 1.02231 0.90852 1.0377 1.1333 0.958495 0.961746 1.03897 0.85683 1.06214 
101 0.0734979	1.48933 1.39677 1.10228 1.2244 1.27922 1.06344 0.943661 0.888422 0.89716 0.995599 
102 0.194113	1.05011 0.975246 1.06897 1.06299 1.01167 1.03512 1.05687 1.0548 1.04985 1.09055 
103 0.151219	1.02799 1.10023 0.980767 0.936127 0.955766 0.897209 0.943939 0.857042 0.90573 0.900265 
104 0.100155	0.621112 0.763181 0.901944 0.757234 0.740204 0.992377 1.03591 1.04261 1.14542 0.96925 
105 0.100728	1.11961 1.20945 1.06592 1.07703 1.11509 1.01888 0.973717 0.921249 0.956502 0.989936 
106 0.246068	0.926768 0.88339 0.901759 0.88242 0.946611 0.922478 0.99313 1.04566 0.995472 1.01561 
107 0.0798862	1.00003 1.18581 1.21816 1.10489 1.04422 1.19073 1.01653 0.862157 1.09577 1.01551 
110 0.22013	1.13237 1.02014 1.04154 1.03387 1.04419 1.01732 0.997552 0.996034 0.955104 0.971193 
111 0.110978	0.984858 0.965441 0.995801 0.914662 0.945508 0.95323 1.02023 0.948821 0.993073 0.984276 
112 0.101896	0.960265 0.958713 1.1424 1.05992 0.969382 1.03357 1.04629 1.16057 1.14568 1.00526 
113 0.0708689	1.0875 1.13479 0.948427 1.02026 1.04194 0.948704 0.961024 0.936139 0.910847 0.939371 
114 0.106081	1.0346 0.920765 0.890356 0.902054 0.974819 0.843037 0.981656 1.11647 0.91618 1.00461 
115 0.169694	1.4441 1.21433 1.10175 1.19719 1.21481 0.930387 0.939034 1.00301 0.906668 0.98521 
116 0.172142	0.783249 0.797694 0.941783 0.828206 0.837009 0.898556 1.00888 1.03654 1.09405 0.926299 
117 0.0482105	0.790506 0.954759 1.01342 0.896646 0.807331 0.918817 1.05576 0.897132 0.998122 0.942523 
0000 0.184397	0.895326 0.938279 1.02624 1.00875 0.986167 0.89428 1.0377 1.01387 1.09906 0.994587 
0001 0.0889749	1.04407 0.926582 0.936736 0.952063 1.02253 0.944124 1.01365 1.12369 0.985631 0.994391 
0002 0.15087	1.22636 1.08615 1.05341 1.1808 1.21961 1.09836 0.968314 1.20015 0.929481 1.04354 
0003 0.174081	0.781573 0.761058 0.95205 0.892329 0.857134 0.892291 1.06247 1.2042 1.12263 1.00558 
0004 0.150226	1.15598 1.07255 0.962376 1.0605 1.07894 0.9494 0.980246 1.08667 0.923589 1.03626 
0005 0.103159	0.890617 0.979288 0.857221 0.902788 0.895176 0.91666 0.996384 0.968397 1.03952 0.851422 
0006 0.0664088	0.93623 1.02505 1.00799 0.952892 0.874926 1.04095 1.01252 0.976331 1.03175 0.93228 
0007 0.0818827	1.1884 1.24255 1.1511 1.04558 1.05457 1.12087 1.04711 0.878774 0.97957 0.959096 
0010 0.103448	1.06224 1.19204 1.20997 1.08874 1.00648 0.89586 1.00903 0.905773 1.00537 0.982487 
0011 0.0684431	0.844013 0.840262 1.03462 0.933427 0.870982 1.144 1.11615 1.10435 1.14462 1.06576 
0012 0.141066	0.968707 0.974871 1.08379 0.995922 0.956365 1.14146 1.05595 1.0381 1.05877 1.03003 
0013 0.161442	0.821562 0.908624 0.871082 0.850941 0.853969 0.919397 0.978405 0.940119 0.90227 1.00642 
0014 0.0815047	1.26305 1.20758 1.06932 1.08587 1.21052 0.983017 1.00426 0.964979 0.853232 1.01011 
0015 0.0741902	0.731946 0.812091 0.934998 0.85487 0.83462 1.08729 1.07096 1.09872 1.06555 1.06171 
0016 0.0935214	1.35407 1.21594 1.06539 1.26008 1.19708 0.97404 0.986476 1.03468 0.88398 1.0666 
0017 0.276385	1.05204 1.06858 0.999595 1.00328 1.04213 1.00346 1.03328 1.09134 0.981002 1.03567 
0020 0.104891	1.14548 1.14967 1.06728 1.12678 1.1773 1.03652 0.963302 1.03918 0.877393 1.02663 
0021 0.148913	0.696933 0.826636 0.893729 0.850642 0.865331 1.00103 0.953874 1.1274 0.953799 0.972397 
0022 0.0516304	1.33216 1.20148 1.11502 1.27128 1.25178 1.06665 0.925334 0.968061 0.835417 1.08701 
0023 0.128804	1.04635 1.08857 1.04444 1.10661 1.05283 1.0417 0.975482 0.98625 0.924548 1.02542 
0024 0.190217	0.792464 0.890466 1.05196 0.990203 0.910117 1.07224 1.00756 1.04504 1.09462 0.986804 
0025 0.0668478	1.11338 1.12825 1.12252 1.13649 1.0783 1.0833 0.970503 1.00358 0.98718 1.07716 
0026 0.15	0.98602 0.969071 0.974399 0.998755 1.0407 0.881576 0.939728 1.04258 0.827137 1.04492 
0027 0.158696	0.786987 0.985628 0.999401 0.907337 0.972618 0.972834 0.970279 0.935512 0.938381 0.965006 
0030 0.0734659	1.58803 1.34658 0.99622 1.24741 1.26901 0.791184 0.935331 1.03737 0.816641 1.03174 
0031 0.0636704	0.919323 0.976989 1.15674 1.0788 1.02083 1.20458 1.07385 1.12166 1.16291 1.11447 
0032 0.0927687	0.990052 1.03179 1.01351 1.02512 0.961346 0.974377 1.04626 0.948952 1.01289 1.01174 
0033 0.14722	0.898314 0.913903 0.889828 0.871142 0.931633 0.892291 0.966662 1.16143 0.97178 1.06038 
0034 0.142322	0.754857 0.79604 0.977167 0.793461 0.785067 0.999188 1.04457 0.959527 1.11051 0.968872 
0035 0.218093	0.915229 1.00546 0.982435 0.963298 1.01374 1.0013 0.983913 1.02778 1.02734 0.965411 
0036 0.144627	1.0872 1.11437 0.941218 1.05205 1.0482 0.975961 1.002 1.0834 0.967687 1.03964 
0037 0.117833	1.39563 1.13085 1.08846 1.18711 1.1906 1.13603 1.04294 1.20156 1.05237 1.09838 
0040 0.23011	0.888572 0.898625 0.922659 0.895739 0.91353 1.09291 1.06401 1.08643 1.19352 0.96629 
0041 0.0581229	1.30456 1.17969 1.15999 1.26065 1.18049 1.2748 1.05901 1.24319 1.23949 1.0583 
0042 0.159123	1.07015 0.906746 0.960001 0.929585 0.998934 0.874771 1.01735 1.07573 1.0577 0.9667 
0043 0.100524	1.00137 0.836397 1.02297 1.04091 0.980809 0.923207 1.05192 1.13583 1.12633 1.08013 
0044 0.13292	1.42655 1.21854 1.00689 1.09533 1.24584 1.03041 0.93894 1.17461 0.932943 0.986629 
0045 0.0976656	1.07368 0.943465 0.974934 1.03028 1.13451 1.11058 1.07703 1.24562 1.10267 1.1452 
0046 0.107194	1.09707 1.08242 1.09554 1.02423 1.02615 0.983114 1.07219 1.02568 1.15022 1.01797 
0047 0.11434	0.672074 0.721838 0.966711 0.792853 0.788008 1.06123 1.04562 1.29146 1.22359 1.00464 
0050 0.0757722	0.933853 1.08953 0.992435 0.964748 0.899412 0.830036 0.965125 0.991618 0.892126 0.976179 
0051 0.150579	0.987863 0.973738 1.06251 1.07341 0.99097 1.08377 1.02375 1.09358 1.01954 1.15537 
0052 0.166506	1.10337 1.04669 0.965661 1.00058 1.02615 0.888048 0.985029 0.978738 0.965355 0.983135 
0053 0.0545367	0.895426 0.813524 0.958024 0.975588 0.976746 0.956888 1.03019 1.23989 1.05725 1.16322 
0054 0.258687	1.27915 1.2154 1.09763 1.1978 1.15545 0.991827 0.913185 1.00058 0.82694 1.06349 
0055 0.0892857	0.669888 0.829936 0.96378 0.839259 0.80294 0.95891 1.07198 1.04964 1.09149 1.02547 
0056 0.0646718	0.888124 1.15514 1.08241 1.01656 0.929326 1.05559 0.938431 0.829711 0.973139 0.932077 
0057 0.139961	0.906121 0.818561 0.929437 0.870981 0.872161 0.847351 0.931526 1.05975 0.98245 0.985021 
0060 0.168967	1.16899 1.12783 1.17083 1.183 1.11901 1.00167 1.00601 0.978026 0.984884 1.04368 
0061 0.168967	0.807005 0.799787 1.09569 0.941035 0.867731 0.991782 1.0527 1.08935 1.10937 1.00411 
0062 0.0464065	0.821344 0.885285 0.831273 0.838525 0.922704 0.814303 0.957016 0.989975 0.797806 0.961351 
0063 0.139457	1.06849 1.02097 0.922736 0.973398 1.02375 0.957738 0.976187 0.977903 0.854656 0.972159 
0064 0.101142	1.22907 1.20918 0.957428 1.07483 1.20155 1.06411 0.991836 0.945335 0.890506 1.01151 
0065 0.177059	0.854054 0.852936 0.953221 0.852362 0.89405 0.948262 0.952463 1.03797 0.936297 0.980145 
0066 0.0842456	1.19814 1.01982 0.969354 1.0924 1.13929 0.922784 0.977507 1.06305 0.883452 1.05345 
0067 0.113755	1.06008 1.02289 0.979152 0.990169 1.02025 0.830404 0.989954 0.969651 0.857778 0.974929 
0070 0.110258	0.879218 0.971636 1.08565 0.963409 0.928389 1.17862 1.01915 1.04544 1.11271 1.01846 
0071 0.0868336	1.17172 1.27943 1.10883 1.19417 1.11311 1.09221 0.997217 0.946023 1.05991 0.977659 
0072 0.119144	1.01104 0.885568 0.924744 0.99281 1.05465 0.993926 1.02752 1.26907 1.00907 1.09432 
0073 0.0906031	0.799623 0.891353 0.991591 0.959444 0.861179 1.03539 1.04161 1.01355 1.22093 0.989606 
0074 0.219305	0.831325 0.909959 0.856811 0.8431 0.867555 1.03517 1.01758 1.00381 1.05045 0.938892 
0075 0.0518309	1.44202 1.24687 0.998055 1.24868 1.25468 0.988301 0.992847 1.06116 0.885241 1.05449 
0076 0.256597	1.11063 1.12108 0.972787 1.05501 1.04641 0.996023 0.909529 0.867124 0.909181 0.964332 
0077 0.0654281	1.09448 1.27403 1.02427 1.03561 0.99945 1.08056 0.991397 0.889732 0.980607 0.889637 
0100 0.0669291	0.921782 0.86233 0.93438 1.02416 0.896309 0.933784 1.02471 1.11829 1.10752 0.930519 
0101 0.110236	0.959993 1.01142 1.0825 0.94247 1.02893 0.954983 1.01908 1.0683 1.07063 0.976348 
0102 0.137795	1.34509 1.29713 1.12042 1.17914 1.19497 1.02728 1.0018 0.847212 0.86058 1.03174 
0103 0.161417	1.16696 0.983334 1.08488 1.06057 0.99645 0.980846 1.10055 1.20949 1.10472 1.03897 
0104 0.0905512	0.962233 1.02133 0.927095 0.965556 0.996886 0.885848 0.952147 0.887312 0.899284 0.906195 
0105 0.125984	0.828941 0.867754 1.03106 0.853383 0.908677 0.812771 1.01647 1.07783 1.01886 0.918695 
0106 0.129921	1.26184 1.21491 0.995607 1.08019 1.14977 0.844129 0.968565 0.939296 0.814972 0.987491 
0107 0.177165	0.876283 0.931231 1.05207 0.874105 0.881174 1.04759 1.01205 1.04342 1.14038 0.958461 
0110 0.104466	1.16755 1.03035 0.943985 0.939366 1.04506 0.940715 0.931512 0.978169 0.88223 0.950692 
0111 0.170654	0.944169 0.831464 0.851067 0.889696 0.943994 0.766173 0.979715 1.01721 0.915584 1.01707 
0112 0.0566188	1.42291 1.24501 1.12332 1.19225 1.23353 1.00743 0.966984 0.894385 0.907437 1.04257 
0113 0.103668	1.1859 1.07671 1.12209 1.11897 1.03667 1.10368 1.054 0.967521 1.13354 1.05641 
0114 0.142743	0.835384 0.827788 0.940046 0.865316 0.85901 0.940407 1.00404 1.02404 1.02238 0.948538 
0115 0.122807	1.1999 0.976959 1.10172 1.04519 1.00537 0.95004 1.04696 0.948999 1.08571 0.988926 
0116 0.129984	1.3247 1.13948 1.03928 1.08952 1.12014 0.923247 1.0218 0.838999 0.91132 0.992235 
0117 0.169059	0.819383 0.804289 1.10353 0.910926 0.8706 1.02728 1.05708 1.05552 1.22934 1.04594 
0120 0.0558292	1.15774 1.08389 1.12206 1.103 1.09827 0.992095 0.97987 1.0478 0.950376 1.115 
0121 0.0804598	0.72898 0.78979 1.01774 0.854161 0.780706 1.08675 1.04911 1.07752 1.18869 1.04118 
0122 0.0730706	1.05329 0.877131 1.006 1.03279 1.12936 0.97605 1.02808 1.14252 1.01984 1.1123 
0123 0.270936	0.782686 0.892365 1.02031 0.949481 0.966565 0.995756 1.02276 1.06378 1.00078 1.0747 
0124 0.170772	1.26377 1.22162 1.10776 1.09472 1.07188 0.950963 1.04648 0.873192 0.921743 1.06952 
0125 0.121511	1.01307 1.03824 0.940065 0.904112 0.933664 0.820336 0.975008 0.907285 0.887629 0.959306 
0126 0.117406	1.48828 1.1707 0.941643 1.07947 1.14182 0.987785 0.977964 0.912813 0.866712 1.03954 
0127 0.110016	0.815738 0.839647 0.95282 0.777011 0.839648 0.909137 1.05053 0.950899 1.08171 1.01979 
0130 0.0832408	1.22641 0.969937 1.06133 1.04818 1.01215 0.995637 1.03527 1.01293 0.99288 1.07264 
0131 0.164262	1.13533 0.989101 1.01757 0.931685 1.01195 1.13665 1.02521 0.980204 1.04304 1.04838 
0132 0.102109	1.55007 1.05535 1.00692 1.16848 1.14924 1.05225 1.01652 1.01418 0.903409 1.07995 
0133 0.235294	0.890126 0.83419 1.0056 0.88325 0.862865 1.08771 1.0742 0.946095 1.09873 1.00755 
0134 0.0921199	1.26338 1.30468 1.21334 1.15109 1.12249 1.13377 0.986874 0.866418 0.995511 1.008 
0135 0.0843507	1.44609 1.12164 1.08559 1.11023 1.24506 1.09976 0.958151 0.995451 0.970272 1.05739 
0136 0.0488346	0.722583 0.620581 0.860855 0.718378 0.833719 0.857486 1.03832 1.18979 1.08498 1.05963 
0137 0.189789	1.23279 1.03085 0.992734 1.00267 1.01448 0.900183 0.959373 0.914736 0.916083 1.01153 
0140 0.169697	0.654367 0.797758 1.01703 0.891059 0.832894 1.21909 1.07367 1.13842 1.1661 1.03572 
0141 0.0606061	0.889955 0.987669 0.97837 1.01277 1.04643 0.989856 1.014 1.12108 0.860104 1.1153 
0142 0.139394	1.02723 1.01131 1.13027 1.06562 1.11585 1.14156 1.03846 1.1273 1.08938 1.07772 
0143 0.207576	0.994387 0.96937 0.946678 0.906308 0.934029 0.942988 1.01881 0.997115 0.936547 1.00051 
0144 0.0863636	0.798449 0.965696 1.18429 1.00853 0.889966 1.09048 1.03656 0.988395 1.1688 0.986258 
0145 0.0818182	1.24779 0.979977 0.93707 0.933047 1.06208 1.05293 1.03018 1.15707 0.952804 1.04775 
0146 0.127273	1.4756 1.19286 1.10335 1.20434 1.24365 1.08892 1.03649 1.02518 0.949889 1.1108 
0147 0.127273	1.15221 1.11178 1.15098 1.09412 1.03861 1.03452 1.00043 1.01338 0.97565 0.989167 
0150 0.0583614	1.01466 1.02616 1.07277 0.968986 1.02774 1.05675 1.04511 0.966984 1.08356 0.9157 
0151 0.259259	0.915436 0.842153 0.960414 0.857917 0.905979 0.996373 0.957342 1.03301 1.04928 0.928996 
0152 0.0931538	1.29844 1.23372 1.09002 1.16222 1.15981 1.17938 0.957432 0.940513 0.876915 0.997444 
0153 0.106622	1.09917 1.03751 1.17703 1.19155 1.20694 0.927234 1.05961 1.04324 0.885982 1.13255 
0154 0.0942761	1.094 1.02497 1.13095 1.14196 1.03656 1.05871 0.997351 0.964033 0.957465 1.02829 
0155 0.0572391	0.617491 0.713462 0.9004 0.765487 0.821265 0.865155 1.08225 1.11247 1.11397 0.993504 
0156 0.230079	1.0889 1.00382 0.972787 1.01578 1.04088 0.973219 0.953878 1.0397 0.839848 0.931786 
0157 0.10101	0.986876 0.890723 1.06424 1.00276 0.949507 1.11928 1.06503 1.12702 1.10519 1.03087 
0160 0.134831	0.994643 0.886211 1.07033 1.06216 1.02646 1.12 1.07155 1.22361 1.20701 1.02481 
0161 0.0589888	0.905045 0.750663 0.899661 0.846746 0.930411 0.895043 0.994479 1.129 1.04062 0.952071 
0162 0.0870787	1.16105 1.17174 1.09398 1.15935 1.13738 0.912747 1.04956 0.964672 1.06142 0.979054 
0163 0.269663	0.95219 0.902958 0.955877 0.9779 0.955289 0.953946 1.03965 1.05824 1.03043 1.00743 
0164 0.123596	0.920987 0.848828 0.917208 0.879127 0.908556 0.760278 1.00073 0.927556 1.03106 0.883822 
0165 0.0646067	0.685032 0.684202 0.951427 0.867746 0.76384 0.947447 1.02127 1.16983 1.12355 1.02778 
0166 0.182584	1.0731 1.01379 1.01704 1.08292 1.08177 1.01357 1.00234 1.0511 1.01144 1.02509 
0167 0.0786517	1.44546 1.0727 1.08836 1.17815 1.20399 0.892911 0.959269 1.06692 0.920169 0.934361 
0170 0.24026	0.8555 0.883303 0.979571 0.876277 0.892286 1.04622 1.1161 0.981022 1.14062 1.04423 
0171 0.0551948	1.17523 1.04288 1.09464 0.941668 0.97372 0.981224 0.974458 0.865089 1.02951 0.861174 
0172 0.227273	1.12805 0.940925 1.09919 0.989835 0.996416 0.929219 1.06077 0.986778 1.02124 1.01824 
0173 0.103896	1.15553 0.867626 0.969181 1.03046 1.10238 1.0229 1.08586 1.24628 1.08288 1.1143 
0174 0.0746753	0.853805 0.819291 0.941108 0.776262 0.785577 1.18469 1.06669 1.07962 1.0798 1.07111 
0175 0.126623	1.60715 1.36138 1.11163 1.21407 1.293 1.10064 0.992491 1.00806 0.9639 0.980253 
0176 0.0616883	1.00658 1.22066 1.17023 1.03577 1.0585 1.32646 1.07451 0.834989 1.17324 0.981506 
0177 0.11039	1.17431 1.26267 1.17127 1.11657 1.14823 1.2567 1.01974 0.948638 1.15767 1.01324 
1000 0.172656	0.978034 1.03652 0.961192 0.967019 0.984256 0.833849 0.959298 0.934246 0.906086 0.944538 
1001 0.065625	1.0997 0.944142 0.920106 1.07592 1.03857 0.958039 1.03534 1.17364 1.06238 1.0701 
1002 0.129297	0.949529 1.10144 1.07961 1.04628 0.986048 1.04 1.00898 1.03127 1.04137 1.0544 
1003 0.0871094	1.29282 1.09279 0.973588 1.01793 1.12816 0.978519 0.962401 1.0221 0.928495 0.99735 
1004 0.217578	0.803178 0.881436 0.990427 0.904199 0.903828 1.03681 1.05983 1.03173 1.1174 0.972258 
1005 0.141406	1.19092 1.20761 1.12584 1.14221 1.09734 1.11879 1.03604 0.932902 1.0831 1.01454 
1006 0.0804688	0.976311 1.00283 0.979423 0.902271 0.878098 0.926641 0.964008 0.844319 0.981936 0.951062 
1007 0.105859	1.4461 1.20345 1.09913 1.24345 1.23008 0.874228 0.986076 0.997309 0.970318 0.991966 
1010 0.14294	0.927746 0.922884 0.953226 0.984295 0.998782 0.921886 1.03389 1.14701 0.953661 1.12682 
1011 0.142362	1.04181 1.10195 1.00783 1.01913 0.950148 0.989033 1.02756 0.929698 0.991209 0.945419 
1012 0.0863413	1.17154 1.08647 1.02979 1.08038 1.11533 1.07547 1.05017 1.12787 1.02324 1.10969 
1013 0.0771008	1.14635 1.0793 0.898714 1.00486 1.04621 0.767047 0.943887 1.02453 0.793277 1.01502 
1014 0.19434	0.730883 0.805965 0.891362 0.874028 0.838149 0.969814 1.08304 1.11185 1.10905 0.971689 
1015 0.12417	1.04479 1.09719 1.07024 1.14339 1.01535 0.912402 1.07902 1.03409 1.08007 1.02608 
1016 0.10771	0.849274 0.917538 0.866871 0.90019 0.917335 0.762205 0.956553 0.93704 0.903603 0.929997 
1017 0.125036	1.41402 1.22251 1.06231 1.21352 1.24358 0.940546 0.97484 0.939785 0.895268 1.03103 
1020 0.0752241	1.11684 1.24509 1.026 1.14367 1.13744 1.10696 0.978871 1.04741 1.00328 0.974005 
1021 0.0581675	1.45471 1.30532 1.08541 1.33495 1.30759 0.987807 0.964156 1.00422 0.938659 1.02478 
1022 0.109884	0.966804 1.11495 1.02306 0.990033 1.02154 1.17437 1.01904 1.07527 1.17848 0.971759 
1023 0.0847365	1.13604 0.964389 1.03935 1.08456 1.15806 1.00682 0.998479 1.16427 1.13434 1.05796 
1024 0.203914	0.87002 0.982615 0.963759 0.969107 0.957448 0.965086 0.955303 0.960413 0.983364 0.987947 
1025 0.103324	1.18901 1.26292 1.04944 1.14224 1.15478 0.964952 0.961304 0.937812 0.887639 1.0144 
1026 0.244588	0.82676 0.904535 0.95976 0.852287 0.826832 1.04456 0.992172 1.03345 1.19803 0.93954 
1027 0.120162	1.04791 1.05648 0.927998 0.968833 0.996328 0.974586 0.920268 0.981418 0.928564 0.947641 
1030 0.0624561	0.865786 0.892149 0.86857 0.916954 1.00925 0.896968 0.971749 1.02707 0.889523 1.04191 
1031 0.0964211	0.832192 0.97945 1.0417 0.989414 0.883383 1.19193 1.06529 0.95995 1.20956 0.991638 
1032 0.0665263	0.637121 0.740216 0.8184 0.782537 0.761063 0.989755 1.03643 1.19616 1.15569 0.996807 
1033 0.0714386	1.3197 1.29355 1.07786 1.28783 1.23624 1.01864 0.992973 0.955127 0.898756 1.02373 
1034 0.140351	1.09263 1.11775 1.12141 1.12424 1.05401 1.15374 1.03932 1.06817 1.07753 1.06376 
1035 0.138667	0.707792 0.834265 1.03136 0.890655 0.856728 1.09993 1.06192 1.02003 1.22575 1.05729 
1036 0.137684	0.892104 0.843944 0.895134 0.908268 0.901066 0.910268 1.05312 1.08563 1.01799 0.985462 
1037 0.286456	1.03725 1.03586 0.960775 1.0825 1.06823 0.949015 0.967992 1.03894 0.941786 1.03985 
1040 0.0803136	0.828817 0.675058 0.848652 0.86276 0.915754 0.910722 1.02717 1.283 1.03493 1.07542 
1041 0.13647	0.838482 0.988873 1.06573 0.967625 0.945551 1.15959 1.01116 1.0762 1.13943 0.989493 
1042 0.115491	0.807438 0.756099 0.808151 0.720447 0.836103 0.957559 1.00478 1.01791 1.01496 0.941679 
1043 0.161475	1.04151 0.889972 0.948489 0.959557 0.908498 0.989082 1.04988 0.924404 1.03702 0.975525 
1044 0.111252	1.04974 0.983261 0.899466 1.03002 1.08844 0.791906 0.956327 0.975829 0.851541 0.976558 
1045 0.118881	1.25563 1.10662 0.937226 1.08124 1.18499 0.954333 0.93828 0.962574 0.883175 1.05651 
1046 0.153422	1.05419 1.18503 1.15176 1.17081 1.07542 1.14708 1.07096 0.988446 1.15153 1.01693 
1047 0.122695	1.1847 1.11463 1.00745 1.00532 1.07147 0.969785 0.943902 0.957715 0.885602 1.00582 
1050 0.136536	1.0019 1.04949 1.03602 0.991033 0.967538 1.07688 0.981831 0.89808 0.959887 0.946989 
1051 0.189844	0.82328 0.822363 0.88614 0.861135 0.897779 0.989422 0.999954 1.0888 1.02054 0.958288 
1052 0.161188	1.2404 0.977985 0.945969 1.04259 1.06227 0.888128 0.964264 1.09273 0.955919 1.05861 
1053 0.0648968	1.21397 1.16381 0.9807 1.12085 1.08583 0.927948 0.927758 0.959732 0.777008 1.00658 
1054 0.121155	1.34365 1.20101 1.04092 1.19341 1.18838 1.05084 0.982146 1.01174 0.940424 1.01794 
1055 0.0737463	0.719242 0.748403 0.919478 0.763773 0.775041 0.978512 0.988852 0.9993 1.11487 0.939757 
1056 0.14665	0.876118 0.92576 1.03235 0.96474 0.888372 1.02495 1.00026 1.07701 1.09934 0.971132 
1057 0.105984	1.10401 1.01302 1.12057 1.07592 1.05143 1.08548 0.998116 1.12568 1.06025 1.04904 
1060 0.127307	1.24001 1.18745 1.05917 1.20036 1.2065 1.16106 0.997251 0.978344 1.05437 1.02533 
1061 0.0813352	0.902996 0.999236 1.1471 1.14414 1.00543 1.29536 1.02789 1.09645 1.21482 1.0956 
1062 0.102898	0.812079 1.07842 0.987568 0.985883 0.877173 1.0982 0.990897 0.933713 1.03113 0.917345 
1063 0.197171	0.751783 0.791235 0.933651 0.85456 0.826376 0.997052 1.07475 1.08431 1.04865 0.993178 
1064 0.240728	1.09301 0.982714 0.956501 1.01438 1.06005 0.911892 0.948681 1.00919 0.879952 1.02114 
1065 0.0834052	1.22371 1.12244 1.12644 1.09324 1.03747 0.982519 0.981846 0.956808 1.01142 0.985156 
1066 0.0703812	0.827929 0.927603 1.02995 0.98129 0.904789 1.00395 1.0086 0.972106 1.03874 0.989283 
1067 0.0967742	0.814054 0.87916 1.02844 0.971826 0.908846 1.15776 1.09789 1.13187 1.23952 1.07489 
1070 0.075186	1.16839 1.01472 1.01083 1.1026 1.0817 0.882814 1.04608 1.16546 1.06354 1.05365 
1071 0.174814	1.4421 1.23865 1.04381 1.20333 1.17076 0.988836 0.971453 0.99351 0.934184 0.979438 
1072 0.149044	1.0471 0.966548 0.892756 0.925527 0.954193 0.925071 0.961743 1.11445 0.936044 0.916419 
1073 0.101488	0.851543 0.899135 1.07038 0.989311 0.866849 0.957612 1.07245 1.28367 1.22483 1.03318 
1074 0.0626993	1.25487 1.21515 0.967919 1.10248 1.02353 0.869084 0.949511 0.891017 0.861189 0.95074 
1075 0.23406	1.08272 1.06298 1.01238 1.00701 0.988735 0.921243 0.997365 1.0597 1.04892 0.93944 
1076 0.0932519	0.812011 0.764896 0.931277 0.800596 0.821234 0.876298 1.02443 1.17683 1.16997 0.94755 
1077 0.109458	0.819725 0.906682 0.969971 0.895074 0.818574 0.937809 1.02214 1.03704 1.0985 0.906397 
1100 0.130435	0.772532 0.915683 0.900486 0.891628 0.889325 0.831671 1.00599 0.942057 0.990087 0.997373 
1101 0.189687	1.23475 1.13779 1.01722 1.09219 1.17014 0.797931 0.957099 0.880654 0.938662 0.985009 
1102 0.116481	1.09695 1.20941 1.1135 1.23614 1.13314 0.979088 0.988876 0.905565 0.937118 1.08856 
1103 0.160162	1.04295 1.07916 0.929577 0.983615 1.01667 0.892943 0.982938 0.912262 0.944743 1.01262 
1104 0.112437	0.949263 1.08091 1.07087 1.03713 0.955644 0.934669 0.981116 0.849246 1.02302 0.93733 
1105 0.141355	0.858064 0.862808 1.00529 0.916124 0.932418 1.07024 1.03028 1.15586 1.10908 1.06099 
1106 0.0697674	0.674628 0.816492 0.980159 0.823975 0.803614 0.883175 1.01257 1.04015 1.11848 0.994939 
1107 0.0796764	1.0123 0.942947 0.988445 0.983122 0.995546 0.846923 0.999649 0.988088 0.955592 1.04471 
1110 0.102286	1.04572 1.0577 1.08858 1.12434 1.03859 0.913498 0.943668 0.975216 0.947806 0.962669 
1111 0.0770156	0.996284 0.992668 0.971287 0.9965 1.10157 0.952142 0.937323 1.08192 0.938181 1.04571 
1112 0.208985	0.825297 0.958856 1.04907 0.989427 0.977738 0.946712 0.995215 1.1183 1.08365 1.0094 
1113 0.153229	0.886442 0.83958 0.944461 0.93324 0.941131 0.871403 0.9932 1.07693 1.0341 1.05051 
1114 0.161252	1.10574 1.16607 1.06947 1.16472 1.13195 1.0317 0.990106 0.970934 1.06384 1.00899 
1115 0.0545527	1.3732 1.28654 1.03659 1.09425 1.22049 0.868023 0.908653 0.866313 0.871847 0.859897 
1116 0.123947	0.698879 0.849315 0.914471 0.877796 0.837153 0.996478 1.01194 0.997381 1.12862 0.916481 
1117 0.118732	0.80218 1.01918 1.01115 0.924413 0.901651 0.915899 0.956006 0.93908 1.01212 0.860231 
1120 0.111402	1.30379 1.26043 1.00345 1.14446 1.20397 1.10572 1.00748 0.969483 0.910441 1.03889 
1121 0.119703	1.04261 0.928872 0.906873 1.02248 1.05552 0.980582 1.00036 0.981563 1.02159 1.06408 
1122 0.159021	1.16564 1.10269 1.10889 1.03781 1.0092 1.101 0.982691 0.865721 1.07786 0.970848 
1123 0.0607252	1.3612 1.20569 1.12767 1.23353 1.24575 1.03691 0.998094 0.787986 0.910814 1.08957 
1124 0.103976	0.822905 0.774035 0.842984 0.814071 0.849893 1.0811 1.02898 1.03267 1.08892 1.00342 
1125 0.222805	0.877708 0.895816 0.987902 0.91577 0.967074 0.972878 0.994434 0.954813 1.02996 1.04087 
1126 0.137178	1.04264 1.04544 0.973644 1.03976 1.01923 0.999971 1.00753 0.924824 0.933036 1.00358 
1127 0.08519	0.668831 0.854331 1.01998 0.853276 0.824972 1.21943 1.00096 0.901967 1.10939 0.994704 
1130 0.102387	0.904987 0.974474 1.03831 0.968906 0.904736 0.986612 1.00286 0.870055 1.00789 0.945192 
1131 0.239322	0.835905 0.822472 0.914561 0.82463 0.8288 1.1465 1.03336 1.09312 1.06724 1.01367 
1132 0.11809	1.26615 1.10484 0.888961 1.04709 1.13854 0.748322 0.979174 0.976051 0.769003 1.03891 
1133 0.100503	0.989507 1.0158 0.904501 0.879345 0.974303 0.895599 0.939915 0.869916 0.873063 0.989264 
1134 0.171482	1.12256 1.02997 1.00765 1.04736 1.04122 1.04684 0.99977 1.06397 1.01532 1.08512 
1135 0.0822864	1.36977 1.25467 1.03438 1.14585 1.22534 0.918793 0.933784 0.954551 0.833154 0.99832 
1136 0.0747487	0.9349 1.0345 0.994748 1.13212 1.04672 1.01403 0.97094 1.1103 0.961763 1.12929 
1137 0.111181	1.08775 0.841326 0.885413 0.967629 0.969843 0.936472 0.983667 1.06335 0.976819 1.04531 
1140 0.0910617	1.05482 1.10087 1.01026 0.979522 0.994414 1.15237 0.954718 0.753452 0.920809 0.889126 
1141 0.103651	1.09629 0.957486 0.999338 1.14794 1.15705 1.10331 1.05551 0.956686 0.938717 1.0916 
1142 0.201846	0.985273 0.997273 1.0212 1.03312 1.03655 0.94687 0.982882 0.880134 0.970425 0.988114 
1143 0.135543	1.26552 1.24209 1.07727 1.18183 1.14399 0.994429 0.955888 0.810017 0.918907 0.974701 
1144 0.0553924	1.03811 1.00932 0.878791 0.999078 1.1114 1.04573 0.963583 0.927474 0.88191 0.981124 
1145 0.210659	0.75358 0.85931 0.961555 0.934295 0.929238 1.14812 1.04307 1.00892 1.12585 1.04111 
1146 0.147293	0.762179 0.854508 0.924169 0.84205 0.846537 1.07701 0.989461 0.878649 1.08367 0.953835 
1147 0.0545531	0.888041 0.949397 0.793418 0.859129 0.890477 0.925156 0.95004 0.851277 0.871457 0.88002 
1150 0.111752	1.02428 1.06346 1.1736 1.094 1.00623 1.18812 1.06526 0.922313 1.1185 0.993154 
1151 0.0962749	0.687731 0.924575 1.11914 0.937469 0.856187 1.09915 1.14026 0.878094 1.22774 1.03749 
1152 0.0863064	1.38704 1.13243 0.943241 1.11902 1.2207 0.921797 0.98446 0.948894 0.839774 1.08162 
1153 0.195173	1.19538 1.14263 0.992647 1.07151 1.06908 0.947455 0.934994 0.874126 0.860403 0.994815 
1154 0.236884	0.842089 0.938055 0.951389 0.972603 0.96857 1.03308 1.03781 1.0005 1.02404 1.04876 
1155 0.0718783	1.45318 1.52538 1.17459 1.30551 1.22486 1.15954 0.97251 0.870812 0.890979 1.01146 
1156 0.067681	0.653174 0.794169 0.82498 0.819235 0.752916 0.98231 1.07042 0.900542 1.08267 0.976763 
1157 0.13405	0.777572 1.02731 0.918918 0.891142 0.94257 1.03231 1.0438 0.89845 0.964841 1.00479 
1160 0.101371	1.01692 0.872758 0.898594 1.00547 1.0877 1.04607 0.994273 1.18364 0.991834 1.11472 
1161 0.206362	0.821766 0.872601 0.9161 0.917804 0.915843 0.929537 1.01913 1.06832 0.992925 1.07671 
1162 0.19188	1.14338 1.09443 1.10868 1.17623 1.08816 1.13934 1.04218 1.0094 1.06123 1.05747 
1163 0.118697	0.649671 0.722731 0.912593 0.798622 0.792306 1.02328 1.07625 1.03232 1.10331 1.0554 
1164 0.0703388	1.32941 1.25037 1.0576 1.16876 1.14867 0.940463 0.932718 0.929897 0.871746 0.969734 
1165 0.0747349	0.943858 1.03948 0.842198 0.911207 0.940856 1.04007 0.996012 0.918504 0.936172 0.962068 
1166 0.0861133	1.23253 1.1383 0.947688 1.11557 1.14127 0.985869 0.975179 0.907857 0.826414 1.08225 
1167 0.150504	0.896242 0.974336 1.06248 0.977012 0.948282 1.12906 1.03138 0.96788 1.09184 0.981436 
1170 0.0637119	1.50672 1.07702 1.0357 1.19191 1.1813 0.850967 0.860479 0.893901 0.823108 0.968181 
1171 0.175439	1.07155 0.982568 0.992443 1.03904 1.07836 1.06116 0.959283 0.9828 1.07252 0.981941 
1172 0.106187	0.990657 0.843001 0.982899 1.03103 0.996445 1.002 0.957858 1.0781 1.03635 1.02252 
1173 0.142198	0.85983 0.874081 0.874693 0.806102 0.862274 0.91183 0.931609 0.870853 0.967154 0.894086 
1174 0.0858726	1.0152 1.04404 0.89466 0.945454 0.977336 0.934474 0.927798 0.849792 0.944578 0.900562 
1175 0.0784857	1.27216 1.20641 1.2176 1.27266 1.24006 1.22691 0.98211 0.960631 1.03135 1.07341 
1176 0.0637119	1.13203 1.07045 1.23297 1.11161 1.06128 1.15353 0.991307 0.955049 1.15627 0.987804 
1177 0.284395	0.985686 0.856353 1.07882 0.947965 0.940954 1.13668 0.985829 1.06635 1.19406 0.990122 
BOUNDS
LWPS R    0.0  0.0  0.0  0.0  0.0  0.0  0.0  0.0  0.0  0.0
UWPS R    0.5  0.5  0.5  0.5  0.5  0.5  0.5  0.5  0.5  0.5
LXAS R   -0.5 -0.5 -0.5 -0.5 -0.5 -0.5 -0.5 -0.5 -0.5 -0.5
UXAS R    0.5  0.5  0.5  0.5  0.5  0.5  0.5  0.5  0.5  0.5
END
