NAME moment_estimation_cluster
ASSETS 10
BENCHMARKS 0.1 0.1 0.1 0.1 0.1 0.1 0.1 0.1 0.1 0.1 
COVARIANCES
0 0 0.0352832
1 0 0.0228283
1 1 0.0199929
2 0 0.00729937
2 1 0.00677689
2 2 0.00617246
3 0 0.0188579
3 1 0.0139653
3 2 0.00637104
3 3 0.0130484
4 0 0.019958
4 1 0.0135851
4 2 0.00461594
4 3 0.0117481
4 4 0.0130912
5 0 -0.00072206
5 1 0.00132185
5 2 0.00249301
5 3 0.00157451
5 4 0.000224168
5 5 0.00600107
6 0 -0.00343258
6 1 -0.00252581
6 2 2.52555e-05
6 3 -0.00132411
6 4 -0.00181064
6 5 0.00127849
6 6 0.00102021
7 0 -0.00482373
7 1 -0.00650715
7 2 -0.00165834
7 3 -0.00228559
7 4 -0.00178423
7 5 0.00114399
7 6 0.00132568
7 7 0.00582925
8 0 -0.010818
8 1 -0.00695601
8 2 0.000700229
8 3 -0.00442946
8 4 -0.00598699
8 5 0.00422208
8 6 0.00238163
8 7 0.00312843
8 8 0.00822457
9 0 0.00122403
9 1 -0.000334311
9 2 0.000480873
9 3 0.00163153
9 4 0.0016687
9 5 0.000856757
9 6 0.000623733
9 7 0.00213007
9 8 0.000203377
9 9 0.00234848
SCENARIOS
0 0.45554	1.17142 1.11751 1.04383 1.10302 1.09613 1.0401 1.01301 0.989119 0.976474 1.01666 
1 0.54446	0.871093 0.914206 0.959347 0.910204 0.925094 1.00436 1.023 1.00317 1.04026 0.989852 
00 0.213593	1.3467 1.23206 1.11675 1.19745 1.19083 0.985554 0.941351 1.03056 0.924283 1.00639 
01 0.786407	0.915021 0.934375 0.962156 0.943472 0.940107 0.953747 0.999248 1.02343 1.02013 0.981641 
10 0.647522	1.09349 1.07442 1.04177 1.09021 1.07923 0.996888 0.964541 0.989436 0.966021 1.01346 
11 0.352478	0.805931 0.84477 0.932126 0.862866 0.867114 1.01161 1.00125 1.04786 1.09142 0.971664 
000 0.104728	0.796203 0.92472 1.0086 1.00729 0.893505 1.09447 1.07882 0.986684 1.15632 1.07415 
001 0.161871	0.706518 0.826741 0.893021 0.809263 0.812485 0.975733 1.03415 0.926329 1.03763 0.966321 
002 0.0915725	0.93522 0.831932 0.939471 0.901724 0.934016 1.07278 1.0308 1.03174 1.04612 1.02191 
003 0.0601233	0.92298 1.10684 1.04636 0.965382 0.911076 1.06967 1.02716 0.817021 1.10563 0.853923 
004 0.131141	1.06032 1.07562 1.072 1.05542 1.04538 0.978542 0.964399 0.812657 0.980989 0.976574 
005 0.136999	1.05681 1.01453 0.907239 1.03946 1.12535 1.1052 1.01526 0.976978 1.0189 1.03461 
006 0.169887	1.24618 1.21007 1.09446 1.20511 1.17043 1.08873 1.01776 0.87749 0.982752 1.08428 
007 0.143679	0.918517 0.948561 0.903534 0.90712 0.988493 0.985991 1.01961 1.04467 0.978745 1.00317 
010 0.152719	1.0949 1.16675 1.14752 1.12441 1.06251 1.06513 0.985425 0.951298 1.04385 0.978983 
011 0.109536	0.952586 1.03915 0.971306 0.907721 0.931033 0.926777 0.960241 0.911784 0.988688 0.909814 
012 0.0544049	0.86466 0.964969 1.08463 0.926273 0.917758 1.07834 1.00627 1.01336 1.12555 0.926764 
013 0.103981	1.05292 0.985088 1.04196 1.03344 1.0258 1.05937 1.02227 1.07221 1.028 1.10104 
014 0.120422	1.51453 1.31119 1.09798 1.20172 1.28117 1.03258 0.906021 0.962688 0.87223 1.04328 
015 0.160339	0.870205 0.862319 0.865595 0.88634 0.959555 0.968955 0.984241 1.02466 0.953238 1.03975 
016 0.194339	0.713785 0.810853 1.00793 0.876086 0.850167 1.09624 1.02611 1.10647 1.19865 1.00737 
017 0.10426	1.26301 1.06699 1.00275 1.0869 1.17988 1.06284 0.957009 1.08376 0.929673 1.03207 
100 0.130932	0.769497 0.837296 0.868026 0.780305 0.80213 0.874162 1.0099 1.02198 1.01816 0.953149 
101 0.205106	1.43068 1.25301 1.02969 1.13885 1.21196 0.877732 0.975873 0.957456 0.86619 1.04099 
102 0.0825131	1.15765 1.00062 1.08431 1.01639 1.03143 1.05524 1.02184 1.04146 1.08021 0.997256 
103 0.101064	0.80263 0.89678 1.07748 0.931532 0.845208 1.08481 1.07366 1.10869 1.26618 1.01954 
104 0.111842	0.884388 0.807925 0.876703 0.869094 0.93325 1.03499 1.04734 1.11218 1.07458 1.06407 
105 0.061353	1.15575 0.991617 0.975404 1.04499 0.998661 0.952875 0.978338 1.03873 0.959952 0.972851 
106 0.141795	1.12022 1.19042 1.10059 1.11377 1.04638 1.09758 1.01932 1.02539 1.07215 1.00365 
107 0.165395	1.00733 0.993524 0.960095 0.931621 0.946333 0.962548 1.01126 0.90267 0.994234 0.947236 
110 0.138138	0.722066 0.865407 0.927343 0.825074 0.781025 1.01164 1.0216 0.99263 1.0654 0.961971 
111 0.0554427	1.20906 1.20683 1.03801 1.18917 1.12195 0.90207 0.990135 0.933795 0.936045 1.03562 
112 0.0852483	1.04184 1.14715 1.12394 1.1124 1.00339 1.05924 1.00424 1.0193 1.10372 1.00326 
113 0.140326	0.840315 0.946545 1.0756 1.00592 0.910473 1.06327 1.07264 1.07686 1.18583 1.0391 
114 0.233182	0.920493 0.881201 0.939868 0.911779 0.915165 0.902895 1.00813 1.06691 0.9651 1.02082 
115 0.120473	1.17979 1.05485 0.939459 1.06138 1.06898 0.810028 0.973797 0.998903 0.858822 1.03876 
116 0.117607	1.52174 1.29319 1.14635 1.26307 1.23068 0.967475 0.969868 0.910083 0.913932 1.01515 
117 0.109583	1.136 1.17891 1.11908 1.07759 1.02737 0.971808 0.995477 0.851861 0.946847 0.953353 
0000 0.292444	1.26902 1.14058 1.0372 1.11321 1.14698 0.828402 0.97319 0.922166 0.967322 0.908091 
0001 0.0893032	0.968509 0.857002 0.971198 0.886161 0.898067 1.17693 1.04426 1.12037 1.1725 1.01547 
0002 0.128557	1.09468 0.934688 1.00712 0.982118 1.00206 0.924393 0.989062 1.02582 0.932045 0.973624 
0003 0.149166	1.09633 0.995193 1.15201 1.02877 1.06764 1.06704 1.02245 1.01326 1.08612 0.969857 
0004 0.0893032	0.975672 1.05966 0.952725 0.943849 0.921796 0.938389 0.919398 0.946372 0.959045 0.860315 
0005 0.0647694	0.80306 0.909982 0.888784 0.826393 0.848563 0.970736 0.947393 0.889662 0.945876 0.838434 
0006 0.113837	0.721696 0.82856 0.964411 0.831464 0.837839 1.13943 0.99101 1.02631 1.10689 0.993573 
0007 0.0726202	1.04352 0.873628 1.00146 1.00192 0.957526 0.933089 0.989619 1.0336 0.964893 0.964074 
0010 0.104127	1.00354 1.07551 1.07648 0.964724 0.942388 1.01984 1.02377 0.873744 1.16074 0.865576 
0011 0.137143	0.723163 0.808177 1.02405 0.913869 0.881789 1.05446 1.10952 1.09512 1.1941 1.04822 
0012 0.156825	1.22406 1.24831 1.13378 1.22927 1.15925 1.04317 1.00686 0.948982 1.12411 0.969647 
0013 0.146667	0.918864 0.914558 1.01415 1.04615 1.00927 1.0842 1.01092 1.15898 1.1278 1.00655 
0014 0.087619	0.680481 0.771562 0.941023 0.806348 0.824704 0.895811 1.01422 1.0178 1.12807 0.904627 
0015 0.128254	0.97927 0.863639 0.913652 0.929031 0.972333 1.02099 0.966643 1.0494 1.03152 1.00882 
0016 0.182222	1.26979 1.13455 0.943487 1.06667 1.13436 0.976763 0.971207 0.96337 0.93727 0.997459 
0017 0.0571429	1.09368 1.10958 1.08768 1.06519 1.10181 1.12322 1.04724 1.12139 1.11006 1.04894 
0020 0.124579	0.942953 0.963624 0.845831 0.985427 0.992769 0.771429 0.968357 0.886503 0.905724 0.939176 
0021 0.163861	1.00809 1.15581 1.08903 1.1273 1.07676 1.00703 0.995425 0.982675 1.03422 1.02429 
0022 0.0976431	0.875322 0.847198 0.873364 0.873641 0.927756 0.939908 1.01896 1.08644 1.09143 1.00075 
0023 0.117845	1.36962 1.23984 0.959473 1.11133 1.21161 0.830793 0.968007 0.926634 0.862419 0.994922 
0024 0.0538721	0.664888 0.732549 0.91444 0.829569 0.780975 0.87426 1.08645 1.0418 1.15406 1.0032 
0025 0.193042	0.746238 0.947573 1.03273 0.926088 0.866222 0.921327 1.0437 0.99119 1.16862 1.00165 
0026 0.10101	0.983303 1.10152 1.03732 1.01339 0.951821 0.762865 1.01618 0.830566 0.996578 0.876306 
0027 0.148148	0.91764 1.03447 1.05275 0.994857 1.01393 0.806361 0.982679 0.954096 0.994366 1.00364 
0030 0.222222	0.969424 1.02931 1.01555 1.05227 1.0995 1.03624 0.995203 0.984729 0.934581 1.0913 
0031 0.165812	1.11033 1.04157 0.987801 0.999391 1.05366 0.822117 0.904819 0.928418 0.836763 1.058 
0032 0.179487	0.912253 0.883071 1.09027 0.969637 0.962799 1.13772 1.03142 1.12994 1.13792 1.07104 
0033 0.0871795	1.01682 1.08869 1.11276 1.11307 1.09268 1.04124 0.992064 1.02213 1.01513 1.1378 
0034 0.0957265	0.76391 0.754004 0.983805 0.87249 0.867264 0.897608 0.972026 0.981352 1.01353 1.07914 
0035 0.0512821	1.39357 1.16435 0.926614 1.14885 1.17759 0.751861 0.88834 0.981774 0.673474 1.04566 
0036 0.0735043	1.12232 0.876239 0.844359 0.935993 0.945501 0.95787 0.979896 0.937361 0.847222 1.07041 
0037 0.124786	0.703525 0.85081 0.827623 0.854775 0.915065 0.986142 0.971851 1.11134 1.00276 1.09321 
0040 0.132445	1.0248 1.04556 0.860608 0.921874 0.989895 0.941554 1.02188 0.974817 0.890657 1.01337 
0041 0.110502	0.83297 0.955415 1.02368 0.95175 0.839553 1.12825 1.08957 1.09709 1.1634 0.987043 
0042 0.100313	0.945195 0.989799 1.08352 1.00673 1.0046 1.12283 1.08718 1.12406 1.09487 1.06732 
0043 0.139498	1.41456 1.32667 1.05838 1.16271 1.17271 1.03361 1.00735 0.980272 0.979442 0.945125 
0044 0.137147	1.24757 1.01109 1.002 1.08055 1.09797 1.04146 1.06199 1.12584 0.960222 1.07957 
0045 0.17163	1.0028 1.07334 0.959978 1.03718 0.962936 1.06817 1.05033 1.05692 1.04672 0.964829 
0046 0.107367	0.774543 0.715452 0.883838 0.788275 0.8086 0.907804 1.11436 1.14204 1.17724 0.978575 
0047 0.101097	0.895628 0.861887 0.893884 0.947516 0.91932 0.910449 1.03385 1.10287 0.940999 1.02726 
0050 0.0690173	1.01163 1.02429 1.13145 1.13656 1.07558 1.06014 1.05765 1.05262 1.06907 1.07155 
0051 0.287322	0.815734 0.915207 0.98444 0.914705 0.894657 0.976579 0.995327 0.958788 1.02462 1.03753 
0052 0.108027	1.34185 1.12187 1.01533 1.09857 1.24248 0.879524 1.01184 1.09947 0.937569 1.03279 
0053 0.132033	1.37086 1.22631 1.11678 1.16161 1.06283 0.742052 0.911541 0.926374 0.845854 0.96533 
0054 0.0990248	1.22564 1.03115 0.940201 0.991242 1.04505 0.727461 0.924683 0.900424 0.709161 0.938947 
0055 0.151538	1.03261 0.914705 1.04321 0.970892 0.961391 0.885651 1.02496 1.02502 1.028 0.992846 
0056 0.0802701	1.22412 1.13632 1.08852 0.998295 1.0519 0.867346 0.995702 0.919846 0.960826 0.97475 
0057 0.0727682	0.776113 0.744957 0.991869 0.839945 0.772338 0.971234 1.00806 1.00846 0.987889 1.03189 
0060 0.163339	1.02499 1.03503 1.02431 1.07687 1.09226 0.88634 1.00497 0.997047 0.921156 1.03175 
0061 0.0520266	0.690446 0.727308 0.916536 0.792906 0.782822 0.927703 0.98984 1.07806 1.07737 0.942274 
0062 0.192982	1.07087 0.876092 0.876868 0.908568 0.942768 0.821497 0.951368 1.14437 0.922754 0.982989 
0063 0.15003	1.50673 1.27657 1.01689 1.1794 1.27223 1.02897 0.936204 1.06575 0.866149 0.974588 
0064 0.0411373	1.07084 1.16323 0.89635 0.983952 0.947191 0.924567 0.953746 0.840103 0.879371 0.862552 
0065 0.140351	0.720067 0.885364 0.95061 0.90941 0.843203 0.982 1.00873 1.01015 1.13995 0.905016 
0066 0.0889292	1.17891 1.10977 1.1382 1.12605 1.02337 0.922214 1.02578 1.08646 1.06362 1.01462 
0067 0.171204	1.00489 1.02193 1.08376 1.01115 0.962231 1.15636 0.983186 1.03973 1.08989 0.852762 
0070 0.135908	0.923193 1.09233 0.884461 0.97397 1.01836 0.832199 0.964493 0.779849 0.876099 0.942657 
0071 0.136624	1.20859 0.957319 1.00125 1.06938 1.08264 0.919182 1.02213 0.965247 1.04161 1.09398 
0072 0.0572246	1.44012 1.40274 1.04521 1.21648 1.21972 0.958942 0.915295 0.831814 0.866662 1.04727 
0073 0.0643777	0.94687 1.11469 1.07787 1.051 1.0374 1.14277 0.966023 0.952798 1.09198 1.03364 
0074 0.253934	0.760948 0.846102 1.02988 0.937163 0.880267 1.03195 1.02729 0.947885 1.15304 1.04627 
0075 0.140916	1.23343 1.19597 1.0105 1.13822 1.13373 0.999105 0.916529 0.806979 0.912007 1.03857 
0076 0.103004	0.899857 0.821955 0.87027 0.881063 0.88174 0.900831 0.992939 0.914165 0.956633 0.990384 
0077 0.108011	1.01222 0.933008 1.02982 0.917978 0.94724 0.934769 0.998884 0.810929 1.00353 0.963947 
0100 0.127033	0.870986 0.898838 0.981992 0.983138 0.905921 0.920983 0.996623 0.898928 0.976751 0.962359 
0101 0.0873698	0.8833 0.985093 0.965289 0.920435 0.911662 0.930175 0.956002 0.898005 0.914456 1.02613 
0102 0.114604	1.36461 1.18001 1.09501 1.26522 1.19015 1.03256 0.972216 1.02303 1.02507 1.08492 
0103 0.0594041	0.771399 0.977441 0.998119 0.879384 0.887421 1.20552 1.00979 0.951229 1.0568 1.01912 
0104 0.160483	1.10888 0.948413 0.90307 0.927696 1.00005 0.850999 0.976226 0.931526 0.908276 0.980105 
0105 0.0881009	0.814151 0.743651 0.851529 0.79709 0.812363 1.00015 1.00493 1.07748 0.977517 0.992511 
0106 0.125206	0.808625 0.835374 1.07444 0.967625 0.911911 1.08426 1.05691 1.10957 1.13619 1.02187 
0107 0.237799	1.24262 1.14589 1.07316 1.09894 1.08364 1.00702 0.973 0.971696 0.959722 0.980176 
0110 0.267584	1.07494 1.03702 1.08818 1.08466 1.06763 1.08539 1.01033 1.0099 0.97396 1.02703 
0111 0.0769623	1.48038 1.28676 1.08193 1.27073 1.27 0.994697 0.946685 0.871143 0.81943 0.998145 
0112 0.0889399	1.15678 1.07473 0.970305 0.985963 1.13536 0.983374 0.954392 0.872668 0.85725 0.959313 
0113 0.09684	1.01845 1.13224 0.983963 1.07582 1.02512 0.951754 0.956599 0.85965 0.833321 0.990288 
0114 0.123853	0.74633 0.714225 0.888662 0.807897 0.852178 1.05268 1.00526 1.06901 1.01089 1.05068 
0115 0.160805	0.786504 0.923957 0.983945 0.927932 0.859506 0.970261 0.996194 0.954268 1.03324 0.975872 
0116 0.117482	0.728933 0.838396 0.936211 0.846086 0.898076 1.03842 0.996923 0.95702 1.01 1.04715 
0117 0.0675331	1.01899 0.98342 0.961885 0.921492 0.960908 0.955999 0.979048 0.965113 0.933557 0.957841 
0120 0.193946	1.28639 1.27993 1.08808 1.21495 1.09044 1.1502 1.013 0.859963 0.976972 1.05662 
0121 0.0513084	1.18161 0.95385 0.964387 1.05713 1.12148 0.931175 0.98699 1.16036 0.990442 1.07817 
0122 0.207799	0.993854 0.953597 0.920457 0.929678 0.949199 1.04101 1.00341 0.974098 1.06117 0.978345 
0123 0.0502822	1.16152 0.955833 0.95955 1.03512 1.03079 0.898398 1.00773 0.973568 0.967671 1.06488 
0124 0.0682401	1.0526 1.1097 1.16827 1.0977 1.00663 1.07247 1.00564 0.889874 1.11207 0.975747 
0125 0.0661878	0.830321 0.83937 0.982157 0.949597 0.969279 1.10633 1.04488 1.05858 1.22157 1.04388 
0126 0.113905	1.35604 1.13984 1.06544 1.11149 1.15337 1.01954 0.960408 0.981973 1.00652 1.00112 
0127 0.248332	0.757917 0.874799 0.910032 0.847255 0.854242 1.06017 1.01371 1.01566 1.12647 0.973866 
0130 0.142282	1.03233 1.07001 1.13851 1.11606 1.03198 1.06693 0.968705 0.94571 1.10116 0.925758 
0131 0.155973	0.708026 0.760068 0.980129 0.898785 0.90731 1.1166 0.99307 1.10119 1.16624 0.987236 
0132 0.0910067	0.792772 0.87152 1.09089 1.02372 0.9922 0.952406 1.02177 1.14636 1.11201 1.02191 
0133 0.0440268	0.892503 0.789192 0.863273 0.86963 1.02503 0.93324 1.03953 1.2236 1.06327 1.04168 
0134 0.0440268	1.02505 1.11031 1.12971 1.0389 1.10878 1.15459 1.02152 0.959649 1.12854 0.936744 
0135 0.188993	0.864289 1.05541 0.957281 0.983956 0.968507 0.990033 1.00351 0.915431 1.0191 0.958714 
0136 0.211812	1.11012 1.15431 1.04943 1.13011 1.13955 1.03688 0.908989 1.02619 0.937049 0.954457 
0137 0.121879	0.843386 0.873581 0.896021 0.852503 0.846976 0.824423 0.988362 0.927167 1.0018 0.930327 
0140 0.183357	0.763766 0.763169 0.874216 0.82995 0.853651 0.779251 1.08853 1.05324 1.0663 0.98864 
0141 0.0544738	1.40075 1.20355 1.12783 1.36206 1.28428 0.888602 1.02379 0.997128 0.914355 1.01953 
0142 0.0727863	0.873276 1.02558 1.10514 1.02178 0.950635 1.16803 1.06485 0.937194 1.23191 0.936786 
0143 0.187297	1.06218 1.01275 0.97006 1.01913 1.04251 1.0387 0.995704 0.901374 0.949774 0.947771 
0144 0.220213	0.855922 0.917939 0.894158 0.945835 0.937591 0.907368 1.02833 0.938524 0.92938 0.957513 
0145 0.107557	1.11943 1.19698 1.11098 1.1753 1.08036 1.03195 1.06748 0.878195 1.00267 1.0674 
0146 0.103153	0.940845 1.00669 1.05508 1.09652 0.99117 0.975619 1.10274 1.02296 1.13444 1.03776 
0147 0.0711637	1.24142 1.13218 1.00796 1.13365 1.22208 1.00195 1.05184 0.878934 0.868816 1.00979 
0150 0.0821727	1.33629 1.31364 1.14152 1.19607 1.14313 0.97507 0.966016 0.893375 0.935994 0.941363 
0151 0.182103	1.02083 1.08033 1.0457 1.07479 1.05368 1.00781 0.978225 1.12936 0.991342 1.02639 
0152 0.202124	0.769582 0.756246 0.902423 0.838289 0.824356 0.930199 1.04441 1.1127 1.06374 0.94225 
0153 0.21727	0.947832 1.00646 1.07556 1.0037 0.936417 0.998616 1.0344 0.957085 1.08414 0.932979 
0154 0.0490947	1.11343 0.972849 1.00863 0.943455 1.02912 1.0779 1.02612 1.10725 1.08131 1.02498 
0155 0.114206	1.1005 0.960335 0.902996 0.990658 1.01203 1.00624 0.981647 1.03208 0.901764 0.988497 
0156 0.0844359	1.44545 1.17628 1.07708 1.17565 1.24019 0.778094 0.918796 0.975127 0.850678 0.993335 
0157 0.0685933	1.37618 1.16367 1.20398 1.19343 1.10094 1.10938 0.978628 0.986264 0.963628 0.983434 
0160 0.154697	1.13876 1.02811 0.940781 1.02366 1.10218 0.917199 0.961135 0.95314 0.854765 1.0608 
0161 0.224361	1.29645 1.22205 1.21048 1.2133 1.14289 1.13925 1.06752 0.922427 1.04007 1.06163 
0162 0.121517	0.780854 0.832699 0.856198 0.814189 0.852478 0.952912 1.0388 1.06104 1.03056 0.976659 
0163 0.149382	0.792731 0.830987 0.989348 0.875427 0.856469 0.991211 1.06425 1.08389 1.14246 0.994308 
0164 0.0550129	0.837469 0.885687 0.826861 0.842311 0.841123 0.95405 0.979643 0.939375 0.83913 0.923064 
0165 0.127406	1.14216 1.07909 1.07719 1.05259 0.973097 0.913985 0.98315 0.881208 0.926784 0.94251 
0166 0.0637748	1.0145 0.993113 1.00211 0.934218 0.885786 0.926044 1.03412 0.862143 0.987734 0.947032 
0167 0.103849	0.990321 1.03965 1.01361 1.04469 1.039 0.995617 1.03839 0.982087 1.07527 1.08868 
0170 0.160107	1.02882 1.04386 1.04832 1.05785 1.05347 1.0037 1.00293 0.968317 1.07615 1.06468 
0171 0.216867	0.769596 0.828127 0.88666 0.84406 0.856922 0.871462 1.0357 0.95349 1.0414 0.983189 
0172 0.144043	0.753056 0.931562 1.01456 0.944929 0.881295 0.981856 1.04559 1.02924 1.0754 1.07225 
0173 0.076573	0.932527 1.03106 1.11232 1.01467 1.00684 1.09118 1.02434 0.96151 1.12807 0.937198 
0174 0.105221	0.907306 1.01868 1.0561 1.05405 0.995114 0.970555 1.03214 1.0942 1.04593 1.05464 
0175 0.154752	1.39467 1.28062 1.10726 1.22113 1.19947 1.00169 0.993008 0.957444 0.894349 1.07787 
0176 0.047925	0.896614 1.05116 0.948015 0.971212 0.92131 0.767714 0.982548 0.851815 0.9162 0.985261 
0177 0.0945114	0.982653 1.10542 0.908231 0.950133 1.01254 0.962107 0.991166 0.939607 0.896893 0.968444 
1000 0.136049	0.976572 1.01874 0.929225 0.940015 1.04884 1.06677 0.963253 0.972482 0.938308 0.938857 
1001 0.0522097	1.1119 1.01796 1.20077 1.08367 0.947208 1.19033 1.05836 0.955706 1.23828 1.01611 
1002 0.248267	0.767777 0.845505 1.00963 0.931218 0.888723 1.11594 1.06459 1.04202 1.14726 0.98938 
1003 0.0803726	0.812298 0.719019 0.844669 0.841966 0.879122 0.896595 1.0675 1.1476 1.0509 1.04245 
1004 0.062175	1.15828 1.09091 0.950443 1.11555 1.14398 1.05368 0.964776 1.05619 0.854164 0.974941 
1005 0.0879549	1.0645 1.18795 1.10142 1.15195 1.10431 1.089 1.00685 0.977682 1.01775 0.975898 
1006 0.10247	1.39628 1.29557 1.03177 1.19495 1.2504 1.12315 0.988298 0.932715 0.891867 1.0387 
1007 0.230503	1.0608 0.879435 1.05158 1.05629 1.03374 1.10801 1.05932 1.09901 1.07054 1.05856 
1010 0.065966	0.940832 0.848841 0.84735 0.890949 0.914505 1.07174 1.02724 1.11745 1.00735 0.987238 
1011 0.0562854	0.856843 0.831699 0.991386 0.927426 0.889801 1.11905 1.13049 1.1329 1.21422 1.04632 
1012 0.142027	1.40283 1.26486 1.12861 1.26827 1.21021 1.22257 0.999855 1.04711 0.988983 1.03454 
1013 0.115475	0.77174 0.753011 0.844194 0.803513 0.806739 1.09232 1.01202 0.964238 1.09505 0.910602 
1014 0.175356	1.18644 1.20507 0.953608 1.05789 1.07083 1.02473 0.947231 0.85591 0.929333 0.883284 
1015 0.140644	0.860012 0.933944 1.00847 0.910994 0.845156 1.07029 1.02272 0.865889 1.06413 0.86917 
1016 0.198728	1.04311 1.00663 1.10484 1.07984 1.01266 1.3127 1.01957 1.09881 1.07108 0.994499 
1017 0.105518	0.92502 0.947341 0.891331 0.986815 1.00236 1.06219 1.02077 1.05054 1.007 1.02452 
1020 0.0842214	0.996957 0.962708 0.881572 0.899966 0.958135 1.0754 1.01842 0.972514 0.954626 0.984948 
1021 0.0605019	1.23542 1.16781 1.07146 1.21027 1.17352 1.09112 1.01089 0.991544 0.961264 1.00882 
1022 0.155724	0.818102 1.07424 0.990229 0.976421 0.906274 0.97879 1.01168 0.844999 0.994409 0.920618 
1023 0.107253	0.866056 0.893589 0.921297 0.959059 0.976741 0.977266 1.02342 1.15083 1.05599 1.07907 
1024 0.271915	0.975567 1.00193 0.950661 1.03249 1.05974 0.938329 1.00685 0.96798 0.997582 1.03851 
1025 0.0842214	0.973954 1.2036 1.14038 1.10208 0.981807 1.19111 1.03019 0.895206 1.05484 0.926702 
1026 0.155724	0.616229 0.872547 0.911747 0.828335 0.851578 0.981527 1.01844 1.05277 1.0871 0.999488 
1027 0.08044	1.32894 1.3516 0.987832 1.1044 1.21632 0.923605 0.934718 0.85254 0.820836 0.982671 
1030 0.0943026	1.05798 0.874561 1.00696 1.04321 1.08911 0.973784 1.02086 1.02502 0.981238 1.05546 
1031 0.166433	0.722015 0.792471 0.904779 0.813704 0.807567 1.01328 1.03209 1.05004 1.11342 0.958204 
1032 0.175133	1.01002 0.93268 1.066 1.05094 0.972028 0.919477 0.99596 0.968005 0.996729 0.983616 
1033 0.0429413	1.34907 1.01525 0.948949 1.05572 1.24249 0.932047 0.94085 0.976411 0.801409 0.950347 
1034 0.165871	0.900172 0.876422 0.975252 0.94057 1.0123 1.01568 1.06832 1.06274 1.05596 1.04408 
1035 0.12293	1.18668 1.16718 1.04402 1.18556 1.23705 1.00241 1.01351 0.991057 0.877876 1.03721 
1036 0.0435027	1.45766 0.972937 1.1231 1.19466 1.23034 1.01632 1.06068 1.13943 1.0134 1.1006 
1037 0.188886	1.04025 1.00392 0.973808 1.00408 0.992194 1.00837 0.973661 0.964445 0.922825 0.975956 
1040 0.119199	1.35725 1.16356 1.04527 1.17425 1.23696 0.858002 0.89634 1.01308 0.834248 0.95448 
1041 0.0740553	0.869924 1.01936 1.13941 1.07497 1.00072 1.01491 0.987595 1.03591 1.03216 0.984035 
1042 0.0971342	0.911337 0.926687 0.931624 1.05519 1.05538 1.05877 1.03686 1.17623 0.922596 1.09146 
1043 0.0951052	1.125 1.11401 1.13142 1.18432 1.12493 1.00408 0.979377 1.00753 0.96831 1.0379 
1044 0.116662	0.729844 0.784028 1.04074 0.956325 0.869257 1.01156 1.0968 1.20903 1.15136 1.07311 
1045 0.181334	0.938589 0.924822 0.905245 0.863686 0.908801 0.861005 0.981434 1.08683 0.916256 0.945512 
1046 0.0750697	0.67936 0.755187 0.955583 0.813452 0.789923 0.977072 1.05222 1.0825 1.10087 1.01195 
1047 0.241441	1.0268 1.04718 0.972655 1.01198 0.98509 0.858875 0.990896 0.984184 0.934034 0.978732 
1050 0.169209	0.680934 0.772926 0.891101 0.817733 0.851961 0.994582 1.08817 1.02013 1.07826 1.00536 
1051 0.100324	1.34093 1.24835 1.07284 1.22942 1.16626 0.96524 0.994009 0.883458 0.874525 1.03627 
1052 0.106334	0.901849 0.87747 0.896701 0.928922 0.98792 0.83203 1.01638 0.989979 0.922085 1.02153 
1053 0.203421	0.909011 1.02973 0.988106 0.962205 0.914338 0.944573 0.989903 0.870939 0.967414 0.955869 
1054 0.0846047	1.13192 1.18393 0.943524 1.01812 1.0825 0.944403 0.981763 0.941169 0.865005 0.993111 
1055 0.0767453	1.19094 1.25713 1.09964 1.15507 1.01028 1.12944 0.983002 0.88612 1.0233 0.99735 
1056 0.128988	0.839864 1.19057 0.979896 0.980849 0.982419 1.02778 1.0171 0.897493 0.999012 0.971129 
1057 0.130374	0.947916 1.07244 1.01661 1.08155 1.05119 1.14057 1.03405 1.0182 0.952527 1.1442 
1060 0.106221	1.29726 1.21605 1.09503 1.26922 1.20202 0.981552 0.964236 0.902236 0.853989 1.05539 
1061 0.05001	1.1921 0.894825 0.999244 1.09214 1.18879 0.91107 0.962881 1.06883 0.908959 1.08592 
1062 0.055211	0.922484 0.85704 1.16273 1.00302 0.913256 1.06684 1.10629 0.992911 1.18749 1.00755 
1063 0.144229	0.87365 0.971214 0.942879 0.876975 0.878767 0.966963 0.979571 0.830707 0.965236 0.937604 
1064 0.187838	0.945279 1.04443 1.05128 0.997509 1.03251 0.919092 0.960861 0.859214 0.929228 0.972559 
1065 0.0726145	1.09587 1.07618 1.11951 1.1331 1.0965 1.15668 1.04551 0.90027 1.03812 1.01679 
1066 0.207842	0.914291 0.824496 1.02145 1.01119 0.999694 1.06088 1.00657 0.987551 0.98412 1.08516 
1067 0.176035	0.665979 0.705584 0.906938 0.830236 0.878169 0.987448 1.04245 1.09639 1.07169 1.03298 
1070 0.173898	0.887942 1.01735 1.05617 0.995002 1.00351 0.989887 1.02292 1.09209 1.02877 1.05057 
1071 0.0797462	1.40951 1.17622 0.980885 1.12966 1.13368 0.941683 0.898611 0.965953 0.773865 0.967867 
1072 0.132739	1.02542 0.997918 0.983408 0.995926 0.921176 1.0604 0.982807 1.03736 1.02913 0.957406 
1073 0.092437	1.1248 1.27355 1.14701 1.18489 1.05642 1.10716 0.983181 1.04484 1.02082 1.0268 
1074 0.0416738	0.695723 0.789132 0.870723 0.799373 0.807156 0.965673 0.984585 1.07779 1.02089 0.98072 
1075 0.1787	0.860046 0.832126 0.96115 0.871341 0.842942 1.05108 1.0408 1.1087 1.09182 1.04093 
1076 0.130338	0.907398 0.941482 0.882817 0.918793 0.973224 1.00002 0.980524 1.07457 0.931544 1.0224 
1077 0.170468	1.08041 1.07701 1.0021 1.05588 1.1336 0.849732 0.972065 1.11084 0.902597 1.0164 
1100 0.0780837	0.885689 0.87178 1.15486 0.948268 0.967876 1.04143 1.08876 1.07445 1.18757 0.982681 
1101 0.17616	1.04034 0.992928 1.10161 1.08799 1.10536 1.09149 0.985878 1.08474 1.05588 1.04406 
1102 0.0912863	0.590992 0.729744 0.979608 0.855736 0.85137 1.05462 1.05137 1.08741 1.24576 1.06978 
1103 0.113919	1.43719 1.27857 1.07508 1.19133 1.20892 0.860541 0.919104 0.826112 0.798046 0.938257 
1104 0.0682761	1.08073 1.07484 1.11524 1.03088 1.03749 1.00374 0.945011 0.892671 0.971307 0.951858 
1105 0.128253	0.82703 0.751094 0.902378 0.790152 0.867094 0.908083 1.0473 1.1372 1.06515 0.959847 
1106 0.114674	1.15307 1.11643 0.911855 1.04662 1.10519 0.833895 0.9304 0.872999 0.775954 0.967423 
1107 0.229347	1.02398 0.892971 0.912105 0.92927 0.986327 0.788568 0.964922 0.923003 0.93257 0.967607 
1110 0.133459	0.774013 0.946996 0.969503 0.932425 0.903336 0.904256 0.9722 0.895686 0.83472 0.941912 
1111 0.0488722	0.805121 0.819705 1.10762 0.977997 0.905777 1.14133 1.04668 1.15128 1.1536 1.02342 
1112 0.0723684	0.717595 0.917139 0.947384 0.791393 0.809494 1.10446 0.985891 0.955084 1.0215 0.906168 
1113 0.212406	1.17761 1.13279 1.03964 1.08442 1.07554 1.18953 0.980442 0.987377 0.871895 1.03214 
1114 0.199248	0.924285 0.876047 0.9747 0.893864 0.955909 1.0314 0.991175 1.05793 1.00522 0.968232 
1115 0.12688	1.27955 1.12485 1.15477 1.13285 1.07984 1.2385 0.943471 0.990208 0.95023 0.939202 
1116 0.115602	1.15121 0.940004 0.937307 0.959874 1.04121 1.01646 0.932633 1.04923 0.874016 0.974036 
1117 0.0911654	0.889884 0.963288 0.978058 0.899416 0.886985 1.29711 1.07493 1.01296 1.11227 0.899131 
1120 0.0886308	0.926308 1.01511 1.07452 1.07119 1.00481 0.941993 1.00998 0.96789 0.924045 1.04009 
1121 0.0898533	1.27949 1.16108 1.13676 1.27147 1.22379 1.18844 1.07186 1.05356 1.06465 1.02397 
1122 0.192543	1.09171 1.06953 1.1206 1.00794 0.966441 1.11174 1.05388 0.960128 1.08014 1.01546 
1123 0.105746	1.10639 1.03952 1.04262 1.10723 1.17349 1.09071 1.04749 0.951065 0.959368 1.06137 
1124 0.152812	0.757211 0.784266 0.92691 0.857574 0.846233 1.00167 1.03188 1.02076 0.954736 1.00714 
1125 0.174817	0.911665 0.869891 0.952562 0.960696 1.01613 0.950391 1.07633 1.03289 0.966936 1.06053 
1126 0.0531785	1.22469 1.04453 1.0865 1.07492 1.12199 1.09475 0.996785 0.925664 0.983077 0.978347 
1127 0.142421	0.718066 0.830084 1.05252 0.875738 0.880476 1.01982 1.03281 0.943948 1.05435 0.972472 
1130 0.207204	1.21032 1.14852 0.989934 1.08443 1.20446 0.920745 0.921844 1.05447 0.877214 1.0047 
1131 0.150019	0.890701 0.748622 0.968064 0.859329 0.820872 1.05412 1.02886 1.06722 1.05426 1.01641 
1132 0.0683253	0.854456 0.910423 1.09985 1.07248 0.920483 1.1315 1.02286 1.0303 1.0577 1.00805 
1133 0.140364	0.995947 0.90797 0.917405 0.905243 0.930229 0.976195 0.958727 0.901564 0.920551 0.939684 
1134 0.0935759	1.21694 1.05697 1.15627 1.12745 1.17947 1.15928 1.00941 1.09128 1.01339 0.991467 
1135 0.178983	1.06537 0.865249 1.02767 0.937995 1.03801 1.04392 1.01754 1.16599 1.03767 1.05452 
1136 0.114742	0.95194 1.00047 1.09885 0.962201 0.917568 0.982941 0.976606 0.907787 1.08486 0.919982 
1137 0.046788	1.21338 1.06399 1.07325 1.05633 1.04833 1.20455 1.05778 1.01763 1.08133 0.975621 
1140 0.162905	0.801738 0.942975 1.0035 1.00891 0.957695 1.02173 1.03149 0.959336 1.0568 1.00902 
1141 0.101676	1.10206 0.998887 1.00394 1.06166 1.10268 1.0403 0.97652 1.04719 0.960594 1.02882 
1142 0.127821	1.22269 1.13869 0.902061 1.08311 1.09539 0.967036 0.989528 0.984129 0.89216 0.991182 
1143 0.152179	0.981288 0.986091 0.968989 0.951153 1.00731 1.042 1.05467 1.02819 1.11374 0.978803 
1144 0.0650279	0.882134 1.02413 1.09146 1.08352 1.01394 1.24231 1.10172 1.06654 1.25842 1.06949 
1145 0.100559	1.47481 1.26009 1.04608 1.24412 1.22572 0.999237 0.966158 0.942523 0.894223 1.0103 
1146 0.179441	0.800623 0.806855 0.84824 0.841339 0.87805 0.927027 0.96129 1.01492 0.991657 0.99643 
1147 0.110391	0.974851 1.14271 1.00973 0.943976 0.973277 1.009 0.964993 0.841315 0.967632 0.904656 
1150 0.0687716	1.14622 1.04164 1.01169 1.07074 1.04248 1.23539 1.05093 1.03328 1.06534 1.04773 
1151 0.105536	0.922785 0.941321 1.0778 0.984407 0.951957 1.2197 1.01566 0.995188 1.06276 1.00338 
1152 0.141869	1.2373 1.1219 1.05559 1.1421 1.23146 1.04319 0.970934 1.05227 0.842111 1.09494 
1153 0.17474	1.08576 1.20662 1.0826 1.04582 1.03745 1.08442 0.927783 0.855908 0.926869 0.906835 
1154 0.108131	0.671154 0.814484 0.927957 0.821021 0.830536 1.19731 0.987032 1.05583 1.01146 0.952725 
1155 0.133651	1.12496 0.963858 1.02544 1.0151 1.04593 1.21434 1.0169 1.11045 1.03599 1.02462 
1156 0.166522	0.980265 0.974121 0.881811 0.910123 0.959277 1.00089 1.02708 0.925149 0.960482 0.982023 
1157 0.100779	0.717018 0.78605 0.971856 0.889274 0.872888 1.07155 0.990252 1.10626 1.12668 0.977341 
1160 0.0700044	0.886204 1.16132 1.13662 1.086 0.928035 1.06079 1.02405 0.891963 1.11701 1.02256 
1161 0.147098	0.64178 0.808681 0.89135 0.777597 0.831715 0.970761 1.02556 1.00682 1.04862 0.933031 
1162 0.223305	1.04073 1.06348 0.941837 0.992096 1.04181 0.970854 0.998028 0.941076 0.876856 0.998502 
1163 0.145326	0.742895 0.877624 0.93999 0.916456 0.947027 0.938869 1.001 1.15228 0.956544 1.06127 
1164 0.0881701	1.0867 1.16941 1.13856 1.13345 1.17636 1.19818 1.03229 1.14273 1.12726 1.05621 
1165 0.151972	1.24737 1.19118 1.02332 1.17418 1.18424 0.90131 0.944615 0.961969 0.804837 1.0445 
1166 0.0575986	0.80878 1.0675 1.13579 0.984766 0.966533 1.09862 0.973937 1.02409 1.11721 0.985365 
1167 0.116526	0.749359 1.00726 1.04813 0.970611 0.873825 1.12411 1.01704 1.08155 1.12988 0.902391 
1170 0.105088	0.926766 0.991287 1.06835 1.02281 0.95471 1.01552 1.04737 1.02249 1.1088 0.99305 
1171 0.220637	1.10526 1.1556 1.02131 1.09363 1.10694 0.906052 0.929298 0.893132 0.832829 0.978876 
1172 0.109368	0.903032 0.883211 0.984835 0.982833 0.983602 1.04846 1.00874 1.15509 1.06705 1.1052 
1173 0.135996	1.20335 1.17719 1.10026 1.20881 1.18246 1.03185 1.00871 1.00346 1.01717 1.00191 
1174 0.16738	0.920118 0.924507 0.958313 0.907235 0.983986 0.938912 0.983634 0.958895 0.942656 0.967428 
1175 0.0741797	0.810646 0.760999 0.870533 0.810488 0.8437 0.90522 0.991093 1.05191 0.98769 0.992656 
1176 0.065145	1.00086 0.901003 0.877665 0.970165 0.982092 0.887439 1.00712 1.16321 0.997609 1.05029 
1177 0.122206	0.778925 0.920979 0.920261 0.869266 0.831562 0.985234 0.968613 0.9929 1.02884 0.898874 
BOUNDS
LWPS R    0.0  0.0  0.0  0.0  0.0  0.0  0.0  0.0  0.0  0.0
UWPS R    0.5  0.5  0.5  0.5  0.5  0.5  0.5  0.5  0.5  0.5
LXAS R   -0.5 -0.5 -0.5 -0.5 -0.5 -0.5 -0.5 -0.5 -0.5 -0.5
UXAS R    0.5  0.5  0.5  0.5  0.5  0.5  0.5  0.5  0.5  0.5
END
