NAME moment_estimations_cluster
ASSETS 10
BENCHMARKS 0.1 0.1 0.1 0.1 0.1 0.1 0.1 0.1 0.1 0.1 
COVARIANCES
0 0 0.0991226
1 0 0.0418358
1 1 0.0219447
2 0 0.0207694
2 1 0.00977512
2 2 0.00806496
3 0 0.0150662
3 1 0.00798082
3 2 0.0029743
3 3 0.00818972
4 0 0.0150638
4 1 0.0082005
4 2 0.00396127
4 3 0.00512832
4 4 0.010774
5 0 0.0155113
5 1 0.00659208
5 2 0.00741758
5 3 0.00415148
5 4 0.00546709
5 5 0.0125186
6 0 0.0431608
6 1 0.0203868
6 2 0.012389
6 3 0.00907785
6 4 0.0114702
6 5 0.0115886
6 6 0.0268448
7 0 0.00399944
7 1 -0.00028925
7 2 -0.000261934
7 3 0.00584884
7 4 -0.00592643
7 5 0.0019699
7 6 -0.0011243
7 7 0.0270301
8 0 0.0375976
8 1 0.0189786
8 2 0.012711
8 3 0.0057809
8 4 0.0149001
8 5 0.0108312
8 6 0.0253897
8 7 -0.0136593
8 8 0.0339089
9 0 0.00855239
9 1 0.00231654
9 2 0.00349963
9 3 0.00317813
9 4 0.0071452
9 5 0.00538248
9 6 0.00918781
9 7 -0.00194715
9 8 0.0115771
9 9 0.0139024
SCENARIOS
0 0.65149	1.19606 1.11918 1.04029 0.995551 1.05278 1.07623 1.09823 0.991988 1.09531 1.04958 
1 0.34851	0.761781 0.854514 0.918624 0.987091 0.915493 0.923434 0.842581 1.07587 0.842816 0.955447 
00 0.458334	1.42216 1.04658 1.09218 1.05591 1.10419 1.02341 1.22634 0.96397 1.22397 1.10388 
01 0.541666	0.813131 0.914084 0.921171 1.03785 0.931092 0.893248 0.849513 1.00663 0.868375 0.913407 
10 0.425928	0.768255 0.88505 0.950621 0.961009 0.926195 0.958345 0.903832 0.936522 0.86747 1.01974 
11 0.574072	1.37894 1.13469 1.0788 1.0007 1.05701 1.05769 1.15287 0.960316 1.17158 1.08142 
000 0.0513731	0.811063 1.02845 1.15852 0.979715 1.02849 1.2746 1.05894 0.786093 1.28732 1.09668 
001 0.0959812	1.21095 1.08912 1.11994 1.0995 1.10925 1.13736 1.2159 0.927796 1.28162 1.22122 
002 0.109846	0.958699 1.06729 0.991946 1.04093 1.04543 1.01332 0.975257 0.84912 1.06213 0.967666 
003 0.15998	0.685426 0.899665 0.99467 1.00846 0.966495 1.05069 0.952741 0.925834 1.04796 0.971012 
004 0.248794	0.84728 0.973797 0.90799 1.042 0.943258 0.976218 0.852101 1.22376 0.806946 0.870836 
005 0.0970864	0.534287 0.74663 0.944889 0.925179 0.806817 1.00451 0.75235 1.12461 0.704136 0.917631 
006 0.11641	1.92151 1.47435 1.25995 1.07596 1.14567 1.20139 1.31079 0.924568 1.36966 0.883359 
007 0.120529	1.39639 1.24777 1.05848 1.0702 0.96415 1.13541 1.11939 1.39704 0.979525 1.06611 
010 0.188387	1.92747 1.15366 1.13762 1.11057 0.989192 1.01765 1.29261 1.10843 1.1537 0.945701 
011 0.144323	1.01378 0.951102 1.09231 0.871608 1.00363 1.18969 1.10159 1.12044 1.07194 1.13455 
012 0.0448582	0.715872 0.753578 0.880871 0.92861 0.873782 0.96627 0.765439 1.51475 0.65648 1.04187 
013 0.127263	0.975193 0.876534 0.998516 0.857581 0.86361 1.04465 0.886722 0.99509 0.895613 0.792315 
014 0.115192	0.626804 0.711348 0.852409 0.789979 0.941448 0.901799 0.779235 0.828496 0.910965 0.914341 
015 0.13942	0.842581 0.917591 0.950734 0.978208 1.08459 1.01863 0.985092 0.89073 1.03435 0.964666 
016 0.0941653	0.997846 0.894182 0.950746 0.903154 0.945294 0.920497 0.907315 1.34521 0.795239 1.00275 
017 0.146391	0.993136 1.05979 1.09781 0.953562 1.10708 1.09217 1.22114 0.793071 1.36254 1.3196 
100 0.148545	0.963679 1.02999 0.958729 0.833386 0.994192 0.873625 0.913526 0.78793 1.01837 0.845859 
101 0.10772	1.3277 1.15361 1.05245 0.988739 1.3058 1.09006 1.26424 0.71461 1.56947 1.15066 
102 0.172999	1.07445 0.992789 0.981727 0.947747 0.893689 0.941562 0.913687 1.10845 0.926921 0.856354 
103 0.0891943	1.386 1.08082 1.11747 1.03254 1.04885 1.20351 1.26364 1.11332 1.23554 1.09106 
104 0.126044	1.03238 1.0142 1.05696 0.92087 1.00515 1.02101 0.975689 0.763343 1.17666 0.989207 
105 0.0612369	1.21405 1.20489 1.08611 1.09166 1.02702 1.13367 1.13164 1.27957 1.02298 0.980641 
106 0.19395	0.709778 0.805749 0.871787 0.90706 0.912349 0.90995 0.715847 1.0786 0.7967 0.886733 
107 0.10031	1.0812 1.01846 0.992138 1.10959 1.06195 0.995373 1.03997 1.42209 0.854002 1.1354 
110 0.234618	0.927258 0.958197 1.01096 1.10657 1.05418 1.07759 1.0795 1.34517 0.918086 1.10088 
111 0.0819713	1.0093 0.893501 0.869338 1.01024 0.910321 0.926608 0.8542 1.08996 0.785137 0.851485 
112 0.105113	0.592966 0.797137 0.871655 0.991248 1.00078 0.917816 0.787563 1.11097 0.706319 0.889149 
113 0.192233	0.760139 0.948221 0.936163 0.912514 1.06462 0.931193 0.954595 0.770111 1.03405 0.90951 
114 0.0631779	0.85184 0.863187 0.926278 0.999451 0.726147 0.945462 0.765539 1.40068 0.617612 0.828607 
115 0.0547808	1.49394 1.43641 1.17425 1.05491 1.30225 1.26111 1.52215 0.769704 1.57473 1.0741 
116 0.0506823	2.27882 1.49165 1.16315 1.1009 0.971345 1.06695 1.35473 1.12096 1.11547 0.935219 
117 0.217424	1.38948 1.14673 1.08063 1.06749 1.01109 0.999769 1.1335 1.07738 1.04232 1.00981 
0000 0.183181	0.970178 0.916568 0.964641 0.947629 1.00227 0.981389 0.984902 0.998076 0.963299 0.914283 
0001 0.156454	1.34867 1.21122 1.00021 1.04217 1.09452 0.965762 1.16946 1.33465 0.977088 1.16249 
0002 0.104302	0.870058 0.947349 0.923236 0.990557 0.896096 0.845353 0.934556 1.38692 0.740281 0.799388 
0003 0.11734	0.962239 0.965652 0.910846 1.04346 1.0766 0.795592 1.0669 0.982561 1.07911 0.996118 
0004 0.0469361	1.04454 1.03515 0.947255 0.931295 1.20569 0.90005 0.971384 0.811374 1.30692 1.0409 
0005 0.121252	0.71205 0.981061 0.832779 1.03936 0.999332 0.749702 0.853957 1.20989 0.825911 0.916813 
0006 0.181877	1.31807 1.29629 1.07811 1.20615 1.26521 0.977225 1.28604 1.00177 1.37943 1.13764 
0007 0.0886571	0.764451 0.878664 0.862894 0.927684 1.03902 0.795398 0.863305 0.872549 1.03139 1.10075 
0010 0.174459	1.53851 1.35838 0.996902 1.18929 1.18536 1.08934 1.18032 1.08765 1.11194 0.883111 
0011 0.0484997	1.52572 1.35448 1.24221 1.08263 1.15834 1.24215 1.46948 0.738399 1.5876 1.10177 
0012 0.160851	0.614815 0.840535 0.902172 0.824727 0.827347 0.795965 0.751614 0.905386 0.79396 0.866773 
0013 0.118283	0.933231 1.25568 1.01245 0.987643 1.1376 0.945555 1.0774 0.735125 1.22571 0.899547 
0014 0.17411	0.83146 1.06045 0.939803 1.08033 0.919376 0.942931 0.95884 1.17191 0.891768 0.839292 
0015 0.114445	1.2102 1.18919 0.922007 1.07414 1.14012 0.956167 1.01817 0.844923 1.02532 0.858705 
0016 0.0617585	0.872516 1.03366 0.975287 0.987248 1.26072 1.09485 1.00657 0.80196 1.27942 1.02311 
0017 0.147592	0.961684 0.91049 0.908336 1.08917 0.820415 0.882242 0.852194 1.27577 0.766034 0.84979 
0020 0.128963	0.983027 0.990547 1.04079 1.04252 0.996204 1.0269 1.06532 1.04024 1.10175 1.11147 
0021 0.159146	1.46876 1.12768 1.13686 0.933381 0.9431 1.15301 1.15585 1.16786 1.02932 0.933736 
0022 0.187195	0.971974 1.01083 0.952991 1.00901 0.995537 0.951922 0.952764 1.20948 0.883998 0.894638 
0023 0.0716463	1.93395 1.28914 1.15762 1.0159 1.0918 1.1559 1.31897 1.10126 1.39535 0.905252 
0024 0.240854	0.796228 0.935998 0.942252 0.878178 0.821902 0.988831 0.844256 1.13135 0.824703 0.896145 
0025 0.0780488	1.04282 1.08824 1.06542 0.7776 0.981694 0.950414 0.943153 0.699222 1.11448 0.907125 
0026 0.0615854	1.00459 1.06395 1.06605 0.932681 1.04292 1.05258 1.07862 0.742138 1.34363 1.0179 
0027 0.072561	1.44797 1.22953 1.08829 0.934001 1.10743 0.988116 1.21151 0.777683 1.34118 0.905414 
0030 0.0975508	1.04146 1.03475 1.05991 1.09098 0.997179 1.01434 1.14556 1.13181 1.01437 1.12593 
0031 0.330333	0.723974 1.03188 0.926637 0.914365 0.987204 0.815409 0.810991 0.877781 0.88591 0.941091 
0032 0.0759891	0.906034 1.09197 1.05706 1.0469 1.1053 0.972279 1.01455 0.882557 1.28197 1.29926 
0033 0.171028	1.07994 1.16443 1.0086 1.02101 1.14966 0.986518 0.98624 0.968102 1.03385 1.08907 
0034 0.0851999	1.13519 1.03934 0.898668 0.993617 1.03167 0.818522 0.947335 1.058 0.90752 1.09944 
0035 0.0726397	1.48196 1.13694 1.08609 1.05348 1.19238 1.22752 1.1053 1.20023 0.996646 0.840216 
0036 0.0935734	1.53668 1.29491 1.11149 1.16334 1.25607 1.2534 1.31701 1.15116 1.3217 1.15649 
0037 0.0736864	1.07776 1.10335 1.00642 0.905296 1.10499 0.91663 1.02356 0.683624 1.23891 1.10102 
0040 0.107686	0.713778 0.742663 0.887777 0.838423 0.948261 0.921741 0.754554 0.890789 0.742449 0.96329 
0041 0.247274	1.32804 1.01872 1.14248 0.906327 1.00152 1.05642 1.13998 0.763956 1.26366 1.00871 
0042 0.126531	0.926643 1.03988 1.06296 1.03164 0.879367 0.987177 1.05125 1.18744 0.905052 1.03984 
0043 0.130435	0.986904 1.06423 0.925345 0.995343 1.07548 0.855509 0.923011 0.78507 1.0302 1.1185 
0044 0.074438	1.72538 1.33782 1.15259 1.32259 1.00971 1.18185 1.26768 1.37313 1.09096 0.963092 
0045 0.17849	0.763635 0.816804 0.948429 0.869637 0.88696 0.938553 0.869211 0.80371 0.950192 1.14102 
0046 0.0582851	0.641819 0.7745 0.913017 0.829888 0.690681 0.875942 0.757931 1.14099 0.661131 0.943166 
0047 0.076861	1.63421 1.23055 1.03745 1.16303 0.884049 0.96917 1.11736 1.18453 0.890019 0.92265 
0050 0.0800276	1.05278 1.1813 1.09241 1.07479 1.28443 1.07904 1.16505 0.737273 1.55797 1.07378 
0051 0.118317	1.63902 1.36639 1.19017 1.04048 1.20089 1.26317 1.3445 1.01601 1.25412 0.989353 
0052 0.0689893	0.681585 0.900583 0.81218 0.981407 1.04711 0.83281 0.885958 0.907065 0.904736 0.952321 
0053 0.103484	0.821497 1.01282 0.99156 1.10987 1.28581 1.08032 1.06184 0.897749 1.2731 0.996195 
0054 0.16316	1.15917 1.10785 0.907353 1.02409 0.996372 1.00034 0.923797 1.23704 0.931545 0.877302 
0055 0.0641601	0.892247 1.07527 0.836662 1.03996 0.813002 0.800972 0.752671 1.2443 0.645726 0.707163 
0056 0.188686	0.678074 1.0322 0.877465 1.0053 1.07127 0.890308 0.804617 0.770407 1.13817 0.996062 
0057 0.213177	0.830294 1.00534 0.981391 1.04984 0.997625 0.972426 0.991103 1.13905 1.10485 1.13928 
0060 0.112773	1.04526 1.01785 1.03605 0.991782 0.925548 1.01679 1.17618 0.867278 1.18891 1.28036 
0061 0.127733	0.71199 0.852013 0.763543 0.974406 0.885445 0.750846 0.700039 1.13457 0.669028 0.985082 
0062 0.316168	0.74532 0.796969 0.846006 0.910815 0.960696 0.7974 0.901071 1.05629 0.991982 1.29858 
0063 0.10069	2.15007 1.15188 1.13659 1.20995 1.17708 1.17097 1.33368 1.18678 1.31742 1.45487 
0064 0.0877445	1.6334 1.25111 1.0092 1.14844 0.846067 0.87759 1.11841 1.3754 1.01111 1.03082 
0065 0.0917722	1.09577 0.976807 0.911627 1.08169 0.735453 0.806658 0.888811 1.29081 0.750414 0.975799 
0066 0.0791139	1.33177 1.0141 0.905498 1.15938 0.974499 0.835323 0.9837 1.07036 1.00684 1.08767 
0067 0.0840046	1.19465 1.20351 1.05382 1.16618 1.11846 0.977067 1.23571 0.785732 1.54008 1.14034 
0070 0.21756	0.826103 0.840391 1.04916 0.902064 0.938831 1.05179 0.943413 0.830565 1.01606 1.02352 
0071 0.0777994	1.90801 1.18967 1.16506 1.35343 1.17023 1.28416 1.36279 1.05736 1.25778 0.903213 
0072 0.0978049	0.799798 0.847418 0.951048 1.00939 0.782131 0.845977 0.863611 1.35025 0.658817 0.827754 
0073 0.14893	1.18511 0.991475 1.03546 1.04379 1.01288 0.917289 0.96833 0.862741 0.995709 0.942018 
0074 0.134482	0.814259 0.842546 0.889773 0.939702 0.878179 0.894483 0.768634 0.844439 0.793919 0.681622 
0075 0.0614059	0.514977 0.785391 0.902015 1.0039 1.0209 0.962206 0.736052 0.868648 0.796227 0.762801 
0076 0.0964157	1.17819 1.06404 1.08095 1.18964 1.08936 1.22392 1.29124 0.906239 1.21437 0.96881 
0077 0.165602	1.48884 1.11356 1.15736 1.07419 1.01085 1.00199 1.10943 0.990619 1.10876 0.987061 
0100 0.0908544	0.982789 0.952774 0.842111 0.86964 1.05544 0.903132 0.841517 0.842196 0.903351 1.02052 
0101 0.155235	1.13688 1.06004 1.05208 0.940985 1.16703 1.2057 1.22743 0.970811 1.34621 1.34447 
0102 0.177347	1.00641 1.0432 1.03267 0.956024 0.985617 1.01204 1.02151 1.11618 0.943061 1.14109 
0103 0.0505415	1.93323 1.32821 1.15202 1.0435 1.26827 1.08263 1.17818 1.17159 1.17318 1.10235 
0104 0.111613	1.11578 0.998248 1.01274 0.847451 0.856088 1.0201 0.892814 1.19278 0.906364 1.018 
0105 0.181859	0.743525 0.951535 1.01322 0.895247 1.01017 1.10647 0.946304 0.904796 1.02019 1.03215 
0106 0.0872443	1.50291 1.5173 1.13172 0.934008 1.27273 1.01789 1.41427 0.847804 1.53338 1.1692 
0107 0.145307	0.652096 0.943401 0.857007 0.871079 0.850765 0.940051 0.711318 1.09319 0.749014 0.884191 
0110 0.185549	1.08108 0.890695 0.990531 1.1519 1.01489 0.999775 1.04905 1.02312 1.09946 1.08588 
0111 0.115649	0.835419 0.922017 1.09707 0.952546 0.997725 1.08983 0.978625 0.847045 1.18251 1.02745 
0112 0.0691145	0.616186 0.919981 0.862294 0.984385 0.97145 0.681595 0.81094 0.693792 1.02286 1.1347 
0113 0.0979776	1.84064 1.25153 1.13314 1.14018 1.1911 1.2499 1.28766 0.860012 1.34062 1.05757 
0114 0.0983703	0.712419 0.916937 1.01167 1.0278 0.885716 1.03541 0.812669 1.07931 0.898536 0.976436 
0115 0.0838406	1.69386 1.32155 1.09966 1.15949 0.997753 0.884238 1.02978 0.940195 1.1347 0.932061 
0116 0.0834479	1.16273 0.992064 1.10506 1.12705 1.07202 1.23487 1.20788 0.92645 1.29777 1.14595 
0117 0.266051	0.926481 0.952991 0.95213 1.08642 0.877547 0.713933 0.879194 1.02498 0.859417 0.882381 
0120 0.202148	0.574078 0.752758 0.848006 0.978661 0.913477 0.857367 0.800871 0.985051 0.725296 0.873031 
0121 0.0638029	0.963095 0.985313 1.06984 0.860964 0.810291 0.960261 1.0642 0.86882 1.04564 0.912634 
0122 0.0941251	1.73627 1.2273 1.0839 0.979351 0.783832 0.853677 1.18658 1.01529 0.997713 0.774006 
0123 0.078964	1.19908 1.29811 1.21362 1.05217 1.0496 1.24684 1.29295 0.9791 1.4061 0.872758 
0124 0.125711	0.870454 0.961232 0.99771 1.03431 0.917873 1.08761 0.944301 1.22871 0.983019 0.836969 
0125 0.0795957	1.79421 1.2935 1.15642 1.26236 1.04023 1.22416 1.41212 1.27731 1.21997 0.978776 
0126 0.0852811	1.06369 1.01863 0.996495 1.20433 1.06147 0.938811 1.22485 1.03214 1.02119 1.2142 
0127 0.270373	0.81274 0.923984 0.995435 0.883969 0.963788 0.869962 0.990067 0.816072 1.03073 0.872201 
0130 0.147183	1.41018 1.17998 1.12065 1.11116 1.25913 1.18762 1.23683 0.904448 1.2024 1.21222 
0131 0.110666	0.619392 0.808277 0.888515 0.953957 0.977263 0.832849 0.813421 1.02301 0.75776 0.983904 
0132 0.101982	0.758404 1.02859 0.982388 0.970902 0.95745 0.871003 0.983834 1.02491 0.92676 0.879675 
0133 0.0961924	1.79695 1.21839 1.09423 1.06393 0.991941 1.02648 1.19403 1.08026 1.10397 1.01741 
0134 0.217324	1.0103 0.966091 1.06158 0.945305 1.00533 1.02785 1.02737 1.15347 0.991363 1.03294 
0135 0.0445335	0.592918 0.736263 1.03609 0.836304 0.936494 1.0515 0.979938 0.937579 0.973413 1.33403 
0136 0.139167	0.839222 1.04186 0.879997 1.06787 1.07871 0.890664 1.0153 0.941149 0.923567 1.28571 
0137 0.142953	1.15165 1.1271 0.979428 1.07863 1.17485 0.809881 1.03219 0.90314 1.12829 1.12042 
0140 0.0912669	2.05612 1.39396 1.23958 1.02875 1.1153 1.0548 1.30635 0.734158 1.37201 1.03622 
0141 0.221156	0.647621 0.866814 0.886976 0.993383 0.992427 0.867008 0.800546 1.06518 0.846758 1.07039 
0142 0.0927429	1.29162 1.25726 1.01747 1.1579 1.13438 0.845022 1.0906 0.924749 1.0404 1.06373 
0143 0.114883	1.09024 1.09847 1.13396 1.13408 1.06991 1.07639 1.30066 0.986672 1.14771 1.05728 
0144 0.105043	0.856871 1.19038 1.04633 1.11965 1.16923 1.07656 1.03112 0.768748 1.19051 1.14632 
0145 0.0797048	1.23617 1.2175 0.972198 1.05232 0.86861 0.850262 0.969289 0.977034 0.83385 0.817272 
0146 0.166052	0.991773 1.01428 1.04889 1.02839 0.856737 1.15528 0.96057 1.24793 0.828098 0.953327 
0147 0.129151	0.787311 1.0393 1.00078 0.962706 0.941623 0.881318 0.876277 0.799608 0.855161 0.866206 
0150 0.0965447	1.26022 1.20725 1.03845 1.20582 1.04367 1.14955 1.12207 1.4272 0.922723 1.00098 
0151 0.0904472	0.581888 0.832827 0.907305 0.975608 0.830758 0.861656 0.869624 1.02172 0.78744 0.985634 
0152 0.106504	0.743097 0.949964 1.00563 0.953386 0.850043 1.01817 0.776369 1.17056 0.725512 0.975986 
0153 0.139634	0.76788 0.927352 1.01313 0.790867 1.00915 0.90362 0.862922 0.725988 1.10481 1.02983 
0154 0.192073	1.63629 1.12132 1.06437 1.09451 1.13349 1.0675 1.23813 0.958911 1.1576 1.11798 
0155 0.198374	0.8293 0.831756 1.09242 1.00123 0.972128 1.02206 0.962198 1.12211 0.963277 1.25048 
0156 0.119106	1.41502 1.10994 1.08131 1.04518 1.02833 0.925077 1.16068 0.789263 1.3265 1.16103 
0157 0.0573171	1.1369 1.02968 1.18593 0.848759 0.86034 1.19135 1.04927 0.856541 1.10836 0.871647 
0160 0.156485	1.31022 1.254 0.999491 1.17763 1.11445 1.0388 1.24927 0.877619 1.16337 0.998786 
0161 0.0779416	0.939962 1.01602 1.13158 1.19787 0.863827 1.22517 1.09034 1.29641 0.914954 0.909443 
0162 0.215468	0.842176 0.983984 0.910917 1.18253 1.05655 0.910402 1.01925 0.984616 1.00268 0.955352 
0163 0.0905808	0.641722 0.898871 0.878348 0.910171 0.81677 0.94754 0.813521 0.7845 0.898039 0.784689 
0164 0.195305	1.6169 1.25647 1.0212 1.15298 1.00498 1.23127 1.25807 1.20806 1.16768 1.10835 
0165 0.121878	0.596597 0.925543 0.964732 1.03299 0.82092 0.957235 0.785135 1.16148 0.832506 0.8657 
0166 0.0683118	1.03652 0.955016 1.13398 1.12126 1.02481 1.12553 1.29178 0.967814 1.22366 1.16623 
0167 0.0740295	1.0222 0.938767 1.00357 0.908666 0.897928 0.93585 0.866051 0.84655 0.904873 0.803901 
0170 0.073945	1.89873 1.27242 1.14503 1.07607 1.32424 1.1886 1.36264 0.989593 1.43623 0.959337 
0171 0.229772	0.870854 0.861848 0.982605 1.00377 1.18583 1.00111 1.00406 0.902583 1.1417 0.955409 
0172 0.141309	1.41424 1.14718 1.07172 1.15455 1.22065 1.13769 1.18802 0.766573 1.21001 0.99389 
0173 0.18583	0.85287 0.803348 0.851991 0.906405 0.919479 0.893753 0.789634 1.04057 0.846648 0.786691 
0174 0.0836237	1.59556 1.23064 1.10673 1.15999 1.02617 0.974622 1.12849 1.15937 1.08583 0.890898 
0175 0.10995	1.19769 1.15533 0.980966 1.08305 1.21649 0.891974 1.02274 0.94235 1.0347 0.875739 
0176 0.0638792	1.03315 0.958739 1.04543 1.17303 1.03688 1.10504 1.04788 1.71613 0.884167 0.905054 
0177 0.111692	0.500694 0.7426 0.850252 0.958158 0.98601 0.870799 0.786281 0.878155 0.787276 0.904817 
1000 0.148753	0.537336 0.76949 0.805309 0.916121 1.04869 0.952856 0.755394 0.948133 0.84175 1.08351 
1001 0.181406	0.831248 0.990485 0.912955 1.16216 0.944721 0.893859 0.885531 1.20162 0.798284 0.965604 
1002 0.0975057	1.21679 1.10421 0.997405 1.13132 1.0927 0.991851 1.14781 1.06942 1.20862 0.925031 
1003 0.146485	1.28385 1.1094 1.04681 1.10253 1.3802 0.980816 1.20796 0.82653 1.38609 1.23317 
1004 0.0993197	1.33185 1.07535 0.958635 1.03963 1.03387 0.967189 1.00277 1.06294 0.920876 1.00526 
1005 0.135601	0.705532 0.770258 0.979848 1.02579 1.06331 0.970888 0.878875 0.949288 1.10484 1.06681 
1006 0.122902	0.920844 1.0788 0.998329 1.20686 1.1825 1.00182 1.07249 1.14187 1.0414 1.09052 
1007 0.0680272	1.94694 1.31154 1.15056 1.12362 1.30341 1.11564 1.45779 1.13839 1.27683 1.14771 
1010 0.0725453	0.995126 0.867546 0.838615 0.871159 0.889511 0.818811 0.931028 1.01517 0.786155 1.05348 
1011 0.0681676	0.491884 0.678398 0.79846 0.980073 0.855683 0.708841 0.715672 1.16351 0.701928 0.867557 
1012 0.145091	0.84866 0.910135 1.02116 0.881087 0.917491 1.05164 0.908659 1.01099 0.937256 1.02311 
1013 0.141338	1.21309 1.11962 0.970171 0.979734 1.05747 0.862764 0.987152 0.952663 0.926474 0.753451 
1014 0.19262	1.68838 1.47277 1.12941 1.20488 1.1597 1.00826 1.3173 1.26969 1.18334 1.04587 
1015 0.0612883	1.02959 1.11473 0.963428 1.16955 0.916169 0.982756 1.04143 1.51215 0.724548 0.924656 
1016 0.134459	0.681256 0.753846 0.966116 0.882398 0.974025 0.826133 0.887778 0.88667 0.983146 1.02688 
1017 0.18449	1.10125 1.14017 1.11351 1.0024 1.09194 1.08797 1.12028 0.916847 1.23006 1.17432 
1020 0.0661994	0.680436 0.725199 0.890352 0.852422 0.907907 0.964636 0.78837 0.898998 0.796658 0.893225 
1021 0.150312	1.62915 1.16175 1.07544 1.0186 0.964666 0.987537 1.09978 1.06755 0.920936 0.904458 
1022 0.114875	0.931835 1.05868 0.926435 1.08742 1.02233 0.905159 0.965672 1.19291 0.893278 1.01545 
1023 0.123832	0.902541 1.06528 1.05136 1.00941 1.04094 1.19093 0.997758 1.14103 0.906608 1.11301 
1024 0.0689252	0.632648 0.792589 0.889121 0.932133 0.918487 0.916708 0.79861 1.17757 0.730621 1.08516 
1025 0.0891745	0.942012 1.02903 0.913339 1.10819 1.19921 1.02175 0.987167 1.02126 1.00664 1.07478 
1026 0.272586	1.0214 1.05619 1.05749 0.967162 1.11537 1.15717 1.05741 0.847172 1.19783 1.07652 
1027 0.114097	1.72524 1.27321 1.20509 1.1882 1.15122 1.13218 1.38311 1.15862 1.26478 1.19663 
1030 0.200906	0.919497 1.00841 1.00832 1.06382 1.05615 1.09213 0.957552 0.963101 0.970907 1.06777 
1031 0.115559	1.19763 1.30131 1.12203 1.00428 1.14094 1.06132 1.15548 0.949213 1.35936 1.03563 
1032 0.0453172	0.999885 1.10349 0.97901 1.19026 1.20141 0.951361 1.02206 0.84643 1.20614 1.16518 
1033 0.177492	1.10559 1.19849 1.00359 1.16411 1.13511 0.970764 1.02943 1.32731 0.845187 1.05263 
1034 0.145015	1.97645 1.3652 1.19626 1.07382 1.05459 1.01958 1.23327 1.07946 1.26119 0.905701 
1035 0.0558912	0.562456 0.734313 1.02523 0.874431 0.96967 1.09752 0.849864 1.38192 0.819629 1.00746 
1036 0.178248	0.66453 0.830246 0.863745 0.959743 1.00626 0.850739 0.839501 0.978778 0.83049 1.05466 
1037 0.081571	1.0105 1.31618 1.15161 1.18923 1.18604 1.25229 1.29242 1.2409 1.23358 1.1149 
1040 0.128808	0.907663 0.893659 1.01647 0.91074 1.17504 1.15201 0.966473 0.882607 1.08709 1.27021 
1041 0.0833779	0.913646 1.08922 0.91853 0.906394 1.11189 0.977479 1.06615 0.896999 1.12516 1.03043 
1042 0.169428	1.14526 1.16626 1.09802 0.995948 1.17274 1.10771 1.18187 0.931741 1.30103 1.07989 
1043 0.257616	0.668776 0.770903 0.908664 0.837852 0.952499 0.914981 0.835471 1.08986 0.837634 0.963117 
1044 0.0619989	2.06748 1.43578 1.15061 0.991892 1.13467 1.13656 1.33591 1.13144 1.2016 1.02151 
1045 0.13148	0.872593 0.998672 0.997615 0.874161 1.04046 1.13907 0.995219 0.901708 1.0547 0.83826 
1046 0.0823089	1.20608 0.993538 0.939335 0.871443 0.939741 0.921183 0.940405 1.2128 0.834006 0.812458 
1047 0.0849813	1.18704 1.14934 0.998264 0.928999 1.11141 1.00921 1.11793 1.22754 1.09024 0.942303 
1050 0.0550055	1.33226 1.03407 1.19552 1.04313 0.97835 1.21275 1.10699 0.879978 1.13228 1.04671 
1051 0.256326	0.789661 0.861843 0.929964 0.886907 1.04797 0.889042 0.780083 0.790985 0.993254 1.04451 
1052 0.0528053	2.32171 1.09329 1.15866 0.871922 1.09056 1.15853 1.3268 0.875146 1.36818 1.02519 
1053 0.0935094	0.656616 0.793656 0.927991 0.98347 0.922283 1.13128 0.778888 1.09632 0.808516 0.815928 
1054 0.255226	1.49288 1.05549 0.973559 1.04798 1.1161 0.891896 1.05725 0.957994 1.09398 0.918058 
1055 0.080308	1.86307 1.12068 1.16979 1.0661 1.12816 1.16754 1.25278 1.19904 1.26723 0.990305 
1056 0.119912	1.0942 0.845232 0.894745 1.14724 1.02505 1.03406 0.933064 1.27337 0.806885 1.00234 
1057 0.0869087	0.892232 0.943672 1.05979 0.967616 1.13842 1.20264 1.01189 0.858316 1.144 1.03721 
1060 0.0750261	0.400062 0.736219 0.849633 0.791811 0.947587 0.885951 0.724228 0.808833 0.864922 0.991759 
1061 0.0882251	1.4114 1.41133 1.10504 1.06859 0.970653 1.01634 1.17766 1.32891 1.03193 0.99914 
1062 0.199027	0.927148 1.01951 1.00083 1.12382 1.03676 1.03252 1.08555 1.05904 1.02956 1.16406 
1063 0.23272	0.762 0.991898 0.954759 0.907968 1.00228 0.975976 1.00899 0.790127 1.02343 0.904269 
1064 0.0600903	1.56606 1.46347 1.1598 1.12809 1.12637 1.02133 1.42679 1.09514 1.31574 0.95847 
1065 0.222994	0.787745 0.966826 0.975555 0.874263 0.831885 0.980133 0.813879 1.28787 0.733107 0.816641 
1066 0.0604377	1.27788 1.22576 1.18473 0.910633 1.18063 1.12748 1.30424 0.868954 1.3723 1.14554 
1067 0.0614797	0.581546 0.714641 0.921769 1.02715 0.918048 1.02193 0.87986 1.18484 0.816996 1.07885 
1070 0.182673	0.448861 0.652789 0.841275 0.872284 1.00249 0.993669 0.760731 1.00072 0.833028 0.857005 
1071 0.0678308	0.866938 1.03571 0.955113 0.802407 0.917744 0.931891 0.811104 0.931728 0.993837 0.797088 
1072 0.206179	1.05461 1.06521 0.991934 0.918359 0.933123 1.04449 1.01411 1.08405 0.959907 0.825385 
1073 0.145064	1.317 1.18907 1.07243 1.08309 1.1141 1.25016 1.23724 0.839801 1.433 0.960679 
1074 0.0886501	0.736346 0.86465 0.961773 0.954612 1.03868 1.12409 0.98969 0.773175 1.17805 1.1004 
1075 0.200806	1.03853 1.00683 0.973083 0.987878 0.984061 1.1283 0.95749 1.40816 0.812581 0.90264 
1076 0.0631296	0.776051 0.872681 0.902323 0.913936 0.965031 0.811897 0.949044 0.672203 1.21281 0.960739 
1077 0.0456682	1.03423 1.03636 0.855774 1.03333 1.02037 0.897184 0.909861 0.706592 1.06605 1.03666 
1100 0.144866	1.35381 1.23144 1.0337 1.07236 0.800747 0.927416 1.04424 1.24247 0.8963 0.89526 
1101 0.0585854	0.633766 0.839743 0.964954 0.987185 0.946949 1.1704 0.805712 0.970326 0.829156 1.09997 
1102 0.0926715	1.03878 0.923927 0.972616 0.828669 0.880392 0.93418 0.88337 0.752329 0.960032 0.803776 
1103 0.0543247	0.583029 0.805034 0.871722 0.815012 0.778838 0.946747 0.700016 0.822208 0.818786 0.763763 
1104 0.0920324	0.833014 0.797527 0.90323 0.943528 0.804627 0.906304 0.830563 1.41934 0.638333 0.974899 
1105 0.180656	0.970809 1.02068 1.00471 0.849287 0.76322 0.931883 0.928189 1.01924 0.896735 0.732411 
1106 0.204516	1.4492 1.27241 1.15302 1.01712 1.0567 1.23355 1.27275 0.83539 1.27245 1.02423 
1107 0.172348	0.879517 0.840896 0.978757 1.01506 1.0689 1.04515 1.02806 0.780488 1.26959 1.03847 
1110 0.171951	0.663742 1.05658 0.92717 1.04025 1.02493 0.869414 0.808848 1.02275 0.798767 1.03563 
1111 0.204878	1.24497 1.17388 1.05776 0.995288 1.11756 1.01085 1.20616 0.912795 1.24469 1.11193 
1112 0.052439	0.992595 1.16813 0.901597 0.894906 0.931883 0.728272 0.886023 0.947937 0.837069 0.999207 
1113 0.118902	1.5377 1.348 1.08802 1.06027 1.11745 0.967407 1.32592 1.17296 1.1117 1.15977 
1114 0.0445122	0.633158 0.851996 0.979314 0.945829 0.893162 0.964904 0.830381 1.43686 0.72693 1.15848 
1115 0.146341	0.688371 0.845221 0.934346 0.866272 1.1114 0.967771 0.912217 0.794142 1.05923 1.12633 
1116 0.189634	0.912512 1.04598 1.10141 1.06712 1.09868 0.99972 1.04149 1.20947 1.08281 1.10412 
1117 0.0713415	1.40485 1.20048 1.04275 1.0141 0.986019 0.77995 0.972747 0.897265 1.08721 1.05466 
1120 0.142178	1.66242 1.20413 1.12113 1.10542 1.03406 1.07803 1.31992 0.987671 1.24755 1.07687 
1121 0.104137	0.799695 1.004 1.06731 0.896189 0.893 1.0548 1.05553 1.1569 1.09853 0.997896 
1122 0.153115	0.803526 0.925813 0.891361 0.932107 0.920563 0.987652 0.904736 1.02258 0.921388 0.97452 
1123 0.042796	0.752041 0.865654 0.824425 0.949462 0.74164 0.79075 0.782796 1.26814 0.704554 0.796565 
1124 0.161198	1.42796 1.26955 1.06244 0.970008 0.877343 1.024 1.06518 1.08557 1.06267 0.837938 
1125 0.0770328	0.957177 0.938052 0.900909 1.06013 0.89033 0.948707 1.03652 1.31644 0.876512 1.06678 
1126 0.120304	0.955041 0.883095 1.08132 0.890361 0.890534 1.15502 1.12105 0.769978 1.33051 0.958177 
1127 0.199239	0.624855 0.931123 0.972312 0.849772 0.758816 0.975081 0.776683 0.874885 0.931999 0.915347 
1130 0.0782631	0.957598 0.947456 0.872121 0.924487 0.887911 0.755831 0.776166 1.12869 0.852036 0.876399 
1131 0.203848	1.10817 1.00649 1.00872 1.21387 1.04087 1.05834 1.0317 1.02767 1.04849 1.01609 
1132 0.133905	0.618329 0.799015 0.898548 0.978372 0.788076 0.881282 0.70568 0.969985 0.775647 0.862027 
1133 0.0525221	0.609718 0.860318 0.892727 1.11377 1.04727 0.876994 0.869525 0.702834 0.977006 1.19726 
1134 0.223349	1.02043 0.985031 1.04059 0.917785 0.95504 1.03257 0.93389 1.01251 1.09164 1.05483 
1135 0.0595424	0.702051 0.723006 0.924097 1.07381 0.851088 0.977152 0.789818 1.25279 0.677236 1.04954 
1136 0.0777431	1.55034 1.03919 0.96055 1.02218 1.08258 0.867579 1.03543 0.920374 1.07774 0.942164 
1137 0.170827	1.44257 1.04862 1.13263 1.11908 1.20462 1.13055 1.2501 0.730938 1.43315 1.42844 
1140 0.193038	0.777494 1.13952 0.895184 0.970812 1.04803 0.93032 0.908595 1.18448 0.831532 0.8488 
1141 0.192247	1.57219 1.28511 1.06758 1.06571 0.994767 1.11655 1.27486 1.04074 1.15758 1.08145 
1142 0.0458861	0.682651 0.727232 0.869947 0.989574 0.985579 0.795149 0.888198 1.59221 0.814533 1.05317 
1143 0.0949367	1.20424 1.02742 1.04085 1.0294 1.00935 1.07765 1.06148 1.20827 0.831371 0.973955 
1144 0.167722	0.976295 0.935061 1.05017 0.81204 1.14583 1.12955 1.09243 0.7004 1.17078 1.0571 
1145 0.112342	0.968524 1.00733 0.912365 1.06578 1.13581 1.05313 1.1041 0.973444 0.93303 1.06052 
1146 0.0466772	0.824235 0.895988 1.02208 1.00831 1.01906 1.18175 1.07737 1.05545 1.01518 1.31014 
1147 0.147152	0.57672 0.859055 0.91773 0.870269 0.990695 0.870975 0.767541 0.864964 0.967813 0.850098 
1150 0.0693431	1.46826 1.05478 0.98402 1.09042 0.87118 0.812779 0.913132 1.09535 0.847518 0.692582 
1151 0.279197	0.75719 0.709158 0.880118 1.19414 0.961492 0.823837 0.811678 1.00669 0.902177 1.16804 
1152 0.123175	1.22171 0.890543 0.995633 1.07299 1.0143 1.00453 1.06821 0.809619 1.17945 1.22846 
1153 0.0994526	2.31883 1.23448 1.20417 1.16751 1.07919 1.00373 1.18949 1.28077 1.20687 1.01254 
1154 0.0784672	1.1556 1.10022 1.15306 1.20347 0.841808 1.11877 1.15669 1.69559 0.895499 0.997607 
1155 0.0875912	0.549234 0.684396 0.884294 1.15999 0.861716 0.874415 0.768631 1.41353 0.722464 0.944803 
1156 0.178832	0.9015 0.872635 1.05058 1.00912 1.05203 1.02229 1.01099 1.02485 1.07263 1.03776 
1157 0.0839416	1.50631 1.19243 1.21047 1.02944 1.20272 1.13437 1.31835 0.964229 1.48238 0.968331 
1160 0.162722	0.834612 0.82691 0.952242 1.11062 0.981185 1.07665 0.920147 1.47925 0.834458 1.04317 
1161 0.0463511	0.675637 0.802482 0.892679 0.974248 0.949244 1.10818 0.781674 1.25549 0.795405 0.823586 
1162 0.188363	0.94176 0.939694 1.0109 1.06037 1.21077 1.12921 1.09079 0.930063 1.20834 1.06214 
1163 0.0700197	1.18712 0.971825 1.01009 1.16293 1.13175 1.32337 1.00249 1.74041 0.933013 1.29087 
1164 0.17357	1.15902 0.982542 0.947722 1.10216 1.05661 1.0384 1.06027 1.01829 1.1446 0.978719 
1165 0.0493097	1.50119 1.16848 1.09489 1.15962 1.28637 1.09891 1.29111 0.90479 1.47006 1.33935 
1166 0.203156	0.668162 0.721142 0.874165 0.916538 1.09679 0.94114 0.819033 0.996373 0.976659 1.12574 
1167 0.106509	1.77172 1.12901 1.19951 1.12284 1.11329 1.29828 1.34183 1.14313 1.25626 1.14341 
1170 0.141149	0.90261 0.925475 0.945316 0.909849 1.02182 1.08018 0.892967 0.976963 0.900587 0.977754 
1171 0.102989	0.634753 0.765684 0.890203 1.02697 0.812921 0.977423 0.788844 1.24545 0.678733 0.745799 
1172 0.229195	0.753361 0.941577 0.850777 0.938463 1.03796 0.857145 0.827981 0.770135 0.976779 0.916542 
1173 0.0586207	0.77791 1.01422 1.12192 0.853986 1.05956 1.37025 1.17841 0.818579 1.33064 1.10505 
1174 0.094023	1.71096 1.32342 1.09137 0.925333 1.14406 1.12362 1.32943 0.888921 1.36725 1.18352 
1175 0.0577011	0.844706 1.05168 1.00251 0.979893 1.0957 1.117 1.018 0.994019 1.14318 1.10754 
1176 0.0882759	1.00149 1.17996 1.02483 0.972864 1.12017 0.954489 1.18956 0.757076 1.4171 1.04823 
1177 0.228046	1.25807 1.09988 1.05158 0.985216 0.938496 1.08894 1.10115 1.19696 0.979587 0.897198 
BOUNDS
LWPS R    0.0  0.0  0.0  0.0  0.0  0.0  0.0  0.0  0.0  0.0
UWPS R    0.5  0.5  0.5  0.5  0.5  0.5  0.5  0.5  0.5  0.5
LXAS R   -0.5 -0.5 -0.5 -0.5 -0.5 -0.5 -0.5 -0.5 -0.5 -0.5
UXAS R    0.5  0.5  0.5  0.5  0.5  0.5  0.5  0.5  0.5  0.5
END
