NAME moment_estimation_cluster
ASSETS 10
BENCHMARKS 0.1 0.1 0.1 0.1 0.1 0.1 0.1 0.1 0.1 0.1 
COVARIANCES
0 0 0.00675335
1 0 0.00238473
1 1 0.00634721
2 0 0.00121169
2 1 0.00799611
2 2 0.0130235
3 0 0.00283241
3 1 0.00400447
3 2 0.00604257
3 3 0.0050214
4 0 0.00213715
4 1 0.00277839
4 2 0.00333216
4 3 0.00225659
4 4 0.00207481
5 0 0.00393634
5 1 0.00416498
5 2 0.0049948
5 3 0.00423617
5 4 0.00282372
5 5 0.00489875
6 0 3.41628e-05
6 1 0.00405459
6 2 0.00586951
6 3 0.00204623
6 4 0.0013831
6 5 0.00189072
6 6 0.00346324
7 0 0.00118197
7 1 0.00550687
7 2 0.00820261
7 3 0.00418994
7 4 0.00280354
7 5 0.00394734
7 6 0.003575
7 7 0.00624734
8 0 0.00291442
8 1 0.00485069
8 2 0.00618802
8 3 0.00419316
8 4 0.0027823
8 5 0.00445834
8 6 0.00245535
8 7 0.00486997
8 8 0.00543967
9 0 6.72651e-05
9 1 0.00026
9 2 0.000371063
9 3 0.000522519
9 4 0.00045913
9 5 0.000494678
9 6 -3.32309e-05
9 7 0.000664091
9 8 0.00072556
9 9 0.000864578
SCENARIOS
0 0.61304	1.00805 1.0466 1.08717 1.04636 1.03076 1.06313 1.03051 1.05267 1.03342 0.9981 
1 0.38696	0.953997 0.941954 0.921212 0.938913 0.958829 0.946518 0.969274 0.960913 0.929761 0.986273 
00 0.373352	1.11185 1.09514 1.09847 1.07289 1.04998 1.02368 1.06063 1.07334 1.10351 1.03397 
01 0.626648	0.98717 0.957778 0.938747 0.950726 0.971349 0.970901 0.970363 0.973189 0.952483 1.00088 
10 0.723305	1.01025 0.976293 0.959104 0.971525 0.985981 0.969028 0.977594 0.933693 1.01176 1.01468 
11 0.276695	1.13008 1.11724 1.14825 1.09596 1.06782 1.09356 1.0694 1.08515 1.10108 1.02093 
000 0.190012	1.10901 1.0927 1.09866 1.11566 1.06202 1.14507 0.997677 1.04733 1.08529 0.964216 
001 0.239121	1.00777 0.940329 0.948316 0.949215 1.01276 1.02931 0.938598 0.986815 0.97886 1.00754 
002 0.111499	0.957573 1.1526 1.29132 1.09574 1.10143 1.17392 1.11883 1.221 1.09993 1.02759 
003 0.0864645	0.893149 0.93165 1.01376 1.02144 0.959559 1.04871 0.946874 0.990967 0.992328 0.987565 
004 0.0610364	0.913286 1.08428 1.25016 1.0963 0.996274 1.07102 1.13827 1.11548 1.04467 0.970515 
005 0.128189	0.960866 0.982565 1.04002 1.01915 0.968016 1.02322 0.977875 1.01076 0.964249 0.958621 
006 0.12583	1.01009 0.837076 0.768853 0.915469 0.965597 0.988785 0.837873 0.880806 0.87383 0.995047 
007 0.0578469	0.924909 0.996975 0.953964 0.907041 0.934263 0.938851 1.05054 0.950078 0.920873 0.955052 
010 0.144809	0.949752 1.02147 1.03939 0.97925 0.995904 0.951472 1.011 1.00794 1.06641 1.00373 
011 0.115108	0.964302 1.14282 1.30638 1.12896 1.02293 1.01093 1.10639 1.13446 1.04476 1.00151 
012 0.0754633	1.08337 1.05724 1.06841 1.09071 1.06375 1.0714 1.01402 1.06789 1.10664 1.06646 
013 0.154441	1.01129 1.08206 1.05483 0.964075 1.05248 0.978395 1.03383 1.07014 1.05152 0.990817 
014 0.115238	1.04341 0.978355 0.963426 1.09422 0.998021 1.00651 0.98082 0.969424 1.0255 1.00098 
015 0.111074	0.883807 0.897172 0.855246 0.880417 0.90517 0.811476 0.938936 0.855066 0.908175 0.97986 
016 0.226416	0.9942 0.951086 0.888843 0.984308 0.95987 0.943809 0.947963 0.918285 0.956941 0.964972 
017 0.05745	1.16355 1.16145 1.22014 1.15005 1.097 1.13805 1.06437 1.10687 1.1853 1.01638 
100 0.111937	0.903825 1.04741 1.09515 0.982859 0.99399 0.956306 1.08309 1.07487 0.973776 0.996236 
101 0.062596	0.962175 0.955196 0.994996 1.07922 0.998291 0.997126 0.978132 1.01556 1.03981 1.0408 
102 0.0922148	1.16232 1.16609 1.19707 1.12686 1.11036 1.17349 1.06904 1.18289 1.1247 0.991506 
103 0.233699	0.935592 0.86522 0.886754 0.914792 0.920136 0.899046 0.91776 0.886308 0.848218 0.964747 
104 0.191147	1.00541 0.962916 0.927173 0.958186 1.02033 1.02401 0.953066 0.961905 0.985748 0.981699 
105 0.128515	1.00996 1.02792 1.1558 1.11067 0.984438 1.01936 1.07253 1.05356 0.991465 0.977994 
106 0.057737	1.18085 0.935834 0.873927 1.05359 1.02782 1.00257 0.911375 0.968649 0.994243 1.00515 
107 0.122155	0.995381 1.10056 1.17245 1.06675 1.06904 1.03009 1.09139 1.13663 1.07649 1.01037 
110 0.218829	0.967071 1.04232 1.15295 1.07377 1.02034 1.04812 1.03617 1.05884 1.10102 0.988336 
111 0.0636033	1.05801 1.103 1.11594 1.065 1.10931 1.11235 1.02423 1.13152 1.13459 1.05848 
112 0.205473	0.909122 0.975735 1.03348 0.994788 0.965223 0.965298 0.979545 0.93999 1.0155 0.9845 
113 0.0608947	1.05405 1.14442 1.23918 1.16085 1.08629 1.18033 1.01284 1.14976 1.14061 1.01649 
114 0.0592136	0.990491 1.11939 1.17714 0.971761 1.05411 1.03956 1.11447 1.11119 1.03987 1.00563 
115 0.110488	0.775423 0.971008 1.04058 0.927306 0.922561 0.892425 1.01611 0.995099 0.909202 0.95659 
116 0.215373	0.970794 0.910303 0.911492 0.946377 0.997035 0.963526 0.941388 0.928692 0.968393 0.994086 
117 0.066125	0.875057 0.859398 0.8238 0.878957 0.929394 0.932738 0.910025 0.833148 0.913641 0.955501 
0000 0.160497	0.85071 0.879228 0.861746 0.909399 0.943756 0.932309 0.996634 0.949841 0.926887 0.994 
0001 0.163716	0.957044 0.999064 1.00561 0.940115 0.969277 0.967802 1.00984 1.01052 0.929174 1.00862 
0002 0.07404	0.97241 1.14856 1.10969 0.979595 1.04474 1.07162 1.09223 1.09617 1.06795 1.04285 
0003 0.0682916	1.14133 0.957238 0.877098 0.963405 1.03161 1.04399 0.975735 0.959038 1.01886 1.03257 
0004 0.128075	1.0125 0.874137 0.859667 0.95298 0.960841 1.00456 0.914515 0.91299 0.931495 1.06232 
0005 0.215682	0.929496 1.03769 1.1489 1.05952 0.992743 1.01519 1.00095 1.14461 1.03023 1.02783 
0006 0.0694413	0.950601 1.15436 1.32452 1.13927 1.04927 1.09789 1.08401 1.1806 1.1445 1.03089 
0007 0.120258	1.12471 1.03667 1.03909 1.14178 1.06757 1.12452 0.978088 1.07581 1.06811 1.03706 
0010 0.113649	0.857338 0.995871 1.02873 0.915167 0.947247 0.912271 1.06019 0.93743 0.924953 0.975895 
0011 0.0792984	1.08533 1.19668 1.22003 1.08741 1.08966 1.07536 1.11048 1.18279 1.18017 1.0174 
0012 0.133747	1.00843 1.1142 1.0657 1.07223 1.05155 1.07398 1.04413 1.13952 1.13175 1.02511 
0013 0.0440344	0.982799 1.15553 1.03209 0.960077 1.08381 1.00644 1.08776 1.07402 1.06589 0.99576 
0014 0.184908	1.01189 1.06308 0.985936 1.00673 1.0102 1.01053 1.03949 1.01339 1.03496 0.992997 
0015 0.179609	1.00241 0.967116 0.856817 0.943628 0.989907 0.931407 0.95207 0.919771 0.916314 1.01694 
0016 0.0835008	0.89765 0.889873 0.80928 0.90136 0.924328 0.876517 0.92568 0.889467 0.826993 0.987216 
0017 0.181253	0.939925 1.01731 0.958049 1.07317 1.00106 1.02538 0.963445 0.981384 1.03374 1.03656 
0020 0.144984	1.13786 1.0944 1.07494 1.07445 1.04896 1.10155 1.01632 1.0313 1.12011 1.04259 
0021 0.0670063	1.20744 1.16952 1.22801 1.16422 1.10133 1.16631 1.07816 1.20825 1.2017 1.00574 
0022 0.10815	0.860304 0.906095 0.83853 0.933157 0.911109 0.855839 0.874503 0.908613 0.936725 0.984055 
0023 0.0842476	1.07143 0.982509 0.85615 0.99391 1.03424 0.997066 0.87847 0.900173 1.08054 1.04388 
0024 0.0830721	0.999414 1.13177 1.22068 1.21051 0.992768 1.01681 1.0667 1.07542 1.10368 1.01742 
0025 0.0944357	0.943622 0.944 0.820878 0.864878 0.969503 0.884051 0.946067 0.917616 0.913927 0.954655 
0026 0.170846	0.891511 1.06477 1.09927 0.993595 0.968561 0.966665 1.05993 0.983175 0.978904 0.973942 
0027 0.247257	0.942061 0.954501 0.917914 0.980915 0.981821 0.905947 0.915213 0.928207 0.989258 1.02131 
0030 0.0687216	0.881985 0.994748 1.03463 0.933977 0.978814 0.92653 1.08203 0.976167 0.922173 0.996643 
0031 0.0692269	0.818669 0.878661 0.856519 0.891087 0.910844 0.817206 0.952814 0.889001 0.903776 1.03968 
0032 0.0818595	0.934175 0.930287 0.977831 1.02619 0.955681 0.932815 0.998126 0.990004 0.922215 0.975372 
0033 0.233451	1.08166 1.15113 1.18542 1.11052 1.08115 1.12677 1.10219 1.13611 1.0964 1.01676 
0034 0.122284	0.983034 0.889558 0.855718 0.940164 0.966869 0.904577 0.91341 0.913756 0.891782 0.997984 
0035 0.228903	1.04045 1.00824 0.957099 1.07906 1.01615 1.01799 0.947643 1.01304 1.04116 1.07933 
0036 0.120263	0.967571 0.974756 0.976895 0.991041 1.04389 1.02105 1.02156 1.04124 0.98594 1.03808 
0037 0.0752906	0.98793 1.00194 0.985455 0.967069 0.996471 0.912818 1.03193 1.00145 0.946465 1.00289 
0040 0.0909091	1.00206 1.2293 1.20665 1.02465 1.09065 1.04554 1.1178 1.13027 1.18616 1.04236 
0041 0.134574	1.00775 1.07426 1.16128 0.961116 1.02449 0.991689 1.04699 1.08075 0.987238 1.03938 
0042 0.0801718	0.961777 1.03883 1.05864 1.05939 1.02375 0.989226 0.938226 1.09261 1.0446 1.05636 
0043 0.0901933	1.00119 1.15469 1.25846 1.1511 1.02083 1.12947 1.08164 1.15555 1.06696 0.966285 
0044 0.0744452	1.01104 0.878765 0.85595 0.9446 0.94406 0.959792 0.893531 0.848641 0.858938 0.975491 
0045 0.257695	1.01486 0.988147 0.947487 0.999631 1.01861 1.01002 0.982247 1.04827 1.02791 1.0197 
0046 0.164639	0.894988 1.01949 0.976318 0.911925 0.955542 0.894146 1.00765 0.963496 0.917185 0.947783 
0047 0.107373	0.917383 0.981533 0.857337 0.866823 0.993535 0.908189 0.877541 0.969883 1.00614 1.05139 
0050 0.17621	0.906087 1.00768 0.99797 0.95307 0.957631 0.931772 1.0067 1.01311 0.928711 0.987269 
0051 0.117246	0.865538 1.0935 1.24015 1.07936 0.998131 0.949538 1.09823 1.08036 1.04064 1.02345 
0052 0.0620314	1.21437 0.994711 0.942316 1.09885 1.02614 1.11688 0.947526 0.9301 1.09048 1.03826 
0053 0.285958	1.00554 0.94942 0.847972 0.959885 0.972856 0.941686 0.917162 0.947035 0.986632 0.968416 
0054 0.0576005	1.0475 1.14492 1.09858 0.956293 1.05004 1.01798 1.12503 1.06767 1.05514 0.962861 
0055 0.0988412	1.24098 1.09693 1.07383 1.09512 1.0747 1.13164 1.09748 1.01595 1.13821 0.991356 
0056 0.0988412	1.05523 1.26295 1.21109 1.09003 1.06556 1.12405 1.2083 1.07564 1.12969 0.978191 
0057 0.103272	0.882557 1.05632 0.988841 0.982245 0.99433 0.969174 1.04333 1.02429 1.04179 1.02749 
0060 0.132639	1.08972 1.03017 1.05569 1.09672 0.9964 1.0524 0.987067 0.998804 1.06443 0.964873 
0061 0.177431	0.900777 0.927813 0.961451 0.952831 0.945044 0.874081 1.01442 0.91609 0.935041 0.964402 
0062 0.147222	1.07995 1.08437 1.11421 1.05364 1.0552 1.06987 1.07695 1.04636 1.24632 1.03033 
0063 0.117361	1.15082 0.977432 1.00688 1.02584 1.04584 1.07935 0.993484 0.952844 1.06641 1.02437 
0064 0.112847	1.00924 1.17048 1.23279 1.19027 1.08282 1.16089 1.09015 1.10306 1.15042 1.04664 
0065 0.147222	0.930592 0.97321 0.909972 0.917658 0.994054 0.94546 0.999095 0.971844 1.00998 1.04109 
0066 0.0833333	0.837494 1.00087 1.07523 1.05162 0.977548 0.916827 1.03585 1.0931 0.974594 1.04286 
0067 0.0819444	0.940967 0.879623 0.817897 0.888738 0.88576 0.855689 0.968507 0.829091 0.91638 0.97598 
0070 0.157855	1.03196 1.11785 1.12936 1.0362 1.07517 1.10311 1.01435 1.05593 1.08498 1.03246 
0071 0.0513595	0.803175 1.0461 1.17399 1.08095 1.04256 1.07766 1.0027 1.12607 1.09401 1.03955 
0072 0.0883686	1.07032 0.947305 0.92536 1.04986 1.01146 1.02212 0.919444 0.985066 1.0192 0.987429 
0073 0.0936556	0.903517 1.07023 1.2047 1.01008 0.996264 0.998791 1.06551 1.03371 0.932965 0.987996 
0074 0.0626888	0.890543 1.20296 1.347 1.09002 1.10418 1.14479 1.17335 1.23839 1.115 1.03637 
0075 0.111782	0.933171 0.978074 1.12095 1.03356 1.00606 0.971036 0.976106 1.08344 1.00212 1.02549 
0076 0.233384	0.85851 0.860952 0.825814 0.895888 0.965965 0.941549 0.861404 0.948594 0.905649 1.01141 
0077 0.200906	0.9906 0.951965 1.0026 0.930014 0.992582 0.973592 0.968258 1.0203 0.993484 0.98489 
0100 0.172569	0.955447 0.910014 0.899996 0.94323 0.970151 0.928666 1.00075 0.962269 0.914699 1.00131 
0101 0.0550063	0.811092 1.03711 1.18955 1.08097 0.961602 1.00963 1.1029 1.07232 0.935328 1.01175 
0102 0.147043	1.06901 0.987865 0.881347 0.96842 1.02231 0.989912 0.993586 0.982364 0.962838 1.01423 
0103 0.127988	0.953654 1.14478 1.22021 1.11111 1.02387 0.994853 1.13626 1.08911 0.99027 1.00569 
0104 0.0816106	0.910098 0.843464 0.797647 0.861989 0.947327 0.902283 0.947507 0.864947 0.813321 0.98043 
0105 0.17886	0.929444 0.981695 1.04673 0.987074 0.959308 0.938461 1.07355 0.950367 0.887523 0.978651 
0106 0.129786	0.986505 1.05791 1.10064 1.01868 1.02892 0.973452 1.07997 1.12076 0.975833 0.990388 
0107 0.107136	1.11966 1.04458 1.05841 1.08289 1.07046 1.13321 1.0638 1.09382 1.08244 1.01279 
0110 0.225464	1.08749 0.966765 0.857696 0.972307 1.00345 0.986185 0.966639 0.881245 1.00857 0.980896 
0111 0.0825418	1.03791 1.13286 1.1548 1.00358 1.06127 0.97848 1.16535 1.04672 1.07406 0.963677 
0112 0.0472637	1.05721 1.03021 0.964471 1.03906 1.03591 1.09115 1.02718 1.0059 1.08331 1.02967 
0113 0.197648	1.13898 1.09538 1.12335 1.09085 1.07396 1.17511 1.09644 1.05597 1.19171 1.04799 
0114 0.0474898	0.885382 1.06778 1.00578 0.920523 1.0473 0.990318 1.0595 1.07816 1.06886 1.00514 
0115 0.145635	0.911761 1.03186 1.05561 0.989633 0.98203 0.997678 1.05889 1.02988 1.07646 0.982114 
0116 0.0694256	0.81598 1.14848 1.1802 1.05418 0.992928 1.03254 1.13467 1.10602 1.19874 0.979023 
0117 0.184532	0.979776 0.929061 0.885703 0.964572 0.930983 0.988663 0.990215 0.901297 0.899076 0.971255 
0120 0.117627	0.931182 1.1807 1.19581 1.08194 1.04667 1.08873 1.12968 1.11404 1.13553 0.967012 
0121 0.038634	0.995121 0.874781 0.859783 0.947784 0.949726 0.934604 0.92411 0.859989 0.919536 0.952555 
0122 0.188341	0.961525 0.990672 0.887817 0.90903 0.990743 0.913654 0.936991 0.928132 0.941988 0.982145 
0123 0.188686	0.988961 1.09066 1.07323 1.05534 1.00264 1.07452 1.05826 1.0124 1.0204 1.01219 
0124 0.0482925	0.889933 0.939302 0.891113 1.03054 0.96521 0.933723 0.916223 0.941999 0.98709 1.03824 
0125 0.180062	1.03717 1.01956 0.972409 0.989758 0.9736 0.969624 1.02732 0.943219 0.985982 0.956325 
0126 0.147982	1.10552 1.09244 0.993257 1.02641 1.05334 1.05999 0.995795 1.01248 1.01647 0.993844 
0127 0.090376	0.922822 0.913763 0.860415 0.872024 0.926584 0.87496 0.96405 0.906501 0.928293 0.951877 
0130 0.190292	0.960697 1.02648 1.17616 1.05301 0.994085 0.951202 1.12465 1.03288 1.00671 1.00871 
0131 0.0817462	1.14195 1.0309 1.02692 1.10097 1.07437 1.23905 1.02823 1.0301 1.066 1.00215 
0132 0.108714	0.987044 1.19717 1.23332 1.10186 1.07783 1.15693 1.12471 1.13898 1.14177 0.998401 
0133 0.168212	0.987067 0.916507 0.885216 0.942307 0.994004 1.01138 0.958347 0.942286 0.956581 1.01831 
0134 0.0601719	1.04522 0.886169 0.868589 1.06409 1.02142 1.08056 0.904625 0.922712 1.04693 1.07961 
0135 0.11377	1.28078 0.971946 0.918748 1.02641 1.01489 1.08486 0.93864 0.897011 0.995466 0.981881 
0136 0.118321	0.90046 1.00139 1.03601 0.953441 0.959702 0.951709 1.03815 0.966603 0.991907 1.02103 
0137 0.158773	1.0032 0.892048 0.845389 0.923949 0.939916 0.944532 0.988108 0.840689 0.902653 1.00302 
0140 0.081771	1.14791 0.982558 0.842141 0.973492 1.03953 1.08887 0.904654 0.955011 0.961229 1.04129 
0141 0.0630224	1.0836 1.08526 1.08684 0.987796 1.05016 1.01387 1.02238 1.08395 1.11299 1.06228 
0142 0.107748	0.975106 1.05014 1.15269 1.01657 0.966649 1.01167 0.995198 1.01616 1.08486 1.01896 
0143 0.248249	1.00695 0.990732 1.02219 0.96438 0.989242 1.03165 1.00347 0.972605 1.01127 0.997519 
0144 0.0627965	0.881894 0.915557 0.857803 0.860867 0.915502 0.871367 0.934585 0.881268 0.891825 1.00154 
0145 0.0618929	1.13508 1.05954 1.04163 1.10738 1.08565 1.16142 0.93964 1.05568 1.12567 1.03194 
0146 0.201943	1.07763 1.14905 1.21713 1.06807 1.05567 1.02272 1.05691 1.1366 1.16634 1.03676 
0147 0.172577	0.853788 0.911753 0.952396 0.965383 0.972593 0.97871 0.92982 0.939236 0.993994 1.06977 
0150 0.0918678	0.871705 1.14549 1.28954 1.06852 0.982898 0.98718 1.20654 1.17908 1.02754 0.971989 
0151 0.073588	0.948502 0.81667 0.842847 0.958444 0.906437 0.987054 0.930632 0.850319 0.83052 1.00813 
0152 0.0799156	0.959033 1.15032 1.22199 1.05381 1.05176 1.07649 1.13742 1.19454 0.976661 0.978873 
0153 0.196625	1.16156 1.04199 1.10294 1.10077 1.07933 1.14787 0.993177 1.14366 1.04937 1.01288 
0154 0.245606	1.01872 0.923775 0.933544 1.03466 0.982346 1.05377 0.942416 0.955064 1.0336 0.980274 
0155 0.0550738	0.980107 0.868519 0.76218 0.822524 0.939128 0.929548 0.960403 0.845932 0.84837 0.970338 
0156 0.166159	0.971617 1.01899 0.98146 0.951784 0.999576 0.988301 1.09009 0.983934 0.890567 0.990851 
0157 0.0911648	1.11697 0.847714 0.743547 0.907926 1.01195 1.00768 0.905472 0.897259 0.891493 1.01216 
0160 0.121522	0.982152 1.00076 1.05615 1.06898 1.02442 1.02081 1.01997 1.0151 1.07557 1.02488 
0161 0.0805932	1.12467 1.10903 1.19663 1.10606 1.05158 1.13303 1.08103 1.10614 1.11924 0.966429 
0162 0.0663371	1.14425 1.09229 1.044 0.986601 1.09301 1.11696 1.0439 1.05098 1.10015 1.0212 
0163 0.0936997	1.01248 1.12656 1.33183 1.11844 1.01397 1.04103 1.10125 1.16057 1.1477 1.02852 
0164 0.1682	1.07156 0.964972 0.967324 0.933365 1.02214 0.972669 1.00577 0.976172 0.995068 1.02493 
0165 0.113704	0.899575 1.05993 1.20761 0.983698 0.998419 0.926874 1.13043 1.09596 0.967896 0.974226 
0166 0.101633	0.925987 0.956573 1.04658 1.00279 0.923257 0.938798 1.04795 0.967662 0.97479 1.05834 
0167 0.254311	0.987673 0.914203 0.935136 0.918328 0.956186 0.92016 0.948792 0.958641 0.976362 1.03722 
0170 0.0851835	0.877332 0.976767 0.977676 0.954384 1.01571 0.963277 1.01457 1.05373 0.94748 1.00633 
0171 0.130041	1.03538 0.893083 0.894627 0.92829 0.951301 0.941194 0.953469 0.889021 0.915791 1.01501 
0172 0.0824649	0.908133 0.973924 1.02419 1.10368 0.981421 0.957761 1.03153 1.06859 1.00744 0.99072 
0173 0.161305	0.999389 1.12517 1.19973 1.14767 1.09094 1.19023 1.11779 1.25201 1.08634 1.0265 
0174 0.0992297	1.10764 0.999544 0.985829 1.07 1.02695 1.03415 1.00586 1.00977 1.08831 1.02046 
0175 0.104214	1.01242 0.827042 0.809069 1.0148 0.951442 0.942186 0.86148 0.899096 0.869899 0.970375 
0176 0.132759	1.14608 0.952622 0.908072 0.964152 1.04222 0.966039 0.991409 0.944934 0.963227 1.00852 
0177 0.204803	0.998624 1.08802 1.08074 1.00302 1.01221 1.03507 1.09645 1.11126 1.04202 0.971303 
1000 0.131823	0.968541 1.03951 0.993168 0.925035 1.00751 0.989198 1.02755 0.952395 0.923938 0.982449 
1001 0.0737312	0.952861 0.936472 0.865077 0.888426 0.9514 0.941607 0.919897 0.862465 0.828123 0.965784 
1002 0.078519	0.844211 1.05407 1.06042 1.00054 0.955402 0.96016 1.05633 1.0482 0.94877 0.95945 
1003 0.205554	0.965332 1.02162 1.11652 1.06565 1.00487 1.06039 1.03806 1.06406 1.01203 0.951108 
1004 0.234919	0.992311 1.13579 1.17399 1.04262 1.06226 1.11467 1.12446 1.09021 1.13733 1.00443 
1005 0.0705394	0.855274 0.85768 0.8525 0.904367 0.898069 0.886616 0.878204 0.838637 0.886485 0.933048 
1006 0.0491542	1.07398 1.07186 0.995002 0.975107 1.06218 1.03325 1.0042 1.01825 1.09252 1.03074 
1007 0.155761	0.987131 0.953626 0.913633 0.977065 0.970807 1.01899 0.937164 0.940792 1.01367 0.985374 
1010 0.151826	1.14137 1.01474 0.944393 0.981264 1.00081 1.08426 0.964678 0.893066 0.923799 0.986712 
1011 0.0958904	1.04685 1.03484 1.01656 0.943717 1.03684 1.05887 1.00424 1.03997 0.939346 1.01812 
1012 0.11016	1.17168 1.07159 1.0187 1.01054 1.05024 1.05964 0.986981 1.05128 0.988138 1.00317 
1013 0.0827626	0.993539 0.870343 0.745379 0.859258 0.919137 0.915482 0.882037 0.866874 0.822393 1.00725 
1014 0.0445205	1.02279 1.06942 1.19898 1.06975 1.01671 1.12092 1.05543 1.07208 1.05944 0.970432 
1015 0.158105	0.92935 0.943258 0.960311 0.902473 0.964726 0.941874 0.984698 0.972016 0.88454 0.973032 
1016 0.22032	1.05449 0.937415 0.981964 1.01748 0.976022 0.949255 0.924565 0.993183 0.9196 1.00227 
1017 0.136416	1.01332 1.13109 1.16252 1.06224 1.07338 1.03303 1.03636 1.14135 1.06723 0.997014 
1020 0.110035	1.08532 1.0799 1.00844 1.04559 1.04805 1.09612 1.00865 0.982805 1.05183 1.01897 
1021 0.181325	0.854619 1.0416 1.0317 0.935524 0.964954 0.945867 1.10545 0.944696 0.960253 0.983709 
1022 0.132119	0.823595 0.904914 0.847159 0.932451 0.913718 0.887696 1.03638 0.883471 0.885232 0.94567 
1023 0.158078	1.03678 0.873128 0.833336 1.00655 0.995656 0.98057 0.905018 0.946428 0.903758 1.03768 
1024 0.129407	0.868943 1.07699 1.1435 1.08234 0.98648 0.915814 1.05116 1.06991 1.05676 1.00742 
1025 0.146842	1.05422 1.02275 0.853129 0.945615 1.02107 1.04411 0.995555 0.984695 1.03619 0.989362 
1026 0.101124	0.93254 1.13619 1.33841 1.14539 1.06428 1.09711 1.11346 1.16783 1.18791 1.00964 
1027 0.0410694	1.07666 1.05605 0.994219 1.04681 1.11435 1.13572 1.04842 1.08555 1.06082 1.04889 
1030 0.130714	0.885798 1.09777 1.16537 1.04229 0.958447 0.990824 1.11427 1.015 1.06381 0.984768 
1031 0.0782755	1.07235 1.01226 0.855243 0.916793 1.00559 1.00821 0.99161 0.991433 0.995287 0.984466 
1032 0.174438	1.0146 0.989471 0.914942 0.996055 1.01324 0.971644 0.959692 1.01565 1.01956 1.05077 
1033 0.143403	1.05218 1.1536 1.04412 1.02845 1.08722 1.08537 1.03995 1.12895 1.11458 1.05481 
1034 0.105794	0.890688 0.85496 0.737132 0.860042 0.934373 0.854767 0.936391 0.825608 0.903775 0.995321 
1035 0.188045	1.06839 1.05964 1.05721 1.10975 1.02436 1.09154 1.04902 1.07526 1.04175 1.00439 
1036 0.123529	0.92719 0.98409 0.973706 0.91925 0.951689 0.937191 1.0556 0.980816 0.927473 1.02009 
1037 0.0558019	0.983201 1.26783 1.37281 1.11776 1.06289 1.09885 1.19558 1.21421 1.22657 1.0114 
1040 0.20972	0.872993 0.972698 1.09366 0.984537 0.976936 0.89142 1.02214 1.109 0.94802 1.05568 
1041 0.0684112	1.0077 1.1523 1.2773 1.08815 1.05763 1.05278 1.17639 1.19172 1.13658 1.03382 
1042 0.261495	1.04834 1.00265 0.996172 1.02467 0.993606 1.0413 1.01932 0.945796 0.966843 0.990173 
1043 0.0611215	0.98913 0.974608 0.902509 0.918944 1.02268 0.935536 1.00254 0.984595 0.973803 0.972732 
1044 0.154393	0.93763 0.90158 0.911253 0.886838 0.919617 0.814653 0.94774 0.943519 0.908343 0.981476 
1045 0.0902804	0.985397 1.14779 1.14916 1.08548 1.01144 1.02115 1.10846 1.09499 1.04356 1.0069 
1046 0.0768224	1.18448 1.16927 1.00078 1.05876 1.08154 1.08149 1.09338 1.09399 1.04275 1.03573 
1047 0.077757	1.06681 1.06308 1.09114 1.10408 1.04535 1.07812 1.04831 1.07097 1.06695 1.00213 
1050 0.0786767	1.07841 1.08557 0.991203 1.04036 1.10047 1.09556 0.980611 1.11264 1.15073 1.01226 
1051 0.0959133	1.0193 1.1579 1.20898 1.11228 1.0518 1.09243 1.01478 1.15484 1.20518 0.985295 
1052 0.104254	1.14101 1.08637 1.0248 1.09974 1.03825 1.10666 0.982615 1.07438 1.0994 1.03546 
1053 0.11593	0.964571 1.0207 1.04059 1.04338 0.99763 0.986101 0.99516 1.01338 1.03372 0.987556 
1054 0.17181	0.957431 0.953088 0.928176 0.951828 0.952256 0.955467 0.920285 1.00496 0.963164 0.998208 
1055 0.0797887	0.921723 1.1461 1.1993 0.97195 1.01893 0.989812 1.08876 1.14099 1.05887 0.992203 
1056 0.110092	0.970357 0.883106 0.820144 0.917738 0.946273 0.933197 0.864912 0.93086 0.91203 0.962147 
1057 0.243536	1.04558 1.02867 0.939431 0.941583 1.00995 1.00309 0.959588 0.944936 1.07173 1.00193 
1060 0.0785891	1.18534 1.14253 1.13319 1.11534 1.05147 1.21352 1.08038 1.09793 1.1051 0.94671 
1061 0.0990099	0.845358 0.950694 0.940243 0.880449 0.968778 1.02285 0.978489 0.912811 0.939492 1.01155 
1062 0.0550743	0.951544 0.955799 1.06733 1.04506 0.940215 1.01736 0.96432 1.0267 0.988503 0.964254 
1063 0.0977723	1.11839 0.948011 0.814649 0.970387 1.0095 1.04983 0.941372 0.87222 1.0283 0.985669 
1064 0.117574	0.910103 0.85987 0.911058 0.974755 0.925862 0.968981 0.936556 0.869652 0.890623 0.957258 
1065 0.209777	0.902109 1.07138 1.1292 1.05285 1.04585 1.17858 1.04156 1.06801 1.1166 1.02099 
1066 0.12995	0.90882 0.964297 1.02659 0.989203 1.01495 1.04705 0.924427 1.02657 0.997576 1.0523 
1067 0.212252	0.944531 1.0355 1.04166 1.0038 1.00799 1.10084 1.01546 1.06141 1.02453 0.95293 
1070 0.137467	0.986676 0.93571 0.984656 1.04916 0.945613 0.998911 0.982248 0.976462 0.944441 0.993343 
1071 0.061129	1.10016 0.988221 0.95531 0.933554 1.03604 1.05055 0.962833 0.9762 0.982724 0.991198 
1072 0.114946	0.889197 1.0636 1.13464 1.02271 0.986252 1.02717 1.00372 1.09642 1.12282 1.00305 
1073 0.273179	0.964608 0.899692 0.894775 0.930007 0.968374 0.955279 0.967872 0.933018 0.910601 1.02895 
1074 0.125183	1.17903 0.975917 0.94939 1.08722 1.04915 1.16837 0.935323 1.01843 1.07552 1.01746 
1075 0.102954	0.936727 1.12814 1.21871 1.01646 1.04221 1.08619 1.09827 1.1261 1.03766 0.979756 
1076 0.0848201	1.13657 1.0904 1.12197 1.09149 1.08754 1.16088 1.03579 1.08922 1.0999 1.00581 
1077 0.100322	1.03438 1.02934 1.03964 1.10893 0.994705 1.18942 0.963741 1.00888 1.03052 0.963736 
1100 0.200171	0.991283 0.895355 0.846403 0.945193 0.942049 0.957691 0.929753 0.836949 0.884648 1.01973 
1101 0.0550576	1.13491 0.963907 0.999784 1.15451 1.0459 1.11231 0.922785 1.04332 1.09821 1.03216 
1102 0.17627	0.96569 1.07634 1.07417 1.00664 1.00634 1.04722 1.07448 1.01626 0.991243 1.04927 
1103 0.0580452	1.15068 1.13485 1.27856 1.19309 1.04987 1.14692 1.05563 1.18196 1.11341 1.01299 
1104 0.0635937	0.781855 1.01467 0.942531 0.873178 0.938034 0.871059 1.02507 1.04196 0.824886 0.977589 
1105 0.0870679	0.929003 1.09103 1.28309 1.08239 1.00808 0.98174 1.13127 1.09953 1.0313 1.00759 
1106 0.188647	0.829014 1.00888 0.98109 0.973015 0.967244 0.932603 1.0493 0.981047 0.976063 1.01166 
1107 0.171148	1.07704 1.05543 0.937013 1.04522 1.0414 1.07735 0.975871 0.995865 0.989138 0.994851 
1110 0.0807636	1.00867 0.863127 0.773552 0.860008 0.973814 0.92099 0.902607 0.855322 0.887461 0.90085 
1111 0.0631424	0.994755 1.0962 1.18 1.10348 1.07738 1.12609 1.07095 1.06415 1.12367 0.996409 
1112 0.0499266	0.979088 1.15565 1.14349 0.972597 1.04809 1.04238 1.13717 1.03342 1.12973 0.971574 
1113 0.135095	1.05048 1.05203 0.992332 0.999277 0.99116 0.961777 1.00037 0.998115 0.994439 0.973279 
1114 0.0734214	1.12602 0.913726 0.799096 1.00754 1.02852 1.0756 0.901192 0.954729 1.05225 0.98945 
1115 0.232012	0.903792 0.961614 1.00716 1.00304 0.999097 0.985493 1.04137 0.961345 0.944523 1.01047 
1116 0.120411	0.800929 1.10452 1.2844 1.06372 1.01432 1.01696 1.15692 1.13845 1.02245 1.00763 
1117 0.245228	0.919736 0.911314 0.949253 0.952534 0.943475 0.893634 0.935555 0.936061 0.947525 0.965037 
1120 0.171364	0.88397 0.954548 0.913293 0.919199 0.940555 0.836093 0.971334 1.02032 0.902752 1.02163 
1121 0.234091	1.08635 0.912317 0.853191 0.986195 0.973996 0.96671 0.952478 0.993407 0.987112 1.01258 
1122 0.124545	1.05812 1.12481 1.1771 1.0492 1.04889 1.12208 1.14048 1.1553 1.07744 0.962064 
1123 0.144091	1.02984 1.05674 1.05918 1.09908 1.05221 1.17677 1.03547 1.1511 1.01975 1.007 
1124 0.0790909	1.12196 1.03572 1.10017 1.09806 1.00093 1.05643 1.01502 1.06053 0.99706 0.980408 
1125 0.0777273	1.13978 0.976693 0.927087 1.13436 1.01131 1.11292 0.979143 1.03128 1.06978 1.03488 
1126 0.0472727	0.997646 1.00192 1.01093 0.954071 0.978683 0.944655 0.98832 1.05908 0.963348 1.06778 
1127 0.121818	1.06092 0.992746 0.936477 1.00393 1.05153 1.03191 0.928777 1.01692 1.01545 1.03663 
1130 0.220859	0.978935 0.987024 1.03182 1.00094 0.983872 0.972935 1.06949 0.982296 1.03696 0.986519 
1131 0.107362	1.15315 0.91758 0.776598 0.969834 0.985776 0.992236 0.98322 0.860462 1.00782 1.0188 
1132 0.0705521	1.08234 0.939811 0.895459 0.923663 1.00953 0.977991 1.01232 0.972125 0.939783 1.01525 
1133 0.113497	1.06003 1.20964 1.32075 1.10962 1.01792 1.04647 1.23281 1.11535 1.06093 1.01843 
1134 0.0490798	1.05082 1.04203 0.916021 1.01785 1.04696 0.996247 1.02777 0.96408 1.05874 1.02786 
1135 0.154908	0.943385 0.893964 0.846492 0.915661 0.939776 0.900799 0.945957 0.87191 0.893855 0.952749 
1136 0.122699	0.961107 1.04326 1.08302 1.01234 1.01035 1.01858 1.08645 1.05682 1.09199 0.947968 
1137 0.161043	1.04605 1.10594 1.15842 1.08784 1.06085 0.99725 1.11617 1.06851 1.11967 0.987568 
1140 0.0993691	1.03655 0.822923 0.767856 0.947775 0.962045 0.931985 0.846567 0.868241 0.888842 0.993892 
1141 0.268139	0.937268 1.07215 1.0833 1.09391 1.00416 1.03889 1.02816 1.07989 1.1134 0.975212 
1142 0.104101	1.04563 1.23745 1.17541 1.08935 1.09873 1.11155 1.04444 1.16499 1.13788 0.982459 
1143 0.0694006	0.907316 0.878217 0.840358 1.00067 0.964998 0.944744 0.925433 0.910566 0.912597 0.991785 
1144 0.107256	0.952328 0.983982 0.945406 1.03671 0.999044 0.989225 0.969215 0.964236 0.969398 0.94664 
1145 0.0914826	0.869864 0.996302 1.0334 1.02229 0.981356 0.905638 0.980483 1.00181 0.961822 1.027 
1146 0.118297	0.862517 0.949746 0.969253 0.913042 0.945913 0.916091 1.03179 0.906772 0.891169 0.899866 
1147 0.141956	1.02373 0.987369 0.841784 1.01153 1.01567 1.0771 0.976925 0.974302 1.07651 0.999657 
1150 0.131868	1.22865 1.01494 0.971422 1.00148 1.04361 1.04635 1.0059 0.952777 1.03371 1.04434 
1151 0.150465	1.15392 1.13634 1.11334 1.05123 1.09754 1.12623 1.09577 1.12297 1.17291 1.04775 
1152 0.0642434	1.02344 0.856357 0.756523 0.904778 0.964061 0.950952 0.873696 0.831488 0.887728 0.986416 
1153 0.0938292	1.01082 0.933543 0.987127 1.03554 0.989608 0.999222 0.979899 0.967236 0.959718 1.0275 
1154 0.154691	0.936824 1.057 1.14683 0.974415 0.989216 0.993337 1.12051 1.07697 1.08053 0.94849 
1155 0.0912933	0.98695 0.94326 0.877992 0.961318 0.981777 0.935053 0.967547 0.908028 1.00758 1.06275 
1156 0.201183	0.983569 0.94952 0.881303 0.964986 0.972927 0.974994 1.00594 0.938387 0.941814 0.981109 
1157 0.112426	1.08832 1.12127 1.10274 1.09814 1.02866 1.09681 1.10871 0.995265 1.10141 1.00253 
1160 0.234605	0.959568 0.995216 0.931853 0.997695 0.997895 1.01837 0.995344 1.02545 1.02524 1.06025 
1161 0.0971379	0.926669 0.901225 0.847344 0.899009 0.941547 0.930692 0.901247 0.894205 0.922217 0.985769 
1162 0.111448	0.919954 0.979004 0.909193 1.01316 0.9508 0.986556 0.939319 0.926021 0.994899 1.02879 
1163 0.0719861	0.957265 1.09094 1.16575 1.15303 1.02894 1.08119 1.12045 1.17718 1.05008 1.04608 
1164 0.113183	1.14588 1.09233 0.926113 0.998599 1.0479 1.06948 1.01767 1.02004 1.06759 1.03402 
1165 0.122723	0.825063 1.02668 0.944719 0.949065 0.965261 0.909468 1.03534 1.00347 0.907888 0.991669 
1166 0.175629	1.00123 1.16319 1.09415 1.06682 1.05506 1.0601 1.11167 1.12006 1.08779 1.01381 
1167 0.0732871	1.18617 1.11597 1.02358 1.15681 1.11941 1.16772 0.95028 1.15913 1.1396 1.05378 
1170 0.158192	1.10935 1.08211 1.0992 1.0577 1.08466 1.04684 1.00511 1.21989 1.08016 1.02218 
1171 0.135593	0.947488 0.927585 0.801628 0.916055 0.960758 0.899216 0.884386 1.0089 0.903867 1.04567 
1172 0.118644	0.95939 0.989251 0.934232 0.967474 0.99917 0.940579 1.02118 1.02325 0.928118 1.05554 
1173 0.149718	0.998272 0.968361 1.03634 1.10731 1.01057 0.967357 0.938115 1.05609 1.05628 1.08916 
1174 0.189266	1.12664 1.1056 1.07074 1.05082 1.01074 1.00209 1.05583 1.0647 0.99328 0.959319 
1175 0.0762712	0.815435 0.873169 0.851943 0.938956 0.900866 0.860633 0.93063 0.919166 0.871156 0.9897 
1176 0.049435	0.929365 0.991771 1.06542 0.89669 0.923405 0.814313 1.00969 1.00937 0.873492 0.954042 
1177 0.122881	1.00752 1.02405 1.02075 0.969546 0.99755 0.977015 1.00568 1.0801 0.943173 1.00336 
BOUNDS
LWPS R    0.0  0.0  0.0  0.0  0.0  0.0  0.0  0.0  0.0  0.0
UWPS R    0.5  0.5  0.5  0.5  0.5  0.5  0.5  0.5  0.5  0.5
LXAS R   -0.5 -0.5 -0.5 -0.5 -0.5 -0.5 -0.5 -0.5 -0.5 -0.5
UXAS R    0.5  0.5  0.5  0.5  0.5  0.5  0.5  0.5  0.5  0.5
END
