NAME moment_estimation_cluster
ASSETS 10
BENCHMARKS 0.1 0.1 0.1 0.1 0.1 0.1 0.1 0.1 0.1 0.1 
COVARIANCES
0 0 0.0179186
1 0 0.0145941
1 1 0.0164905
2 0 0.00669239
2 1 0.00780835
2 2 0.00681503
3 0 0.00823886
3 1 0.00673144
3 2 0.00459417
3 3 0.00729339
4 0 0.00891753
4 1 0.0070859
4 2 0.00356094
4 3 0.00589554
4 4 0.00639303
5 0 -0.00193669
5 1 0.000331868
5 2 0.00195309
5 3 0.000643047
5 4 -0.000776783
5 5 0.00495043
6 0 -0.00387334
6 1 -0.00430425
6 2 -0.00122764
6 3 -8.46039e-05
6 4 -0.000978402
6 5 0.00132948
6 6 0.00253025
7 0 -0.00871856
7 1 -0.0122548
7 2 -0.00506593
7 3 -0.000882358
7 4 -0.00196581
7 5 0.000900713
7 6 0.00513891
7 7 0.0149782
8 0 -0.0076283
8 1 -0.00608494
8 2 -0.000706573
8 3 -0.00134909
8 4 -0.00325212
8 5 0.00423993
8 6 0.00338341
8 7 0.00600785
8 8 0.00708368
9 0 -0.00185148
9 1 -0.00337952
9 2 -0.000418293
9 3 0.000598293
9 4 0.000233656
9 5 0.000664862
9 6 0.00188598
9 7 0.00493349
9 8 0.00231974
9 9 0.00248679
SCENARIOS
0 0.45608	1.14368 1.08386 1.05435 1.07472 1.06672 1.01116 0.970492 1.01407 0.975857 1.00375 
1 0.54392	0.884173 0.915816 0.960787 0.945518 0.948692 0.996156 0.997186 1.0294 1.04964 0.998886 
00 0.356867	1.11118 1.17695 1.04251 1.0792 1.07527 0.94589 0.990131 0.853062 0.9598 0.960119 
01 0.643133	0.871068 0.922982 0.963338 0.95785 0.957053 1.0098 1.05246 1.04439 1.01935 1.015 
10 0.503309	1.10563 1.11236 1.04828 1.07167 1.06142 1.02804 1.05005 0.953704 0.952847 0.999415 
11 0.496691	0.887271 0.886514 0.940356 0.931046 0.917872 0.989595 1.02698 1.03262 1.00426 1.0151 
000 0.132834	0.964479 0.969496 1.09637 0.970955 0.957065 1.0211 0.971457 1.04133 0.981698 1.04352 
001 0.0835586	1.12196 1.2378 1.18707 1.02627 0.972594 1.11484 0.940514 0.881555 0.962312 0.92398 
002 0.133509	0.841196 0.875365 0.956162 0.849741 0.877797 1.12303 0.983397 1.05816 1.00485 0.959898 
003 0.103527	1.03884 0.933734 0.945257 1.10343 1.10533 0.900751 1.02766 1.30237 1.01062 1.07414 
004 0.107766	0.885817 0.769098 0.899297 0.942534 0.970914 1.04819 1.01976 1.33116 1.00035 1.08361 
005 0.177808	1.21749 1.15265 1.13289 1.09376 1.10139 1.03462 0.932407 0.980106 0.884752 1.0162 
006 0.0714549	0.993346 0.95489 1.11152 1.18446 1.08215 1.06362 1.09885 1.25202 1.12171 1.1676 
007 0.189543	0.939369 0.940295 0.983701 0.966471 0.970742 1.02457 1.00768 1.13119 1.00906 1.02479 
010 0.126006	1.09791 0.975515 1.01362 1.13348 1.11176 1.03439 1.06583 1.10074 1.0614 1.07583 
011 0.0515478	0.955769 1.08638 1.03457 0.845435 0.858825 1.02748 0.928226 0.809185 0.952916 0.89159 
012 0.18727	1.04981 1.05912 1.04127 1.02353 1.02406 1.02579 1.00034 0.885572 1.0265 0.99182 
013 0.210555	0.792805 0.886826 0.907634 0.852124 0.889625 0.93412 1.01889 1.03292 1.05309 0.985946 
014 0.0727533	0.972091 0.826575 0.887282 1.04697 1.0439 0.943015 1.09084 1.40882 1.07175 1.12848 
015 0.073367	1.00635 1.19568 1.2022 1.05885 0.990981 1.16626 0.9668 0.815161 1.10287 0.978776 
016 0.0846857	1.3435 1.25462 1.10818 1.12655 1.13621 0.854749 0.982361 0.83859 0.887825 0.972335 
017 0.193816	0.911614 0.969762 0.919616 0.965318 0.956833 0.999332 1.03202 1.03089 1.01892 0.982498 
100 0.167592	0.891069 0.801102 0.88031 0.916609 0.917943 0.922971 0.993624 1.20919 1.01583 1.02721 
101 0.0741891	1.39551 1.386 1.13779 1.07353 1.10674 0.891784 0.862884 0.731487 0.841652 0.881911 
102 0.112434	0.986279 0.857547 0.908662 1.00134 1.03964 0.896212 1.04373 1.32974 1.04298 1.08353 
103 0.0940605	1.04102 0.974288 1.02244 0.915749 0.941251 0.978309 0.921182 0.985807 1.04927 0.998569 
104 0.164195	1.17165 1.1293 1.08571 1.01646 1.01173 1.0542 0.918662 0.941026 0.973775 0.922383 
105 0.129164	1.18158 1.06464 1.05617 1.15957 1.1592 0.97468 0.969934 1.16377 0.957042 1.03317 
106 0.140598	0.968766 0.907374 1.03668 1.06149 1.02409 1.0071 1.0545 1.08475 1.0851 1.05252 
107 0.117767	1.02748 1.04631 0.916071 0.864423 0.910392 0.870091 0.856675 0.856884 0.903286 0.923532 
110 0.0671454	1.23372 1.28016 1.14867 1.21507 1.14356 1.0033 0.987859 0.87262 0.981579 0.98067 
111 0.270025	1.15966 1.14335 1.01495 1.06018 1.07364 1.04035 1.00722 0.979308 0.975662 0.966128 
112 0.0581137	0.924317 0.876021 1.03337 1.01667 0.983543 1.16787 1.13076 1.22625 1.18708 1.08477 
113 0.0884291	0.78023 0.73987 0.892668 0.896881 0.882533 1.09915 1.06006 1.22596 1.22387 1.07078 
114 0.19011	0.971719 0.971379 0.94387 0.869159 0.899905 1.02547 0.976172 0.950375 0.967859 0.94344 
115 0.0647394	1.08619 0.936111 0.892179 0.923511 1.00716 0.871775 0.99811 1.03882 0.940903 1.02058 
116 0.129923	0.970013 1.19319 1.15905 1.05104 0.989052 1.19332 1.00995 0.922727 1.13137 0.982221 
117 0.131515	0.938732 0.884105 0.945239 1.05229 1.01894 0.972108 1.12361 1.22823 1.09992 1.05487 
0000 0.0809436	1.2301 1.10255 1.03893 1.06178 1.08593 0.998934 0.934043 0.936412 0.936948 0.957789 
0001 0.143848	1.04655 1.10526 0.953256 0.993421 1.02085 0.984154 1.01061 0.767587 0.98193 0.899941 
0002 0.231267	0.865129 0.902886 0.93582 0.887334 0.90668 0.995497 1.00292 1.02104 1.01868 0.98607 
0003 0.171138	0.96338 1.03622 1.00458 0.969276 0.982422 0.980581 1.01754 0.754566 1.03685 0.923447 
0004 0.0906568	1.06792 0.923326 0.917154 1.00973 1.03486 1.02547 1.02805 1.0513 0.971961 0.976265 
0005 0.0619796	1.08445 1.24896 1.14479 1.17642 1.11857 0.949813 0.979534 0.790115 0.978028 0.918714 
0006 0.152174	0.970245 0.947809 1.03271 1.04574 0.978679 1.28335 1.05002 1.07278 1.19526 1.02413 
0007 0.0679926	1.20731 1.18808 1.0391 1.15134 1.1494 1.19524 1.04472 0.962197 1.03043 0.949245 
0010 0.0669118	0.913478 0.956972 0.840642 0.824446 0.949783 0.878156 0.938744 0.895618 0.873347 0.977566 
0011 0.203676	0.990707 0.95082 0.904216 0.969233 1.03163 1.03487 0.995746 0.959442 0.975072 0.991776 
0012 0.2125	1.12834 1.16123 1.0877 1.10783 1.11652 0.962638 0.908302 0.828188 0.898254 0.943991 
0013 0.0507353	1.3188 1.29669 1.18795 1.05092 1.08639 1.12744 0.932983 0.781434 0.938356 0.994384 
0014 0.114706	0.915386 0.903876 1.0853 1.01223 0.980863 1.23513 1.08354 1.0426 1.22522 1.08446 
0015 0.102206	0.920615 0.912692 0.931648 0.896603 0.943158 1.01703 0.929328 0.994562 0.999061 0.991525 
0016 0.0772059	0.723496 0.815889 0.891743 0.850706 0.873921 1.16286 1.03073 1.02875 1.19108 1.03986 
0017 0.172059	1.11446 1.07541 0.98144 0.960331 1.01104 0.905107 0.898779 0.879978 0.9452 0.982588 
0020 0.0731707	1.10203 1.20221 1.10851 0.986887 1.00676 1.00343 0.931522 0.822333 0.961385 1.00582 
0021 0.26185	0.888658 0.931725 0.942704 0.981033 0.971323 0.933698 1.02652 1.18385 1.04497 1.08866 
0022 0.066728	1.04021 1.11648 0.991342 1.03424 1.07578 0.912561 0.953556 0.880829 0.932805 0.971466 
0023 0.0782329	1.35842 1.48286 1.14081 1.10662 1.09676 0.895849 0.929046 0.721182 0.907334 0.929814 
0024 0.0874367	1.00766 0.90055 0.998773 1.1084 1.03001 0.977576 1.05614 1.11197 1.08948 1.10501 
0025 0.150023	1.12645 1.20014 0.92759 0.920614 1.01322 0.875281 0.859352 0.721928 0.820582 0.892229 
0026 0.0717902	1.11537 1.09906 1.01528 1.1466 1.13557 0.933024 0.975319 1.01154 0.952142 1.07031 
0027 0.210769	0.779632 0.904591 0.971883 0.918074 0.864069 0.950737 1.06318 0.938034 1.17316 1.04658 
0030 0.223145	1.24511 1.00456 1.0093 1.04519 1.09272 0.943049 1.00617 0.994836 0.853862 1.07098 
0031 0.0997033	0.893208 0.867341 0.952673 0.966727 0.927305 1.14688 1.10342 1.08725 1.09266 1.02926 
0032 0.169139	0.954774 0.932641 1.08667 1.01205 0.96248 1.15082 1.05614 1.02566 1.06716 1.01625 
0033 0.2	1.16743 1.16208 1.12904 1.13175 1.06792 1.24437 0.986506 0.876468 0.993993 0.989832 
0034 0.0878338	0.899145 0.878088 0.975079 0.912841 0.979695 1.11268 1.06933 0.96151 0.978847 1.04385 
0035 0.0813056	1.03685 1.04931 0.968046 0.903692 0.964036 1.1558 0.989835 0.809385 0.926301 0.983368 
0036 0.0848665	0.879428 0.831357 0.932952 0.838478 0.848506 0.924169 1.05948 0.919528 0.916994 0.969558 
0037 0.0540059	0.667478 0.656288 0.942512 0.924521 0.839021 1.12087 1.14415 1.22593 1.16636 1.14262 
0040 0.104333	1.10514 1.01831 1.09381 1.17189 1.10757 0.95695 1.14748 1.17576 1.10523 1.12032 
0041 0.13569	1.08278 1.06387 1.01316 1.08629 1.03606 0.968285 1.04092 0.941562 0.986494 0.93785 
0042 0.132269	1.1871 1.19922 1.03112 0.948628 1.02312 0.972995 0.964094 0.815445 0.924598 0.8973 
0043 0.27081	0.934638 0.927073 0.954088 0.916791 0.931859 0.926262 1.01535 0.972344 0.953574 0.990773 
0044 0.139681	0.690567 0.770591 0.961718 0.931621 0.869733 1.0322 1.20517 1.16136 1.29987 1.08735 
0045 0.0667047	1.33659 1.25079 0.985113 1.11782 1.18145 0.885912 0.940609 0.8159 0.890903 0.897306 
0046 0.0581528	1.2047 1.16762 1.01982 1.04683 1.12198 0.947009 0.933313 0.955482 0.892765 0.985163 
0047 0.0923603	0.867533 0.799351 0.919764 1.00336 0.955562 0.941478 1.11828 1.25821 1.08973 1.0625 
0050 0.0901866	1.04317 1.07769 0.93733 1.10376 1.10283 1.05089 1.04741 0.952732 1.04302 0.991718 
0051 0.121977	0.827484 0.822674 0.896186 0.953222 0.948648 0.989807 1.13256 1.11976 1.24182 1.04859 
0052 0.0839668	0.92269 0.945258 0.956749 0.864834 0.953563 0.894968 0.978947 0.804117 0.964021 0.925496 
0053 0.0867312	1.16371 1.19622 1.02355 0.961928 1.05654 1.04684 0.888604 0.87054 0.936778 0.938889 
0054 0.069454	0.79408 0.78968 0.859387 0.832283 0.848623 1.03852 1.0412 1.13956 1.17449 1.02082 
0055 0.0843124	1.21431 1.20629 1.12233 1.24302 1.22804 1.02815 1.03861 0.96497 0.974479 1.04754 
0056 0.326538	0.95024 0.971148 1.02514 1.01194 0.992357 1.04697 1.04945 1.04166 1.09803 1.05965 
0057 0.136835	1.15692 1.21529 1.16667 1.12149 1.0622 1.06329 1.00753 0.768036 1.01908 0.985446 
0060 0.0567498	1.00648 1.03563 0.973185 0.886497 0.942703 1.12581 0.931367 0.85621 1.00125 0.983755 
0061 0.0808255	0.823773 0.787974 0.901313 0.799834 0.859247 1.09032 0.946197 1.07931 1.0067 1.0105 
0062 0.11006	0.745715 0.764609 0.890546 0.921692 0.889229 1.06447 1.09318 1.22189 1.1043 1.02228 
0063 0.175408	0.833716 0.862823 0.937657 0.997496 0.966485 1.02381 1.1178 1.20852 1.08879 1.01788 
0064 0.262253	1.24078 1.14711 1.10779 1.11951 1.14675 1.08846 0.984398 0.899076 0.95035 0.93493 
0065 0.103181	1.11854 1.11821 0.984796 0.968789 0.963934 1.10007 0.960756 0.831896 0.973179 0.878613 
0066 0.0980224	0.919723 1.00339 1.1367 0.956548 0.909738 1.27178 1.081 0.992372 1.12914 0.971778 
0067 0.1135	1.12434 1.25328 1.18395 1.07163 1.06653 1.23301 0.94034 0.949567 1.06976 0.978082 
0070 0.0846029	1.21217 1.14988 1.12785 1.20224 1.09247 1.03932 0.979672 0.961491 1.04075 1.00747 
0071 0.157536	0.845583 0.891602 1.01636 0.998818 0.943538 1.08997 1.07819 1.14659 1.13674 1.03805 
0072 0.204538	1.0727 1.02633 0.992591 1.06566 1.05139 0.967048 1.0666 0.915556 0.98532 0.983493 
0073 0.145543	1.0423 0.991255 0.914633 0.920552 1.01986 0.877685 0.935803 0.880378 0.877408 0.966785 
0074 0.0768233	1.30498 1.33058 1.04446 1.02813 1.07899 0.924522 0.870486 0.688314 0.863796 0.865138 
0075 0.0965964	0.975892 0.95254 0.841625 0.902666 0.904355 0.958257 0.958481 0.836458 0.889993 0.902775 
0076 0.142301	0.918435 0.901158 0.946557 0.925571 0.890053 0.988355 1.01904 0.944836 1.06672 1.02306 
0077 0.0920583	1.13927 1.05152 1.04966 1.07287 1.11218 0.991845 1.02547 0.996629 0.952516 1.02722 
0100 0.0657468	1.21344 1.29821 1.1694 1.07431 1.14554 0.859695 0.930843 0.878364 0.834464 0.97409 
0101 0.0749459	1.15349 1.09149 1.16262 1.23221 1.13021 0.971441 1.05292 1.11207 1.00837 1.03689 
0102 0.267045	1.06329 1.06647 0.963259 1.02244 1.00457 0.847893 0.954685 0.93171 0.909656 0.971036 
0103 0.104708	0.913226 0.875054 1.02894 1.05102 0.9451 1.11604 1.02781 1.14089 1.17384 1.05333 
0104 0.0579004	0.917696 0.862762 0.85904 1.03301 1.00281 0.890847 1.07664 1.24837 1.01581 1.0408 
0105 0.0814394	1.02908 1.02062 0.995659 1.07068 1.09657 0.915319 1.00842 1.13141 0.90546 1.01911 
0106 0.226461	0.840275 0.886712 0.933954 0.922671 0.906329 0.999232 0.970726 1.14616 1.0418 0.972809 
0107 0.121753	0.912399 1.1072 1.0967 1.01873 0.966677 1.10967 0.956017 0.929091 1.12435 1.01795 
0110 0.0978836	0.826741 0.846737 0.935329 0.927523 0.872459 1.13417 0.989055 1.0606 1.21666 1.06518 
0111 0.0906085	1.01256 0.906248 0.959991 1.10051 1.08753 1.06568 1.0944 1.11891 1.15922 1.05757 
0112 0.0615079	1.01752 1.05415 1.07597 1.0561 0.98849 1.11634 0.923968 0.841365 1.10394 0.962203 
0113 0.286376	1.17579 1.18832 1.06964 1.09221 1.1198 0.895635 0.930656 0.877985 0.911283 0.976034 
0114 0.137566	1.05407 1.06678 1.00483 0.975365 0.944634 0.939708 0.903418 0.776971 0.984713 0.941551 
0115 0.098545	0.727439 0.774844 0.850393 0.847338 0.874707 0.997636 1.02551 1.09571 1.17213 1.03492 
0116 0.117063	0.963571 0.934381 0.844157 0.903426 0.994986 0.763485 0.954053 0.98233 0.904949 0.997916 
0117 0.11045	0.908719 0.787316 0.970336 1.01814 0.924012 1.16536 1.13381 1.1409 1.28089 1.10871 
0120 0.200255	0.980164 1.015 1.10597 1.02791 0.992058 0.945128 0.971564 0.92743 1.0011 1.01829 
0121 0.109776	1.16886 1.1762 0.990682 1.05053 1.13619 0.979122 0.897707 0.956904 0.835426 0.965314 
0122 0.0588021	1.11091 0.962361 0.879042 0.940899 1.02692 0.8734 0.930796 1.00679 0.864175 0.964008 
0123 0.10304	0.81932 0.924266 0.961636 0.856959 0.870278 0.894501 0.929665 1.00149 0.937448 0.934054 
0124 0.159112	0.890008 0.894484 1.01594 0.928542 0.948258 0.911902 0.982553 1.03615 1.02601 1.0576 
0125 0.180047	0.899311 0.859203 0.925974 1.00952 0.938449 1.00359 1.05663 1.06506 1.06546 1.03243 
0126 0.09503	1.25486 1.16617 1.11076 1.15498 1.12939 0.866108 0.931475 0.939512 0.873789 0.990349 
0127 0.0939377	0.886341 0.858534 1.05343 1.05228 0.948756 1.03892 1.09627 1.3519 1.15857 1.11847 
0130 0.0681671	1.10659 0.894949 0.832985 0.926015 0.971009 0.85075 0.955511 0.922622 0.823199 0.960629 
0131 0.0775583	1.47181 1.30842 1.17094 1.12177 1.15159 0.997652 0.858111 0.761997 0.863574 0.970614 
0132 0.129534	0.813295 0.735518 0.864137 0.909013 0.880093 1.00576 1.01343 1.18543 1.09925 1.07326 
0133 0.210816	1.25431 1.04506 0.928592 1.07499 1.11719 0.962904 0.974781 1.01792 0.838565 0.995729 
0134 0.152526	1.04366 0.930876 0.96399 0.901612 0.929877 1.05166 0.949631 0.875206 1.01392 0.969315 
0135 0.0581282	0.967451 0.817969 0.947569 1.11351 1.10455 1.08309 1.08549 1.33901 1.11635 1.14679 
0136 0.130181	0.880882 0.879996 1.03419 1.04088 0.966058 1.1242 1.07294 1.13981 1.15508 1.0857 
0137 0.173089	1.2309 1.10849 1.0963 1.00729 1.04264 1.07317 0.88557 0.797155 0.896582 0.954444 
0140 0.166823	0.773037 0.742175 0.918668 0.892773 0.865976 1.01945 1.06298 1.14589 1.18688 1.04235 
0141 0.113871	0.924988 0.890867 1.02893 1.06837 1.02579 1.10937 1.1435 1.14822 1.11545 1.0372 
0142 0.0679475	0.800169 0.896232 1.03129 0.852024 0.902386 1.03304 1.10931 0.970231 1.10764 1.06662 
0143 0.155108	1.044 1.10145 1.0025 1.00088 1.01764 1.0002 0.961283 0.815215 0.930079 0.931337 
0144 0.16448	1.13705 1.11957 1.05705 1.07544 1.09547 0.925041 0.949507 0.945816 0.925281 1.03345 
0145 0.185098	0.909887 1.03198 0.959356 0.908412 0.991233 1.0624 0.95554 0.819661 1.00513 0.939512 
0146 0.0468604	1.26891 1.25918 1.12063 1.20511 1.17085 1.03622 0.943043 0.826328 0.947554 0.974398 
0147 0.0998126	0.803545 0.927282 1.10116 0.999468 0.909902 1.28458 1.06855 0.97704 1.17734 0.97477 
0150 0.0645911	1.078 1.08874 1.15221 1.13691 1.04415 1.06386 0.989162 0.950838 1.04794 0.982617 
0151 0.131041	1.10878 0.975801 0.915166 0.935498 0.996627 0.886989 1.0044 1.07669 0.8988 0.961254 
0152 0.172862	0.928118 0.933229 0.999242 1.01328 0.973004 1.10103 1.11227 1.15183 1.1717 1.00504 
0153 0.11013	0.803489 0.743122 0.885662 0.90563 0.925622 1.00923 1.08498 1.27715 1.162 1.06839 
0154 0.0432156	1.3588 1.3436 1.14143 1.16352 1.19395 1.00416 0.922909 0.970623 0.837377 1.00318 
0155 0.192379	0.928002 0.883111 0.953102 0.896486 0.900732 0.973429 0.976984 0.887783 0.989401 0.929455 
0156 0.18355	1.28145 1.15043 0.997689 0.976887 1.01485 0.88887 0.967653 0.856416 0.898379 0.981869 
0157 0.10223	1.3848 1.19441 1.01679 1.07956 1.10472 0.907416 0.904981 0.85687 0.905104 0.914988 
0160 0.175523	0.996564 0.998499 0.889503 0.912122 1.00851 1.0059 0.929743 1.03731 0.936466 0.991699 
0161 0.0672303	0.887814 0.890721 1.01034 1.08452 1.03625 1.29415 1.09206 1.13794 1.28747 1.07277 
0162 0.21095	1.08153 1.07967 1.07547 1.15975 1.18213 1.19524 0.932582 1.07448 1.00418 1.04492 
0163 0.161836	0.818321 0.874098 0.879526 0.870585 0.891033 1.03065 0.976083 1.07985 1.05849 0.93726 
0164 0.140097	1.06917 1.17485 1.09131 1.01691 1.00027 1.08401 0.910776 0.847003 1.00833 0.936758 
0165 0.0772947	0.856772 1.00108 1.05505 0.888972 0.916299 1.06391 0.957288 0.971723 1.04692 0.947295 
0166 0.0966184	0.934222 0.893477 0.948358 0.993387 0.978112 1.15564 0.990152 1.08127 1.05417 0.993844 
0167 0.0704509	1.14263 1.26775 1.10019 1.05733 1.08238 1.07476 0.885287 0.793434 0.915158 0.868297 
0170 0.127177	0.807781 0.748314 0.873077 0.902158 0.848283 0.89152 1.04341 1.18303 1.10663 1.04006 
0171 0.180651	1.09597 0.917058 0.917276 0.920395 0.988086 0.906147 0.913563 0.97796 0.916061 0.973324 
0172 0.143536	1.21519 1.16776 1.0415 1.11032 1.11172 0.978206 0.937486 0.854281 0.900072 0.976675 
0173 0.0976253	1.12147 1.0302 1.1181 1.1409 1.11708 1.03331 1.04005 1.10137 1.08957 1.10615 
0174 0.110114	1.01808 0.892091 1.00193 1.05792 0.987694 1.03215 1.04915 1.15564 1.04726 1.03456 
0175 0.064204	0.905405 0.756047 0.925073 0.994762 0.967699 0.886125 1.04968 1.33241 1.08147 1.13764 
0176 0.217414	0.989871 0.942966 1.10369 0.978255 0.926566 1.00339 0.949326 0.923704 1.02988 1.00834 
0177 0.0592788	1.45527 1.33132 1.11197 1.03858 1.08806 0.936832 0.821936 0.712875 0.795312 0.890399 
1000 0.17524	1.06626 1.10906 1.03015 0.958759 1.01406 0.954469 0.964697 0.882074 0.941425 1.00018 
1001 0.188317	0.915716 0.975348 0.923957 1.02534 1.01533 1.06529 0.988077 1.07324 1.02803 0.971269 
1002 0.151482	0.879859 0.984132 1.02109 0.890366 0.870271 1.1396 0.952798 0.976653 1.08493 0.939135 
1003 0.140148	0.808533 0.836135 0.85935 0.86367 0.914952 0.989025 1.03516 1.11945 1.0085 0.977459 
1004 0.0765039	1.04729 1.09425 1.14641 1.04629 0.977232 1.11618 1.0009 0.825689 1.10743 0.996101 
1005 0.0802092	0.935931 0.939207 1.05985 1.01253 0.971717 1.20871 1.0706 1.13003 1.2689 1.11719 
1006 0.111378	1.19101 1.29492 1.04583 1.08957 1.14272 0.941496 0.907175 0.782317 0.881293 0.939649 
1007 0.0767219	1.188 1.2035 1.06595 1.14854 1.13496 1.00487 0.986277 1.00708 0.992369 1.04664 
1010 0.0723781	1.11614 1.30717 1.15805 1.06188 1.09554 1.04724 0.913409 0.859387 0.952759 1.00164 
1011 0.0635155	0.947841 0.946412 0.903812 0.854807 0.915692 0.910452 0.909027 0.833842 0.885698 0.957009 
1012 0.0905958	1.11836 1.03238 0.970395 1.03464 1.15636 0.941344 0.999795 1.11059 0.87729 1.07206 
1013 0.156081	0.838673 0.83046 0.92745 0.895351 0.932853 1.18659 1.01654 1.15666 1.10157 1.07625 
1014 0.146726	1.00953 0.870618 0.959205 1.05292 1.01851 1.0785 1.06533 1.26043 1.07566 1.14812 
1015 0.217134	1.01852 1.08951 1.0009 0.98759 1.00361 0.995141 0.951831 0.883321 0.899137 0.962049 
1016 0.144264	0.967571 0.908581 0.88777 0.946358 0.997806 0.912522 1.07302 1.12748 0.934675 1.05454 
1017 0.109306	1.1135 1.11937 1.13502 1.20719 1.1479 1.14874 0.990194 1.12856 1.10338 1.07487 
1020 0.107537	1.02093 0.893261 0.945863 1.10564 1.08279 1.0723 1.03638 1.25953 1.00578 1.10248 
1021 0.0873944	1.22011 1.24048 1.14337 1.10548 1.09934 1.03131 0.9078 0.830811 0.865194 0.938969 
1022 0.107537	1.03806 1.00044 1.05234 0.962424 1.00449 1.01533 0.926545 0.813797 0.905084 1.00443 
1023 0.196556	0.886885 0.95662 1.0098 0.953668 0.906179 1.17296 1.02296 0.970545 1.06888 1.02087 
1024 0.20078	1.0433 0.961825 0.885617 0.980542 0.95727 0.964344 0.915569 0.957202 0.876961 0.944851 
1025 0.0484081	1.01131 0.956714 0.865169 0.862355 0.941275 0.89688 0.941119 0.916282 0.810702 0.968577 
1026 0.0838207	0.718038 0.750845 0.874861 0.846701 0.824553 1.07046 1.02265 1.1593 1.15478 1.0507 
1027 0.167966	0.96725 1.04495 1.0193 1.05193 1.01188 0.999146 1.02223 0.873941 0.956006 0.964845 
1030 0.231845	0.802119 0.914786 0.952282 0.924928 0.943819 0.931904 1.03318 1.10774 1.0075 1.00275 
1031 0.196893	0.832642 0.966038 0.985269 0.991809 1.01858 0.982999 1.05343 1.03177 0.977685 1.05154 
1032 0.114563	1.10518 1.14561 0.984783 1.0807 1.09914 1.00328 0.966824 0.904758 0.920256 0.95272 
1033 0.0714563	0.82987 0.979638 1.09625 0.905311 0.855302 1.2503 1.00093 0.989173 1.19312 0.965633 
1034 0.144078	0.928545 1.10356 1.11982 1.14355 1.01689 1.19192 1.04081 0.908414 1.06835 1.00454 
1035 0.0512621	0.668422 0.768279 0.919132 0.796056 0.826927 1.19475 1.08063 1.07258 1.11336 1.00722 
1036 0.128155	0.845983 1.01567 1.01193 1.08997 1.09093 1.08577 1.09688 1.1719 1.03614 1.08386 
1037 0.0617476	1.22335 1.29053 1.11415 1.02811 1.14142 0.980611 1.01532 0.878059 0.87411 1.04574 
1040 0.0662959	0.782593 0.834148 0.855789 0.881991 0.875523 0.966336 1.02963 1.00845 1.06447 0.98368 
1041 0.147052	0.962545 0.950547 0.91355 0.902057 0.934131 0.936768 0.98734 0.873415 0.953661 0.987178 
1042 0.0867631	0.878892 0.974468 1.03587 1.11412 1.06019 0.986942 1.05183 1.09998 1.08303 1.08706 
1043 0.165517	0.863891 0.928132 0.988278 0.990636 0.994954 1.0062 1.06529 1.03241 1.06612 1.07738 
1044 0.175751	1.12373 1.10502 0.985121 1.00285 1.08646 0.895205 0.959784 0.852195 0.906008 1.01703 
1045 0.147052	0.831217 0.939392 1.02671 0.951719 0.90268 1.05445 0.997826 0.889363 1.10693 1.03646 
1046 0.100556	1.15938 1.16395 1.15728 1.16063 1.13552 0.968891 1.00601 0.871919 0.942825 1.0236 
1047 0.111012	1.08869 1.21016 1.13649 0.989069 1.0001 0.913076 0.988021 0.695594 0.958065 0.969807 
1050 0.251414	1.08635 1.08601 1.02291 1.05929 1.04948 0.959619 0.999912 0.895562 0.912505 1.01748 
1051 0.063914	1.04261 0.859376 0.79278 0.945013 1.03413 0.826272 1.02154 1.12392 0.931866 1.01897 
1052 0.0582579	0.822229 0.786389 0.946025 0.999416 0.913412 1.03713 1.07826 1.18773 1.15242 1.08667 
1053 0.0964367	1.31489 1.22791 1.07617 1.2067 1.16999 0.97857 0.973299 0.852857 0.940665 0.962985 
1054 0.0791855	1.04483 0.842261 1.0019 1.03939 0.997088 1.12158 1.10518 1.12496 1.21153 1.1236 
1055 0.0961538	0.829948 0.893625 0.96537 0.849526 0.872765 0.913291 1.07531 0.940221 1.01971 1.03768 
1056 0.18241	0.989008 1.18239 1.13005 0.983808 0.990736 0.980996 0.966678 0.837414 0.966262 0.995893 
1057 0.172229	1.0012 0.933649 0.883141 0.931562 0.934538 0.935158 1.05782 0.941279 1.04142 0.995434 
1060 0.200052	0.756288 0.760714 0.90382 0.926165 0.906068 1.07531 1.12714 1.32716 1.25036 1.07883 
1061 0.0714471	1.07362 1.11764 1.14352 1.06489 1.00851 1.13272 0.970619 1.15529 1.11065 0.990937 
1062 0.0454664	1.29754 1.30311 1.10224 1.19277 1.08009 1.10101 0.968247 0.941653 1.02191 0.952995 
1063 0.124708	1.07003 1.0868 0.945485 0.983222 1.0606 0.989281 0.948322 0.953109 0.950251 1.04128 
1064 0.143674	1.0971 1.12741 1.01328 1.13601 1.09042 1.00772 0.990129 1.12409 1.06102 1.09155 
1065 0.0514419	0.947111 1.18143 1.06119 0.951352 0.90252 1.10015 0.974824 0.764604 1.11805 0.918307 
1066 0.213302	0.91123 0.956311 0.999101 0.97787 0.946248 1.04772 0.978223 1.07877 1.0604 1.054 
1067 0.149909	1.14376 1.16984 0.947699 0.988237 0.982738 0.942492 0.888134 0.987196 0.88381 0.923883 
1070 0.154777	0.96117 1.00966 1.0461 0.938312 0.953657 1.01959 0.985519 0.881126 1.01578 0.936182 
1071 0.115074	1.05004 1.02634 1.00401 0.977313 1.06787 0.920913 0.986067 1.068 0.885108 1.0031 
1072 0.0483871	1.21679 1.07196 1.04613 1.23914 1.17557 1.10281 1.04767 1.19322 1.0365 1.02207 
1073 0.127171	1.13678 1.12095 1.14916 1.04647 0.997631 1.15457 0.989807 0.924515 1.00981 0.946672 
1074 0.17773	0.795164 0.815949 0.889374 0.880413 0.886486 1.10194 1.03441 1.13546 1.05258 0.972768 
1075 0.0958437	1.27777 1.11843 0.988996 1.1116 1.19751 1.03656 1.00333 0.978149 0.899165 0.967855 
1076 0.0989454	1.00859 1.02017 1.13801 1.13225 1.0461 1.09507 1.11227 1.07394 1.05306 1.04207 
1077 0.182072	0.888115 0.890566 0.944227 1.02498 0.998336 0.970989 1.09433 1.18789 1.03986 1.03418 
1100 0.148291	0.883297 0.948526 1.06801 0.976717 0.935975 1.13558 1.00555 1.01993 1.12057 0.974806 
1101 0.0848953	0.799141 0.788045 0.89889 0.943129 0.905657 1.07496 1.15613 1.32469 1.1651 1.00769 
1102 0.0446527	0.962422 0.84389 0.870293 0.917379 0.967593 1.0119 1.02079 1.34721 1.00775 1.01253 
1103 0.0904079	1.07151 1.22189 1.08599 0.909728 0.982333 1.02377 0.873352 0.829286 0.866913 0.927345 
1104 0.105292	1.21643 1.19316 1.26124 1.04635 1.0621 1.15108 0.932194 0.974621 0.997139 1.01269 
1105 0.189636	1.22049 1.04105 1.07039 1.07942 1.16412 0.938798 0.999911 1.13008 0.907443 1.06751 
1106 0.168137	0.944178 0.919157 1.01368 1.08678 1.0341 1.22748 1.14264 1.47114 1.14313 1.12506 
1107 0.168688	0.952814 0.963047 0.946551 0.885333 0.919897 1.01577 0.919737 1.05871 0.94325 0.943978 
1110 0.0789582	0.866536 0.894631 0.979532 0.828738 0.870689 0.938155 0.919214 0.888758 0.939688 0.940088 
1111 0.140507	1.04798 0.98844 1.05667 1.04931 1.10764 0.963386 1.01688 1.04166 1.06232 1.1124 
1112 0.179301	1.15459 1.05767 1.03236 0.992347 1.01042 0.855416 0.929038 0.876796 0.861511 0.922225 
1113 0.0640164	1.02371 1.12033 1.16345 0.95859 1.00366 0.97571 0.882838 0.808009 0.977565 1.03216 
1114 0.0671693	1.12715 1.02823 1.06144 1.16967 1.15942 1.09022 1.05491 1.12972 1.10782 1.10221 
1115 0.231803	0.848059 0.941944 0.93538 0.906526 0.936079 0.961751 0.977351 1.07749 1.03218 1.01408 
1116 0.11172	1.20288 1.25392 1.08874 1.09939 1.12146 1.01504 0.918836 0.799636 0.930131 0.996704 
1117 0.126525	0.962377 0.803791 0.917499 1.02748 1.05359 0.886053 1.05584 1.24728 0.971466 1.09215 
1120 0.0840764	0.812199 0.785164 0.860902 0.864159 0.875388 0.878138 1.0711 1.19824 1.03442 1.12429 
1121 0.217197	0.844383 1.07248 1.05964 0.925876 0.929864 1.02177 0.970755 0.80117 1.02071 0.962919 
1122 0.0605096	0.668577 0.788836 0.943401 0.962664 0.876206 1.19232 1.12826 1.29907 1.2925 1.0854 
1123 0.140127	1.0868 1.15645 1.11803 1.1272 1.11037 0.99135 0.9904 1.08583 1.09916 1.05873 
1124 0.182803	1.13913 1.137 1.02664 0.996457 1.07625 0.962646 0.924131 0.877839 0.986705 0.997759 
1125 0.0598726	0.995785 0.936209 0.98764 1.16902 1.13614 1.09572 1.08845 1.35227 1.15174 1.18365 
1126 0.0853503	1.12478 0.917893 0.948002 1.04214 1.04867 0.85408 0.96804 1.23566 0.94953 1.05864 
1127 0.170064	0.907745 0.927014 1.01682 1.01412 0.975743 0.949085 1.04006 1.01674 1.0892 1.02117 
1130 0.175387	0.986849 0.966715 0.93961 0.983737 0.976336 0.971458 1.09754 1.09913 0.999981 1.02692 
1131 0.0694851	1.11217 0.963458 0.974906 1.10766 1.12825 0.959666 1.15233 1.2974 0.971028 1.13914 
1132 0.0627878	0.683488 0.705221 0.791265 0.858691 0.908078 0.921428 1.09364 1.45329 1.04667 1.07436 
1133 0.214734	1.01525 1.01175 0.921328 0.892651 0.933817 0.997902 0.986391 1.0587 0.909492 0.97071 
1134 0.12139	1.03048 1.13537 1.14037 0.962478 0.942299 1.12628 1.04545 0.991754 1.06872 0.966008 
1135 0.0544161	0.809735 0.925804 0.932363 0.938701 0.980052 1.07545 1.09566 1.18878 1.12811 1.06676 
1136 0.131017	1.25036 1.22554 0.941505 1.08826 1.13823 0.913187 0.992066 0.994034 0.792825 0.972355 
1137 0.170783	1.0402 1.21744 1.14762 1.0978 1.02581 1.03258 0.995784 0.975002 0.943056 0.99812 
1140 0.043419	0.911511 0.943988 0.840182 0.996363 1.06979 0.850503 0.987781 1.05122 0.917044 0.98014 
1141 0.0700935	1.32313 1.29996 1.09215 1.17221 1.13126 1.10274 0.978047 0.911768 0.966041 0.920754 
1142 0.0967679	0.752243 0.884493 0.838315 0.838947 0.877358 0.858886 0.975488 1.00001 1.02745 0.923611 
1143 0.149922	1.10595 1.14947 1.01586 1.00899 1.03478 0.826028 0.915077 0.758093 0.891237 0.915847 
1144 0.207749	0.967449 0.989433 0.898596 0.968137 1.00353 0.967498 0.988625 1.10745 1.05442 0.998949 
1145 0.0858645	1.04744 1.16489 1.1909 1.14851 1.12308 1.02857 0.990085 0.894617 1.10336 1.06198 
1146 0.173092	1.03518 1.07359 1.1293 1.01121 1.00458 1.06805 0.999781 1.01215 1.10651 1.08176 
1147 0.173092	0.749879 0.824809 0.928611 0.951207 0.925899 1.04457 1.04461 1.30236 1.18261 1.05033 
1150 0.161807	0.856323 0.897061 0.928314 0.964871 0.939368 1.1155 1.00708 1.12743 1.07473 1.02491 
1151 0.10749	0.775452 0.866656 0.861073 0.856982 0.87242 1.02138 0.990125 1.00054 1.03279 0.935303 
1152 0.149228	0.971571 0.962734 0.882367 0.927404 1.0165 1.0079 1.01921 1.14911 0.947606 0.984496 
1153 0.114351	1.0653 1.10023 1.05922 1.08732 1.02883 1.14408 0.986025 0.939354 0.974991 0.929404 
1154 0.113208	0.925896 0.977345 1.02797 1.00658 1.01763 0.973236 1.03167 1.20358 1.01732 1.02548 
1155 0.0903373	0.998851 0.970981 0.921159 1.03655 1.07684 0.960737 1.04464 1.13574 0.910212 1.00516 
1156 0.188679	1.01426 1.21691 1.03854 0.991529 1.04099 1.07359 0.910388 0.870224 0.87477 0.900144 
1157 0.0748999	1.07264 0.89724 0.972632 1.12157 1.09649 0.982314 1.03728 1.25858 0.976746 1.09762 
1160 0.105698	1.35754 1.14355 1.17701 1.14249 1.12772 1.04808 1.00784 0.861798 1.00795 1.00592 
1161 0.248148	0.905936 0.826667 0.97429 0.92807 0.929026 0.993691 1.0584 1.00928 1.06857 1.01737 
1162 0.0638177	0.982239 0.956765 1.07064 0.970651 0.902061 1.01468 1.00449 0.896096 1.10403 1.00106 
1163 0.171795	0.984246 0.834582 0.858417 1.02268 1.01914 0.891857 1.04258 1.24557 0.985281 1.05143 
1164 0.0934473	1.16982 0.973624 0.881607 0.938046 0.966938 0.838682 0.92746 0.840539 0.805255 0.896642 
1165 0.088604	1.21492 0.929647 1.04243 1.18946 1.11171 1.02569 1.12997 1.29604 1.05709 1.09662 
1166 0.0794872	1.09069 1.0536 1.03896 0.920939 0.972146 0.932662 0.989168 0.784762 0.947908 0.946696 
1167 0.149003	1.25568 1.09948 1.04987 1.02995 1.08406 0.88926 0.902991 0.851901 0.916214 0.964761 
1170 0.0605122	0.824803 0.773415 0.895329 0.869334 0.912846 1.06556 1.05574 1.32322 1.1142 1.06169 
1171 0.127216	0.909167 0.963997 0.925529 0.859136 0.87798 1.06862 0.930664 0.935222 0.999829 0.932764 
1172 0.114551	1.2686 1.30219 1.12363 1.09656 1.10258 1.15479 0.905258 0.951734 0.936953 0.98362 
1173 0.120743	1.14155 1.22943 1.05669 0.953578 0.921697 1.00014 0.916358 0.785449 0.95516 0.925973 
1174 0.178722	1.0461 1.08102 1.01355 0.979541 0.971506 1.13972 0.938631 1.00929 0.995422 0.980375 
1175 0.121024	1.21795 1.04148 0.923804 1.12898 1.11076 0.989254 0.987545 1.14413 1.02934 1.03342 
1176 0.10076	0.957577 0.910359 0.963654 1.06616 0.998349 1.18778 1.07865 1.23241 1.12136 1.09031 
1177 0.176471	0.992064 0.913956 0.867457 0.932656 0.962428 1.07693 0.964855 1.16677 0.978457 0.997811 
BOUNDS
LWPS R    0.0  0.0  0.0  0.0  0.0  0.0  0.0  0.0  0.0  0.0
UWPS R    0.5  0.5  0.5  0.5  0.5  0.5  0.5  0.5  0.5  0.5
LXAS R   -0.5 -0.5 -0.5 -0.5 -0.5 -0.5 -0.5 -0.5 -0.5 -0.5
UXAS R    0.5  0.5  0.5  0.5  0.5  0.5  0.5  0.5  0.5  0.5
END
