NAME moment_estimation_cluster
ASSETS 10
BENCHMARKS 0.1 0.1 0.1 0.1 0.1 0.1 0.1 0.1 0.1 0.1 
COVARIANCES
0 0 0.00845049
1 0 0.00799859
1 1 0.00874848
2 0 0.00727192
2 1 0.0078073
2 2 0.0077258
3 0 0.0064312
3 1 0.00545785
3 2 0.004569
3 3 0.00744288
4 0 -0.00221367
4 1 -0.0019659
4 2 -0.00131991
4 3 -0.00268334
4 4 0.00292474
5 0 0.00366716
5 1 0.00464349
5 2 0.004469
5 3 0.00207274
5 4 -0.000516181
5 5 0.00329693
6 0 0.00154596
6 1 0.00199124
6 2 0.00243104
6 3 -0.000258803
6 4 0.00098221
6 5 0.00164537
6 6 0.00199768
7 0 0.00417253
7 1 0.00475353
7 2 0.00485487
7 3 0.00171847
7 4 0.000478587
7 5 0.00308131
7 6 0.00249615
7 7 0.0043384
8 0 0.00667453
8 1 0.00778461
8 2 0.0072243
8 3 0.00436922
8 4 -0.00172723
8 5 0.00472166
8 6 0.00206555
8 7 0.0046566
8 8 0.00791196
9 0 0.00371788
9 1 0.00364201
9 2 0.00361
9 3 0.00231035
9 4 -0.000204155
9 5 0.00186617
9 6 0.00141255
9 7 0.00257573
9 8 0.00306308
9 9 0.0022589
SCENARIOS
0 0.64727	1.06367 1.05866 1.05719 1.0551 0.975358 0.993841 1.01233 1.03104 1.04765 1.03593 
1 0.35273	0.93157 0.924855 0.942582 0.924911 1.03655 0.972492 0.998784 0.96986 0.927633 0.960334 
00 0.801829	0.982112 0.966411 0.964186 0.974417 1.00524 0.977595 0.963047 0.968878 0.986475 0.963613 
01 0.198171	1.18216 1.19234 1.16228 1.12862 0.993504 1.10077 1.03073 1.09447 1.1512 1.0715 
10 0.57724	0.965914 0.958881 0.966135 0.942499 1.02452 1.00538 1.00995 0.997996 1.0047 0.998139 
11 0.42276	1.06715 1.06302 1.03488 1.10541 0.94803 1.01575 0.986747 1.01019 1.05214 1.02903 
000 0.114798	1.01598 1.07051 1.01724 1.06408 0.91831 1.08545 0.99142 0.990664 1.06635 1.00003 
001 0.0884586	0.85632 0.868916 0.841639 0.914423 0.95603 0.94921 0.912529 0.882436 0.877132 0.930379 
002 0.0988054	1.05824 1.01252 1.00519 1.11909 1.02707 1.01773 1.01381 1.01618 0.95707 1.04018 
003 0.206358	0.850522 0.920316 0.924208 0.882838 1.05603 1.0356 1.03781 1.00103 0.929599 0.975045 
004 0.0904624	1.10307 1.09526 1.07735 1.21871 0.88052 1.04275 0.959937 1.00709 1.08041 1.04395 
005 0.0580539	1.19455 1.28411 1.27431 1.1702 0.918675 1.24226 1.06331 1.12127 1.25736 1.10821 
006 0.132909	0.966858 0.973209 0.949951 0.98696 1.04768 1.00065 1.00339 0.956007 0.932819 1.00035 
007 0.210154	1.03913 1.11103 1.1152 0.971544 1.05892 1.13996 1.10387 1.1494 1.14982 1.09319 
010 0.16629	0.997876 1.0322 1.05694 0.897904 1.08341 1.05564 1.08049 1.06883 1.00897 1.03728 
011 0.0891869	1.05041 1.10319 1.09847 1.05715 0.968458 1.12515 1.04224 1.06799 1.1465 1.02121 
012 0.121385	1.18685 1.20766 1.17161 1.17237 0.902427 1.15294 1.00001 1.05701 1.13004 1.0911 
013 0.282997	0.96648 0.974285 0.980644 0.999745 0.949016 1.00244 0.983513 0.959551 0.96463 0.972035 
014 0.0997895	0.863748 0.842481 0.896508 0.868197 1.12327 0.953084 1.04111 0.956486 0.834052 0.989029 
015 0.0581586	1.10447 1.05428 1.08924 1.03483 1.0496 1.07632 1.03695 1.07838 1.06818 1.05487 
016 0.113355	0.918159 0.866348 0.882377 0.983951 1.03919 0.909728 0.94317 0.957486 0.883983 0.966674 
017 0.0688392	1.06247 0.982614 0.973545 1.21393 0.901196 0.975602 0.912179 0.900479 0.933331 0.979788 
100 0.0938559	1.19568 1.22817 1.18532 1.17757 0.948425 1.08815 1.05842 1.09472 1.20399 1.06697 
101 0.266686	0.915906 0.893511 0.907638 0.949857 1.02772 0.898335 0.956857 0.897594 0.867088 0.96345 
102 0.1191	0.986223 0.968875 0.975938 1.13414 0.976123 0.961941 0.963029 0.962063 0.967905 0.991957 
103 0.11856	0.986304 1.00721 1.00178 0.9938 0.906429 0.982429 0.978206 0.952689 0.998272 0.969994 
104 0.0586415	0.757667 0.825129 0.848784 0.829314 1.10892 0.931597 0.981726 0.92749 0.826589 0.904084 
105 0.125239	1.02028 1.06518 1.09599 1.01884 1.12349 1.07783 1.05228 1.10639 1.03473 1.05322 
106 0.135308	1.04158 1.10038 1.09796 1.00171 1.00171 1.02476 1.04217 1.0969 1.06531 1.02983 
107 0.0826089	1.04474 1.07213 1.01176 1.10799 0.929411 1.00495 0.976102 0.983347 1.06402 0.994743 
110 0.0618965	0.908439 0.857301 0.832287 1.01492 1.05326 0.891775 0.947534 0.916853 0.85303 0.981746 
111 0.114539	1.10747 1.12399 1.12632 0.983381 1.10774 1.0775 1.12683 1.201 1.17934 1.08881 
112 0.157189	0.891685 0.8989 0.930945 0.907127 1.0878 0.946203 1.01645 0.971939 0.92721 0.985965 
113 0.126811	0.945099 0.930288 0.924931 1.02019 0.956576 0.904163 0.973366 0.901422 0.920471 0.976072 
114 0.114472	0.872857 0.873005 0.889534 0.904691 0.973529 0.904503 0.913681 0.859688 0.934338 0.906867 
115 0.242489	1.09277 1.09354 1.0967 1.02451 0.962922 1.0384 1.00264 1.06137 1.12969 1.03864 
116 0.0759791	1.15633 1.1606 1.17259 0.938856 0.989861 1.06053 1.06263 1.11052 1.13976 1.06276 
117 0.106626	1.15699 1.13061 1.08808 1.20841 0.94451 1.01217 0.939105 1.00203 1.11177 1.03454 
0000 0.166331	1.1171 1.0516 1.08372 1.10798 0.950722 0.988465 0.974037 1.01804 1.05231 1.04468 
0001 0.165995	0.919889 0.875784 0.893702 0.892166 1.05482 0.907131 1.00042 0.950859 0.822862 0.995468 
0002 0.068815	0.910991 0.795776 0.839396 1.02297 0.974433 0.853709 0.908673 0.852396 0.828148 0.946171 
0003 0.0787177	1.22157 1.20868 1.21863 1.15939 0.978863 1.07158 1.10746 1.1592 1.15883 1.12063 
0004 0.085767	1.14942 1.15232 1.18699 1.02367 1.02063 1.08619 1.03051 1.10002 1.12476 1.06248 
0005 0.0584089	1.02492 0.974496 1.03898 0.87515 1.00111 0.892307 1.01178 1.0279 0.935582 1.01502 
0006 0.263679	0.997394 0.958891 0.9553 1.02921 0.989481 0.926968 0.989513 0.935461 0.936963 0.998776 
0007 0.112286	1.03342 1.03876 1.10969 0.965979 1.01181 1.03661 1.038 1.04156 1.06574 1.00796 
0010 0.126334	1.11585 1.13198 1.1816 0.972758 0.94935 1.07616 1.09237 1.05415 1.10249 1.06636 
0011 0.132215	0.881053 0.895818 0.948027 0.94907 0.965958 1.0148 1.01313 0.928355 0.89526 0.928264 
0012 0.113265	0.926634 0.966445 0.981396 0.878778 1.08314 0.992405 1.02629 1.05991 0.958327 0.965269 
0013 0.190808	1.13731 1.09619 1.07254 1.15557 0.902538 1.01159 1.02619 1.06846 1.06387 1.01412 
0014 0.118711	0.958749 0.931142 0.935196 1.12179 0.99056 0.984421 0.954997 0.893528 0.893898 0.971474 
0015 0.0982357	0.854708 0.831014 0.869839 0.886739 1.05078 0.898761 0.980763 0.89573 0.848653 0.933088 
0016 0.106513	1.1004 1.14205 1.16043 1.12637 0.971641 1.08696 1.07164 1.0813 1.1466 1.07305 
0017 0.113919	0.958513 0.953523 0.956049 1.00084 1.06485 0.926422 1.10289 0.986764 0.907156 0.994181 
0020 0.175507	0.919712 0.908545 0.91487 0.964832 1.01444 0.905735 0.970564 0.909958 0.943497 0.959253 
0021 0.166732	1.01559 1.03063 1.0257 1.0085 1.07333 1.00917 1.05245 1.03428 1.01961 1.07296 
0022 0.0532371	1.17863 1.22353 1.23032 1.11988 0.957417 1.12065 1.00856 1.10482 1.241 1.0881 
0023 0.11954	1.0638 1.12428 1.13226 1.05816 1.00877 1.10354 1.07437 1.11167 1.16159 1.04677 
0024 0.0967239	0.945512 0.929767 0.950627 0.926746 0.952958 0.950699 0.989319 0.908508 0.983191 0.976517 
0025 0.0976989	0.977987 1.03004 1.04481 0.937762 0.984814 1.00022 1.02816 0.997424 1.05553 0.972822 
0026 0.203393	1.06116 1.04039 0.99999 1.12102 0.910164 0.991739 0.934493 0.975518 0.987075 1.01202 
0027 0.0871685	0.800395 0.858159 0.871884 0.870066 1.08057 0.960015 0.958629 0.894574 0.90309 0.934186 
0030 0.0780579	1.162 1.14914 1.15558 1.0175 0.992836 1.0199 1.05969 1.13048 1.11826 1.0707 
0031 0.208217	1.04613 0.985857 0.957299 1.00131 0.931916 0.899899 0.964272 0.925846 0.947424 0.965356 
0032 0.046592	1.30485 1.23167 1.21995 1.13872 0.915604 1.10564 1.03341 1.05743 1.20646 1.08567 
0033 0.104575	1.05409 1.05678 1.08717 0.934396 1.06949 0.994047 1.08916 1.08841 1.06916 1.02678 
0034 0.0556489	1.1942 1.13343 1.12453 1.0521 0.863692 0.985011 1.01082 1.013 1.11455 1.03769 
0035 0.226611	1.02193 0.978761 0.973157 1.04832 1.01862 0.955036 1.01756 0.998863 0.993521 0.987986 
0036 0.0577965	1.16503 1.05488 1.03248 1.20534 0.897979 0.969262 0.942353 0.951064 1.04394 1.01049 
0037 0.222502	0.854151 0.877303 0.907881 0.876389 1.08881 0.97581 1.00049 0.917844 0.907292 0.939656 
0040 0.0472843	1.03942 0.99102 0.884345 1.13438 0.896202 0.958984 0.883111 0.895503 0.936755 0.957828 
0041 0.155059	0.902204 0.880834 0.888311 0.929756 1.09849 0.972963 1.02851 0.961868 0.894743 0.944655 
0042 0.0828541	1.15024 1.19654 1.19817 1.04838 1.05705 1.16393 1.07083 1.10965 1.16069 1.08186 
0043 0.0551651	0.957435 0.854926 0.877092 1.02844 0.983577 0.882472 0.925405 0.872971 0.765321 0.907762 
0044 0.171885	1.04815 1.05899 1.00912 0.998483 0.944405 1.03813 0.990411 0.967547 1.01502 0.962901 
0045 0.157401	0.939927 0.926829 0.903957 0.875658 0.989755 0.948123 1.00291 0.894977 0.913178 0.917881 
0046 0.198722	1.0361 1.00572 0.982744 1.03881 1.03404 1.01623 1.01974 0.970248 0.982915 1.01919 
0047 0.131629	1.19676 1.12493 1.10227 1.13834 0.932172 1.02463 1.0104 1.00182 1.07612 1.01479 
0050 0.149353	1.11684 1.05677 1.04018 1.14397 1.0047 1.0297 1.00079 1.05569 1.04516 1.03095 
0051 0.14537	0.987873 1.02425 1.00825 0.904925 0.961645 0.95528 1.00661 0.994499 1.02508 0.966862 
0052 0.0461334	0.858525 0.860193 0.886405 0.797353 1.06287 0.955648 1.03011 1.02441 0.93906 0.945632 
0053 0.109193	0.895121 0.897094 0.889126 0.909241 1.10671 0.925942 1.05065 1.00455 0.902056 0.951015 
0054 0.185861	1.1179 1.04924 1.06903 0.974166 1.08358 1.02463 1.10443 1.15234 1.00604 1.03254 
0055 0.125456	1.1002 1.06842 1.04943 1.07034 0.898877 0.9598 1.0344 1.03117 1.03426 1.03264 
0056 0.19084	0.950764 0.910035 0.928442 0.987779 0.980276 0.91853 0.930504 0.91014 0.895903 0.935587 
0057 0.0477929	1.2548 1.23128 1.18391 1.15963 0.958042 1.07718 1.0604 1.12186 1.24095 1.05975 
0060 0.205422	0.982075 0.973772 1.00271 1.04077 0.953182 0.993937 0.962008 0.987938 1.02948 0.963488 
0061 0.206582	0.900748 0.892318 0.966838 0.957234 1.11829 0.95783 1.00695 1.03159 0.949025 1.00606 
0062 0.105973	0.966258 0.988063 1.00244 0.957367 0.980056 0.998638 0.980709 1.02972 1.04492 0.941678 
0063 0.133807	1.04523 1.08796 1.12058 0.99222 1.01961 1.03618 1.07175 1.11703 1.09378 1.05083 
0064 0.080893	0.941088 0.934824 1.008 0.855669 1.07508 1.02767 1.07994 1.09017 0.959862 0.990182 
0065 0.0721948	0.890612 0.846803 0.854683 0.967694 0.95724 0.855206 0.927288 0.923809 0.864519 0.927569 
0066 0.0607422	1.09747 1.1387 1.13755 1.0568 0.89969 1.06303 0.998623 1.07531 1.16513 1.01581 
0067 0.134387	1.15448 1.15287 1.15299 1.16649 0.954088 1.08633 0.998219 1.11952 1.12425 1.03533 
0070 0.0689465	0.851078 0.84911 0.828717 0.856747 1.04756 0.940555 0.963103 0.904188 0.814677 0.90755 
0071 0.200238	0.980569 0.98576 0.985922 0.96198 0.980958 1.00455 0.964434 0.95087 0.954088 0.953083 
0072 0.118548	1.06502 1.06204 1.06231 0.951151 1.03491 1.01536 1.05412 1.0808 1.01183 1.00347 
0073 0.111855	0.90516 0.891347 0.955482 0.921589 1.14217 0.95754 1.07617 0.960348 0.849572 0.971412 
0074 0.135968	1.02718 0.971587 0.953134 1.06678 0.900098 0.987783 0.93109 0.904897 0.924366 0.949417 
0075 0.148895	1.09731 0.99743 1.02487 1.10558 1.03798 0.980647 1.00084 0.973563 0.884343 0.999966 
0076 0.085358	1.23986 1.16309 1.14556 1.22432 0.884652 1.08061 0.983734 1.02482 1.11972 0.994753 
0077 0.130192	1.17764 1.13702 1.18187 1.10367 0.960079 1.07985 1.03929 1.05777 1.08217 1.03414 
0100 0.0820441	1.01208 1.02417 0.984572 1.00283 0.985644 1.07884 0.986403 0.997266 1.00431 1.00743 
0101 0.164088	0.876774 0.842421 0.866062 0.904115 1.03045 0.966876 1.00462 0.924851 0.934892 0.930152 
0102 0.139709	0.963906 0.996252 1.0178 0.980275 1.07413 1.07434 1.10572 1.10956 1.01022 1.07821 
0103 0.131271	0.907333 0.926596 0.923018 0.988586 0.896529 0.976466 0.925706 0.886771 0.929203 0.937553 
0104 0.0623535	0.932466 0.881557 0.906144 1.04107 0.996308 0.900979 0.964173 0.939136 0.939877 0.995034 
0105 0.0703235	1.19543 1.15766 1.1375 1.08836 0.893524 1.05762 1.00247 1.12257 1.22917 1.05226 
0106 0.109705	0.95232 1.02312 0.994107 0.981195 0.925605 1.07305 0.978136 1.00487 1.09639 0.973089 
0107 0.240506	1.11968 1.1132 1.08277 1.11566 0.954649 1.06781 1.03397 1.07167 1.09336 1.04962 
0110 0.230769	1.07516 1.10257 1.07332 0.952719 1.01367 1.02816 1.01945 1.03543 1.02042 1.06067 
0111 0.185315	1.16835 1.09149 1.09117 1.15659 0.955826 0.9979 1.0223 1.09965 1.04708 1.05638 
0112 0.0629371	1.10244 1.05177 1.12394 1.00744 1.08246 1.06443 1.05987 1.12798 1.08778 1.05437 
0113 0.13986	1.01738 0.930669 0.972479 1.05521 1.04729 0.888706 0.993376 1.00338 0.959005 1.0394 
0114 0.0909091	0.864019 0.866801 0.84864 0.889066 1.00368 0.960116 0.956903 0.951529 0.877481 0.975792 
0115 0.0708042	1.02569 1.06424 1.07929 1.01974 0.913015 1.11418 0.996037 0.982143 1.05999 0.97789 
0116 0.0909091	0.938207 0.915925 0.916885 1.00556 1.00772 0.948709 0.963578 0.937094 0.942946 0.926103 
0117 0.128497	0.957956 0.994745 0.945225 1.00271 0.953236 0.937716 0.930584 0.955715 0.940882 0.995161 
0120 0.194605	0.987517 0.96922 1.01738 0.927493 1.10765 0.973975 1.14305 1.11208 0.97645 1.02753 
0121 0.120745	1.00429 0.955117 0.993336 0.988242 0.95562 0.943335 0.962809 0.959501 1.00575 0.958762 
0122 0.118176	0.842678 0.862919 0.863635 0.927884 0.982829 0.893786 0.94504 0.883264 0.958386 0.942467 
0123 0.104046	1.13473 1.09336 1.08442 1.19047 0.985208 0.982185 0.992524 1.05875 1.0831 1.06528 
0124 0.231214	1.05744 1.07566 1.06156 0.982904 0.971922 1.05794 1.02141 1.08964 1.20616 1.031 
0125 0.0655106	1.23266 1.24514 1.27501 1.1174 0.987019 1.10384 1.06183 1.15588 1.28219 1.07978 
0126 0.0969814	1.06234 0.945976 0.921541 1.1274 0.962195 0.891646 0.956121 0.952094 1.02356 0.9441 
0127 0.0687219	0.866743 0.798518 0.873737 0.821272 1.06579 0.870973 1.07478 1.01377 0.918489 0.902499 
0130 0.0906336	1.04715 0.988357 0.960316 1.10997 1.04166 0.930712 0.948642 0.92658 0.950317 1.01058 
0131 0.0947658	0.944338 0.865081 0.851418 0.946729 0.992191 0.901871 0.920962 0.919101 0.899627 0.918217 
0132 0.143251	1.03683 0.982327 0.990745 1.00589 0.937859 0.998796 0.95613 1.0025 1.04309 0.988304 
0133 0.24573	1.10992 1.08307 1.09644 1.06069 1.02038 1.0887 1.0575 1.11242 1.11443 1.06782 
0134 0.0512397	0.813985 0.833863 0.852386 0.847429 1.02701 0.901382 0.948519 0.894681 0.85484 0.920699 
0135 0.207438	0.945281 0.949875 0.973154 0.904409 1.02869 0.99396 1.02933 1.0022 1.04328 0.975193 
0136 0.109917	1.22566 1.1571 1.08759 1.19267 0.925324 0.990001 0.995682 1.0025 1.13573 1.01628 
0137 0.0570248	1.02641 0.932823 0.904964 1.07749 0.94308 0.937812 0.926072 0.928356 0.958779 0.957178 
0140 0.0875	1.04819 1.00243 0.990004 1.05906 1.124 0.978032 0.994689 1.03427 1.05374 0.992167 
0141 0.0867187	0.948641 1.07098 1.0736 0.916089 1.04142 1.1302 1.11517 1.12238 1.12947 0.982539 
0142 0.06875	0.906376 0.936102 0.943247 0.839215 1.11455 1.00928 1.06528 1.05644 0.998105 0.973179 
0143 0.101562	1.14046 1.15375 1.14271 1.22739 0.93283 1.11432 0.959645 0.997517 1.13815 1.0399 
0144 0.127344	0.949032 0.985324 0.916852 0.963162 0.926896 0.965014 0.9176 0.952416 1.0189 0.915105 
0145 0.220312	0.941519 0.929517 0.920237 0.927979 1.03372 0.969811 0.969216 0.947831 0.951789 0.941567 
0146 0.134375	1.03833 1.02163 1.0207 1.07054 0.917375 1.01216 0.991682 1.00318 1.06019 0.945779 
0147 0.173437	1.11941 1.12875 1.10213 1.06212 1.02382 1.06363 1.03617 1.20938 1.22745 1.02731 
0150 0.154155	0.94925 0.936068 0.972414 0.909159 0.955465 0.91409 1.00584 1.00968 0.954511 0.981583 
0151 0.219839	0.89909 0.941659 0.884644 0.999616 0.964099 0.972865 0.96436 0.920942 0.961888 0.952149 
0152 0.22118	1.06472 1.03113 1.05 1.13964 0.959043 0.952021 1.022 0.994269 1.03848 1.02626 
0153 0.0938338	1.0023 0.961577 0.945419 1.0975 1.06083 0.901304 0.93261 0.979527 0.949344 0.973604 
0154 0.080429	0.816895 0.857379 0.808753 0.877146 1.08796 0.926379 1.00178 1.01042 0.841415 0.950533 
0155 0.0509383	0.958979 1.00511 0.994681 0.979723 1.08167 0.996475 1.03154 1.05391 1.04547 1.02298 
0156 0.0911528	1.0679 1.13806 1.1372 1.04196 1.02646 1.07176 1.16147 1.12065 1.09109 1.08586 
0157 0.0884718	0.897048 0.957851 0.926501 0.979792 1.06679 0.997499 1.06006 0.996 0.897967 1.02759 
0160 0.110729	1.14514 1.17632 1.13549 1.17775 0.93133 1.0642 0.99257 1.03634 1.16394 1.01079 
0161 0.112792	1.15193 1.11215 1.09756 1.04875 0.963329 1.06745 1.00601 1.0502 1.11652 1.03076 
0162 0.065337	0.935409 0.946907 0.970907 0.98025 1.13084 1.01878 1.07551 1.01068 0.962876 0.9887 
0163 0.0790922	0.876455 0.865152 0.900593 0.844986 1.0117 0.960831 1.02977 0.956882 0.881372 0.938833 
0164 0.259972	0.963254 0.980215 1.02316 0.942798 1.02799 1.04143 1.06576 1.04727 0.983638 1.00046 
0165 0.147868	1.02474 0.962285 0.948282 1.06963 0.948664 1.02719 0.984196 0.925238 1.0213 0.965513 
0166 0.0935351	0.892589 0.903807 0.887335 0.953307 0.947042 0.939499 0.96886 0.904536 0.88794 0.884719 
0167 0.130674	1.10645 1.09842 1.09544 1.13321 1.02973 1.10216 1.06244 1.03518 1.1163 0.99641 
0170 0.168743	1.01087 1.00849 1.06547 1.02363 1.05202 1.02772 1.03099 1.02049 1.0797 1.01296 
0171 0.204983	1.20813 1.16874 1.14217 1.13502 0.912796 1.04047 1.00754 1.07716 1.1439 1.09666 
0172 0.18573	0.98143 0.953427 0.979891 0.990027 0.917631 0.979076 0.981164 0.931646 1.0754 0.950422 
0173 0.0724802	0.86217 0.833325 0.864341 0.982729 1.00947 0.931169 0.976405 0.901548 0.954322 0.971841 
0174 0.0781427	0.832186 0.802607 0.834119 0.829721 0.970698 0.902097 0.990603 0.879269 0.849435 0.932989 
0175 0.0962627	0.840517 0.878977 0.915777 0.88373 1.09108 0.869545 0.989751 1.02233 0.960025 0.968274 
0176 0.11778	1.02514 1.04197 1.0529 1.00014 0.972094 1.02589 1.03005 1.05476 1.12004 1.04711 
0177 0.0758777	0.949996 0.965628 0.91452 0.887373 1.0272 0.985994 0.999538 1.03715 1.06183 0.983023 
1000 0.128728	0.99578 0.956791 0.922978 1.03383 0.888285 0.885223 0.844758 0.890031 0.942079 0.964136 
1001 0.155416	0.920417 0.897263 0.949674 0.900251 0.972622 0.912125 0.917773 0.918106 0.886564 0.968051 
1002 0.141287	1.11049 1.04787 1.06184 1.06114 0.972168 0.976659 0.99549 1.05378 0.981638 1.02155 
1003 0.119309	0.933631 0.89649 0.935469 0.886102 1.10662 0.909018 0.938287 0.978663 0.861227 0.978294 
1004 0.0601779	1.11909 1.1379 1.14087 1.20509 0.981412 1.05263 0.997973 1.03197 1.09627 1.09345 
1005 0.0926217	1.15143 1.25165 1.18747 1.03162 1.00827 1.1701 1.06273 1.16367 1.19338 1.13632 
1006 0.234956	0.961492 0.96954 1.02314 1.00743 1.06298 1.00981 0.986912 1.01055 0.955566 1.06272 
1007 0.0675039	1.10738 1.09733 1.0881 1.09381 0.873749 1.0058 0.978314 1.06575 1.08422 1.07892 
1010 0.0793738	1.01764 1.05176 1.03404 1.09341 1.02168 1.00293 1.02788 1.05459 0.968884 1.02394 
1011 0.0808471	1.09129 1.12244 1.08112 1.1056 0.967922 1.06911 1.02098 1.07294 1.07321 1.02333 
1012 0.0657459	1.13177 1.2225 1.19671 1.10186 0.921595 1.11853 0.978412 1.10761 1.18217 1.05755 
1013 0.134991	0.830081 0.904457 0.816647 0.937021 0.958324 0.920316 0.944192 0.940233 0.903443 0.891274 
1014 0.0699816	0.919626 0.928117 0.857022 1.07496 0.993562 0.892504 0.911664 0.931876 0.939524 0.96795 
1015 0.16151	0.967794 1.01511 0.976717 1.051 0.909804 1.02392 1.00674 0.969311 1.11466 0.974051 
1016 0.312339	0.902419 0.982268 0.969233 0.928688 1.07275 1.00719 1.03084 1.03552 0.996278 0.976295 
1017 0.0952118	1.05001 1.17361 1.15035 1.03289 1.05059 1.16995 1.04672 1.13713 1.12383 1.05103 
1020 0.249485	1.05008 1.06023 1.03547 0.982782 1.02029 1.02966 0.960711 1.03994 0.965447 1.01333 
1021 0.0523711	1.06923 1.0967 1.05923 0.906876 1.08373 0.965124 1.06004 1.1054 0.974527 1.06537 
1022 0.062268	1.0617 1.07286 1.0784 1.013 1.12472 1.01447 1.01938 1.12559 1.04396 1.06172 
1023 0.127835	1.17383 1.12992 1.12069 1.13658 0.938612 0.973127 0.969987 0.988552 1.0017 1.06439 
1024 0.08	0.995477 0.975384 0.915113 0.989465 0.876408 0.894763 0.926954 0.971833 0.973573 0.965017 
1025 0.202474	0.904916 0.910125 0.888982 0.881259 1.01608 0.929722 0.920537 0.900221 0.865981 0.938294 
1026 0.0907216	1.20216 1.1514 1.16196 1.06327 1.00776 1.00388 1.01926 1.10829 1.09425 1.09135 
1027 0.134845	0.939756 0.965553 0.902909 1.0384 0.965094 0.954469 0.948501 0.911596 0.932641 0.944508 
1030 0.071251	0.95989 1.01263 1.01783 0.901923 1.0891 1.05008 1.061 1.10004 1.01434 1.01997 
1031 0.133389	0.975701 0.991009 0.999729 0.990642 1.06298 0.976137 1.02408 0.991249 0.972432 1.01266 
1032 0.170257	1.03695 1.07188 1.11399 1.01962 1.03331 1.06027 1.00663 1.08779 1.07165 1.02591 
1033 0.198012	0.9352 0.936195 0.900615 1.04685 0.970471 0.920089 0.965217 0.938864 0.985456 0.960637 
1034 0.051367	0.890877 0.954063 0.923697 0.840893 1.0987 1.00487 1.06141 1.03995 0.95779 0.963623 
1035 0.172328	1.18883 1.16103 1.16325 1.14138 0.954181 1.08457 0.999698 1.10774 1.12917 1.09209 
1036 0.0526098	1.10262 1.15254 1.15683 1.00953 1.0404 1.07066 1.12061 1.17904 1.10989 1.09575 
1037 0.150787	0.867398 0.895133 0.896177 0.877296 1.0072 0.918382 0.930153 0.85919 0.885581 0.917192 
1040 0.0879397	1.08591 1.0684 1.05085 1.11216 1.04166 1.00638 0.935395 0.980552 1.07337 1.03477 
1041 0.103015	1.18261 1.05509 1.12905 0.98961 1.13375 0.944949 1.1299 1.13903 1.05219 1.09301 
1042 0.106365	1.04032 0.981718 0.937778 0.968163 0.898012 0.923001 0.963936 0.959166 0.984491 0.93408 
1043 0.0686767	1.09875 1.0024 0.967511 1.05675 0.870466 0.913726 0.952311 0.865361 0.939919 1.02084 
1044 0.20268	0.980962 0.898399 0.92781 0.947402 1.02601 0.894612 0.978687 0.993643 0.934113 0.994958 
1045 0.0963149	0.877256 0.83977 0.803487 0.894677 0.970166 0.838004 0.931534 0.843262 0.818006 0.909578 
1046 0.183417	1.12016 1.16612 1.12842 0.981956 0.964673 1.0737 1.12188 1.07889 1.13624 1.06271 
1047 0.151591	1.10833 0.995179 1.0207 1.08056 0.979929 0.979594 1.03636 1.02058 1.01821 1.07895 
1050 0.124314	1.22385 1.19417 1.16987 1.2133 0.931096 1.05434 1.02419 1.08843 1.12947 1.10287 
1051 0.181961	1.04713 1.07079 1.13984 0.926278 1.03357 1.08057 1.18214 1.12707 1.14033 1.05837 
1052 0.107059	0.88834 0.976671 0.9431 0.911651 0.964439 0.978026 0.994655 0.898253 0.969418 0.950534 
1053 0.195294	1.08144 1.08457 1.00468 1.0879 0.96145 0.959596 1.02767 1.0325 0.965956 1.07706 
1054 0.0423529	0.935234 0.883268 0.886942 1.00331 0.920879 0.862284 0.932491 0.880915 0.928206 0.914469 
1055 0.0956863	0.902787 0.911269 0.918905 0.88899 1.02822 0.917137 1.05172 0.982964 0.877714 0.993167 
1056 0.148627	1.00173 1.0194 1.00453 1.00757 0.977611 1.00194 1.00216 1.02294 1.03965 1.01711 
1057 0.104706	0.88052 0.837907 0.843199 0.847737 1.11027 0.914623 1.07515 0.985329 0.814374 0.945323 
1060 0.177132	1.13271 1.13038 1.09054 1.04855 0.961396 1.03116 0.982507 1.00972 1.0683 1.0595 
1061 0.143376	0.885937 0.914309 0.87998 0.872111 1.03547 0.994134 0.968381 0.888687 0.919711 0.955179 
1062 0.0522686	0.921963 0.946256 0.890743 0.995929 0.941104 0.971277 0.936015 0.868055 0.934264 0.951496 
1063 0.245735	1.01121 1.05298 1.03427 0.920559 1.01341 1.01375 1.05351 1.01131 1.04031 1.00894 
1064 0.077314	0.9551 0.974774 0.961769 0.913372 1.1084 1.02607 1.01274 0.982631 0.985984 0.957333 
1065 0.0711434	1.25088 1.24087 1.24664 1.16873 0.957601 1.19553 1.08174 1.13196 1.30964 1.12418 
1066 0.100907	1.06569 1.14715 1.14187 1.07546 1.01912 1.16994 1.03859 1.09755 1.19093 1.04008 
1067 0.132123	1.0185 1.03288 0.980712 1.07659 0.986959 1.01071 0.978184 0.955448 1.00744 0.994896 
1070 0.247325	1.09648 1.07255 1.07574 1.05168 0.920272 1.0367 0.97504 0.963381 1.01389 1.01786 
1071 0.0707491	1.1459 1.17818 1.19657 1.12105 0.990236 1.0427 1.04406 1.08858 1.06967 1.08828 
1072 0.109988	0.912526 0.888677 0.929336 1.04033 0.915276 0.924142 0.872564 0.832621 0.878696 0.896569 
1073 0.0778835	0.882677 0.888146 0.943716 0.863229 1.09062 0.938763 1.01073 0.97318 0.948834 0.978342 
1074 0.17717	0.973159 0.963464 0.961152 0.957518 1.04608 0.92047 0.969891 1.00254 0.905424 1.00189 
1075 0.144471	0.966116 1.01918 1.07927 0.992706 1.06478 1.01292 1.01683 1.04399 1.02774 1.0475 
1076 0.0927467	0.899414 0.857965 0.870546 0.884457 0.987225 0.869943 0.920292 0.865884 0.854066 0.931767 
1077 0.0796671	1.07193 1.07226 1.06625 1.17706 0.991663 1.07359 0.978539 1.05712 1.04429 1.04924 
1100 0.0660888	1.12955 1.05219 1.06349 1.13102 0.957007 0.935815 0.97169 1.00232 0.999202 1.02532 
1101 0.0953413	1.14575 1.18971 1.19738 1.08046 0.959998 1.08018 1.02602 1.15894 1.23481 1.07903 
1102 0.288191	0.966162 0.91973 0.955475 0.935105 1.00158 0.97046 0.990128 0.969984 0.919357 0.889318 
1103 0.0617551	1.20781 1.22417 1.2648 1.21088 0.962416 1.11413 1.05681 1.11272 1.23547 1.06745 
1104 0.287107	1.03458 1.07514 1.03863 0.963491 1.04263 0.990851 1.03477 1.01945 1.01546 0.991408 
1105 0.0660888	1.14936 1.11996 1.19312 1.09503 1.09167 1.04111 1.08007 1.13806 1.08644 1.07427 
1106 0.0650054	1.0601 1.02156 1.03693 1.10737 1.02285 1.01414 0.965796 1.03793 1.05628 1.00331 
1107 0.0704225	0.886436 0.888778 0.905773 0.934345 0.916531 0.921856 0.921156 0.908919 0.922867 0.869818 
1110 0.155152	0.991883 0.957421 0.994037 1.06234 0.97047 1.02161 0.924303 0.927007 0.934227 0.971369 
1111 0.107143	0.956161 0.920342 0.935948 1.01643 1.04523 0.988347 0.959202 0.929415 0.799775 0.997218 
1112 0.0837237	1.17703 1.26984 1.29759 1.09502 0.991324 1.15044 1.07084 1.12854 1.10293 1.10142 
1113 0.0491803	1.07618 0.999537 1.07298 1.13585 1.01852 0.975369 1.01114 0.962675 0.904914 1.0824 
1114 0.173302	1.09067 1.09419 1.16643 1.12112 0.916484 1.11468 0.994305 1.03191 1.11243 1.03761 
1115 0.10363	0.893919 0.92455 0.981679 0.947822 1.12707 0.966588 1.00363 0.946117 0.842486 0.965086 
1116 0.211944	0.902022 0.960915 1.02994 0.902163 0.975383 1.0131 0.984328 0.920482 0.920853 0.967318 
1117 0.115925	0.970187 1.0251 1.05979 0.954467 1.04699 1.08021 1.01254 1.00888 1.00383 0.987709 
1120 0.0588737	0.954648 0.984559 0.910596 1.02228 0.925399 0.997709 0.910256 0.904126 0.924845 0.932304 
1121 0.0853242	1.17803 1.19294 1.20393 1.11159 1.04076 1.15247 1.11039 1.17852 1.04774 1.11646 
1122 0.0610068	1.22709 1.18572 1.13441 1.13701 0.902982 1.09004 1.0477 1.10399 1.05034 1.05029 
1123 0.159983	1.00714 1.09647 1.07703 1.02623 0.944799 1.05913 1.01729 1.03318 1.08905 1.00799 
1124 0.283703	1.01765 1.02043 0.992726 0.936568 1.02525 1.03614 1.04462 1.04269 1.0135 1.02399 
1125 0.104096	1.04495 1.03167 1.02027 1.08657 1.01905 1.07271 0.98894 0.991276 1.01134 1.02293 
1126 0.0703925	1.1691 1.19534 1.06375 1.21109 1.00076 1.0697 0.999312 1.09532 1.12181 1.08864 
1127 0.176621	0.859954 0.915713 0.879777 0.907668 1.08011 0.951827 0.96205 0.9185 0.87067 0.987044 
1130 0.182972	0.983504 0.96924 0.884172 1.02415 0.974027 0.963363 0.869095 0.926304 0.966815 0.93559 
1131 0.0391327	0.913147 0.984982 1.00108 0.864489 1.13457 1.05887 0.982741 0.991128 0.945439 0.993674 
1132 0.117398	1.12974 1.12944 1.16416 1.12128 0.972579 1.0716 0.970982 1.13218 1.12907 1.05895 
1133 0.126388	1.15073 1.12875 1.11821 1.02073 1.031 1.10935 1.03892 1.17809 1.13762 1.08187 
1134 0.173982	1.08235 1.0608 1.06094 1.14605 0.955848 1.06785 0.957981 1.00941 1.04726 1.00359 
1135 0.109466	0.99534 0.932565 0.917293 0.966593 1.03694 1.00373 0.953043 0.975903 0.90713 0.959217 
1136 0.183501	1.01151 1.05414 1.03837 0.942454 0.984126 1.00716 0.960999 0.966311 1.03625 0.972643 
1137 0.0671602	0.900414 0.906224 0.905046 0.839497 1.01422 0.965052 0.955817 0.950065 0.965992 0.917478 
1140 0.0579965	1.04268 1.01206 1.03813 0.908322 1.01756 1.03494 1.07904 1.10829 1.01738 1.01038 
1141 0.107791	1.13993 1.1502 1.14168 1.05061 0.928915 1.09783 0.996382 1.10142 1.11653 1.01527 
1142 0.0867018	0.94197 0.945366 0.903151 1.09818 0.968145 0.960587 0.918912 0.947983 0.91106 0.9466 
1143 0.128881	1.04102 1.03029 0.999523 1.07411 0.975745 1.03892 1.00295 1.03115 1.00168 1.00757 
1144 0.111306	1.10423 1.12893 1.09893 0.988225 1.02481 1.08246 1.02825 1.14006 1.14622 1.04767 
1145 0.0990041	1.18626 1.16194 1.14015 1.14492 0.935668 1.05529 1.08843 1.11138 1.05282 1.09274 
1146 0.218512	0.838617 0.90618 0.911074 0.911113 0.982773 1.04552 1.01255 0.936704 0.916177 0.962242 
1147 0.189807	1.02296 1.0518 1.03941 1.01325 1.06123 1.07848 1.02888 1.1242 1.00317 1.02226 
1150 0.100387	0.931903 0.955329 0.878203 1.04981 0.964343 0.945811 0.892311 0.915378 0.907424 0.920745 
1151 0.214325	0.99195 1.03163 0.997928 0.98968 1.01365 0.966061 0.963091 0.996274 1.02328 0.972674 
1152 0.203263	0.917908 0.870112 0.893384 0.965753 1.0779 0.948887 1.00246 0.971906 0.867065 0.943795 
1153 0.163993	1.08622 1.08688 1.12142 1.12451 1.02115 1.05544 1.03124 1.0279 1.05206 1.05495 
1154 0.0519912	1.27264 1.27079 1.25877 1.19152 0.936192 1.19461 1.02566 1.07869 1.2158 1.12737 
1155 0.0713496	0.887725 0.93657 0.929931 0.857567 1.04403 0.964696 0.981057 0.922306 0.941154 0.939212 
1156 0.048396	1.033 1.05618 1.03464 1.0486 0.878365 1.04764 0.961843 0.858035 1.00441 0.965946 
1157 0.146294	1.14312 1.11867 1.09319 1.06718 0.956353 1.04777 1.0211 0.95392 1.06467 1.01514 
1160 0.174757	0.898339 0.889548 0.920705 0.999739 1.0148 0.946337 1.0043 0.936688 0.901849 0.99721 
1161 0.059135	0.776804 0.799474 0.810319 0.856325 1.06943 0.879667 0.973183 0.873398 0.814696 0.91985 
1162 0.149162	1.20038 1.18253 1.20454 1.2105 0.941464 1.13823 1.05726 1.03918 1.18713 1.09809 
1163 0.0767873	0.971576 0.999649 1.03969 1.02047 1.08679 1.0826 1.01223 1.00998 1.02422 1.02065 
1164 0.141218	0.887486 0.959189 0.944318 0.978404 0.993146 1.0425 0.992792 0.968947 1.03002 0.950584 
1165 0.215357	1.01963 1.05465 1.06532 1.07287 1.00671 1.06657 1.01738 1.02172 1.0896 1.04161 
1166 0.082083	0.931385 0.999139 0.942176 1.0369 0.930989 0.991517 0.950953 0.903365 0.99106 0.969134 
1167 0.1015	0.824074 0.880571 0.940693 0.876847 1.08872 1.01972 1.06964 0.98051 0.943421 0.978184 
1170 0.0754717	0.923827 0.867359 0.871454 1.02186 1.04866 0.86034 0.999925 0.909638 0.827278 0.974251 
1171 0.0893082	1.00795 0.94126 0.929671 1.05097 0.976801 0.928774 0.975135 0.926946 0.947932 0.985344 
1172 0.266667	1.09014 1.12885 1.12439 1.12639 0.964629 1.08038 1.04715 1.12026 1.16433 1.06432 
1173 0.0886792	1.03379 1.06313 1.10163 1.02346 1.11724 1.12973 1.18887 1.20005 1.07704 1.11119 
1174 0.15283	0.827552 0.8479 0.836564 0.918532 0.9474 0.894147 0.923837 0.858425 0.823817 0.895646 
1175 0.108805	0.925741 0.957307 1.00223 0.963913 1.03035 0.979609 1.00785 0.985474 0.898527 1.02244 
1176 0.13522	0.872441 0.920729 0.891192 0.890537 1.10519 0.956608 1.06227 1.00691 0.891273 0.996077 
1177 0.0830189	1.0361 1.03922 1.10604 0.983625 0.92997 1.02034 1.02629 1.05785 1.15715 0.975985 
BOUNDS
LWPS R    0.0  0.0  0.0  0.0  0.0  0.0  0.0  0.0  0.0  0.0
UWPS R    0.5  0.5  0.5  0.5  0.5  0.5  0.5  0.5  0.5  0.5
LXAS R   -0.5 -0.5 -0.5 -0.5 -0.5 -0.5 -0.5 -0.5 -0.5 -0.5
UXAS R    0.5  0.5  0.5  0.5  0.5  0.5  0.5  0.5  0.5  0.5
END
