NAME moment_estimation_cluster
ASSETS 10
BENCHMARKS 0.1 0.1 0.1 0.1 0.1 0.1 0.1 0.1 0.1 0.1 
COVARIANCES
0 0 0.0052769
1 0 0.00055247
1 1 0.0052132
2 0 -0.00201779
2 1 0.00637105
2 2 0.0111626
3 0 0.00100958
3 1 0.00185045
3 2 0.00222318
3 3 0.00234403
4 0 0.000824412
4 1 0.00212005
4 2 0.00260885
4 3 0.000811428
4 4 0.00164198
5 0 0.00336524
5 1 0.00192178
5 2 -4.4331e-05
5 3 0.00246945
5 4 0.00100243
5 5 0.00562711
6 0 -0.000893534
6 1 0.00350557
6 2 0.00523232
6 3 0.000943441
6 4 0.00117385
6 5 0.000482069
6 6 0.00312537
7 0 -0.000902812
7 1 0.00453264
7 2 0.00709298
7 3 0.00180295
7 4 0.00228306
7 5 0.000882498
7 6 0.00322743
7 7 0.0055575
8 0 0.00160562
8 1 0.00404928
8 2 0.00479291
8 3 0.0027346
8 4 0.0021695
8 5 0.00330437
8 6 0.00206802
8 7 0.0040691
8 8 0.00504206
9 0 -0.000426881
9 1 0.000470846
9 2 0.00110325
9 3 0.00019919
9 4 0.000674967
9 5 -0.000429783
9 6 0.000200186
9 7 0.00110297
9 8 0.000786322
9 9 0.0011412
SCENARIOS
0 0.39464	1.00554 0.975369 0.960427 1.00781 0.966838 0.96329 0.98124 0.974179 0.973222 0.98333 
1 0.60536	0.996823 1.03273 1.0496 1.00425 1.02494 1.02807 1.03041 1.05058 1.02926 1.0149 
00 0.463967	0.980397 0.941678 0.90457 0.958985 0.964715 1.01746 0.962178 0.925585 0.978142 0.969693 
01 0.536033	0.992573 1.0404 1.08984 0.998652 1.03487 1.04894 1.02031 1.05003 1.05324 1.00835 
10 0.167817	0.949628 1.11865 1.20755 0.99215 1.03171 0.943077 1.09422 1.0942 1.06865 1.00345 
11 0.832183	1.05294 0.984288 0.973381 1.0035 1.00075 0.992075 0.948223 0.974015 0.979554 1.00066 
000 0.0861824	1.0814 1.08227 1.09522 1.09607 0.987562 1.0662 1.06485 1.02333 1.04554 0.965631 
001 0.0705079	0.91484 0.959244 1.02699 0.998309 1.01389 0.860756 0.940095 1.01967 0.96985 1.10096 
002 0.0641726	0.982117 1.08344 1.13434 0.987277 1.06707 1.00755 1.03306 1.0859 1.05156 1.01521 
003 0.0712179	0.903265 1.20349 1.36524 1.05847 1.02905 0.979732 1.20489 1.17967 1.04747 1.02041 
004 0.151775	0.970557 0.921398 0.885208 1.00996 0.929704 1.04837 0.948343 0.881369 0.932348 0.954538 
005 0.234298	0.933998 0.956962 1.00584 0.952657 0.959944 0.910008 0.996881 0.922503 0.881324 0.986979 
006 0.174932	1.17411 0.992783 0.890876 1.02482 1.02312 1.03189 0.93567 0.958316 0.976696 1.02775 
007 0.146914	1.04819 1.11474 1.17718 1.09581 1.06366 1.09562 1.05379 1.12081 1.07017 1.00408 
010 0.18389	0.850707 1.00405 1.0239 0.989399 0.956505 0.938494 1.02294 1.00095 0.93614 0.996011 
011 0.124515	1.05076 0.884928 0.800862 0.96987 0.950741 0.954831 0.935162 0.852607 0.89771 1.00111 
012 0.197599	1.04463 0.974842 0.920929 1.00366 1.01441 1.06187 0.972453 0.935471 0.977288 1.02219 
013 0.0454288	0.85985 1.0672 1.17449 1.09141 0.988353 0.947321 1.0993 1.09903 1.07658 1.06544 
014 0.175239	1.09082 1.16565 1.17569 1.07233 1.08608 1.08245 1.0504 1.11156 1.13695 1.03295 
015 0.0458542	1.07373 0.944372 0.906307 1.14173 0.986438 1.20544 0.942801 0.958014 1.08684 1.01976 
016 0.167344	0.95507 1.09939 1.06987 1.05148 1.02724 1.1151 1.06122 1.09 1.10052 0.979078 
017 0.0601305	1.03514 0.959391 0.886756 0.93676 0.97514 0.983557 1.0165 0.898837 0.886394 0.962442 
100 0.147554	0.937257 0.977579 1.04185 0.949923 0.989085 0.929237 1.02019 1.00954 0.955387 1.04791 
101 0.181317	1.07245 1.00456 1.03504 1.08083 1.0528 1.10245 1.01192 1.04541 1.04761 1.00761 
102 0.138203	0.91566 1.09715 1.228 1.02643 1.05115 0.998922 1.11892 1.21038 1.05342 1.03944 
103 0.160547	0.853742 0.864685 0.883046 0.912168 0.902741 0.863133 0.928733 0.892555 0.835389 0.963347 
104 0.0690029	0.972926 0.967379 0.980201 1.08905 0.946447 1.08337 0.991124 1.00583 1.03109 0.950809 
105 0.105128	1.12751 1.12769 1.11798 1.0864 1.04077 1.14495 1.05023 1.05867 1.09809 0.93662 
106 0.0551235	1.05794 0.947682 0.855135 1.0115 0.953125 1.02888 0.978142 0.916675 0.882415 0.960378 
107 0.143124	1.0942 0.949766 0.883905 0.949829 0.998521 0.933187 0.965478 0.897438 0.912733 0.986387 
110 0.0686027	0.858783 0.990644 1.03342 0.962784 0.983387 0.845695 1.00552 1.01734 0.972106 1.05247 
111 0.0846617	1.10226 1.0443 0.965546 1.10041 1.02713 1.17889 1.0197 1.04059 1.09627 0.997986 
112 0.0637196	1.00045 0.86773 0.796333 0.95242 0.969868 0.971383 0.883153 0.843769 0.944666 1.00385 
113 0.138238	0.891214 1.07461 1.14794 1.01135 0.986687 0.954411 1.10579 1.08477 1.00698 1.01119 
114 0.111876	0.921936 0.921869 0.919071 0.979479 0.902176 0.977811 0.957949 0.883265 0.926612 0.970491 
115 0.108006	1.01913 0.975693 0.900692 0.957646 1.00941 1.04901 0.977855 0.92674 0.984807 0.992492 
116 0.274729	0.980368 1.1086 1.16272 1.04158 1.07049 1.00071 1.09465 1.14816 1.06903 1.0222 
117 0.150168	0.929504 0.901041 0.871935 0.916111 0.951196 0.908666 0.958012 0.908731 0.893851 0.994511 
0000 0.117871	0.998224 1.11635 1.07448 1.0323 1.05172 1.17684 1.08453 1.06714 1.04172 0.988444 
0001 0.178707	1.03969 0.998059 0.990964 1.02697 1.01996 1.17184 0.951395 0.986646 1.0597 1.00429 
0002 0.0773131	0.864507 1.00778 1.1053 1.04714 0.946294 1.05427 1.05737 1.03063 1.02241 0.98024 
0003 0.121039	0.90302 0.846456 0.903812 0.948279 0.949858 0.973664 0.941214 0.910831 0.887205 0.997915 
0004 0.0925222	0.982839 0.959221 0.919349 1.08602 0.981403 1.14609 0.962643 0.95947 1.05712 1.02755 
0005 0.17237	0.91967 1.01061 1.04622 0.936705 0.997398 0.967602 1.0406 1.02011 0.934599 1.00713 
0006 0.0963245	0.803774 1.13397 1.34907 1.05865 1.05032 1.01141 1.17772 1.17204 1.04997 1.01579 
0007 0.143853	0.898756 1.04961 1.0799 1.04135 1.04328 1.0009 1.04672 1.1356 1.00878 1.06899 
0010 0.115414	1.01322 1.04279 1.10261 1.02492 1.04431 1.03397 1.03089 1.09629 1.04939 0.982794 
0011 0.100697	1.05551 0.91849 0.84505 0.942301 0.972756 1.12788 1.00258 0.908024 0.896947 0.927501 
0012 0.0797831	1.07919 0.92874 0.944613 1.09895 0.982904 1.17416 1.00706 0.966604 0.986314 0.971855 
0013 0.0960496	1.04389 0.841254 0.856841 0.945243 0.937561 0.999522 0.928458 0.875184 0.910705 0.957148 
0014 0.164988	0.976255 1.0259 1.1802 1.07816 0.990616 1.08289 1.14003 1.05957 0.972496 0.964768 
0015 0.284276	1.03847 0.961588 0.894376 0.954655 1.0233 1.1115 1.0413 0.931026 0.955276 0.967837 
0016 0.0805577	1.06252 1.11054 1.13205 1.01323 1.09588 1.09259 1.03965 1.18834 1.08486 0.948108 
0017 0.0782339	0.90094 0.986728 1.02871 0.958972 0.974681 1.05307 1.10427 0.975323 0.921591 1.00376 
0020 0.248511	1.01545 0.918867 0.859883 0.951262 0.951696 0.998253 0.973346 0.887914 0.874505 0.950166 
0021 0.116596	1.01867 1.11354 1.16415 1.00091 1.05416 0.991391 1.07204 1.1512 1.04064 1.06018 
0022 0.117447	1.22146 1.02735 0.947851 1.04225 1.00996 1.08845 1.01667 0.935519 1.05499 1.01825 
0023 0.0544681	0.99665 1.00847 1.05407 0.948598 1.0168 0.866767 1.03138 0.997822 0.973524 1.0392 
0024 0.142128	0.986799 0.992377 1.03229 1.01109 0.942915 0.96106 1.03246 0.960406 0.920692 0.971606 
0025 0.0817021	1.08107 0.949281 0.899392 0.957893 1.00195 0.874153 0.97742 0.932488 0.874801 1.04485 
0026 0.114894	1.13452 0.976864 0.986185 1.06687 1.05034 0.964318 0.954811 1.0042 1.03938 1.04425 
0027 0.124255	0.904213 0.973682 1.03667 1.00983 1.0042 0.953585 1.0347 1.05975 0.940674 1.03317 
0030 0.117331	1.0117 0.911349 0.882044 0.909504 0.989182 0.870199 0.902684 0.886289 0.889331 1.021 
0031 0.115798	0.971563 0.939443 1.07138 1.02969 0.950392 0.940958 0.982469 0.966896 0.982365 0.976166 
0032 0.196319	1.13402 0.976966 1.0029 1.04217 1.01425 1.07161 0.947489 0.971195 1.02292 0.97972 
0033 0.146472	0.961694 0.950469 1.07742 0.977074 1.01383 0.94928 0.961094 1.00221 0.995065 0.990691 
0034 0.0605828	1.01393 0.883415 0.91929 1.04272 0.948346 1.11559 0.878635 0.864602 1.03298 0.936927 
0035 0.0575153	1.01462 0.892223 0.858557 0.934285 0.910193 0.921615 0.90675 0.905736 0.939641 0.995869 
0036 0.192485	1.02772 1.07833 1.16671 1.08045 1.08197 1.14324 1.0712 1.08139 1.09064 0.972623 
0037 0.113497	1.00669 0.902493 0.86233 0.918275 0.984675 0.92218 0.946347 0.878441 0.857448 0.956012 
0040 0.167686	0.92892 1.02245 1.10118 1.05612 1.02106 0.980811 1.02958 1.08205 1.04329 1.06147 
0041 0.0935588	1.1754 1.15042 1.22878 1.059 1.08594 1.10069 1.09303 1.10717 1.10393 1.04498 
0042 0.175603	1.16868 0.954592 0.929455 1.02636 1.04803 1.03385 0.931028 0.975684 1.02725 1.038 
0043 0.154012	1.09435 0.916519 0.804365 0.99802 0.977202 1.04283 0.898563 0.934025 0.937238 1.0081 
0044 0.120547	1.04386 1.17377 1.2103 1.06478 1.03599 0.98293 1.06894 1.10829 1.07469 1.04287 
0045 0.109032	1.02071 0.921734 0.942436 0.982046 0.969058 0.938097 0.950058 1.01924 0.938297 1.01787 
0046 0.0921195	0.909554 1.03283 1.10649 0.930976 0.996889 0.82788 1.07743 1.0459 0.922545 0.973666 
0047 0.0874415	1.01184 0.877311 0.83023 0.930733 0.924262 0.901623 0.930735 0.877038 0.807225 1.02241 
0050 0.122378	0.872639 0.98315 1.02037 0.936926 0.945461 0.89018 1.03451 1.07202 0.857682 1.00749 
0051 0.114219	0.98227 0.984966 0.997278 1.01951 1.00797 1.00595 0.974033 1.07742 1.03899 1.07648 
0052 0.0773893	1.07632 0.888723 0.813526 0.946111 0.973336 0.991452 0.912843 0.849262 0.905512 0.965614 
0053 0.0729604	0.96456 0.8018 0.761248 0.913211 0.94833 0.945933 0.824942 0.880232 0.836099 1.04097 
0054 0.226573	0.905024 1.07215 1.18535 1.06401 1.05443 1.04648 1.10518 1.20023 1.10351 1.03451 
0055 0.0876457	0.957041 0.961834 0.959932 0.873627 1.02567 0.907072 1.00083 0.998336 0.911278 1.0128 
0056 0.131002	1.01755 1.03888 0.990987 1.03307 0.987896 1.05886 1.01706 1.10277 1.05256 1.01599 
0057 0.167832	1.05999 1.04481 0.938016 0.965956 1.03919 0.96287 0.979955 1.0046 0.989869 1.06458 
0060 0.122073	0.879887 1.00686 1.17556 0.979817 1.0059 0.996134 1.09074 1.03091 0.995726 1.00207 
0061 0.0721199	0.914387 0.992858 1.04906 0.916292 0.95976 0.890872 1.03416 0.985752 0.903252 0.991256 
0062 0.106463	0.828035 0.920901 1.026 1.02069 0.944056 1.0759 0.982493 1.01826 0.985811 0.969121 
0063 0.0774274	1.00014 1.02494 1.00543 0.977717 1.07048 1.00839 0.998723 1.03921 0.976619 1.04692 
0064 0.0924134	0.951594 1.03552 1.06532 1.04599 1.00034 1.16902 1.06317 1.03295 1.08864 0.967636 
0065 0.146425	1.0087 0.857669 0.78748 0.944401 0.965255 1.04431 0.866337 0.915962 1.00588 0.982711 
0066 0.151108	0.994764 1.01622 0.956628 1.00599 0.983703 1.20032 0.995441 0.98078 1.03521 0.977977 
0067 0.23197	1.02389 1.10414 1.15265 1.07323 1.0637 1.26141 1.10202 1.0572 1.10258 0.977968 
0070 0.157249	0.952872 1.09133 1.10221 1.01449 1.03649 1.00821 1.0845 1.05342 1.11975 1.0885 
0071 0.0639405	1.04063 0.986885 0.88255 0.970521 1.03213 1.10336 0.978554 0.921406 1.03299 1.02765 
0072 0.0624535	1.0426 1.18002 1.27669 1.11919 1.07541 1.03368 1.10035 1.18354 1.23517 1.09759 
0073 0.139405	1.00666 1.02165 1.01527 1.06871 0.99497 1.04732 1.0402 0.989433 1.06247 1.0106 
0074 0.148699	0.948929 0.960139 1.00833 0.935159 0.947375 0.852978 0.997565 0.91066 0.911943 1.00981 
0075 0.143494	1.04963 1.07675 1.16741 0.997659 1.03927 1.06765 1.11145 1.072 1.12045 1.02954 
0076 0.197026	0.920451 0.924464 0.943369 0.999064 0.974987 0.962003 1.00023 0.967562 0.991825 1.06866 
0077 0.0877323	1.1028 0.953728 0.855612 1.00548 0.968985 1.10154 0.97081 0.905966 1.01396 0.989563 
0100 0.158869	1.09885 0.937767 0.950341 1.03438 1.03508 1.09117 0.985237 1.01359 1.08314 1.03092 
0101 0.0614396	0.947939 1.12722 1.30144 1.00436 1.05032 0.923705 1.17538 1.0986 1.06275 1.05604 
0102 0.0894602	0.879117 0.943411 0.999437 0.907767 0.968325 0.7915 1.01487 0.983485 0.910175 1.00271 
0103 0.0974293	1.06602 0.828766 0.793131 0.958136 0.953879 1.00009 0.916408 0.904875 0.90239 0.969963 
0104 0.262725	1.02382 0.987659 1.0175 0.994436 0.997774 1.03653 1.0293 1.00072 1.0259 0.970088 
0105 0.133419	1.08647 1.0675 1.16667 1.10242 1.03716 1.10523 1.0737 1.06893 1.08958 1.02501 
0106 0.112339	1.01223 0.91512 0.884073 0.978352 0.990474 0.905617 0.975303 0.940561 0.934582 1.03264 
0107 0.0843188	0.979996 1.06569 1.15374 0.983803 1.09379 0.849327 1.01386 1.10124 1.10994 1.08422 
0110 0.182232	0.895245 0.957908 1.00104 0.904686 1.00932 0.926025 0.982957 0.978808 0.932428 1.03981 
0111 0.0755505	0.807171 0.983552 1.01785 0.880871 0.962271 0.845364 0.963808 0.989519 0.904952 0.968716 
0112 0.0447988	1.11168 0.879094 0.77861 0.904879 0.928918 1.02566 0.851355 0.844957 0.870659 0.945704 
0113 0.118831	1.02875 1.04056 0.963302 0.989702 1.00339 1.09814 1.03772 1.01206 0.989863 0.93452 
0114 0.179575	1.14471 0.995832 0.954054 1.01109 1.06531 1.08146 0.921982 1.02063 1.07025 0.989923 
0115 0.200076	1.01342 1.06402 1.08811 1.04835 1.01513 1.06582 1.01512 1.08452 1.05577 0.980813 
0116 0.106302	0.865593 1.00549 1.0281 1.01375 0.953521 0.922747 0.976642 1.06367 0.968006 0.990956 
0117 0.0926348	0.935818 0.874153 0.888194 0.921199 0.944225 0.847939 0.871685 0.920672 0.890406 1.01453 
0120 0.148086	0.974144 0.921494 0.949387 0.938903 0.953012 0.831995 0.933464 0.904184 0.935559 1.01326 
0121 0.105742	1.02672 1.13678 1.09252 1.05738 1.0343 1.04963 1.0508 1.08537 1.13628 0.963995 
0122 0.069378	0.991416 1.07046 1.16734 1.04378 1.06631 0.980813 1.06635 1.2345 1.1247 1.06988 
0123 0.0638756	0.904782 0.999521 0.982657 0.999434 0.946344 0.955108 1.01773 1.01566 0.972222 0.966163 
0124 0.188517	0.977772 1.02569 1.05927 0.981943 1.04844 0.875503 1.00194 1.08572 1.03274 1.05798 
0125 0.0715311	1.13816 0.955268 0.844224 0.962374 1.01108 0.988053 0.947864 0.993334 0.96905 1.03239 
0126 0.279426	1.0422 1.00216 1.03986 0.992069 0.986109 1.00857 1.00609 0.991022 1.02314 0.986066 
0127 0.073445	1.15134 0.974437 0.902627 1.06526 1.01188 1.06049 0.937023 0.991173 1.03797 0.977023 
0130 0.166493	0.917064 0.999135 1.0304 0.933149 0.995074 0.948868 0.995638 1.02157 0.918834 0.994254 
0131 0.211238	1.01592 1.16083 1.18082 1.0004 1.00825 0.963249 1.02669 1.09064 1.04446 0.965225 
0132 0.0905307	0.893705 1.14506 1.26747 0.983644 1.07539 0.927413 1.11864 1.15376 1.02373 1.06753 
0133 0.0437045	0.974997 1.04659 1.13981 1.02055 0.960637 1.04666 1.0752 0.942574 0.985805 0.897616 
0134 0.181061	0.995597 0.881789 0.856022 0.972227 0.993541 1.01402 0.885601 0.904069 0.906299 1.02724 
0135 0.0665973	0.860243 0.966613 1.04387 0.876304 0.994867 0.80039 0.914396 1.05739 0.898381 0.999669 
0136 0.151925	1.11742 0.945974 0.982655 1.0427 0.970008 0.986172 0.928139 0.982156 0.97528 0.972607 
0137 0.0884495	1.22682 1.0174 1.02349 1.02369 1.07416 1.0063 0.93943 1.04315 1.09617 1.04188 
0140 0.171298	1.03899 0.936737 1.03067 1.01541 1.03871 0.961911 1.0031 1.09959 1.06198 1.03746 
0141 0.0642029	0.99419 0.88722 0.851662 1.0038 0.916989 0.963221 0.952102 0.908817 0.960005 0.986997 
0142 0.13461	0.975865 1.07224 1.03713 1.0144 1.00874 1.1043 1.11683 1.05453 1.00323 0.928516 
0143 0.104127	0.884686 1.15946 1.27798 1.09509 1.06424 1.10093 1.11575 1.2349 1.23261 1.0222 
0144 0.177772	1.06308 0.883763 0.877896 0.998945 0.99035 0.947482 0.954981 0.951119 0.944551 1.05397 
0145 0.0785001	1.10083 0.977681 0.8529 0.970973 1.01748 1.05228 1.02985 0.97179 0.998337 1.03961 
0146 0.061775	0.852151 0.851525 0.842525 0.899576 0.957468 0.880153 0.915373 0.944807 0.911381 1.03602 
0147 0.207715	0.884643 1.02114 1.10429 1.00853 0.965444 1.01815 1.12807 1.12563 1.06323 1.01435 
0150 0.0701031	1.03875 1.04544 0.987292 1.0531 0.968854 0.96073 1.01375 1.01008 1.07122 1.04567 
0151 0.151546	1.08387 1.01463 0.92458 0.956847 1.01866 0.943378 0.910722 0.98179 1.00887 1.00052 
0152 0.179381	0.933988 1.15944 1.18004 1.03463 1.02458 0.991827 1.14535 1.1944 1.09425 1.0217 
0153 0.0463918	1.15143 0.950245 0.823898 0.950793 1.0044 0.923996 0.889381 0.906705 0.951428 1.01231 
0154 0.140206	1.02165 0.95018 0.872516 0.948467 0.931012 0.893492 0.984281 0.875885 0.849558 0.946155 
0155 0.118557	0.959935 0.973006 0.985025 0.984725 0.989145 0.929738 0.991533 0.970568 0.946966 0.9852 
0156 0.126804	0.964049 1.07683 0.988209 0.90825 0.972684 0.85585 1.03794 1.02829 0.918675 0.993892 
0157 0.16701	1.19693 1.16669 1.05554 1.04921 1.07811 1.08905 1.05611 1.05845 1.10683 1.02568 
0160 0.113842	1.09955 0.975977 0.965724 0.951569 1.03188 0.953296 0.978993 1.01118 1.00264 1.0019 
0161 0.124294	1.15962 1.04636 1.03321 1.09226 1.02882 1.08976 0.991663 1.02425 1.05502 0.971122 
0162 0.0774011	0.98403 0.951406 1.10115 1.01381 1.02539 0.934154 1.00097 1.03633 0.959085 1.07791 
0163 0.0672316	1.04298 1.10693 1.1573 1.11209 0.998813 0.964193 1.11147 1.05243 1.01729 0.993418 
0164 0.192938	1.09415 0.916069 0.89821 0.989175 0.97398 0.977421 0.93219 0.909785 0.918621 0.991101 
0165 0.080226	1.03386 0.908047 0.884969 0.904671 0.932547 0.866479 0.98391 0.865597 0.826558 1.01238 
0166 0.130226	1.04106 1.13106 1.23242 1.02342 1.05705 0.841704 1.08026 1.14734 1.05115 1.04474 
0167 0.213842	1.03011 0.989035 1.05492 0.966567 0.976245 0.888243 1.0009 0.985079 0.939447 1.02447 
0170 0.189465	0.984595 1.11765 1.1434 1.04667 1.05246 1.05341 1.0452 1.08502 1.1101 0.993285 
0171 0.165881	0.9856 0.957053 0.918748 0.998732 0.954803 1.05135 0.998907 0.913856 0.957202 0.962294 
0172 0.136006	1.04896 0.968322 1.02896 1.01872 1.01815 0.996046 0.969315 1.04964 1.11065 1.0269 
0173 0.168239	0.8374 0.947648 1.02486 0.902468 0.973556 0.765033 0.942608 0.957622 0.951101 1.04686 
0174 0.0731132	1.09744 1.05638 1.06429 0.977686 1.09773 0.94306 0.969106 1.09147 1.04397 1.04933 
0175 0.0715409	1.03331 0.924525 0.889347 0.959782 1.03937 0.974667 0.89681 1.00519 0.944126 1.05055 
0176 0.146226	0.973118 1.01137 1.0746 1.00909 0.984976 1.0071 0.961529 1.02516 1.06725 1.03418 
0177 0.0495283	0.953364 1.13839 1.22477 0.911238 1.05092 0.840037 1.14571 1.13514 1.01582 1.01959 
1000 0.333556	0.998404 0.907391 0.910681 1.01564 0.979217 0.940888 0.911895 0.949923 0.971432 0.968136 
1001 0.0847231	0.913183 0.960771 1.04883 1.0621 0.932932 0.960561 1.0066 1.00242 0.941527 0.933019 
1002 0.117412	1.07781 0.99408 0.990542 1.06247 1.05115 1.01097 0.970314 0.989417 1.01251 0.994522 
1003 0.0987325	0.871562 0.97157 1.04283 1.02108 0.975123 0.89425 1.03261 1.05102 0.924456 0.962208 
1004 0.0907272	1.07419 0.99646 1.00505 0.98285 1.0868 0.953342 0.950206 1.10466 1.01187 1.00685 
1005 0.118079	0.93373 1.10126 1.15998 1.10099 1.05619 0.956817 1.0438 1.09426 1.11288 0.990438 
1006 0.0813876	0.940494 1.0642 1.08196 1.05129 0.998282 1.04867 1.07291 1.08469 0.951856 0.934278 
1007 0.0753836	0.866079 1.02372 0.985668 0.950991 0.994871 0.971389 1.05325 1.01191 0.889696 0.977162 
1010 0.087405	0.839433 1.00528 1.01818 0.973534 0.98803 0.876113 0.952931 1.0114 0.956693 1.07219 
1011 0.190554	0.971154 0.999536 0.91757 0.948695 0.980333 0.94838 1.00748 0.994211 0.976515 1.03183 
1012 0.105863	0.863752 1.07562 1.15842 0.982103 0.987191 0.857331 1.02271 1.03687 1.02618 1.02716 
1013 0.104777	0.911848 1.12246 1.09451 0.997372 1.04125 0.919895 1.05568 1.06771 1.03476 1.04411 
1014 0.162324	0.87849 0.984461 0.993218 1.03504 0.929831 0.881909 0.982481 0.997841 0.95739 0.996765 
1015 0.162866	0.971561 1.07938 1.04113 1.03138 1.00423 1.13932 1.04577 1.03592 1.06996 0.975176 
1016 0.0618893	0.936478 0.918088 0.823695 0.906926 0.911351 0.93409 0.951625 0.845055 0.845528 0.98694 
1017 0.124321	1.01827 1.17323 1.08667 1.0046 1.08435 0.94065 1.07777 1.10161 1.11466 1.04951 
1020 0.0698006	0.759493 0.900032 0.961091 0.969006 0.894969 0.842292 0.944299 0.923163 0.883111 1.02474 
1021 0.15812	0.991689 0.982449 0.972408 0.927962 0.93874 0.847482 0.988325 0.889487 0.874926 0.949196 
1022 0.191595	1.00747 1.05795 1.07982 1.0683 0.993153 1.07002 1.03596 0.986124 1.05888 0.989337 
1023 0.146724	0.933808 1.04923 1.14993 1.05854 1.01536 0.915928 1.00425 0.980566 1.05141 1.03101 
1024 0.0982906	1.12491 0.939425 0.84725 0.962957 1.0126 0.917015 0.903468 0.86033 0.877775 1.01617 
1025 0.0605413	1.09147 0.916255 0.856223 1.06191 0.946343 1.01412 0.915148 0.824551 0.983416 0.971053 
1026 0.0690883	1.24123 1.06234 0.974469 1.02154 1.06069 1.03787 0.919261 0.93298 1.08568 1.00252 
1027 0.20584	1.09799 1.12302 1.10442 1.08138 1.07891 1.0003 1.00425 1.03032 1.18441 1.01949 
1030 0.185162	1.068 1.04928 1.04924 1.07606 1.04863 1.15813 1.07282 1.02936 1.0088 1.00219 
1031 0.128755	0.97669 1.02309 0.989849 0.914094 1.0281 0.873504 1.03448 0.967559 0.901883 1.04043 
1032 0.0809319	0.993731 1.14732 1.33865 1.06501 1.02809 0.953461 1.10476 1.15964 1.12245 1.04935 
1033 0.060699	1.24175 1.01337 0.896292 1.03202 1.04568 1.16403 0.941933 0.995558 1.11732 1.00967 
1034 0.112201	1.24983 1.03016 0.92273 1.00723 1.01374 1.1524 1.04075 0.966322 1.00522 0.957502 
1035 0.156959	1.0546 1.00833 0.987163 0.990356 0.955929 1.01381 0.989002 0.991208 0.946541 0.986216 
1036 0.0778663	1.03045 1.20206 1.27964 1.05073 1.09094 1.02521 1.15173 1.16293 1.12987 1.05219 
1037 0.197425	0.986547 0.923155 0.907924 0.937138 0.982202 0.880231 0.948021 0.908386 0.954052 0.999253 
1040 0.0841655	1.08588 1.00575 0.947307 1.0287 1.01514 1.09944 0.988534 0.91268 1.00762 1.013 
1041 0.134094	1.00916 1.02843 1.00448 0.965896 1.02619 0.936841 1.00321 1.02465 0.988689 1.04329 
1042 0.0570613	1.20291 1.07808 1.02314 1.07357 1.04643 1.22318 1.01152 1.02761 1.11652 1.02414 
1043 0.258203	1.10634 1.04305 1.01843 0.985141 1.00121 1.00916 1.00732 0.967263 0.959644 0.982402 
1044 0.0627675	0.958947 1.11393 1.2349 1.0326 1.0489 0.941556 1.11474 1.10709 1.01812 1.0398 
1045 0.10699	0.99153 1.11305 1.173 0.999425 1.01967 0.864858 1.0417 1.05318 0.989687 1.04136 
1046 0.184023	0.918065 0.948041 0.935238 0.916145 0.938346 0.928696 1.01857 0.896736 0.858372 0.921409 
1047 0.112696	1.05335 0.893234 0.864138 0.919846 0.981231 0.866065 0.927214 0.866511 0.794365 1.01087 
1050 0.196629	0.928737 0.969606 0.961004 0.94422 1.01112 0.95266 1.01195 0.996571 0.968996 1.0475 
1051 0.125468	1.04909 0.986199 0.863338 1.06895 0.99198 1.18933 0.975683 1.02045 1.0422 1.02942 
1052 0.0833333	0.931352 1.13098 1.26761 1.07352 1.12711 1.11236 1.07637 1.20044 1.18949 1.11949 
1053 0.106742	1.02142 1.1002 1.12209 1.02473 1.07753 1.00488 1.08269 1.13494 1.1024 1.06222 
1054 0.154494	0.964654 0.993765 1.05751 0.99371 0.999553 0.996663 1.03936 1.05263 1.05309 1.0374 
1055 0.121723	1.02823 1.07352 1.08279 1.10122 1.02562 1.09957 1.1091 1.12673 1.03672 1.06112 
1056 0.0533708	0.730814 1.03101 1.16528 0.999675 0.918193 0.819705 1.09798 1.08734 0.921219 1.01665 
1057 0.15824	0.987061 0.937977 0.873836 0.951599 0.929061 0.891221 0.994339 0.942483 0.869789 1.00778 
1060 0.189286	1.06468 1.00865 0.888033 1.00168 0.970722 1.09849 0.956945 0.895866 1.02097 0.983183 
1061 0.0732143	1.02124 1.05698 1.08927 1.07188 1.00825 1.15665 1.08203 1.00596 1.10642 0.984994 
1062 0.114286	1.10349 1.09977 1.11362 1.08471 1.05129 1.15832 1.05071 1.05127 1.15322 1.01253 
1063 0.0821429	0.943319 0.870769 0.862975 0.933038 0.94345 0.934814 0.882427 0.920164 0.958322 0.971437 
1064 0.230357	0.964615 1.06078 1.07803 0.977795 1.04487 0.972187 1.04526 1.02853 0.98326 0.990396 
1065 0.0535714	1.0504 1.18545 1.17946 1.07938 1.10152 1.07291 1.09507 1.09498 1.16404 1.02725 
1066 0.15	0.960466 1.003 1.02777 1.03671 0.988777 1.04125 0.924582 0.98915 1.10222 0.98371 
1067 0.107143	0.925905 1.06745 1.23239 0.956227 0.996643 0.866864 1.04495 0.97495 1.05989 1.00837 
1070 0.0969739	1.07671 1.01428 0.962123 0.999191 0.987041 1.00135 1.00374 0.971366 1.01237 0.978813 
1071 0.110041	0.964926 0.85594 0.85926 0.98066 0.925942 1.11145 0.91354 0.926206 0.924393 0.941061 
1072 0.0962861	0.89337 0.952727 0.967466 0.938354 0.941831 0.911916 0.965253 1.02402 0.907059 0.985235 
1073 0.1011	0.981377 1.02947 0.994124 1.00259 0.97194 1.13214 1.04596 1.05118 0.997066 0.906723 
1074 0.0859697	0.894198 0.933893 0.991277 0.89357 0.994618 0.956379 0.968058 1.01451 0.883554 0.962498 
1075 0.187758	0.993321 1.10844 1.05812 1.02973 1.085 1.17418 1.02826 1.0903 1.12823 1.01862 
1076 0.0921596	0.974835 0.941747 0.869449 0.982591 1.02769 1.05176 0.906928 1.05893 0.993529 1.04556 
1077 0.229711	1.00739 1.09135 1.11533 1.02164 1.00481 1.02504 1.04244 1.08558 1.08256 1.01179 
1100 0.127315	1.05376 0.964515 0.931724 1.02638 0.990607 1.09352 0.975276 0.99849 1.008 0.954042 
1101 0.0572917	0.991147 1.10748 1.15863 1.03654 1.0724 1.17822 1.09932 1.15578 1.17107 1.03068 
1102 0.100984	1.02464 0.956971 0.992552 1.06122 1.04714 1.20515 1.04131 1.01462 1.05757 1.03005 
1103 0.140336	0.951607 0.970929 1.05839 0.939615 0.978937 0.959698 1.06466 1.00012 0.959588 0.988139 
1104 0.13397	1.05718 1.01584 1.13583 1.01616 1.06103 1.05945 1.08715 1.13201 1.04951 0.994497 
1105 0.0729167	1.08334 1.08725 1.07273 1.00257 1.00901 1.08117 1.07809 1.03028 1.02165 0.969935 
1106 0.208044	0.977779 0.897416 0.966697 1.01699 0.930692 1.08236 0.968337 0.90296 0.908771 0.950939 
1107 0.159144	1.0587 0.943734 0.956652 0.948474 0.999981 0.990651 0.999418 1.00779 0.940515 1.01911 
1110 0.0989449	1.07081 1.0026 0.981742 1.06555 1.00761 1.1501 0.975606 1.01748 1.07407 0.956443 
1111 0.0851114	1.0962 0.999355 1.02596 1.03809 1.08452 0.981746 0.96772 1.01811 1.06688 1.05076 
1112 0.130363	0.929253 1.07839 1.09383 1.06392 0.953576 1.05247 1.05207 0.949131 1.06291 0.936589 
1113 0.104338	0.946122 0.884275 0.88341 0.960734 0.915273 0.909049 0.928291 0.870258 0.911468 0.970608 
1114 0.0801876	0.964675 1.03756 1.04219 0.974302 1.0298 0.885024 1.00386 0.949733 1.0059 0.996976 
1115 0.111372	0.990179 1.10556 1.25485 1.0969 1.08586 0.993385 1.05235 1.13992 1.16615 1.00633 
1116 0.304572	0.950929 0.944027 0.997591 0.977741 0.985229 0.881995 0.973344 0.949525 0.985566 1.04678 
1117 0.0851114	0.915139 1.0581 1.1833 1.01446 1.02789 0.947067 1.05507 1.1371 1.07282 1.00524 
1120 0.214019	0.954739 0.882393 0.883167 0.980404 0.94041 0.999473 0.970727 0.956015 0.910625 0.952966 
1121 0.0971963	1.10487 0.984299 0.962913 1.12471 0.990536 1.19285 0.993771 1.04387 1.04843 0.952266 
1122 0.190966	1.09648 1.01097 1.01187 0.985578 1.01856 1.03083 1.00686 1.03434 1.00896 1.00222 
1123 0.0607477	1.05321 0.934648 0.911664 0.97351 0.994836 1.01217 0.973564 1.00346 0.941165 1.02713 
1124 0.178816	1.04392 1.10973 1.19744 1.02231 1.05085 1.01656 1.12538 1.16969 1.09955 1.03237 
1125 0.0666667	0.954111 1.10422 1.25869 1.10458 1.09517 1.04723 1.09384 1.22587 1.17 1.07477 
1126 0.109034	0.904928 1.00943 1.13293 1.09858 0.993332 0.983065 1.08937 1.11438 1.02237 1.05915 
1127 0.0825545	0.920873 1.04577 1.05203 0.983522 1.04066 1.0298 1.03624 1.09563 1.03533 1.01857 
1130 0.122918	0.992466 0.967216 1.02602 1.05452 0.987561 0.918268 0.989706 0.968407 1.00649 1.04461 
1131 0.163268	0.961538 1.07063 1.16613 1.0394 1.03647 1.00909 1.06607 1.05442 1.06333 0.983653 
1132 0.131677	1.11082 0.965305 0.932297 1.03267 1.0485 1.10445 0.955845 1.00677 1.0835 1.00683 
1133 0.133975	0.986514 0.937197 0.854572 0.967809 0.944728 1.04829 0.951094 0.884879 0.970777 0.932156 
1134 0.144744	0.86834 1.00483 1.04766 0.992161 1.02679 0.901813 1.03019 1.01969 1.01276 1.01931 
1135 0.0509765	1.01153 1.09236 1.25533 1.10396 1.10112 0.963736 1.0505 1.18381 1.16938 1.06704 
1136 0.106835	0.851641 0.869343 0.939011 0.891674 0.973562 0.87357 0.951519 0.943718 0.889672 0.999867 
1137 0.145606	1.08025 0.975126 0.93849 0.997168 0.983469 1.05145 0.990203 0.918156 1.01725 0.948676 
1140 0.0647622	1.02711 0.852041 0.786439 0.985919 0.912584 1.00706 0.933737 0.845178 0.877386 0.960726 
1141 0.131654	1.03501 0.91293 0.883647 1.00318 0.976372 1.0415 0.961072 0.968595 1.02006 0.969609 
1142 0.112491	1.02265 1.09451 1.038 1.06512 1.05877 1.06969 1.07087 1.06977 1.09105 0.994171 
1143 0.187367	1.00246 0.980256 0.987319 1.00476 1.03063 0.972386 1.03745 1.07431 0.992023 0.971423 
1144 0.179205	0.926246 0.88226 0.879937 0.888015 0.963477 0.83442 0.969495 0.937283 0.814988 0.97352 
1145 0.130057	1.00046 1.14766 1.21913 1.03198 1.0963 0.925807 1.11901 1.16973 1.10122 1.01861 
1146 0.0945706	1.06999 1.08534 1.09603 1.07825 1.02053 1.12255 1.09944 1.11648 1.11905 0.928418 
1147 0.0998935	0.852183 0.997276 1.0716 1.02326 1.00547 0.953422 1.08164 1.10678 1.0101 1.03607 
1150 0.125345	1.11864 0.9017 0.903743 0.967554 1.00004 0.95484 0.954312 0.949362 0.93459 1.0227 
1151 0.179563	1.08473 0.99517 1.03039 1.06671 1.01361 1.00595 1.03484 1.05455 1.01534 1.01448 
1152 0.102738	1.06171 1.08771 1.11826 1.08194 1.0057 1.01601 1.05584 1.06112 1.03726 0.965345 
1153 0.0490719	0.993079 0.9655 0.942881 0.902975 0.986489 0.970464 1.01581 0.960537 0.955638 0.992202 
1154 0.170006	1.01873 1.02852 1.10978 1.01321 1.06293 0.944086 1.02785 1.10477 0.978068 1.03854 
1155 0.17699	1.02575 1.00544 0.949356 1.00966 0.933804 0.993731 0.975809 0.971761 0.95443 0.928113 
1156 0.0944679	1.00198 1.03641 1.10989 0.996337 0.978697 0.923437 1.04158 1.00967 0.953414 0.972337 
1157 0.10182	1.13833 1.10466 1.15477 1.07639 1.07218 1.03833 1.0752 1.08068 1.14918 1.03086 
1160 0.0770231	0.954553 0.963779 0.889049 0.917537 1.00998 0.951762 0.971792 0.969597 1.00056 1.01771 
1161 0.119436	1.06176 1.03504 0.9725 1.03094 1.07713 1.18019 0.99241 1.02199 1.14895 1.01878 
1162 0.184538	0.937409 1.02833 1.07035 1.08685 0.96907 1.07275 1.02001 1.04527 1.17324 1.00335 
1163 0.1125	1.00888 0.894171 0.834603 0.972776 0.982015 1.03422 0.92896 0.888607 0.964436 1.01382 
1164 0.106358	1.00552 0.918109 0.857547 0.955186 0.93828 0.999613 0.930516 0.842051 0.960686 0.95205 
1165 0.158598	0.965972 1.07613 1.06115 0.986501 1.00635 1.08378 1.05268 0.990314 1.03093 0.977601 
1166 0.0846821	0.980999 0.967037 0.982967 0.944987 0.93009 0.925731 1.00364 0.907397 0.967276 0.966854 
1167 0.156864	1.00004 1.13279 1.22431 1.08621 1.08108 1.04575 1.08419 1.18531 1.19597 1.05453 
1170 0.166821	0.968412 1.10533 1.14288 1.04507 1.07961 1.07069 1.06346 1.13375 1.12562 1.0239 
1171 0.141573	0.961626 0.965917 1.036 0.976032 0.981209 0.894648 0.995457 0.996884 0.984165 1.01469 
1172 0.193391	0.903452 1.04042 1.08475 1.02001 1.01262 0.945429 1.05478 1.03921 1.0437 1.00253 
1173 0.125843	0.965468 0.962668 0.928293 1.01035 0.944313 1.01148 0.989121 0.951779 0.958045 0.953805 
1174 0.114739	1.00126 0.979685 0.953246 0.970243 1.02932 1.02078 0.988602 1.01524 0.981097 1.02468 
1175 0.0757436	1.02101 0.896271 0.883919 0.94214 0.965052 0.90081 0.901053 0.90389 0.900305 0.981067 
1176 0.100991	0.953191 1.15857 1.19112 1.01639 1.02567 1.07203 1.14442 1.10735 1.08708 0.949884 
1177 0.0808989	0.901282 0.882983 0.87945 0.894435 0.916167 0.906793 0.969691 0.872693 0.80868 0.941975 
BOUNDS
LWPS R    0.0  0.0  0.0  0.0  0.0  0.0  0.0  0.0  0.0  0.0
UWPS R    0.5  0.5  0.5  0.5  0.5  0.5  0.5  0.5  0.5  0.5
LXAS R   -0.5 -0.5 -0.5 -0.5 -0.5 -0.5 -0.5 -0.5 -0.5 -0.5
UXAS R    0.5  0.5  0.5  0.5  0.5  0.5  0.5  0.5  0.5  0.5
END
