ASSETS 10
STAGES 4
COVARIANCE
37.691378374496956
9.087140299636706 6.248524587273287
45.705781642017 25.559285002821948 167.17104772304214
11.49069910598171 8.498356830580525 51.635892532478 22.027547819590026
5.904052300053491 4.067877065135912 19.738982282552797 9.860683877346766 6.761852027956912
22.669607680605004 14.675659172508754 80.91765598143883 27.127266760036196 10.124019312491273 45.53909841171043
17.002661413403303 11.436580744887856 66.18595287818641 21.105263821319824 6.964766302544048 35.70369155420135 44.44790939357516
24.441672397856546 15.233957537932499 91.04720613285075 34.02859278700967 14.808379439099852 48.55599419182463 36.583921642810154 61.7076571339233
-5.847906238318394 -10.345793570743515 -41.504804506153675 -14.484058125946977 -4.52329137162685 -31.21597365844859 -11.286221287951848 -34.6114445630482 65.23319907118844
5.821319944359673 2.722595032296181 20.36096778492427 5.886589189939043 2.2172887418191642 9.511097810003035 10.54124645185287 9.77924712714744 1.8737396114798452 4.779691039766123
INITIAL
36.75 33.55 64.5 34.21 44.32 35.35 76.73 32.4 85.25 31.21
GROWTH
-0.0031460685569335662 -0.0021458786579735536 -0.005321894022389643 -0.0034468053779408386 -0.0011025446599401269 -0.005492633884711383 -0.00187582800185899 -0.0065487966228277485 0.0024164452498121256 -0.001154271365982506
BRANCHING
2 2 8 8
END
