NAME moment_estimation_cluster
ASSETS 10
BENCHMARKS 0.1 0.1 0.1 0.1 0.1 0.1 0.1 0.1 0.1 0.1 
COVARIANCES
0 0 0.0075879
1 0 0.00682993
1 1 0.00731197
2 0 0.00534651
2 1 0.00573788
2 2 0.00504979
3 0 0.0103431
3 1 0.00924795
3 2 0.00710311
3 3 0.0158678
4 0 -0.00441532
4 1 -0.00398743
4 2 -0.00298828
4 3 -0.00622866
4 4 0.00437541
5 0 0.00300629
5 1 0.00377123
5 2 0.00326936
5 3 0.00382531
5 4 -0.00135056
5 5 0.00298439
6 0 -0.00065827
6 1 -0.000362565
6 2 8.91972e-05
6 3 -0.00159428
6 4 0.0012954
6 5 0.000494728
6 6 0.00136445
7 0 0.00113363
7 1 0.0012765
7 2 0.00111767
7 3 0.000570881
7 4 0.000612068
7 5 0.00166895
7 6 0.00160874
7 7 0.00388183
8 0 0.00532398
8 1 0.00605996
8 2 0.00493015
8 3 0.00698757
8 4 -0.003479
8 5 0.00363816
8 6 6.75306e-05
8 7 0.0019166
8 8 0.00629902
9 0 0.00161068
9 1 0.00134782
9 2 0.0010796
9 3 0.0018673
9 4 -0.000729534
9 5 0.000653117
9 6 0.000330084
9 7 0.000922013
9 8 0.00117928
9 9 0.000812905
SCENARIOS
0 0.34808	1.07876 1.03938 1.03747 1.11206 0.953533 1.01884 0.959864 0.976413 1.00822 0.998693 
1 0.65192	0.973762 0.979598 1.00198 0.96137 1.01973 1.01074 1.01832 1.02795 0.993097 1.00337 
00 0.58498	0.9385 0.924218 0.936696 0.91477 1.03979 0.953921 1.01227 1.01243 0.957134 0.976266 
01 0.41502	1.09799 1.11037 1.06883 1.15999 0.943099 1.00131 0.995097 0.990376 1.07787 1.03073 
10 0.630798	0.94436 0.95219 0.955586 0.919329 1.02717 0.972191 0.997508 0.929839 0.94687 0.987516 
11 0.369202	1.12037 1.13792 1.08159 1.17919 0.959671 1.0363 0.966777 1.04783 1.12011 0.998595 
000 0.0905117	1.10768 1.19449 1.14053 1.26441 0.93892 1.07413 0.988261 0.993665 1.15626 1.04152 
001 0.127394	1.09349 1.1161 1.06508 1.16189 0.893723 0.979899 0.953148 0.881624 1.08734 1.04839 
002 0.0754346	0.97776 1.00269 1.00636 1.03674 1.10464 0.990188 1.03051 0.996356 0.983305 1.02083 
003 0.257686	0.899474 0.891297 0.924388 0.860693 1.10658 0.96035 1.04445 0.97236 0.89481 0.999626 
004 0.237305	0.923868 0.958204 0.965402 0.921232 0.97109 0.941287 1.01188 0.948823 1.01375 0.997447 
005 0.0549553	1.09284 1.14691 1.08801 1.32595 0.982531 1.04317 0.967785 0.941954 1.07262 1.02511 
006 0.0743542	1.05035 1.10254 1.08158 1.10137 0.988962 1.04467 1.00495 1.005 1.07575 1.00606 
007 0.0823593	1.0114 1.0698 1.05298 1.03423 0.993902 1.0684 1.00485 1.0292 1.07024 1.03647 
010 0.192233	0.944144 0.927755 0.952409 0.937244 0.948193 0.940824 0.988243 0.955536 0.99816 0.982315 
011 0.0592552	1.00982 1.04476 1.05298 0.981922 1.07611 1.13804 1.08773 1.18101 1.10019 1.02106 
012 0.0508099	0.842912 0.822015 0.865331 0.757727 1.09246 0.894494 1.05049 1.09996 0.942574 0.973371 
013 0.0770455	0.888732 0.920249 0.949926 0.796011 1.02699 1.03995 1.04 0.980864 1.00972 0.964041 
014 0.0463796	0.890218 0.891229 0.921654 0.87072 1.1014 0.97708 1.02893 1.0532 0.920197 0.97006 
015 0.212377	1.05551 1.07037 1.01618 1.13075 0.954583 1.05446 0.952498 1.03723 1.08429 1.01369 
016 0.16752	1.18155 1.22799 1.17246 1.28046 0.893625 1.10819 1.03454 1.0062 1.17177 1.034 
017 0.194379	0.984421 0.980841 1.00769 0.992317 1.03793 0.99218 1.05927 1.03715 1.00226 0.985513 
100 0.0552003	0.82764 0.831679 0.871215 0.713128 1.20638 0.963211 1.08919 1.08271 0.868587 0.975413 
101 0.153321	1.05612 1.05888 1.02858 1.05243 1.04488 1.05095 1.03364 1.13501 1.02538 1.00596 
102 0.0956399	1.05183 1.04525 1.03418 1.10393 0.965683 1.06022 1.00293 1.09616 1.12801 1.0319 
103 0.100747	1.1876 1.21314 1.15376 1.31511 0.855337 1.1042 0.982932 1.03561 1.17741 1.02647 
104 0.141624	1.03685 1.03626 1.02572 1.03513 0.898522 0.95063 0.955155 0.965085 1.08509 1.00363 
105 0.105294	1.09404 1.12846 1.09341 1.05663 0.966152 1.13717 1.01892 1.08379 1.13898 1.02569 
106 0.076332	1.05967 1.01066 0.973011 1.11395 0.94621 0.956215 0.929376 0.930737 0.979539 0.950509 
107 0.271843	0.897345 0.904366 0.902588 0.870757 1.0822 0.934349 0.993973 1.02501 0.868973 0.973815 
110 0.18825	1.06 0.996652 0.973704 1.04308 1.01829 1.00424 1.01987 1.01423 0.919718 1.0333 
111 0.111347	1.18023 1.1133 1.08056 1.2475 0.915186 1.00357 1.00288 0.987736 1.03655 1.05888 
112 0.227139	0.887582 0.894324 0.931979 0.868069 1.04431 0.970775 1.06924 0.916373 0.908721 1.00155 
113 0.0864598	0.88468 0.917835 0.942043 0.828453 1.19165 1.00413 1.09765 0.990381 0.87213 1.00981 
114 0.196435	1.02922 1.00462 1.02874 0.986364 0.943432 1.04124 0.978816 0.962398 1.03408 1.03724 
115 0.0725414	1.11325 1.14539 1.16477 1.13875 0.977288 1.08502 1.07397 1.04313 1.13877 1.04439 
116 0.0594541	1.25194 1.2093 1.19568 1.41831 0.838719 1.11277 0.999069 0.961007 1.1516 1.07312 
117 0.0583738	1.05386 1.11746 1.09568 1.05582 0.896368 1.06048 0.994307 0.953837 1.14292 1.04389 
0000 0.191536	0.951881 0.960561 0.941794 0.946195 1.05111 0.990171 1.0127 0.96603 0.959902 0.988499 
0001 0.0699946	0.92658 0.845638 0.922534 0.860167 1.03177 0.887986 1.01133 0.961157 0.948965 0.99422 
0002 0.209441	1.0885 1.01993 1.04368 0.979532 0.959248 1.04884 1.00552 1.05301 1.08381 1.01226 
0003 0.052089	1.23503 1.2283 1.15151 1.35487 0.90405 1.14604 1.01365 1.03447 1.13217 1.02871 
0004 0.0607705	1.20373 1.13185 1.13646 1.22091 0.89334 1.05794 0.948948 0.903291 1.05576 1.00485 
0005 0.169289	1.08081 1.09066 1.04313 1.03226 1.02249 1.0716 1.05824 1.1026 1.03747 1.01356 
0006 0.111774	0.890545 0.898842 0.936772 0.813614 1.13194 0.97431 1.02233 1.0141 0.859291 0.937998 
0007 0.135106	1.13164 1.07559 1.04324 1.13605 0.929301 0.988136 0.990599 0.998982 1.07788 1.0023 
0010 0.0867386	0.880629 0.930894 0.939841 0.791634 1.01937 1.02594 0.99281 1.05785 0.948747 0.96159 
0011 0.284117	0.918323 0.929976 0.937122 0.900871 1.09487 1.01451 1.04899 1.0642 0.906225 0.953337 
0012 0.0936777	1.11475 1.18747 1.17669 1.17415 0.942257 1.20519 1.00067 1.11573 1.13114 1.02307 
0013 0.113724	1.12995 1.12082 1.07428 1.21107 0.896375 1.12761 0.970059 1.08809 1.15088 0.991204 
0014 0.122591	0.992096 1.03851 1.03901 1.01894 0.922355 1.03574 0.99209 1.03145 1.05196 0.949252 
0015 0.073246	1.07458 1.0719 1.03465 1.12221 1.00245 1.05403 0.988958 1.13821 1.0144 0.95962 
0016 0.111796	1.01248 1.02405 1.08032 0.986603 1.02858 1.07524 1.0885 1.15859 1.03521 1.00601 
0017 0.114109	1.02715 0.945757 0.917035 1.05069 0.986108 0.945677 0.931078 1.01492 0.922795 1.00013 
0020 0.213542	1.01068 0.963152 0.913921 0.973175 1.0064 0.964147 0.985935 1.06398 0.93442 1.00521 
0021 0.046224	1.20706 1.20423 1.07843 1.29118 0.863515 1.10833 0.995205 1.12692 1.17533 1.06806 
0022 0.113932	0.89049 0.849924 0.884109 0.867642 1.07216 0.935551 1.00019 0.974124 0.809259 0.948181 
0023 0.172526	0.987087 1.0748 1.03989 0.992465 1.04201 1.06494 1.0037 1.01153 1.07202 0.990885 
0024 0.11263	0.895697 0.894827 0.904005 0.851625 1.14802 0.915834 1.07353 1.07183 0.854544 1.01211 
0025 0.0651042	0.974285 0.958414 0.947307 1.02086 0.928478 0.957445 0.93199 0.93802 0.969463 1.02068 
0026 0.0813802	1.0116 1.01599 1.01853 1.0435 0.964587 0.939544 0.964051 0.87809 1.00778 0.962587 
0027 0.194661	1.11051 1.09894 1.0713 1.15865 0.947195 1.02204 1.00374 1.01732 1.05528 1.04195 
0030 0.0569849	0.980996 1.06893 1.0253 1.04822 1.06044 1.0572 1.06345 1.03951 1.08196 1.04077 
0031 0.149609	1.05968 1.09794 1.06601 1.2007 0.914184 1.05862 0.984881 0.996162 1.1134 0.979913 
0032 0.0865256	1.13709 1.19278 1.13221 1.26768 0.968775 1.10012 0.998155 1.09272 1.19349 1.01502 
0033 0.0668954	1.15467 1.24105 1.17284 1.13119 0.934021 1.09158 0.992134 1.11418 1.23747 1.02064 
0034 0.250619	0.845879 0.882651 0.858795 0.846335 1.08714 0.864782 0.962685 0.901529 0.918354 0.943502 
0035 0.159139	0.968995 1.074 1.07376 1.00717 0.977606 1.05954 0.982002 0.994016 1.11838 1.02532 
0036 0.0819516	0.968042 0.9983 0.939273 1.06008 0.943783 0.904679 0.890073 0.911098 0.961516 0.971661 
0037 0.148275	0.940402 0.964896 0.987624 0.8362 1.04677 0.988558 0.971095 1.09556 1.022 0.97251 
0040 0.0811258	0.85181 0.838278 0.857115 0.766257 1.11434 0.90376 0.958819 0.933718 0.838089 0.947256 
0041 0.0908526	1.16862 1.19181 1.13736 1.28009 0.896906 1.08826 0.961861 0.988755 1.11337 1.01571 
0042 0.165563	1.00675 1.00124 1.02002 0.922186 1.00679 1.03366 1.00606 1.01457 1.00344 1.01997 
0043 0.123344	1.06182 1.057 1.04779 1.09591 1.01176 0.985284 1.01009 1.05088 1.00677 1.03515 
0044 0.0916805	0.972323 0.931392 0.860132 1.03795 1.02343 0.965291 0.898518 0.963358 0.822859 0.984521 
0045 0.197227	0.955095 0.940129 0.960642 0.917187 0.997107 0.988603 0.934537 0.90567 0.879808 0.948204 
0046 0.118171	1.08354 1.05904 1.04904 1.06274 0.991478 1.02824 0.937543 0.950659 1.05533 0.969006 
0047 0.132036	1.11163 1.08218 1.00812 1.20602 0.934891 1.03634 0.89969 1.00592 1.03281 1.00446 
0050 0.173369	1.01202 0.953893 0.96798 0.984375 0.952678 1.03296 0.993926 0.951518 0.991577 0.999872 
0051 0.175156	1.22235 1.1041 1.10575 1.11336 0.921497 1.02507 1.02133 1.09763 1.03413 1.08827 
0052 0.0974084	0.974431 0.969554 1.02708 0.936216 1.10616 1.00713 1.10915 1.12189 0.900133 1.05836 
0053 0.0822163	1.06764 1.00087 0.97079 1.1156 0.932165 0.942371 0.991242 0.971973 0.935254 1.01755 
0054 0.105451	1.31348 1.25445 1.24301 1.29282 0.930459 1.10999 1.05234 1.06886 1.10919 1.04796 
0055 0.0732797	0.879619 0.880021 0.938849 0.794334 1.16501 0.980429 1.12765 1.14011 0.956211 0.995146 
0056 0.0938338	0.984082 0.882424 0.939556 0.815578 1.07544 0.962043 1.03315 1.07935 0.939336 1.00986 
0057 0.199285	0.995446 0.948342 0.975155 0.95835 1.02703 0.979998 1.04343 1.08449 0.973471 0.97672 
0060 0.0719947	1.05747 1.03072 1.04115 0.987487 0.967636 0.997772 1.06337 1.05175 1.02489 1.07213 
0061 0.215324	1.0636 1.05521 1.06899 1.05597 1.02908 1.04165 1.06574 1.05806 0.99385 1.04666 
0062 0.187583	0.911107 0.914959 0.904538 0.831574 1.03106 0.950477 1.05282 0.983496 0.949129 1.03019 
0063 0.14465	1.11313 1.10834 1.10618 1.21933 0.917251 1.06169 1.02444 1.0415 1.11104 1.02788 
0064 0.110304	1.05621 1.05126 1.03014 1.07755 0.911356 1.01819 0.944576 0.93721 0.987798 1.0084 
0065 0.0739762	1.02515 1.08088 1.05894 0.932423 1.04988 1.11348 1.08869 1.1207 1.01721 1.0528 
0066 0.130779	0.978635 0.922442 0.918537 0.96241 1.04183 0.976939 0.968576 0.969069 0.869467 1.02097 
0067 0.0653897	1.01906 0.986163 0.9989 1.02432 0.971676 0.928469 1.01926 0.988715 1.00473 1.06215 
0070 0.142516	1.1388 1.1384 1.11586 1.19974 0.920612 1.07366 1.05557 1.05722 1.13514 1.06378 
0071 0.127609	0.94326 0.975373 0.925041 1.04452 0.975626 0.91864 0.963349 0.912745 0.97757 0.982942 
0072 0.112105	1.07807 1.09692 1.0389 1.11291 0.91777 0.997133 0.983986 0.938789 1.0558 1.02663 
0073 0.233154	1.03241 1.01774 1.01533 0.962559 0.973265 0.973331 1.01198 0.940264 1.03958 1.02201 
0074 0.0554562	1.01991 1.05198 1.05883 0.92073 1.06222 1.02068 1.15083 1.10162 1.04553 1.02488 
0075 0.200358	0.962286 0.914452 0.932969 0.894099 1.05045 0.932399 1.02724 0.978439 0.897856 0.967041 
0076 0.0805009	0.868564 0.879452 0.946545 0.803746 1.06999 0.955388 1.0321 0.932462 0.900555 0.962057 
0077 0.0483005	1.0589 1.02787 1.03166 1.03572 1.07703 1.07126 1.08202 1.12363 0.972065 0.9957 
0100 0.167447	1.09272 1.14433 1.08252 1.06164 0.95804 1.13325 0.94859 1.10963 1.08778 1.02254 
0101 0.240907	1.02982 1.02171 1.01739 0.967995 0.993793 1.04748 0.994756 0.993677 1.03918 0.970005 
0102 0.0903853	1.21668 1.22882 1.16598 1.25914 0.898032 1.13527 1.00109 1.0675 1.09765 1.05769 
0103 0.060857	0.924391 0.921422 0.928709 0.989153 1.0142 1.02399 0.984729 1.07779 0.986863 0.990994 
0104 0.0875045	0.943326 0.945302 0.959061 0.958907 1.09411 0.962726 0.987024 0.973613 0.89406 1.0257 
0105 0.101188	0.933063 0.969456 0.968169 0.857477 1.04449 1.02559 1.02223 0.953698 0.984087 1.01751 
0106 0.169968	1.0573 1.09166 1.04833 1.13249 0.932708 1.07701 0.961422 0.92396 1.04355 1.01587 
0107 0.0817429	0.867978 0.843333 0.870832 0.807504 1.12168 0.931546 0.970127 0.977963 0.885213 0.941693 
0110 0.102804	0.989644 0.973498 0.980835 1.005 1.10827 0.948902 1.06301 0.992418 0.887346 1.00956 
0111 0.0876168	0.832045 0.85497 0.942881 0.794502 1.08899 0.910037 1.12272 0.967248 0.888238 0.973487 
0112 0.0595794	0.900206 0.969144 1.02738 0.858453 0.956285 0.995876 1.03635 0.918461 0.984472 1.03046 
0113 0.179907	1.06841 1.09784 1.05618 1.09595 0.9614 0.957779 0.97537 0.977233 1.05152 1.02701 
0114 0.234813	0.998258 1.04354 1.0074 0.999787 0.937251 0.989413 0.933134 0.990231 1.03327 1.00015 
0115 0.10514	1.12696 1.13545 1.17525 1.18132 0.90745 1.06063 1.03601 0.997489 1.14975 1.0339 
0116 0.170561	1.0179 0.934949 0.932577 0.907466 1.02212 0.867244 0.985502 0.992366 0.885658 0.993393 
0117 0.0595794	1.2058 1.20493 1.21174 1.34059 0.885161 1.14806 1.01534 1.03762 1.1748 1.02647 
0120 0.0899183	0.948592 0.937838 0.91476 0.991845 1.03622 0.956359 0.930787 0.864222 0.914828 0.970285 
0121 0.0831063	0.884923 0.845755 0.872335 0.852465 1.01658 0.838681 0.909468 0.830069 0.762502 0.942931 
0122 0.0735695	0.879777 1.00419 1.00762 0.86463 0.974678 1.06276 1.02466 0.948153 0.993943 0.975273 
0123 0.119891	0.998583 1.06255 1.0369 1.11934 0.91667 1.05864 0.902045 0.792406 0.960086 0.987957 
0124 0.162125	0.973854 1.00277 0.998072 0.915982 1.05439 1.08696 1.00568 0.947542 0.974479 0.992013 
0125 0.0599455	0.803092 0.902751 0.904656 0.789349 1.14624 1.07688 1.02675 0.923403 0.90612 0.957731 
0126 0.286104	0.99188 1.05647 1.03165 1.02161 1.02539 1.10348 1.03014 0.992204 1.04561 1.0038 
0127 0.125341	1.11307 1.10992 1.1296 1.25285 0.938873 1.21589 1.00579 1.03362 1.0473 1.05292 
0130 0.289308	1.04743 1.04762 1.02735 1.14048 0.981907 1.03153 0.986368 1.01515 1.01658 0.999495 
0131 0.21743	0.989993 1.00815 0.99361 0.991212 0.954529 0.935012 0.946573 0.960785 0.982525 1.00533 
0132 0.0745732	0.897027 0.947234 0.953982 0.846142 1.04784 0.994715 1.00298 1.00486 0.87352 1.00096 
0133 0.115903	1.16405 1.1346 1.13643 1.29931 0.904521 1.10071 0.905973 1.03973 1.19542 1.00153 
0134 0.0736748	0.931118 0.928163 0.892088 0.969568 1.0745 0.91231 0.931473 0.951311 0.88518 0.977619 
0135 0.100629	0.805704 0.829686 0.869425 0.831192 1.06095 0.825203 1.00884 0.918797 0.853151 0.957497 
0136 0.0619946	0.917386 0.943833 0.959899 0.938935 1.05386 0.926559 1.02684 1.03517 1.01728 1.02254 
0137 0.066487	0.979691 0.900934 0.935769 1.00028 0.96226 0.871688 0.914653 0.907409 0.903935 0.982698 
0140 0.061194	1.11698 1.07408 1.06174 1.25526 0.950231 0.989913 0.967936 0.888983 1.07306 0.989473 
0141 0.0746269	1.22005 1.19766 1.20934 1.23146 0.904064 1.13038 1.04096 1.08229 1.26315 1.04725 
0142 0.144776	0.94854 0.930128 0.967183 1.01097 1.02157 0.940244 0.980843 0.88246 0.96826 1.00129 
0143 0.0701493	0.88011 0.916905 0.948694 0.830521 1.05574 0.970728 1.0051 0.913146 0.922435 0.979498 
0144 0.10597	1.00797 0.989798 1.01118 0.958941 0.98156 0.98483 1.01755 1.0332 1.02875 1.02741 
0145 0.144776	0.866069 0.890016 0.891885 0.889126 1.11169 0.949513 1.00556 0.996602 0.937875 0.988537 
0146 0.132836	1.03012 1.10128 1.09933 0.986628 1.01508 1.08818 1.06058 1.07403 1.19297 1.02508 
0147 0.265672	1.06462 1.0897 1.08499 1.08968 0.948986 1.05623 1.00294 1.04741 1.10595 1.01496 
0150 0.160365	0.926118 0.931224 1.02188 0.892948 1.01223 0.995706 1.096 1.02042 0.969612 0.970387 
0151 0.0560626	1.1906 1.18202 1.22702 1.15807 0.919151 1.11568 1.09911 1.0737 1.19655 1.0589 
0152 0.125163	1.12906 1.01998 1.0846 1.24667 0.945811 1.00832 1.01535 1.03421 1.02485 1.01887 
0153 0.107236	1.00098 0.946951 0.978184 0.953412 0.924378 1.00164 0.989627 0.912308 0.952285 0.977139 
0154 0.146349	0.933283 0.90077 0.948054 0.943818 1.083 0.996885 1.03127 0.942455 0.942187 0.952665 
0155 0.0765971	0.855705 0.865332 0.887878 0.811264 1.04343 0.897604 0.982115 0.92161 0.860688 0.938324 
0156 0.159387	1.06964 1.04481 1.05533 1.08297 0.881704 0.947867 0.960268 0.87515 1.02163 1.04274 
0157 0.16884	1.06405 1.03096 1.07155 1.04104 1.03395 1.0875 1.04906 1.13304 0.989314 0.996227 
0160 0.164876	1.17855 1.0951 1.08113 1.29404 0.891185 1.01105 0.922978 0.96182 1.03941 1.02772 
0161 0.148347	0.980386 1.01725 1.00525 0.891512 0.991547 1.07394 0.967634 1.02686 1.06362 0.995151 
0162 0.127273	0.921613 0.891031 0.938176 0.928032 1.02134 0.952655 0.966254 1.0262 0.979944 0.976989 
0163 0.0471074	1.03883 0.984442 1.00513 0.990829 0.867248 1.04484 0.960414 1.01196 1.06331 1.02263 
0164 0.122314	1.07471 0.961783 1.02603 1.1251 0.953422 0.944506 0.971022 1.03912 0.997989 1.024 
0165 0.143802	0.845303 0.851297 0.900057 0.80229 1.11104 0.98024 1.00081 1.06484 0.912031 0.956657 
0166 0.0838843	0.978918 0.925463 0.918345 0.988212 0.997092 0.953175 0.866505 0.916183 0.944103 0.978786 
0167 0.162397	1.08646 1.06044 1.00957 1.07633 1.04981 1.01963 0.99188 1.07994 1.01128 1.04516 
0170 0.151709	1.00896 0.994721 0.996124 1.07238 0.973199 0.948466 0.989545 0.914368 0.97588 0.996243 
0171 0.146724	1.00643 1.02784 1.03275 0.90775 0.993911 1.08781 1.00698 1.05254 1.02855 1.04248 
0172 0.17094	1.13563 1.15111 1.15222 1.21314 0.914726 1.08334 0.9933 0.990337 1.14537 1.05712 
0173 0.106125	1.02474 1.06019 1.02059 1.07792 0.909714 0.98557 0.911169 0.972707 1.07927 1.02569 
0174 0.17094	1.01788 0.977802 1.01015 1.04853 1.04794 1.05009 0.991536 0.97961 0.957347 1.00102 
0175 0.138177	0.850647 0.920896 0.900094 0.895326 1.07261 1.02425 0.963653 0.955627 0.945046 0.975244 
0176 0.0491453	0.835526 0.881823 0.880001 0.791014 1.12773 0.951717 0.974425 0.960664 0.831208 1.0024 
0177 0.0662393	0.951603 0.939488 0.915797 0.941026 0.96859 1.0148 0.891025 0.860311 0.947358 0.987261 
1000 0.0806167	1.02437 1.08712 1.04026 1.05564 0.960863 1.01145 0.908886 0.858326 1.04967 0.933224 
1001 0.107048	1.06771 1.07217 1.0614 1.05025 0.956049 0.994719 0.990087 1.0877 1.16129 1.05452 
1002 0.12511	0.987201 1.02949 1.00867 1.06935 1.10273 1.03533 1.07585 1.13747 0.940041 1.00328 
1003 0.053304	0.937517 0.881141 0.865274 0.845277 0.961508 0.827573 0.898787 0.906981 0.86224 0.933914 
1004 0.236123	0.956717 1.01493 1.00155 0.976905 1.04043 1.00597 1.00555 1.02737 1.03471 1.00043 
1005 0.107489	1.04582 1.16847 1.12443 1.0433 0.872297 1.08239 0.979254 1.00608 1.17075 0.99347 
1006 0.134361	0.810451 0.837384 0.817286 0.805262 1.05762 0.868038 0.969068 0.956546 0.859297 0.950404 
1007 0.155947	1.17695 1.17987 1.11429 1.26502 0.891398 1.05071 0.971681 1.01623 1.13172 1.00298 
1010 0.0934179	1.03527 1.0692 1.06399 0.976899 0.959202 1.07942 1.07048 1.02874 1.06649 1.04209 
1011 0.148295	1.03428 0.982356 0.96997 1.05685 0.927124 0.928886 0.923731 0.985583 0.965786 0.972158 
1012 0.220936	0.961615 0.920691 0.953462 0.960423 1.04269 0.920892 0.963036 0.881481 0.874182 0.973641 
1013 0.0566217	1.14368 1.16796 1.18698 1.20688 0.968751 1.0339 1.02002 0.999433 1.1592 0.995173 
1014 0.0815226	1.12029 1.11115 1.11942 1.35897 0.896334 1.08458 0.92017 0.975405 1.09296 1.01802 
1015 0.0783505	0.827241 0.840199 0.866036 0.793512 1.09699 0.945077 0.966553 0.953587 0.866448 0.945111 
1016 0.174306	1.02023 1.03729 1.01955 1.14036 0.98369 0.969824 0.982788 1.01141 0.991931 1.03101 
1017 0.14655	0.904903 0.969104 0.981696 0.905409 1.06008 1.0001 0.990433 1.03662 1.04116 0.981329 
1020 0.0836512	1.07544 1.08378 1.04638 1.04726 1.0069 1.01612 1.03405 1.07485 1.01708 0.981621 
1021 0.108823	0.97065 0.94822 0.954776 0.857545 0.986292 0.910567 1.01167 0.987649 0.914243 0.955253 
1022 0.0910247	1.18072 1.19289 1.13194 1.21821 0.877831 1.0151 0.985907 0.945353 1.19079 1.0386 
1023 0.113654	0.921424 0.90371 0.900562 0.798144 1.09526 0.945857 1.03318 0.972034 0.838916 0.95208 
1024 0.0775489	1.17058 1.12097 1.06012 1.2286 0.932106 0.97273 0.986015 0.97418 0.996102 0.996783 
1025 0.227053	1.0112 0.997141 0.999753 1.02479 0.991174 0.965357 1.02128 0.998995 0.966413 0.973396 
1026 0.187643	0.933415 0.931994 0.956411 0.929039 1.03589 0.928854 1.04767 0.973614 0.910176 0.986474 
1027 0.110603	1.08822 1.11668 1.05374 1.09981 0.951432 0.98429 1.02093 1.03676 1.07985 1.0178 
1030 0.116582	1.16062 1.15775 1.12777 1.23194 0.971783 1.05592 1.0005 1.04767 1.08047 1.03719 
1031 0.153995	1.0439 0.984961 0.949508 1.04854 0.951628 0.974462 0.964993 1.02667 0.988126 1.02219 
1032 0.112479	1.17984 1.13545 1.08592 1.23075 0.858322 1.05994 0.894032 1.00582 1.15385 1.0192 
1033 0.141685	0.91585 0.936593 0.949328 0.860315 1.08037 0.943726 0.979517 0.939284 0.934148 1.00066 
1034 0.14434	1.00662 1.02635 0.98621 0.981135 0.938548 0.985317 1.00995 1.02473 1.05828 0.999386 
1035 0.115858	0.99244 0.89468 0.86951 0.958831 1.03393 0.879693 0.936579 0.927866 0.890772 1.01132 
1036 0.0830316	0.910601 0.860953 0.897147 0.82054 0.991227 0.887925 0.99226 0.931475 0.862213 0.992463 
1037 0.13203	1.04508 1.0365 1.02324 1.04308 1.04917 1.03756 1.02019 1.07648 1.02922 1.00902 
1040 0.139938	1.04731 0.993946 0.973239 1.05871 0.954252 1.03443 0.922006 0.937447 0.939581 1.00416 
1041 0.0755495	0.955194 0.956926 0.929172 0.999049 1.05902 1.02641 0.990018 0.990313 0.936469 0.98592 
1042 0.180804	1.23046 1.18617 1.13372 1.22432 0.901883 1.14182 0.975511 1.09688 1.11178 1.00679 
1043 0.0825893	1.11187 1.09379 0.998596 1.15634 0.964526 1.03683 0.969407 1.03824 1.00751 1.00906 
1044 0.142857	0.970626 0.969126 0.953935 0.95077 1.01788 0.976618 0.984648 1.02057 0.993473 0.96369 
1045 0.167582	0.99875 1.06769 1.04398 0.971354 1.00554 1.07332 1.06176 1.14915 1.13974 1.00676 
1046 0.0784684	0.897631 0.900881 0.908532 0.880378 1.02351 1.00324 0.955579 0.951032 0.872141 0.9692 
1047 0.132212	0.848637 0.877395 0.886906 0.790205 1.08728 0.933134 1.0201 0.973326 0.905196 0.937651 
1050 0.120092	1.0716 1.09494 1.05189 1.13489 0.92803 1.02608 0.970733 0.988158 1.06242 0.988121 
1051 0.173441	0.963065 1.01912 1.05383 0.928502 1.02801 0.966575 1.05773 1.05432 1.02739 0.977437 
1052 0.157968	0.855087 0.898472 0.952546 0.821908 1.11214 0.869723 1.03649 0.965872 0.865884 0.973789 
1053 0.0658199	1.05458 1.08572 1.10719 1.1496 1.00889 1.0466 1.05919 1.08487 1.12335 1.02715 
1054 0.0822171	1.16425 1.19331 1.14043 1.35982 0.905564 1.01248 0.963234 0.995387 1.24739 0.978478 
1055 0.171363	0.908507 0.914797 0.93504 0.954484 1.03855 0.882022 0.986708 0.92518 0.888162 0.97201 
1056 0.170901	1.00311 1.0064 1.03671 1.00847 0.963293 0.992418 0.984418 1.03369 0.993858 0.963408 
1057 0.0581986	1.14865 1.14741 1.14587 1.15434 0.915896 1.08748 1.02842 1.11488 1.14132 1.05077 
1060 0.172985	0.867089 0.84365 0.891439 0.804776 1.10836 0.907019 1.0431 1.03664 0.888263 1.01114 
1061 0.0978018	1.02056 1.04761 1.0372 1.0128 1.02418 0.994186 1.03712 1.03175 1.08608 1.0701 
1062 0.202294	1.05205 1.01848 0.997105 1.07886 0.98255 1.05077 0.996114 1.04272 0.996305 1.03615 
1063 0.133163	1.11089 1.11758 1.14771 1.20715 0.905776 1.09411 0.944101 0.996225 1.11428 1.0411 
1064 0.0458745	1.11401 1.16402 1.13087 1.13746 1.02164 1.15671 1.00545 1.09162 1.1349 1.03364 
1065 0.0726346	0.946091 1.02451 1.07184 0.904197 1.04563 1.09779 1.07125 1.08607 1.04282 0.979302 
1066 0.0739089	1.14386 1.08088 1.03757 1.27265 0.972186 0.97386 1.00882 1.03872 1.05546 1.06722 
1067 0.201338	0.999477 0.924337 0.967958 0.938204 1.02513 0.881174 0.995219 1.01677 0.929737 0.993218 
1070 0.0709366	0.839093 0.836955 0.891468 0.856308 1.03522 0.875947 0.95843 0.812489 0.973143 0.960102 
1071 0.0733518	1.03777 1.01243 1.05274 1.0534 1.06772 0.99825 1.05098 0.998926 0.979596 0.999015 
1072 0.100367	0.966117 0.994672 0.98615 0.98037 0.901368 0.943344 0.951054 0.901035 1.02664 0.959805 
1073 0.127292	0.944984 0.944514 0.962925 0.916073 1.15283 1.00361 1.08679 1.09928 1.02889 1.01632 
1074 0.203775	1.07368 1.07301 1.0416 1.07718 0.974374 1.03549 0.989214 1.07285 1.09672 1.00808 
1075 0.0815815	1.16913 1.1562 1.15128 1.28112 0.976574 1.08148 0.994305 1.02735 1.1497 1.00542 
1076 0.111191	1.18617 1.15564 1.15955 1.17079 0.878697 1.04924 0.981867 1.02596 1.22559 1.01986 
1077 0.231506	0.947113 0.950466 0.951998 0.876717 1.01388 0.970499 1.04295 1.022 1.0737 1.02747 
1100 0.0893842	0.916717 0.992315 1.02199 0.941379 0.934484 1.01148 0.977438 0.91932 1.08285 0.967637 
1101 0.0624586	1.17431 1.16088 1.16169 1.31291 0.885412 1.01353 0.938594 0.872264 1.09193 0.979411 
1102 0.10991	0.929155 1.03869 1.05946 0.933312 1.02168 1.07702 1.09038 1.04784 1.21225 0.981448 
1103 0.125579	1.00561 1.10423 1.09067 1.1392 0.897277 0.97824 0.9359 0.928408 1.13873 1.00217 
1104 0.192231	0.994571 0.983647 1.04053 1.03283 1.0105 0.998945 1.03668 0.981524 1.04102 0.989236 
1105 0.152284	1.05495 1.07155 1.05771 1.13268 1.01528 1.03959 1.00235 1.07326 1.09359 0.974775 
1106 0.125138	0.875361 0.874463 0.915013 0.800508 1.1021 0.935057 1.03996 0.963885 0.934117 0.960753 
1107 0.143015	0.955184 0.87327 0.939535 0.941688 1.05079 0.919521 0.988559 0.958031 0.903881 0.949711 
1110 0.154851	1.15563 1.13286 1.13195 1.24575 0.939961 1.08628 0.979417 0.990844 1.08951 1.00099 
1111 0.100746	0.800948 0.885614 0.937381 0.810698 1.11583 1.09674 1.03612 0.975727 0.941392 0.922679 
1112 0.107836	0.886109 0.88976 0.955087 0.931197 1.09136 1.01609 1.04388 0.981924 0.905207 0.968224 
1113 0.066791	0.904774 0.977216 0.999897 0.854919 1.08002 1.06886 1.01083 0.998033 1.03336 0.972136 
1114 0.0899254	0.987951 1.02798 0.979703 1.04701 1.08799 1.10716 1.02536 1.08014 1.04288 0.970531 
1115 0.130224	0.954039 1.01156 1.01694 0.925614 1.006 1.02118 1.00872 0.990217 1.00928 1.00373 
1116 0.149254	0.979035 0.986195 0.964181 1.00559 0.927715 0.953472 0.89613 0.866042 0.978075 0.948265 
1117 0.200373	1.01462 1.09828 1.04653 1.06447 0.948781 1.0622 0.940748 0.918224 1.0366 0.985965 
1120 0.0987745	1.00394 0.988874 1.00958 0.89128 0.991659 0.942889 0.970549 0.963735 0.938662 0.991544 
1121 0.139748	0.97266 0.952668 0.922327 0.996163 0.998959 0.92028 0.937961 0.958232 0.959325 0.981308 
1122 0.103164	0.920308 0.894913 0.914451 0.837481 1.05971 0.927447 1.00757 1.08023 0.913933 0.973104 
1123 0.0623742	0.865922 0.844125 0.860028 0.846477 1.16986 0.897933 0.983579 0.98142 0.796695 0.967107 
1124 0.122554	0.994804 1.06681 1.03468 0.982006 1.02166 1.0651 0.985566 1.02265 1.01877 0.951048 
1125 0.202671	1.12849 1.11934 1.08201 1.24545 0.940354 1.07901 0.91056 1.0399 1.1839 1.00637 
1126 0.21584	1.14665 1.0853 1.04167 1.05702 0.971809 1.02554 0.951343 1.08804 0.978319 1.01401 
1127 0.0548747	0.9587 0.977612 0.986083 0.964996 1.15323 1.07877 1.01888 1.11614 1.02941 0.995408 
1130 0.0504565	0.795739 0.837304 0.873325 0.725795 1.15202 0.937781 0.971679 1.03127 1.0512 0.948646 
1131 0.147525	1.11011 1.05629 1.07804 1.15595 0.96449 1.02928 1.03104 1.04478 1.14976 1.05513 
1132 0.20519	1.00535 0.985693 1.02822 0.998678 0.970621 1.03086 1.03522 1.05699 1.07097 1.0262 
1133 0.06247	0.83226 0.820077 0.85561 0.895303 1.08741 0.879241 0.98324 0.913228 0.840534 0.956036 
1134 0.140317	0.939849 0.931295 0.966578 0.891729 1.09211 1.00729 1.05825 1.08007 0.935591 0.971828 
1135 0.0619894	0.974633 0.962835 0.996774 1.04352 1.06803 0.978756 0.959908 0.993747 0.969208 0.939204 
1136 0.190774	0.934643 0.903587 0.932771 0.900223 0.982098 0.90856 0.937265 0.883841 0.93088 0.962163 
1137 0.141278	1.15099 1.09921 1.09213 1.26602 0.892679 0.995492 0.955062 1.00185 1.15786 1.03067 
1140 0.210237	0.972764 0.957158 0.945506 1.01115 1.01255 0.89166 0.970039 0.96839 0.949323 0.968638 
1141 0.117386	1.05342 0.995429 0.942691 1.07861 0.905251 0.930682 0.981724 1.00334 0.951604 0.992667 
1142 0.0617597	0.92199 0.946614 0.974983 0.890059 0.945504 0.86796 1.05073 0.934499 0.952241 0.983485 
1143 0.148477	1.15084 1.13249 1.07605 1.27164 0.906243 1.00958 0.993408 0.992019 1.06117 0.992852 
1144 0.164129	1.01636 1.07132 1.04715 1.11759 0.988429 0.987547 1.05786 1.08105 1.03618 1.02279 
1145 0.0934856	0.841794 0.864884 0.903628 0.8035 1.09309 0.876519 1.03882 0.910311 0.831242 0.929735 
1146 0.117809	0.922074 0.945353 0.966621 0.880896 1.03533 0.984855 1.07044 1.03809 0.962403 0.975132 
1147 0.0867174	0.993881 1.03376 1.0355 0.946896 1.11052 1.11403 1.08392 1.06157 0.98451 0.970669 
1150 0.123139	1.01894 1.0374 0.99356 0.878202 1.0057 1.08757 1.04185 1.12511 1.06155 1.02094 
1151 0.0790378	1.15015 1.10021 1.07379 1.12532 0.931274 1.02357 0.976727 0.952015 1.06748 1.04862 
1152 0.0641466	1.08288 1.04874 1.05872 1.17091 0.986371 1.17814 1.0623 1.12525 1.02471 1.03748 
1153 0.182131	0.844988 0.901506 0.884985 0.835201 1.03787 1.02538 1.08868 1.03713 0.883192 0.988025 
1154 0.0882016	1.20143 1.14711 1.08129 1.26264 0.852767 1.05922 0.97815 1.08323 1.12567 1.07278 
1155 0.181558	0.947012 1.00638 0.986784 0.96059 1.09245 0.998809 0.995747 0.957582 0.942165 0.995199 
1156 0.0836197	1.07383 1.07915 1.01446 1.05324 0.84889 1.01014 0.941079 1.00164 1.06712 1.01467 
1157 0.198167	1.03425 0.967736 0.945028 1.00899 0.975036 0.98401 0.955801 0.937977 0.909697 1.00742 
1160 0.0740741	0.837998 0.828017 0.838878 0.777088 1.11134 0.867225 1.01605 0.972022 0.860279 0.949463 
1161 0.248777	1.04314 1.0353 1.02571 0.944231 0.981986 1.04259 1.03912 1.04941 1.09014 1.01908 
1162 0.137666	1.13183 1.17736 1.09493 1.25523 0.94098 1.08595 1.00777 1.05386 1.12024 1.02829 
1163 0.0733753	0.904577 0.909388 0.936155 0.839565 1.02464 1.00164 1.03554 1.06504 0.888152 1.00598 
1164 0.120196	1.14168 1.1672 1.06243 1.11809 0.89807 1.06685 0.958085 1.0457 1.24838 1.01061 
1165 0.0747729	0.936331 0.944516 0.878752 0.916205 0.973945 0.823992 0.890275 0.941806 0.93964 0.961871 
1166 0.175402	1.0952 1.09474 1.03207 1.05221 1.04952 1.06003 1.01296 1.06203 1.04137 1.04296 
1167 0.0957372	0.983013 0.946692 0.891945 0.990463 1.09149 0.972398 0.943197 1.05042 0.913758 0.942052 
1170 0.0960854	0.992527 1.03464 1.05352 0.969546 1.02424 1.10219 1.09169 1.10257 1.07383 0.967596 
1171 0.102491	1.05274 1.06473 1.09691 1.0524 1.06419 1.11841 1.05762 1.0525 0.997726 0.996268 
1172 0.0775801	1.17835 1.16069 1.14912 1.27794 0.954267 1.14707 1.05038 1.00053 1.05279 0.986411 
1173 0.222064	0.955171 0.951932 0.930229 0.927945 1.02457 0.96536 1.01969 0.986094 0.983781 0.945766 
1174 0.118861	1.06581 0.97214 0.976241 1.06507 0.894842 0.902195 0.980475 0.943636 1.00366 0.983921 
1175 0.13452	0.872215 0.893676 0.952594 0.818403 1.1381 0.959405 1.13756 1.05953 0.89961 1.00346 
1176 0.0633452	0.976 0.944391 0.940615 0.985792 1.09406 0.964054 1.00878 1.04962 0.922081 0.949467 
1177 0.185053	1.16388 1.10431 1.10885 1.12359 0.936404 1.13154 1.0583 1.08748 1.07189 1.02077 
BOUNDS
LWPS R    0.0  0.0  0.0  0.0  0.0  0.0  0.0  0.0  0.0  0.0
UWPS R    0.5  0.5  0.5  0.5  0.5  0.5  0.5  0.5  0.5  0.5
LXAS R   -0.5 -0.5 -0.5 -0.5 -0.5 -0.5 -0.5 -0.5 -0.5 -0.5
UXAS R    0.5  0.5  0.5  0.5  0.5  0.5  0.5  0.5  0.5  0.5
END
