NAME moment_estimation_cluster
ASSETS 10
BENCHMARKS 0.1 0.1 0.1 0.1 0.1 0.1 0.1 0.1 0.1 0.1 
COVARIANCES
0 0 0.00688019
1 0 0.000742156
1 1 0.00205353
2 0 0.00605013
2 1 0.00208381
2 2 0.00754498
3 0 0.00542836
3 1 0.00212706
3 2 0.00674466
3 3 0.00676932
4 0 -0.00101819
4 1 0.0011722
4 2 0.000536753
4 3 0.000218907
4 4 0.002852
5 0 -0.0005641
5 1 0.00226929
5 2 0.00220956
5 3 0.00174409
5 4 0.00386145
5 5 0.0065848
6 0 -0.000165709
6 1 0.000372386
6 2 -1.27561e-05
6 3 -2.75894e-05
6 4 0.000371863
6 5 0.000436128
6 6 0.000382026
7 0 -9.29006e-05
7 1 0.00192649
7 2 0.0017544
7 3 0.00142998
7 4 0.00296095
7 5 0.00464138
7 6 0.000455342
7 7 0.00414932
8 0 0.000198581
8 1 0.00176502
8 2 0.00188116
8 3 0.00148348
8 4 0.0026633
8 5 0.00392863
8 6 0.000584126
8 7 0.00351454
8 8 0.00402611
9 0 0.000277658
9 1 0.000664892
9 2 0.00101031
9 3 0.000721158
9 4 0.000539744
9 5 0.00120549
9 6 0.000148935
9 7 0.000772181
9 8 0.000521312
9 9 0.000716728
SCENARIOS
0 0.63986	1.01157 0.985969 0.987443 1.01008 0.971923 0.977152 1.01155 0.977956 0.971569 1.00318 
1 0.36014	0.98329 1.0154 1.01752 1.00313 1.05661 1.09061 1.01281 1.05873 1.08396 1.00942 
00 0.751602	0.988852 1.01681 1.02033 0.992683 1.03162 0.995451 0.986792 1.02364 1.05394 1.00831 
01 0.248398	1.05794 0.998124 1.0295 1.01129 0.929611 0.860685 0.977759 0.938189 0.927127 0.985464 
10 0.430444	0.910449 0.979907 0.927369 0.918034 1.03862 1.00456 0.991175 1.0333 0.993633 1.01287 
11 0.569556	1.06484 1.00638 1.06196 1.06441 0.983998 0.937663 0.983434 1.00189 0.951924 1.01151 
000 0.0535224	1.18334 1.06526 1.20143 1.21468 1.01156 1.07103 1.01115 1.03866 1.0436 0.993285 
001 0.0982492	1.10499 1.10664 1.22011 1.21015 1.0795 1.263 1.01254 1.11731 1.13612 1.01921 
002 0.0901397	1.0388 1.06203 1.02959 1.05849 1.02851 1.08709 0.989092 1.01289 0.989291 1.03598 
003 0.132808	1.09164 1.03565 1.08052 1.10636 0.962053 1.01156 1.00535 1.0227 0.94541 1.00504 
004 0.263724	0.946792 0.927606 0.867928 0.877755 0.953207 0.944342 1.00064 0.944186 0.89091 0.959206 
005 0.206542	0.938226 0.989842 0.922284 0.924976 1.04476 1.09725 1.02757 1.04786 1.00067 0.994257 
006 0.0604674	1.07618 0.966772 1.02095 1.02702 0.901961 0.887059 0.993899 0.893352 0.848904 0.955903 
007 0.0945479	0.858748 1.01852 0.889467 0.907617 1.12004 1.20149 1.00234 1.09274 1.03129 0.996987 
010 0.0918586	1.08141 0.95232 1.06787 1.04541 0.900047 0.97811 0.990768 0.921627 0.968241 1.00201 
011 0.221153	1.03419 1.03625 1.00871 1.01666 1.03954 1.09046 0.980826 1.04593 1.07906 1.02277 
012 0.113628	1.11476 0.998057 1.08179 1.10809 0.981226 1.05123 0.997038 0.954328 0.994721 1.00247 
013 0.0843085	1.1271 1.05916 1.14843 1.1629 1.02737 1.05313 1.01053 1.06797 1.07603 1.01764 
014 0.0964515	0.945057 0.951533 0.95789 0.979719 0.962692 0.981514 0.957167 0.933422 0.945102 0.995288 
015 0.147603	0.832513 0.91429 0.805829 0.824905 0.94877 0.903093 0.976581 0.903706 0.933697 0.976896 
016 0.155593	0.882591 0.984023 0.89755 0.881659 1.04552 1.11856 1.03138 1.03846 1.03562 0.98196 
017 0.0894048	1.19972 1.07893 1.27835 1.27176 1.0623 1.16872 0.969043 1.10448 1.08866 1.03346 
100 0.104761	0.907424 1.01756 0.905683 0.898418 1.0413 1.07885 1.00883 1.06552 1.02131 0.990787 
101 0.101019	1.18508 0.993601 1.05996 1.05869 0.923805 0.948367 0.996487 0.942901 0.940806 0.997631 
102 0.155593	0.964688 1.073 1.07188 1.05936 1.14156 1.26198 1.03663 1.16857 1.08162 1.02557 
103 0.121662	1.16387 1.03649 1.12193 1.12453 1.03355 1.13574 1.02347 1.08144 1.07082 1.01856 
104 0.115211	0.956389 1.02184 0.978018 0.995645 1.04874 1.06458 0.995086 1.02277 1.01431 0.971908 
105 0.220359	1.0042 1.00938 0.973816 0.992919 0.974794 0.995073 1.00122 1.00371 1.00876 0.968636 
106 0.0557347	1.05222 0.973075 0.894183 0.935526 0.86818 0.897372 0.994362 0.908148 0.884547 0.965996 
107 0.125661	0.91012 0.928739 0.851786 0.851456 0.933444 0.903661 1.05021 0.880315 0.931505 0.954686 
110 0.0463631	1.0528 0.970692 1.03407 1.00389 1.00481 0.974602 1.00008 0.948935 0.985516 0.969663 
111 0.177408	1.0115 0.991715 0.985498 1.01597 1.01398 1.08735 0.982887 1.01659 1.04921 0.985111 
112 0.141527	0.99042 1.10133 1.07874 1.04362 1.13704 1.23901 1.01864 1.16313 1.14581 1.02502 
113 0.15313	1.00321 1.01378 0.929407 0.929129 0.978034 0.991903 1.04028 0.982434 0.966052 0.985523 
114 0.110813	1.06378 0.975788 1.01114 1.01278 0.90498 0.907146 1.03175 0.868549 0.953063 0.981827 
115 0.128705	0.886791 0.999873 0.875311 0.879211 1.04143 1.02228 1.0175 1.01992 1.00657 0.998007 
116 0.147718	1.13218 1.07693 1.17007 1.16417 1.01395 1.10642 1.04302 1.02811 1.07289 1.02511 
117 0.094335	0.847138 0.910803 0.792652 0.810655 0.941001 0.90569 0.952516 0.89022 0.927707 0.946502 
0000 0.106449	0.953337 1.00921 0.868463 0.88518 0.947411 0.911457 0.997656 1.02259 0.96238 1.00444 
0001 0.165501	1.01705 1.00593 0.993322 0.948735 1.01984 1.0581 0.992936 1.10477 1.0482 1.04232 
0002 0.10101	0.858202 1.08261 0.944866 0.955706 1.08342 1.10101 1.01514 1.12204 1.05091 1.03454 
0003 0.205905	1.13613 1.04193 1.16533 1.13512 0.971287 1.05622 0.958321 0.996936 0.945688 1.04211 
0004 0.106061	1.08329 1.01399 1.03128 0.981959 0.983607 0.961476 0.993331 1.03234 0.993317 1.0121 
0005 0.106061	0.952577 1.04975 1.0448 1.08692 1.04543 1.09876 1.01063 1.04755 1.09653 1.01795 
0006 0.0773116	0.883542 0.98274 0.884826 0.839331 1.03034 1.02494 0.999012 0.990559 1.01269 1.01075 
0007 0.131702	0.967703 0.962621 1.0169 0.981396 0.935464 0.936444 0.95372 0.960154 0.910856 1.02127 
0010 0.137143	1.2275 1.03256 1.19506 1.13589 0.984961 0.960548 0.996041 0.995271 0.945974 1.05497 
0011 0.0675132	1.16691 1.06476 1.24279 1.1797 1.09735 1.1812 1.01244 1.2165 1.09204 1.03076 
0012 0.135661	0.878322 0.941779 0.857278 0.879886 1.08664 1.02398 1.03831 1.1352 0.997192 0.986644 
0013 0.194074	1.05108 0.945848 1.00199 1.00514 0.966718 0.884745 0.996146 0.915109 0.93976 1.01911 
0014 0.105397	0.970802 0.969021 0.868495 0.903799 0.98327 0.873193 1.02256 0.959571 0.909688 0.993624 
0015 0.124021	0.968812 1.01071 0.948982 0.944061 1.04036 0.972428 1.02003 1.03461 1.00306 1.01523 
0016 0.101164	1.11651 0.941638 0.986748 0.990491 0.90424 0.743443 1.0107 0.899297 0.898606 0.994825 
0017 0.135026	0.967547 1.0496 1.05176 1.04531 1.07042 1.06992 0.977424 1.09532 0.995155 1.04249 
0020 0.18293	0.939512 0.980205 0.968756 0.955646 0.986792 1.0364 1.00043 1.02837 1.05058 0.981239 
0021 0.113264	0.926453 0.890907 0.959353 0.925501 0.928948 0.840441 1.03236 0.875736 0.937845 0.955232 
0022 0.0832757	0.793902 0.955905 0.86486 0.863722 1.01196 0.935423 1.04286 0.939892 1.00092 0.964288 
0023 0.184544	1.00129 1.03881 1.12222 1.06859 1.07317 1.17129 1.03418 1.17539 1.07339 0.999025 
0024 0.150865	0.993401 0.969604 1.07378 1.03631 0.941767 0.982301 0.988146 1.02314 1.04833 0.988919 
0025 0.117647	1.07525 0.985496 1.15218 1.13937 1.00343 1.0238 0.985333 1.05663 1.02562 0.99516 
0026 0.0726644	0.927562 0.981804 0.979188 0.921425 1.05558 1.09066 0.998795 1.09605 1.10626 1.0051 
0027 0.0948097	0.906266 0.976033 0.979177 0.962282 1.06474 1.10621 1.04278 1.06776 1.07735 0.949593 
0030 0.0901832	1.19514 1.03154 1.19007 1.18246 1.04409 1.06348 1.00277 1.09206 1.17442 0.996373 
0031 0.12228	0.976881 1.03432 1.03193 1.02356 1.07295 1.11866 0.927958 1.00114 1.04463 1.00329 
0032 0.139189	1.0816 0.96899 1.035 1.03 0.922798 0.919372 0.997659 0.874744 0.962669 0.997466 
0033 0.0759355	0.852936 0.974595 0.894326 0.874526 1.09434 1.09398 0.980326 1.0528 1.05343 1.02546 
0034 0.10083	1.1601 0.971156 1.08058 1.05335 1.01858 1.01148 0.989387 0.963587 1.04546 0.971979 
0035 0.0610615	1.16502 1.045 1.217 1.18491 0.938849 0.913257 1.02378 0.897721 1.02604 1.03594 
0036 0.124941	1.00181 0.951217 0.977003 0.951545 1.03823 1.05022 1.01509 1.01419 1.03219 0.972427 
0037 0.28558	0.942212 0.964431 0.958266 0.949862 0.979543 0.961663 0.976933 0.966777 1.02354 0.955838 
0040 0.0987937	1.08018 1.04781 1.17964 1.14871 1.02348 1.06148 0.958216 1.01109 0.99185 1.04596 
0041 0.0958764	1.03844 1.02957 1.13882 1.10215 0.949825 0.925886 0.993017 0.958541 1.04348 1.02255 
0042 0.0488055	1.20954 1.12416 1.30518 1.28317 1.01847 1.1209 1.04029 1.08365 1.06974 1.04918 
0043 0.199243	0.933262 1.03507 1.02185 1.01417 1.07605 1.07715 1.03553 1.04629 1.13428 1.04786 
0044 0.23772	0.897135 0.966529 0.903831 0.934717 0.993702 0.976973 1.02626 0.964607 1.0111 0.998184 
0045 0.153197	0.945714 0.961426 0.973158 0.958393 0.902522 0.885897 0.972195 0.91113 0.96395 0.982599 
0046 0.0905937	1.0457 1.02798 1.05519 1.03189 1.00435 1.08304 0.985805 1.01496 0.984 1.04462 
0047 0.0757707	0.83409 0.972929 0.813422 0.82039 1.06622 1.03692 0.980832 1.02153 0.975354 0.998531 
0050 0.233968	0.936337 0.977986 0.9737 0.996226 0.9671 0.9415 0.980175 0.952577 0.9819 0.971819 
0051 0.104399	1.11562 1.03437 1.18121 1.155 1.04363 1.11673 0.944808 1.04738 1.0577 1.02271 
0052 0.0597	0.814804 0.977141 0.853286 0.880737 0.981138 0.947751 0.982698 0.949101 0.96443 1.00797 
0053 0.115574	0.884245 1.04811 1.00093 0.964327 1.03769 1.01741 0.975866 1.0176 1.05364 1.0495 
0054 0.220477	1.12548 1.01168 1.08486 1.09781 0.963248 0.992461 1.00397 0.989606 1.01165 1.00405 
0055 0.0824524	0.834794 0.940382 0.874179 0.836814 1.03331 0.977684 0.963991 0.988797 0.990804 0.986834 
0056 0.0875868	0.930668 0.946985 0.883657 0.885793 0.913874 0.842218 0.969902 0.914704 0.879376 0.948657 
0057 0.0958421	1.03892 1.07202 1.11311 1.05861 1.11029 1.08621 0.969235 1.07469 1.07459 1.00258 
0060 0.254814	0.928151 0.884095 0.913656 0.92406 0.927851 0.944815 0.978291 0.901259 0.984491 1.00387 
0061 0.0632737	1.09387 1.07557 1.07558 1.16775 0.94557 0.935643 0.936592 0.998674 1.02983 1.00382 
0062 0.171252	0.940474 0.927957 0.909916 0.906071 1.04155 1.05498 0.98025 1.03899 1.03609 1.00851 
0063 0.0711829	0.893239 1.0287 0.975962 0.991401 1.10418 1.18747 0.983109 1.09928 1.18038 1.05217 
0064 0.194979	1.00452 1.03647 0.98564 1.00586 1.00468 0.989439 1.00798 1.01147 1.11603 1.01062 
0065 0.0698074	1.06873 0.99949 1.06553 1.06748 1.03545 1.12023 0.924164 1.06407 1.09399 1.05035 
0066 0.0701513	1.15418 1.05839 1.14418 1.18193 1.05031 1.12611 0.982658 1.0882 1.19711 1.0179 
0067 0.104539	1.18426 1.00656 1.15538 1.13348 0.957905 0.96755 0.984489 1.00965 1.10802 0.997104 
0070 0.0903893	1.03641 0.940486 0.993712 0.910395 0.97652 0.85926 1.00602 0.963801 1.01398 0.975952 
0071 0.0519024	1.0538 0.958064 1.03699 1.0554 0.94387 0.893983 0.996141 0.950467 0.982043 0.961355 
0072 0.125577	1.09507 1.07786 1.18355 1.15905 1.11194 1.17919 1.0628 1.13203 1.18414 1.04281 
0073 0.0523422	1.21189 1.01156 1.20895 1.15866 0.927696 0.926798 1.0082 0.982302 0.956463 0.996022 
0074 0.218386	1.02471 1.04574 1.07056 1.06366 0.994252 0.990516 0.97537 1.00654 1.08071 0.987381 
0075 0.0879701	1.00125 0.927868 0.907423 0.887812 0.893948 0.85687 0.953455 0.910225 0.902221 0.998367 
0076 0.151528	0.881098 0.972516 0.892504 0.876179 0.972902 0.923613 0.974367 0.934946 0.937725 0.990864 
0077 0.221905	1.00704 1.04314 1.02254 0.952745 1.06294 1.01948 1.00659 1.05445 1.0912 0.984981 
0100 0.0821918	0.929988 1.03746 1.04212 0.998325 1.10348 1.07856 0.976333 1.0896 1.09017 1.04884 
0101 0.222603	1.02644 0.979726 1.04238 1.04234 0.979331 0.941943 0.952535 0.917616 1.0174 0.964271 
0102 0.0630137	0.95119 0.886172 0.876875 0.864577 0.950852 0.850502 1.02316 0.901889 0.923712 0.971505 
0103 0.080137	0.992453 0.984804 0.919906 0.943292 0.890433 0.821503 1.01914 0.91435 0.89495 0.921487 
0104 0.163014	0.898746 1.06108 0.893492 0.945798 0.998548 0.894745 1.02786 0.924769 0.90666 0.973052 
0105 0.0863014	0.829195 0.990268 0.863821 0.871596 1.05684 1.00389 0.977839 1.01385 0.99943 0.938906 
0106 0.170548	1.01662 1.05906 1.03345 1.0834 1.08055 1.0478 1.03804 1.08303 1.00864 1.0016 
0107 0.132192	1.16482 1.04307 1.15845 1.20057 0.964522 0.900719 1.02067 1.02298 0.998243 0.993597 
0110 0.201991	0.932358 0.931298 0.915812 0.913311 0.945956 0.930157 1.0226 0.956302 0.940806 0.959144 
0111 0.170128	0.899146 0.910427 0.948106 0.958325 0.989096 0.991108 1.01209 0.985135 0.955148 0.956343 
0112 0.0802276	0.928712 1.04156 0.995335 1.05723 0.999428 1.02027 1.04218 0.953148 1.04968 0.992861 
0113 0.20256	1.00823 1.00472 1.08521 1.07821 1.0543 1.05607 1.0382 1.0799 0.987435 1.0128 
0114 0.109815	0.893166 0.998469 0.934147 0.956203 1.04912 1.08957 1.03155 1.05541 1.01305 0.975391 
0115 0.130014	1.04478 0.937121 1.08558 1.07193 0.928758 0.86481 0.96221 0.955065 0.920883 0.992348 
0116 0.0438122	0.95717 1.03629 1.04253 0.978071 1.0726 1.14492 1.05703 1.06269 1.12664 1.02212 
0117 0.0614509	0.798299 0.946006 0.96495 0.871559 1.06675 1.11784 1.0221 1.04429 1.05156 0.996754 
0120 0.249169	0.985744 0.930542 0.951664 0.888623 0.965428 0.927 0.996166 0.903655 0.936978 0.976799 
0121 0.0675526	0.989576 1.03397 0.983661 1.01825 1.04893 1.03862 0.995046 1.06578 1.00436 0.963522 
0122 0.115172	0.975745 1.04501 1.07549 0.970267 1.05164 1.04609 1.03179 1.086 1.07807 1.04089 
0123 0.119601	0.887998 0.976794 0.987041 0.927242 1.08111 1.08347 1.02658 1.06983 1.15621 0.9903 
0124 0.0797342	1.11715 0.935432 1.10556 1.06435 0.924047 0.978057 0.947849 0.945357 0.939314 1.00955 
0125 0.206534	0.999626 1.02559 1.06532 1.03416 0.994329 0.981508 1.03756 1.01273 1.00653 1.00287 
0126 0.0736434	1.10092 1.04234 1.17001 1.11764 1.04048 1.02566 0.980957 1.0791 1.02655 0.988149 
0127 0.0885936	1.01395 0.98533 0.962502 0.972306 0.944523 0.832832 1.01663 0.980503 1.00042 0.965571 
0130 0.0537313	1.12167 0.969259 1.08109 1.14617 0.918522 0.968403 0.977578 0.885817 0.904704 0.979742 
0131 0.204478	0.972149 0.995246 1.02417 0.954866 1.05918 1.1902 0.99288 1.02923 1.06436 0.988545 
0132 0.0783582	0.888415 0.915195 0.889525 0.861986 1.00203 1.03056 0.988661 1.0471 1.02581 0.994203 
0133 0.133582	1.1069 0.981015 1.08378 1.07774 0.997901 0.982497 0.977244 0.975145 1.07255 0.945351 
0134 0.114925	1.08718 1.00548 1.19682 1.1499 1.05528 1.12161 0.969303 1.07225 1.1148 1.03709 
0135 0.0858209	0.906923 1.03248 0.998671 0.973486 1.12932 1.32173 1.03376 1.13994 1.13084 1.03685 
0136 0.0708955	1.01015 0.978912 1.0082 1.00013 0.913206 0.901904 1.0094 0.860863 0.992813 0.964883 
0137 0.258209	0.982402 0.967513 0.990106 0.998816 0.974614 1.06018 0.961631 0.983293 0.950365 0.965991 
0140 0.225701	0.933569 0.957467 0.939543 0.902759 0.977894 0.903883 1.02344 0.992341 1.0229 0.99446 
0141 0.0750163	1.1129 1.07103 1.17224 1.1545 1.07112 1.12927 0.997436 1.07787 1.07789 1.02551 
0142 0.105675	1.02074 1.0444 1.03792 1.01077 1.03243 1.06977 1.03284 1.01908 1.03015 1.02336 
0143 0.186562	1.12079 0.970639 1.02117 1.01558 0.913376 0.931722 0.98666 0.958064 0.941458 0.954283 
0144 0.0678408	0.907402 1.05492 0.980141 0.97247 1.08527 1.14221 1.06651 1.03403 1.05649 1.02533 
0145 0.0808871	0.915807 0.93666 0.867627 0.864297 1.00602 0.95011 1.01019 0.989691 0.989997 0.914508 
0146 0.150685	1.11046 0.946945 1.05897 1.08101 0.987913 0.97782 1.00883 1.002 0.98423 0.989383 
0147 0.107632	0.913425 1.00864 0.932936 0.942161 1.07988 1.12599 1.04019 1.06517 1.06642 0.991537 
0150 0.119352	1.04129 0.976816 0.909365 0.939829 1.00898 0.995042 1.01231 1.02827 1.00306 0.959803 
0151 0.0826939	1.13986 1.06752 1.14197 1.15536 1.04269 1.04627 1.01031 1.12438 1.11931 0.983245 
0152 0.0771526	0.818743 1.00906 0.877458 0.898186 1.12062 1.18448 1.03296 1.09383 1.07707 0.970061 
0153 0.130861	0.942686 0.936292 0.868246 0.85687 0.951361 1.00682 1.02962 0.905447 0.979996 0.951537 
0154 0.109122	1.13816 0.940846 1.00511 1.02416 0.889238 0.818532 0.996432 0.83562 0.871664 0.95708 
0155 0.11509	1.02906 0.978635 1.09643 1.02812 1.01227 1.07341 1.00772 1.03677 1.01059 0.996713 
0156 0.230179	1.08365 1.00489 1.08566 1.07403 0.97037 0.976768 1.02448 0.958514 0.973111 0.984952 
0157 0.13555	1.03316 1.05829 0.999549 1.01077 1.0645 1.20521 1.01135 1.12519 1.06733 1.01236 
0160 0.12131	0.798177 0.971892 0.858274 0.866292 1.04048 0.94758 0.973106 0.967585 1.02493 1.01192 
0161 0.0521634	1.09814 0.984922 1.08475 1.04172 1.00553 0.953645 0.976137 0.992461 1.05116 1.00057 
0162 0.0768298	0.9494 0.977693 0.964429 0.979231 1.02693 0.953791 0.989862 1.02888 1.00847 1.02096 
0163 0.180752	0.958784 1.00893 1.02234 1.0561 1.09249 1.11164 0.967168 1.10849 1.00331 1.02179 
0164 0.208249	0.991809 0.985541 0.962414 0.997609 0.983319 0.944581 0.962133 0.923925 0.962439 0.968577 
0165 0.0481197	1.03413 0.918134 0.948559 0.943048 1.03724 0.977112 1.00644 0.968148 1.07604 1.0044 
0166 0.0788516	1.13071 1.0068 1.15592 1.15125 1.05582 1.06153 1.01613 1.09391 1.18895 1.02208 
0167 0.233724	0.993698 0.930365 0.989753 1.04469 0.922564 0.852605 0.97014 0.874237 0.929454 1.00257 
0170 0.137227	0.919966 1.0144 0.92962 0.928386 0.979139 1.01951 1.02442 0.980702 0.9634 0.971521 
0171 0.168191	0.973533 0.999154 0.980382 0.936182 1.03719 1.13151 1.04416 0.975201 1.0299 1.01884 
0172 0.151302	1.09324 1.02827 1.05243 1.04758 0.955821 0.961959 1.02747 0.961705 1.08414 0.972798 
0173 0.182266	1.07553 1.02682 1.14658 1.14333 1.02805 1.0761 1.01364 1.07349 1.05123 1.04792 
0174 0.0851513	1.00862 1.00245 1.02139 1.00428 1.11092 1.12914 1.02888 1.02832 1.02757 1.02635 
0175 0.156228	1.05464 0.956697 0.981575 1.01577 0.924475 0.945264 0.994432 0.952732 0.996193 0.94578 
0176 0.0724842	0.820089 0.949537 0.905718 0.87419 1.12973 1.16474 1.00294 1.09944 1.12811 1.01043 
0177 0.0471499	0.905314 0.925961 0.829097 0.839063 1.00508 0.940051 1.04911 0.906687 0.972107 0.970078 
1000 0.152709	1.00334 0.997558 0.977846 0.951072 0.94185 0.950102 1.01657 0.907562 0.953052 1.00748 
1001 0.169951	0.919328 1.05195 0.943235 0.948468 1.01801 0.982458 1.01612 0.923824 0.981001 1.03144 
1002 0.0720443	1.09141 1.11179 1.10034 1.17197 1.01862 0.937109 1.05594 0.907432 1.00285 1.03835 
1003 0.108374	1.13477 0.99253 1.08829 1.1218 0.960035 0.885868 0.996541 0.944884 0.981263 0.99364 
1004 0.158251	0.945507 0.901921 0.862365 0.843314 0.961316 0.848604 1.00381 0.86105 0.896656 0.94549 
1005 0.0634236	1.06143 1.09059 1.1444 1.12754 0.986944 1.04901 1.052 1.00614 1.09825 1.04982 
1006 0.116379	1.02384 1.04359 1.06831 1.04873 1.09615 1.136 1.03421 1.06777 1.11675 1.05386 
1007 0.158867	0.980991 0.981191 0.90958 0.929568 1.06074 0.99685 1.04494 0.999118 1.03876 0.969845 
1010 0.115581	0.762035 0.915648 0.854147 0.829437 1.04344 1.02344 1.01895 0.990217 0.982053 1.00282 
1011 0.104725	1.05783 1.01813 1.09927 1.12732 0.965877 0.914934 0.999608 0.926709 0.914389 0.959319 
1012 0.137292	1.0088 1.09717 1.0718 1.11496 1.0622 1.1569 0.990909 1.11249 1.02885 1.03534 
1013 0.0887612	0.940574 1.01916 0.999114 1.00812 1.03547 1.00182 1.00125 1.00406 1.046 0.976758 
1014 0.0849298	0.884976 0.977691 1.00005 0.973759 1.08011 1.11977 1.03765 1.05007 1.04646 1.00157 
1015 0.265645	0.921853 1.0139 0.916045 0.971415 0.983046 0.940627 1.01481 0.941051 0.921078 0.979746 
1016 0.0938697	0.916275 0.946584 0.959395 0.975684 1.03557 0.966423 0.963589 0.98834 1.02812 0.929761 
1017 0.109195	0.920914 0.982502 0.955265 0.954468 0.926782 0.833489 0.966604 0.926869 0.943524 0.97953 
1020 0.218905	1.06404 1.00731 0.998043 0.987426 0.975104 0.90732 1.01981 0.983197 1.02399 1.00447 
1021 0.133914	1.04321 0.962611 1.00063 1.03659 0.984569 1.01662 0.934602 0.958313 0.986953 0.988739 
1022 0.0650912	1.32288 1.07385 1.21955 1.28823 1.00784 1.03038 0.977679 1.07883 1.1014 1.03376 
1023 0.0845771	0.882245 0.935124 0.777997 0.800881 0.960417 0.915345 0.991878 0.931276 0.994319 0.947984 
1024 0.142206	1.12734 1.05478 1.09358 1.11149 1.02554 1.07163 0.99071 1.03599 1.15981 0.998921 
1025 0.121891	0.932509 0.992402 0.841934 0.834308 1.06225 0.99219 1.02839 1.01193 1.05795 0.957619 
1026 0.0779436	1.08411 1.09716 1.04003 1.06869 1.10317 1.16415 1.03384 1.07758 1.14633 1.00258 
1027 0.155473	0.99622 0.948285 0.917222 0.929228 0.912796 0.80776 0.994483 0.903967 0.961852 0.999251 
1030 0.0843054	0.859333 0.953112 0.848037 0.81957 0.991748 0.985866 1.02838 0.892542 0.937945 0.992946 
1031 0.147932	1.1278 1.08778 1.15381 1.17562 1.03923 1.02623 0.975522 1.03098 1.03424 0.991055 
1032 0.0577943	0.935508 0.946545 0.891114 0.90852 0.967508 0.893812 0.993386 0.89803 0.893367 0.98365 
1033 0.172853	1.01277 1.02716 1.05933 1.05919 1.00081 0.964878 0.971931 0.962915 0.931672 0.997715 
1034 0.258218	0.995178 0.957792 0.989439 1.02062 0.928971 0.913366 0.988569 0.949116 0.885816 0.971552 
1035 0.0853659	0.913932 1.05012 0.995625 1.03466 1.07875 1.11031 1.01339 1.05111 1.08438 0.99621 
1036 0.0965005	0.84073 1.05377 0.936507 0.967649 1.01361 0.963179 1.00475 1.04007 1.02831 0.973574 
1037 0.0970308	0.949963 1.00659 0.954045 0.949006 1.04075 1.00337 0.992441 1.09237 1.08268 0.978216 
1040 0.0548712	0.897729 0.938323 0.873166 0.869474 1.03565 1.08349 0.97645 1.00088 0.995381 0.95831 
1041 0.0643897	0.958269 1.09405 1.05179 1.1013 1.11379 1.24248 0.994255 1.1752 1.12523 1.02058 
1042 0.136058	0.982159 0.999645 0.928727 1.00268 1.04595 0.977012 0.997895 1.03774 1.04478 0.969226 
1043 0.109742	1.02333 1.04543 1.05822 1.04442 1.06054 1.16566 1.00096 1.09903 1.02742 1.01899 
1044 0.0929451	0.972875 0.897815 0.8834 0.902428 0.987263 0.971634 1.01811 0.986744 1.04703 0.992227 
1045 0.0800672	1.01539 0.986047 1.03431 0.992745 1.00502 1.09494 0.984142 1.02591 0.932178 1.0458 
1046 0.237402	1.00844 0.944997 0.961121 0.959113 0.943486 0.93014 1.02748 0.98657 0.980182 0.995892 
1047 0.224524	1.16186 1.05846 1.12765 1.16531 0.985687 1.02822 1.07611 1.0205 1.06344 1.02809 
1050 0.11007	0.994693 1.09165 1.01824 1.08105 1.04542 1.06517 1.02796 1.04967 1.06107 1.03376 
1051 0.243852	0.96031 0.964134 0.925895 0.910297 0.981825 0.919831 0.983581 0.956169 0.929448 0.969567 
1052 0.108899	0.930195 1.02471 1.01679 0.964575 1.09422 1.12608 0.976638 1.01249 1.07583 1.03302 
1053 0.138759	1.11602 1.00371 1.0778 1.11171 0.966824 0.998994 1.05675 0.956113 0.971262 1.03332 
1054 0.153981	0.91317 1.02432 0.935886 0.944303 1.04334 1.01874 0.988876 1.00367 0.912705 1.02581 
1055 0.050644	0.83481 0.923708 0.797345 0.833285 1.03268 0.97633 0.999358 0.969487 0.886475 0.974324 
1056 0.0840164	0.991952 0.978804 0.9672 0.98266 0.915349 0.926658 0.949228 0.924057 0.880087 0.969171 
1057 0.109778	1.21277 1.04152 1.21583 1.18758 1.01329 1.06296 0.967767 1.06305 1.01465 1.04716 
1060 0.118056	0.827729 0.988363 0.98207 0.939662 1.03542 0.974665 0.957955 0.958053 1.03077 1.01522 
1061 0.0717593	0.916013 0.917673 0.946989 0.950608 1.02741 0.965583 0.99955 0.988905 1.0162 1.00975 
1062 0.162037	1.02382 1.02668 1.13519 1.1533 1.05572 1.05868 1.00577 0.995797 1.05074 1.02632 
1063 0.107639	1.0089 1.01684 1.07604 1.06953 1.00841 0.949454 0.966841 0.966354 0.971898 0.988569 
1064 0.131944	1.10196 1.02838 1.13737 1.10779 0.955353 0.781358 1.0176 0.934877 0.942562 1.00252 
1065 0.239583	0.909437 0.908668 0.928257 0.942933 0.962533 0.845448 0.980507 0.912114 0.866729 0.983185 
1066 0.0648148	0.926383 0.893476 0.957486 0.943566 0.875731 0.840885 0.953448 0.826216 0.776634 0.983973 
1067 0.104167	0.942726 1.0074 1.08158 0.982058 1.12708 1.12233 1.00241 1.06776 1.05394 1.05272 
1070 0.085729	1.01899 1.04459 1.00353 1.05431 1.11114 1.14161 0.9496 1.11393 1.10087 1.01368 
1071 0.0749487	1.01004 0.962081 0.951952 0.974919 0.948691 0.940135 0.925479 0.957613 0.917047 1.00637 
1072 0.102669	1.11407 1.0184 1.07183 1.13779 0.984473 0.998139 1.01442 0.983222 1.01692 0.999537 
1073 0.118583	0.907939 0.945476 0.852978 0.869441 0.943022 0.884088 0.96162 0.913402 0.853908 0.977239 
1074 0.118583	1.13216 1.06659 1.13616 1.09909 1.0457 1.08282 0.995669 1.11747 1.07421 1.02195 
1075 0.145277	0.938958 0.982166 0.853582 0.890569 1.04162 0.932773 0.963498 0.982289 0.95969 0.965154 
1076 0.271561	0.936228 1.00712 0.961961 0.986622 1.00924 1.03817 0.947811 1.04681 1.03459 1.01087 
1077 0.0826489	1.07981 0.981071 1.06171 1.07344 0.911744 0.881107 0.936302 0.915163 0.846736 0.993001 
1100 0.0588854	1.19921 1.03644 1.15895 1.11728 0.925496 1.03008 1.00947 1.03822 1.0346 0.978937 
1101 0.0967403	1.04626 0.932281 0.948339 0.941666 1.00829 0.981029 0.990911 1.00543 0.967019 1.01311 
1102 0.0956887	1.16315 1.06996 1.10506 1.08468 1.11084 1.15046 1.0462 1.19971 1.13399 1.0352 
1103 0.280757	1.00977 0.922586 0.958027 0.967895 0.949003 0.950624 1.0135 0.893486 0.979399 0.99826 
1104 0.106204	1.14231 1.02522 1.10856 1.09983 0.989403 0.981959 1.0144 1.00684 1.01289 1.01568 
1105 0.0672976	1.1444 1.00466 1.14003 1.11393 1.02772 1.01627 1.01275 1.04509 1.03476 1.04636 
1106 0.0757098	0.904418 0.971069 0.952789 0.951652 1.12273 1.16027 1.06267 1.09954 1.18028 0.983042 
1107 0.218717	0.907349 1.00959 0.958943 0.946724 1.03803 1.09822 1.02362 1.05484 1.05371 1.04442 
1110 0.157736	0.964986 1.05286 0.986711 0.999866 0.98157 0.972927 1.07449 0.957248 0.975146 1.01254 
1111 0.0728222	0.879602 1.08553 1.05219 1.03219 1.13126 1.21632 1.08031 1.13503 1.15853 1.04308 
1112 0.178895	0.979949 0.985657 0.987603 0.939436 0.981392 0.972795 1.0836 0.962519 0.984057 1.02181 
1113 0.0939819	0.997445 1.00913 1.00748 0.972402 1.05701 0.977331 1.0468 0.999815 1.02508 1.01885 
1114 0.266557	1.01718 1.02103 1.08753 1.06765 0.943888 0.872214 0.97918 0.937806 0.911678 1.00426 
1115 0.077219	0.86234 0.992487 0.877517 0.874546 1.01473 1.05056 1.01833 1.03706 0.972247 0.972249 
1116 0.0898599	1.02646 1.13913 1.09545 1.11104 1.08149 1.10856 1.07083 1.06526 1.09957 1.00621 
1117 0.0629294	1.07158 1.10306 1.17788 1.16375 1.01965 1.07472 1.04187 1.02344 1.02886 1.04811 
1120 0.106097	0.954199 1.01731 0.902146 0.934962 0.99227 0.999787 1.00763 1.02485 1.06106 0.988892 
1121 0.208061	0.965903 0.948149 0.897598 0.957273 0.941327 0.928194 0.97473 0.963274 0.943804 0.978546 
1122 0.170169	0.893422 1.02358 0.914831 0.942262 1.06934 1.1222 0.996637 1.09461 1.05397 1.00525 
1123 0.121598	1.01996 1.06811 1.05991 1.12511 1.08399 1.16095 1.02499 1.14264 1.155 1.04687 
1124 0.0861178	1.03165 1.02212 1.06451 1.11195 1.00482 1.04446 1.04023 0.947997 1.04369 0.987699 
1125 0.133999	0.926343 0.931236 0.918087 0.921056 0.988778 0.957869 1.01728 0.903766 0.940404 0.990661 
1126 0.0740613	1.1417 1.04175 1.26645 1.2936 0.994334 1.08016 0.994121 1.06136 1.05249 1.02977 
1127 0.0998967	1.1588 1.03132 1.14009 1.12644 0.954245 0.922063 1.02776 0.910127 1.00326 1.01451 
1130 0.129258	0.912445 0.97189 0.900691 0.889937 1.03533 1.02453 1.00111 1.00683 1.07244 1.0034 
1131 0.230181	0.922173 1.01356 1.01797 1.02031 0.991582 1.02429 0.999434 0.956285 1.05511 1.03386 
1132 0.195479	0.98956 1.01141 1.05358 1.01237 1.07879 1.08419 0.990632 1.07334 1.10777 1.02423 
1133 0.0872334	0.972607 0.876949 0.962851 0.96018 0.8954 0.840282 0.983075 0.828156 0.971498 0.980256 
1134 0.0518943	0.88733 1.0978 1.04508 1.07611 1.12606 1.33602 0.992631 1.14841 1.16604 1.06105 
1135 0.14836	0.915472 0.967461 0.965175 0.976653 0.936749 0.929199 0.961406 0.943833 0.92401 0.989221 
1136 0.0468004	0.872551 0.932047 0.886889 0.874899 0.985889 0.993682 0.938793 0.984654 0.96534 0.971739 
1137 0.110793	1.05379 1.01066 1.14173 1.1146 1.0076 1.08581 1.011 1.00478 1.09178 1.0356 
1140 0.267048	1.02039 1.03498 1.03174 1.03291 0.990495 0.980878 0.983496 1.0056 0.92351 1.01795 
1141 0.0778707	0.923726 0.944779 0.895898 0.910142 0.913852 0.862117 0.944575 0.907169 0.859339 0.942243 
1142 0.205455	0.943335 0.954481 0.880768 0.939841 0.950111 0.965652 0.991598 1.01775 0.952949 0.969413 
1143 0.099868	0.901799 1.01462 0.944899 0.973987 1.0735 1.18125 0.98323 1.11535 1.00802 1.00229 
1144 0.0624725	1.11895 0.986554 1.12753 1.09615 0.911396 0.90045 0.933347 0.936273 0.831325 0.983035 
1145 0.144303	1.05699 1.00308 1.10966 1.12443 1.05118 1.10468 0.951294 1.15858 1.03668 1.00429 
1146 0.0624725	1.02158 1.04525 0.933822 0.983747 0.882841 0.914365 0.979965 0.924545 0.881819 1.02176 
1147 0.0805103	0.874926 0.963839 0.850469 0.884273 1.04105 1.08964 0.949256 0.998464 0.93815 1.00328 
1150 0.0791667	0.89966 1.01264 0.955335 0.941898 1.0824 1.10657 1.02641 1.0996 1.18345 0.997415 
1151 0.201515	1.07712 1.05334 1.065 1.06314 1.02066 1.04045 1.02901 1.02699 1.10125 1.00587 
1152 0.0719697	0.942414 0.894699 0.910789 0.901221 1.01802 1.03441 0.985258 0.965089 0.994252 0.949215 
1153 0.128788	1.11455 0.959616 1.05995 1.0261 0.903606 0.963707 1.00555 0.935774 0.984904 1.00065 
1154 0.0727273	0.813839 0.943468 0.79378 0.849066 1.00289 1.00349 1.00504 1.00748 0.95225 0.985472 
1155 0.1875	0.965843 0.947314 0.969783 0.960215 0.952441 1.03369 0.993014 0.935011 0.973829 0.976232 
1156 0.113636	1.01492 1.0576 1.03503 1.09045 1.09589 1.14998 1.01875 1.05295 1.07729 1.01301 
1157 0.144697	0.992989 0.956607 0.99145 0.984901 0.995994 1.02146 1.01366 0.934633 0.960234 0.989348 
1160 0.223102	0.899524 1.00118 0.924521 0.928859 1.05446 1.02748 1.01691 1.01133 1.09571 1.00259 
1161 0.270627	0.945296 0.975316 0.99058 0.960253 0.950257 0.904868 0.931721 0.927644 0.905716 0.986962 
1162 0.0544554	1.05021 0.9251 1.0272 1.05633 0.986681 0.952774 0.968149 0.948827 0.939836 0.968392 
1163 0.109571	1.0981 0.950244 1.06418 1.08043 0.896608 0.898872 0.954657 0.919988 0.869921 0.974388 
1164 0.110561	1.04753 0.978306 1.05271 1.03833 1.05232 1.14717 0.970566 1.0867 1.07152 1.00258 
1165 0.090429	1.06171 1.00323 1.09686 1.1067 0.972002 0.996077 0.95312 0.995465 0.977822 1.00753 
1166 0.0567657	1.00495 1.13031 1.06167 1.06311 1.06515 1.12193 1.03397 1.11301 1.12328 1.08248 
1167 0.0844884	1.17625 1.12578 1.16963 1.21449 1.0501 1.05665 0.963755 1.11567 1.15384 1.02256 
1170 0.13385	1.01151 1.03084 0.986371 1.00925 1.0027 0.981813 1.01673 1.02326 1.03912 0.983391 
1171 0.109044	0.857213 0.986138 0.851213 0.87812 0.995667 0.94666 1.05882 0.988487 1.03386 0.998282 
1172 0.210336	1.05487 1.0472 1.02176 1.02219 1.09311 1.12866 1.05317 1.07366 1.06925 1.0216 
1173 0.0930233	1.03721 1.00567 0.953479 0.977302 0.936655 0.862884 1.04471 0.880523 0.901826 0.986347 
1174 0.055814	1.23127 0.941618 1.09357 1.06861 0.882478 0.915384 1.04888 0.888802 0.87593 1.00141 
1175 0.0744186	0.858381 0.908977 0.878891 0.865508 0.891004 0.874646 1.01309 0.867089 0.88754 0.978428 
1176 0.117313	1.15582 1.00738 1.06327 1.092 0.945457 0.958929 1.07393 0.955445 0.973464 1.00257 
1177 0.206202	1.08103 1.03058 1.06372 1.08862 1.01522 1.03336 1.0468 0.943953 0.946053 0.995252 
BOUNDS
LWPS R    0.0  0.0  0.0  0.0  0.0  0.0  0.0  0.0  0.0  0.0
UWPS R    0.5  0.5  0.5  0.5  0.5  0.5  0.5  0.5  0.5  0.5
LXAS R   -0.5 -0.5 -0.5 -0.5 -0.5 -0.5 -0.5 -0.5 -0.5 -0.5
UXAS R    0.5  0.5  0.5  0.5  0.5  0.5  0.5  0.5  0.5  0.5
END
