NAME moment_estimations_cluster
ASSETS 10
BENCHMARKS 0.1 0.1 0.1 0.1 0.1 0.1 0.1 0.1 0.1 0.1 
COVARIANCES
0 0 0.0683644
1 0 0.0290749
1 1 0.0162142
2 0 0.0106748
2 1 0.00400708
2 2 0.00434796
3 0 -0.000514451
3 1 0.0030696
3 2 -0.00274447
3 3 0.00990986
4 0 -0.00896113
4 1 -0.00269821
4 2 -0.00367662
4 3 0.00609453
4 4 0.0065555
5 0 -0.0161699
5 1 -0.00565235
5 2 -0.00254851
5 3 0.00369608
5 4 0.00374977
5 5 0.0064181
6 0 0.0083937
6 1 0.00453431
6 2 0.0018158
6 3 0.00286593
6 4 -0.000152093
6 5 0.000156263
6 6 0.00460053
7 0 0.0013738
7 1 0.00423502
7 2 -0.00111391
7 3 0.00981263
7 4 0.00497522
7 5 0.0040488
7 6 0.00461507
7 7 0.0143787
8 0 0.0159176
8 1 0.00384751
8 2 0.00389383
8 3 -0.00339464
8 4 -0.00279141
8 5 -0.00537719
8 6 0.00119322
8 7 -0.00299499
8 8 0.00922567
9 0 -0.0184038
9 1 -0.0101251
9 2 -0.00154089
9 3 0.00333041
9 4 0.00601423
9 5 0.00671993
9 6 0.000926226
9 7 0.00521432
9 8 0.000622984
9 9 0.0223723
SCENARIOS
0 0.59715	1.19633 1.08293 1.03137 1.01201 0.980327 0.97705 1.03722 1.01159 1.01837 1.00932 
1 0.40285	0.813248 0.931676 0.968319 0.979549 1.01105 1.0465 0.950756 0.969253 0.954387 1.06574 
00 0.373507	1.40988 1.15749 1.05966 0.995921 0.981258 0.951675 1.04638 0.961229 1.14697 0.946371 
01 0.626493	0.836378 0.956537 0.964165 1.04366 1.05705 1.05294 0.994979 1.02782 0.971449 1.04116 
10 0.18317	1.33778 0.972516 1.08642 0.914719 1.00004 0.890886 0.988108 0.877057 1.20635 1.01414 
11 0.81683	0.973972 0.990752 0.993713 1.04381 1.06188 1.01756 1.00036 1.02906 0.963287 0.956366 
000 0.226955	0.699977 0.749211 0.983708 0.984854 1.02384 1.09464 0.99421 1.08434 0.988509 1.29976 
001 0.0511567	0.781118 0.915589 0.974687 0.899312 0.917739 0.977478 0.887575 0.953717 0.855493 0.771243 
002 0.106349	1.02704 0.897599 1.01627 1.03397 0.988673 0.982095 1.0287 1.05617 1.11863 1.24531 
003 0.111191	1.7751 1.29607 1.12511 0.99681 0.963262 0.848399 1.04637 1.09656 1.09594 0.687641 
004 0.150601	1.19284 1.12246 1.04386 1.17451 1.02921 0.986146 1.13152 1.31717 0.948106 0.931838 
005 0.0869799	1.12545 0.939365 1.17923 0.771079 0.806946 0.900906 0.983256 0.808706 1.17434 0.861744 
006 0.098099	0.737395 0.957858 0.894344 1.03234 0.989962 1.0357 0.964895 1.17514 0.827233 0.973486 
007 0.168669	1.01613 0.997703 1.00841 0.894466 0.935814 0.877338 0.954208 0.892021 0.94502 0.819912 
010 0.170672	1.45668 1.11253 1.03589 1.06852 1.03341 0.914298 1.09489 1.22835 1.12459 1.05291 
011 0.098046	0.691738 0.872721 0.941226 1.23423 1.15979 1.23501 1.08706 1.35543 0.860684 1.2425 
012 0.138248	1.14025 1.11065 0.91379 1.10618 1.02686 0.982695 0.956637 1.06225 0.908119 0.756351 
013 0.113683	1.62581 1.15778 1.08416 0.880219 0.838106 0.880258 1.04736 0.882028 1.05061 0.788959 
014 0.0639919	0.724303 0.848672 0.879757 1.02185 1.06764 1.10358 0.904998 1.02616 0.810542 0.944563 
015 0.167945	0.797653 0.904666 1.00998 0.993602 0.973131 1.10219 0.98509 1.00273 0.979287 1.17519 
016 0.0821416	0.87465 0.897911 1.00105 0.885068 0.9914 0.945527 0.940473 0.902267 1.19712 1.32358 
017 0.165272	0.978695 0.847373 1.01484 0.812108 0.902883 0.903277 0.902936 0.863546 1.00854 0.860984 
100 0.263586	0.996935 1.12123 1.06836 1.00715 0.95019 0.964434 1.03898 1.01303 1.06548 1.00802 
101 0.139314	1.46051 1.30262 0.971659 1.03366 0.898459 0.946158 1.05044 1.13923 0.994441 0.823768 
102 0.150156	0.647174 0.887198 0.943664 0.968339 1.00123 1.07144 0.9767 0.958845 0.909444 1.10333 
103 0.099336	1.84272 1.38266 1.08944 0.987817 0.914422 0.807109 1.04751 1.02389 1.12794 0.765422 
104 0.0540724	0.710214 1.05668 0.925972 1.28386 1.15543 1.18446 1.09945 1.3549 0.89831 1.22238 
105 0.0641008	0.900551 1.03489 0.909641 1.03947 1.12216 1.02296 0.991816 0.97111 0.984109 1.09778 
106 0.0730451	0.5814 0.832138 0.997943 1.04921 0.990375 1.22229 1.02333 1.09732 0.997112 1.5644 
107 0.15639	1.05207 1.0679 1.02107 0.872577 0.810237 0.95224 1.00298 0.891971 0.962695 0.815676 
110 0.175804	1.3812 1.14658 1.03814 0.975481 0.926712 0.988572 1.03335 1.02024 1.01904 0.833833 
111 0.157114	1.63362 1.17404 1.06741 0.984075 0.89691 0.876042 1.06252 0.987037 1.17814 1.01586 
112 0.0762171	1.02938 0.943107 1.00566 0.822704 0.90761 0.888456 0.953191 0.824807 1.11995 0.958834 
113 0.0982799	0.804006 0.801915 1.00939 0.967968 1.02148 1.06266 0.983129 0.946536 1.07933 1.34345 
114 0.0587127	0.907942 0.854436 1.07869 0.787793 0.847462 0.961618 0.937178 0.811042 1.04223 0.841342 
115 0.151249	0.867895 0.926542 0.939404 1.12558 1.06883 1.16398 1.11896 1.22876 0.940728 1.31207 
116 0.156993	0.803351 0.880093 0.915073 0.973716 1.06745 0.985565 0.898715 0.901387 0.9993 1.02418 
117 0.125631	0.666024 0.904868 0.901807 0.992181 1.01856 1.08438 1.00811 1.01831 0.814098 0.970519 
0000 0.0525484	1.11232 1.02896 1.14339 0.801458 0.947174 0.903302 0.979264 0.812969 1.10999 1.04051 
0001 0.160806	1.12338 1.17575 1.04008 1.1491 0.998043 1.08684 1.17956 1.29586 0.936127 1.1134 
0002 0.0687475	0.660624 0.94986 1.0079 0.953889 0.965951 1.02087 1.02774 0.889746 0.855177 0.928662 
0003 0.0956144	1.2968 1.36152 1.05559 1.03503 0.970861 0.943712 1.02026 1.06755 0.975838 0.710763 
0004 0.203279	0.76147 1.09067 0.91234 1.00124 1.11235 0.99126 0.973751 0.990363 0.872778 0.899003 
0005 0.18629	1.02238 1.08741 0.944794 0.944803 0.984286 0.885248 1.00098 0.834911 1.05979 1.00728 
0006 0.129593	0.822008 0.861081 1.00806 0.858838 0.904791 0.969581 0.907134 0.831196 0.98304 0.924618 
0007 0.103121	1.6038 1.30017 1.09003 0.923975 0.911657 0.789639 0.956223 0.930642 1.16216 0.719964 
0010 0.103418	0.928253 1.00546 0.914858 1.01221 1.08121 0.947031 0.950801 0.872058 1.04408 1.04175 
0011 0.134093	0.815613 1.06812 0.906017 1.15165 1.16181 1.07639 1.09561 1.13345 0.821384 0.982096 
0012 0.123576	1.56354 1.27625 1.0579 0.955074 0.832763 0.919321 1.08745 0.99386 0.965196 0.836144 
0013 0.119194	0.701538 0.774917 0.94576 0.906001 0.994392 1.12068 0.997616 0.801564 0.90493 1.16905 
0014 0.190184	1.08778 0.932521 1.01389 0.93708 1.01361 0.947633 0.982195 0.925439 1.15903 0.985198 
0015 0.175285	1.32071 1.09173 0.966514 0.935951 0.974012 0.921149 1.09344 0.897765 1.05165 0.863052 
0016 0.0482033	0.842224 0.986192 1.04649 0.945301 0.951138 1.16664 1.19373 1.03738 0.873179 1.19057 
0017 0.106047	0.799573 0.862735 1.03851 0.747357 0.79194 0.954899 0.844166 0.665611 0.977943 0.831922 
0020 0.256745	0.838654 0.827347 0.940426 0.889337 1.04583 1.01944 0.946955 1.01843 0.917953 0.995586 
0021 0.0978078	1.00022 0.848853 1.03521 0.856619 0.992907 0.938594 0.883478 0.895133 1.13183 1.04418 
0022 0.196037	1.13256 1.11479 1.02856 0.95564 0.972517 1.03647 1.11039 1.01845 0.96451 0.898219 
0023 0.0661889	0.880639 1.08195 0.974704 1.13527 1.16184 1.06188 1.11822 1.31271 0.945025 1.35896 
0024 0.0961214	1.77781 1.29193 1.15335 0.966176 0.925306 0.799176 1.03619 1.04266 1.17193 0.816966 
0025 0.0994941	1.00183 0.933475 1.01219 1.09374 1.17552 1.05957 1.05305 1.20483 1.09656 1.31926 
0026 0.119309	1.29573 1.19306 1.00986 0.899441 0.98223 0.879773 0.944938 0.856439 1.10887 0.866543 
0027 0.0682968	1.18259 1.2027 1.02313 1.0131 1.0249 0.929643 0.969068 0.950268 0.94304 0.802773 
0030 0.0939516	1.24463 1.23836 0.919913 1.14914 0.99971 0.981666 1.00556 0.995157 0.938226 0.862895 
0031 0.114516	0.928979 0.976513 0.872254 1.06641 0.999301 0.974249 0.984308 0.942439 0.89008 0.971253 
0032 0.233065	0.781541 0.975389 1.01815 1.0401 0.992558 1.12578 1.05226 0.933786 0.917826 1.38153 
0033 0.0649194	1.05912 0.963661 0.990964 0.915583 0.851816 1.01212 0.99569 0.897799 1.06978 0.836428 
0034 0.204839	0.821293 0.764228 0.923963 0.843909 0.977355 0.918069 0.892108 0.757368 1.09621 1.40378 
0035 0.0991935	1.29688 1.01041 1.04641 0.862462 0.872567 0.960965 1.05164 0.909856 1.18771 1.32563 
0036 0.131855	1.68645 1.27099 1.07429 1.17831 0.831481 0.951747 1.14699 1.14699 1.1126 0.907605 
0037 0.0576613	1.00088 1.16302 0.929671 1.36788 1.07978 1.05222 1.1574 1.38556 0.911113 1.33924 
0040 0.0646026	1.06132 1.02176 0.960949 1.00132 0.993741 0.953702 1.05286 1.05104 0.951797 0.946524 
0041 0.118785	0.92493 1.00443 0.99793 1.06577 0.953214 1.09526 1.05887 1.12713 1.01156 1.2189 
0042 0.106282	1.31208 1.09961 0.992945 1.00415 0.972086 0.949346 1.04886 1.05959 0.979956 0.929279 
0043 0.115213	1.14928 1.06177 1.0479 0.826765 0.870631 0.940423 0.945777 0.891802 1.10961 0.87484 
0044 0.225662	0.706444 0.914194 0.873936 0.989597 1.02844 1.0477 0.961295 0.9905 0.904925 1.13364 
0045 0.169991	0.905412 0.929567 1.00468 0.812635 0.988472 0.956309 0.899662 0.883717 1.05469 1.01035 
0046 0.113724	1.65349 1.33416 1.08299 0.907773 0.881884 0.893577 0.988757 0.883124 1.19351 0.952342 
0047 0.0857398	1.06973 1.07641 0.852072 1.04988 1.10063 0.985311 0.910104 1.03523 1.03976 0.893476 
0050 0.191753	0.72492 0.793587 0.927493 0.967422 1.10176 1.03592 0.888872 1.00616 1.08317 1.43919 
0051 0.0427835	1.24231 1.14408 0.865918 1.0218 1.01892 0.83431 0.872718 0.965712 1.0792 0.934468 
0052 0.17732	0.868231 1.0909 0.978813 1.15736 1.06482 1.24084 1.1265 1.2071 0.92338 1.25162 
0053 0.0737113	1.41073 1.14445 0.916144 1.10481 1.17039 0.865843 0.990947 1.15814 0.997263 1.02344 
0054 0.195876	0.902767 1.02298 0.955451 0.971662 1.01296 0.954508 0.902644 1.00861 0.911099 0.908201 
0055 0.126804	1.64551 1.25291 1.02118 1.00472 0.936284 0.844925 1.14633 1.01946 1.05809 0.924233 
0056 0.139691	1.0886 1.1077 1.05074 1.01995 1.09068 1.00841 1.02607 1.10742 1.04014 1.20892 
0057 0.0520619	1.54683 1.10969 1.02268 0.938035 1.03994 0.862028 1.02133 0.920915 1.28222 0.995178 
0060 0.127514	1.09152 1.00016 0.962269 1.3107 1.19915 1.12981 1.02493 1.31628 1.04715 1.17382 
0061 0.113803	1.19249 0.889163 1.08863 0.861756 0.904838 0.896023 0.972516 0.792181 1.17509 0.946017 
0062 0.117459	0.95038 0.858338 0.95194 0.94714 1.04232 0.978864 0.891024 0.8276 1.06477 0.970643 
0063 0.119287	0.710276 0.797511 0.939557 1.10067 1.11124 1.0272 0.907654 0.959523 0.940716 1.0678 
0064 0.0530165	1.17691 1.05743 1.17378 0.995288 0.984042 1.00162 1.07685 0.89586 1.08802 0.975691 
0065 0.162249	1.60398 1.19877 1.11216 1.10184 0.985945 0.987218 1.08012 1.08698 1.06288 0.949676 
0066 0.23766	0.914732 0.897668 1.0127 1.03219 1.04993 1.07143 1.02174 1.08127 0.8678 0.920905 
0067 0.0690128	1.25502 1.08735 0.996483 0.987448 0.998727 0.83828 0.893567 0.851633 1.06773 0.76405 
0070 0.0837321	1.2947 1.24719 0.979827 1.16224 1.05327 0.98757 1.0911 1.31939 0.974179 0.754018 
0071 0.136895	0.988183 0.946997 0.919507 1.22475 1.18447 1.14226 0.963784 1.08448 1.06013 1.16822 
0072 0.105529	0.7376 0.957476 0.895534 1.08061 1.08551 1.10445 0.950057 1.23559 0.84934 0.961331 
0073 0.103934	1.22759 1.1246 1.05602 1.00358 0.925957 1.0274 0.948198 0.902115 0.953226 0.832276 
0074 0.174641	0.897158 1.00285 0.990942 0.954742 0.918253 1.03034 0.938435 0.872977 0.973966 0.933706 
0075 0.105795	1.72727 1.13563 1.13997 0.965008 0.870322 0.892185 0.993026 0.890632 1.13622 0.903036 
0076 0.142477	1.22439 0.999838 0.984625 0.933463 0.997428 0.969518 0.949206 0.911636 1.19258 1.05763 
0077 0.146996	0.829365 0.936954 0.989625 0.993807 1.02921 1.24351 1.02071 1.06484 0.99786 1.08748 
0100 0.196554	1.61569 1.17436 1.07812 1.01589 0.980902 1.00431 1.02672 0.95225 1.12884 0.891705 
0101 0.169773	0.965995 1.21867 0.994515 1.26831 1.09865 1.09819 1.02167 1.22993 0.885654 1.10717 
0102 0.149099	0.89475 1.01128 0.939305 1.02816 0.956802 1.03203 0.935336 0.855958 0.934119 0.90724 
0103 0.091621	0.673226 0.880694 0.95832 1.07273 0.995155 1.18713 0.941125 0.962062 0.872402 1.20388 
0104 0.108692	0.70014 0.809396 1.01397 0.831666 0.958982 1.02488 0.948858 0.862608 1.02219 1.27659 
0105 0.0775255	1.18055 1.02953 0.972273 0.973523 0.997936 0.902119 0.904229 0.753952 1.01811 0.88341 
0106 0.0560689	0.712899 1.00336 0.924433 1.14452 1.04689 1.1706 0.966354 1.14073 0.793446 1.02223 
0107 0.150666	1.08577 0.946402 1.00477 0.884605 0.901633 0.902269 0.90849 0.826771 1.11046 0.988484 
0110 0.0526172	1.61778 1.13947 1.13483 1.03327 0.883035 0.98387 1.26347 1.18389 1.16117 0.972122 
0111 0.0640676	1.07014 0.952371 1.09622 0.857516 0.97549 0.867154 0.918063 0.824518 1.24638 1.15054 
0112 0.0537077	1.46261 1.16627 1.08816 0.944517 0.971998 0.861043 1.02673 1.02315 1.20722 1.19087 
0113 0.178299	0.665859 0.7833 0.941806 0.865514 0.956517 1.03402 0.849749 0.920371 0.910865 1.06495 
0114 0.23337	1.01779 1.12921 1.00129 1.08853 0.97625 1.04316 1.01876 1.11892 0.964511 1.05953 
0115 0.188931	1.14025 1.06777 1.01193 0.902586 0.871766 0.932962 0.95432 0.882166 1.00801 0.773193 
0116 0.151854	1.77816 1.22862 1.01723 1.0775 0.983013 0.854017 1.04009 1.07355 1.07266 0.746305 
0117 0.0771538	0.704446 0.931789 0.886502 1.07609 1.21996 1.09218 0.970492 0.948675 1.04922 1.52329 
0120 0.0844934	1.3536 1.17891 1.13161 1.0177 0.974448 0.945252 1.00444 1.03466 1.09998 0.995801 
0121 0.0806265	1.1628 0.915033 1.14332 0.938296 0.938466 0.944449 1.04202 0.892016 1.17767 1.25079 
0122 0.109049	1.5773 1.28116 1.03276 1.06966 0.985351 0.874378 1.0257 1.04202 1.02943 0.777535 
0123 0.222158	0.771194 0.885876 1.02806 0.990581 0.975832 1.08246 0.985142 0.965614 0.893885 1.02766 
0124 0.0947409	0.707148 0.811242 0.94932 1.16364 1.1893 1.14268 0.919812 1.15374 0.959457 1.50846 
0125 0.0819799	1.21314 1.10569 1.03004 0.9266 0.958493 0.902997 0.927676 0.827957 1.08077 0.751264 
0126 0.107502	1.28147 1.21556 0.98601 1.26553 1.04026 1.05379 1.20097 1.25029 0.942527 0.987475 
0127 0.219451	0.940848 0.895529 1.00041 0.917824 1.05327 1.019 1.0324 0.875857 1.10251 1.15911 
0130 0.249236	0.972549 1.02381 1.09233 1.04278 0.931924 1.03345 1.03376 1.19133 0.958732 0.919766 
0131 0.067952	1.13847 1.03521 1.15526 0.810775 0.891314 0.895488 0.931355 0.82619 1.21763 0.832463 
0132 0.166236	0.818473 0.916433 1.01195 0.975281 1.01266 1.06761 0.986143 1.04706 1.02848 1.02329 
0133 0.086292	1.83374 1.41191 1.15299 0.997017 0.909473 0.880409 1.04515 1.07568 1.15822 0.69632 
0134 0.15542	0.611054 0.831382 0.927271 0.988319 1.04521 1.04098 0.948017 1.1018 0.910577 0.932518 
0135 0.129556	1.24172 1.15843 1.00911 1.07005 0.934502 0.89016 0.995044 1.05902 1.01461 0.689166 
0136 0.0566659	0.641097 0.8639 0.982919 1.23351 1.07378 1.24959 1.08814 1.34484 0.82116 1.24022 
0137 0.0886433	1.11282 1.14647 1.01617 1.00637 1.10862 0.870513 0.926216 1.07722 1.10892 0.830943 
0140 0.105263	0.971916 1.06197 1.08924 1.00651 0.937067 1.05195 1.13216 0.960477 0.928561 0.88995 
0141 0.195071	0.714032 0.912669 1.00108 0.859862 0.944 0.941436 0.921933 0.817845 1.00427 1.08022 
0142 0.170844	1.61784 1.34755 1.12878 0.969222 0.889547 0.820896 1.04988 0.845908 1.10685 0.666687 
0143 0.0973266	1.34139 1.33263 0.993386 1.1272 1.05588 0.923983 1.06454 1.16777 0.965405 0.727378 
0144 0.132414	0.786926 1.12948 0.992858 1.02855 0.98317 1.06939 0.916824 0.993342 0.852178 0.746923 
0145 0.112364	1.13442 1.22887 1.1681 0.915912 0.821492 0.998592 1.04861 0.938458 0.898693 0.884437 
0146 0.0614035	1.11025 1.14761 0.94523 1.2572 1.01658 0.999745 1.1078 1.22771 0.990296 1.01621 
0147 0.125313	0.910088 1.05893 0.948023 1.1375 1.11972 1.0308 0.985441 1.16903 0.990954 1.03475 
0150 0.100111	0.960212 0.926413 0.841942 0.99373 1.09903 0.892955 0.93721 0.856033 0.984853 0.812717 
0151 0.114277	1.06581 0.961068 0.946799 1.19673 1.11484 1.02518 1.14827 1.17439 0.903278 0.941509 
0152 0.103772	0.66594 0.806287 0.938343 0.970747 1.11673 1.0991 0.922589 0.95126 0.898334 1.06368 
0153 0.110616	0.843697 0.910431 1.01188 0.902703 0.964154 1.01937 0.966076 1.01714 0.913835 0.81435 
0154 0.115391	0.992002 0.843552 1.06098 0.815331 0.929802 0.964588 1.01543 0.885284 1.0353 0.853947 
0155 0.152316	1.31668 1.00148 1.04827 0.987786 1.00765 0.943612 1.05899 0.922065 1.07832 0.859848 
0156 0.132739	1.72959 1.29321 1.15575 0.975004 0.941901 0.847488 1.05653 1.05978 1.16269 0.849696 
0157 0.170778	1.01396 0.980365 0.953678 1.07099 1.17365 1.02181 1.03928 1.12537 1.08879 1.20912 
0160 0.0953466	0.795794 0.79845 1.01593 0.91307 0.934982 1.06799 0.901247 0.886269 1.03675 1.02082 
0161 0.161406	1.01275 1.00072 1.0236 1.07697 0.987775 1.04791 1.06972 1.32994 0.869628 0.919141 
0162 0.0442564	0.799218 0.774211 1.02244 1.11091 1.1996 1.19493 1.10938 1.26062 0.967091 1.52731 
0163 0.168565	1.39918 0.907055 1.09351 1.04786 1.00742 0.984969 1.17803 1.1264 1.11627 1.01885 
0164 0.127237	0.904278 0.848999 1.04036 0.83299 0.870525 1.10133 0.945907 0.804598 0.969411 0.853421 
0165 0.171819	0.829045 0.871761 0.920504 1.13084 1.04134 1.07969 0.965279 0.979344 0.953657 1.04028 
0166 0.121705	1.66174 1.11282 1.13244 0.879158 0.879874 0.905701 0.939819 0.906212 1.13378 0.719418 
0167 0.109665	0.670535 0.859602 0.887625 1.05728 1.01871 1.13123 0.928132 1.00843 0.806146 0.916924 
0170 0.187288	1.13707 1.26764 1.00955 1.03678 0.915896 0.971807 1.01037 0.962632 1.01313 0.88124 
0171 0.0745593	1.19746 1.13124 0.964566 0.90096 0.974771 0.866194 0.86384 0.835088 1.19916 0.978513 
0172 0.294032	0.767598 0.978402 0.92508 0.99029 0.949628 1.1321 0.983798 0.893629 0.933659 1.03304 
0173 0.110949	0.998027 1.12928 1.03449 1.15228 1.04245 1.08667 1.08834 1.15131 0.99402 1.1157 
0174 0.111596	0.690366 0.858903 0.971442 0.983226 0.974546 1.15686 0.95151 0.986999 0.976245 1.23341 
0175 0.079573	1.42273 1.3462 1.11651 0.994829 0.852423 0.913992 1.03865 0.943261 1.07264 0.750186 
0176 0.0682517	1.07281 1.31608 0.940625 1.07659 0.948535 0.973728 0.906606 0.915036 0.899672 0.616737 
0177 0.0737506	1.81878 1.41022 1.12103 0.982325 0.944474 0.882906 1.05856 0.96523 1.27797 0.949321 
1000 0.19126	1.04219 0.856658 0.901368 1.073 1.06795 1.04706 0.928715 0.917603 1.02551 1.07337 
1001 0.0796915	1.77216 1.00373 0.972408 1.0008 1.02345 0.904362 1.0803 1.07764 1.15107 1.00585 
1002 0.156298	0.720764 0.912195 0.928949 0.925451 0.916725 1.16533 0.937546 1.03971 0.893243 1.06427 
1003 0.162468	1.16666 1.10862 0.946108 1.17403 1.11707 1.07155 1.09662 1.33357 1.02413 1.17442 
1004 0.177892	0.888734 0.748756 1.00906 0.807129 0.909489 0.985635 0.95351 0.958352 1.11968 1.23781 
1005 0.111568	1.15633 0.929537 0.981185 0.852552 0.895143 0.94795 0.904488 0.835633 0.985527 0.918888 
1006 0.0796915	0.679844 0.778273 0.869936 1.07888 1.09166 1.18315 1.06556 1.17498 0.86156 1.17803 
1007 0.0411311	1.34429 0.967955 0.99012 0.904524 0.915551 0.885559 0.993423 0.826792 1.2122 0.95977 
1010 0.197471	1.50009 1.14345 1.12563 0.979862 0.995052 0.932959 1.06675 0.990914 1.13338 0.732106 
1011 0.101167	0.700941 0.907694 0.985314 0.888944 1.02841 0.961366 0.933631 0.816842 1.00705 0.953717 
1012 0.110895	0.781972 0.924502 0.915072 1.30273 1.25305 1.06325 1.00829 1.177 0.910637 1.07513 
1013 0.0758755	0.837702 0.888425 1.11023 0.939166 0.96311 1.0901 0.992355 0.91708 0.952215 1.05299 
1014 0.0846304	0.883438 0.903019 1.15605 1.01087 0.979171 0.994845 1.10261 1.00297 1.1924 1.4181 
1015 0.0894942	0.8928 0.994056 1.02384 1.2668 1.13895 1.0673 1.09619 1.1479 0.930794 0.972181 
1016 0.20428	1.10714 1.00841 1.0369 0.91378 0.985923 0.900522 0.940824 0.970929 0.981499 1.01058 
1017 0.136187	1.23497 1.15164 1.10492 1.05848 1.08708 1.00473 1.11583 1.16827 1.06513 1.31686 
1020 0.26444	1.15622 0.858277 0.927473 1.02293 1.01976 0.92172 0.954227 0.895624 1.10104 0.997693 
1021 0.113718	1.08071 1.03451 0.994217 1.10642 1.01066 1.05879 1.0966 1.12296 1.04055 1.10952 
1022 0.0640794	1.05051 1.02551 1.06644 0.824815 0.80195 0.966451 0.926883 0.787881 0.965097 0.807321 
1023 0.099278	1.53598 1.20938 1.07387 0.894312 0.92497 0.888991 0.990824 0.884865 1.19348 0.764226 
1024 0.0884477	0.795148 0.961036 0.853973 0.992219 0.980577 0.951606 0.841706 0.876991 0.857564 0.762865 
1025 0.0622744	1.28542 1.2819 1.00587 1.14243 0.900489 1.08188 1.04591 1.01294 0.834525 0.653657 
1026 0.150722	0.958069 0.948674 1.13623 0.913927 0.884279 1.10424 0.985731 0.94121 0.984841 0.920516 
1027 0.15704	0.581613 0.742416 0.847371 1.01326 1.16883 1.1374 0.857659 1.10018 0.911037 1.12438 
1030 0.195089	0.906002 1.00246 0.991854 0.93958 0.878577 1.13492 0.987715 1.00173 0.823808 0.756102 
1031 0.162347	1.03343 0.982784 1.02533 0.854228 0.814292 0.91961 1.08268 0.81871 1.10552 1.0289 
1032 0.0641201	1.01735 0.972094 0.988931 1.21558 0.987028 1.15828 1.2272 1.06617 1.07152 1.42769 
1033 0.150068	0.790853 0.930221 0.886733 0.841846 0.900113 1.06488 0.931902 0.831197 0.992527 0.926519 
1034 0.18281	1.37965 1.23494 1.03421 1.11138 0.998539 0.997742 1.14445 1.17167 0.998331 1.00983 
1035 0.105048	0.679408 0.845174 1.00703 1.04647 1.024 1.19137 0.99023 1.06111 0.97444 1.15926 
1036 0.0409277	1.80478 1.21986 1.15587 0.959101 0.788578 0.975866 1.3958 1.16992 1.17708 0.957778 
1037 0.0995907	1.40419 1.04979 0.990464 0.86742 0.829434 0.937813 1.04079 0.876368 1.26294 1.02712 
1040 0.0902256	0.959238 0.905437 0.874975 1.04495 0.973478 1.13513 1.05983 1.02644 0.82564 1.07372 
1041 0.107769	1.83278 1.24801 1.07609 1.08714 0.957308 0.879218 1.10828 1.1877 1.07355 0.981537 
1042 0.0776942	0.855825 0.908793 1.05305 0.841947 0.871527 0.958919 0.967276 0.829022 0.921426 0.895064 
1043 0.102757	1.27301 0.987678 1.14325 0.812946 0.775962 0.92154 1.01211 0.853994 0.943705 0.874735 
1044 0.190476	0.837207 0.915149 0.901244 0.888423 0.970288 1.06046 0.871034 0.896668 0.850821 0.982354 
1045 0.0802005	1.32562 0.956843 0.978809 0.825373 0.901285 0.863429 0.94026 0.818309 1.07183 0.929735 
1046 0.260652	0.94267 0.788463 1.00661 0.930896 1.0161 1.06977 0.966936 1.0315 0.978628 1.12874 
1047 0.0902256	0.617852 0.681921 0.849786 0.907901 1.11999 1.05866 0.931295 0.850157 0.988993 1.35877 
1050 0.150106	0.729616 0.763871 0.855968 1.12569 1.0471 1.0815 0.911806 0.98172 0.883843 0.972132 
1051 0.0930233	0.779672 0.893082 0.928943 1.23476 1.08948 1.0791 1.07949 1.28879 1.01065 1.34335 
1052 0.186047	0.858941 0.979101 0.974728 1.01531 0.980551 1.02353 0.935526 1.0891 0.980873 1.01734 
1053 0.0697674	1.58659 1.28701 1.08258 1.05253 0.86793 0.824931 0.947482 0.997596 1.08458 0.760985 
1054 0.10148	1.20929 0.903447 1.04598 1.0136 0.996068 0.996414 1.02629 1.02298 1.20425 1.11376 
1055 0.128964	0.925132 0.972321 0.904458 0.965466 1.01104 0.911341 0.917507 1.04946 0.978722 0.777191 
1056 0.135307	1.16978 0.976777 1.06304 0.930565 0.824985 0.922387 0.965636 1.11668 1.00266 0.905021 
1057 0.135307	1.11968 1.11048 0.913597 1.38873 1.11211 1.06144 1.0836 1.26492 1.01049 1.02605 
1060 0.0630798	0.888668 0.908485 0.921929 0.900199 1.01265 0.977982 0.903413 1.01194 0.965507 1.09372 
1061 0.157699	1.05842 0.949878 1.02361 0.920775 1.07557 0.853564 0.995328 0.921366 1.108 1.0696 
1062 0.109462	1.79618 1.23563 1.11869 0.925623 0.993542 0.853332 1.15131 0.911255 1.26764 0.810269 
1063 0.269017	1.50792 1.11646 1.09037 0.975059 0.914611 0.935585 1.1419 1.03182 1.0187 0.901817 
1064 0.0593692	0.721591 0.820645 0.923658 1.12529 1.23139 1.10221 1.0408 0.965712 0.907308 1.31169 
1065 0.211503	1.12326 1.08793 0.93814 1.12418 1.18505 0.968066 1.00923 1.31347 0.938437 0.919383 
1066 0.0612245	0.987766 0.76809 0.942066 0.772455 0.986652 0.854327 0.884784 0.77093 1.04816 0.90379 
1067 0.0686456	0.720546 0.782006 0.884696 0.988808 1.07382 1.05305 1.0077 0.908847 0.970133 0.941779 
1070 0.134315	1.40163 1.19244 1.07773 0.993182 0.956963 0.882099 1.00841 0.996661 1.09185 0.772423 
1071 0.184575	0.988798 0.937502 0.948309 0.911746 1.11059 0.908126 0.927245 0.848682 1.04284 0.785431 
1072 0.106586	1.27528 1.0923 0.944228 1.26049 1.10872 1.00876 1.01525 1.1707 0.985943 0.951995 
1073 0.152513	0.806527 1.02996 0.925658 1.06339 1.0692 1.04856 0.954461 0.981297 0.888648 1.03553 
1074 0.0580589	1.80622 1.13191 1.09037 0.991646 1.01674 0.941202 0.971091 0.950336 1.2118 0.882983 
1075 0.0918544	1.06369 1.11254 1.05077 0.978519 0.93373 0.936418 0.983744 0.967634 0.946221 0.740064 
1076 0.116118	0.692264 0.875986 0.940228 0.976733 1.0356 1.04268 0.898797 0.789234 0.921074 0.830587 
1077 0.155979	1.014 0.928653 1.08571 0.984627 1.11085 1.04604 1.00941 0.991115 1.08618 1.10145 
1100 0.0940363	1.43316 1.25988 0.999226 1.17623 1.04562 0.931896 1.04903 1.10855 0.98685 0.842431 
1101 0.0916162	1.0593 1.11643 1.04908 0.954064 0.98077 0.87113 1.03024 0.914237 1.07825 1.01429 
1102 0.1535	1.3316 1.10859 1.04971 0.899545 0.911269 0.864907 1.01394 0.950202 1.06497 0.844001 
1103 0.191876	0.927108 0.98206 0.943855 0.905512 0.956915 0.859661 0.935228 0.83983 0.942174 0.718507 
1104 0.114088	0.752705 0.873952 0.954935 1.01775 1.03449 1.07771 1.00802 0.888408 0.9858 1.21159 
1105 0.114952	0.872078 0.94921 1.02252 1.1068 1.02853 1.06738 1.07734 1.16705 0.899424 1.14913 
1106 0.168021	0.731154 1.01623 0.922357 1.0313 1.03959 1.07838 0.977206 0.97614 0.848666 0.964908 
1107 0.0719101	1.60942 1.33575 1.11032 1.05464 0.87175 0.89306 1.06971 1.13939 0.973486 0.932821 
1110 0.166925	1.18036 1.05795 1.08518 0.954055 0.972732 0.92622 1.01563 0.93942 1.15241 1.03366 
1111 0.201547	0.860716 1.04292 0.958915 1.04351 1.08162 1.03086 0.991406 1.09889 0.939406 0.961081 
1112 0.049323	1.11947 1.13206 1.0487 0.865069 0.888047 0.950323 1.03201 0.960346 0.933595 0.7571 
1113 0.144101	0.748001 0.907352 1.00811 1.00986 1.11951 1.1613 1.08026 1.10172 0.972976 1.22219 
1114 0.0798839	1.48115 1.31091 1.07961 0.875809 0.895415 0.821984 1.02816 0.95725 1.03407 0.735038 
1115 0.0692456	2.02615 1.46322 1.16243 1.00523 0.927818 0.850602 1.08905 1.00597 1.16233 0.730427 
1116 0.154545	0.83894 0.827728 1.03978 0.841567 0.944731 1.08569 0.958089 0.809563 1.0817 1.05962 
1117 0.134429	1.32484 1.12439 1.04844 1.12764 1.06278 0.993814 1.13631 1.15574 1.00663 1.00364 
1120 0.0793461	1.68417 1.25212 1.07383 0.927086 0.885556 0.898023 1.03603 0.84178 1.07055 0.91704 
1121 0.0633971	0.777999 0.916474 0.87038 1.14611 1.07101 1.0705 0.979793 1.18129 0.855878 1.00948 
1122 0.142743	0.904146 0.862921 1.02717 0.984929 1.02289 0.990734 0.964082 0.965544 1.04387 1.17962 
1123 0.199761	0.978729 0.940296 0.901358 0.973188 0.968574 0.98578 0.876756 0.945284 0.948184 0.916458 
1124 0.217305	1.37339 1.12713 0.96976 0.974437 0.9902 0.952806 0.96736 0.869427 1.11264 0.921994 
1125 0.164274	1.0917 1.05809 0.966573 1.09181 1.11021 1.04398 1.05305 1.25614 0.990127 1.08506 
1126 0.0574163	0.765777 0.864462 0.923111 1.04357 1.10891 1.15682 0.955677 1.08025 0.902931 1.20158 
1127 0.0757576	1.59538 1.17362 1.03206 1.15104 1.00125 0.957696 1.08577 1.2713 1.08765 1.18142 
1130 0.0568955	0.712031 0.823374 1.14622 0.867445 0.927886 1.01472 1.01796 0.928183 1.08172 1.32366 
1131 0.0562771	1.34761 1.22456 1.10028 0.859208 0.788368 0.902545 1.04891 1.01788 1.21189 1.11751 
1132 0.0868893	1.21937 1.04244 1.08142 0.96413 0.910252 0.99875 1.16094 1.00966 1.12479 1.23151 
1133 0.175943	0.888438 1.10334 0.990132 0.968453 0.911212 1.02482 1.02287 1.0597 0.896015 0.970821 
1134 0.115337	1.07032 1.1066 0.933407 1.06131 1.03433 0.914088 0.962011 1.1255 1.05731 0.984823 
1135 0.178108	1.24404 1.11543 1.08232 0.878748 0.91729 0.88712 1.00508 0.935753 1.02941 0.87887 
1136 0.223253	0.763383 0.863835 0.935266 0.867689 0.97048 1.07202 0.926966 0.846837 0.975086 1.09722 
1137 0.107297	0.635208 0.798787 0.932325 1.03497 1.1145 1.11723 1.03862 1.04286 0.904428 1.37494 
1140 0.0797101	0.816092 0.896878 1.02734 0.898751 0.910191 1.02836 0.979201 0.860972 1.08137 1.40233 
1141 0.0621118	1.19111 1.01701 1.04675 0.875129 0.861675 0.888353 0.899186 0.754678 1.10313 0.957824 
1142 0.223602	0.895809 0.946681 0.898366 0.997389 0.968622 1.00434 0.910339 0.980586 0.889384 0.939941 
1143 0.158903	1.3251 1.1705 1.09268 1.12598 0.998241 0.994972 1.05301 0.995761 1.13031 1.03648 
1144 0.17236	1.25158 1.2686 0.947109 1.0512 0.976232 0.925286 1.00623 1.02101 0.963763 0.99327 
1145 0.0595238	1.96608 1.45852 1.07322 0.988111 0.872796 0.856045 1.1227 1.01358 1.13396 1.00938 
1146 0.194617	0.976059 1.10492 0.988303 1.15201 1.00761 1.0953 1.08257 1.13146 0.987083 1.1542 
1147 0.0491718	1.00881 1.04334 0.943646 0.942167 1.02295 0.898235 0.909383 0.822691 1.06454 1.08293 
1150 0.209162	0.957006 0.996409 1.03161 0.970643 0.99095 0.886467 0.916049 0.947683 1.0955 0.886101 
1151 0.0648985	0.673541 0.849856 1.01557 0.899898 0.952284 1.10204 0.910273 0.906373 0.96584 1.12252 
1152 0.0729355	0.685437 0.964303 0.911632 1.25755 1.25776 1.18907 0.92194 1.0955 0.779686 1.10628 
1153 0.186458	0.99064 0.924441 1.05422 1.04383 0.994002 0.996163 1.00466 0.946661 1.09454 0.986698 
1154 0.172393	1.33351 1.14921 1.10543 0.983467 0.889546 0.898465 1.03406 0.942247 1.03181 0.656013 
1155 0.0548523	0.440523 0.73296 0.96038 0.988772 1.07475 1.14341 0.95333 0.984984 0.937289 1.39807 
1156 0.122363	1.64333 1.43171 1.05928 1.19482 1.04602 0.837375 1.05475 1.22413 1.06202 0.848387 
1157 0.116938	0.995787 0.938963 0.956171 1.16236 1.07034 1.00522 1.0759 1.16889 1.03404 1.22297 
1160 0.0824623	0.663376 0.773801 0.952476 0.863658 0.998011 1.12167 0.863937 0.940867 0.9275 1.18598 
1161 0.144986	0.852015 1.00185 0.905567 1.22772 1.12895 1.09016 1.08521 1.26248 0.886432 1.30262 
1162 0.07259	0.66257 0.853138 0.869836 0.979325 1.03802 1.11503 0.885546 0.877959 0.860038 1.00717 
1163 0.123113	1.54151 1.30491 0.978317 1.23473 1.03403 0.993261 1.12202 1.28347 0.958242 0.855164 
1164 0.106659	0.893165 0.90244 1.06661 0.941008 0.848267 1.11422 1.00623 0.932212 0.873013 0.839583 
1165 0.125048	1.02663 0.982687 1.07165 1.00472 1.00498 0.982492 1.07689 1.01504 1.11522 1.1356 
1166 0.122338	1.38032 1.14289 1.08473 1.05254 0.913755 1.00605 1.1365 1.10423 1.0796 0.997134 
1167 0.222803	1.08123 1.00526 0.984393 0.942526 0.902493 0.959888 0.99196 0.888474 1.0272 0.752763 
1170 0.127721	1.41654 1.29348 1.11684 0.935633 0.81759 0.930637 1.00185 0.929134 0.994053 0.727322 
1171 0.247944	0.723596 0.808065 1.02964 0.936002 0.950575 1.06299 0.862777 0.81331 0.975629 0.98289 
1172 0.103532	1.3771 1.1096 0.964849 1.10169 1.02409 0.956855 0.919735 0.969996 0.992441 0.766346 
1173 0.140542	1.07348 1.00739 0.920875 1.27787 1.18626 1.06655 1.00895 1.23109 0.988258 1.15958 
1174 0.0873246	0.704231 0.835648 0.900546 1.13021 1.07925 1.15029 0.903638 1.03824 0.888173 1.34084 
1175 0.0996613	1.61912 1.11005 1.07555 0.982032 0.909989 0.942509 1.02771 0.931069 1.1303 0.900598 
1176 0.0805515	0.656552 0.628867 1.00747 0.894696 0.908296 1.1113 0.931282 0.879552 1.07919 1.42126 
1177 0.112724	1.39364 1.09739 1.10578 1.09182 0.945525 1.03909 0.986571 1.09107 1.12983 1.14233 
BOUNDS
LWPS R    0.0  0.0  0.0  0.0  0.0  0.0  0.0  0.0  0.0  0.0
UWPS R    0.5  0.5  0.5  0.5  0.5  0.5  0.5  0.5  0.5  0.5
LXAS R   -0.5 -0.5 -0.5 -0.5 -0.5 -0.5 -0.5 -0.5 -0.5 -0.5
UXAS R    0.5  0.5  0.5  0.5  0.5  0.5  0.5  0.5  0.5  0.5
END
