ASSETS 10
STAGES 4
COVARIANCE
681.4750100932921
56.06995852236275 10.609381732373622
93.83012359521629 -3.1679179946505993 425.7879607153636
228.8214659552194 15.901056376694667 137.24809203927524 152.2025391128986
173.89921671659678 18.482068176645868 55.94894261974832 76.87525176011482 59.13013136816233
434.62933636906484 38.24950284148283 198.66128481182417 217.57341830833292 139.4708611171264 395.7188182832158
412.9073305542967 40.315287730712 255.90209656262863 192.48364110950783 135.127934601666 361.5280123046984 428.51624301633876
33.07546304939873 -1.2129944021127723 437.6659258077451 132.76170393426386 53.02406783110374 209.01091865414972 281.4454217791985 560.8336992652988
-46.2914081848876 3.880263372446189 -25.51191358801769 -38.61346987177683 -7.544597248359298 -48.01682210372309 -7.3155158514672305 -0.2148078413193677 46.01201182256989
75.28176520412839 5.412166016037154 101.40804841433737 47.90539629437258 30.043310431028733 81.02367188902973 104.65857963139248 114.01079687646731 3.4990800809394442 39.49091565561808
INITIAL
6.3989 21.995 55.98 35.42 41.08 37.53 45.25 43.87 31.555 32.4719
GROWTH
-0.006735321703466883 -0.0005600693035760647 -0.0005233089716114517 -0.0021324580376138372 -0.0014796387925130189 -0.0028289647509988996 -0.0020546639472366164 -0.00021193445235941438 0.0026209677858346847 -0.0006678206278440036
BRANCHING
2 2 8 8
END
