NAME moment_estimations_cluster
ASSETS 10
BENCHMARKS 0.1 0.1 0.1 0.1 0.1 0.1 0.1 0.1 0.1 0.1 
COVARIANCES
0 0 0.253221
1 0 0.075862
1 1 0.028428
2 0 0.0254788
2 1 0.0119223
2 2 0.0235048
3 0 -0.0182082
3 1 0.00331431
3 2 0.0136285
3 3 0.0347843
4 0 -0.0101531
4 1 0.000467083
4 2 0.00476642
4 3 0.0179198
4 4 0.012636
5 0 -0.0468599
5 1 -0.00638854
5 2 0.0180686
5 3 0.0343834
5 4 0.0185741
5 5 0.0502946
6 0 0.0628817
6 1 0.0214203
6 2 0.0137021
6 3 0.00595136
6 4 0.00428903
6 5 0.00232229
6 6 0.0261611
7 0 -0.0497453
7 1 -0.00210716
7 2 0.0232904
7 3 0.0504404
7 4 0.0233859
7 5 0.0570041
7 6 0.0014527
7 7 0.0892951
8 0 0.0691484
8 1 0.0166167
8 2 0.00318867
8 3 -0.0150657
8 4 -0.00671258
8 5 -0.0220106
8 6 0.0171001
8 7 -0.0299881
8 8 0.0269712
9 0 -0.0101508
9 1 -0.00273982
9 2 0.00631111
9 3 0.0118235
9 4 0.00939769
9 5 0.0153809
9 6 0.00647748
9 7 0.0161902
9 8 -0.000807736
9 9 0.0176968
SCENARIOS
0 0.24775	0.562523 0.836089 0.932017 1.05783 1.04278 1.13931 0.836752 1.22171 0.83383 1.02251 
1 0.75225	1.36364 1.1029 1.02804 0.995631 1.00777 0.954724 1.08109 1.00058 1.07078 1.05425 
00 0.554107	1.62423 1.10772 1.05738 0.897583 0.913395 0.880481 1.07766 0.922396 1.17279 0.989557 
01 0.445893	0.71358 0.959138 1.00366 1.12664 1.03966 1.18501 0.952868 1.24393 0.863847 1.12157 
10 0.540844	0.686016 0.807482 0.966342 0.908182 0.949144 0.994189 0.889827 0.878887 0.919731 0.922248 
11 0.459156	1.72075 1.2045 1.11798 1.07176 1.01869 1.00998 1.16515 1.15602 1.13476 1.05214 
000 0.190705	0.596344 0.869209 1.10146 1.32433 1.1101 1.39137 0.871588 1.31337 0.768399 1.17125 
001 0.0879953	1.10553 1.17871 1.30238 1.47771 1.14793 1.2855 1.14871 1.49402 0.925586 1.06778 
002 0.0926573	1.15496 0.960693 0.763998 0.812712 0.926454 0.697506 1.00058 0.476387 1.17519 0.901642 
003 0.164627	0.581084 0.811017 0.712573 0.709497 0.85434 0.642073 0.740838 0.519546 0.961578 0.836788 
004 0.086757	3.27964 1.61078 1.29861 1.10352 1.028 0.838936 1.43882 0.88517 1.30255 0.948123 
005 0.107226	1.42552 1.22373 0.853758 0.994344 1.06812 0.855717 1.0302 0.772904 1.00798 0.843647 
006 0.132576	0.720362 0.889731 0.838134 1.03546 1.05371 1.03602 0.992954 0.816924 0.994701 1.04842 
007 0.137456	1.38417 1.08566 1.04927 0.895291 0.887809 0.82773 1.04416 0.813838 1.20368 0.896841 
010 0.136327	1.12776 1.10237 1.18479 1.40562 1.22435 1.24534 1.21399 1.56749 0.991003 0.980565 
011 0.117498	1.2776 1.16596 0.971319 1.05629 0.952349 0.873776 1.09241 0.805019 0.986472 0.785979 
012 0.15778	0.963862 0.969921 1.20773 1.10599 1.10496 1.11586 1.00313 1.01384 0.988049 0.942844 
013 0.062913	0.67459 0.831151 0.999131 1.01481 0.923718 1.02228 0.801497 1.19351 0.810401 0.792166 
014 0.0796596	1.26728 1.28179 1.50422 1.66443 1.19367 1.81156 1.15178 2.19739 0.885272 1.30029 
015 0.04852	0.46578 0.749983 0.866292 1.07402 1.1789 1.08465 0.762942 1.08233 0.784748 1.00142 
016 0.19417	0.833918 0.868732 0.804631 0.767124 0.845958 0.636914 0.756378 0.682881 0.907128 0.761736 
017 0.203132	1.8582 1.12316 0.915544 0.806538 0.876752 0.649059 1.07317 0.580747 1.27527 0.775443 
100 0.285289	0.615827 0.931725 0.95187 1.11219 1.00147 1.19681 0.877062 1.44813 0.804673 1.03052 
101 0.0614969	1.16779 1.14454 0.890686 1.25998 1.06993 1.13615 1.14742 1.12235 1.08282 1.10826 
102 0.0812093	2.87824 1.27105 0.854546 0.810833 0.811351 0.601206 1.09559 0.542277 1.48904 0.902628 
103 0.0728032	2.15526 1.31968 1.08474 1.01305 1.04247 1.00601 1.36294 1.05892 1.36869 1.16646 
104 0.114809	0.410537 0.788824 1.16099 1.13216 1.00937 1.39054 0.831925 1.54321 0.807133 1.11887 
105 0.146639	0.867504 1.02417 0.716233 0.80406 0.870933 0.743365 0.869158 0.666156 1.09534 0.948094 
106 0.0926386	1.18639 1.01436 0.898051 0.773317 1.08326 0.891473 1.06332 0.756544 1.23291 1.13559 
107 0.145115	1.13113 1.09499 1.16225 1.17698 1.05854 1.30429 1.10758 1.45977 1.08068 1.11853 
110 0.105067	0.41931 0.700507 0.738675 1.07892 1.08812 1.2083 0.787441 1.18366 0.700858 0.910422 
111 0.18425	2.56431 1.21255 1.0304 0.890187 1.04038 0.786916 1.21204 0.604058 1.38611 0.935547 
112 0.16714	1.19724 1.12227 0.972984 0.872796 0.84519 0.778924 0.97512 0.810668 1.02933 0.827557 
113 0.0991314	0.887781 0.850137 0.877615 0.666732 0.854646 0.746707 0.918026 0.469033 1.15069 0.87925 
114 0.101911	0.504584 0.947599 1.41369 1.69371 1.36676 1.9809 0.969372 2.29918 0.668066 1.035 
115 0.155704	0.544589 0.833312 1.06185 1.07173 1.02509 1.23737 0.920774 1.09505 0.819639 0.98636 
116 0.118992	0.897754 0.992391 1.10303 1.10907 1.12474 1.23001 1.18808 0.99553 1.01253 1.09932 
117 0.0678054	1.00188 0.954486 1.0928 1.12331 1.15593 1.2455 0.965946 1.33986 0.961608 0.880627 
0000 0.173797	0.451697 0.827417 0.775552 1.01572 1.06504 0.994433 0.788336 1.09081 0.904276 0.918027 
0001 0.173033	1.28382 1.20446 0.994542 1.03848 1.13134 1.10847 1.37127 0.999656 1.20169 0.896023 
0002 0.152788	0.716742 0.993502 1.21296 1.10707 1.14146 1.56567 1.09173 1.46762 0.864346 0.997911 
0003 0.0645531	2.13593 1.41343 1.20475 1.02267 1.1992 1.01745 1.39338 1.29728 1.20362 1.01509 
0004 0.117647	1.61388 1.11607 1.16622 0.72629 0.916453 0.885731 1.16918 0.612381 1.30368 0.996079 
0005 0.0847976	0.760762 1.34797 1.36236 1.51888 1.33039 1.73003 1.39164 2.21953 0.798302 0.97448 
0006 0.0699007	0.300058 0.658358 0.664505 0.702593 0.874116 0.760999 0.767695 0.513009 0.922591 0.802785 
0007 0.163484	0.964996 1.04218 0.924398 0.799756 0.937599 0.848608 0.986717 0.75587 1.0345 0.837968 
0010 0.327815	1.25194 1.02586 0.912899 0.942727 0.9489 0.951049 1.09816 1.05167 0.949737 0.929508 
0011 0.0844371	1.21407 0.974993 1.09196 1.19649 1.04801 1.26709 1.03044 1.40382 0.910096 0.962614 
0012 0.111755	1.85528 1.37879 1.36369 1.18992 1.2138 1.46447 1.54071 1.33721 1.1014 1.12537 
0013 0.0703642	1.19844 1.07526 1.13299 1.52961 1.49095 1.76361 1.30828 1.82086 0.858834 1.12186 
0014 0.0720199	1.87669 1.05563 0.890791 0.63285 0.844061 0.67052 1.05053 0.551256 1.23747 0.943716 
0015 0.126656	0.698234 0.934707 0.998457 0.808684 0.982973 1.02865 0.772304 0.784697 0.943415 0.724442 
0016 0.0769868	0.725819 1.05859 0.914105 1.19115 1.117 1.28312 0.834616 1.82479 0.707656 0.762226 
0017 0.129967	2.00153 1.12213 1.13587 0.766137 0.870612 1.06629 1.1061 0.885102 1.19996 0.820513 
0020 0.0754717	0.699572 0.909945 1.13299 1.19525 1.09502 1.24992 1.10016 1.44137 0.87184 1.18244 
0021 0.308962	0.913265 1.00846 0.827133 0.763985 0.922091 0.723558 0.879973 0.830101 1.0854 0.899573 
0022 0.0762579	1.39713 1.04156 1.26233 0.747064 0.817436 1.10486 1.1539 0.985708 1.3355 1.12276 
0023 0.0888365	1.55211 1.25151 1.28844 1.06056 0.967876 1.14058 1.30995 1.19914 1.07195 1.04651 
0024 0.077044	2.60898 1.24817 1.16535 0.66161 0.737647 0.792198 1.40274 0.842493 1.45979 0.922717 
0025 0.214623	0.438561 0.710227 0.96565 1.18438 1.06621 1.07494 0.810445 1.16998 0.830066 1.13493 
0026 0.0825472	1.03236 1.06189 1.16409 1.15828 1.11831 1.06241 1.08695 1.37757 0.99253 1.01118 
0027 0.0762579	0.529499 0.850451 1.29099 1.11048 1.06423 1.35243 0.934676 1.76577 0.791412 1.00457 
0030 0.0606195	3.7838 1.41569 1.07934 0.649541 0.842637 0.773123 1.31415 0.415216 1.42085 0.807795 
0031 0.108407	2.21045 1.2742 1.25968 1.09802 1.00216 1.09672 1.22364 1.28378 1.05036 1.11458 
0032 0.162389	0.587651 0.867904 1.17188 1.16785 0.910702 1.2726 0.962106 1.31021 0.906708 0.931573 
0033 0.157522	0.398461 0.684603 0.932103 1.24431 1.04179 1.46332 0.798577 1.53202 0.719177 0.870913 
0034 0.0530973	0.504745 0.770903 0.683525 0.850147 0.956253 0.788587 0.874614 0.792851 0.914166 0.915856 
0035 0.156637	1.02983 1.05746 1.06571 1.28333 1.12904 1.32276 1.06465 1.46168 0.853835 1.00887 
0036 0.121681	1.58167 1.01016 1.23159 1.07809 0.980352 0.962015 1.25399 0.88783 1.31355 1.02767 
0037 0.179646	1.31237 1.13382 0.878349 0.79172 0.846549 0.797082 0.915214 0.686994 1.02013 0.78974 
0040 0.0965575	2.02145 1.38958 1.01027 0.927448 1.02793 0.892377 1.376 0.888499 1.29359 1.20258 
0041 0.0906801	0.748736 0.961548 1.14232 1.40292 1.29612 1.84034 1.21176 2.25585 0.814465 1.35942 
0042 0.0965575	1.32634 1.10342 0.735595 0.704582 0.924147 0.544481 0.934054 0.431781 1.15121 0.932677 
0043 0.147775	0.434194 0.733005 0.89677 1.3635 1.3647 1.69723 0.869127 1.90458 0.747926 1.35098 
0044 0.183039	0.777064 0.827028 0.711911 1.01935 1.08175 1.05569 0.949372 0.913346 1.05688 1.14998 
0045 0.149454	1.13236 1.08282 1.11339 0.937665 0.961523 1.06787 1.1006 0.959537 1.04052 0.914947 
0046 0.0579345	3.33593 1.62527 0.89678 0.805741 0.850033 0.734689 1.09835 0.794622 1.14448 0.944874 
0047 0.178002	0.641791 0.859095 0.893146 1.05983 1.10284 1.21358 0.840202 1.10134 0.81695 1.15522 
0050 0.194973	1.02317 1.0033 1.24142 1.10023 1.07102 1.17879 1.14319 1.33477 0.944839 1.21588 
0051 0.101902	3.07091 1.26599 0.974097 0.73403 0.795347 0.741349 1.37169 0.594459 1.41168 0.783599 
0052 0.161685	0.578081 0.842126 0.894916 0.90038 0.86022 1.03346 0.835769 1.01011 0.839283 0.906395 
0053 0.117527	1.46031 0.924279 0.954219 0.764083 0.805988 0.563934 0.919575 0.732317 1.10104 0.838826 
0054 0.09375	0.599472 0.7703 1.10386 1.13191 0.999162 1.19466 0.79312 1.41573 0.780665 0.923747 
0055 0.11481	0.726516 0.923402 0.961687 1.17123 1.02534 0.883415 0.987685 1.26708 0.892582 1.10088 
0056 0.15625	1.83289 1.06467 1.41656 0.930068 0.904808 1.05479 1.28872 0.830291 1.12773 1.0315 
0057 0.0591033	0.60181 0.912139 1.36949 1.25822 1.03447 1.6325 1.05097 1.829 0.750726 1.14412 
0060 0.0807692	0.338369 0.702377 0.888823 1.19505 1.04994 1.0051 0.687257 1.41229 0.700098 0.90331 
0061 0.0648352	0.634539 0.769231 1.21253 0.968836 0.953646 0.841943 0.848258 0.916509 0.940575 1.08639 
0062 0.238462	1.67771 1.09039 1.20661 0.98841 1.10723 1.08918 1.22049 1.16106 1.04245 1.07866 
0063 0.0516484	2.1195 1.44843 1.19572 1.29251 1.13999 1.33624 1.6083 1.47187 1.06983 1.07058 
0064 0.0912088	2.71221 1.18675 1.12731 0.871385 1.05524 0.931338 1.38254 0.629257 1.25385 1.00388 
0065 0.228022	0.997303 0.730917 0.95802 0.811684 0.941757 0.744284 0.875105 0.828862 1.02062 0.975569 
0066 0.117582	0.707121 1.03512 1.19021 1.23979 1.16817 1.36889 1.12607 1.56229 0.829422 1.33644 
0067 0.127473	0.71502 0.971735 0.927113 1.34714 1.2566 1.04013 1.02592 1.20986 0.807413 1.09221 
0070 0.145734	2.14801 1.30668 0.958186 0.696914 0.921473 0.712473 1.10635 0.576464 1.19345 0.908559 
0071 0.143614	0.905978 1.04537 0.849135 1.07877 1.07264 0.849117 0.923926 0.759395 0.958233 0.972623 
0072 0.09062	1.24688 1.11939 1.17045 0.994457 1.01061 1.15805 1.1893 1.02365 1.0794 1.04701 
0073 0.151033	0.788457 0.977992 1.11227 1.25532 1.10681 1.2338 1.01831 1.3282 0.774983 1.14335 
0074 0.120827	1.92754 1.42215 1.07124 1.1938 1.11716 1.0342 1.3072 0.785487 1.28363 1.05884 
0075 0.0805511	0.818492 1.04928 1.14588 1.28379 1.18631 1.56411 1.27249 1.26449 0.904256 1.191 
0076 0.0890302	0.86472 0.929706 1.28372 0.97683 1.03098 0.951902 0.964354 0.842132 1.02002 1.07289 
0077 0.17859	0.416366 0.793181 0.935465 1.00436 1.01841 1.10836 0.825043 0.97278 0.768644 0.933614 
0100 0.114874	0.321435 0.718809 0.893654 1.13498 1.13998 1.39635 0.749551 1.25219 0.703032 1.06494 
0101 0.0756972	0.345535 0.692842 0.881441 0.770718 0.945549 1.38799 0.884138 0.70805 0.87327 1.11508 
0102 0.0776892	1.73085 1.28615 1.26173 1.15853 1.00398 1.08858 0.978391 1.45206 0.916638 1.24985 
0103 0.260956	0.769746 0.965741 1.06008 0.908107 0.913239 1.03958 0.916322 0.887985 0.961221 1.12612 
0104 0.185923	2.2317 0.988172 1.07974 0.726031 0.831771 0.846495 0.983086 0.622237 1.26138 0.932565 
0105 0.0956175	1.43182 1.26292 1.04755 1.15785 0.935369 1.01411 1.05256 1.18582 1.07119 1.23986 
0106 0.0557769	0.666589 0.939139 1.09588 1.36768 1.11024 1.74616 0.914887 1.95677 0.559994 0.95348 
0107 0.133466	1.74478 1.22927 0.819988 0.931527 0.909171 0.837891 1.09355 0.776041 1.18357 0.843592 
0110 0.0770416	3.37416 1.35325 1.24652 0.979548 1.10934 1.25815 1.48114 0.971022 1.41453 1.21776 
0111 0.138675	2.35391 1.02681 1.0352 0.870335 0.904958 1.00477 1.08147 1.02631 1.26299 0.904213 
0112 0.114022	0.748628 0.778387 0.942451 0.979844 0.988074 0.923573 0.836621 1.23506 0.918795 0.794852 
0113 0.0523883	0.531065 0.892026 0.861969 0.873656 1.00763 1.04407 0.807948 1.1107 0.869713 1.0493 
0114 0.237288	0.63018 0.854474 1.02262 1.20007 1.22637 1.4997 0.993905 1.40701 0.916292 1.12691 
0115 0.0708783	0.329923 0.720512 0.775603 0.87506 0.966581 1.07037 0.646132 0.801298 0.785395 0.99262 
0116 0.0600924	0.831463 0.980575 1.07327 1.42376 1.50776 1.5542 0.993285 1.9758 0.83055 1.49283 
0117 0.249615	0.944216 0.68687 0.908043 0.858706 0.97351 0.926701 0.953325 0.925895 1.14038 0.942022 
0120 0.0958118	0.678714 0.76245 0.892185 0.777957 0.752499 0.950392 0.727762 0.83942 0.916093 0.921075 
0121 0.0654045	0.651238 0.847213 0.962588 0.721891 0.890243 0.970842 0.973415 0.809252 1.13651 1.33132 
0122 0.218015	0.680226 0.769308 0.856718 1.1282 1.00757 1.12023 0.895857 1.39732 0.776544 1.18442 
0123 0.141136	1.20324 1.10285 1.20031 0.970251 0.956401 1.31276 1.11843 1.3048 0.853181 1.08889 
0124 0.142857	1.98226 1.22014 1.00014 0.965489 0.891565 0.949341 1.29746 0.945588 1.31972 0.916558 
0125 0.097533	1.55888 1.1431 0.851873 0.76736 0.747408 0.719698 0.890861 0.709753 1.06658 0.700133 
0126 0.124498	1.09412 1.01431 0.860878 0.965433 0.932673 0.973816 1.00905 1.08238 0.927003 1.15547 
0127 0.114745	2.65187 1.30803 0.953238 0.934936 0.90629 1.0016 1.19499 1.10131 1.16856 0.865722 
0130 0.138129	0.543836 0.843893 0.829791 1.04891 0.981596 0.992901 0.855571 0.964279 0.973985 0.92994 
0131 0.185612	0.922537 0.913023 0.852771 0.868804 0.926613 0.817476 0.972229 0.671146 1.0848 0.899306 
0132 0.0647482	1.83545 1.19248 1.20451 0.865142 0.921485 0.778975 1.09866 0.985447 1.10758 0.749148 
0133 0.122302	1.93894 1.08351 0.697782 0.91993 1.05374 0.639837 1.05355 0.59071 1.26465 1.0179 
0134 0.0546763	0.469044 0.873206 0.655516 0.910283 0.920317 0.704958 0.706744 0.82867 0.820793 0.875617 
0135 0.136691	0.523598 0.882679 0.969897 1.04862 1.00182 1.34789 0.959193 1.38504 0.951383 1.32139 
0136 0.11223	0.434585 0.991329 1.13192 1.42314 1.21907 1.25346 0.975617 1.39634 0.747385 1.02596 
0137 0.185612	1.35605 1.25074 1.09121 1.11108 1.00879 0.873793 1.32335 1.24889 1.07915 1.05172 
0140 0.0761364	0.758951 0.695419 0.92984 0.65957 0.936085 0.737399 1.10982 0.500958 1.36579 0.861448 
0141 0.117045	0.648449 0.799073 1.06787 0.799282 0.861976 0.87811 0.892011 0.963884 0.969134 0.77491 
0142 0.196591	0.788786 0.758334 1.08579 1.10139 1.17079 1.05541 1.11168 1.15514 1.10471 0.931574 
0143 0.161364	0.402068 0.819985 1.18636 1.11591 1.1482 1.36348 1.0064 1.66979 0.70499 1.12525 
0144 0.159091	1.96917 1.1289 0.958582 0.823432 0.973134 0.655322 1.41298 0.737281 1.17694 0.798953 
0145 0.0977273	0.477047 0.702961 0.841037 0.667064 0.839726 0.699021 0.852854 0.732628 0.945057 0.695577 
0146 0.0909091	0.385501 0.615556 0.811158 0.893644 1.07377 1.09663 0.753358 1.06914 0.746248 0.763928 
0147 0.101136	0.82357 0.699601 0.790657 0.948548 1.19063 0.950924 1.0608 0.751408 1.16952 1.03018 
0150 0.128731	0.56341 0.914641 0.866169 1.24992 1.09116 1.15804 1.02093 1.03995 0.911331 1.03893 
0151 0.0970149	2.26106 1.25575 0.954636 0.850454 0.91888 0.705141 1.32346 0.687986 1.42874 1.17047 
0152 0.188433	1.17973 1.13133 1.01913 0.870202 0.895096 0.826073 1.00714 0.811909 1.28897 1.18201 
0153 0.0895522	0.924102 1.21692 1.17364 1.66676 1.21259 1.68583 0.963196 2.13566 0.839645 1.21017 
0154 0.141791	0.58675 0.922412 0.9817 1.1709 0.903356 0.807286 0.982975 1.17616 0.947554 0.925985 
0155 0.115672	1.10055 0.873618 0.990292 1.06337 0.880362 1.2124 1.07487 1.00524 1.06706 1.10554 
0156 0.0970149	1.68682 1.33468 1.11788 1.38736 1.19276 1.34672 1.32705 1.40523 1.05316 1.21156 
0157 0.141791	0.9298 0.939363 0.763236 0.702598 0.81324 0.728649 0.916222 0.695486 1.15278 0.813683 
0160 0.152448	0.68481 0.75826 1.14902 0.933101 0.945476 1.4383 0.850465 0.902381 0.885611 0.908732 
0161 0.048951	1.975 1.32823 1.17169 1.2751 1.14472 1.25003 1.24037 1.20265 1.09558 1.02828 
0162 0.132867	2.23734 1.0844 0.939593 0.742939 0.939315 0.812047 1.08041 0.724185 1.37515 0.971204 
0163 0.0993007	0.316263 0.66051 0.726873 1.15835 1.15535 1.4819 0.765865 1.43559 0.740996 1.14555 
0164 0.0787879	0.711762 0.965055 1.15464 1.43043 1.2516 1.71392 1.14156 1.57434 0.874566 1.21357 
0165 0.168765	1.00992 1.06891 1.0467 1.19585 1.215 1.26133 1.03291 1.11025 1.09808 1.10309 
0166 0.208392	0.843004 0.974157 0.907517 0.855949 0.852163 0.857234 0.763766 0.734054 1.0112 0.785487 
0167 0.11049	0.986357 0.905933 0.804085 0.783527 0.958005 0.883344 1.00308 0.787145 1.15622 1.1899 
0170 0.104724	1.75249 1.1569 1.13562 0.736343 0.958194 1.10372 1.21496 0.964518 1.04125 0.821409 
0171 0.115419	0.973361 0.919562 0.972927 0.711732 1.01888 1.02778 1.10183 0.808899 1.24222 1.308 
0172 0.0980392	0.287605 0.547612 0.888719 0.700813 0.921008 1.14429 0.739044 0.746677 0.874266 1.04317 
0173 0.115865	0.723944 0.946325 0.661529 0.713483 0.893604 0.603983 0.783435 0.664341 1.09115 0.897878 
0174 0.0958111	0.619051 0.728597 1.21945 1.34434 1.21548 1.66566 1.00504 1.70562 0.9845 1.69906 
0175 0.0766488	2.77165 1.26234 1.33529 1.1661 1.15952 1.0591 1.57514 1.02001 1.38356 1.18358 
0176 0.243316	0.5962 0.853426 0.890456 0.997879 1.1481 1.10405 0.863815 1.27775 0.82391 1.16615 
0177 0.150178	1.07574 0.909723 0.860434 0.825764 0.967641 1.0046 0.969235 0.898542 0.967228 1.02582 
1000 0.0601361	2.48299 1.70091 1.31419 1.62683 1.28232 1.3534 1.42574 1.53979 1.06015 0.940343 
1001 0.0829672	0.750299 0.902693 0.812428 1.1388 1.19219 1.15648 1.04263 0.926792 0.998204 1.23716 
1002 0.0963212	1.1565 1.17292 1.15811 1.08901 0.977769 0.99789 1.02063 0.982781 1.06851 0.948983 
1003 0.250452	1.03351 1.03803 0.807328 0.924216 1 0.686835 0.870996 0.673802 1.05534 0.969003 
1004 0.0741794	0.67622 0.946085 1.04808 1.66206 1.39064 1.88943 1.01109 2.35087 0.770012 1.21443 
1005 0.150943	0.815931 1.04683 0.891649 1.13406 1.14977 1.07102 0.808844 1.17522 0.847128 1.04797 
1006 0.119238	3.05375 1.42441 0.952598 0.839693 0.902989 0.637277 1.15669 0.693003 1.30748 0.867785 
1007 0.165762	0.683789 0.916541 1.07017 1.3559 1.2008 1.38377 1.12389 1.23665 0.907405 1.084 
1010 0.233014	0.802021 0.864964 0.899178 0.87958 1.14967 0.890324 0.915845 1.07922 0.993157 1.19973 
1011 0.0999201	0.501087 0.847331 1.16669 1.48358 1.36727 1.32856 0.893242 1.83893 0.775268 1.32816 
1012 0.0863309	1.24605 1.01892 0.84896 0.881414 0.966703 0.673308 0.857741 0.714274 0.965657 0.920176 
1013 0.119105	0.749513 0.954395 1.1277 1.396 1.53462 1.49692 1.18581 1.48219 0.959409 1.54493 
1014 0.177058	2.33985 1.21533 1.02221 0.96108 1.07894 0.694421 1.14807 1.10894 1.13241 0.983884 
1015 0.145883	0.520262 0.82186 0.840166 1.04202 1.03372 1.0632 0.751601 0.986964 0.795173 0.95923 
1016 0.0671463	1.8187 1.11418 0.902737 0.770398 0.954405 0.652099 1.00164 0.638056 1.23591 1.07669 
1017 0.0715428	1.33767 1.16094 1.07746 1.13793 1.20261 0.983434 1.25057 0.809833 1.10237 1.00921 
1020 0.146792	0.475456 0.78856 0.929436 0.91542 1.07043 1.12017 0.841863 1.11441 0.76478 0.872022 
1021 0.103814	1.33656 1.0239 1.16554 0.632718 0.85834 0.829654 1.2291 0.552502 1.27515 0.969545 
1022 0.06023	3.437 1.44962 1.10977 1.34301 1.45758 0.800518 1.3459 1.2432 1.37762 0.983291 
1023 0.210956	1.1237 1.05797 0.886358 0.780669 1.01743 0.828988 0.955196 0.917247 1.02177 0.920956 
1024 0.106538	0.57795 0.913871 0.769336 0.613996 0.899203 0.750287 0.778653 0.787105 0.932511 0.985536 
1025 0.215194	0.797793 1.0556 0.962407 1.24678 1.18721 1.13545 0.963444 1.56567 0.824182 0.926165 
1026 0.0635593	2.22106 1.51036 1.19461 0.897948 0.988729 0.918014 1.29232 1.10537 1.22737 1.132 
1027 0.0929177	1.68436 1.32342 1.26492 1.12711 1.1131 1.22881 1.3022 1.23847 0.956341 1.08512 
1030 0.0557056	1.97737 1.20553 1.24928 1.1759 1.07408 0.902829 1.16521 1.4551 1.04877 0.967511 
1031 0.151587	1.15878 1.27937 1.33222 1.19395 1.06835 1.20277 1.07501 1.17926 0.933573 0.937823 
1032 0.136394	0.532947 0.928405 1.05746 1.12029 1.07998 1.32442 0.867025 1.08496 0.710089 0.915753 
1033 0.0705604	1.2876 0.878395 0.860361 0.666696 0.852474 0.596401 0.988002 0.547465 1.33485 1.01973 
1034 0.101958	3.06551 1.38513 1.06019 0.847 0.953381 0.754048 1.22931 0.715094 1.32271 1.13482 
1035 0.216408	1.12791 1.05247 0.913335 1.02967 0.94325 0.828669 1.0021 0.746535 1.04381 0.830681 
1036 0.0844024	1.63726 1.18534 1.1355 1.06852 1.02498 0.782045 1.18083 0.754876 1.14263 0.923886 
1037 0.182984	0.739 0.878641 0.916939 0.780766 0.911973 0.887238 0.812495 0.627533 0.966563 0.939116 
1040 0.117106	3.26471 1.60837 1.05171 1.08417 1.06491 0.890625 1.15941 0.968262 1.16846 0.876527 
1041 0.134661	1.05984 1.13761 1.17925 1.6026 1.36854 1.4873 1.22849 1.42482 1.00843 1.12564 
1042 0.121815	0.982537 0.862476 0.785365 0.963711 1.10653 0.940913 1.0214 0.712057 1.21739 1.36374 
1043 0.0693642	0.544399 1.23481 1.1573 1.819 1.23011 1.72672 1.03843 2.53022 0.670015 1.24323 
1044 0.15243	1.59604 0.942563 0.695004 0.672955 0.832356 0.600542 0.876413 0.510596 1.30267 0.779877 
1045 0.137444	1.61721 1.15682 1.10714 0.949086 0.975623 0.95001 1.32798 0.705312 1.36341 1.02736 
1046 0.0548063	0.605094 1.01658 1.16329 1.21652 1.10098 1.43524 0.973388 1.62703 0.886414 1.16362 
1047 0.212374	0.758666 0.859185 0.908115 0.949339 0.979656 0.8776 0.819008 0.838403 0.933581 1.00497 
1050 0.216561	0.69992 0.768272 0.913896 0.780003 0.972672 0.797033 0.822201 0.643571 0.993889 0.971741 
1051 0.133758	1.21044 0.902135 1.09468 0.965967 1.05879 0.92365 1.17114 1.09039 1.12372 1.12992 
1052 0.12655	1.13911 0.899027 0.991384 1.09611 1.00035 0.993219 0.984352 1.35147 0.986864 0.990018 
1053 0.118672	0.470423 0.713388 0.859026 0.907451 1.13628 0.958459 0.721075 1.08316 0.752519 0.940231 
1054 0.0641971	2.44795 0.949643 1.10398 0.905054 0.88858 0.828577 1.14811 0.906434 1.159 0.769662 
1055 0.128059	0.502222 0.738918 1.08458 1.15223 1.1663 1.27039 0.885582 1.35589 0.791827 1.00715 
1056 0.0962119	2.41343 1.08702 1.09132 0.655329 0.866085 0.688684 1.12734 0.740899 1.48268 0.946256 
1057 0.115991	1.51726 1.02477 0.983999 0.735645 0.863912 0.720487 0.962537 0.581654 1.18145 0.915309 
1060 0.214646	1.77779 1.10682 1.03408 1.00844 0.897238 0.804133 1.13295 0.776432 1.27118 0.982159 
1061 0.161581	0.921278 1.08246 1.07182 1.21957 0.872084 1.07962 1.14671 1.13256 0.962007 1.06907 
1062 0.0910056	1.17346 1.1492 0.915801 0.83628 0.781347 0.640719 0.833513 0.833905 1.05412 0.674839 
1063 0.144866	1.2491 1.01452 1.10983 1.01428 0.841978 0.862384 0.91444 1.09724 0.994527 0.849884 
1064 0.0764128	1.50933 1.13912 0.916047 1.02847 0.962256 0.812966 1.10304 0.797753 1.0747 0.88483 
1065 0.0769435	0.490816 0.865548 1.03626 1.35391 0.939658 1.30087 0.838386 1.3527 0.734007 0.957081 
1066 0.0811886	0.669347 0.88173 1.23589 1.55865 1.07955 1.46912 1.01809 1.80424 0.838768 1.29129 
1067 0.153356	0.622734 0.872525 0.977287 1.0477 0.848617 1.14314 0.842572 0.904025 0.88111 1.0134 
1070 0.108909	0.878872 1.00955 1.18634 1.3785 1.10509 1.29125 1.05081 1.37963 0.927846 1.26914 
1071 0.097561	2.12894 1.31785 1.19067 1.0889 0.980748 1.06481 1.18342 1.02631 1.15676 1.05277 
1072 0.170732	2.34395 1.15936 0.910653 0.699364 0.842446 0.616063 1.04261 0.474626 1.23607 0.921976 
1073 0.209011	0.938185 1.11556 1.01695 1.13315 0.925889 1.0508 1.00296 1.01449 0.865019 0.939628 
1074 0.119411	0.862915 0.949965 0.897855 0.715991 0.781723 0.68316 0.848811 0.563115 1.02234 0.873286 
1075 0.0816396	0.492946 0.807694 0.970713 1.17835 1.22958 1.09918 0.874169 1.257 0.798522 1.12242 
1076 0.11128	1.41891 1.19842 1.43694 1.38955 1.14786 1.23391 1.27711 1.57574 0.921119 1.12058 
1077 0.101457	0.832649 0.908259 0.913873 0.789678 0.964411 0.901057 1.01488 0.753162 1.0508 1.07444 
1100 0.134197	2.45717 1.37245 1.01931 0.935053 0.880086 0.682322 1.0977 0.960458 1.28434 0.900581 
1101 0.22706	1.08893 1.22244 1.31985 1.3045 1.14018 1.37563 1.01333 1.35918 0.971978 1.05845 
1102 0.0471204	0.825611 1.0548 0.763475 0.670359 0.75162 0.562285 0.882309 0.489072 1.22 0.867485 
1103 0.163957	1.14371 0.896275 1.00643 0.892146 0.952854 0.845255 1.07281 0.706581 1.14611 0.9453 
1104 0.0496004	1.78051 1.10153 0.974896 0.702505 0.844631 0.66322 1.1269 0.542553 1.52335 0.877577 
1105 0.105814	0.351396 0.815984 1.14413 1.35025 1.17873 1.65536 0.872163 1.79299 0.710412 1.06097 
1106 0.129788	0.841184 0.930299 1.00822 1.16215 1.01144 0.992691 1.01629 1.1372 0.895398 1.00407 
1107 0.142463	0.597625 0.859405 0.869826 0.926878 0.840825 0.829262 0.797448 0.785454 0.953755 0.846996 
1110 0.0876807	0.558396 0.923658 1.14681 1.19488 0.966006 1.41709 0.926189 1.86002 0.750674 0.974038 
1111 0.0650534	3.45506 1.36165 1.26724 0.865096 0.803474 0.806189 1.34574 0.997523 1.29962 0.933228 
1112 0.230201	0.757065 0.888463 0.95623 0.86948 0.800297 0.917806 0.947813 0.695887 1.0161 0.849063 
1113 0.130421	1.00712 1.03781 1.024 0.762022 0.846446 0.980294 1.05845 0.826236 1.05663 0.933242 
1114 0.0513828	0.941052 1.08957 1.28174 1.37701 1.02308 1.49226 1.18754 2.17888 0.766231 1.06823 
1115 0.153834	1.32583 1.09185 1.10685 0.847974 0.73109 0.916801 1.16153 0.916425 1.0581 0.718975 
1116 0.142049	0.413153 0.72695 0.80798 0.839235 0.818025 0.926792 0.738317 0.849466 0.848681 1.00018 
1117 0.139378	1.94312 1.29093 1.0234 0.828763 0.996609 0.890247 1.26167 0.970024 1.2111 0.89518 
1120 0.163693	0.565157 0.837761 1.07074 1.10819 1.2532 1.3843 0.852719 1.15707 0.798854 1.03983 
1121 0.109302	1.04979 0.968432 0.873938 0.909115 0.975452 0.9018 0.880026 0.917124 0.972529 1.02013 
1122 0.166984	0.542695 0.782826 0.688648 0.900322 1.10489 1.02049 0.738233 0.775273 0.80828 0.947526 
1123 0.135458	1.37917 0.925575 0.844436 0.787721 1.11079 0.94394 1.05489 0.501127 1.24819 0.842047 
1124 0.12749	1.08538 1.05903 1.04162 1.20798 1.08595 1.19357 0.967261 1.11039 0.903598 1.03264 
1125 0.0434783	0.699307 0.932959 1.19353 1.24393 1.29951 1.47013 1.18929 1.23747 0.978747 1.35202 
1126 0.0808938	2.84583 1.35608 1.03356 1.12158 1.00878 0.657796 1.24062 0.741747 1.25475 0.759664 
1127 0.172701	1.57446 1.14791 1.04054 0.939417 1.13182 1.19513 1.16732 0.919343 1.09396 0.83412 
1130 0.280082	0.516407 0.794371 0.861112 0.847154 0.887295 1.04884 0.872214 1.00536 0.916359 0.909883 
1131 0.0899533	0.910361 1.16808 1.09661 1.4864 1.28838 1.3851 1.17277 1.45034 0.939277 1.39271 
1132 0.078271	1.20909 1.04675 1.19925 1.03048 1.05503 1.12033 1.19073 1.31898 1.08676 1.19796 
1133 0.131425	1.36379 1.044 0.916821 0.780505 0.825548 0.770659 0.845238 0.689426 1.20738 0.979701 
1134 0.174065	0.971042 0.894848 1.08644 0.899303 0.836415 1.03058 0.901299 0.87828 0.976736 0.900213 
1135 0.0870327	1.71637 1.03641 0.930813 0.973921 1.02263 0.882891 1.21529 0.927605 1.23904 1.05747 
1136 0.102804	2.53383 1.15602 1.1476 1.01985 0.974355 1.08616 1.23699 1.21735 1.24612 0.966342 
1137 0.0563668	0.378982 0.752416 1.17126 1.30867 0.971672 1.53231 0.744249 1.99318 0.697279 1.03458 
1140 0.0582386	1.03714 1.02679 1.47725 1.37577 1.03276 1.36534 1.12861 1.70097 1.03884 1.27127 
1141 0.192614	1.24595 0.955447 0.772275 0.753045 0.93281 0.759578 0.930404 0.751273 1.13711 1.01906 
1142 0.15767	0.613644 0.736792 0.775378 1.01866 0.944067 1.01878 0.756662 1.04638 0.880333 0.989957 
1143 0.227273	0.828297 0.851131 1.14455 0.976398 0.832063 1.15242 0.966153 0.87551 1.06215 1.11998 
1144 0.0713068	0.857295 0.900026 0.932022 1.20421 1.00386 1.26795 1.19776 1.45782 0.920643 1.20031 
1145 0.0838068	3.70046 1.45399 1.39919 0.898692 0.86752 0.926124 1.36553 0.905576 1.5461 1.15129 
1146 0.0769886	0.199384 0.705449 0.853267 1.39273 1.28014 1.62826 0.797495 1.82897 0.558017 1.1783 
1147 0.132102	1.89258 1.08376 1.02086 0.870576 1.01691 0.960305 1.38773 0.936644 1.34067 1.12006 
1150 0.0758646	0.91351 0.829251 0.8495 0.965419 0.962989 0.915521 1.0533 0.859028 1.16577 1.07902 
1151 0.147267	0.94463 1.06734 0.994829 1.13154 1.38105 1.03366 1.10816 1.1309 1.0433 1.07621 
1152 0.0966902	1.57605 1.19583 0.878254 0.788608 0.912782 0.748263 1.04707 0.566545 1.34735 0.963091 
1153 0.182596	0.688194 0.85807 0.971987 1.40949 1.16959 1.60137 0.890742 1.6094 0.795548 1.01028 
1154 0.0978059	1.03595 1.08783 1.16392 1.02297 0.899044 1.04351 0.942289 1.18422 0.97165 0.88623 
1155 0.14987	0.498386 0.767158 0.815032 0.933242 0.914134 0.827086 0.82535 0.90837 0.892454 0.923306 
1156 0.074749	1.06035 0.869631 0.606098 0.837159 0.993067 0.670206 1.03025 0.591371 1.13054 0.974681 
1157 0.175158	2.25985 1.26825 1.07582 1.04652 0.924083 0.94535 1.16922 0.891698 1.25309 0.806353 
1160 0.121411	0.466569 0.804041 0.853256 1.12624 0.971001 1.01321 0.793761 1.12173 0.829319 0.960193 
1161 0.0671533	2.08994 1.25711 1.21084 1.07727 1.19793 1.20735 1.3843 1.22759 1.34528 1.13598 
1162 0.0992701	3.00693 1.1565 1.23707 1.10427 0.99584 0.771483 1.31506 0.922536 1.27062 0.769312 
1163 0.180292	0.736734 0.89799 1.19806 1.39958 1.14986 1.53307 0.966589 1.70327 0.845607 1.02819 
1164 0.281752	0.980814 0.928043 0.934667 1.06023 1.03531 1.13742 0.961358 0.977303 1.01523 0.908621 
1165 0.0841849	1.87018 1.00628 0.914125 0.965083 1.15293 0.963828 1.05243 0.838438 1.15858 0.996954 
1166 0.0907543	1.17382 1.08086 0.973878 1.00741 0.988137 1.03223 1.13065 0.946704 1.09981 0.984552 
1167 0.0751825	1.32185 1.01299 1.04599 0.88902 0.889026 0.881376 1.29028 0.701868 1.339 1.09937 
1170 0.0777114	1.49594 1.14741 1.02036 0.950639 0.998842 0.779002 1.16194 0.817192 1.1909 1.06421 
1171 0.153288	0.498836 0.912897 0.915679 1.2155 0.964227 1.12428 0.885717 1.33766 0.738339 1.01253 
1172 0.241674	0.901237 1.05385 1.17446 1.2735 0.985364 1.2769 1.07715 1.26468 0.904602 0.883944 
1173 0.116567	2.54273 1.49774 1.15747 1.48571 1.08256 0.829782 1.40113 1.05869 1.23585 1.1679 
1174 0.130658	1.00483 0.97244 0.862539 0.794257 0.852717 0.860593 1.03006 0.600442 1.17948 1.05614 
1175 0.0849701	1.27963 1.19285 1.04301 0.893928 0.842286 0.678371 0.880111 0.786355 0.957986 1.04061 
1176 0.0918019	1.78003 1.40546 1.12521 1.01877 0.974868 0.968517 1.21377 1.26951 0.919905 1.08827 
1177 0.10333	0.560123 0.796156 0.874156 0.961415 0.768164 0.742758 0.799537 0.855117 0.882911 1.17042 
BOUNDS
LWPS R    0.0  0.0  0.0  0.0  0.0  0.0  0.0  0.0  0.0  0.0
UWPS R    0.5  0.5  0.5  0.5  0.5  0.5  0.5  0.5  0.5  0.5
LXAS R   -0.5 -0.5 -0.5 -0.5 -0.5 -0.5 -0.5 -0.5 -0.5 -0.5
UXAS R    0.5  0.5  0.5  0.5  0.5  0.5  0.5  0.5  0.5  0.5
END
