ASSETS 10
STAGES 4
COVARIANCE
180.14251741267938
47.673669134832544 17.702462397565053
22.215087516280715 14.1875285456459 103.77968310992266
-17.55652246301585 3.6761122708976646 38.308018272445054 40.54037651873041
-21.769785696314568 -0.773055015740999 18.208829725078854 27.8019002530716 24.944245822065604
-53.23639439179829 -5.995903254672207 54.72342566946738 45.03964026600652 31.692609005912647 69.69944197783354
75.4530600730963 25.924169041371954 43.936542706569305 17.681775383976614 9.28988461152948 7.36936576531636 83.36214744978439
-35.8098825378226 1.9782522032667738 67.36876884575855 57.94448564297094 37.37626866754159 73.24850439934652 18.22367205670066 96.07771471845001
123.97402328262524 21.271946748244428 -20.984024025258087 -51.919457588194234 -37.38368271001419 -86.29086056137047 39.203299484727935 -87.79290459505535 186.93113046976853
-17.84368598362083 -4.037143641509638 21.121543971025314 16.30574867036668 15.152676604183284 24.127301208073032 12.13881560390456 25.015068572683568 -11.51788450280845 21.730073919022125
INITIAL
39.8 27.99 62.58 34.11 39.85 37.5 84.18 34.68 64.46 27.49
GROWTH
0.007556029952708526 0.0011249079140982741 -0.0011781605190777007 -0.0020637539427246165 -0.0013254367286116983 -0.0030344076567367347 0.0005320341971895863 -0.00337615428323244 0.0026394209664127896 -0.0012985574896207854
BRANCHING
2 2 8 8
END
