ASSETS 10
STAGES 4
COVARIANCE
651.8250691686491
55.40930574868681 10.562274146341393
83.91148123952901 -3.0423191712550794 439.52829762187014
207.08971897339507 15.041517980544171 123.25531631484878 143.0983450485728
172.00915400033887 18.20096021241566 49.35057368104636 77.94876324758445 60.88735691895064
403.8504385082584 37.13178767544405 180.96543070005714 202.7203745310465 140.24124096204469 372.54393958910896
400.4534698448344 39.48039842026914 245.56295254468313 185.02530193955187 135.69110611764657 350.2533216397739 422.6049314811805
31.327231916495567 -1.0371933207983877 455.5002754050243 121.01220308056888 45.80757214823766 195.32195336577342 272.1680375432648 580.9488082865986
-20.583682598651244 4.314845474035168 -19.616602914070274 -24.11091041418176 -5.934311060757964 -26.583550348624 2.32120624580108 0.3663936298308333 28.3036175826264
75.43069447382292 5.205594837311909 95.74032123730017 51.503403423266164 32.13348496813583 85.03841177580532 106.27246043640669 106.6964911460746 2.553766305104235 42.23827433340167
INITIAL
15.4752 25.685 67.52 43.47 42.36 50.48 60.36 68.29 30.635 32.9827
GROWTH
-0.00593733792051075 -0.000532344885847811 -0.00022365835524164475 -0.001993289661289312 -0.001593660710917454 -0.0026356569616480916 -0.002074435908788191 8.20829848846494e-05 0.0017349846450430185 -0.0008991269772167681
BRANCHING
2 2 8 8
END
